'20230316',4100,74000,4,'',1,8000,4,'',1,3500,4,'',1,7000,4,'',1,3000,4,'',1,7000,4,'',1,3000,4,'',1,7000,4,'',1,2500,4,'',1,6500,4,'',1,3000,4,'',1,7000,4,'',1,3000,4,'',1,7500,4,'',1,2500,4,'',1,7500,4,'',1,3000,4,'',1,7000,4,'',1,3000,4,'',1,8000,4,'',1,7500,4,'',1,3500,4,'',1,7000,4,'',1,3000,4,'',1,6500,4,'',1,3000,4,'',1,6500,4,'',1,2000,4,'',1,2500,4,'',1,7000,4,'',1,9500,4,'',1,9500,4,'',1,9500,4,'',1
'20230316',4101,50000,,'',1,2500,,'',1,2500,,'',1,7500,,'',1,2500,,'',1,7000,,'',1,3000,,'',1,7500,,'',1,7500,,'',1,3500,,'',1,7000,,'',1,3000,,'',1,7000,,'',1,3000,,'',1,7000,,'',1,2500,,'',1,7000,,'',1,2500,,'',1,2500,,'',1,7500,,'',1,3000,,'',1,7000,,'',1,7500,,'',1,3000,,'',1,7000,,'',1,3500,,'',1,7500,,'',1,10000,,'',1,10000,,'',1,10000,,'',1,10000,,'',1
'20230317',4100,74000,4,'',1,8000,4,'',1,3500,4,'',1,7000,4,'',1,3000,4,'',1,7000,4,'',1,3000,4,'',1,7000,4,'',1,2500,4,'',1,6500,4,'',1,3000,4,'',1,7000,4,'',1,3000,4,'',1,7500,4,'',1,2500,4,'',1,7500,4,'',1,3000,4,'',1,7000,4,'',1,3000,4,'',1,8000,4,'',1,7500,4,'',1,3500,4,'',1,7000,4,'',1,3000,4,'',1,6500,4,'',1,3000,4,'',1,6500,4,'',1,2000,4,'',1,2500,4,'',1,7000,4,'',1,9500,4,'',1,9500,4,'',1,9500,4,'',1
'20230317',4101,50000,,'',1,2500,,'',1,2500,,'',1,7500,,'',1,2500,,'',1,7000,,'',1,3000,,'',1,7500,,'',1,7500,,'',1,3500,,'',1,7000,,'',1,3000,,'',1,7000,,'',1,3000,,'',1,7000,,'',1,2500,,'',1,7000,,'',1,2500,,'',1,2500,,'',1,7500,,'',1,3000,,'',1,7000,,'',1,7500,,'',1,3000,,'',1,7000,,'',1,3500,,'',1,7500,,'',1,10000,,'',1,10000,,'',1,10000,,'',1,10000,,'',1
'20230320',4100,74000,4,'',1,8000,4,'',1,3500,4,'',1,7000,4,'',1,3000,4,'',1,7000,4,'',1,3000,4,'',1,7000,4,'',1,2500,4,'',1,6500,4,'',1,3000,4,'',1,7000,4,'',1,3000,4,'',1,7500,4,'',1,2500,4,'',1,7500,4,'',1,3000,4,'',1,7000,4,'',1,3000,4,'',1,8000,4,'',1,7500,4,'',1,3500,4,'',1,7000,4,'',1,3000,4,'',1,6500,4,'',1,3000,4,'',1,6500,4,'',1,2000,4,'',1,2500,4,'',1,7000,4,'',1,9500,4,'',1,9500,4,'',1,9500,4,'',1
'20230320',4101,50000,,'',1,2500,,'',1,2500,,'',1,7500,,'',1,2500,,'',1,7000,,'',1,3000,,'',1,7500,,'',1,7500,,'',1,3500,,'',1,7000,,'',1,3000,,'',1,7000,,'',1,3000,,'',1,7000,,'',1,2500,,'',1,7000,,'',1,2500,,'',1,2500,,'',1,7500,,'',1,3000,,'',1,7000,,'',1,7500,,'',1,3000,,'',1,7000,,'',1,3500,,'',1,7500,,'',1,10000,,'',1,10000,,'',1,10000,,'',1,10000,,'',1
'20230321',4100,74000,4,'',1,8000,4,'',1,3500,4,'',1,7000,4,'',1,3000,4,'',1,7000,4,'',1,3000,4,'',1,7000,4,'',1,2500,4,'',1,6500,4,'',1,3000,4,'',1,7000,4,'',1,3000,4,'',1,7500,4,'',1,2500,4,'',1,7500,4,'',1,3000,4,'',1,7000,4,'',1,3000,4,'',1,8000,4,'',1,7500,4,'',1,3500,4,'',1,7000,4,'',1,3000,4,'',1,6500,4,'',1,3000,4,'',1,6500,4,'',1,2000,4,'',1,2500,4,'',1,7000,4,'',1,9500,4,'',1,9500,4,'',1,9500,4,'',1
'20230321',4101,50000,,'',1,2500,,'',1,2500,,'',1,7500,,'',1,2500,,'',1,7000,,'',1,3000,,'',1,7500,,'',1,7500,,'',1,3500,,'',1,7000,,'',1,3000,,'',1,7000,,'',1,3000,,'',1,7000,,'',1,2500,,'',1,7000,,'',1,2500,,'',1,2500,,'',1,7500,,'',1,3000,,'',1,7000,,'',1,7500,,'',1,3000,,'',1,7000,,'',1,3500,,'',1,7500,,'',1,10000,,'',1,10000,,'',1,10000,,'',1,10000,,'',1
'20230322',4100,74000,4,'',1,8000,4,'',1,3500,4,'',1,7000,4,'',1,3000,4,'',1,7000,4,'',1,3000,4,'',1,7000,4,'',1,2500,4,'',1,6500,4,'',1,3000,4,'',1,7000,4,'',1,3000,4,'',1,7500,4,'',1,2500,4,'',1,7500,4,'',1,3000,4,'',1,7000,4,'',1,3000,4,'',1,8000,4,'',1,7500,4,'',1,3500,4,'',1,7000,4,'',1,3000,4,'',1,6500,4,'',1,3000,4,'',1,6500,4,'',1,2000,4,'',1,2500,4,'',1,7000,4,'',1,9500,4,'',1,9500,4,'',1,9500,4,'',1
'20230322',4101,50000,,'',1,2500,,'',1,2500,,'',1,7500,,'',1,2500,,'',1,7000,,'',1,3000,,'',1,7500,,'',1,7500,,'',1,3500,,'',1,7000,,'',1,3000,,'',1,7000,,'',1,3000,,'',1,7000,,'',1,2500,,'',1,7000,,'',1,2500,,'',1,2500,,'',1,7500,,'',1,3000,,'',1,7000,,'',1,7500,,'',1,3000,,'',1,7000,,'',1,3500,,'',1,7500,,'',1,10000,,'',1,10000,,'',1,10000,,'',1,10000,,'',1
'20230323',4100,74000,4,'',1,8000,4,'',1,3500,4,'',1,7000,4,'',1,3000,4,'',1,7000,4,'',1,3000,4,'',1,7000,4,'',1,2500,4,'',1,6500,4,'',1,3000,4,'',1,7000,4,'',1,3000,4,'',1,7500,4,'',1,2500,4,'',1,7500,4,'',1,3000,4,'',1,7000,4,'',1,3000,4,'',1,8000,4,'',1,7500,4,'',1,3500,4,'',1,7000,4,'',1,3000,4,'',1,6500,4,'',1,3000,4,'',1,6500,4,'',1,2000,4,'',1,2500,4,'',1,7000,4,'',1,9500,4,'',1,9500,4,'',1,9500,4,'',1
'20230323',4101,50000,,'',1,2500,,'',1,2500,,'',1,7500,,'',1,2500,,'',1,7000,,'',1,3000,,'',1,7500,,'',1,7500,,'',1,3500,,'',1,7000,,'',1,3000,,'',1,7000,,'',1,3000,,'',1,7000,,'',1,2500,,'',1,7000,,'',1,2500,,'',1,2500,,'',1,7500,,'',1,3000,,'',1,7000,,'',1,7500,,'',1,3000,,'',1,7000,,'',1,3500,,'',1,7500,,'',1,10000,,'',1,10000,,'',1,10000,,'',1,10000,,'',1
'20230324',4100,74000,4,'',1,8000,4,'',1,3500,4,'',1,7000,4,'',1,3000,4,'',1,7000,4,'',1,3000,4,'',1,7000,4,'',1,2500,4,'',1,6500,4,'',1,3000,4,'',1,7000,4,'',1,3000,4,'',1,7500,4,'',1,2500,4,'',1,7500,4,'',1,3000,4,'',1,7000,4,'',1,3000,4,'',1,8000,4,'',1,7500,4,'',1,3500,4,'',1,7000,4,'',1,3000,4,'',1,6500,4,'',1,3000,4,'',1,6500,4,'',1,2000,4,'',1,2500,4,'',1,7000,4,'',1,9500,4,'',1,9500,4,'',1,9500,4,'',1
'20230324',4101,50000,,'',1,2500,,'',1,2500,,'',1,7500,,'',1,2500,,'',1,7000,,'',1,3000,,'',1,7500,,'',1,7500,,'',1,3500,,'',1,7000,,'',1,3000,,'',1,7000,,'',1,3000,,'',1,7000,,'',1,2500,,'',1,7000,,'',1,2500,,'',1,2500,,'',1,7500,,'',1,3000,,'',1,7000,,'',1,7500,,'',1,3000,,'',1,7000,,'',1,3500,,'',1,7500,,'',1,10000,,'',1,10000,,'',1,10000,,'',1,10000,,'',1
'20230327',4100,74000,4,'',1,8000,4,'',1,3500,4,'',1,7000,4,'',1,3000,4,'',1,7000,4,'',1,3000,4,'',1,7000,4,'',1,2500,4,'',1,6500,4,'',1,3000,4,'',1,7000,4,'',1,3000,4,'',1,7500,4,'',1,2500,4,'',1,7500,4,'',1,3000,4,'',1,7000,4,'',1,3000,4,'',1,8000,4,'',1,7500,4,'',1,3500,4,'',1,7000,4,'',1,3000,4,'',1,6500,4,'',1,3000,4,'',1,6500,4,'',1,2000,4,'',1,2500,4,'',1,7000,4,'',1,9500,4,'',1,9500,4,'',1,9500,4,'',1
'20230327',4101,50000,,'',1,2500,,'',1,2500,,'',1,7500,,'',1,2500,,'',1,7000,,'',1,3000,,'',1,7500,,'',1,7500,,'',1,3500,,'',1,7000,,'',1,3000,,'',1,7000,,'',1,3000,,'',1,7000,,'',1,2500,,'',1,7000,,'',1,2500,,'',1,2500,,'',1,7500,,'',1,3000,,'',1,7000,,'',1,7500,,'',1,3000,,'',1,7000,,'',1,3500,,'',1,7500,,'',1,10000,,'',1,10000,,'',1,10000,,'',1,10000,,'',1
'20230328',4100,74000,4,'',1,8000,4,'',1,3500,4,'',1,7000,4,'',1,3000,4,'',1,7000,4,'',1,3000,4,'',1,7000,4,'',1,2500,4,'',1,6500,4,'',1,3000,4,'',1,7000,4,'',1,3000,4,'',1,7500,4,'',1,2500,4,'',1,7500,4,'',1,3000,4,'',1,7000,4,'',1,3000,4,'',1,8000,4,'',1,7500,4,'',1,3500,4,'',1,7000,4,'',1,3000,4,'',1,6500,4,'',1,3000,4,'',1,6500,4,'',1,2000,4,'',1,2500,4,'',1,7000,4,'',1,9500,4,'',1,9500,4,'',1,9500,4,'',1
'20230328',4101,50000,,'',1,2500,,'',1,2500,,'',1,7500,,'',1,2500,,'',1,7000,,'',1,3000,,'',1,7500,,'',1,7500,,'',1,3500,,'',1,7000,,'',1,3000,,'',1,7000,,'',1,3000,,'',1,7000,,'',1,2500,,'',1,7000,,'',1,2500,,'',1,2500,,'',1,7500,,'',1,3000,,'',1,7000,,'',1,7500,,'',1,3000,,'',1,7000,,'',1,3500,,'',1,7500,,'',1,10000,,'',1,10000,,'',1,10000,,'',1,10000,,'',1
'20230329',4100,74000,4,'',1,8000,4,'',1,3500,4,'',1,7000,4,'',1,3000,4,'',1,7000,4,'',1,3000,4,'',1,7000,4,'',1,2500,4,'',1,6500,4,'',1,3000,4,'',1,7000,4,'',1,3000,4,'',1,7500,4,'',1,2500,4,'',1,7500,4,'',1,3000,4,'',1,7000,4,'',1,3000,4,'',1,8000,4,'',1,7500,4,'',1,3500,4,'',1,7000,4,'',1,3000,4,'',1,6500,4,'',1,3000,4,'',1,6500,4,'',1,2000,4,'',1,2500,4,'',1,7000,4,'',1,9500,4,'',1,9500,4,'',1,9500,4,'',1
'20230329',4101,50000,,'',1,2500,,'',1,2500,,'',1,7500,,'',1,2500,,'',1,7000,,'',1,3000,,'',1,7500,,'',1,7500,,'',1,3500,,'',1,7000,,'',1,3000,,'',1,7000,,'',1,3000,,'',1,7000,,'',1,2500,,'',1,7000,,'',1,2500,,'',1,2500,,'',1,7500,,'',1,3000,,'',1,7000,,'',1,7500,,'',1,3000,,'',1,7000,,'',1,3500,,'',1,7500,,'',1,10000,,'',1,10000,,'',1,10000,,'',1,10000,,'',1
'20230330',4100,74000,4,'',1,8000,4,'',1,3500,4,'',1,7000,4,'',1,3000,4,'',1,7000,4,'',1,3000,4,'',1,7000,4,'',1,2500,4,'',1,6500,4,'',1,3000,4,'',1,7000,4,'',1,3000,4,'',1,7500,4,'',1,2500,4,'',1,7500,4,'',1,3000,4,'',1,7000,4,'',1,3000,4,'',1,8000,4,'',1,7500,4,'',1,3500,4,'',1,7000,4,'',1,3000,4,'',1,6500,4,'',1,3000,4,'',1,6500,4,'',1,2000,4,'',1,2500,4,'',1,7000,4,'',1,9500,4,'',1,9500,4,'',1,9500,4,'',1
'20230330',4101,50000,,'',1,2500,,'',1,2500,,'',1,7500,,'',1,2500,,'',1,7000,,'',1,3000,,'',1,7500,,'',1,7500,,'',1,3500,,'',1,7000,,'',1,3000,,'',1,7000,,'',1,3000,,'',1,7000,,'',1,2500,,'',1,7000,,'',1,2500,,'',1,2500,,'',1,7500,,'',1,3000,,'',1,7000,,'',1,7500,,'',1,3000,,'',1,7000,,'',1,3500,,'',1,7500,,'',1,10000,,'',1,10000,,'',1,10000,,'',1,10000,,'',1
'20230331',4100,74000,4,'',1,8000,4,'',1,3500,4,'',1,7000,4,'',1,3000,4,'',1,7000,4,'',1,3000,4,'',1,7000,4,'',1,2500,4,'',1,6500,4,'',1,3000,4,'',1,7000,4,'',1,3000,4,'',1,7500,4,'',1,2500,4,'',1,7500,4,'',1,3000,4,'',1,7000,4,'',1,3000,4,'',1,8000,4,'',1,7500,4,'',1,3500,4,'',1,7000,4,'',1,3000,4,'',1,6500,4,'',1,3000,4,'',1,6500,4,'',1,2000,4,'',1,2500,4,'',1,7000,4,'',1,9500,4,'',1,9500,4,'',1,9500,4,'',1
'20230331',4101,50000,,'',1,2500,,'',1,2500,,'',1,7500,,'',1,2500,,'',1,7000,,'',1,3000,,'',1,7500,,'',1,7500,,'',1,3500,,'',1,7000,,'',1,3000,,'',1,7000,,'',1,3000,,'',1,7000,,'',1,2500,,'',1,7000,,'',1,2500,,'',1,2500,,'',1,7500,,'',1,3000,,'',1,7000,,'',1,7500,,'',1,3000,,'',1,7000,,'',1,3500,,'',1,7500,,'',1,10000,,'',1,10000,,'',1,10000,,'',1,10000,,'',1
'20230403',4100,74000,4,'',1,8000,4,'',1,3500,4,'',1,7000,4,'',1,3000,4,'',1,7000,4,'',1,3000,4,'',1,7000,4,'',1,2500,4,'',1,6500,4,'',1,3000,4,'',1,7000,4,'',1,3000,4,'',1,7500,4,'',1,2500,4,'',1,7500,4,'',1,3000,4,'',1,7000,4,'',1,3000,4,'',1,8000,4,'',1,7500,4,'',1,3500,4,'',1,7000,4,'',1,3000,4,'',1,6500,4,'',1,3000,4,'',1,6500,4,'',1,2000,4,'',1,2500,4,'',1,7000,4,'',1,9500,4,'',1,9500,4,'',1,9500,4,'',1
'20230403',4101,50000,,'',1,2500,,'',1,2500,,'',1,7500,,'',1,2500,,'',1,7000,,'',1,3000,,'',1,7500,,'',1,7500,,'',1,3500,,'',1,7000,,'',1,3000,,'',1,7000,,'',1,3000,,'',1,7000,,'',1,2500,,'',1,7000,,'',1,2500,,'',1,2500,,'',1,7500,,'',1,3000,,'',1,7000,,'',1,7500,,'',1,3000,,'',1,7000,,'',1,3500,,'',1,7500,,'',1,10000,,'',1,10000,,'',1,10000,,'',1,10000,,'',1
'20230404',4100,74000,4,'',1,8000,4,'',1,3500,4,'',1,7000,4,'',1,3000,4,'',1,7000,4,'',1,3000,4,'',1,7000,4,'',1,2500,4,'',1,6500,4,'',1,3000,4,'',1,7000,4,'',1,3000,4,'',1,7500,4,'',1,2500,4,'',1,7500,4,'',1,3000,4,'',1,7000,4,'',1,3000,4,'',1,8000,4,'',1,7500,4,'',1,3500,4,'',1,7000,4,'',1,3000,4,'',1,6500,4,'',1,3000,4,'',1,6500,4,'',1,2000,4,'',1,2500,4,'',1,7000,4,'',1,9500,4,'',1,9500,4,'',1,9500,4,'',1
'20230404',4101,50000,,'',1,2500,,'',1,2500,,'',1,7500,,'',1,2500,,'',1,7000,,'',1,3000,,'',1,7500,,'',1,7500,,'',1,3500,,'',1,7000,,'',1,3000,,'',1,7000,,'',1,3000,,'',1,7000,,'',1,2500,,'',1,7000,,'',1,2500,,'',1,2500,,'',1,7500,,'',1,3000,,'',1,7000,,'',1,7500,,'',1,3000,,'',1,7000,,'',1,3500,,'',1,7500,,'',1,10000,,'',1,10000,,'',1,10000,,'',1,10000,,'',1
'20230405',4100,74000,4,'',1,8000,4,'',1,3500,4,'',1,7000,4,'',1,3000,4,'',1,7000,4,'',1,3000,4,'',1,7000,4,'',1,2500,4,'',1,6500,4,'',1,3000,4,'',1,7000,4,'',1,3000,4,'',1,7500,4,'',1,2500,4,'',1,7500,4,'',1,3000,4,'',1,7000,4,'',1,3000,4,'',1,8000,4,'',1,7500,4,'',1,3500,4,'',1,7000,4,'',1,3000,4,'',1,6500,4,'',1,3000,4,'',1,6500,4,'',1,2000,4,'',1,2500,4,'',1,7000,4,'',1,9500,4,'',1,9500,4,'',1,9500,4,'',1
'20230405',4101,50000,,'',1,2500,,'',1,2500,,'',1,7500,,'',1,2500,,'',1,7000,,'',1,3000,,'',1,7500,,'',1,7500,,'',1,3500,,'',1,7000,,'',1,3000,,'',1,7000,,'',1,3000,,'',1,7000,,'',1,2500,,'',1,7000,,'',1,2500,,'',1,2500,,'',1,7500,,'',1,3000,,'',1,7000,,'',1,7500,,'',1,3000,,'',1,7000,,'',1,3500,,'',1,7500,,'',1,10000,,'',1,10000,,'',1,10000,,'',1,10000,,'',1
'20230406',4100,74000,4,'',1,8000,4,'',1,3500,4,'',1,7000,4,'',1,3000,4,'',1,7000,4,'',1,3000,4,'',1,7000,4,'',1,2500,4,'',1,6500,4,'',1,3000,4,'',1,7000,4,'',1,3000,4,'',1,7500,4,'',1,2500,4,'',1,7500,4,'',1,3000,4,'',1,7000,4,'',1,3000,4,'',1,8000,4,'',1,7500,4,'',1,3500,4,'',1,7000,4,'',1,3000,4,'',1,6500,4,'',1,3000,4,'',1,6500,4,'',1,2000,4,'',1,2500,4,'',1,7000,4,'',1,9500,4,'',1,9500,4,'',1,9500,4,'',1
'20230406',4101,50000,,'',1,2500,,'',1,2500,,'',1,7500,,'',1,2500,,'',1,7000,,'',1,3000,,'',1,7500,,'',1,7500,,'',1,3500,,'',1,7000,,'',1,3000,,'',1,7000,,'',1,3000,,'',1,7000,,'',1,2500,,'',1,7000,,'',1,2500,,'',1,2500,,'',1,7500,,'',1,3000,,'',1,7000,,'',1,7500,,'',1,3000,,'',1,7000,,'',1,3500,,'',1,7500,,'',1,10000,,'',1,10000,,'',1,10000,,'',1,10000,,'',1
'20230316',9000,60200,4,'',1,199800,4,'',1,5000,4,'',1
'20230316',9001,42600,0,'B Union Sta',1
'20230317',9000,60200,4,'',1,199800,4,'',1,5000,4,'',1
'20230317',9001,42600,0,'B Union Sta',1
'20230318',9000,62000,4,'',1,198000,4,'',1,4900,4,'',1
'20230318',9001,50800,0,'B Union Sta',1
'20230319',9000,62000,4,'',1,198000,4,'',1,4900,4,'',1
'20230319',9001,50800,0,'B Union Sta',1
'20230320',9000,60200,4,'',1,199800,4,'',1,5000,4,'',1
'20230320',9001,42600,0,'B Union Sta',1
'20230321',9000,60200,4,'',1,199800,4,'',1,5000,4,'',1
'20230321',9001,42600,0,'B Union Sta',1
'20230322',9000,60200,4,'',1,199800,4,'',1,5000,4,'',1
'20230322',9001,42600,0,'B Union Sta',1
'20230323',9000,60200,4,'',1,199800,4,'',1,5000,4,'',1
'20230323',9001,42600,0,'B Union Sta',1
'20230324',9000,60200,4,'',1,199800,4,'',1,5000,4,'',1
'20230324',9001,42600,0,'B Union Sta',1
'20230325',9000,62000,4,'',1,198000,4,'',1,4900,4,'',1
'20230325',9001,50800,0,'B Union Sta',1
'20230326',9000,62000,4,'',1,198000,4,'',1,4900,4,'',1
'20230326',9001,50800,0,'B Union Sta',1
'20230327',9000,60200,4,'',1,199800,4,'',1,5000,4,'',1
'20230327',9001,42600,0,'B Union Sta',1
'20230328',9000,60200,4,'',1,199800,4,'',1,5000,4,'',1
'20230328',9001,42600,0,'B Union Sta',1
'20230329',9000,60200,4,'',1,199800,4,'',1,5000,4,'',1
'20230329',9001,42600,0,'B Union Sta',1
'20230330',9000,60200,4,'',1,199800,4,'',1,5000,4,'',1
'20230330',9001,42600,0,'B Union Sta',1
'20230331',9000,60200,4,'',1,199800,4,'',1,5000,4,'',1
'20230331',9001,42600,0,'B Union Sta',1
'20230401',9000,62000,4,'',1,198000,4,'',1,4900,4,'',1
'20230401',9001,50800,0,'B Union Sta',1
'20230402',9000,62000,4,'',1,198000,4,'',1,4900,4,'',1
'20230402',9001,50800,0,'B Union Sta',1
'20230403',9000,60200,4,'',1,199800,4,'',1,5000,4,'',1
'20230403',9001,42600,0,'B Union Sta',1
'20230404',9000,60200,4,'',1,199800,4,'',1,5000,4,'',1
'20230404',9001,42600,0,'B Union Sta',1
'20230405',9000,60200,4,'',1,199800,4,'',1,5000,4,'',1
'20230405',9001,42600,0,'B Union Sta',1
'20230406',9000,60200,4,'',1,199800,4,'',1,5000,4,'',1
'20230406',9001,42600,0,'B Union Sta',1
'20230407',9000,62000,4,'',1,198000,4,'',1,4900,4,'',1
'20230407',9001,50800,0,'B Union Sta',1
'20230316',9400,82500,4,'',1,10500,4,'',1,9500,4,'',1,10000,4,'',1,10000,4,'',1,10000,4,'',1,10000,4,'',1,10000,4,'',1,11000,4,'',1,11000,4,'',1,9500,4,'',1,9000,4,'',1,9500,4,'',1,9500,4,'',1
'20230316',9401,53000,,'',1,9000,,'',1,10000,,'',1,10000,,'',1,11500,,'',1,10000,,'',1,10000,,'',1,10000,,'',1,10000,,'',1,9000,,'',1,9000,,'',1,10000,,'',1,11000,,'',1,11000,,'',1
'20230317',9400,82500,4,'',1,10500,4,'',1,9500,4,'',1,10000,4,'',1,10000,4,'',1,10000,4,'',1,10000,4,'',1,10000,4,'',1,11000,4,'',1,11000,4,'',1,9500,4,'',1,9000,4,'',1,9500,4,'',1,9500,4,'',1
'20230317',9401,53000,,'',1,9000,,'',1,10000,,'',1,10000,,'',1,11500,,'',1,10000,,'',1,10000,,'',1,10000,,'',1,10000,,'',1,9000,,'',1,9000,,'',1,10000,,'',1,11000,,'',1,11000,,'',1
'20230320',9400,82500,4,'',1,10500,4,'',1,9500,4,'',1,10000,4,'',1,10000,4,'',1,10000,4,'',1,10000,4,'',1,10000,4,'',1,11000,4,'',1,11000,4,'',1,9500,4,'',1,9000,4,'',1,9500,4,'',1,9500,4,'',1
'20230320',9401,53000,,'',1,9000,,'',1,10000,,'',1,10000,,'',1,11500,,'',1,10000,,'',1,10000,,'',1,10000,,'',1,10000,,'',1,9000,,'',1,9000,,'',1,10000,,'',1,11000,,'',1,11000,,'',1
'20230321',9400,82500,4,'',1,10500,4,'',1,9500,4,'',1,10000,4,'',1,10000,4,'',1,10000,4,'',1,10000,4,'',1,10000,4,'',1,11000,4,'',1,11000,4,'',1,9500,4,'',1,9000,4,'',1,9500,4,'',1,9500,4,'',1
'20230321',9401,53000,,'',1,9000,,'',1,10000,,'',1,10000,,'',1,11500,,'',1,10000,,'',1,10000,,'',1,10000,,'',1,10000,,'',1,9000,,'',1,9000,,'',1,10000,,'',1,11000,,'',1,11000,,'',1
'20230322',9400,82500,4,'',1,10500,4,'',1,9500,4,'',1,10000,4,'',1,10000,4,'',1,10000,4,'',1,10000,4,'',1,10000,4,'',1,11000,4,'',1,11000,4,'',1,9500,4,'',1,9000,4,'',1,9500,4,'',1,9500,4,'',1
'20230322',9401,53000,,'',1,9000,,'',1,10000,,'',1,10000,,'',1,11500,,'',1,10000,,'',1,10000,,'',1,10000,,'',1,10000,,'',1,9000,,'',1,9000,,'',1,10000,,'',1,11000,,'',1,11000,,'',1
'20230323',9400,82500,4,'',1,10500,4,'',1,9500,4,'',1,10000,4,'',1,10000,4,'',1,10000,4,'',1,10000,4,'',1,10000,4,'',1,11000,4,'',1,11000,4,'',1,9500,4,'',1,9000,4,'',1,9500,4,'',1,9500,4,'',1
'20230323',9401,53000,,'',1,9000,,'',1,10000,,'',1,10000,,'',1,11500,,'',1,10000,,'',1,10000,,'',1,10000,,'',1,10000,,'',1,9000,,'',1,9000,,'',1,10000,,'',1,11000,,'',1,11000,,'',1
'20230324',9400,82500,4,'',1,10500,4,'',1,9500,4,'',1,10000,4,'',1,10000,4,'',1,10000,4,'',1,10000,4,'',1,10000,4,'',1,11000,4,'',1,11000,4,'',1,9500,4,'',1,9000,4,'',1,9500,4,'',1,9500,4,'',1
'20230324',9401,53000,,'',1,9000,,'',1,10000,,'',1,10000,,'',1,11500,,'',1,10000,,'',1,10000,,'',1,10000,,'',1,10000,,'',1,9000,,'',1,9000,,'',1,10000,,'',1,11000,,'',1,11000,,'',1
'20230327',9400,82500,4,'',1,10500,4,'',1,9500,4,'',1,10000,4,'',1,10000,4,'',1,10000,4,'',1,10000,4,'',1,10000,4,'',1,11000,4,'',1,11000,4,'',1,9500,4,'',1,9000,4,'',1,9500,4,'',1,9500,4,'',1
'20230327',9401,53000,,'',1,9000,,'',1,10000,,'',1,10000,,'',1,11500,,'',1,10000,,'',1,10000,,'',1,10000,,'',1,10000,,'',1,9000,,'',1,9000,,'',1,10000,,'',1,11000,,'',1,11000,,'',1
'20230328',9400,82500,4,'',1,10500,4,'',1,9500,4,'',1,10000,4,'',1,10000,4,'',1,10000,4,'',1,10000,4,'',1,10000,4,'',1,11000,4,'',1,11000,4,'',1,9500,4,'',1,9000,4,'',1,9500,4,'',1,9500,4,'',1
'20230328',9401,53000,,'',1,9000,,'',1,10000,,'',1,10000,,'',1,11500,,'',1,10000,,'',1,10000,,'',1,10000,,'',1,10000,,'',1,9000,,'',1,9000,,'',1,10000,,'',1,11000,,'',1,11000,,'',1
'20230329',9400,82500,4,'',1,10500,4,'',1,9500,4,'',1,10000,4,'',1,10000,4,'',1,10000,4,'',1,10000,4,'',1,10000,4,'',1,11000,4,'',1,11000,4,'',1,9500,4,'',1,9000,4,'',1,9500,4,'',1,9500,4,'',1
'20230329',9401,53000,,'',1,9000,,'',1,10000,,'',1,10000,,'',1,11500,,'',1,10000,,'',1,10000,,'',1,10000,,'',1,10000,,'',1,9000,,'',1,9000,,'',1,10000,,'',1,11000,,'',1,11000,,'',1
'20230330',9400,82500,4,'',1,10500,4,'',1,9500,4,'',1,10000,4,'',1,10000,4,'',1,10000,4,'',1,10000,4,'',1,10000,4,'',1,11000,4,'',1,11000,4,'',1,9500,4,'',1,9000,4,'',1,9500,4,'',1,9500,4,'',1
'20230330',9401,53000,,'',1,9000,,'',1,10000,,'',1,10000,,'',1,11500,,'',1,10000,,'',1,10000,,'',1,10000,,'',1,10000,,'',1,9000,,'',1,9000,,'',1,10000,,'',1,11000,,'',1,11000,,'',1
'20230331',9400,82500,4,'',1,10500,4,'',1,9500,4,'',1,10000,4,'',1,10000,4,'',1,10000,4,'',1,10000,4,'',1,10000,4,'',1,11000,4,'',1,11000,4,'',1,9500,4,'',1,9000,4,'',1,9500,4,'',1,9500,4,'',1
'20230331',9401,53000,,'',1,9000,,'',1,10000,,'',1,10000,,'',1,11500,,'',1,10000,,'',1,10000,,'',1,10000,,'',1,10000,,'',1,9000,,'',1,9000,,'',1,10000,,'',1,11000,,'',1,11000,,'',1
'20230403',9400,82500,4,'',1,10500,4,'',1,9500,4,'',1,10000,4,'',1,10000,4,'',1,10000,4,'',1,10000,4,'',1,10000,4,'',1,11000,4,'',1,11000,4,'',1,9500,4,'',1,9000,4,'',1,9500,4,'',1,9500,4,'',1
'20230403',9401,53000,,'',1,9000,,'',1,10000,,'',1,10000,,'',1,11500,,'',1,10000,,'',1,10000,,'',1,10000,,'',1,10000,,'',1,9000,,'',1,9000,,'',1,10000,,'',1,11000,,'',1,11000,,'',1
'20230404',9400,82500,4,'',1,10500,4,'',1,9500,4,'',1,10000,4,'',1,10000,4,'',1,10000,4,'',1,10000,4,'',1,10000,4,'',1,11000,4,'',1,11000,4,'',1,9500,4,'',1,9000,4,'',1,9500,4,'',1,9500,4,'',1
'20230404',9401,53000,,'',1,9000,,'',1,10000,,'',1,10000,,'',1,11500,,'',1,10000,,'',1,10000,,'',1,10000,,'',1,10000,,'',1,9000,,'',1,9000,,'',1,10000,,'',1,11000,,'',1,11000,,'',1
'20230405',9400,82500,4,'',1,10500,4,'',1,9500,4,'',1,10000,4,'',1,10000,4,'',1,10000,4,'',1,10000,4,'',1,10000,4,'',1,11000,4,'',1,11000,4,'',1,9500,4,'',1,9000,4,'',1,9500,4,'',1,9500,4,'',1
'20230405',9401,53000,,'',1,9000,,'',1,10000,,'',1,10000,,'',1,11500,,'',1,10000,,'',1,10000,,'',1,10000,,'',1,10000,,'',1,9000,,'',1,9000,,'',1,10000,,'',1,11000,,'',1,11000,,'',1
'20230406',9400,82500,4,'',1,10500,4,'',1,9500,4,'',1,10000,4,'',1,10000,4,'',1,10000,4,'',1,10000,4,'',1,10000,4,'',1,11000,4,'',1,11000,4,'',1,9500,4,'',1,9000,4,'',1,9500,4,'',1,9500,4,'',1
'20230406',9401,53000,,'',1,9000,,'',1,10000,,'',1,10000,,'',1,11500,,'',1,10000,,'',1,10000,,'',1,10000,,'',1,10000,,'',1,9000,,'',1,9000,,'',1,10000,,'',1,11000,,'',1,11000,,'',1
