'20230308',2501,70800,4,'',1,10000,4,'',1,3000,4,'',1,7500,4,'',1,9500,4,'',1,10000,4,'',1,10000,4,'',1,10000,4,'',1,10000,4,'',1,10300,4,'',1,10000,4,'',1,11200,4,'',1,10000,4,'',1,9800,4,'',1,9200,4,'',1,9500,4,'',1,9800,4,'',1,10000,4,'',1,9800,4,'',1,10000,4,'',1
'20230309',2501,70800,4,'',1,10000,4,'',1,3000,4,'',1,7500,4,'',1,9500,4,'',1,10000,4,'',1,10000,4,'',1,10000,4,'',1,10000,4,'',1,10300,4,'',1,10000,4,'',1,11200,4,'',1,10000,4,'',1,9800,4,'',1,9200,4,'',1,9500,4,'',1,9800,4,'',1,10000,4,'',1,9800,4,'',1,10000,4,'',1
'20230310',2501,70800,4,'',1,10000,4,'',1,3000,4,'',1,7500,4,'',1,9500,4,'',1,10000,4,'',1,10000,4,'',1,10000,4,'',1,10000,4,'',1,10300,4,'',1,10000,4,'',1,11200,4,'',1,10000,4,'',1,9800,4,'',1,9200,4,'',1,9500,4,'',1,9800,4,'',1,10000,4,'',1,9800,4,'',1,10000,4,'',1
'20230311',2501,72900,4,'',1,10200,4,'',1,10000,4,'',1,10000,4,'',1,10000,4,'',1,10200,4,'',1,10000,4,'',1,11000,4,'',1,10000,4,'',1,10000,4,'',1,10000,4,'',1,10000,4,'',1,10000,4,'',1,10000,4,'',1,10000,4,'',1,9000,4,'',1,9800,4,'',1,10000,4,'',1,9800,4,'',1
'20230312',2501,72900,4,'',1,10200,4,'',1,10000,4,'',1,10000,4,'',1,10000,4,'',1,10200,4,'',1,10000,4,'',1,11000,4,'',1,10000,4,'',1,10000,4,'',1,10000,4,'',1,10000,4,'',1,10000,4,'',1,10000,4,'',1,10000,4,'',1,9000,4,'',1,9800,4,'',1,10000,4,'',1,9800,4,'',1
'20230313',2501,70800,4,'',1,10000,4,'',1,3000,4,'',1,7500,4,'',1,9500,4,'',1,10000,4,'',1,10000,4,'',1,10000,4,'',1,10000,4,'',1,10300,4,'',1,10000,4,'',1,11200,4,'',1,10000,4,'',1,9800,4,'',1,9200,4,'',1,9500,4,'',1,9800,4,'',1,10000,4,'',1,9800,4,'',1,10000,4,'',1
'20230314',2501,70800,4,'',1,10000,4,'',1,3000,4,'',1,7500,4,'',1,9500,4,'',1,10000,4,'',1,10000,4,'',1,10000,4,'',1,10000,4,'',1,10300,4,'',1,10000,4,'',1,11200,4,'',1,10000,4,'',1,9800,4,'',1,9200,4,'',1,9500,4,'',1,9800,4,'',1,10000,4,'',1,9800,4,'',1,10000,4,'',1
'20230315',2501,70800,4,'',1,10000,4,'',1,3000,4,'',1,7500,4,'',1,9500,4,'',1,10000,4,'',1,10000,4,'',1,10000,4,'',1,10000,4,'',1,10300,4,'',1,10000,4,'',1,11200,4,'',1,10000,4,'',1,9800,4,'',1,9200,4,'',1,9500,4,'',1,9800,4,'',1,10000,4,'',1,9800,4,'',1,10000,4,'',1
'20230316',2501,70800,4,'',1,10000,4,'',1,3000,4,'',1,7500,4,'',1,9500,4,'',1,10000,4,'',1,10000,4,'',1,10000,4,'',1,10000,4,'',1,10300,4,'',1,10000,4,'',1,11200,4,'',1,10000,4,'',1,9800,4,'',1,9200,4,'',1,9500,4,'',1,9800,4,'',1,10000,4,'',1,9800,4,'',1,10000,4,'',1
'20230317',2501,70800,4,'',1,10000,4,'',1,3000,4,'',1,7500,4,'',1,9500,4,'',1,10000,4,'',1,10000,4,'',1,10000,4,'',1,10000,4,'',1,10300,4,'',1,10000,4,'',1,11200,4,'',1,10000,4,'',1,9800,4,'',1,9200,4,'',1,9500,4,'',1,9800,4,'',1,10000,4,'',1,9800,4,'',1,10000,4,'',1
'20230318',2501,72900,4,'',1,10200,4,'',1,10000,4,'',1,10000,4,'',1,10000,4,'',1,10200,4,'',1,10000,4,'',1,11000,4,'',1,10000,4,'',1,10000,4,'',1,10000,4,'',1,10000,4,'',1,10000,4,'',1,10000,4,'',1,10000,4,'',1,9000,4,'',1,9800,4,'',1,10000,4,'',1,9800,4,'',1
'20230319',2501,72900,4,'',1,10200,4,'',1,10000,4,'',1,10000,4,'',1,10000,4,'',1,10200,4,'',1,10000,4,'',1,11000,4,'',1,10000,4,'',1,10000,4,'',1,10000,4,'',1,10000,4,'',1,10000,4,'',1,10000,4,'',1,10000,4,'',1,9000,4,'',1,9800,4,'',1,10000,4,'',1,9800,4,'',1
'20230320',2501,70800,4,'',1,10000,4,'',1,3000,4,'',1,7500,4,'',1,9500,4,'',1,10000,4,'',1,10000,4,'',1,10000,4,'',1,10000,4,'',1,10300,4,'',1,10000,4,'',1,11200,4,'',1,10000,4,'',1,9800,4,'',1,9200,4,'',1,9500,4,'',1,9800,4,'',1,10000,4,'',1,9800,4,'',1,10000,4,'',1
'20230321',2501,70800,4,'',1,10000,4,'',1,3000,4,'',1,7500,4,'',1,9500,4,'',1,10000,4,'',1,10000,4,'',1,10000,4,'',1,10000,4,'',1,10300,4,'',1,10000,4,'',1,11200,4,'',1,10000,4,'',1,9800,4,'',1,9200,4,'',1,9500,4,'',1,9800,4,'',1,10000,4,'',1,9800,4,'',1,10000,4,'',1
'20230322',2501,70800,4,'',1,10000,4,'',1,3000,4,'',1,7500,4,'',1,9500,4,'',1,10000,4,'',1,10000,4,'',1,10000,4,'',1,10000,4,'',1,10300,4,'',1,10000,4,'',1,11200,4,'',1,10000,4,'',1,9800,4,'',1,9200,4,'',1,9500,4,'',1,9800,4,'',1,10000,4,'',1,9800,4,'',1,10000,4,'',1
'20230323',2501,70800,4,'',1,10000,4,'',1,3000,4,'',1,7500,4,'',1,9500,4,'',1,10000,4,'',1,10000,4,'',1,10000,4,'',1,10000,4,'',1,10300,4,'',1,10000,4,'',1,11200,4,'',1,10000,4,'',1,9800,4,'',1,9200,4,'',1,9500,4,'',1,9800,4,'',1,10000,4,'',1,9800,4,'',1,10000,4,'',1
'20230324',2501,70800,4,'',1,10000,4,'',1,3000,4,'',1,7500,4,'',1,9500,4,'',1,10000,4,'',1,10000,4,'',1,10000,4,'',1,10000,4,'',1,10300,4,'',1,10000,4,'',1,11200,4,'',1,10000,4,'',1,9800,4,'',1,9200,4,'',1,9500,4,'',1,9800,4,'',1,10000,4,'',1,9800,4,'',1,10000,4,'',1
'20230325',2501,72900,4,'',1,10200,4,'',1,10000,4,'',1,10000,4,'',1,10000,4,'',1,10200,4,'',1,10000,4,'',1,11000,4,'',1,10000,4,'',1,10000,4,'',1,10000,4,'',1,10000,4,'',1,10000,4,'',1,10000,4,'',1,10000,4,'',1,9000,4,'',1,9800,4,'',1,10000,4,'',1,9800,4,'',1
'20230326',2501,72900,4,'',1,10200,4,'',1,10000,4,'',1,10000,4,'',1,10000,4,'',1,10200,4,'',1,10000,4,'',1,11000,4,'',1,10000,4,'',1,10000,4,'',1,10000,4,'',1,10000,4,'',1,10000,4,'',1,10000,4,'',1,10000,4,'',1,9000,4,'',1,9800,4,'',1,10000,4,'',1,9800,4,'',1
'20230327',2501,70800,4,'',1,10000,4,'',1,3000,4,'',1,7500,4,'',1,9500,4,'',1,10000,4,'',1,10000,4,'',1,10000,4,'',1,10000,4,'',1,10300,4,'',1,10000,4,'',1,11200,4,'',1,10000,4,'',1,9800,4,'',1,9200,4,'',1,9500,4,'',1,9800,4,'',1,10000,4,'',1,9800,4,'',1,10000,4,'',1
'20230328',2501,70800,4,'',1,10000,4,'',1,3000,4,'',1,7500,4,'',1,9500,4,'',1,10000,4,'',1,10000,4,'',1,10000,4,'',1,10000,4,'',1,10300,4,'',1,10000,4,'',1,11200,4,'',1,10000,4,'',1,9800,4,'',1,9200,4,'',1,9500,4,'',1,9800,4,'',1,10000,4,'',1,9800,4,'',1,10000,4,'',1
'20230329',2501,70800,4,'',1,10000,4,'',1,3000,4,'',1,7500,4,'',1,9500,4,'',1,10000,4,'',1,10000,4,'',1,10000,4,'',1,10000,4,'',1,10300,4,'',1,10000,4,'',1,11200,4,'',1,10000,4,'',1,9800,4,'',1,9200,4,'',1,9500,4,'',1,9800,4,'',1,10000,4,'',1,9800,4,'',1,10000,4,'',1
'20230330',2501,70800,4,'',1,10000,4,'',1,3000,4,'',1,7500,4,'',1,9500,4,'',1,10000,4,'',1,10000,4,'',1,10000,4,'',1,10000,4,'',1,10300,4,'',1,10000,4,'',1,11200,4,'',1,10000,4,'',1,9800,4,'',1,9200,4,'',1,9500,4,'',1,9800,4,'',1,10000,4,'',1,9800,4,'',1,10000,4,'',1
'20230331',2501,70800,4,'',1,10000,4,'',1,3000,4,'',1,7500,4,'',1,9500,4,'',1,10000,4,'',1,10000,4,'',1,10000,4,'',1,10000,4,'',1,10300,4,'',1,10000,4,'',1,11200,4,'',1,10000,4,'',1,9800,4,'',1,9200,4,'',1,9500,4,'',1,9800,4,'',1,10000,4,'',1,9800,4,'',1,10000,4,'',1
'20230401',2501,72900,4,'',1,10200,4,'',1,10000,4,'',1,10000,4,'',1,10000,4,'',1,10200,4,'',1,10000,4,'',1,11000,4,'',1,10000,4,'',1,10000,4,'',1,10000,4,'',1,10000,4,'',1,10000,4,'',1,10000,4,'',1,10000,4,'',1,9000,4,'',1,9800,4,'',1,10000,4,'',1,9800,4,'',1
'20230402',2501,72900,4,'',1,10200,4,'',1,10000,4,'',1,10000,4,'',1,10000,4,'',1,10200,4,'',1,10000,4,'',1,11000,4,'',1,10000,4,'',1,10000,4,'',1,10000,4,'',1,10000,4,'',1,10000,4,'',1,10000,4,'',1,10000,4,'',1,9000,4,'',1,9800,4,'',1,10000,4,'',1,9800,4,'',1
'20230403',2501,70800,4,'',1,10000,4,'',1,3000,4,'',1,7500,4,'',1,9500,4,'',1,10000,4,'',1,10000,4,'',1,10000,4,'',1,10000,4,'',1,10300,4,'',1,10000,4,'',1,11200,4,'',1,10000,4,'',1,9800,4,'',1,9200,4,'',1,9500,4,'',1,9800,4,'',1,10000,4,'',1,9800,4,'',1,10000,4,'',1
'20230404',2501,70800,4,'',1,10000,4,'',1,3000,4,'',1,7500,4,'',1,9500,4,'',1,10000,4,'',1,10000,4,'',1,10000,4,'',1,10000,4,'',1,10300,4,'',1,10000,4,'',1,11200,4,'',1,10000,4,'',1,9800,4,'',1,9200,4,'',1,9500,4,'',1,9800,4,'',1,10000,4,'',1,9800,4,'',1,10000,4,'',1
'20230405',2501,70800,4,'',1,10000,4,'',1,3000,4,'',1,7500,4,'',1,9500,4,'',1,10000,4,'',1,10000,4,'',1,10000,4,'',1,10000,4,'',1,10300,4,'',1,10000,4,'',1,11200,4,'',1,10000,4,'',1,9800,4,'',1,9200,4,'',1,9500,4,'',1,9800,4,'',1,10000,4,'',1,9800,4,'',1,10000,4,'',1
'20230406',2501,70800,4,'',1,10000,4,'',1,3000,4,'',1,7500,4,'',1,9500,4,'',1,10000,4,'',1,10000,4,'',1,10000,4,'',1,10000,4,'',1,10300,4,'',1,10000,4,'',1,11200,4,'',1,10000,4,'',1,9800,4,'',1,9200,4,'',1,9500,4,'',1,9800,4,'',1,10000,4,'',1,9800,4,'',1,10000,4,'',1
'20230407',2501,72900,4,'',1,10200,4,'',1,10000,4,'',1,10000,4,'',1,10000,4,'',1,10200,4,'',1,10000,4,'',1,11000,4,'',1,10000,4,'',1,10000,4,'',1,10000,4,'',1,10000,4,'',1,10000,4,'',1,10000,4,'',1,10000,4,'',1,9000,4,'',1,9800,4,'',1,10000,4,'',1,9800,4,'',1
'20230308',3001,74200,,'',1,500,,'',1,7700,,'',1,500,,'',1,9500,,'',1,2600,,'',1,17100,,'',1,10200,,'',1,10000,,'',1,10000,,'',1,500,,'',1,9800,,'',1,500,,'',1,9700,,'',1,500,,'',1,10500,,'',1,1900,,'',1,7000,,'',1,10500,,'',1,8800,,'',1,10000,,'',1,10000,,'',1,10000,,'',1,9800,,'',1,9700,,'',1
'20230309',3001,74200,,'',1,500,,'',1,7700,,'',1,500,,'',1,9500,,'',1,2600,,'',1,17100,,'',1,10200,,'',1,10000,,'',1,10000,,'',1,500,,'',1,9800,,'',1,500,,'',1,9700,,'',1,500,,'',1,10500,,'',1,1900,,'',1,7000,,'',1,10500,,'',1,8800,,'',1,10000,,'',1,10000,,'',1,10000,,'',1,9800,,'',1,9700,,'',1
'20230310',3001,74200,,'',1,500,,'',1,7700,,'',1,500,,'',1,9500,,'',1,2600,,'',1,17100,,'',1,10200,,'',1,10000,,'',1,10000,,'',1,500,,'',1,9800,,'',1,500,,'',1,9700,,'',1,500,,'',1,10500,,'',1,1900,,'',1,7000,,'',1,10500,,'',1,8800,,'',1,10000,,'',1,10000,,'',1,10000,,'',1,9800,,'',1,9700,,'',1
'20230313',3001,74200,,'',1,500,,'',1,7700,,'',1,500,,'',1,9500,,'',1,2600,,'',1,17100,,'',1,10200,,'',1,10000,,'',1,10000,,'',1,500,,'',1,9800,,'',1,500,,'',1,9700,,'',1,500,,'',1,10500,,'',1,1900,,'',1,7000,,'',1,10500,,'',1,8800,,'',1,10000,,'',1,10000,,'',1,10000,,'',1,9800,,'',1,9700,,'',1
'20230314',3001,74200,,'',1,500,,'',1,7700,,'',1,500,,'',1,9500,,'',1,2600,,'',1,17100,,'',1,10200,,'',1,10000,,'',1,10000,,'',1,500,,'',1,9800,,'',1,500,,'',1,9700,,'',1,500,,'',1,10500,,'',1,1900,,'',1,7000,,'',1,10500,,'',1,8800,,'',1,10000,,'',1,10000,,'',1,10000,,'',1,9800,,'',1,9700,,'',1
'20230315',3001,74200,,'',1,500,,'',1,7700,,'',1,500,,'',1,9500,,'',1,2600,,'',1,17100,,'',1,10200,,'',1,10000,,'',1,10000,,'',1,500,,'',1,9800,,'',1,500,,'',1,9700,,'',1,500,,'',1,10500,,'',1,1900,,'',1,7000,,'',1,10500,,'',1,8800,,'',1,10000,,'',1,10000,,'',1,10000,,'',1,9800,,'',1,9700,,'',1
'20230316',3001,74200,,'',1,500,,'',1,7700,,'',1,500,,'',1,9500,,'',1,2600,,'',1,17100,,'',1,10200,,'',1,10000,,'',1,10000,,'',1,500,,'',1,9800,,'',1,500,,'',1,9700,,'',1,500,,'',1,10500,,'',1,1900,,'',1,7000,,'',1,10500,,'',1,8800,,'',1,10000,,'',1,10000,,'',1,10000,,'',1,9800,,'',1,9700,,'',1
'20230317',3001,74200,,'',1,500,,'',1,7700,,'',1,500,,'',1,9500,,'',1,2600,,'',1,17100,,'',1,10200,,'',1,10000,,'',1,10000,,'',1,500,,'',1,9800,,'',1,500,,'',1,9700,,'',1,500,,'',1,10500,,'',1,1900,,'',1,7000,,'',1,10500,,'',1,8800,,'',1,10000,,'',1,10000,,'',1,10000,,'',1,9800,,'',1,9700,,'',1
'20230320',3001,74200,,'',1,500,,'',1,7700,,'',1,500,,'',1,9500,,'',1,2600,,'',1,17100,,'',1,10200,,'',1,10000,,'',1,10000,,'',1,500,,'',1,9800,,'',1,500,,'',1,9700,,'',1,500,,'',1,10500,,'',1,1900,,'',1,7000,,'',1,10500,,'',1,8800,,'',1,10000,,'',1,10000,,'',1,10000,,'',1,9800,,'',1,9700,,'',1
'20230321',3001,74200,,'',1,500,,'',1,7700,,'',1,500,,'',1,9500,,'',1,2600,,'',1,17100,,'',1,10200,,'',1,10000,,'',1,10000,,'',1,500,,'',1,9800,,'',1,500,,'',1,9700,,'',1,500,,'',1,10500,,'',1,1900,,'',1,7000,,'',1,10500,,'',1,8800,,'',1,10000,,'',1,10000,,'',1,10000,,'',1,9800,,'',1,9700,,'',1
'20230322',3001,74200,,'',1,500,,'',1,7700,,'',1,500,,'',1,9500,,'',1,2600,,'',1,17100,,'',1,10200,,'',1,10000,,'',1,10000,,'',1,500,,'',1,9800,,'',1,500,,'',1,9700,,'',1,500,,'',1,10500,,'',1,1900,,'',1,7000,,'',1,10500,,'',1,8800,,'',1,10000,,'',1,10000,,'',1,10000,,'',1,9800,,'',1,9700,,'',1
'20230323',3001,74200,,'',1,500,,'',1,7700,,'',1,500,,'',1,9500,,'',1,2600,,'',1,17100,,'',1,10200,,'',1,10000,,'',1,10000,,'',1,500,,'',1,9800,,'',1,500,,'',1,9700,,'',1,500,,'',1,10500,,'',1,1900,,'',1,7000,,'',1,10500,,'',1,8800,,'',1,10000,,'',1,10000,,'',1,10000,,'',1,9800,,'',1,9700,,'',1
'20230324',3001,74200,,'',1,500,,'',1,7700,,'',1,500,,'',1,9500,,'',1,2600,,'',1,17100,,'',1,10200,,'',1,10000,,'',1,10000,,'',1,500,,'',1,9800,,'',1,500,,'',1,9700,,'',1,500,,'',1,10500,,'',1,1900,,'',1,7000,,'',1,10500,,'',1,8800,,'',1,10000,,'',1,10000,,'',1,10000,,'',1,9800,,'',1,9700,,'',1
'20230327',3001,74200,,'',1,500,,'',1,7700,,'',1,500,,'',1,9500,,'',1,2600,,'',1,17100,,'',1,10200,,'',1,10000,,'',1,10000,,'',1,500,,'',1,9800,,'',1,500,,'',1,9700,,'',1,500,,'',1,10500,,'',1,1900,,'',1,7000,,'',1,10500,,'',1,8800,,'',1,10000,,'',1,10000,,'',1,10000,,'',1,9800,,'',1,9700,,'',1
'20230328',3001,74200,,'',1,500,,'',1,7700,,'',1,500,,'',1,9500,,'',1,2600,,'',1,17100,,'',1,10200,,'',1,10000,,'',1,10000,,'',1,500,,'',1,9800,,'',1,500,,'',1,9700,,'',1,500,,'',1,10500,,'',1,1900,,'',1,7000,,'',1,10500,,'',1,8800,,'',1,10000,,'',1,10000,,'',1,10000,,'',1,9800,,'',1,9700,,'',1
'20230329',3001,74200,,'',1,500,,'',1,7700,,'',1,500,,'',1,9500,,'',1,2600,,'',1,17100,,'',1,10200,,'',1,10000,,'',1,10000,,'',1,500,,'',1,9800,,'',1,500,,'',1,9700,,'',1,500,,'',1,10500,,'',1,1900,,'',1,7000,,'',1,10500,,'',1,8800,,'',1,10000,,'',1,10000,,'',1,10000,,'',1,9800,,'',1,9700,,'',1
'20230330',3001,74200,,'',1,500,,'',1,7700,,'',1,500,,'',1,9500,,'',1,2600,,'',1,17100,,'',1,10200,,'',1,10000,,'',1,10000,,'',1,500,,'',1,9800,,'',1,500,,'',1,9700,,'',1,500,,'',1,10500,,'',1,1900,,'',1,7000,,'',1,10500,,'',1,8800,,'',1,10000,,'',1,10000,,'',1,10000,,'',1,9800,,'',1,9700,,'',1
'20230331',3001,74200,,'',1,500,,'',1,7700,,'',1,500,,'',1,9500,,'',1,2600,,'',1,17100,,'',1,10200,,'',1,10000,,'',1,10000,,'',1,500,,'',1,9800,,'',1,500,,'',1,9700,,'',1,500,,'',1,10500,,'',1,1900,,'',1,7000,,'',1,10500,,'',1,8800,,'',1,10000,,'',1,10000,,'',1,10000,,'',1,9800,,'',1,9700,,'',1
'20230403',3001,74200,,'',1,500,,'',1,7700,,'',1,500,,'',1,9500,,'',1,2600,,'',1,17100,,'',1,10200,,'',1,10000,,'',1,10000,,'',1,500,,'',1,9800,,'',1,500,,'',1,9700,,'',1,500,,'',1,10500,,'',1,1900,,'',1,7000,,'',1,10500,,'',1,8800,,'',1,10000,,'',1,10000,,'',1,10000,,'',1,9800,,'',1,9700,,'',1
'20230404',3001,74200,,'',1,500,,'',1,7700,,'',1,500,,'',1,9500,,'',1,2600,,'',1,17100,,'',1,10200,,'',1,10000,,'',1,10000,,'',1,500,,'',1,9800,,'',1,500,,'',1,9700,,'',1,500,,'',1,10500,,'',1,1900,,'',1,7000,,'',1,10500,,'',1,8800,,'',1,10000,,'',1,10000,,'',1,10000,,'',1,9800,,'',1,9700,,'',1
'20230405',3001,74200,,'',1,500,,'',1,7700,,'',1,500,,'',1,9500,,'',1,2600,,'',1,17100,,'',1,10200,,'',1,10000,,'',1,10000,,'',1,500,,'',1,9800,,'',1,500,,'',1,9700,,'',1,500,,'',1,10500,,'',1,1900,,'',1,7000,,'',1,10500,,'',1,8800,,'',1,10000,,'',1,10000,,'',1,10000,,'',1,9800,,'',1,9700,,'',1
'20230406',3001,74200,,'',1,500,,'',1,7700,,'',1,500,,'',1,9500,,'',1,2600,,'',1,17100,,'',1,10200,,'',1,10000,,'',1,10000,,'',1,500,,'',1,9800,,'',1,500,,'',1,9700,,'',1,500,,'',1,10500,,'',1,1900,,'',1,7000,,'',1,10500,,'',1,8800,,'',1,10000,,'',1,10000,,'',1,10000,,'',1,9800,,'',1,9700,,'',1
