1701,'20260716',517,,132778,5,,,1,191,,132779,5,,,1,101,,132780,5,,,1,105,,132781,5,,,1,100,,132782,5,,,1,200,,132783,5,,,1,95,,132784,5,,,1,95,,132785,5,,,1,42,,132786,5,,,1,155,,132787,5,,,1,105,,132788,5,,,1,99,,132789,5,,,1,115,,132790,5,,,1,100,,132791,5,,,1
1701,'20260717',517,,132792,5,,,1,191,,132793,5,,,1,101,,132794,5,,,1,105,,132795,5,,,1,100,,132796,5,,,1,200,,132797,5,,,1,95,,132798,5,,,1,95,,132799,5,,,1,42,,132800,5,,,1,155,,132801,5,,,1,105,,132802,5,,,1,99,,132803,5,,,1,115,,132804,5,,,1,100,,132805,5,,,1
1701,'20260720',517,,132806,5,,,1,191,,132807,5,,,1,101,,132808,5,,,1,105,,132809,5,,,1,100,,132810,5,,,1,200,,132811,5,,,1,95,,132812,5,,,1,95,,132813,5,,,1,42,,132814,5,,,1,155,,132815,5,,,1,105,,132816,5,,,1,99,,132817,5,,,1,115,,132818,5,,,1,100,,132819,5,,,1
1701,'20260721',517,,132820,5,,,1,191,,132821,5,,,1,101,,132822,5,,,1,105,,132823,5,,,1,100,,132824,5,,,1,200,,132825,5,,,1,95,,132826,5,,,1,95,,132827,5,,,1,42,,132828,5,,,1,155,,132829,5,,,1,105,,132830,5,,,1,99,,132831,5,,,1,115,,132832,5,,,1,100,,132833,5,,,1
1701,'20260722',517,,132834,5,,,1,191,,132835,5,,,1,101,,132836,5,,,1,105,,132837,5,,,1,100,,132838,5,,,1,200,,132839,5,,,1,95,,132840,5,,,1,95,,132841,5,,,1,42,,132842,5,,,1,155,,132843,5,,,1,105,,132844,5,,,1,99,,132845,5,,,1,115,,132846,5,,,1,100,,132847,5,,,1
1701,'20260723',517,,132848,5,,,1,191,,132849,5,,,1,101,,132850,5,,,1,105,,132851,5,,,1,100,,132852,5,,,1,200,,132853,5,,,1,95,,132854,5,,,1,95,,132855,5,,,1,42,,132856,5,,,1,155,,132857,5,,,1,105,,132858,5,,,1,99,,132859,5,,,1,115,,132860,5,,,1,100,,132861,5,,,1
1701,'20260724',517,,132862,5,,,1,191,,132863,5,,,1,101,,132864,5,,,1,105,,132865,5,,,1,100,,132866,5,,,1,200,,132867,5,,,1,95,,132868,5,,,1,95,,132869,5,,,1,42,,132870,5,,,1,155,,132871,5,,,1,105,,132872,5,,,1,99,,132873,5,,,1,115,,132874,5,,,1,100,,132875,5,,,1
1701,'20260727',517,,132876,5,,,1,191,,132877,5,,,1,101,,132878,5,,,1,105,,132879,5,,,1,100,,132880,5,,,1,200,,132881,5,,,1,95,,132882,5,,,1,95,,132883,5,,,1,42,,132884,5,,,1,155,,132885,5,,,1,105,,132886,5,,,1,99,,132887,5,,,1,115,,132888,5,,,1,100,,132889,5,,,1
1701,'20260728',517,,132890,5,,,1,191,,132891,5,,,1,101,,132892,5,,,1,105,,132893,5,,,1,100,,132894,5,,,1,200,,132895,5,,,1,95,,132896,5,,,1,95,,132897,5,,,1,42,,132898,5,,,1,155,,132899,5,,,1,105,,132900,5,,,1,99,,132901,5,,,1,115,,132902,5,,,1,100,,132903,5,,,1
1701,'20260729',517,,132904,5,,,1,191,,132905,5,,,1,101,,132906,5,,,1,105,,132907,5,,,1,100,,132908,5,,,1,200,,132909,5,,,1,95,,132910,5,,,1,95,,132911,5,,,1,42,,132912,5,,,1,155,,132913,5,,,1,105,,132914,5,,,1,99,,132915,5,,,1,115,,132916,5,,,1,100,,132917,5,,,1
1701,'20260730',517,,132918,5,,,1,191,,132919,5,,,1,101,,132920,5,,,1,105,,132921,5,,,1,100,,132922,5,,,1,200,,132923,5,,,1,95,,132924,5,,,1,95,,132925,5,,,1,42,,132926,5,,,1,155,,132927,5,,,1,105,,132928,5,,,1,99,,132929,5,,,1,115,,132930,5,,,1,100,,132931,5,,,1
1701,'20260731',517,,132932,5,,,1,191,,132933,5,,,1,101,,132934,5,,,1,105,,132935,5,,,1,100,,132936,5,,,1,200,,132937,5,,,1,95,,132938,5,,,1,95,,132939,5,,,1,42,,132940,5,,,1,155,,132941,5,,,1,105,,132942,5,,,1,99,,132943,5,,,1,115,,132944,5,,,1,100,,132945,5,,,1
1701,'20260804',517,,132946,5,,,1,191,,132947,5,,,1,101,,132948,5,,,1,105,,132949,5,,,1,100,,132950,5,,,1,200,,132951,5,,,1,95,,132952,5,,,1,95,,132953,5,,,1,42,,132954,5,,,1,155,,132955,5,,,1,105,,132956,5,,,1,99,,132957,5,,,1,115,,132958,5,,,1,100,,132959,5,,,1
1701,'20260805',517,,132960,5,,,1,191,,132961,5,,,1,101,,132962,5,,,1,105,,132963,5,,,1,100,,132964,5,,,1,200,,132965,5,,,1,95,,132966,5,,,1,95,,132967,5,,,1,42,,132968,5,,,1,155,,132969,5,,,1,105,,132970,5,,,1,99,,132971,5,,,1,115,,132972,5,,,1,100,,132973,5,,,1
1701,'20260806',517,,132974,5,,,1,191,,132975,5,,,1,101,,132976,5,,,1,105,,132977,5,,,1,100,,132978,5,,,1,200,,132979,5,,,1,95,,132980,5,,,1,95,,132981,5,,,1,42,,132982,5,,,1,155,,132983,5,,,1,105,,132984,5,,,1,99,,132985,5,,,1,115,,132986,5,,,1,100,,132987,5,,,1
1701,'20260807',517,,132988,5,,,1,191,,132989,5,,,1,101,,132990,5,,,1,105,,132991,5,,,1,100,,132992,5,,,1,200,,132993,5,,,1,95,,132994,5,,,1,95,,132995,5,,,1,42,,132996,5,,,1,155,,132997,5,,,1,105,,132998,5,,,1,99,,132999,5,,,1,115,,133000,5,,,1,100,,133001,5,,,1
1701,'20260810',517,,133002,5,,,1,191,,133003,5,,,1,101,,133004,5,,,1,105,,133005,5,,,1,100,,133006,5,,,1,200,,133007,5,,,1,95,,133008,5,,,1,95,,133009,5,,,1,42,,133010,5,,,1,155,,133011,5,,,1,105,,133012,5,,,1,99,,133013,5,,,1,115,,133014,5,,,1,100,,133015,5,,,1
1701,'20260811',517,,133016,5,,,1,191,,133017,5,,,1,101,,133018,5,,,1,105,,133019,5,,,1,100,,133020,5,,,1,200,,133021,5,,,1,95,,133022,5,,,1,95,,133023,5,,,1,42,,133024,5,,,1,155,,133025,5,,,1,105,,133026,5,,,1,99,,133027,5,,,1,115,,133028,5,,,1,100,,133029,5,,,1
1701,'20260812',517,,133030,5,,,1,191,,133031,5,,,1,101,,133032,5,,,1,105,,133033,5,,,1,100,,133034,5,,,1,200,,133035,5,,,1,95,,133036,5,,,1,95,,133037,5,,,1,42,,133038,5,,,1,155,,133039,5,,,1,105,,133040,5,,,1,99,,133041,5,,,1,115,,133042,5,,,1,100,,133043,5,,,1
1701,'20260813',517,,133044,5,,,1,191,,133045,5,,,1,101,,133046,5,,,1,105,,133047,5,,,1,100,,133048,5,,,1,200,,133049,5,,,1,95,,133050,5,,,1,95,,133051,5,,,1,42,,133052,5,,,1,155,,133053,5,,,1,105,,133054,5,,,1,99,,133055,5,,,1,115,,133056,5,,,1,100,,133057,5,,,1
1701,'20260814',517,,133058,5,,,1,191,,133059,5,,,1,101,,133060,5,,,1,105,,133061,5,,,1,100,,133062,5,,,1,200,,133063,5,,,1,95,,133064,5,,,1,95,,133065,5,,,1,42,,133066,5,,,1,155,,133067,5,,,1,105,,133068,5,,,1,99,,133069,5,,,1,115,,133070,5,,,1,100,,133071,5,,,1
1701,'20260817',517,,133072,5,,,1,191,,133073,5,,,1,101,,133074,5,,,1,105,,133075,5,,,1,100,,133076,5,,,1,200,,133077,5,,,1,95,,133078,5,,,1,95,,133079,5,,,1,42,,133080,5,,,1,155,,133081,5,,,1,105,,133082,5,,,1,99,,133083,5,,,1,115,,133084,5,,,1,100,,133085,5,,,1
1701,'20260818',517,,133086,5,,,1,191,,133087,5,,,1,101,,133088,5,,,1,105,,133089,5,,,1,100,,133090,5,,,1,200,,133091,5,,,1,95,,133092,5,,,1,95,,133093,5,,,1,42,,133094,5,,,1,155,,133095,5,,,1,105,,133096,5,,,1,99,,133097,5,,,1,115,,133098,5,,,1,100,,133099,5,,,1
1701,'20260819',517,,133100,5,,,1,191,,133101,5,,,1,101,,133102,5,,,1,105,,133103,5,,,1,100,,133104,5,,,1,200,,133105,5,,,1,95,,133106,5,,,1,95,,133107,5,,,1,42,,133108,5,,,1,155,,133109,5,,,1,105,,133110,5,,,1,99,,133111,5,,,1,115,,133112,5,,,1,100,,133113,5,,,1
1701,'20260820',517,,133114,5,,,1,191,,133115,5,,,1,101,,133116,5,,,1,105,,133117,5,,,1,100,,133118,5,,,1,200,,133119,5,,,1,95,,133120,5,,,1,95,,133121,5,,,1,42,,133122,5,,,1,155,,133123,5,,,1,105,,133124,5,,,1,99,,133125,5,,,1,115,,133126,5,,,1,100,,133127,5,,,1
1701,'20260821',517,,133128,5,,,1,191,,133129,5,,,1,101,,133130,5,,,1,105,,133131,5,,,1,100,,133132,5,,,1,200,,133133,5,,,1,95,,133134,5,,,1,95,,133135,5,,,1,42,,133136,5,,,1,155,,133137,5,,,1,105,,133138,5,,,1,99,,133139,5,,,1,115,,133140,5,,,1,100,,133141,5,,,1
1701,'20260824',517,,133142,5,,,1,191,,133143,5,,,1,101,,133144,5,,,1,105,,133145,5,,,1,100,,133146,5,,,1,200,,133147,5,,,1,95,,133148,5,,,1,95,,133149,5,,,1,42,,133150,5,,,1,155,,133151,5,,,1,105,,133152,5,,,1,99,,133153,5,,,1,115,,133154,5,,,1,100,,133155,5,,,1
1701,'20260825',517,,133156,5,,,1,191,,133157,5,,,1,101,,133158,5,,,1,105,,133159,5,,,1,100,,133160,5,,,1,200,,133161,5,,,1,95,,133162,5,,,1,95,,133163,5,,,1,42,,133164,5,,,1,155,,133165,5,,,1,105,,133166,5,,,1,99,,133167,5,,,1,115,,133168,5,,,1,100,,133169,5,,,1
1701,'20260826',517,,133170,5,,,1,191,,133171,5,,,1,101,,133172,5,,,1,105,,133173,5,,,1,100,,133174,5,,,1,200,,133175,5,,,1,95,,133176,5,,,1,95,,133177,5,,,1,42,,133178,5,,,1,155,,133179,5,,,1,105,,133180,5,,,1,99,,133181,5,,,1,115,,133182,5,,,1,100,,133183,5,,,1
1701,'20260827',517,,133184,5,,,1,191,,133185,5,,,1,101,,133186,5,,,1,105,,133187,5,,,1,100,,133188,5,,,1,200,,133189,5,,,1,95,,133190,5,,,1,95,,133191,5,,,1,42,,133192,5,,,1,155,,133193,5,,,1,105,,133194,5,,,1,99,,133195,5,,,1,115,,133196,5,,,1,100,,133197,5,,,1
1701,'20260828',517,,133198,5,,,1,191,,133199,5,,,1,101,,133200,5,,,1,105,,133201,5,,,1,100,,133202,5,,,1,200,,133203,5,,,1,95,,133204,5,,,1,95,,133205,5,,,1,42,,133206,5,,,1,155,,133207,5,,,1,105,,133208,5,,,1,99,,133209,5,,,1,115,,133210,5,,,1,100,,133211,5,,,1
1701,'20260831',517,,133212,5,,,1,191,,133213,5,,,1,101,,133214,5,,,1,105,,133215,5,,,1,100,,133216,5,,,1,200,,133217,5,,,1,95,,133218,5,,,1,95,,133219,5,,,1,42,,133220,5,,,1,155,,133221,5,,,1,105,,133222,5,,,1,99,,133223,5,,,1,115,,133224,5,,,1,100,,133225,5,,,1
1701,'20260901',517,,133226,5,,,1,191,,133227,5,,,1,101,,133228,5,,,1,105,,133229,5,,,1,100,,133230,5,,,1,200,,133231,5,,,1,95,,133232,5,,,1,95,,133233,5,,,1,42,,133234,5,,,1,155,,133235,5,,,1,105,,133236,5,,,1,99,,133237,5,,,1,115,,133238,5,,,1,100,,133239,5,,,1
1701,'20260902',517,,133240,5,,,1,191,,133241,5,,,1,101,,133242,5,,,1,105,,133243,5,,,1,100,,133244,5,,,1,200,,133245,5,,,1,95,,133246,5,,,1,95,,133247,5,,,1,42,,133248,5,,,1,155,,133249,5,,,1,105,,133250,5,,,1,99,,133251,5,,,1,115,,133252,5,,,1,100,,133253,5,,,1
1701,'20260903',517,,133254,5,,,1,191,,133255,5,,,1,101,,133256,5,,,1,105,,133257,5,,,1,100,,133258,5,,,1,200,,133259,5,,,1,95,,133260,5,,,1,95,,133261,5,,,1,42,,133262,5,,,1,155,,133263,5,,,1,105,,133264,5,,,1,99,,133265,5,,,1,115,,133266,5,,,1,100,,133267,5,,,1
1701,'20260904',517,,133268,5,,,1,191,,133269,5,,,1,101,,133270,5,,,1,105,,133271,5,,,1,100,,133272,5,,,1,200,,133273,5,,,1,95,,133274,5,,,1,95,,133275,5,,,1,42,,133276,5,,,1,155,,133277,5,,,1,105,,133278,5,,,1,99,,133279,5,,,1,115,,133280,5,,,1,100,,133281,5,,,1
3100,'20260725',640,,219535,3,0,71 20 39,1,771,,219536,3,0,71 20 39,1,305,,219537,4,0,61 20 39,1,5,,219538,3,0,71 20 39,1
3100,'20260726',640,,219539,3,0,71 20 39,1,771,,219540,3,0,71 20 39,1,305,,219541,4,0,61 20 39,1,5,,219542,3,0,71 20 39,1
