7001,'20260722',1052,,206584,18,0,34 14 36 9,1,200,,206585,18,0,34 14 36 9,1,200,,206586,18,0,34 14 36 9,1,179,,206587,18,,,1,221,,206588,18,0,34 14 36 9,1,203,,206589,18,0,34 14 36 9,1
7001,'20260723',1052,,206592,18,0,34 14 36 9,1,200,,206593,18,0,34 14 36 9,1,200,,206594,18,0,34 14 36 9,1,179,,206595,18,,,1,221,,206596,18,0,34 14 36 9,1,203,,206597,18,0,34 14 36 9,1
7001,'20260724',1052,,206600,18,0,34 14 36 9,1,200,,206601,18,0,34 14 36 9,1,200,,206602,18,0,34 14 36 9,1,179,,206603,18,,,1,221,,206604,18,0,34 14 36 9,1,203,,206605,18,0,34 14 36 9,1
7001,'20260725',952,,206607,18,0,34 14 36 9,1,200,,206608,18,0,34 14 36 9,1,200,,206609,18,0,34 14 36 9,1,200,,206610,18,0,34 14 36 9,1,200,,206611,18,0,34 14 36 9,1,203,,206612,18,0,34 14 36 9,1
7001,'20260726',952,,206614,18,0,34 14 36 9,1,200,,206615,18,0,34 14 36 9,1,200,,206616,18,0,34 14 36 9,1,200,,206617,18,0,34 14 36 9,1,200,,206618,18,0,34 14 36 9,1,203,,206619,18,0,34 14 36 9,1
7001,'20260727',1052,,206622,18,0,34 14 36 9,1,200,,206623,18,0,34 14 36 9,1,200,,206624,18,0,34 14 36 9,1,179,,206625,18,,,1,221,,206626,18,0,34 14 36 9,1,203,,206627,18,0,34 14 36 9,1
7001,'20260728',1052,,206630,18,0,34 14 36 9,1,200,,206631,18,0,34 14 36 9,1,200,,206632,18,0,34 14 36 9,1,179,,206633,18,,,1,221,,206634,18,0,34 14 36 9,1,203,,206635,18,0,34 14 36 9,1
7001,'20260729',1052,,206638,18,0,34 14 36 9,1,200,,206639,18,0,34 14 36 9,1,200,,206640,18,0,34 14 36 9,1,179,,206641,18,,,1,221,,206642,18,0,34 14 36 9,1,203,,206643,18,0,34 14 36 9,1
7001,'20260730',1052,,206646,18,0,34 14 36 9,1,200,,206647,18,0,34 14 36 9,1,200,,206648,18,0,34 14 36 9,1,179,,206649,18,,,1,221,,206650,18,0,34 14 36 9,1,203,,206651,18,0,34 14 36 9,1
7001,'20260731',1052,,206654,18,0,34 14 36 9,1,200,,206655,18,0,34 14 36 9,1,200,,206656,18,0,34 14 36 9,1,179,,206657,18,,,1,221,,206658,18,0,34 14 36 9,1,203,,206659,18,0,34 14 36 9,1
7001,'20260801',952,,206661,18,0,34 14 36 9,1,200,,206662,18,0,34 14 36 9,1,200,,206663,18,0,34 14 36 9,1,200,,206664,18,0,34 14 36 9,1,200,,206665,18,0,34 14 36 9,1,203,,206666,18,0,34 14 36 9,1
7001,'20260802',952,,206668,18,0,34 14 36 9,1,200,,206669,18,0,34 14 36 9,1,200,,206670,18,0,34 14 36 9,1,200,,206671,18,0,34 14 36 9,1,200,,206672,18,0,34 14 36 9,1,203,,206673,18,0,34 14 36 9,1
7001,'20260803',952,,206675,18,0,34 14 36 9,1,200,,206676,18,0,34 14 36 9,1,200,,206677,18,0,34 14 36 9,1,200,,206678,18,0,34 14 36 9,1,200,,206679,18,0,34 14 36 9,1,203,,206680,18,0,34 14 36 9,1
7001,'20260804',1052,,206683,18,0,34 14 36 9,1,200,,206684,18,0,34 14 36 9,1,200,,206685,18,0,34 14 36 9,1,179,,206686,18,,,1,221,,206687,18,0,34 14 36 9,1,203,,206688,18,0,34 14 36 9,1
7001,'20260805',1052,,206691,18,0,34 14 36 9,1,200,,206692,18,0,34 14 36 9,1,200,,206693,18,0,34 14 36 9,1,179,,206694,18,,,1,221,,206695,18,0,34 14 36 9,1,203,,206696,18,0,34 14 36 9,1
7001,'20260806',1052,,206699,18,0,34 14 36 9,1,200,,206700,18,0,34 14 36 9,1,200,,206701,18,0,34 14 36 9,1,179,,206702,18,,,1,221,,206703,18,0,34 14 36 9,1,203,,206704,18,0,34 14 36 9,1
7001,'20260807',1052,,206707,18,0,34 14 36 9,1,200,,206708,18,0,34 14 36 9,1,200,,206709,18,0,34 14 36 9,1,179,,206710,18,,,1,221,,206711,18,0,34 14 36 9,1,203,,206712,18,0,34 14 36 9,1
7001,'20260808',952,,206714,18,0,34 14 36 9,1,200,,206715,18,0,34 14 36 9,1,200,,206716,18,0,34 14 36 9,1,200,,206717,18,0,34 14 36 9,1,200,,206718,18,0,34 14 36 9,1,203,,206719,18,0,34 14 36 9,1
7001,'20260809',952,,206721,18,0,34 14 36 9,1,200,,206722,18,0,34 14 36 9,1,200,,206723,18,0,34 14 36 9,1,200,,206724,18,0,34 14 36 9,1,200,,206725,18,0,34 14 36 9,1,203,,206726,18,0,34 14 36 9,1
7001,'20260810',1052,,206729,18,0,34 14 36 9,1,200,,206730,18,0,34 14 36 9,1,200,,206731,18,0,34 14 36 9,1,179,,206732,18,,,1,221,,206733,18,0,34 14 36 9,1,203,,206734,18,0,34 14 36 9,1
7001,'20260811',1052,,206737,18,0,34 14 36 9,1,200,,206738,18,0,34 14 36 9,1,200,,206739,18,0,34 14 36 9,1,179,,206740,18,,,1,221,,206741,18,0,34 14 36 9,1,203,,206742,18,0,34 14 36 9,1
7001,'20260812',1052,,206745,18,0,34 14 36 9,1,200,,206746,18,0,34 14 36 9,1,200,,206747,18,0,34 14 36 9,1,179,,206748,18,,,1,221,,206749,18,0,34 14 36 9,1,203,,206750,18,0,34 14 36 9,1
7001,'20260813',1052,,206753,18,0,34 14 36 9,1,200,,206754,18,0,34 14 36 9,1,200,,206755,18,0,34 14 36 9,1,179,,206756,18,,,1,221,,206757,18,0,34 14 36 9,1,203,,206758,18,0,34 14 36 9,1
7001,'20260814',1052,,206761,18,0,34 14 36 9,1,200,,206762,18,0,34 14 36 9,1,200,,206763,18,0,34 14 36 9,1,179,,206764,18,,,1,221,,206765,18,0,34 14 36 9,1,203,,206766,18,0,34 14 36 9,1
7001,'20260815',952,,206768,18,0,34 14 36 9,1,200,,206769,18,0,34 14 36 9,1,200,,206770,18,0,34 14 36 9,1,200,,206771,18,0,34 14 36 9,1,200,,206772,18,0,34 14 36 9,1,203,,206773,18,0,34 14 36 9,1
7001,'20260816',952,,206775,18,0,34 14 36 9,1,200,,206776,18,0,34 14 36 9,1,200,,206777,18,0,34 14 36 9,1,200,,206778,18,0,34 14 36 9,1,200,,206779,18,0,34 14 36 9,1,203,,206780,18,0,34 14 36 9,1
7001,'20260817',1052,,206783,18,0,34 14 36 9,1,200,,206784,18,0,34 14 36 9,1,200,,206785,18,0,34 14 36 9,1,179,,206786,18,,,1,221,,206787,18,0,34 14 36 9,1,203,,206788,18,0,34 14 36 9,1
7001,'20260818',1052,,206791,18,0,34 14 36 9,1,200,,206792,18,0,34 14 36 9,1,200,,206793,18,0,34 14 36 9,1,179,,206794,18,,,1,221,,206795,18,0,34 14 36 9,1,203,,206796,18,0,34 14 36 9,1
7001,'20260819',1052,,206799,18,0,34 14 36 9,1,200,,206800,18,0,34 14 36 9,1,200,,206801,18,0,34 14 36 9,1,179,,206802,18,,,1,221,,206803,18,0,34 14 36 9,1,203,,206804,18,0,34 14 36 9,1
7001,'20260820',1052,,206807,18,0,34 14 36 9,1,200,,206808,18,0,34 14 36 9,1,200,,206809,18,0,34 14 36 9,1,179,,206810,18,,,1,221,,206811,18,0,34 14 36 9,1,203,,206812,18,0,34 14 36 9,1
7001,'20260821',1052,,206815,18,0,34 14 36 9,1,200,,206816,18,0,34 14 36 9,1,200,,206817,18,0,34 14 36 9,1,179,,206818,18,,,1,221,,206819,18,0,34 14 36 9,1,203,,206820,18,0,34 14 36 9,1
7001,'20260822',952,,206822,18,0,34 14 36 9,1,200,,206823,18,0,34 14 36 9,1,200,,206824,18,0,34 14 36 9,1,200,,206825,18,0,34 14 36 9,1,200,,206826,18,0,34 14 36 9,1,203,,206827,18,0,34 14 36 9,1
7001,'20260823',952,,206829,18,0,34 14 36 9,1,200,,206830,18,0,34 14 36 9,1,200,,206831,18,0,34 14 36 9,1,200,,206832,18,0,34 14 36 9,1,200,,206833,18,0,34 14 36 9,1,203,,206834,18,0,34 14 36 9,1
7001,'20260824',1052,,206837,18,0,34 14 36 9,1,200,,206838,18,0,34 14 36 9,1,200,,206839,18,0,34 14 36 9,1,179,,206840,18,,,1,221,,206841,18,0,34 14 36 9,1,203,,206842,18,0,34 14 36 9,1
7001,'20260825',1052,,206845,18,0,34 14 36 9,1,200,,206846,18,0,34 14 36 9,1,200,,206847,18,0,34 14 36 9,1,179,,206848,18,,,1,221,,206849,18,0,34 14 36 9,1,203,,206850,18,0,34 14 36 9,1
7001,'20260826',1052,,206853,18,0,34 14 36 9,1,200,,206854,18,0,34 14 36 9,1,200,,206855,18,0,34 14 36 9,1,179,,206856,18,,,1,221,,206857,18,0,34 14 36 9,1,203,,206858,18,0,34 14 36 9,1
7001,'20260827',1052,,206861,18,0,34 14 36 9,1,200,,206862,18,0,34 14 36 9,1,200,,206863,18,0,34 14 36 9,1,179,,206864,18,,,1,221,,206865,18,0,34 14 36 9,1,203,,206866,18,0,34 14 36 9,1
7001,'20260828',1052,,206869,18,0,34 14 36 9,1,200,,206870,18,0,34 14 36 9,1,200,,206871,18,0,34 14 36 9,1,179,,206872,18,,,1,221,,206873,18,0,34 14 36 9,1,203,,206874,18,0,34 14 36 9,1
7001,'20260829',952,,206876,18,0,34 14 36 9,1,200,,206877,18,0,34 14 36 9,1,200,,206878,18,0,34 14 36 9,1,200,,206879,18,0,34 14 36 9,1,200,,206880,18,0,34 14 36 9,1,203,,206881,18,0,34 14 36 9,1
7001,'20260830',952,,206883,18,0,34 14 36 9,1,200,,206884,18,0,34 14 36 9,1,200,,206885,18,0,34 14 36 9,1,200,,206886,18,0,34 14 36 9,1,200,,206887,18,0,34 14 36 9,1,203,,206888,18,0,34 14 36 9,1
7001,'20260831',1052,,206891,18,0,34 14 36 9,1,200,,206892,18,0,34 14 36 9,1,200,,206893,18,0,34 14 36 9,1,179,,206894,18,,,1,221,,206895,18,0,34 14 36 9,1,203,,206896,18,0,34 14 36 9,1
7001,'20260901',1052,,206899,18,0,34 14 36 9,1,200,,206900,18,0,34 14 36 9,1,200,,206901,18,0,34 14 36 9,1,179,,206902,18,,,1,221,,206903,18,0,34 14 36 9,1,203,,206904,18,0,34 14 36 9,1
7001,'20260902',1052,,206907,18,0,34 14 36 9,1,200,,206908,18,0,34 14 36 9,1,200,,206909,18,0,34 14 36 9,1,179,,206910,18,,,1,221,,206911,18,0,34 14 36 9,1,203,,206912,18,0,34 14 36 9,1
7001,'20260903',1052,,206915,18,0,34 14 36 9,1,200,,206916,18,0,34 14 36 9,1,200,,206917,18,0,34 14 36 9,1,179,,206918,18,,,1,221,,206919,18,0,34 14 36 9,1,203,,206920,18,0,34 14 36 9,1
7001,'20260904',1052,,206923,18,0,34 14 36 9,1,200,,206924,18,0,34 14 36 9,1,200,,206925,18,0,34 14 36 9,1,179,,206926,18,,,1,221,,206927,18,0,34 14 36 9,1,203,,206928,18,0,34 14 36 9,1
7101,'20260722',444,,207473,18,,,1,1100,,207475,6,0,31 29 30,1,265,,207476,18,,,1,500,,207477,18,,,1,205,,207478,6,0,31 29 30,1
7101,'20260723',444,,207479,18,,,1,1100,,207481,6,0,31 29 30,1,265,,207482,18,,,1,500,,207483,18,,,1,205,,207484,6,0,31 29 30,1
7101,'20260724',444,,207485,18,,,1,1100,,207487,6,0,31 29 30,1,265,,207488,18,,,1,500,,207489,18,,,1,205,,207490,6,0,31 29 30,1
7101,'20260725',611,,207491,18,,,1,1547,,207492,18,,,1,156,,207493,6,0,31 29 30,1,200,,207494,6,0,31 29 30,1
7101,'20260726',611,,207495,18,,,1,1547,,207496,18,,,1,156,,207497,6,0,31 29 30,1,200,,207498,6,0,31 29 30,1
7101,'20260727',444,,207499,18,,,1,1100,,207501,6,0,31 29 30,1,265,,207502,18,,,1,500,,207503,18,,,1,205,,207504,6,0,31 29 30,1
7101,'20260728',444,,207505,18,,,1,1100,,207507,6,0,31 29 30,1,265,,207508,18,,,1,500,,207509,18,,,1,205,,207510,6,0,31 29 30,1
7101,'20260729',444,,207511,18,,,1,1100,,207513,6,0,31 29 30,1,265,,207514,18,,,1,500,,207515,18,,,1,205,,207516,6,0,31 29 30,1
7101,'20260730',444,,207517,18,,,1,1100,,207519,6,0,31 29 30,1,265,,207520,18,,,1,500,,207521,18,,,1,205,,207522,6,0,31 29 30,1
7101,'20260731',444,,207523,18,,,1,1100,,207525,6,0,31 29 30,1,265,,207526,18,,,1,500,,207527,18,,,1,205,,207528,6,0,31 29 30,1
7101,'20260801',611,,207529,18,,,1,1547,,207530,18,,,1,156,,207531,6,0,31 29 30,1,200,,207532,6,0,31 29 30,1
7101,'20260802',611,,207533,18,,,1,1547,,207534,18,,,1,156,,207535,6,0,31 29 30,1,200,,207536,6,0,31 29 30,1
7101,'20260803',611,,207537,18,,,1,1547,,207538,18,,,1,156,,207539,6,0,31 29 30,1,200,,207540,6,0,31 29 30,1
7101,'20260804',444,,207541,18,,,1,1100,,207543,6,0,31 29 30,1,265,,207544,18,,,1,500,,207545,18,,,1,205,,207546,6,0,31 29 30,1
7101,'20260805',444,,207547,18,,,1,1100,,207549,6,0,31 29 30,1,265,,207550,18,,,1,500,,207551,18,,,1,205,,207552,6,0,31 29 30,1
7101,'20260806',444,,207553,18,,,1,1100,,207555,6,0,31 29 30,1,265,,207556,18,,,1,500,,207557,18,,,1,205,,207558,6,0,31 29 30,1
7101,'20260807',444,,207559,18,,,1,1100,,207561,6,0,31 29 30,1,265,,207562,18,,,1,500,,207563,18,,,1,205,,207564,6,0,31 29 30,1
7101,'20260808',611,,207565,18,,,1,1547,,207566,18,,,1,156,,207567,6,0,31 29 30,1,200,,207568,6,0,31 29 30,1
7101,'20260809',611,,207569,18,,,1,1547,,207570,18,,,1,156,,207571,6,0,31 29 30,1,200,,207572,6,0,31 29 30,1
7101,'20260810',444,,207573,18,,,1,1100,,207575,6,0,31 29 30,1,265,,207576,18,,,1,500,,207577,18,,,1,205,,207578,6,0,31 29 30,1
7101,'20260811',444,,207579,18,,,1,1100,,207581,6,0,31 29 30,1,265,,207582,18,,,1,500,,207583,18,,,1,205,,207584,6,0,31 29 30,1
7101,'20260812',444,,207585,18,,,1,1100,,207587,6,0,31 29 30,1,265,,207588,18,,,1,500,,207589,18,,,1,205,,207590,6,0,31 29 30,1
7101,'20260813',444,,207591,18,,,1,1100,,207593,6,0,31 29 30,1,265,,207594,18,,,1,500,,207595,18,,,1,205,,207596,6,0,31 29 30,1
7101,'20260814',444,,207597,18,,,1,1100,,207599,6,0,31 29 30,1,265,,207600,18,,,1,500,,207601,18,,,1,205,,207602,6,0,31 29 30,1
7101,'20260815',611,,207603,18,,,1,1547,,207604,18,,,1,156,,207605,6,0,31 29 30,1,200,,207606,6,0,31 29 30,1
7101,'20260816',611,,207607,18,,,1,1547,,207608,18,,,1,156,,207609,6,0,31 29 30,1,200,,207610,6,0,31 29 30,1
7101,'20260817',444,,207611,18,,,1,1100,,207613,6,0,31 29 30,1,265,,207614,18,,,1,500,,207615,18,,,1,205,,207616,6,0,31 29 30,1
7101,'20260818',444,,207617,18,,,1,1100,,207619,6,0,31 29 30,1,265,,207620,18,,,1,500,,207621,18,,,1,205,,207622,6,0,31 29 30,1
7101,'20260819',444,,207623,18,,,1,1100,,207625,6,0,31 29 30,1,265,,207626,18,,,1,500,,207627,18,,,1,205,,207628,6,0,31 29 30,1
7101,'20260820',444,,207629,18,,,1,1100,,207631,6,0,31 29 30,1,265,,207632,18,,,1,500,,207633,18,,,1,205,,207634,6,0,31 29 30,1
7101,'20260821',444,,207635,18,,,1,1100,,207637,6,0,31 29 30,1,265,,207638,18,,,1,500,,207639,18,,,1,205,,207640,6,0,31 29 30,1
7101,'20260822',611,,207641,18,,,1,1547,,207642,18,,,1,156,,207643,6,0,31 29 30,1,200,,207644,6,0,31 29 30,1
7101,'20260823',611,,207645,18,,,1,1547,,207646,18,,,1,156,,207647,6,0,31 29 30,1,200,,207648,6,0,31 29 30,1
7101,'20260824',444,,207649,18,,,1,1100,,207651,6,0,31 29 30,1,265,,207652,18,,,1,500,,207653,18,,,1,205,,207654,6,0,31 29 30,1
7101,'20260825',444,,207655,18,,,1,1100,,207657,6,0,31 29 30,1,265,,207658,18,,,1,500,,207659,18,,,1,205,,207660,6,0,31 29 30,1
7101,'20260826',444,,207661,18,,,1,1100,,207663,6,0,31 29 30,1,265,,207664,18,,,1,500,,207665,18,,,1,205,,207666,6,0,31 29 30,1
7101,'20260827',444,,207667,18,,,1,1100,,207669,6,0,31 29 30,1,265,,207670,18,,,1,500,,207671,18,,,1,205,,207672,6,0,31 29 30,1
7101,'20260828',444,,207673,18,,,1,1100,,207675,6,0,31 29 30,1,265,,207676,18,,,1,500,,207677,18,,,1,205,,207678,6,0,31 29 30,1
7101,'20260829',611,,207679,18,,,1,1547,,207680,18,,,1,156,,207681,6,0,31 29 30,1,200,,207682,6,0,31 29 30,1
7101,'20260830',611,,207683,18,,,1,1547,,207684,18,,,1,156,,207685,6,0,31 29 30,1,200,,207686,6,0,31 29 30,1
7101,'20260831',444,,207687,18,,,1,1100,,207689,6,0,31 29 30,1,265,,207690,18,,,1,500,,207691,18,,,1,205,,207692,6,0,31 29 30,1
7101,'20260901',444,,207693,18,,,1,1100,,207695,6,0,31 29 30,1,265,,207696,18,,,1,500,,207697,18,,,1,205,,207698,6,0,31 29 30,1
7101,'20260902',444,,207699,18,,,1,1100,,207701,6,0,31 29 30,1,265,,207702,18,,,1,500,,207703,18,,,1,205,,207704,6,0,31 29 30,1
7101,'20260903',444,,207705,18,,,1,1100,,207707,6,0,31 29 30,1,265,,207708,18,,,1,500,,207709,18,,,1,205,,207710,6,0,31 29 30,1
7101,'20260904',444,,207711,18,,,1,1100,,207713,6,0,31 29 30,1,265,,207714,18,,,1,500,,207715,18,,,1,205,,207716,6,0,31 29 30,1
