3100,'20260508',1524,,86384,19,0,5 18 9,1,100,,86385,19,0,5 18 9,1,33,,86386,19,0,5 18 9,1
3100,'20260511',1524,,86410,19,0,5 18 9,1,100,,86411,19,0,5 18 9,1,33,,86412,19,0,5 18 9,1
3100,'20260512',1524,,86418,19,0,5 18 9,1,100,,86419,19,0,5 18 9,1,33,,86420,19,0,5 18 9,1
3100,'20260513',1524,,86426,19,0,5 18 9,1,100,,86427,19,0,5 18 9,1,33,,86428,19,0,5 18 9,1
3100,'20260514',1524,,86434,19,0,5 18 9,1,100,,86435,19,0,5 18 9,1,33,,86436,19,0,5 18 9,1
3100,'20260515',1524,,86442,19,0,5 18 9,1,100,,86443,19,0,5 18 9,1,33,,86444,19,0,5 18 9,1
3100,'20260516',737,,86459,22,0,71 20 39,1,807,,86484,22,0,71 20 39,1
3100,'20260517',737,,86518,22,0,71 20 39,1,807,,86543,22,0,71 20 39,1
3100,'20260518',737,,86577,22,0,71 20 39,1,807,,86602,22,0,71 20 39,1
3100,'20260519',1524,,86627,19,0,5 18 9,1,100,,86628,19,0,5 18 9,1,33,,86629,19,0,5 18 9,1
3100,'20260520',1524,,86635,19,0,5 18 9,1,100,,86636,19,0,5 18 9,1,33,,86637,19,0,5 18 9,1
3100,'20260521',1524,,86643,19,0,5 18 9,1,100,,86644,19,0,5 18 9,1,33,,86645,19,0,5 18 9,1
3100,'20260522',1524,,86651,19,0,5 18 9,1,100,,86652,19,0,5 18 9,1,33,,86653,19,0,5 18 9,1
3100,'20260525',1524,,86677,19,0,5 18 9,1,100,,86678,19,0,5 18 9,1,33,,86679,19,0,5 18 9,1
3100,'20260526',1524,,86685,19,0,5 18 9,1,100,,86686,19,0,5 18 9,1,33,,86687,19,0,5 18 9,1
3100,'20260527',1524,,86693,19,0,5 18 9,1,100,,86694,19,0,5 18 9,1,33,,86695,19,0,5 18 9,1
3100,'20260528',1524,,86701,19,0,5 18 9,1,100,,86702,19,0,5 18 9,1,33,,86703,19,0,5 18 9,1
3100,'20260529',1524,,86709,19,0,5 18 9,1,100,,86710,19,0,5 18 9,1,33,,86711,19,0,5 18 9,1
3100,'20260601',1524,,86735,19,0,5 18 9,1,100,,86736,19,0,5 18 9,1,33,,86737,19,0,5 18 9,1
3100,'20260602',1524,,86743,19,0,5 18 9,1,100,,86744,19,0,5 18 9,1,33,,86745,19,0,5 18 9,1
3100,'20260603',1524,,86751,19,0,5 18 9,1,100,,86752,19,0,5 18 9,1,33,,86753,19,0,5 18 9,1
3100,'20260604',1524,,86759,19,0,5 18 9,1,100,,86760,19,0,5 18 9,1,33,,86761,19,0,5 18 9,1
3100,'20260605',1524,,86767,19,0,5 18 9,1,100,,86768,19,0,5 18 9,1,33,,86769,19,0,5 18 9,1
3100,'20260608',1524,,86793,19,0,5 18 9,1,100,,86794,19,0,5 18 9,1,33,,86795,19,0,5 18 9,1
3100,'20260609',1524,,86801,19,0,5 18 9,1,100,,86802,19,0,5 18 9,1,33,,86803,19,0,5 18 9,1
3100,'20260610',1524,,86809,19,0,5 18 9,1,100,,86810,19,0,5 18 9,1,33,,86811,19,0,5 18 9,1
3100,'20260611',1524,,86817,19,0,5 18 9,1,100,,86818,19,0,5 18 9,1,33,,86819,19,0,5 18 9,1
3100,'20260612',1524,,86825,19,0,5 18 9,1,100,,86826,19,0,5 18 9,1,33,,86827,19,0,5 18 9,1
3100,'20260615',1524,,164382,19,0,5 18 9,1,100,,164383,19,0,5 18 9,1,33,,164384,19,0,5 18 9,1
3100,'20260616',1524,,164390,19,0,5 18 9,1,100,,164391,19,0,5 18 9,1,33,,164392,19,0,5 18 9,1
3100,'20260617',1524,,164398,19,0,5 18 9,1,100,,164399,19,0,5 18 9,1,33,,164400,19,0,5 18 9,1
3100,'20260618',1524,,164406,19,0,5 18 9,1,100,,164407,19,0,5 18 9,1,33,,164408,19,0,5 18 9,1
3100,'20260619',1524,,164414,19,0,5 18 9,1,100,,164415,19,0,5 18 9,1,33,,164416,19,0,5 18 9,1
3100,'20260622',1524,,164440,19,0,5 18 9,1,100,,164441,19,0,5 18 9,1,33,,164442,19,0,5 18 9,1
3100,'20260623',1524,,164448,19,0,5 18 9,1,100,,164449,19,0,5 18 9,1,33,,164450,19,0,5 18 9,1
3100,'20260624',1524,,164456,19,0,5 18 9,1,100,,164457,19,0,5 18 9,1,33,,164458,19,0,5 18 9,1
3100,'20260625',1524,,164464,19,0,5 18 9,1,100,,164465,19,0,5 18 9,1,33,,164466,19,0,5 18 9,1
3100,'20260626',1524,,164472,19,0,5 18 9,1,100,,164473,19,0,5 18 9,1,33,,164474,19,0,5 18 9,1
3100,'20260629',1524,,164498,19,0,5 18 9,1,100,,164499,19,0,5 18 9,1,33,,164500,19,0,5 18 9,1
3100,'20260630',1524,,164506,19,0,5 18 9,1,100,,164507,19,0,5 18 9,1,33,,164508,19,0,5 18 9,1
3100,'20260702',1524,,164523,19,0,5 18 9,1,100,,164524,19,0,5 18 9,1,33,,164525,19,0,5 18 9,1
3100,'20260703',1524,,164531,19,0,5 18 9,1,100,,164532,19,0,5 18 9,1,33,,164533,19,0,5 18 9,1
3100,'20260706',1524,,164557,19,0,5 18 9,1,100,,164558,19,0,5 18 9,1,33,,164559,19,0,5 18 9,1
3100,'20260707',1524,,164565,19,0,5 18 9,1,100,,164566,19,0,5 18 9,1,33,,164567,19,0,5 18 9,1
3100,'20260708',1524,,164573,19,0,5 18 9,1,100,,164574,19,0,5 18 9,1,33,,164575,19,0,5 18 9,1
3100,'20260709',1524,,164581,19,0,5 18 9,1,100,,164582,19,0,5 18 9,1,33,,164583,19,0,5 18 9,1
3100,'20260710',1524,,164589,19,0,5 18 9,1,100,,164590,19,0,5 18 9,1,33,,164591,19,0,5 18 9,1
3100,'20260713',1524,,164615,19,0,5 18 9,1,100,,164616,19,0,5 18 9,1,33,,164617,19,0,5 18 9,1
3100,'20260714',1524,,164623,19,0,5 18 9,1,100,,164624,19,0,5 18 9,1,33,,164625,19,0,5 18 9,1
3100,'20260715',1524,,164631,19,0,5 18 9,1,100,,164632,19,0,5 18 9,1,33,,164633,19,0,5 18 9,1
3100,'20260716',1524,,164639,19,0,5 18 9,1,100,,164640,19,0,5 18 9,1,33,,164641,19,0,5 18 9,1
3100,'20260717',1524,,164647,19,0,5 18 9,1,100,,164648,19,0,5 18 9,1,33,,164649,19,0,5 18 9,1
3100,'20260720',1524,,164673,19,0,5 18 9,1,100,,164674,19,0,5 18 9,1,33,,164675,19,0,5 18 9,1
3100,'20260721',1524,,164681,19,0,5 18 9,1,100,,164682,19,0,5 18 9,1,33,,164683,19,0,5 18 9,1
3100,'20260722',1524,,164689,19,0,5 18 9,1,100,,164690,19,0,5 18 9,1,33,,164691,19,0,5 18 9,1
3100,'20260723',1524,,164697,19,0,5 18 9,1,100,,164698,19,0,5 18 9,1,33,,164699,19,0,5 18 9,1
3100,'20260724',1524,,164705,19,0,5 18 9,1,100,,164706,19,0,5 18 9,1,33,,164707,19,0,5 18 9,1
3100,'20260727',1524,,164731,19,0,5 18 9,1,100,,164732,19,0,5 18 9,1,33,,164733,19,0,5 18 9,1
3100,'20260728',1524,,164739,19,0,5 18 9,1,100,,164740,19,0,5 18 9,1,33,,164741,19,0,5 18 9,1
3100,'20260729',1524,,164747,19,0,5 18 9,1,100,,164748,19,0,5 18 9,1,33,,164749,19,0,5 18 9,1
3100,'20260730',1524,,164755,19,0,5 18 9,1,100,,164756,19,0,5 18 9,1,33,,164757,19,0,5 18 9,1
3100,'20260731',1524,,164763,19,0,5 18 9,1,100,,164764,19,0,5 18 9,1,33,,164765,19,0,5 18 9,1
3100,'20260804',1524,,164798,19,0,5 18 9,1,100,,164799,19,0,5 18 9,1,33,,164800,19,0,5 18 9,1
3100,'20260805',1524,,164806,19,0,5 18 9,1,100,,164807,19,0,5 18 9,1,33,,164808,19,0,5 18 9,1
3100,'20260806',1524,,164814,19,0,5 18 9,1,100,,164815,19,0,5 18 9,1,33,,164816,19,0,5 18 9,1
3100,'20260807',1524,,164822,19,0,5 18 9,1,100,,164823,19,0,5 18 9,1,33,,164824,19,0,5 18 9,1
3100,'20260810',1524,,164848,19,0,5 18 9,1,100,,164849,19,0,5 18 9,1,33,,164850,19,0,5 18 9,1
3100,'20260811',1524,,164856,19,0,5 18 9,1,100,,164857,19,0,5 18 9,1,33,,164858,19,0,5 18 9,1
3100,'20260812',1524,,164864,19,0,5 18 9,1,100,,164865,19,0,5 18 9,1,33,,164866,19,0,5 18 9,1
3100,'20260813',1524,,164872,19,0,5 18 9,1,100,,164873,19,0,5 18 9,1,33,,164874,19,0,5 18 9,1
3100,'20260814',1524,,164880,19,0,5 18 9,1,100,,164881,19,0,5 18 9,1,33,,164882,19,0,5 18 9,1
3100,'20260817',1524,,164906,19,0,5 18 9,1,100,,164907,19,0,5 18 9,1,33,,164908,19,0,5 18 9,1
3100,'20260818',1524,,164914,19,0,5 18 9,1,100,,164915,19,0,5 18 9,1,33,,164916,19,0,5 18 9,1
3100,'20260819',1524,,164922,19,0,5 18 9,1,100,,164923,19,0,5 18 9,1,33,,164924,19,0,5 18 9,1
3100,'20260820',1524,,164930,19,0,5 18 9,1,100,,164931,19,0,5 18 9,1,33,,164932,19,0,5 18 9,1
3100,'20260821',1524,,164938,19,0,5 18 9,1,100,,164939,19,0,5 18 9,1,33,,164940,19,0,5 18 9,1
3100,'20260824',1524,,164964,19,0,5 18 9,1,100,,164965,19,0,5 18 9,1,33,,164966,19,0,5 18 9,1
3100,'20260825',1524,,164972,19,0,5 18 9,1,100,,164973,19,0,5 18 9,1,33,,164974,19,0,5 18 9,1
3100,'20260826',1524,,164980,19,0,5 18 9,1,100,,164981,19,0,5 18 9,1,33,,164982,19,0,5 18 9,1
3100,'20260827',1524,,164988,19,0,5 18 9,1,100,,164989,19,0,5 18 9,1,33,,164990,19,0,5 18 9,1
3100,'20260828',1524,,164996,19,0,5 18 9,1,100,,164997,19,0,5 18 9,1,33,,164998,19,0,5 18 9,1
3100,'20260831',1524,,165022,19,0,5 18 9,1,100,,165023,19,0,5 18 9,1,33,,165024,19,0,5 18 9,1
3100,'20260901',1524,,165030,19,0,5 18 9,1,100,,165031,19,0,5 18 9,1,33,,165032,19,0,5 18 9,1
3100,'20260902',1524,,165038,19,0,5 18 9,1,100,,165039,19,0,5 18 9,1,33,,165040,19,0,5 18 9,1
3100,'20260903',1524,,165046,19,0,5 18 9,1,100,,165047,19,0,5 18 9,1,33,,165048,19,0,5 18 9,1
3100,'20260904',1524,,165054,19,0,5 18 9,1,100,,165055,19,0,5 18 9,1,33,,165056,19,0,5 18 9,1
3300,'20260508',615,,89224,19,,,1,185,,89228,19,,,1,146,,89231,19,0,57 14 15 9,1,200,,89234,19,0,57 14 15 9,1,200,,89237,19,0,57 14 15 9,1,95,,89239,19,0,57 14 15 9,1,290,,89244,19,,,1,116,,89245,19,0,57 14 15 9,1,200,,89249,19,0,57 14 15 9,1
3300,'20260509',651,,89252,19,,,1,195,,89253,19,,,1,97,,89254,19,0,57 14 15 9,1,100,,89255,19,,,1,200,,89256,19,,,1,200,,89257,19,,,1,200,,89258,19,,,1,205,,89260,19,,,1,200,,89261,19,,,1
3300,'20260510',651,,89263,19,,,1,195,,89264,19,,,1,97,,89265,19,0,57 14 15 9,1,100,,89266,19,,,1,200,,89267,19,,,1,200,,89268,19,,,1,200,,89269,19,,,1,205,,89271,19,,,1,200,,89272,19,,,1
3300,'20260511',615,,89281,19,,,1,185,,89285,19,,,1,146,,89288,19,0,57 14 15 9,1,200,,89291,19,0,57 14 15 9,1,200,,89294,19,0,57 14 15 9,1,95,,89296,19,0,57 14 15 9,1,290,,89301,19,,,1,116,,89302,19,0,57 14 15 9,1,200,,89306,19,0,57 14 15 9,1
3300,'20260512',615,,89316,19,,,1,185,,89320,19,,,1,146,,89323,19,0,57 14 15 9,1,200,,89326,19,0,57 14 15 9,1,200,,89329,19,0,57 14 15 9,1,95,,89331,19,0,57 14 15 9,1,290,,89336,19,,,1,116,,89337,19,0,57 14 15 9,1,200,,89341,19,0,57 14 15 9,1
3300,'20260513',615,,89351,19,,,1,185,,89355,19,,,1,146,,89358,19,0,57 14 15 9,1,200,,89361,19,0,57 14 15 9,1,200,,89364,19,0,57 14 15 9,1,95,,89366,19,0,57 14 15 9,1,290,,89371,19,,,1,116,,89372,19,0,57 14 15 9,1,200,,89376,19,0,57 14 15 9,1
3300,'20260514',615,,89386,19,,,1,185,,89390,19,,,1,146,,89393,19,0,57 14 15 9,1,200,,89396,19,0,57 14 15 9,1,200,,89399,19,0,57 14 15 9,1,95,,89401,19,0,57 14 15 9,1,290,,89406,19,,,1,116,,89407,19,0,57 14 15 9,1,200,,89411,19,0,57 14 15 9,1
3300,'20260515',615,,89421,19,,,1,185,,89425,19,,,1,146,,89428,19,0,57 14 15 9,1,200,,89431,19,0,57 14 15 9,1,200,,89434,19,0,57 14 15 9,1,95,,89436,19,0,57 14 15 9,1,290,,89441,19,,,1,116,,89442,19,0,57 14 15 9,1,200,,89446,19,0,57 14 15 9,1
3300,'20260516',651,,89449,19,,,1,195,,89450,19,,,1,97,,89451,19,0,57 14 15 9,1,100,,89452,19,,,1,200,,89453,19,,,1,200,,89454,19,,,1,200,,89455,19,,,1,205,,89457,19,,,1,200,,89458,19,,,1
3300,'20260517',651,,89460,19,,,1,195,,89461,19,,,1,97,,89462,19,0,57 14 15 9,1,100,,89463,19,,,1,200,,89464,19,,,1,200,,89465,19,,,1,200,,89466,19,,,1,205,,89468,19,,,1,200,,89469,19,,,1
3300,'20260518',651,,89471,19,,,1,195,,89472,19,,,1,97,,89473,19,0,57 14 15 9,1,100,,89474,19,,,1,200,,89475,19,,,1,200,,89476,19,,,1,200,,89477,19,,,1,205,,89479,19,,,1,200,,89480,19,,,1
3300,'20260519',615,,89489,19,,,1,185,,89493,19,,,1,146,,89496,19,0,57 14 15 9,1,200,,89499,19,0,57 14 15 9,1,200,,89502,19,0,57 14 15 9,1,95,,89504,19,0,57 14 15 9,1,290,,89509,19,,,1,116,,89510,19,0,57 14 15 9,1,200,,89514,19,0,57 14 15 9,1
3300,'20260520',615,,89524,19,,,1,185,,89528,19,,,1,146,,89531,19,0,57 14 15 9,1,200,,89534,19,0,57 14 15 9,1,200,,89537,19,0,57 14 15 9,1,95,,89539,19,0,57 14 15 9,1,290,,89544,19,,,1,116,,89545,19,0,57 14 15 9,1,200,,89549,19,0,57 14 15 9,1
3300,'20260521',615,,89559,19,,,1,185,,89563,19,,,1,146,,89566,19,0,57 14 15 9,1,200,,89569,19,0,57 14 15 9,1,200,,89572,19,0,57 14 15 9,1,95,,89574,19,0,57 14 15 9,1,290,,89579,19,,,1,116,,89580,19,0,57 14 15 9,1,200,,89584,19,0,57 14 15 9,1
3300,'20260522',615,,89594,19,,,1,185,,89598,19,,,1,146,,89601,19,0,57 14 15 9,1,200,,89604,19,0,57 14 15 9,1,200,,89607,19,0,57 14 15 9,1,95,,89609,19,0,57 14 15 9,1,290,,89614,19,,,1,116,,89615,19,0,57 14 15 9,1,200,,89619,19,0,57 14 15 9,1
3300,'20260523',651,,89622,19,,,1,195,,89623,19,,,1,97,,89624,19,0,57 14 15 9,1,100,,89625,19,,,1,200,,89626,19,,,1,200,,89627,19,,,1,200,,89628,19,,,1,205,,89630,19,,,1,200,,89631,19,,,1
3300,'20260524',651,,89633,19,,,1,195,,89634,19,,,1,97,,89635,19,0,57 14 15 9,1,100,,89636,19,,,1,200,,89637,19,,,1,200,,89638,19,,,1,200,,89639,19,,,1,205,,89641,19,,,1,200,,89642,19,,,1
3300,'20260525',615,,89651,19,,,1,185,,89655,19,,,1,146,,89658,19,0,57 14 15 9,1,200,,89661,19,0,57 14 15 9,1,200,,89664,19,0,57 14 15 9,1,95,,89666,19,0,57 14 15 9,1,290,,89671,19,,,1,116,,89672,19,0,57 14 15 9,1,200,,89676,19,0,57 14 15 9,1
3300,'20260526',615,,89686,19,,,1,185,,89690,19,,,1,146,,89693,19,0,57 14 15 9,1,200,,89696,19,0,57 14 15 9,1,200,,89699,19,0,57 14 15 9,1,95,,89701,19,0,57 14 15 9,1,290,,89706,19,,,1,116,,89707,19,0,57 14 15 9,1,200,,89711,19,0,57 14 15 9,1
3300,'20260527',615,,89721,19,,,1,185,,89725,19,,,1,146,,89728,19,0,57 14 15 9,1,200,,89731,19,0,57 14 15 9,1,200,,89734,19,0,57 14 15 9,1,95,,89736,19,0,57 14 15 9,1,290,,89741,19,,,1,116,,89742,19,0,57 14 15 9,1,200,,89746,19,0,57 14 15 9,1
3300,'20260528',615,,89756,19,,,1,185,,89760,19,,,1,146,,89763,19,0,57 14 15 9,1,200,,89766,19,0,57 14 15 9,1,200,,89769,19,0,57 14 15 9,1,95,,89771,19,0,57 14 15 9,1,290,,89776,19,,,1,116,,89777,19,0,57 14 15 9,1,200,,89781,19,0,57 14 15 9,1
3300,'20260529',615,,89791,19,,,1,185,,89795,19,,,1,146,,89798,19,0,57 14 15 9,1,200,,89801,19,0,57 14 15 9,1,200,,89804,19,0,57 14 15 9,1,95,,89806,19,0,57 14 15 9,1,290,,89811,19,,,1,116,,89812,19,0,57 14 15 9,1,200,,89816,19,0,57 14 15 9,1
3300,'20260530',651,,89819,19,,,1,195,,89820,19,,,1,97,,89821,19,0,57 14 15 9,1,100,,89822,19,,,1,200,,89823,19,,,1,200,,89824,19,,,1,200,,89825,19,,,1,205,,89827,19,,,1,200,,89828,19,,,1
3300,'20260531',651,,89830,19,,,1,195,,89831,19,,,1,97,,89832,19,0,57 14 15 9,1,100,,89833,19,,,1,200,,89834,19,,,1,200,,89835,19,,,1,200,,89836,19,,,1,205,,89838,19,,,1,200,,89839,19,,,1
3300,'20260601',615,,89848,19,,,1,185,,89852,19,,,1,146,,89855,19,0,57 14 15 9,1,200,,89858,19,0,57 14 15 9,1,200,,89861,19,0,57 14 15 9,1,95,,89863,19,0,57 14 15 9,1,290,,89868,19,,,1,116,,89869,19,0,57 14 15 9,1,200,,89873,19,0,57 14 15 9,1
3300,'20260602',615,,89883,19,,,1,185,,89887,19,,,1,146,,89890,19,0,57 14 15 9,1,200,,89893,19,0,57 14 15 9,1,200,,89896,19,0,57 14 15 9,1,95,,89898,19,0,57 14 15 9,1,290,,89903,19,,,1,116,,89904,19,0,57 14 15 9,1,200,,89908,19,0,57 14 15 9,1
3300,'20260603',615,,89918,19,,,1,185,,89922,19,,,1,146,,89925,19,0,57 14 15 9,1,200,,89928,19,0,57 14 15 9,1,200,,89931,19,0,57 14 15 9,1,95,,89933,19,0,57 14 15 9,1,290,,89938,19,,,1,116,,89939,19,0,57 14 15 9,1,200,,89943,19,0,57 14 15 9,1
3300,'20260604',615,,89953,19,,,1,185,,89957,19,,,1,146,,89960,19,0,57 14 15 9,1,200,,89963,19,0,57 14 15 9,1,200,,89966,19,0,57 14 15 9,1,95,,89968,19,0,57 14 15 9,1,290,,89973,19,,,1,116,,89974,19,0,57 14 15 9,1,200,,89978,19,0,57 14 15 9,1
3300,'20260605',615,,89988,19,,,1,185,,89992,19,,,1,146,,89995,19,0,57 14 15 9,1,200,,89998,19,0,57 14 15 9,1,200,,90001,19,0,57 14 15 9,1,95,,90003,19,0,57 14 15 9,1,290,,90008,19,,,1,116,,90009,19,0,57 14 15 9,1,200,,90013,19,0,57 14 15 9,1
3300,'20260606',651,,90016,19,,,1,195,,90017,19,,,1,97,,90018,19,0,57 14 15 9,1,100,,90019,19,,,1,200,,90020,19,,,1,200,,90021,19,,,1,200,,90022,19,,,1,205,,90024,19,,,1,200,,90025,19,,,1
3300,'20260607',651,,90027,19,,,1,195,,90028,19,,,1,97,,90029,19,0,57 14 15 9,1,100,,90030,19,,,1,200,,90031,19,,,1,200,,90032,19,,,1,200,,90033,19,,,1,205,,90035,19,,,1,200,,90036,19,,,1
3300,'20260608',615,,90045,19,,,1,185,,90049,19,,,1,146,,90052,19,0,57 14 15 9,1,200,,90055,19,0,57 14 15 9,1,200,,90058,19,0,57 14 15 9,1,95,,90060,19,0,57 14 15 9,1,290,,90065,19,,,1,116,,90066,19,0,57 14 15 9,1,200,,90070,19,0,57 14 15 9,1
3300,'20260609',615,,90080,19,,,1,185,,90084,19,,,1,146,,90087,19,0,57 14 15 9,1,200,,90090,19,0,57 14 15 9,1,200,,90093,19,0,57 14 15 9,1,95,,90095,19,0,57 14 15 9,1,290,,90100,19,,,1,116,,90101,19,0,57 14 15 9,1,200,,90105,19,0,57 14 15 9,1
3300,'20260610',615,,90115,19,,,1,185,,90119,19,,,1,146,,90122,19,0,57 14 15 9,1,200,,90125,19,0,57 14 15 9,1,200,,90128,19,0,57 14 15 9,1,95,,90130,19,0,57 14 15 9,1,290,,90135,19,,,1,116,,90136,19,0,57 14 15 9,1,200,,90140,19,0,57 14 15 9,1
3300,'20260611',615,,90150,19,,,1,185,,90154,19,,,1,146,,90157,19,0,57 14 15 9,1,200,,90160,19,0,57 14 15 9,1,200,,90163,19,0,57 14 15 9,1,95,,90165,19,0,57 14 15 9,1,290,,90170,19,,,1,116,,90171,19,0,57 14 15 9,1,200,,90175,19,0,57 14 15 9,1
3300,'20260612',615,,90185,19,,,1,185,,90189,19,,,1,146,,90192,19,0,57 14 15 9,1,200,,90195,19,0,57 14 15 9,1,200,,90198,19,0,57 14 15 9,1,95,,90200,19,0,57 14 15 9,1,290,,90205,19,,,1,116,,90206,19,0,57 14 15 9,1,200,,90210,19,0,57 14 15 9,1
3300,'20260613',651,,168259,19,,,1,195,,168260,19,,,1,97,,168261,19,0,57 14 15 9,1,100,,168262,19,,,1,200,,168263,19,,,1,200,,168264,19,,,1,200,,168265,19,,,1,205,,168267,19,,,1,200,,168268,19,,,1
3300,'20260614',651,,168270,19,,,1,195,,168271,19,,,1,97,,168272,19,0,57 14 15 9,1,100,,168273,19,,,1,200,,168274,19,,,1,200,,168275,19,,,1,200,,168276,19,,,1,205,,168278,19,,,1,200,,168279,19,,,1
3300,'20260615',615,,168288,19,,,1,185,,168292,19,,,1,146,,168295,19,0,57 14 15 9,1,200,,168298,19,0,57 14 15 9,1,200,,168301,19,0,57 14 15 9,1,95,,168303,19,0,57 14 15 9,1,290,,168308,19,,,1,116,,168309,19,0,57 14 15 9,1,200,,168313,19,0,57 14 15 9,1
3300,'20260616',615,,168323,19,,,1,185,,168327,19,,,1,146,,168330,19,0,57 14 15 9,1,200,,168333,19,0,57 14 15 9,1,200,,168336,19,0,57 14 15 9,1,95,,168338,19,0,57 14 15 9,1,290,,168343,19,,,1,116,,168344,19,0,57 14 15 9,1,200,,168348,19,0,57 14 15 9,1
3300,'20260617',615,,168358,19,,,1,185,,168362,19,,,1,146,,168365,19,0,57 14 15 9,1,200,,168368,19,0,57 14 15 9,1,200,,168371,19,0,57 14 15 9,1,95,,168373,19,0,57 14 15 9,1,290,,168378,19,,,1,116,,168379,19,0,57 14 15 9,1,200,,168383,19,0,57 14 15 9,1
3300,'20260618',615,,168393,19,,,1,185,,168397,19,,,1,146,,168400,19,0,57 14 15 9,1,200,,168403,19,0,57 14 15 9,1,200,,168406,19,0,57 14 15 9,1,95,,168408,19,0,57 14 15 9,1,290,,168413,19,,,1,116,,168414,19,0,57 14 15 9,1,200,,168418,19,0,57 14 15 9,1
3300,'20260619',615,,168428,19,,,1,185,,168432,19,,,1,146,,168435,19,0,57 14 15 9,1,200,,168438,19,0,57 14 15 9,1,200,,168441,19,0,57 14 15 9,1,95,,168443,19,0,57 14 15 9,1,290,,168448,19,,,1,116,,168449,19,0,57 14 15 9,1,200,,168453,19,0,57 14 15 9,1
3300,'20260620',651,,168456,19,,,1,195,,168457,19,,,1,97,,168458,19,0,57 14 15 9,1,100,,168459,19,,,1,200,,168460,19,,,1,200,,168461,19,,,1,200,,168462,19,,,1,205,,168464,19,,,1,200,,168465,19,,,1
3300,'20260621',651,,168467,19,,,1,195,,168468,19,,,1,97,,168469,19,0,57 14 15 9,1,100,,168470,19,,,1,200,,168471,19,,,1,200,,168472,19,,,1,200,,168473,19,,,1,205,,168475,19,,,1,200,,168476,19,,,1
3300,'20260622',615,,168485,19,,,1,185,,168489,19,,,1,146,,168492,19,0,57 14 15 9,1,200,,168495,19,0,57 14 15 9,1,200,,168498,19,0,57 14 15 9,1,95,,168500,19,0,57 14 15 9,1,290,,168505,19,,,1,116,,168506,19,0,57 14 15 9,1,200,,168510,19,0,57 14 15 9,1
3300,'20260623',615,,168520,19,,,1,185,,168524,19,,,1,146,,168527,19,0,57 14 15 9,1,200,,168530,19,0,57 14 15 9,1,200,,168533,19,0,57 14 15 9,1,95,,168535,19,0,57 14 15 9,1,290,,168540,19,,,1,116,,168541,19,0,57 14 15 9,1,200,,168545,19,0,57 14 15 9,1
3300,'20260624',615,,168555,19,,,1,185,,168559,19,,,1,146,,168562,19,0,57 14 15 9,1,200,,168565,19,0,57 14 15 9,1,200,,168568,19,0,57 14 15 9,1,95,,168570,19,0,57 14 15 9,1,290,,168575,19,,,1,116,,168576,19,0,57 14 15 9,1,200,,168580,19,0,57 14 15 9,1
3300,'20260625',615,,168590,19,,,1,185,,168594,19,,,1,146,,168597,19,0,57 14 15 9,1,200,,168600,19,0,57 14 15 9,1,200,,168603,19,0,57 14 15 9,1,95,,168605,19,0,57 14 15 9,1,290,,168610,19,,,1,116,,168611,19,0,57 14 15 9,1,200,,168615,19,0,57 14 15 9,1
3300,'20260626',615,,168625,19,,,1,185,,168629,19,,,1,146,,168632,19,0,57 14 15 9,1,200,,168635,19,0,57 14 15 9,1,200,,168638,19,0,57 14 15 9,1,95,,168640,19,0,57 14 15 9,1,290,,168645,19,,,1,116,,168646,19,0,57 14 15 9,1,200,,168650,19,0,57 14 15 9,1
3300,'20260627',651,,168653,19,,,1,195,,168654,19,,,1,97,,168655,19,0,57 14 15 9,1,100,,168656,19,,,1,200,,168657,19,,,1,200,,168658,19,,,1,200,,168659,19,,,1,205,,168661,19,,,1,200,,168662,19,,,1
3300,'20260628',651,,168664,19,,,1,195,,168665,19,,,1,97,,168666,19,0,57 14 15 9,1,100,,168667,19,,,1,200,,168668,19,,,1,200,,168669,19,,,1,200,,168670,19,,,1,205,,168672,19,,,1,200,,168673,19,,,1
3300,'20260629',615,,168682,19,,,1,185,,168686,19,,,1,146,,168689,19,0,57 14 15 9,1,200,,168692,19,0,57 14 15 9,1,200,,168695,19,0,57 14 15 9,1,95,,168697,19,0,57 14 15 9,1,290,,168702,19,,,1,116,,168703,19,0,57 14 15 9,1,200,,168707,19,0,57 14 15 9,1
3300,'20260630',615,,168717,19,,,1,185,,168721,19,,,1,146,,168724,19,0,57 14 15 9,1,200,,168727,19,0,57 14 15 9,1,200,,168730,19,0,57 14 15 9,1,95,,168732,19,0,57 14 15 9,1,290,,168737,19,,,1,116,,168738,19,0,57 14 15 9,1,200,,168742,19,0,57 14 15 9,1
3300,'20260701',651,,168745,19,,,1,195,,168746,19,,,1,97,,168747,19,0,57 14 15 9,1,100,,168748,19,,,1,200,,168749,19,,,1,200,,168750,19,,,1,200,,168751,19,,,1,205,,168753,19,,,1,200,,168754,19,,,1
3300,'20260702',615,,168763,19,,,1,185,,168767,19,,,1,146,,168770,19,0,57 14 15 9,1,200,,168773,19,0,57 14 15 9,1,200,,168776,19,0,57 14 15 9,1,95,,168778,19,0,57 14 15 9,1,290,,168783,19,,,1,116,,168784,19,0,57 14 15 9,1,200,,168788,19,0,57 14 15 9,1
3300,'20260703',615,,168798,19,,,1,185,,168802,19,,,1,146,,168805,19,0,57 14 15 9,1,200,,168808,19,0,57 14 15 9,1,200,,168811,19,0,57 14 15 9,1,95,,168813,19,0,57 14 15 9,1,290,,168818,19,,,1,116,,168819,19,0,57 14 15 9,1,200,,168823,19,0,57 14 15 9,1
3300,'20260704',651,,168826,19,,,1,195,,168827,19,,,1,97,,168828,19,0,57 14 15 9,1,100,,168829,19,,,1,200,,168830,19,,,1,200,,168831,19,,,1,200,,168832,19,,,1,205,,168834,19,,,1,200,,168835,19,,,1
3300,'20260705',651,,168837,19,,,1,195,,168838,19,,,1,97,,168839,19,0,57 14 15 9,1,100,,168840,19,,,1,200,,168841,19,,,1,200,,168842,19,,,1,200,,168843,19,,,1,205,,168845,19,,,1,200,,168846,19,,,1
3300,'20260706',615,,168855,19,,,1,185,,168859,19,,,1,146,,168862,19,0,57 14 15 9,1,200,,168865,19,0,57 14 15 9,1,200,,168868,19,0,57 14 15 9,1,95,,168870,19,0,57 14 15 9,1,290,,168875,19,,,1,116,,168876,19,0,57 14 15 9,1,200,,168880,19,0,57 14 15 9,1
3300,'20260707',615,,168890,19,,,1,185,,168894,19,,,1,146,,168897,19,0,57 14 15 9,1,200,,168900,19,0,57 14 15 9,1,200,,168903,19,0,57 14 15 9,1,95,,168905,19,0,57 14 15 9,1,290,,168910,19,,,1,116,,168911,19,0,57 14 15 9,1,200,,168915,19,0,57 14 15 9,1
3300,'20260708',615,,168925,19,,,1,185,,168929,19,,,1,146,,168932,19,0,57 14 15 9,1,200,,168935,19,0,57 14 15 9,1,200,,168938,19,0,57 14 15 9,1,95,,168940,19,0,57 14 15 9,1,290,,168945,19,,,1,116,,168946,19,0,57 14 15 9,1,200,,168950,19,0,57 14 15 9,1
3300,'20260709',615,,168960,19,,,1,185,,168964,19,,,1,146,,168967,19,0,57 14 15 9,1,200,,168970,19,0,57 14 15 9,1,200,,168973,19,0,57 14 15 9,1,95,,168975,19,0,57 14 15 9,1,290,,168980,19,,,1,116,,168981,19,0,57 14 15 9,1,200,,168985,19,0,57 14 15 9,1
3300,'20260710',615,,168995,19,,,1,185,,168999,19,,,1,146,,169002,19,0,57 14 15 9,1,200,,169005,19,0,57 14 15 9,1,200,,169008,19,0,57 14 15 9,1,95,,169010,19,0,57 14 15 9,1,290,,169015,19,,,1,116,,169016,19,0,57 14 15 9,1,200,,169020,19,0,57 14 15 9,1
3300,'20260711',651,,169023,19,,,1,195,,169024,19,,,1,97,,169025,19,0,57 14 15 9,1,100,,169026,19,,,1,200,,169027,19,,,1,200,,169028,19,,,1,200,,169029,19,,,1,205,,169031,19,,,1,200,,169032,19,,,1
3300,'20260712',651,,169034,19,,,1,195,,169035,19,,,1,97,,169036,19,0,57 14 15 9,1,100,,169037,19,,,1,200,,169038,19,,,1,200,,169039,19,,,1,200,,169040,19,,,1,205,,169042,19,,,1,200,,169043,19,,,1
3300,'20260713',615,,169052,19,,,1,185,,169056,19,,,1,146,,169059,19,0,57 14 15 9,1,200,,169062,19,0,57 14 15 9,1,200,,169065,19,0,57 14 15 9,1,95,,169067,19,0,57 14 15 9,1,290,,169072,19,,,1,116,,169073,19,0,57 14 15 9,1,200,,169077,19,0,57 14 15 9,1
3300,'20260714',615,,169087,19,,,1,185,,169091,19,,,1,146,,169094,19,0,57 14 15 9,1,200,,169097,19,0,57 14 15 9,1,200,,169100,19,0,57 14 15 9,1,95,,169102,19,0,57 14 15 9,1,290,,169107,19,,,1,116,,169108,19,0,57 14 15 9,1,200,,169112,19,0,57 14 15 9,1
3300,'20260715',615,,169122,19,,,1,185,,169126,19,,,1,146,,169129,19,0,57 14 15 9,1,200,,169132,19,0,57 14 15 9,1,200,,169135,19,0,57 14 15 9,1,95,,169137,19,0,57 14 15 9,1,290,,169142,19,,,1,116,,169143,19,0,57 14 15 9,1,200,,169147,19,0,57 14 15 9,1
3300,'20260716',615,,169157,19,,,1,185,,169161,19,,,1,146,,169164,19,0,57 14 15 9,1,200,,169167,19,0,57 14 15 9,1,200,,169170,19,0,57 14 15 9,1,95,,169172,19,0,57 14 15 9,1,290,,169177,19,,,1,116,,169178,19,0,57 14 15 9,1,200,,169182,19,0,57 14 15 9,1
3300,'20260717',615,,169192,19,,,1,185,,169196,19,,,1,146,,169199,19,0,57 14 15 9,1,200,,169202,19,0,57 14 15 9,1,200,,169205,19,0,57 14 15 9,1,95,,169207,19,0,57 14 15 9,1,290,,169212,19,,,1,116,,169213,19,0,57 14 15 9,1,200,,169217,19,0,57 14 15 9,1
3300,'20260718',651,,169220,19,,,1,195,,169221,19,,,1,97,,169222,19,0,57 14 15 9,1,100,,169223,19,,,1,200,,169224,19,,,1,200,,169225,19,,,1,200,,169226,19,,,1,205,,169228,19,,,1,200,,169229,19,,,1
3300,'20260719',651,,169231,19,,,1,195,,169232,19,,,1,97,,169233,19,0,57 14 15 9,1,100,,169234,19,,,1,200,,169235,19,,,1,200,,169236,19,,,1,200,,169237,19,,,1,205,,169239,19,,,1,200,,169240,19,,,1
3300,'20260720',615,,169249,19,,,1,185,,169253,19,,,1,146,,169256,19,0,57 14 15 9,1,200,,169259,19,0,57 14 15 9,1,200,,169262,19,0,57 14 15 9,1,95,,169264,19,0,57 14 15 9,1,290,,169269,19,,,1,116,,169270,19,0,57 14 15 9,1,200,,169274,19,0,57 14 15 9,1
3300,'20260721',615,,169284,19,,,1,185,,169288,19,,,1,146,,169291,19,0,57 14 15 9,1,200,,169294,19,0,57 14 15 9,1,200,,169297,19,0,57 14 15 9,1,95,,169299,19,0,57 14 15 9,1,290,,169304,19,,,1,116,,169305,19,0,57 14 15 9,1,200,,169309,19,0,57 14 15 9,1
3300,'20260722',615,,169319,19,,,1,185,,169323,19,,,1,146,,169326,19,0,57 14 15 9,1,200,,169329,19,0,57 14 15 9,1,200,,169332,19,0,57 14 15 9,1,95,,169334,19,0,57 14 15 9,1,290,,169339,19,,,1,116,,169340,19,0,57 14 15 9,1,200,,169344,19,0,57 14 15 9,1
3300,'20260723',615,,169354,19,,,1,185,,169358,19,,,1,146,,169361,19,0,57 14 15 9,1,200,,169364,19,0,57 14 15 9,1,200,,169367,19,0,57 14 15 9,1,95,,169369,19,0,57 14 15 9,1,290,,169374,19,,,1,116,,169375,19,0,57 14 15 9,1,200,,169379,19,0,57 14 15 9,1
3300,'20260724',615,,169389,19,,,1,185,,169393,19,,,1,146,,169396,19,0,57 14 15 9,1,200,,169399,19,0,57 14 15 9,1,200,,169402,19,0,57 14 15 9,1,95,,169404,19,0,57 14 15 9,1,290,,169409,19,,,1,116,,169410,19,0,57 14 15 9,1,200,,169414,19,0,57 14 15 9,1
3300,'20260725',651,,169417,19,,,1,195,,169418,19,,,1,97,,169419,19,0,57 14 15 9,1,100,,169420,19,,,1,200,,169421,19,,,1,200,,169422,19,,,1,200,,169423,19,,,1,205,,169425,19,,,1,200,,169426,19,,,1
3300,'20260726',651,,169428,19,,,1,195,,169429,19,,,1,97,,169430,19,0,57 14 15 9,1,100,,169431,19,,,1,200,,169432,19,,,1,200,,169433,19,,,1,200,,169434,19,,,1,205,,169436,19,,,1,200,,169437,19,,,1
3300,'20260727',615,,169446,19,,,1,185,,169450,19,,,1,146,,169453,19,0,57 14 15 9,1,200,,169456,19,0,57 14 15 9,1,200,,169459,19,0,57 14 15 9,1,95,,169461,19,0,57 14 15 9,1,290,,169466,19,,,1,116,,169467,19,0,57 14 15 9,1,200,,169471,19,0,57 14 15 9,1
3300,'20260728',615,,169481,19,,,1,185,,169485,19,,,1,146,,169488,19,0,57 14 15 9,1,200,,169491,19,0,57 14 15 9,1,200,,169494,19,0,57 14 15 9,1,95,,169496,19,0,57 14 15 9,1,290,,169501,19,,,1,116,,169502,19,0,57 14 15 9,1,200,,169506,19,0,57 14 15 9,1
3300,'20260729',615,,169516,19,,,1,185,,169520,19,,,1,146,,169523,19,0,57 14 15 9,1,200,,169526,19,0,57 14 15 9,1,200,,169529,19,0,57 14 15 9,1,95,,169531,19,0,57 14 15 9,1,290,,169536,19,,,1,116,,169537,19,0,57 14 15 9,1,200,,169541,19,0,57 14 15 9,1
3300,'20260730',615,,169551,19,,,1,185,,169555,19,,,1,146,,169558,19,0,57 14 15 9,1,200,,169561,19,0,57 14 15 9,1,200,,169564,19,0,57 14 15 9,1,95,,169566,19,0,57 14 15 9,1,290,,169571,19,,,1,116,,169572,19,0,57 14 15 9,1,200,,169576,19,0,57 14 15 9,1
3300,'20260731',615,,169586,19,,,1,185,,169590,19,,,1,146,,169593,19,0,57 14 15 9,1,200,,169596,19,0,57 14 15 9,1,200,,169599,19,0,57 14 15 9,1,95,,169601,19,0,57 14 15 9,1,290,,169606,19,,,1,116,,169607,19,0,57 14 15 9,1,200,,169611,19,0,57 14 15 9,1
3300,'20260801',651,,169614,19,,,1,195,,169615,19,,,1,97,,169616,19,0,57 14 15 9,1,100,,169617,19,,,1,200,,169618,19,,,1,200,,169619,19,,,1,200,,169620,19,,,1,205,,169622,19,,,1,200,,169623,19,,,1
3300,'20260802',651,,169625,19,,,1,195,,169626,19,,,1,97,,169627,19,0,57 14 15 9,1,100,,169628,19,,,1,200,,169629,19,,,1,200,,169630,19,,,1,200,,169631,19,,,1,205,,169633,19,,,1,200,,169634,19,,,1
3300,'20260803',651,,169636,19,,,1,195,,169637,19,,,1,97,,169638,19,0,57 14 15 9,1,100,,169639,19,,,1,200,,169640,19,,,1,200,,169641,19,,,1,200,,169642,19,,,1,205,,169644,19,,,1,200,,169645,19,,,1
3300,'20260804',615,,169654,19,,,1,185,,169658,19,,,1,146,,169661,19,0,57 14 15 9,1,200,,169664,19,0,57 14 15 9,1,200,,169667,19,0,57 14 15 9,1,95,,169669,19,0,57 14 15 9,1,290,,169674,19,,,1,116,,169675,19,0,57 14 15 9,1,200,,169679,19,0,57 14 15 9,1
3300,'20260805',615,,169689,19,,,1,185,,169693,19,,,1,146,,169696,19,0,57 14 15 9,1,200,,169699,19,0,57 14 15 9,1,200,,169702,19,0,57 14 15 9,1,95,,169704,19,0,57 14 15 9,1,290,,169709,19,,,1,116,,169710,19,0,57 14 15 9,1,200,,169714,19,0,57 14 15 9,1
3300,'20260806',615,,169724,19,,,1,185,,169728,19,,,1,146,,169731,19,0,57 14 15 9,1,200,,169734,19,0,57 14 15 9,1,200,,169737,19,0,57 14 15 9,1,95,,169739,19,0,57 14 15 9,1,290,,169744,19,,,1,116,,169745,19,0,57 14 15 9,1,200,,169749,19,0,57 14 15 9,1
3300,'20260807',615,,169759,19,,,1,185,,169763,19,,,1,146,,169766,19,0,57 14 15 9,1,200,,169769,19,0,57 14 15 9,1,200,,169772,19,0,57 14 15 9,1,95,,169774,19,0,57 14 15 9,1,290,,169779,19,,,1,116,,169780,19,0,57 14 15 9,1,200,,169784,19,0,57 14 15 9,1
3300,'20260808',651,,169787,19,,,1,195,,169788,19,,,1,97,,169789,19,0,57 14 15 9,1,100,,169790,19,,,1,200,,169791,19,,,1,200,,169792,19,,,1,200,,169793,19,,,1,205,,169795,19,,,1,200,,169796,19,,,1
3300,'20260809',651,,169798,19,,,1,195,,169799,19,,,1,97,,169800,19,0,57 14 15 9,1,100,,169801,19,,,1,200,,169802,19,,,1,200,,169803,19,,,1,200,,169804,19,,,1,205,,169806,19,,,1,200,,169807,19,,,1
3300,'20260810',615,,169816,19,,,1,185,,169820,19,,,1,146,,169823,19,0,57 14 15 9,1,200,,169826,19,0,57 14 15 9,1,200,,169829,19,0,57 14 15 9,1,95,,169831,19,0,57 14 15 9,1,290,,169836,19,,,1,116,,169837,19,0,57 14 15 9,1,200,,169841,19,0,57 14 15 9,1
3300,'20260811',615,,169851,19,,,1,185,,169855,19,,,1,146,,169858,19,0,57 14 15 9,1,200,,169861,19,0,57 14 15 9,1,200,,169864,19,0,57 14 15 9,1,95,,169866,19,0,57 14 15 9,1,290,,169871,19,,,1,116,,169872,19,0,57 14 15 9,1,200,,169876,19,0,57 14 15 9,1
3300,'20260812',615,,169886,19,,,1,185,,169890,19,,,1,146,,169893,19,0,57 14 15 9,1,200,,169896,19,0,57 14 15 9,1,200,,169899,19,0,57 14 15 9,1,95,,169901,19,0,57 14 15 9,1,290,,169906,19,,,1,116,,169907,19,0,57 14 15 9,1,200,,169911,19,0,57 14 15 9,1
3300,'20260813',615,,169921,19,,,1,185,,169925,19,,,1,146,,169928,19,0,57 14 15 9,1,200,,169931,19,0,57 14 15 9,1,200,,169934,19,0,57 14 15 9,1,95,,169936,19,0,57 14 15 9,1,290,,169941,19,,,1,116,,169942,19,0,57 14 15 9,1,200,,169946,19,0,57 14 15 9,1
3300,'20260814',615,,169956,19,,,1,185,,169960,19,,,1,146,,169963,19,0,57 14 15 9,1,200,,169966,19,0,57 14 15 9,1,200,,169969,19,0,57 14 15 9,1,95,,169971,19,0,57 14 15 9,1,290,,169976,19,,,1,116,,169977,19,0,57 14 15 9,1,200,,169981,19,0,57 14 15 9,1
3300,'20260815',651,,169984,19,,,1,195,,169985,19,,,1,97,,169986,19,0,57 14 15 9,1,100,,169987,19,,,1,200,,169988,19,,,1,200,,169989,19,,,1,200,,169990,19,,,1,205,,169992,19,,,1,200,,169993,19,,,1
3300,'20260816',651,,169995,19,,,1,195,,169996,19,,,1,97,,169997,19,0,57 14 15 9,1,100,,169998,19,,,1,200,,169999,19,,,1,200,,170000,19,,,1,200,,170001,19,,,1,205,,170003,19,,,1,200,,170004,19,,,1
3300,'20260817',615,,170013,19,,,1,185,,170017,19,,,1,146,,170020,19,0,57 14 15 9,1,200,,170023,19,0,57 14 15 9,1,200,,170026,19,0,57 14 15 9,1,95,,170028,19,0,57 14 15 9,1,290,,170033,19,,,1,116,,170034,19,0,57 14 15 9,1,200,,170038,19,0,57 14 15 9,1
3300,'20260818',615,,170048,19,,,1,185,,170052,19,,,1,146,,170055,19,0,57 14 15 9,1,200,,170058,19,0,57 14 15 9,1,200,,170061,19,0,57 14 15 9,1,95,,170063,19,0,57 14 15 9,1,290,,170068,19,,,1,116,,170069,19,0,57 14 15 9,1,200,,170073,19,0,57 14 15 9,1
3300,'20260819',615,,170083,19,,,1,185,,170087,19,,,1,146,,170090,19,0,57 14 15 9,1,200,,170093,19,0,57 14 15 9,1,200,,170096,19,0,57 14 15 9,1,95,,170098,19,0,57 14 15 9,1,290,,170103,19,,,1,116,,170104,19,0,57 14 15 9,1,200,,170108,19,0,57 14 15 9,1
3300,'20260820',615,,170118,19,,,1,185,,170122,19,,,1,146,,170125,19,0,57 14 15 9,1,200,,170128,19,0,57 14 15 9,1,200,,170131,19,0,57 14 15 9,1,95,,170133,19,0,57 14 15 9,1,290,,170138,19,,,1,116,,170139,19,0,57 14 15 9,1,200,,170143,19,0,57 14 15 9,1
3300,'20260821',615,,170153,19,,,1,185,,170157,19,,,1,146,,170160,19,0,57 14 15 9,1,200,,170163,19,0,57 14 15 9,1,200,,170166,19,0,57 14 15 9,1,95,,170168,19,0,57 14 15 9,1,290,,170173,19,,,1,116,,170174,19,0,57 14 15 9,1,200,,170178,19,0,57 14 15 9,1
3300,'20260822',651,,170181,19,,,1,195,,170182,19,,,1,97,,170183,19,0,57 14 15 9,1,100,,170184,19,,,1,200,,170185,19,,,1,200,,170186,19,,,1,200,,170187,19,,,1,205,,170189,19,,,1,200,,170190,19,,,1
3300,'20260823',651,,170192,19,,,1,195,,170193,19,,,1,97,,170194,19,0,57 14 15 9,1,100,,170195,19,,,1,200,,170196,19,,,1,200,,170197,19,,,1,200,,170198,19,,,1,205,,170200,19,,,1,200,,170201,19,,,1
3300,'20260824',615,,170210,19,,,1,185,,170214,19,,,1,146,,170217,19,0,57 14 15 9,1,200,,170220,19,0,57 14 15 9,1,200,,170223,19,0,57 14 15 9,1,95,,170225,19,0,57 14 15 9,1,290,,170230,19,,,1,116,,170231,19,0,57 14 15 9,1,200,,170235,19,0,57 14 15 9,1
3300,'20260825',615,,170245,19,,,1,185,,170249,19,,,1,146,,170252,19,0,57 14 15 9,1,200,,170255,19,0,57 14 15 9,1,200,,170258,19,0,57 14 15 9,1,95,,170260,19,0,57 14 15 9,1,290,,170265,19,,,1,116,,170266,19,0,57 14 15 9,1,200,,170270,19,0,57 14 15 9,1
3300,'20260826',615,,170280,19,,,1,185,,170284,19,,,1,146,,170287,19,0,57 14 15 9,1,200,,170290,19,0,57 14 15 9,1,200,,170293,19,0,57 14 15 9,1,95,,170295,19,0,57 14 15 9,1,290,,170300,19,,,1,116,,170301,19,0,57 14 15 9,1,200,,170305,19,0,57 14 15 9,1
3300,'20260827',615,,170315,19,,,1,185,,170319,19,,,1,146,,170322,19,0,57 14 15 9,1,200,,170325,19,0,57 14 15 9,1,200,,170328,19,0,57 14 15 9,1,95,,170330,19,0,57 14 15 9,1,290,,170335,19,,,1,116,,170336,19,0,57 14 15 9,1,200,,170340,19,0,57 14 15 9,1
3300,'20260828',615,,170350,19,,,1,185,,170354,19,,,1,146,,170357,19,0,57 14 15 9,1,200,,170360,19,0,57 14 15 9,1,200,,170363,19,0,57 14 15 9,1,95,,170365,19,0,57 14 15 9,1,290,,170370,19,,,1,116,,170371,19,0,57 14 15 9,1,200,,170375,19,0,57 14 15 9,1
3300,'20260829',651,,170378,19,,,1,195,,170379,19,,,1,97,,170380,19,0,57 14 15 9,1,100,,170381,19,,,1,200,,170382,19,,,1,200,,170383,19,,,1,200,,170384,19,,,1,205,,170386,19,,,1,200,,170387,19,,,1
3300,'20260830',651,,170389,19,,,1,195,,170390,19,,,1,97,,170391,19,0,57 14 15 9,1,100,,170392,19,,,1,200,,170393,19,,,1,200,,170394,19,,,1,200,,170395,19,,,1,205,,170397,19,,,1,200,,170398,19,,,1
3300,'20260831',615,,170407,19,,,1,185,,170411,19,,,1,146,,170414,19,0,57 14 15 9,1,200,,170417,19,0,57 14 15 9,1,200,,170420,19,0,57 14 15 9,1,95,,170422,19,0,57 14 15 9,1,290,,170427,19,,,1,116,,170428,19,0,57 14 15 9,1,200,,170432,19,0,57 14 15 9,1
3300,'20260901',615,,170442,19,,,1,185,,170446,19,,,1,146,,170449,19,0,57 14 15 9,1,200,,170452,19,0,57 14 15 9,1,200,,170455,19,0,57 14 15 9,1,95,,170457,19,0,57 14 15 9,1,290,,170462,19,,,1,116,,170463,19,0,57 14 15 9,1,200,,170467,19,0,57 14 15 9,1
3300,'20260902',615,,170477,19,,,1,185,,170481,19,,,1,146,,170484,19,0,57 14 15 9,1,200,,170487,19,0,57 14 15 9,1,200,,170490,19,0,57 14 15 9,1,95,,170492,19,0,57 14 15 9,1,290,,170497,19,,,1,116,,170498,19,0,57 14 15 9,1,200,,170502,19,0,57 14 15 9,1
3300,'20260903',615,,170512,19,,,1,185,,170516,19,,,1,146,,170519,19,0,57 14 15 9,1,200,,170522,19,0,57 14 15 9,1,200,,170525,19,0,57 14 15 9,1,95,,170527,19,0,57 14 15 9,1,290,,170532,19,,,1,116,,170533,19,0,57 14 15 9,1,200,,170537,19,0,57 14 15 9,1
3300,'20260904',615,,170547,19,,,1,185,,170551,19,,,1,146,,170554,19,0,57 14 15 9,1,200,,170557,19,0,57 14 15 9,1,200,,170560,19,0,57 14 15 9,1,95,,170562,19,0,57 14 15 9,1,290,,170567,19,,,1,116,,170568,19,0,57 14 15 9,1,200,,170572,19,0,57 14 15 9,1
