3001,'20260716',728,,163046,3,0,7 43 44 45,1,17,,163047,6,,,1,76,,163048,3,0,7 43 44 45,1,15,,163049,6,,,1,85,,163050,3,0,7 43 44 45,1,15,,163051,6,,,1,65,,163052,6,,,1,128,,163053,6,,,1,103,,163054,6,,,1,100,,163055,6,,,1,105,,163056,6,,,1,98,,163058,6,,,1,9,,163059,3,0,7 43 44 45,1,93,,163061,6,,,1,105,,163063,6,,,1,109,,163064,6,,,1,96,,163065,6,,,1,80,,163066,6,,,1,75,,163067,6,,,1,29,,163068,6,,,1,95,,163069,6,,,1,195,,163070,6,,,1,102,,163071,6,,,1
3001,'20260717',728,,163072,3,0,7 43 44 45,1,17,,163073,6,,,1,76,,163074,3,0,7 43 44 45,1,15,,163075,6,,,1,85,,163076,3,0,7 43 44 45,1,15,,163077,6,,,1,65,,163078,6,,,1,128,,163079,6,,,1,103,,163080,6,,,1,100,,163081,6,,,1,105,,163082,6,,,1,98,,163084,6,,,1,9,,163085,3,0,7 43 44 45,1,93,,163087,6,,,1,105,,163089,6,,,1,109,,163092,6,,,1,96,,163093,6,,,1,80,,163094,6,,,1,75,,163095,6,,,1,29,,163096,6,,,1,95,,163097,6,,,1,195,,163098,6,,,1,102,,163099,6,,,1
3001,'20260718',936,,163100,3,0,7 43 44 45,1,10,,163101,6,,,1,187,,163102,3,0,7 43 44 45,1,10,,163103,6,,,1,91,,163104,3,0,7 43 44 45,1,10,,163105,6,,,1,90,,163106,3,0,7 43 44 45,1,10,,163107,6,,,1,90,,163108,3,0,7 43 44 45,1,10,,163109,6,,,1,90,,163110,3,0,7 43 44 45,1,10,,163111,6,,,1,90,,163112,3,0,7 43 44 45,1,10,,163113,6,,,1,90,,163114,3,0,7 43 44 45,1,10,,163115,6,,,1,190,,163116,3,0,7 43 44 45,1,10,,163117,6,,,1,60,,163118,3,0,7 43 44 45,1,29,,163119,3,0,7 43 44 45,1,10,,163120,6,,,1,60,,163121,3,0,7 43 44 45,1,30,,163122,3,0,7 43 44 45,1,10,,163123,6,,,1,60,,163124,3,0,7 43 44 45,1,30,,163125,3,0,7 43 44 45,1,10,,163126,6,,,1,90,,163127,3,0,7 43 44 45,1,10,,163128,6,,,1,192,,163129,6,,,1
3001,'20260719',946,,163130,6,,,1,187,,163131,3,0,7 43 44 45,1,10,,163132,6,,,1,91,,163133,3,0,7 43 44 45,1,10,,163134,6,,,1,90,,163135,3,0,7 43 44 45,1,10,,163136,6,,,1,90,,163137,3,0,7 43 44 45,1,10,,163138,6,,,1,90,,163139,3,0,7 43 44 45,1,10,,163140,6,,,1,90,,163141,3,0,7 43 44 45,1,10,,163142,6,,,1,90,,163143,3,0,7 43 44 45,1,10,,163144,6,,,1,190,,163145,3,0,7 43 44 45,1,10,,163146,6,,,1,60,,163147,3,0,7 43 44 45,1,29,,163148,3,0,7 43 44 45,1,10,,163149,6,,,1,60,,163150,3,0,7 43 44 45,1,30,,163151,3,0,7 43 44 45,1,10,,163152,6,,,1,60,,163153,3,0,7 43 44 45,1,30,,163154,3,0,7 43 44 45,1,10,,163155,6,,,1,90,,163156,3,0,7 43 44 45,1,10,,163157,6,,,1,192,,163158,6,,,1
3001,'20260720',728,,163159,3,0,7 43 44 45,1,17,,163160,6,,,1,76,,163161,3,0,7 43 44 45,1,15,,163162,6,,,1,85,,163163,3,0,7 43 44 45,1,15,,163164,6,,,1,65,,163165,6,,,1,128,,163166,6,,,1,103,,163167,6,,,1,100,,163168,6,,,1,105,,163169,6,,,1,98,,163170,6,,,1,102,,163171,6,,,1,105,,163172,6,,,1,109,,163173,6,,,1,96,,163174,6,,,1,80,,163175,6,,,1,75,,163176,6,,,1,29,,163177,6,,,1,95,,163178,6,,,1,195,,163179,6,,,1,102,,163180,6,,,1
3001,'20260721',728,,163181,3,0,7 43 44 45,1,17,,163182,6,,,1,76,,163183,3,0,7 43 44 45,1,15,,163184,6,,,1,85,,163185,3,0,7 43 44 45,1,15,,163186,6,,,1,65,,163187,6,,,1,128,,163188,6,,,1,103,,163189,6,,,1,100,,163190,6,,,1,105,,163191,6,,,1,98,,163192,6,,,1,102,,163193,6,,,1,105,,163194,6,,,1,109,,163195,6,,,1,96,,163196,6,,,1,80,,163197,6,,,1,75,,163198,6,,,1,29,,163199,6,,,1,95,,163200,6,,,1,195,,163201,6,,,1,102,,163202,6,,,1
3001,'20260722',728,,163203,3,0,7 43 44 45,1,17,,163204,6,,,1,76,,163205,3,0,7 43 44 45,1,15,,163206,6,,,1,85,,163207,3,0,7 43 44 45,1,15,,163208,6,,,1,65,,163209,6,,,1,128,,163210,6,,,1,103,,163211,6,,,1,100,,163212,6,,,1,105,,163213,6,,,1,98,,163214,6,,,1,102,,163215,6,,,1,105,,163216,6,,,1,109,,163217,6,,,1,96,,163218,6,,,1,80,,163219,6,,,1,75,,163220,6,,,1,29,,163221,6,,,1,95,,163222,6,,,1,195,,163223,6,,,1,102,,163224,6,,,1
3001,'20260723',728,,163225,3,0,7 43 44 45,1,17,,163226,6,,,1,76,,163227,3,0,7 43 44 45,1,15,,163228,6,,,1,85,,163229,3,0,7 43 44 45,1,15,,163230,6,,,1,65,,163231,6,,,1,128,,163232,6,,,1,103,,163233,6,,,1,100,,163234,6,,,1,105,,163235,6,,,1,98,,163237,6,,,1,9,,163238,3,0,7 43 44 45,1,93,,163240,6,,,1,105,,163242,6,,,1,109,,163243,6,,,1,96,,163244,6,,,1,80,,163245,6,,,1,75,,163246,6,,,1,29,,163247,6,,,1,95,,163248,6,,,1,195,,163249,6,,,1,102,,163250,6,,,1
3001,'20260724',728,,163251,3,0,7 43 44 45,1,17,,163252,6,,,1,76,,163253,3,0,7 43 44 45,1,15,,163254,6,,,1,85,,163255,3,0,7 43 44 45,1,15,,163256,6,,,1,65,,163257,6,,,1,128,,163258,6,,,1,103,,163259,6,,,1,100,,163260,6,,,1,105,,163261,6,,,1,98,,163263,6,,,1,9,,163264,3,0,7 43 44 45,1,93,,163266,6,,,1,105,,163268,6,,,1,109,,163271,6,,,1,96,,163272,6,,,1,80,,163273,6,,,1,75,,163274,6,,,1,29,,163275,6,,,1,95,,163276,6,,,1,195,,163277,6,,,1,102,,163278,6,,,1
3001,'20260725',936,,163279,3,0,7 43 44 45,1,10,,163280,6,,,1,187,,163281,3,0,7 43 44 45,1,10,,163282,6,,,1,91,,163283,3,0,7 43 44 45,1,10,,163284,6,,,1,90,,163285,3,0,7 43 44 45,1,10,,163286,6,,,1,90,,163287,3,0,7 43 44 45,1,10,,163288,6,,,1,90,,163289,3,0,7 43 44 45,1,10,,163290,6,,,1,90,,163291,3,0,7 43 44 45,1,10,,163292,6,,,1,90,,163293,3,0,7 43 44 45,1,10,,163294,6,,,1,190,,163295,3,0,7 43 44 45,1,10,,163296,6,,,1,60,,163297,3,0,7 43 44 45,1,29,,163298,3,0,7 43 44 45,1,10,,163299,6,,,1,60,,163300,3,0,7 43 44 45,1,30,,163301,3,0,7 43 44 45,1,10,,163302,6,,,1,60,,163303,3,0,7 43 44 45,1,30,,163304,3,0,7 43 44 45,1,10,,163305,6,,,1,90,,163306,3,0,7 43 44 45,1,10,,163307,6,,,1,192,,163308,6,,,1
3001,'20260726',946,,163309,6,,,1,187,,163310,3,0,7 43 44 45,1,10,,163311,6,,,1,91,,163312,3,0,7 43 44 45,1,10,,163313,6,,,1,90,,163314,3,0,7 43 44 45,1,10,,163315,6,,,1,90,,163316,3,0,7 43 44 45,1,10,,163317,6,,,1,90,,163318,3,0,7 43 44 45,1,10,,163319,6,,,1,90,,163320,3,0,7 43 44 45,1,10,,163321,6,,,1,90,,163322,3,0,7 43 44 45,1,10,,163323,6,,,1,190,,163324,3,0,7 43 44 45,1,10,,163325,6,,,1,60,,163326,3,0,7 43 44 45,1,29,,163327,3,0,7 43 44 45,1,10,,163328,6,,,1,60,,163329,3,0,7 43 44 45,1,30,,163330,3,0,7 43 44 45,1,10,,163331,6,,,1,60,,163332,3,0,7 43 44 45,1,30,,163333,3,0,7 43 44 45,1,10,,163334,6,,,1,90,,163335,3,0,7 43 44 45,1,10,,163336,6,,,1,192,,163337,6,,,1
3001,'20260727',728,,163338,3,0,7 43 44 45,1,17,,163339,6,,,1,76,,163340,3,0,7 43 44 45,1,15,,163341,6,,,1,85,,163342,3,0,7 43 44 45,1,15,,163343,6,,,1,65,,163344,6,,,1,128,,163345,6,,,1,103,,163346,6,,,1,100,,163347,6,,,1,105,,163348,6,,,1,98,,163349,6,,,1,102,,163350,6,,,1,105,,163351,6,,,1,109,,163352,6,,,1,96,,163353,6,,,1,80,,163354,6,,,1,75,,163355,6,,,1,29,,163356,6,,,1,95,,163357,6,,,1,195,,163358,6,,,1,102,,163359,6,,,1
3001,'20260728',728,,163360,3,0,7 43 44 45,1,17,,163361,6,,,1,76,,163362,3,0,7 43 44 45,1,15,,163363,6,,,1,85,,163364,3,0,7 43 44 45,1,15,,163365,6,,,1,65,,163366,6,,,1,128,,163367,6,,,1,103,,163368,6,,,1,100,,163369,6,,,1,105,,163370,6,,,1,98,,163371,6,,,1,102,,163372,6,,,1,105,,163373,6,,,1,109,,163374,6,,,1,96,,163375,6,,,1,80,,163376,6,,,1,75,,163377,6,,,1,29,,163378,6,,,1,95,,163379,6,,,1,195,,163380,6,,,1,102,,163381,6,,,1
3001,'20260729',728,,163382,3,0,7 43 44 45,1,17,,163383,6,,,1,76,,163384,3,0,7 43 44 45,1,15,,163385,6,,,1,85,,163386,3,0,7 43 44 45,1,15,,163387,6,,,1,65,,163388,6,,,1,128,,163389,6,,,1,103,,163390,6,,,1,100,,163391,6,,,1,105,,163392,6,,,1,98,,163393,6,,,1,102,,163394,6,,,1,105,,163395,6,,,1,109,,163396,6,,,1,96,,163397,6,,,1,80,,163398,6,,,1,75,,163399,6,,,1,29,,163400,6,,,1,95,,163401,6,,,1,195,,163402,6,,,1,102,,163403,6,,,1
3001,'20260730',728,,163404,3,0,7 43 44 45,1,17,,163405,6,,,1,76,,163406,3,0,7 43 44 45,1,15,,163407,6,,,1,85,,163408,3,0,7 43 44 45,1,15,,163409,6,,,1,65,,163410,6,,,1,128,,163411,6,,,1,103,,163412,6,,,1,100,,163413,6,,,1,105,,163414,6,,,1,98,,163416,6,,,1,9,,163417,3,0,7 43 44 45,1,93,,163419,6,,,1,105,,163421,6,,,1,109,,163422,6,,,1,96,,163423,6,,,1,80,,163424,6,,,1,75,,163425,6,,,1,29,,163426,6,,,1,95,,163427,6,,,1,195,,163428,6,,,1,102,,163429,6,,,1
3001,'20260731',728,,163430,3,0,7 43 44 45,1,17,,163431,6,,,1,76,,163432,3,0,7 43 44 45,1,15,,163433,6,,,1,85,,163434,3,0,7 43 44 45,1,15,,163435,6,,,1,65,,163436,6,,,1,128,,163437,6,,,1,103,,163438,6,,,1,100,,163439,6,,,1,105,,163440,6,,,1,98,,163442,6,,,1,9,,163443,3,0,7 43 44 45,1,93,,163445,6,,,1,105,,163447,6,,,1,109,,163450,6,,,1,96,,163451,6,,,1,80,,163452,6,,,1,75,,163453,6,,,1,29,,163454,6,,,1,95,,163455,6,,,1,195,,163456,6,,,1,102,,163457,6,,,1
3001,'20260801',936,,163458,3,0,7 43 44 45,1,10,,163459,6,,,1,187,,163460,3,0,7 43 44 45,1,10,,163461,6,,,1,91,,163462,3,0,7 43 44 45,1,10,,163463,6,,,1,90,,163464,3,0,7 43 44 45,1,10,,163465,6,,,1,90,,163466,3,0,7 43 44 45,1,10,,163467,6,,,1,90,,163468,3,0,7 43 44 45,1,10,,163469,6,,,1,90,,163470,3,0,7 43 44 45,1,10,,163471,6,,,1,90,,163472,3,0,7 43 44 45,1,10,,163473,6,,,1,190,,163474,3,0,7 43 44 45,1,10,,163475,6,,,1,60,,163476,3,0,7 43 44 45,1,29,,163477,3,0,7 43 44 45,1,10,,163478,6,,,1,60,,163479,3,0,7 43 44 45,1,30,,163480,3,0,7 43 44 45,1,10,,163481,6,,,1,60,,163482,3,0,7 43 44 45,1,30,,163483,3,0,7 43 44 45,1,10,,163484,6,,,1,90,,163485,3,0,7 43 44 45,1,10,,163486,6,,,1,192,,163487,6,,,1
3001,'20260802',946,,163488,6,,,1,187,,163489,3,0,7 43 44 45,1,10,,163490,6,,,1,91,,163491,3,0,7 43 44 45,1,10,,163492,6,,,1,90,,163493,3,0,7 43 44 45,1,10,,163494,6,,,1,90,,163495,3,0,7 43 44 45,1,10,,163496,6,,,1,90,,163497,3,0,7 43 44 45,1,10,,163498,6,,,1,90,,163499,3,0,7 43 44 45,1,10,,163500,6,,,1,90,,163501,3,0,7 43 44 45,1,10,,163502,6,,,1,190,,163503,3,0,7 43 44 45,1,10,,163504,6,,,1,60,,163505,3,0,7 43 44 45,1,29,,163506,3,0,7 43 44 45,1,10,,163507,6,,,1,60,,163508,3,0,7 43 44 45,1,30,,163509,3,0,7 43 44 45,1,10,,163510,6,,,1,60,,163511,3,0,7 43 44 45,1,30,,163512,3,0,7 43 44 45,1,10,,163513,6,,,1,90,,163514,3,0,7 43 44 45,1,10,,163515,6,,,1,192,,163516,6,,,1
3001,'20260803',936,,163517,3,0,7 43 44 45,1,10,,163518,6,,,1,187,,163519,3,0,7 43 44 45,1,10,,163520,6,,,1,91,,163521,3,0,7 43 44 45,1,10,,163522,6,,,1,90,,163523,3,0,7 43 44 45,1,10,,163524,6,,,1,90,,163525,3,0,7 43 44 45,1,10,,163526,6,,,1,90,,163527,3,0,7 43 44 45,1,10,,163528,6,,,1,90,,163529,3,0,7 43 44 45,1,10,,163530,6,,,1,90,,163531,3,0,7 43 44 45,1,10,,163532,6,,,1,190,,163533,3,0,7 43 44 45,1,10,,163534,6,,,1,60,,163535,3,0,7 43 44 45,1,29,,163536,3,0,7 43 44 45,1,10,,163537,6,,,1,60,,163538,3,0,7 43 44 45,1,30,,163539,3,0,7 43 44 45,1,10,,163540,6,,,1,60,,163541,3,0,7 43 44 45,1,30,,163542,3,0,7 43 44 45,1,10,,163543,6,,,1,90,,163544,3,0,7 43 44 45,1,10,,163545,6,,,1,192,,163546,6,,,1
3001,'20260804',728,,163547,3,0,7 43 44 45,1,17,,163548,6,,,1,76,,163549,3,0,7 43 44 45,1,15,,163550,6,,,1,85,,163551,3,0,7 43 44 45,1,15,,163552,6,,,1,65,,163553,6,,,1,128,,163554,6,,,1,103,,163555,6,,,1,100,,163556,6,,,1,105,,163557,6,,,1,98,,163558,6,,,1,102,,163559,6,,,1,105,,163560,6,,,1,109,,163561,6,,,1,96,,163562,6,,,1,80,,163563,6,,,1,75,,163564,6,,,1,29,,163565,6,,,1,95,,163566,6,,,1,195,,163567,6,,,1,102,,163568,6,,,1
3001,'20260805',728,,163569,3,0,7 43 44 45,1,17,,163570,6,,,1,76,,163571,3,0,7 43 44 45,1,15,,163572,6,,,1,85,,163573,3,0,7 43 44 45,1,15,,163574,6,,,1,65,,163575,6,,,1,128,,163576,6,,,1,103,,163577,6,,,1,100,,163578,6,,,1,105,,163579,6,,,1,98,,163580,6,,,1,102,,163581,6,,,1,105,,163582,6,,,1,109,,163583,6,,,1,96,,163584,6,,,1,80,,163585,6,,,1,75,,163586,6,,,1,29,,163587,6,,,1,95,,163588,6,,,1,195,,163589,6,,,1,102,,163590,6,,,1
3001,'20260806',728,,163591,3,0,7 43 44 45,1,17,,163592,6,,,1,76,,163593,3,0,7 43 44 45,1,15,,163594,6,,,1,85,,163595,3,0,7 43 44 45,1,15,,163596,6,,,1,65,,163597,6,,,1,128,,163598,6,,,1,103,,163599,6,,,1,100,,163600,6,,,1,105,,163601,6,,,1,98,,163603,6,,,1,9,,163604,3,0,7 43 44 45,1,93,,163606,6,,,1,105,,163608,6,,,1,109,,163609,6,,,1,96,,163610,6,,,1,80,,163611,6,,,1,75,,163612,6,,,1,29,,163613,6,,,1,95,,163614,6,,,1,195,,163615,6,,,1,102,,163616,6,,,1
3001,'20260807',728,,163617,3,0,7 43 44 45,1,17,,163618,6,,,1,76,,163619,3,0,7 43 44 45,1,15,,163620,6,,,1,85,,163621,3,0,7 43 44 45,1,15,,163622,6,,,1,65,,163623,6,,,1,128,,163624,6,,,1,103,,163625,6,,,1,100,,163626,6,,,1,105,,163627,6,,,1,98,,163629,6,,,1,9,,163630,3,0,7 43 44 45,1,93,,163632,6,,,1,105,,163634,6,,,1,109,,163637,6,,,1,96,,163638,6,,,1,80,,163639,6,,,1,75,,163640,6,,,1,29,,163641,6,,,1,95,,163642,6,,,1,195,,163643,6,,,1,102,,163644,6,,,1
3001,'20260808',936,,163645,3,0,7 43 44 45,1,10,,163646,6,,,1,187,,163647,3,0,7 43 44 45,1,10,,163648,6,,,1,91,,163649,3,0,7 43 44 45,1,10,,163650,6,,,1,90,,163651,3,0,7 43 44 45,1,10,,163652,6,,,1,90,,163653,3,0,7 43 44 45,1,10,,163654,6,,,1,90,,163655,3,0,7 43 44 45,1,10,,163656,6,,,1,90,,163657,3,0,7 43 44 45,1,10,,163658,6,,,1,90,,163659,3,0,7 43 44 45,1,10,,163660,6,,,1,190,,163661,3,0,7 43 44 45,1,10,,163662,6,,,1,60,,163663,3,0,7 43 44 45,1,29,,163664,3,0,7 43 44 45,1,10,,163665,6,,,1,60,,163666,3,0,7 43 44 45,1,30,,163667,3,0,7 43 44 45,1,10,,163668,6,,,1,60,,163669,3,0,7 43 44 45,1,30,,163670,3,0,7 43 44 45,1,10,,163671,6,,,1,90,,163672,3,0,7 43 44 45,1,10,,163673,6,,,1,192,,163674,6,,,1
3001,'20260809',946,,163675,6,,,1,187,,163676,3,0,7 43 44 45,1,10,,163677,6,,,1,91,,163678,3,0,7 43 44 45,1,10,,163679,6,,,1,90,,163680,3,0,7 43 44 45,1,10,,163681,6,,,1,90,,163682,3,0,7 43 44 45,1,10,,163683,6,,,1,90,,163684,3,0,7 43 44 45,1,10,,163685,6,,,1,90,,163686,3,0,7 43 44 45,1,10,,163687,6,,,1,90,,163688,3,0,7 43 44 45,1,10,,163689,6,,,1,190,,163690,3,0,7 43 44 45,1,10,,163691,6,,,1,60,,163692,3,0,7 43 44 45,1,29,,163693,3,0,7 43 44 45,1,10,,163694,6,,,1,60,,163695,3,0,7 43 44 45,1,30,,163696,3,0,7 43 44 45,1,10,,163697,6,,,1,60,,163698,3,0,7 43 44 45,1,30,,163699,3,0,7 43 44 45,1,10,,163700,6,,,1,90,,163701,3,0,7 43 44 45,1,10,,163702,6,,,1,192,,163703,6,,,1
3001,'20260810',728,,163704,3,0,7 43 44 45,1,17,,163705,6,,,1,76,,163706,3,0,7 43 44 45,1,15,,163707,6,,,1,85,,163708,3,0,7 43 44 45,1,15,,163709,6,,,1,65,,163710,6,,,1,128,,163711,6,,,1,103,,163712,6,,,1,100,,163713,6,,,1,105,,163714,6,,,1,98,,163715,6,,,1,102,,163716,6,,,1,105,,163717,6,,,1,109,,163718,6,,,1,96,,163719,6,,,1,80,,163720,6,,,1,75,,163721,6,,,1,29,,163722,6,,,1,95,,163723,6,,,1,195,,163724,6,,,1,102,,163725,6,,,1
3001,'20260811',728,,163726,3,0,7 43 44 45,1,17,,163727,6,,,1,76,,163728,3,0,7 43 44 45,1,15,,163729,6,,,1,85,,163730,3,0,7 43 44 45,1,15,,163731,6,,,1,65,,163732,6,,,1,128,,163733,6,,,1,103,,163734,6,,,1,100,,163735,6,,,1,105,,163736,6,,,1,98,,163737,6,,,1,102,,163738,6,,,1,105,,163739,6,,,1,109,,163740,6,,,1,96,,163741,6,,,1,80,,163742,6,,,1,75,,163743,6,,,1,29,,163744,6,,,1,95,,163745,6,,,1,195,,163746,6,,,1,102,,163747,6,,,1
3001,'20260812',728,,163748,3,0,7 43 44 45,1,17,,163749,6,,,1,76,,163750,3,0,7 43 44 45,1,15,,163751,6,,,1,85,,163752,3,0,7 43 44 45,1,15,,163753,6,,,1,65,,163754,6,,,1,128,,163755,6,,,1,103,,163756,6,,,1,100,,163757,6,,,1,105,,163758,6,,,1,98,,163759,6,,,1,102,,163760,6,,,1,105,,163761,6,,,1,109,,163762,6,,,1,96,,163763,6,,,1,80,,163764,6,,,1,75,,163765,6,,,1,29,,163766,6,,,1,95,,163767,6,,,1,195,,163768,6,,,1,102,,163769,6,,,1
3001,'20260813',728,,163770,3,0,7 43 44 45,1,17,,163771,6,,,1,76,,163772,3,0,7 43 44 45,1,15,,163773,6,,,1,85,,163774,3,0,7 43 44 45,1,15,,163775,6,,,1,65,,163776,6,,,1,128,,163777,6,,,1,103,,163778,6,,,1,100,,163779,6,,,1,105,,163780,6,,,1,98,,163782,6,,,1,9,,163783,3,0,7 43 44 45,1,93,,163785,6,,,1,105,,163787,6,,,1,109,,163788,6,,,1,96,,163789,6,,,1,80,,163790,6,,,1,75,,163791,6,,,1,29,,163792,6,,,1,95,,163793,6,,,1,195,,163794,6,,,1,102,,163795,6,,,1
3001,'20260814',728,,163796,3,0,7 43 44 45,1,17,,163797,6,,,1,76,,163798,3,0,7 43 44 45,1,15,,163799,6,,,1,85,,163800,3,0,7 43 44 45,1,15,,163801,6,,,1,65,,163802,6,,,1,128,,163803,6,,,1,103,,163804,6,,,1,100,,163805,6,,,1,105,,163806,6,,,1,98,,163808,6,,,1,9,,163809,3,0,7 43 44 45,1,93,,163811,6,,,1,105,,163813,6,,,1,109,,163816,6,,,1,96,,163817,6,,,1,80,,163818,6,,,1,75,,163819,6,,,1,29,,163820,6,,,1,95,,163821,6,,,1,195,,163822,6,,,1,102,,163823,6,,,1
3001,'20260815',936,,163824,3,0,7 43 44 45,1,10,,163825,6,,,1,187,,163826,3,0,7 43 44 45,1,10,,163827,6,,,1,91,,163828,3,0,7 43 44 45,1,10,,163829,6,,,1,90,,163830,3,0,7 43 44 45,1,10,,163831,6,,,1,90,,163832,3,0,7 43 44 45,1,10,,163833,6,,,1,90,,163834,3,0,7 43 44 45,1,10,,163835,6,,,1,90,,163836,3,0,7 43 44 45,1,10,,163837,6,,,1,90,,163838,3,0,7 43 44 45,1,10,,163839,6,,,1,190,,163840,3,0,7 43 44 45,1,10,,163841,6,,,1,60,,163842,3,0,7 43 44 45,1,29,,163843,3,0,7 43 44 45,1,10,,163844,6,,,1,60,,163845,3,0,7 43 44 45,1,30,,163846,3,0,7 43 44 45,1,10,,163847,6,,,1,60,,163848,3,0,7 43 44 45,1,30,,163849,3,0,7 43 44 45,1,10,,163850,6,,,1,90,,163851,3,0,7 43 44 45,1,10,,163852,6,,,1,192,,163853,6,,,1
3001,'20260816',946,,163854,6,,,1,187,,163855,3,0,7 43 44 45,1,10,,163856,6,,,1,91,,163857,3,0,7 43 44 45,1,10,,163858,6,,,1,90,,163859,3,0,7 43 44 45,1,10,,163860,6,,,1,90,,163861,3,0,7 43 44 45,1,10,,163862,6,,,1,90,,163863,3,0,7 43 44 45,1,10,,163864,6,,,1,90,,163865,3,0,7 43 44 45,1,10,,163866,6,,,1,90,,163867,3,0,7 43 44 45,1,10,,163868,6,,,1,190,,163869,3,0,7 43 44 45,1,10,,163870,6,,,1,60,,163871,3,0,7 43 44 45,1,29,,163872,3,0,7 43 44 45,1,10,,163873,6,,,1,60,,163874,3,0,7 43 44 45,1,30,,163875,3,0,7 43 44 45,1,10,,163876,6,,,1,60,,163877,3,0,7 43 44 45,1,30,,163878,3,0,7 43 44 45,1,10,,163879,6,,,1,90,,163880,3,0,7 43 44 45,1,10,,163881,6,,,1,192,,163882,6,,,1
3001,'20260817',728,,163883,3,0,7 43 44 45,1,17,,163884,6,,,1,76,,163885,3,0,7 43 44 45,1,15,,163886,6,,,1,85,,163887,3,0,7 43 44 45,1,15,,163888,6,,,1,65,,163889,6,,,1,128,,163890,6,,,1,103,,163891,6,,,1,100,,163892,6,,,1,105,,163893,6,,,1,98,,163894,6,,,1,102,,163895,6,,,1,105,,163896,6,,,1,109,,163897,6,,,1,96,,163898,6,,,1,80,,163899,6,,,1,75,,163900,6,,,1,29,,163901,6,,,1,95,,163902,6,,,1,195,,163903,6,,,1,102,,163904,6,,,1
3001,'20260818',728,,163905,3,0,7 43 44 45,1,17,,163906,6,,,1,76,,163907,3,0,7 43 44 45,1,15,,163908,6,,,1,85,,163909,3,0,7 43 44 45,1,15,,163910,6,,,1,65,,163911,6,,,1,128,,163912,6,,,1,103,,163913,6,,,1,100,,163914,6,,,1,105,,163915,6,,,1,98,,163916,6,,,1,102,,163917,6,,,1,105,,163918,6,,,1,109,,163919,6,,,1,96,,163920,6,,,1,80,,163921,6,,,1,75,,163922,6,,,1,29,,163923,6,,,1,95,,163924,6,,,1,195,,163925,6,,,1,102,,163926,6,,,1
3001,'20260819',728,,163927,3,0,7 43 44 45,1,17,,163928,6,,,1,76,,163929,3,0,7 43 44 45,1,15,,163930,6,,,1,85,,163931,3,0,7 43 44 45,1,15,,163932,6,,,1,65,,163933,6,,,1,128,,163934,6,,,1,103,,163935,6,,,1,100,,163936,6,,,1,105,,163937,6,,,1,98,,163938,6,,,1,102,,163939,6,,,1,105,,163940,6,,,1,109,,163941,6,,,1,96,,163942,6,,,1,80,,163943,6,,,1,75,,163944,6,,,1,29,,163945,6,,,1,95,,163946,6,,,1,195,,163947,6,,,1,102,,163948,6,,,1
3001,'20260820',728,,163949,3,0,7 43 44 45,1,17,,163950,6,,,1,76,,163951,3,0,7 43 44 45,1,15,,163952,6,,,1,85,,163953,3,0,7 43 44 45,1,15,,163954,6,,,1,65,,163955,6,,,1,128,,163956,6,,,1,103,,163957,6,,,1,100,,163958,6,,,1,105,,163959,6,,,1,98,,163961,6,,,1,9,,163962,3,0,7 43 44 45,1,93,,163964,6,,,1,105,,163966,6,,,1,109,,163967,6,,,1,96,,163968,6,,,1,80,,163969,6,,,1,75,,163970,6,,,1,29,,163971,6,,,1,95,,163972,6,,,1,195,,163973,6,,,1,102,,163974,6,,,1
3001,'20260821',728,,163975,3,0,7 43 44 45,1,17,,163976,6,,,1,76,,163977,3,0,7 43 44 45,1,15,,163978,6,,,1,85,,163979,3,0,7 43 44 45,1,15,,163980,6,,,1,65,,163981,6,,,1,128,,163982,6,,,1,103,,163983,6,,,1,100,,163984,6,,,1,105,,163985,6,,,1,98,,163987,6,,,1,9,,163988,3,0,7 43 44 45,1,93,,163990,6,,,1,105,,163992,6,,,1,109,,163995,6,,,1,96,,163996,6,,,1,80,,163997,6,,,1,75,,163998,6,,,1,29,,163999,6,,,1,95,,164000,6,,,1,195,,164001,6,,,1,102,,164002,6,,,1
3001,'20260822',936,,164003,3,0,7 43 44 45,1,10,,164004,6,,,1,187,,164005,3,0,7 43 44 45,1,10,,164006,6,,,1,91,,164007,3,0,7 43 44 45,1,10,,164008,6,,,1,90,,164009,3,0,7 43 44 45,1,10,,164010,6,,,1,90,,164011,3,0,7 43 44 45,1,10,,164012,6,,,1,90,,164013,3,0,7 43 44 45,1,10,,164014,6,,,1,90,,164015,3,0,7 43 44 45,1,10,,164016,6,,,1,90,,164017,3,0,7 43 44 45,1,10,,164018,6,,,1,190,,164019,3,0,7 43 44 45,1,10,,164020,6,,,1,60,,164021,3,0,7 43 44 45,1,29,,164022,3,0,7 43 44 45,1,10,,164023,6,,,1,60,,164024,3,0,7 43 44 45,1,30,,164025,3,0,7 43 44 45,1,10,,164026,6,,,1,60,,164027,3,0,7 43 44 45,1,30,,164028,3,0,7 43 44 45,1,10,,164029,6,,,1,90,,164030,3,0,7 43 44 45,1,10,,164031,6,,,1,192,,164032,6,,,1
3001,'20260823',946,,164033,6,,,1,187,,164034,3,0,7 43 44 45,1,10,,164035,6,,,1,91,,164036,3,0,7 43 44 45,1,10,,164037,6,,,1,90,,164038,3,0,7 43 44 45,1,10,,164039,6,,,1,90,,164040,3,0,7 43 44 45,1,10,,164041,6,,,1,90,,164042,3,0,7 43 44 45,1,10,,164043,6,,,1,90,,164044,3,0,7 43 44 45,1,10,,164045,6,,,1,90,,164046,3,0,7 43 44 45,1,10,,164047,6,,,1,190,,164048,3,0,7 43 44 45,1,10,,164049,6,,,1,60,,164050,3,0,7 43 44 45,1,29,,164051,3,0,7 43 44 45,1,10,,164052,6,,,1,60,,164053,3,0,7 43 44 45,1,30,,164054,3,0,7 43 44 45,1,10,,164055,6,,,1,60,,164056,3,0,7 43 44 45,1,30,,164057,3,0,7 43 44 45,1,10,,164058,6,,,1,90,,164059,3,0,7 43 44 45,1,10,,164060,6,,,1,192,,164061,6,,,1
3001,'20260824',728,,164062,3,0,7 43 44 45,1,17,,164063,6,,,1,76,,164064,3,0,7 43 44 45,1,15,,164065,6,,,1,85,,164066,3,0,7 43 44 45,1,15,,164067,6,,,1,65,,164068,6,,,1,128,,164069,6,,,1,103,,164070,6,,,1,100,,164071,6,,,1,105,,164072,6,,,1,98,,164073,6,,,1,102,,164074,6,,,1,105,,164075,6,,,1,109,,164076,6,,,1,96,,164077,6,,,1,80,,164078,6,,,1,75,,164079,6,,,1,29,,164080,6,,,1,95,,164081,6,,,1,195,,164082,6,,,1,102,,164083,6,,,1
3001,'20260825',728,,164084,3,0,7 43 44 45,1,17,,164085,6,,,1,76,,164086,3,0,7 43 44 45,1,15,,164087,6,,,1,85,,164088,3,0,7 43 44 45,1,15,,164089,6,,,1,65,,164090,6,,,1,128,,164091,6,,,1,103,,164092,6,,,1,100,,164093,6,,,1,105,,164094,6,,,1,98,,164095,6,,,1,102,,164096,6,,,1,105,,164097,6,,,1,109,,164098,6,,,1,96,,164099,6,,,1,80,,164100,6,,,1,75,,164101,6,,,1,29,,164102,6,,,1,95,,164103,6,,,1,195,,164104,6,,,1,102,,164105,6,,,1
3001,'20260826',728,,164106,3,0,7 43 44 45,1,17,,164107,6,,,1,76,,164108,3,0,7 43 44 45,1,15,,164109,6,,,1,85,,164110,3,0,7 43 44 45,1,15,,164111,6,,,1,65,,164112,6,,,1,128,,164113,6,,,1,103,,164114,6,,,1,100,,164115,6,,,1,105,,164116,6,,,1,98,,164117,6,,,1,102,,164118,6,,,1,105,,164119,6,,,1,109,,164120,6,,,1,96,,164121,6,,,1,80,,164122,6,,,1,75,,164123,6,,,1,29,,164124,6,,,1,95,,164125,6,,,1,195,,164126,6,,,1,102,,164127,6,,,1
3001,'20260827',728,,164128,3,0,7 43 44 45,1,17,,164129,6,,,1,76,,164130,3,0,7 43 44 45,1,15,,164131,6,,,1,85,,164132,3,0,7 43 44 45,1,15,,164133,6,,,1,65,,164134,6,,,1,128,,164135,6,,,1,103,,164136,6,,,1,100,,164137,6,,,1,105,,164138,6,,,1,98,,164140,6,,,1,9,,164141,3,0,7 43 44 45,1,93,,164143,6,,,1,105,,164145,6,,,1,109,,164146,6,,,1,96,,164147,6,,,1,80,,164148,6,,,1,75,,164149,6,,,1,29,,164150,6,,,1,95,,164151,6,,,1,195,,164152,6,,,1,102,,164153,6,,,1
3001,'20260828',728,,164154,3,0,7 43 44 45,1,17,,164155,6,,,1,76,,164156,3,0,7 43 44 45,1,15,,164157,6,,,1,85,,164158,3,0,7 43 44 45,1,15,,164159,6,,,1,65,,164160,6,,,1,128,,164161,6,,,1,103,,164162,6,,,1,100,,164163,6,,,1,105,,164164,6,,,1,98,,164166,6,,,1,9,,164167,3,0,7 43 44 45,1,93,,164169,6,,,1,105,,164171,6,,,1,109,,164174,6,,,1,96,,164175,6,,,1,80,,164176,6,,,1,75,,164177,6,,,1,29,,164178,6,,,1,95,,164179,6,,,1,195,,164180,6,,,1,102,,164181,6,,,1
3001,'20260829',936,,164182,3,0,7 43 44 45,1,10,,164183,6,,,1,187,,164184,3,0,7 43 44 45,1,10,,164185,6,,,1,91,,164186,3,0,7 43 44 45,1,10,,164187,6,,,1,90,,164188,3,0,7 43 44 45,1,10,,164189,6,,,1,90,,164190,3,0,7 43 44 45,1,10,,164191,6,,,1,90,,164192,3,0,7 43 44 45,1,10,,164193,6,,,1,90,,164194,3,0,7 43 44 45,1,10,,164195,6,,,1,90,,164196,3,0,7 43 44 45,1,10,,164197,6,,,1,190,,164198,3,0,7 43 44 45,1,10,,164199,6,,,1,60,,164200,3,0,7 43 44 45,1,29,,164201,3,0,7 43 44 45,1,10,,164202,6,,,1,60,,164203,3,0,7 43 44 45,1,30,,164204,3,0,7 43 44 45,1,10,,164205,6,,,1,60,,164206,3,0,7 43 44 45,1,30,,164207,3,0,7 43 44 45,1,10,,164208,6,,,1,90,,164209,3,0,7 43 44 45,1,10,,164210,6,,,1,192,,164211,6,,,1
3001,'20260830',946,,164212,6,,,1,187,,164213,3,0,7 43 44 45,1,10,,164214,6,,,1,91,,164215,3,0,7 43 44 45,1,10,,164216,6,,,1,90,,164217,3,0,7 43 44 45,1,10,,164218,6,,,1,90,,164219,3,0,7 43 44 45,1,10,,164220,6,,,1,90,,164221,3,0,7 43 44 45,1,10,,164222,6,,,1,90,,164223,3,0,7 43 44 45,1,10,,164224,6,,,1,90,,164225,3,0,7 43 44 45,1,10,,164226,6,,,1,190,,164227,3,0,7 43 44 45,1,10,,164228,6,,,1,60,,164229,3,0,7 43 44 45,1,29,,164230,3,0,7 43 44 45,1,10,,164231,6,,,1,60,,164232,3,0,7 43 44 45,1,30,,164233,3,0,7 43 44 45,1,10,,164234,6,,,1,60,,164235,3,0,7 43 44 45,1,30,,164236,3,0,7 43 44 45,1,10,,164237,6,,,1,90,,164238,3,0,7 43 44 45,1,10,,164239,6,,,1,192,,164240,6,,,1
3001,'20260831',728,,164241,3,0,7 43 44 45,1,17,,164242,6,,,1,76,,164243,3,0,7 43 44 45,1,15,,164244,6,,,1,85,,164245,3,0,7 43 44 45,1,15,,164246,6,,,1,65,,164247,6,,,1,128,,164248,6,,,1,103,,164249,6,,,1,100,,164250,6,,,1,105,,164251,6,,,1,98,,164252,6,,,1,102,,164253,6,,,1,105,,164254,6,,,1,109,,164255,6,,,1,96,,164256,6,,,1,80,,164257,6,,,1,75,,164258,6,,,1,29,,164259,6,,,1,95,,164260,6,,,1,195,,164261,6,,,1,102,,164262,6,,,1
3001,'20260901',728,,164263,3,0,7 43 44 45,1,17,,164264,6,,,1,76,,164265,3,0,7 43 44 45,1,15,,164266,6,,,1,85,,164267,3,0,7 43 44 45,1,15,,164268,6,,,1,65,,164269,6,,,1,128,,164270,6,,,1,103,,164271,6,,,1,100,,164272,6,,,1,105,,164273,6,,,1,98,,164274,6,,,1,102,,164275,6,,,1,105,,164276,6,,,1,109,,164277,6,,,1,96,,164278,6,,,1,80,,164279,6,,,1,75,,164280,6,,,1,29,,164281,6,,,1,95,,164282,6,,,1,195,,164283,6,,,1,102,,164284,6,,,1
3001,'20260902',728,,164285,3,0,7 43 44 45,1,17,,164286,6,,,1,76,,164287,3,0,7 43 44 45,1,15,,164288,6,,,1,85,,164289,3,0,7 43 44 45,1,15,,164290,6,,,1,65,,164291,6,,,1,128,,164292,6,,,1,103,,164293,6,,,1,100,,164294,6,,,1,105,,164295,6,,,1,98,,164296,6,,,1,102,,164297,6,,,1,105,,164298,6,,,1,109,,164299,6,,,1,96,,164300,6,,,1,80,,164301,6,,,1,75,,164302,6,,,1,29,,164303,6,,,1,95,,164304,6,,,1,195,,164305,6,,,1,102,,164306,6,,,1
3001,'20260903',728,,164307,3,0,7 43 44 45,1,17,,164308,6,,,1,76,,164309,3,0,7 43 44 45,1,15,,164310,6,,,1,85,,164311,3,0,7 43 44 45,1,15,,164312,6,,,1,65,,164313,6,,,1,128,,164314,6,,,1,103,,164315,6,,,1,100,,164316,6,,,1,105,,164317,6,,,1,98,,164319,6,,,1,9,,164320,3,0,7 43 44 45,1,93,,164322,6,,,1,105,,164324,6,,,1,109,,164325,6,,,1,96,,164326,6,,,1,80,,164327,6,,,1,75,,164328,6,,,1,29,,164329,6,,,1,95,,164330,6,,,1,195,,164331,6,,,1,102,,164332,6,,,1
3001,'20260904',728,,164333,3,0,7 43 44 45,1,17,,164334,6,,,1,76,,164335,3,0,7 43 44 45,1,15,,164336,6,,,1,85,,164337,3,0,7 43 44 45,1,15,,164338,6,,,1,65,,164339,6,,,1,128,,164340,6,,,1,103,,164341,6,,,1,100,,164342,6,,,1,105,,164343,6,,,1,98,,164345,6,,,1,9,,164346,3,0,7 43 44 45,1,93,,164348,6,,,1,105,,164350,6,,,1,109,,164353,6,,,1,96,,164354,6,,,1,80,,164355,6,,,1,75,,164356,6,,,1,29,,164357,6,,,1,95,,164358,6,,,1,195,,164359,6,,,1,102,,164360,6,,,1
