3700,'20260707',607,,175828,10,0,7 81 82,1,118,,175829,10,0,7 81 82,1,630,,175830,10,,,1,304,,175831,10,,,1,147,,175832,10,,,1,101,,175833,10,,,1,144,,175834,10,,,1
3700,'20260708',607,,175835,10,0,7 81 82,1,118,,175836,10,0,7 81 82,1,630,,175837,10,,,1,304,,175838,10,,,1,147,,175839,10,,,1,101,,175840,10,,,1,144,,175841,10,,,1
3700,'20260709',607,,175842,10,0,7 81 82,1,118,,175843,10,0,7 81 82,1,630,,175844,10,,,1,304,,175845,10,,,1,147,,175846,10,,,1,101,,175847,10,,,1,144,,175848,10,,,1
3700,'20260710',607,,175849,10,0,7 81 82,1,118,,175850,10,0,7 81 82,1,630,,175851,10,,,1,304,,175852,10,,,1,147,,175853,10,,,1,101,,175854,10,,,1,144,,175855,10,,,1
3700,'20260713',607,,175856,10,0,7 81 82,1,118,,175857,10,0,7 81 82,1,630,,175858,10,,,1,304,,175859,10,,,1,147,,175860,10,,,1,101,,175861,10,,,1,144,,175862,10,,,1
3700,'20260714',607,,175863,10,0,7 81 82,1,118,,175864,10,0,7 81 82,1,630,,175865,10,,,1,304,,175866,10,,,1,147,,175867,10,,,1,101,,175868,10,,,1,144,,175869,10,,,1
3700,'20260715',607,,175870,10,0,7 81 82,1,118,,175871,10,0,7 81 82,1,630,,175872,10,,,1,304,,175873,10,,,1,147,,175874,10,,,1,101,,175875,10,,,1,144,,175876,10,,,1
3700,'20260716',607,,175877,10,0,7 81 82,1,118,,175878,10,0,7 81 82,1,630,,175879,10,,,1,304,,175880,10,,,1,147,,175881,10,,,1,101,,175882,10,,,1,144,,175883,10,,,1
3700,'20260717',607,,175884,10,0,7 81 82,1,118,,175885,10,0,7 81 82,1,630,,175886,10,,,1,304,,175887,10,,,1,147,,175888,10,,,1,101,,175889,10,,,1,144,,175890,10,,,1
3700,'20260720',607,,175891,10,0,7 81 82,1,118,,175892,10,0,7 81 82,1,630,,175893,10,,,1,304,,175894,10,,,1,147,,175895,10,,,1,101,,175896,10,,,1,144,,175897,10,,,1
3700,'20260721',607,,175898,10,0,7 81 82,1,118,,175899,10,0,7 81 82,1,630,,175900,10,,,1,304,,175901,10,,,1,147,,175902,10,,,1,101,,175903,10,,,1,144,,175904,10,,,1
3700,'20260722',607,,175905,10,0,7 81 82,1,118,,175906,10,0,7 81 82,1,630,,175907,10,,,1,304,,175908,10,,,1,147,,175909,10,,,1,101,,175910,10,,,1,144,,175911,10,,,1
3700,'20260723',607,,175912,10,0,7 81 82,1,118,,175913,10,0,7 81 82,1,630,,175914,10,,,1,304,,175915,10,,,1,147,,175916,10,,,1,101,,175917,10,,,1,144,,175918,10,,,1
3700,'20260724',607,,175919,10,0,7 81 82,1,118,,175920,10,0,7 81 82,1,630,,175921,10,,,1,304,,175922,10,,,1,147,,175923,10,,,1,101,,175924,10,,,1,144,,175925,10,,,1
3700,'20260727',607,,175926,10,0,7 81 82,1,118,,175927,10,0,7 81 82,1,630,,175928,10,,,1,304,,175929,10,,,1,147,,175930,10,,,1,101,,175931,10,,,1,144,,175932,10,,,1
3700,'20260728',607,,175933,10,0,7 81 82,1,118,,175934,10,0,7 81 82,1,630,,175935,10,,,1,304,,175936,10,,,1,147,,175937,10,,,1,101,,175938,10,,,1,144,,175939,10,,,1
3700,'20260729',607,,175940,10,0,7 81 82,1,118,,175941,10,0,7 81 82,1,630,,175942,10,,,1,304,,175943,10,,,1,147,,175944,10,,,1,101,,175945,10,,,1,144,,175946,10,,,1
3700,'20260730',607,,175947,10,0,7 81 82,1,118,,175948,10,0,7 81 82,1,630,,175949,10,,,1,304,,175950,10,,,1,147,,175951,10,,,1,101,,175952,10,,,1,144,,175953,10,,,1
3700,'20260731',607,,175954,10,0,7 81 82,1,118,,175955,10,0,7 81 82,1,630,,175956,10,,,1,304,,175957,10,,,1,147,,175958,10,,,1,101,,175959,10,,,1,144,,175960,10,,,1
3700,'20260804',607,,175961,10,0,7 81 82,1,118,,175962,10,0,7 81 82,1,630,,175963,10,,,1,304,,175964,10,,,1,147,,175965,10,,,1,101,,175966,10,,,1,144,,175967,10,,,1
3700,'20260805',607,,175968,10,0,7 81 82,1,118,,175969,10,0,7 81 82,1,630,,175970,10,,,1,304,,175971,10,,,1,147,,175972,10,,,1,101,,175973,10,,,1,144,,175974,10,,,1
3700,'20260806',607,,175975,10,0,7 81 82,1,118,,175976,10,0,7 81 82,1,630,,175977,10,,,1,304,,175978,10,,,1,147,,175979,10,,,1,101,,175980,10,,,1,144,,175981,10,,,1
3700,'20260807',607,,175982,10,0,7 81 82,1,118,,175983,10,0,7 81 82,1,630,,175984,10,,,1,304,,175985,10,,,1,147,,175986,10,,,1,101,,175987,10,,,1,144,,175988,10,,,1
3700,'20260810',607,,175989,10,0,7 81 82,1,118,,175990,10,0,7 81 82,1,630,,175991,10,,,1,304,,175992,10,,,1,147,,175993,10,,,1,101,,175994,10,,,1,144,,175995,10,,,1
3700,'20260811',607,,175996,10,0,7 81 82,1,118,,175997,10,0,7 81 82,1,630,,175998,10,,,1,304,,175999,10,,,1,147,,176000,10,,,1,101,,176001,10,,,1,144,,176002,10,,,1
3700,'20260812',607,,176003,10,0,7 81 82,1,118,,176004,10,0,7 81 82,1,630,,176005,10,,,1,304,,176006,10,,,1,147,,176007,10,,,1,101,,176008,10,,,1,144,,176009,10,,,1
3700,'20260813',607,,176010,10,0,7 81 82,1,118,,176011,10,0,7 81 82,1,630,,176012,10,,,1,304,,176013,10,,,1,147,,176014,10,,,1,101,,176015,10,,,1,144,,176016,10,,,1
3700,'20260814',607,,176017,10,0,7 81 82,1,118,,176018,10,0,7 81 82,1,630,,176019,10,,,1,304,,176020,10,,,1,147,,176021,10,,,1,101,,176022,10,,,1,144,,176023,10,,,1
3700,'20260817',607,,176024,10,0,7 81 82,1,118,,176025,10,0,7 81 82,1,630,,176026,10,,,1,304,,176027,10,,,1,147,,176028,10,,,1,101,,176029,10,,,1,144,,176030,10,,,1
3700,'20260818',607,,176031,10,0,7 81 82,1,118,,176032,10,0,7 81 82,1,630,,176033,10,,,1,304,,176034,10,,,1,147,,176035,10,,,1,101,,176036,10,,,1,144,,176037,10,,,1
3700,'20260819',607,,176038,10,0,7 81 82,1,118,,176039,10,0,7 81 82,1,630,,176040,10,,,1,304,,176041,10,,,1,147,,176042,10,,,1,101,,176043,10,,,1,144,,176044,10,,,1
3700,'20260820',607,,176045,10,0,7 81 82,1,118,,176046,10,0,7 81 82,1,630,,176047,10,,,1,304,,176048,10,,,1,147,,176049,10,,,1,101,,176050,10,,,1,144,,176051,10,,,1
3700,'20260821',607,,176052,10,0,7 81 82,1,118,,176053,10,0,7 81 82,1,630,,176054,10,,,1,304,,176055,10,,,1,147,,176056,10,,,1,101,,176057,10,,,1,144,,176058,10,,,1
3700,'20260824',607,,176059,10,0,7 81 82,1,118,,176060,10,0,7 81 82,1,630,,176061,10,,,1,304,,176062,10,,,1,147,,176063,10,,,1,101,,176064,10,,,1,144,,176065,10,,,1
3700,'20260825',607,,176066,10,0,7 81 82,1,118,,176067,10,0,7 81 82,1,630,,176068,10,,,1,304,,176069,10,,,1,147,,176070,10,,,1,101,,176071,10,,,1,144,,176072,10,,,1
3700,'20260826',607,,176073,10,0,7 81 82,1,118,,176074,10,0,7 81 82,1,630,,176075,10,,,1,304,,176076,10,,,1,147,,176077,10,,,1,101,,176078,10,,,1,144,,176079,10,,,1
3700,'20260827',607,,176080,10,0,7 81 82,1,118,,176081,10,0,7 81 82,1,630,,176082,10,,,1,304,,176083,10,,,1,147,,176084,10,,,1,101,,176085,10,,,1,144,,176086,10,,,1
3700,'20260828',607,,176087,10,0,7 81 82,1,118,,176088,10,0,7 81 82,1,630,,176089,10,,,1,304,,176090,10,,,1,147,,176091,10,,,1,101,,176092,10,,,1,144,,176093,10,,,1
3700,'20260831',607,,176094,10,0,7 81 82,1,118,,176095,10,0,7 81 82,1,630,,176096,10,,,1,304,,176097,10,,,1,147,,176098,10,,,1,101,,176099,10,,,1,144,,176100,10,,,1
3700,'20260901',607,,176101,10,0,7 81 82,1,118,,176102,10,0,7 81 82,1,630,,176103,10,,,1,304,,176104,10,,,1,147,,176105,10,,,1,101,,176106,10,,,1,144,,176107,10,,,1
3700,'20260902',607,,176108,10,0,7 81 82,1,118,,176109,10,0,7 81 82,1,630,,176110,10,,,1,304,,176111,10,,,1,147,,176112,10,,,1,101,,176113,10,,,1,144,,176114,10,,,1
3700,'20260903',607,,176115,10,0,7 81 82,1,118,,176116,10,0,7 81 82,1,630,,176117,10,,,1,304,,176118,10,,,1,147,,176119,10,,,1,101,,176120,10,,,1,144,,176121,10,,,1
3700,'20260904',607,,176122,10,0,7 81 82,1,118,,176123,10,0,7 81 82,1,630,,176124,10,,,1,304,,176125,10,,,1,147,,176126,10,,,1,101,,176127,10,,,1,144,,176128,10,,,1
