2101,'20260506',724,,74579,41,,,1,119,,74580,41,,,1,115,,74581,41,,,1,95,,74582,41,,,1,100,,74583,41,,,1,56,,74585,20,0,7 8 9,1,100,,74588,20,0,7 8 9,1,25,,74589,20,0,7 8 9,1,70,,74591,20,0,7 8 9,1,32,,74593,20,0,7 8 9,1,70,,74595,20,0,7 8 9,1,121,,74599,20,0,7 8 9,1,417,,74603,20,0,7 8 9,1,70,,74605,20,0,7 8 9,1,25,,74608,20,0,7 8 9,1,70,,74610,20,0,7 8 9,1,30,,74613,20,0,7 8 9,1,100,,74616,20,0,7 8 9,1,95,,74618,20,0,7 8 9,1,121,,74620,41,,,1,91,,74621,41,,,1,95,,74622,41,,,1
2101,'20260507',724,,74623,41,,,1,119,,74624,41,,,1,115,,74625,41,,,1,95,,74626,41,,,1,100,,74627,41,,,1,56,,74629,20,0,7 8 9,1,100,,74632,20,0,7 8 9,1,25,,74633,20,0,7 8 9,1,70,,74635,20,0,7 8 9,1,32,,74637,20,0,7 8 9,1,70,,74639,20,0,7 8 9,1,121,,74643,20,0,7 8 9,1,417,,74647,20,0,7 8 9,1,70,,74649,20,0,7 8 9,1,25,,74652,20,0,7 8 9,1,70,,74654,20,0,7 8 9,1,30,,74657,20,0,7 8 9,1,100,,74660,20,0,7 8 9,1,95,,74662,20,0,7 8 9,1,121,,74664,41,,,1,91,,74665,41,,,1,95,,74666,41,,,1
2101,'20260508',724,,74667,41,,,1,119,,74668,41,,,1,115,,74669,41,,,1,95,,74670,41,,,1,100,,74671,41,,,1,56,,74673,20,0,7 8 9,1,100,,74676,20,0,7 8 9,1,25,,74677,20,0,7 8 9,1,70,,74679,20,0,7 8 9,1,32,,74681,20,0,7 8 9,1,70,,74683,20,0,7 8 9,1,121,,74687,20,0,7 8 9,1,417,,74691,20,0,7 8 9,1,70,,74693,20,0,7 8 9,1,25,,74696,20,0,7 8 9,1,70,,74698,20,0,7 8 9,1,30,,74701,20,0,7 8 9,1,100,,74704,20,0,7 8 9,1,95,,74706,20,0,7 8 9,1,121,,74708,41,,,1,91,,74709,41,,,1,95,,74710,41,,,1
2101,'20260509',859,,74711,40,0,57 8 9,1,100,,74712,40,0,57 8 9,1,95,,74713,40,0,57 8 9,1,150,,74714,40,0,57 8 9,1,98,,74717,20,0,7 8 9,1,110,,74719,20,0,7 8 9,1,105,,74721,20,0,7 8 9,1,91,,74723,20,0,7 8 9,1,105,,74726,20,0,7 8 9,1,110,,74729,20,0,7 8 9,1,95,,74733,20,0,7 8 9,1,90,,74737,20,0,7 8 9,1,95,,74741,20,0,7 8 9,1,100,,74744,20,0,7 8 9,1,99,,74747,20,0,7 8 9,1,55,,74750,20,0,7 8 9,1,100,,74753,20,0,7 8 9,1,91,,74754,40,0,57 8 9,1,96,,74755,40,0,57 8 9,1,100,,74756,40,0,57 8 9,1
2101,'20260510',859,,74757,40,0,57 8 9,1,100,,74758,40,0,57 8 9,1,95,,74759,40,0,57 8 9,1,150,,74760,40,0,57 8 9,1,98,,74762,20,0,7 8 9,1,110,,74764,20,0,7 8 9,1,105,,74766,20,0,7 8 9,1,91,,74768,20,0,7 8 9,1,105,,74771,20,0,7 8 9,1,110,,74774,20,0,7 8 9,1,95,,74778,20,0,7 8 9,1,90,,74782,20,0,7 8 9,1,95,,74786,20,0,7 8 9,1,100,,74789,20,0,7 8 9,1,99,,74792,20,0,7 8 9,1,55,,74795,20,0,7 8 9,1,100,,74797,20,0,7 8 9,1,91,,74798,40,0,57 8 9,1,96,,74799,40,0,57 8 9,1,100,,74800,40,0,57 8 9,1
2101,'20260511',724,,74801,41,,,1,119,,74802,41,,,1,115,,74803,41,,,1,95,,74804,41,,,1,100,,74805,41,,,1,56,,74807,20,0,7 8 9,1,100,,74810,20,0,7 8 9,1,25,,74811,20,0,7 8 9,1,70,,74813,20,0,7 8 9,1,32,,74815,20,0,7 8 9,1,70,,74817,20,0,7 8 9,1,121,,74821,20,0,7 8 9,1,417,,74825,20,0,7 8 9,1,70,,74827,20,0,7 8 9,1,25,,74830,20,0,7 8 9,1,70,,74832,20,0,7 8 9,1,30,,74835,20,0,7 8 9,1,100,,74838,20,0,7 8 9,1,95,,74840,20,0,7 8 9,1,121,,74842,41,,,1,91,,74843,41,,,1,95,,74844,41,,,1
2101,'20260512',724,,74845,41,,,1,119,,74846,41,,,1,115,,74847,41,,,1,95,,74848,41,,,1,100,,74849,41,,,1,56,,74851,20,0,7 8 9,1,100,,74854,20,0,7 8 9,1,25,,74855,20,0,7 8 9,1,70,,74857,20,0,7 8 9,1,32,,74859,20,0,7 8 9,1,70,,74861,20,0,7 8 9,1,121,,74865,20,0,7 8 9,1,417,,74869,20,0,7 8 9,1,70,,74871,20,0,7 8 9,1,25,,74874,20,0,7 8 9,1,70,,74876,20,0,7 8 9,1,30,,74879,20,0,7 8 9,1,100,,74882,20,0,7 8 9,1,95,,74884,20,0,7 8 9,1,121,,74886,41,,,1,91,,74887,41,,,1,95,,74888,41,,,1
2101,'20260513',724,,74889,41,,,1,119,,74890,41,,,1,115,,74891,41,,,1,95,,74892,41,,,1,100,,74893,41,,,1,56,,74895,20,0,7 8 9,1,100,,74898,20,0,7 8 9,1,25,,74899,20,0,7 8 9,1,70,,74901,20,0,7 8 9,1,32,,74903,20,0,7 8 9,1,70,,74905,20,0,7 8 9,1,121,,74909,20,0,7 8 9,1,417,,74913,20,0,7 8 9,1,70,,74915,20,0,7 8 9,1,25,,74918,20,0,7 8 9,1,70,,74920,20,0,7 8 9,1,30,,74923,20,0,7 8 9,1,100,,74926,20,0,7 8 9,1,95,,74928,20,0,7 8 9,1,121,,74930,41,,,1,91,,74931,41,,,1,95,,74932,41,,,1
2101,'20260514',724,,74933,41,,,1,119,,74934,41,,,1,115,,74935,41,,,1,95,,74936,41,,,1,100,,74937,41,,,1,56,,74939,20,0,7 8 9,1,100,,74942,20,0,7 8 9,1,25,,74943,20,0,7 8 9,1,70,,74945,20,0,7 8 9,1,32,,74947,20,0,7 8 9,1,70,,74949,20,0,7 8 9,1,121,,74953,20,0,7 8 9,1,417,,74957,20,0,7 8 9,1,70,,74959,20,0,7 8 9,1,25,,74962,20,0,7 8 9,1,70,,74964,20,0,7 8 9,1,30,,74967,20,0,7 8 9,1,100,,74970,20,0,7 8 9,1,95,,74972,20,0,7 8 9,1,121,,74974,41,,,1,91,,74975,41,,,1,95,,74976,41,,,1
2101,'20260515',724,,74977,41,,,1,119,,74978,41,,,1,115,,74979,41,,,1,95,,74980,41,,,1,100,,74981,41,,,1,56,,74983,20,0,7 8 9,1,100,,74986,20,0,7 8 9,1,25,,74987,20,0,7 8 9,1,70,,74989,20,0,7 8 9,1,32,,74991,20,0,7 8 9,1,70,,74993,20,0,7 8 9,1,121,,74997,20,0,7 8 9,1,417,,75001,20,0,7 8 9,1,70,,75003,20,0,7 8 9,1,25,,75006,20,0,7 8 9,1,70,,75008,20,0,7 8 9,1,30,,75011,20,0,7 8 9,1,100,,75014,20,0,7 8 9,1,95,,75016,20,0,7 8 9,1,121,,75018,41,,,1,91,,75019,41,,,1,95,,75020,41,,,1
2101,'20260516',859,,75021,40,0,57 8 9,1,100,,75022,40,0,57 8 9,1,95,,75023,40,0,57 8 9,1,150,,75024,40,0,57 8 9,1,98,,75027,20,0,7 8 9,1,110,,75029,20,0,7 8 9,1,105,,75031,20,0,7 8 9,1,91,,75033,20,0,7 8 9,1,105,,75036,20,0,7 8 9,1,110,,75039,20,0,7 8 9,1,95,,75043,20,0,7 8 9,1,90,,75047,20,0,7 8 9,1,95,,75051,20,0,7 8 9,1,100,,75054,20,0,7 8 9,1,99,,75057,20,0,7 8 9,1,55,,75060,20,0,7 8 9,1,100,,75063,20,0,7 8 9,1,91,,75064,40,0,57 8 9,1,96,,75065,40,0,57 8 9,1,100,,75066,40,0,57 8 9,1
2101,'20260517',859,,75067,40,0,57 8 9,1,100,,75068,40,0,57 8 9,1,95,,75069,40,0,57 8 9,1,150,,75070,40,0,57 8 9,1,98,,75072,20,0,7 8 9,1,110,,75074,20,0,7 8 9,1,105,,75076,20,0,7 8 9,1,91,,75078,20,0,7 8 9,1,105,,75081,20,0,7 8 9,1,110,,75084,20,0,7 8 9,1,95,,75088,20,0,7 8 9,1,90,,75092,20,0,7 8 9,1,95,,75096,20,0,7 8 9,1,100,,75099,20,0,7 8 9,1,99,,75102,20,0,7 8 9,1,55,,75105,20,0,7 8 9,1,100,,75107,20,0,7 8 9,1,91,,75108,40,0,57 8 9,1,96,,75109,40,0,57 8 9,1,100,,75110,40,0,57 8 9,1
2101,'20260518',859,,75111,40,0,57 8 9,1,100,,75112,40,0,57 8 9,1,95,,75113,40,0,57 8 9,1,150,,75114,40,0,57 8 9,1,98,,75117,20,0,7 8 9,1,110,,75119,20,0,7 8 9,1,105,,75121,20,0,7 8 9,1,91,,75123,20,0,7 8 9,1,105,,75126,20,0,7 8 9,1,110,,75129,20,0,7 8 9,1,95,,75133,20,0,7 8 9,1,90,,75137,20,0,7 8 9,1,95,,75141,20,0,7 8 9,1,100,,75144,20,0,7 8 9,1,99,,75147,20,0,7 8 9,1,55,,75150,20,0,7 8 9,1,100,,75153,20,0,7 8 9,1,91,,75154,40,0,57 8 9,1,96,,75155,40,0,57 8 9,1,100,,75156,40,0,57 8 9,1
2101,'20260519',724,,75157,41,,,1,119,,75158,41,,,1,115,,75159,41,,,1,95,,75160,41,,,1,100,,75161,41,,,1,56,,75163,20,0,7 8 9,1,100,,75166,20,0,7 8 9,1,25,,75167,20,0,7 8 9,1,70,,75169,20,0,7 8 9,1,32,,75171,20,0,7 8 9,1,70,,75173,20,0,7 8 9,1,121,,75177,20,0,7 8 9,1,417,,75181,20,0,7 8 9,1,70,,75183,20,0,7 8 9,1,25,,75186,20,0,7 8 9,1,70,,75188,20,0,7 8 9,1,30,,75191,20,0,7 8 9,1,100,,75194,20,0,7 8 9,1,95,,75196,20,0,7 8 9,1,121,,75198,41,,,1,91,,75199,41,,,1,95,,75200,41,,,1
2101,'20260520',724,,75201,41,,,1,119,,75202,41,,,1,115,,75203,41,,,1,95,,75204,41,,,1,100,,75205,41,,,1,56,,75207,20,0,7 8 9,1,100,,75210,20,0,7 8 9,1,25,,75211,20,0,7 8 9,1,70,,75213,20,0,7 8 9,1,32,,75215,20,0,7 8 9,1,70,,75217,20,0,7 8 9,1,121,,75221,20,0,7 8 9,1,417,,75225,20,0,7 8 9,1,70,,75227,20,0,7 8 9,1,25,,75230,20,0,7 8 9,1,70,,75232,20,0,7 8 9,1,30,,75235,20,0,7 8 9,1,100,,75238,20,0,7 8 9,1,95,,75240,20,0,7 8 9,1,121,,75242,41,,,1,91,,75243,41,,,1,95,,75244,41,,,1
2101,'20260521',724,,75245,41,,,1,119,,75246,41,,,1,115,,75247,41,,,1,95,,75248,41,,,1,100,,75249,41,,,1,56,,75251,20,0,7 8 9,1,100,,75254,20,0,7 8 9,1,25,,75255,20,0,7 8 9,1,70,,75257,20,0,7 8 9,1,32,,75259,20,0,7 8 9,1,70,,75261,20,0,7 8 9,1,121,,75265,20,0,7 8 9,1,417,,75269,20,0,7 8 9,1,70,,75271,20,0,7 8 9,1,25,,75274,20,0,7 8 9,1,70,,75276,20,0,7 8 9,1,30,,75279,20,0,7 8 9,1,100,,75282,20,0,7 8 9,1,95,,75284,20,0,7 8 9,1,121,,75286,41,,,1,91,,75287,41,,,1,95,,75288,41,,,1
2101,'20260522',724,,75289,41,,,1,119,,75290,41,,,1,115,,75291,41,,,1,95,,75292,41,,,1,100,,75293,41,,,1,56,,75295,20,0,7 8 9,1,100,,75298,20,0,7 8 9,1,25,,75299,20,0,7 8 9,1,70,,75301,20,0,7 8 9,1,32,,75303,20,0,7 8 9,1,70,,75305,20,0,7 8 9,1,121,,75309,20,0,7 8 9,1,417,,75313,20,0,7 8 9,1,70,,75315,20,0,7 8 9,1,25,,75318,20,0,7 8 9,1,70,,75320,20,0,7 8 9,1,30,,75323,20,0,7 8 9,1,100,,75326,20,0,7 8 9,1,95,,75328,20,0,7 8 9,1,121,,75330,41,,,1,91,,75331,41,,,1,95,,75332,41,,,1
2101,'20260523',859,,75333,40,0,57 8 9,1,100,,75334,40,0,57 8 9,1,95,,75335,40,0,57 8 9,1,150,,75336,40,0,57 8 9,1,98,,75339,20,0,7 8 9,1,110,,75341,20,0,7 8 9,1,105,,75343,20,0,7 8 9,1,91,,75345,20,0,7 8 9,1,105,,75348,20,0,7 8 9,1,110,,75351,20,0,7 8 9,1,95,,75355,20,0,7 8 9,1,90,,75359,20,0,7 8 9,1,95,,75363,20,0,7 8 9,1,100,,75366,20,0,7 8 9,1,99,,75369,20,0,7 8 9,1,55,,75372,20,0,7 8 9,1,100,,75375,20,0,7 8 9,1,91,,75376,40,0,57 8 9,1,96,,75377,40,0,57 8 9,1,100,,75378,40,0,57 8 9,1
2101,'20260524',859,,75379,40,0,57 8 9,1,100,,75380,40,0,57 8 9,1,95,,75381,40,0,57 8 9,1,150,,75382,40,0,57 8 9,1,98,,75384,20,0,7 8 9,1,110,,75386,20,0,7 8 9,1,105,,75388,20,0,7 8 9,1,91,,75390,20,0,7 8 9,1,105,,75393,20,0,7 8 9,1,110,,75396,20,0,7 8 9,1,95,,75400,20,0,7 8 9,1,90,,75404,20,0,7 8 9,1,95,,75408,20,0,7 8 9,1,100,,75411,20,0,7 8 9,1,99,,75414,20,0,7 8 9,1,55,,75417,20,0,7 8 9,1,100,,75419,20,0,7 8 9,1,91,,75420,40,0,57 8 9,1,96,,75421,40,0,57 8 9,1,100,,75422,40,0,57 8 9,1
2101,'20260525',724,,75423,41,,,1,119,,75424,41,,,1,115,,75425,41,,,1,95,,75426,41,,,1,100,,75427,41,,,1,56,,75429,20,0,7 8 9,1,100,,75432,20,0,7 8 9,1,25,,75433,20,0,7 8 9,1,70,,75435,20,0,7 8 9,1,32,,75437,20,0,7 8 9,1,70,,75439,20,0,7 8 9,1,121,,75443,20,0,7 8 9,1,417,,75447,20,0,7 8 9,1,70,,75449,20,0,7 8 9,1,25,,75452,20,0,7 8 9,1,70,,75454,20,0,7 8 9,1,30,,75457,20,0,7 8 9,1,100,,75460,20,0,7 8 9,1,95,,75462,20,0,7 8 9,1,121,,75464,41,,,1,91,,75465,41,,,1,95,,75466,41,,,1
2101,'20260526',724,,75467,41,,,1,119,,75468,41,,,1,115,,75469,41,,,1,95,,75470,41,,,1,100,,75471,41,,,1,56,,75473,20,0,7 8 9,1,100,,75476,20,0,7 8 9,1,25,,75477,20,0,7 8 9,1,70,,75479,20,0,7 8 9,1,32,,75481,20,0,7 8 9,1,70,,75483,20,0,7 8 9,1,121,,75487,20,0,7 8 9,1,417,,75491,20,0,7 8 9,1,70,,75493,20,0,7 8 9,1,25,,75496,20,0,7 8 9,1,70,,75498,20,0,7 8 9,1,30,,75501,20,0,7 8 9,1,100,,75504,20,0,7 8 9,1,95,,75506,20,0,7 8 9,1,121,,75508,41,,,1,91,,75509,41,,,1,95,,75510,41,,,1
2101,'20260527',724,,75511,41,,,1,119,,75512,41,,,1,115,,75513,41,,,1,95,,75514,41,,,1,100,,75515,41,,,1,56,,75517,20,0,7 8 9,1,100,,75520,20,0,7 8 9,1,25,,75521,20,0,7 8 9,1,70,,75523,20,0,7 8 9,1,32,,75525,20,0,7 8 9,1,70,,75527,20,0,7 8 9,1,121,,75531,20,0,7 8 9,1,417,,75535,20,0,7 8 9,1,70,,75537,20,0,7 8 9,1,25,,75540,20,0,7 8 9,1,70,,75542,20,0,7 8 9,1,30,,75545,20,0,7 8 9,1,100,,75548,20,0,7 8 9,1,95,,75550,20,0,7 8 9,1,121,,75552,41,,,1,91,,75553,41,,,1,95,,75554,41,,,1
2101,'20260528',724,,75555,41,,,1,119,,75556,41,,,1,115,,75557,41,,,1,95,,75558,41,,,1,100,,75559,41,,,1,56,,75561,20,0,7 8 9,1,100,,75564,20,0,7 8 9,1,25,,75565,20,0,7 8 9,1,70,,75567,20,0,7 8 9,1,32,,75569,20,0,7 8 9,1,70,,75571,20,0,7 8 9,1,121,,75575,20,0,7 8 9,1,417,,75579,20,0,7 8 9,1,70,,75581,20,0,7 8 9,1,25,,75584,20,0,7 8 9,1,70,,75586,20,0,7 8 9,1,30,,75589,20,0,7 8 9,1,100,,75592,20,0,7 8 9,1,95,,75594,20,0,7 8 9,1,121,,75596,41,,,1,91,,75597,41,,,1,95,,75598,41,,,1
2101,'20260529',724,,75599,41,,,1,119,,75600,41,,,1,115,,75601,41,,,1,95,,75602,41,,,1,100,,75603,41,,,1,56,,75605,20,0,7 8 9,1,100,,75608,20,0,7 8 9,1,25,,75609,20,0,7 8 9,1,70,,75611,20,0,7 8 9,1,32,,75613,20,0,7 8 9,1,70,,75615,20,0,7 8 9,1,121,,75619,20,0,7 8 9,1,417,,75623,20,0,7 8 9,1,70,,75625,20,0,7 8 9,1,25,,75628,20,0,7 8 9,1,70,,75630,20,0,7 8 9,1,30,,75633,20,0,7 8 9,1,100,,75636,20,0,7 8 9,1,95,,75638,20,0,7 8 9,1,121,,75640,41,,,1,91,,75641,41,,,1,95,,75642,41,,,1
2101,'20260530',859,,75643,40,0,57 8 9,1,100,,75644,40,0,57 8 9,1,95,,75645,40,0,57 8 9,1,150,,75646,40,0,57 8 9,1,98,,75649,20,0,7 8 9,1,110,,75651,20,0,7 8 9,1,105,,75653,20,0,7 8 9,1,91,,75655,20,0,7 8 9,1,105,,75658,20,0,7 8 9,1,110,,75661,20,0,7 8 9,1,95,,75665,20,0,7 8 9,1,90,,75669,20,0,7 8 9,1,95,,75673,20,0,7 8 9,1,100,,75676,20,0,7 8 9,1,99,,75679,20,0,7 8 9,1,55,,75682,20,0,7 8 9,1,100,,75685,20,0,7 8 9,1,91,,75686,40,0,57 8 9,1,96,,75687,40,0,57 8 9,1,100,,75688,40,0,57 8 9,1
2101,'20260531',859,,75689,40,0,57 8 9,1,100,,75690,40,0,57 8 9,1,95,,75691,40,0,57 8 9,1,150,,75692,40,0,57 8 9,1,98,,75694,20,0,7 8 9,1,110,,75696,20,0,7 8 9,1,105,,75698,20,0,7 8 9,1,91,,75700,20,0,7 8 9,1,105,,75703,20,0,7 8 9,1,110,,75706,20,0,7 8 9,1,95,,75710,20,0,7 8 9,1,90,,75714,20,0,7 8 9,1,95,,75718,20,0,7 8 9,1,100,,75721,20,0,7 8 9,1,99,,75724,20,0,7 8 9,1,55,,75727,20,0,7 8 9,1,100,,75729,20,0,7 8 9,1,91,,75730,40,0,57 8 9,1,96,,75731,40,0,57 8 9,1,100,,75732,40,0,57 8 9,1
2101,'20260601',724,,75733,41,,,1,119,,75734,41,,,1,115,,75735,41,,,1,95,,75736,41,,,1,100,,75737,41,,,1,56,,75739,20,0,7 8 9,1,100,,75742,20,0,7 8 9,1,25,,75743,20,0,7 8 9,1,70,,75745,20,0,7 8 9,1,32,,75747,20,0,7 8 9,1,70,,75749,20,0,7 8 9,1,121,,75753,20,0,7 8 9,1,417,,75757,20,0,7 8 9,1,70,,75759,20,0,7 8 9,1,25,,75762,20,0,7 8 9,1,70,,75764,20,0,7 8 9,1,30,,75767,20,0,7 8 9,1,100,,75770,20,0,7 8 9,1,95,,75772,20,0,7 8 9,1,121,,75774,41,,,1,91,,75775,41,,,1,95,,75776,41,,,1
2101,'20260602',724,,75777,41,,,1,119,,75778,41,,,1,115,,75779,41,,,1,95,,75780,41,,,1,100,,75781,41,,,1,56,,75783,20,0,7 8 9,1,100,,75786,20,0,7 8 9,1,25,,75787,20,0,7 8 9,1,70,,75789,20,0,7 8 9,1,32,,75791,20,0,7 8 9,1,70,,75793,20,0,7 8 9,1,121,,75797,20,0,7 8 9,1,417,,75801,20,0,7 8 9,1,70,,75803,20,0,7 8 9,1,25,,75806,20,0,7 8 9,1,70,,75808,20,0,7 8 9,1,30,,75811,20,0,7 8 9,1,100,,75814,20,0,7 8 9,1,95,,75816,20,0,7 8 9,1,121,,75818,41,,,1,91,,75819,41,,,1,95,,75820,41,,,1
2101,'20260603',724,,75821,41,,,1,119,,75822,41,,,1,115,,75823,41,,,1,95,,75824,41,,,1,100,,75825,41,,,1,56,,75827,20,0,7 8 9,1,100,,75830,20,0,7 8 9,1,25,,75831,20,0,7 8 9,1,70,,75833,20,0,7 8 9,1,32,,75835,20,0,7 8 9,1,70,,75837,20,0,7 8 9,1,121,,75841,20,0,7 8 9,1,417,,75845,20,0,7 8 9,1,70,,75847,20,0,7 8 9,1,25,,75850,20,0,7 8 9,1,70,,75852,20,0,7 8 9,1,30,,75855,20,0,7 8 9,1,100,,75858,20,0,7 8 9,1,95,,75860,20,0,7 8 9,1,121,,75862,41,,,1,91,,75863,41,,,1,95,,75864,41,,,1
2101,'20260604',724,,75865,41,,,1,119,,75866,41,,,1,115,,75867,41,,,1,95,,75868,41,,,1,100,,75869,41,,,1,56,,75871,20,0,7 8 9,1,100,,75874,20,0,7 8 9,1,25,,75875,20,0,7 8 9,1,70,,75877,20,0,7 8 9,1,32,,75879,20,0,7 8 9,1,70,,75881,20,0,7 8 9,1,121,,75885,20,0,7 8 9,1,417,,75889,20,0,7 8 9,1,70,,75891,20,0,7 8 9,1,25,,75894,20,0,7 8 9,1,70,,75896,20,0,7 8 9,1,30,,75899,20,0,7 8 9,1,100,,75902,20,0,7 8 9,1,95,,75904,20,0,7 8 9,1,121,,75906,41,,,1,91,,75907,41,,,1,95,,75908,41,,,1
2101,'20260605',724,,75909,41,,,1,119,,75910,41,,,1,115,,75911,41,,,1,95,,75912,41,,,1,100,,75913,41,,,1,56,,75915,20,0,7 8 9,1,100,,75918,20,0,7 8 9,1,25,,75919,20,0,7 8 9,1,70,,75921,20,0,7 8 9,1,32,,75923,20,0,7 8 9,1,70,,75925,20,0,7 8 9,1,121,,75929,20,0,7 8 9,1,417,,75933,20,0,7 8 9,1,70,,75935,20,0,7 8 9,1,25,,75938,20,0,7 8 9,1,70,,75940,20,0,7 8 9,1,30,,75943,20,0,7 8 9,1,100,,75946,20,0,7 8 9,1,95,,75948,20,0,7 8 9,1,121,,75950,41,,,1,91,,75951,41,,,1,95,,75952,41,,,1
2101,'20260606',859,,75953,40,0,57 8 9,1,100,,75954,40,0,57 8 9,1,95,,75955,40,0,57 8 9,1,150,,75956,40,0,57 8 9,1,98,,75959,20,0,7 8 9,1,110,,75961,20,0,7 8 9,1,105,,75963,20,0,7 8 9,1,91,,75965,20,0,7 8 9,1,105,,75968,20,0,7 8 9,1,110,,75971,20,0,7 8 9,1,95,,75975,20,0,7 8 9,1,90,,75979,20,0,7 8 9,1,95,,75983,20,0,7 8 9,1,100,,75986,20,0,7 8 9,1,99,,75989,20,0,7 8 9,1,55,,75992,20,0,7 8 9,1,100,,75995,20,0,7 8 9,1,91,,75996,40,0,57 8 9,1,96,,75997,40,0,57 8 9,1,100,,75998,40,0,57 8 9,1
2101,'20260607',859,,75999,40,0,57 8 9,1,100,,76000,40,0,57 8 9,1,95,,76001,40,0,57 8 9,1,150,,76002,40,0,57 8 9,1,98,,76004,20,0,7 8 9,1,110,,76006,20,0,7 8 9,1,105,,76008,20,0,7 8 9,1,91,,76010,20,0,7 8 9,1,105,,76013,20,0,7 8 9,1,110,,76016,20,0,7 8 9,1,95,,76020,20,0,7 8 9,1,90,,76024,20,0,7 8 9,1,95,,76028,20,0,7 8 9,1,100,,76031,20,0,7 8 9,1,99,,76034,20,0,7 8 9,1,55,,76037,20,0,7 8 9,1,100,,76039,20,0,7 8 9,1,91,,76040,40,0,57 8 9,1,96,,76041,40,0,57 8 9,1,100,,76042,40,0,57 8 9,1
2101,'20260608',724,,76043,41,,,1,119,,76044,41,,,1,115,,76045,41,,,1,95,,76046,41,,,1,100,,76047,41,,,1,56,,76049,20,0,7 8 9,1,100,,76052,20,0,7 8 9,1,25,,76053,20,0,7 8 9,1,70,,76055,20,0,7 8 9,1,32,,76057,20,0,7 8 9,1,70,,76059,20,0,7 8 9,1,121,,76063,20,0,7 8 9,1,417,,76067,20,0,7 8 9,1,70,,76069,20,0,7 8 9,1,25,,76072,20,0,7 8 9,1,70,,76074,20,0,7 8 9,1,30,,76077,20,0,7 8 9,1,100,,76080,20,0,7 8 9,1,95,,76082,20,0,7 8 9,1,121,,76084,41,,,1,91,,76085,41,,,1,95,,76086,41,,,1
2101,'20260609',724,,76087,41,,,1,119,,76088,41,,,1,115,,76089,41,,,1,95,,76090,41,,,1,100,,76091,41,,,1,56,,76093,20,0,7 8 9,1,100,,76096,20,0,7 8 9,1,25,,76097,20,0,7 8 9,1,70,,76099,20,0,7 8 9,1,32,,76101,20,0,7 8 9,1,70,,76103,20,0,7 8 9,1,121,,76107,20,0,7 8 9,1,417,,76111,20,0,7 8 9,1,70,,76113,20,0,7 8 9,1,25,,76116,20,0,7 8 9,1,70,,76118,20,0,7 8 9,1,30,,76121,20,0,7 8 9,1,100,,76124,20,0,7 8 9,1,95,,76126,20,0,7 8 9,1,121,,76128,41,,,1,91,,76129,41,,,1,95,,76130,41,,,1
2101,'20260610',724,,76131,41,,,1,119,,76132,41,,,1,115,,76133,41,,,1,95,,76134,41,,,1,100,,76135,41,,,1,56,,76137,20,0,7 8 9,1,100,,76140,20,0,7 8 9,1,25,,76141,20,0,7 8 9,1,70,,76143,20,0,7 8 9,1,32,,76145,20,0,7 8 9,1,70,,76147,20,0,7 8 9,1,121,,76151,20,0,7 8 9,1,417,,76155,20,0,7 8 9,1,70,,76157,20,0,7 8 9,1,25,,76160,20,0,7 8 9,1,70,,76162,20,0,7 8 9,1,30,,76165,20,0,7 8 9,1,100,,76168,20,0,7 8 9,1,95,,76170,20,0,7 8 9,1,121,,76172,41,,,1,91,,76173,41,,,1,95,,76174,41,,,1
2101,'20260611',724,,76175,41,,,1,119,,76176,41,,,1,115,,76177,41,,,1,95,,76178,41,,,1,100,,76179,41,,,1,56,,76181,20,0,7 8 9,1,100,,76184,20,0,7 8 9,1,25,,76185,20,0,7 8 9,1,70,,76187,20,0,7 8 9,1,32,,76189,20,0,7 8 9,1,70,,76191,20,0,7 8 9,1,121,,76195,20,0,7 8 9,1,417,,76199,20,0,7 8 9,1,70,,76201,20,0,7 8 9,1,25,,76204,20,0,7 8 9,1,70,,76206,20,0,7 8 9,1,30,,76209,20,0,7 8 9,1,100,,76212,20,0,7 8 9,1,95,,76214,20,0,7 8 9,1,121,,76216,41,,,1,91,,76217,41,,,1,95,,76218,41,,,1
2101,'20260612',724,,76219,41,,,1,119,,76220,41,,,1,115,,76221,41,,,1,95,,76222,41,,,1,100,,76223,41,,,1,56,,76225,20,0,7 8 9,1,100,,76228,20,0,7 8 9,1,25,,76229,20,0,7 8 9,1,70,,76231,20,0,7 8 9,1,32,,76233,20,0,7 8 9,1,70,,76235,20,0,7 8 9,1,121,,76239,20,0,7 8 9,1,417,,76243,20,0,7 8 9,1,70,,76245,20,0,7 8 9,1,25,,76248,20,0,7 8 9,1,70,,76250,20,0,7 8 9,1,30,,76253,20,0,7 8 9,1,100,,76256,20,0,7 8 9,1,95,,76258,20,0,7 8 9,1,121,,76260,41,,,1,91,,76261,41,,,1,95,,76262,41,,,1
2200,'20260506',847,,76319,14,,,1,100,,76320,14,,,1,197,,76321,14,,,1,204,,76322,14,,,1,202,,76323,14,,,1,195,,76324,14,,,1,204,,76325,14,,,1,200,,76326,14,,,1
2200,'20260507',847,,76327,14,,,1,100,,76328,14,,,1,197,,76329,14,,,1,204,,76330,14,,,1,202,,76331,14,,,1,195,,76332,14,,,1,204,,76333,14,,,1,200,,76334,14,,,1
2200,'20260508',847,,76335,14,,,1,100,,76336,14,,,1,197,,76337,14,,,1,204,,76338,14,,,1,202,,76339,14,,,1,195,,76340,14,,,1,204,,76341,14,,,1,200,,76342,14,,,1
2200,'20260511',847,,76343,14,,,1,100,,76344,14,,,1,197,,76345,14,,,1,204,,76346,14,,,1,202,,76347,14,,,1,195,,76348,14,,,1,204,,76349,14,,,1,200,,76350,14,,,1
2200,'20260512',847,,76351,14,,,1,100,,76352,14,,,1,197,,76353,14,,,1,204,,76354,14,,,1,202,,76355,14,,,1,195,,76356,14,,,1,204,,76357,14,,,1,200,,76358,14,,,1
2200,'20260513',847,,76359,14,,,1,100,,76360,14,,,1,197,,76361,14,,,1,204,,76362,14,,,1,202,,76363,14,,,1,195,,76364,14,,,1,204,,76365,14,,,1,200,,76366,14,,,1
2200,'20260514',847,,76367,14,,,1,100,,76368,14,,,1,197,,76369,14,,,1,204,,76370,14,,,1,202,,76371,14,,,1,195,,76372,14,,,1,204,,76373,14,,,1,200,,76374,14,,,1
2200,'20260515',847,,76375,14,,,1,100,,76376,14,,,1,197,,76377,14,,,1,204,,76378,14,,,1,202,,76379,14,,,1,195,,76380,14,,,1,204,,76381,14,,,1,200,,76382,14,,,1
2200,'20260519',847,,76383,14,,,1,100,,76384,14,,,1,197,,76385,14,,,1,204,,76386,14,,,1,202,,76387,14,,,1,195,,76388,14,,,1,204,,76389,14,,,1,200,,76390,14,,,1
2200,'20260520',847,,76391,14,,,1,100,,76392,14,,,1,197,,76393,14,,,1,204,,76394,14,,,1,202,,76395,14,,,1,195,,76396,14,,,1,204,,76397,14,,,1,200,,76398,14,,,1
2200,'20260521',847,,76399,14,,,1,100,,76400,14,,,1,197,,76401,14,,,1,204,,76402,14,,,1,202,,76403,14,,,1,195,,76404,14,,,1,204,,76405,14,,,1,200,,76406,14,,,1
2200,'20260522',847,,76407,14,,,1,100,,76408,14,,,1,197,,76409,14,,,1,204,,76410,14,,,1,202,,76411,14,,,1,195,,76412,14,,,1,204,,76413,14,,,1,200,,76414,14,,,1
2200,'20260525',847,,76415,14,,,1,100,,76416,14,,,1,197,,76417,14,,,1,204,,76418,14,,,1,202,,76419,14,,,1,195,,76420,14,,,1,204,,76421,14,,,1,200,,76422,14,,,1
2200,'20260526',847,,76423,14,,,1,100,,76424,14,,,1,197,,76425,14,,,1,204,,76426,14,,,1,202,,76427,14,,,1,195,,76428,14,,,1,204,,76429,14,,,1,200,,76430,14,,,1
2200,'20260527',847,,76431,14,,,1,100,,76432,14,,,1,197,,76433,14,,,1,204,,76434,14,,,1,202,,76435,14,,,1,195,,76436,14,,,1,204,,76437,14,,,1,200,,76438,14,,,1
2200,'20260528',847,,76439,14,,,1,100,,76440,14,,,1,197,,76441,14,,,1,204,,76442,14,,,1,202,,76443,14,,,1,195,,76444,14,,,1,204,,76445,14,,,1,200,,76446,14,,,1
2200,'20260529',847,,76447,14,,,1,100,,76448,14,,,1,197,,76449,14,,,1,204,,76450,14,,,1,202,,76451,14,,,1,195,,76452,14,,,1,204,,76453,14,,,1,200,,76454,14,,,1
2200,'20260601',847,,76455,14,,,1,100,,76456,14,,,1,197,,76457,14,,,1,204,,76458,14,,,1,202,,76459,14,,,1,195,,76460,14,,,1,204,,76461,14,,,1,200,,76462,14,,,1
2200,'20260602',847,,76463,14,,,1,100,,76464,14,,,1,197,,76465,14,,,1,204,,76466,14,,,1,202,,76467,14,,,1,195,,76468,14,,,1,204,,76469,14,,,1,200,,76470,14,,,1
2200,'20260603',847,,76471,14,,,1,100,,76472,14,,,1,197,,76473,14,,,1,204,,76474,14,,,1,202,,76475,14,,,1,195,,76476,14,,,1,204,,76477,14,,,1,200,,76478,14,,,1
2200,'20260604',847,,76479,14,,,1,100,,76480,14,,,1,197,,76481,14,,,1,204,,76482,14,,,1,202,,76483,14,,,1,195,,76484,14,,,1,204,,76485,14,,,1,200,,76486,14,,,1
2200,'20260605',847,,76487,14,,,1,100,,76488,14,,,1,197,,76489,14,,,1,204,,76490,14,,,1,202,,76491,14,,,1,195,,76492,14,,,1,204,,76493,14,,,1,200,,76494,14,,,1
2200,'20260608',847,,76495,14,,,1,100,,76496,14,,,1,197,,76497,14,,,1,204,,76498,14,,,1,202,,76499,14,,,1,195,,76500,14,,,1,204,,76501,14,,,1,200,,76502,14,,,1
2200,'20260609',847,,76503,14,,,1,100,,76504,14,,,1,197,,76505,14,,,1,204,,76506,14,,,1,202,,76507,14,,,1,195,,76508,14,,,1,204,,76509,14,,,1,200,,76510,14,,,1
2200,'20260610',847,,76511,14,,,1,100,,76512,14,,,1,197,,76513,14,,,1,204,,76514,14,,,1,202,,76515,14,,,1,195,,76516,14,,,1,204,,76517,14,,,1,200,,76518,14,,,1
2200,'20260611',847,,76519,14,,,1,100,,76520,14,,,1,197,,76521,14,,,1,204,,76522,14,,,1,202,,76523,14,,,1,195,,76524,14,,,1,204,,76525,14,,,1,200,,76526,14,,,1
2200,'20260612',847,,76527,14,,,1,100,,76528,14,,,1,197,,76529,14,,,1,204,,76530,14,,,1,202,,76531,14,,,1,195,,76532,14,,,1,204,,76533,14,,,1,200,,76534,14,,,1
2701,'20260506',638,,81103,34,0,7 8 9,1,115,,81104,35,0,57 8 9,1,65,,81105,35,0,57 8 9,1,30,,81107,35,0,57 8 9,1,65,,81109,35,0,57 8 9,1,30,,81111,35,0,57 8 9,1,80,,81112,34,0,7 8 9,1,533,,81117,35,0,57 8 9,1,157,,81119,35,0,57 8 9,1,30,,81120,35,0,57 8 9,1,70,,81121,35,0,57 8 9,1,33,,81122,35,0,57 8 9,1,65,,81123,35,0,57 8 9,1,30,,81124,34,0,7 8 9,1,65,,81125,34,0,7 8 9,1
2701,'20260507',638,,81131,34,0,7 8 9,1,115,,81132,35,0,57 8 9,1,65,,81133,35,0,57 8 9,1,30,,81135,35,0,57 8 9,1,65,,81137,35,0,57 8 9,1,30,,81139,35,0,57 8 9,1,80,,81140,34,0,7 8 9,1,533,,81145,35,0,57 8 9,1,157,,81147,35,0,57 8 9,1,30,,81148,35,0,57 8 9,1,70,,81149,35,0,57 8 9,1,33,,81150,35,0,57 8 9,1,65,,81151,35,0,57 8 9,1,30,,81152,34,0,7 8 9,1,65,,81153,34,0,7 8 9,1
2701,'20260508',638,,81159,34,0,7 8 9,1,115,,81160,35,0,57 8 9,1,65,,81161,35,0,57 8 9,1,30,,81163,35,0,57 8 9,1,65,,81165,35,0,57 8 9,1,30,,81167,35,0,57 8 9,1,80,,81168,34,0,7 8 9,1,533,,81173,35,0,57 8 9,1,157,,81175,35,0,57 8 9,1,30,,81176,35,0,57 8 9,1,70,,81177,35,0,57 8 9,1,33,,81178,35,0,57 8 9,1,65,,81179,35,0,57 8 9,1,30,,81180,34,0,7 8 9,1,65,,81181,34,0,7 8 9,1
2701,'20260509',736,,81187,34,0,7 8 9,1
2701,'20260510',736,,81203,34,0,7 8 9,1
2701,'20260511',638,,81219,34,0,7 8 9,1,115,,81220,35,0,57 8 9,1,65,,81221,35,0,57 8 9,1,30,,81223,35,0,57 8 9,1,65,,81225,35,0,57 8 9,1,30,,81227,35,0,57 8 9,1,80,,81228,34,0,7 8 9,1,533,,81233,35,0,57 8 9,1,157,,81235,35,0,57 8 9,1,30,,81236,35,0,57 8 9,1,70,,81237,35,0,57 8 9,1,33,,81238,35,0,57 8 9,1,65,,81239,35,0,57 8 9,1,30,,81240,34,0,7 8 9,1,65,,81241,34,0,7 8 9,1
2701,'20260512',638,,81247,34,0,7 8 9,1,115,,81248,35,0,57 8 9,1,65,,81249,35,0,57 8 9,1,30,,81251,35,0,57 8 9,1,65,,81253,35,0,57 8 9,1,30,,81255,35,0,57 8 9,1,80,,81256,34,0,7 8 9,1,533,,81261,35,0,57 8 9,1,157,,81263,35,0,57 8 9,1,30,,81264,35,0,57 8 9,1,70,,81265,35,0,57 8 9,1,33,,81266,35,0,57 8 9,1,65,,81267,35,0,57 8 9,1,30,,81268,34,0,7 8 9,1,65,,81269,34,0,7 8 9,1
2701,'20260513',638,,81275,34,0,7 8 9,1,115,,81276,35,0,57 8 9,1,65,,81277,35,0,57 8 9,1,30,,81279,35,0,57 8 9,1,65,,81281,35,0,57 8 9,1,30,,81283,35,0,57 8 9,1,80,,81284,34,0,7 8 9,1,533,,81289,35,0,57 8 9,1,157,,81291,35,0,57 8 9,1,30,,81292,35,0,57 8 9,1,70,,81293,35,0,57 8 9,1,33,,81294,35,0,57 8 9,1,65,,81295,35,0,57 8 9,1,30,,81296,34,0,7 8 9,1,65,,81297,34,0,7 8 9,1
2701,'20260514',638,,81303,34,0,7 8 9,1,115,,81304,35,0,57 8 9,1,65,,81305,35,0,57 8 9,1,30,,81307,35,0,57 8 9,1,65,,81309,35,0,57 8 9,1,30,,81311,35,0,57 8 9,1,80,,81312,34,0,7 8 9,1,533,,81317,35,0,57 8 9,1,157,,81319,35,0,57 8 9,1,30,,81320,35,0,57 8 9,1,70,,81321,35,0,57 8 9,1,33,,81322,35,0,57 8 9,1,65,,81323,35,0,57 8 9,1,30,,81324,34,0,7 8 9,1,65,,81325,34,0,7 8 9,1
2701,'20260515',638,,81331,34,0,7 8 9,1,115,,81332,35,0,57 8 9,1,65,,81333,35,0,57 8 9,1,30,,81335,35,0,57 8 9,1,65,,81337,35,0,57 8 9,1,30,,81339,35,0,57 8 9,1,80,,81340,34,0,7 8 9,1,533,,81345,35,0,57 8 9,1,157,,81347,35,0,57 8 9,1,30,,81348,35,0,57 8 9,1,70,,81349,35,0,57 8 9,1,33,,81350,35,0,57 8 9,1,65,,81351,35,0,57 8 9,1,30,,81352,34,0,7 8 9,1,65,,81353,34,0,7 8 9,1
2701,'20260516',736,,81359,34,0,7 8 9,1
2701,'20260517',736,,81375,34,0,7 8 9,1
2701,'20260518',736,,81391,34,0,7 8 9,1
2701,'20260519',638,,81407,34,0,7 8 9,1,115,,81408,35,0,57 8 9,1,65,,81409,35,0,57 8 9,1,30,,81411,35,0,57 8 9,1,65,,81413,35,0,57 8 9,1,30,,81415,35,0,57 8 9,1,80,,81416,34,0,7 8 9,1,533,,81421,35,0,57 8 9,1,157,,81423,35,0,57 8 9,1,30,,81424,35,0,57 8 9,1,70,,81425,35,0,57 8 9,1,33,,81426,35,0,57 8 9,1,65,,81427,35,0,57 8 9,1,30,,81428,34,0,7 8 9,1,65,,81429,34,0,7 8 9,1
2701,'20260520',638,,81435,34,0,7 8 9,1,115,,81436,35,0,57 8 9,1,65,,81437,35,0,57 8 9,1,30,,81439,35,0,57 8 9,1,65,,81441,35,0,57 8 9,1,30,,81443,35,0,57 8 9,1,80,,81444,34,0,7 8 9,1,533,,81449,35,0,57 8 9,1,157,,81451,35,0,57 8 9,1,30,,81452,35,0,57 8 9,1,70,,81453,35,0,57 8 9,1,33,,81454,35,0,57 8 9,1,65,,81455,35,0,57 8 9,1,30,,81456,34,0,7 8 9,1,65,,81457,34,0,7 8 9,1
2701,'20260521',638,,81463,34,0,7 8 9,1,115,,81464,35,0,57 8 9,1,65,,81465,35,0,57 8 9,1,30,,81467,35,0,57 8 9,1,65,,81469,35,0,57 8 9,1,30,,81471,35,0,57 8 9,1,80,,81472,34,0,7 8 9,1,533,,81477,35,0,57 8 9,1,157,,81479,35,0,57 8 9,1,30,,81480,35,0,57 8 9,1,70,,81481,35,0,57 8 9,1,33,,81482,35,0,57 8 9,1,65,,81483,35,0,57 8 9,1,30,,81484,34,0,7 8 9,1,65,,81485,34,0,7 8 9,1
2701,'20260522',638,,81491,34,0,7 8 9,1,115,,81492,35,0,57 8 9,1,65,,81493,35,0,57 8 9,1,30,,81495,35,0,57 8 9,1,65,,81497,35,0,57 8 9,1,30,,81499,35,0,57 8 9,1,80,,81500,34,0,7 8 9,1,533,,81505,35,0,57 8 9,1,157,,81507,35,0,57 8 9,1,30,,81508,35,0,57 8 9,1,70,,81509,35,0,57 8 9,1,33,,81510,35,0,57 8 9,1,65,,81511,35,0,57 8 9,1,30,,81512,34,0,7 8 9,1,65,,81513,34,0,7 8 9,1
2701,'20260523',736,,81519,34,0,7 8 9,1
2701,'20260524',736,,81535,34,0,7 8 9,1
2701,'20260525',638,,81551,34,0,7 8 9,1,115,,81552,35,0,57 8 9,1,65,,81553,35,0,57 8 9,1,30,,81555,35,0,57 8 9,1,65,,81557,35,0,57 8 9,1,30,,81559,35,0,57 8 9,1,80,,81560,34,0,7 8 9,1,533,,81565,35,0,57 8 9,1,157,,81567,35,0,57 8 9,1,30,,81568,35,0,57 8 9,1,70,,81569,35,0,57 8 9,1,33,,81570,35,0,57 8 9,1,65,,81571,35,0,57 8 9,1,30,,81572,34,0,7 8 9,1,65,,81573,34,0,7 8 9,1
2701,'20260526',638,,81579,34,0,7 8 9,1,115,,81580,35,0,57 8 9,1,65,,81581,35,0,57 8 9,1,30,,81583,35,0,57 8 9,1,65,,81585,35,0,57 8 9,1,30,,81587,35,0,57 8 9,1,80,,81588,34,0,7 8 9,1,533,,81593,35,0,57 8 9,1,157,,81595,35,0,57 8 9,1,30,,81596,35,0,57 8 9,1,70,,81597,35,0,57 8 9,1,33,,81598,35,0,57 8 9,1,65,,81599,35,0,57 8 9,1,30,,81600,34,0,7 8 9,1,65,,81601,34,0,7 8 9,1
2701,'20260527',638,,81607,34,0,7 8 9,1,115,,81608,35,0,57 8 9,1,65,,81609,35,0,57 8 9,1,30,,81611,35,0,57 8 9,1,65,,81613,35,0,57 8 9,1,30,,81615,35,0,57 8 9,1,80,,81616,34,0,7 8 9,1,533,,81621,35,0,57 8 9,1,157,,81623,35,0,57 8 9,1,30,,81624,35,0,57 8 9,1,70,,81625,35,0,57 8 9,1,33,,81626,35,0,57 8 9,1,65,,81627,35,0,57 8 9,1,30,,81628,34,0,7 8 9,1,65,,81629,34,0,7 8 9,1
2701,'20260528',638,,81635,34,0,7 8 9,1,115,,81636,35,0,57 8 9,1,65,,81637,35,0,57 8 9,1,30,,81639,35,0,57 8 9,1,65,,81641,35,0,57 8 9,1,30,,81643,35,0,57 8 9,1,80,,81644,34,0,7 8 9,1,533,,81649,35,0,57 8 9,1,157,,81651,35,0,57 8 9,1,30,,81652,35,0,57 8 9,1,70,,81653,35,0,57 8 9,1,33,,81654,35,0,57 8 9,1,65,,81655,35,0,57 8 9,1,30,,81656,34,0,7 8 9,1,65,,81657,34,0,7 8 9,1
2701,'20260529',638,,81663,34,0,7 8 9,1,115,,81664,35,0,57 8 9,1,65,,81665,35,0,57 8 9,1,30,,81667,35,0,57 8 9,1,65,,81669,35,0,57 8 9,1,30,,81671,35,0,57 8 9,1,80,,81672,34,0,7 8 9,1,533,,81677,35,0,57 8 9,1,157,,81679,35,0,57 8 9,1,30,,81680,35,0,57 8 9,1,70,,81681,35,0,57 8 9,1,33,,81682,35,0,57 8 9,1,65,,81683,35,0,57 8 9,1,30,,81684,34,0,7 8 9,1,65,,81685,34,0,7 8 9,1
2701,'20260530',736,,81691,34,0,7 8 9,1
2701,'20260531',736,,81707,34,0,7 8 9,1
2701,'20260601',638,,81723,34,0,7 8 9,1,115,,81724,35,0,57 8 9,1,65,,81725,35,0,57 8 9,1,30,,81727,35,0,57 8 9,1,65,,81729,35,0,57 8 9,1,30,,81731,35,0,57 8 9,1,80,,81732,34,0,7 8 9,1,533,,81737,35,0,57 8 9,1,157,,81739,35,0,57 8 9,1,30,,81740,35,0,57 8 9,1,70,,81741,35,0,57 8 9,1,33,,81742,35,0,57 8 9,1,65,,81743,35,0,57 8 9,1,30,,81744,34,0,7 8 9,1,65,,81745,34,0,7 8 9,1
2701,'20260602',638,,81751,34,0,7 8 9,1,115,,81752,35,0,57 8 9,1,65,,81753,35,0,57 8 9,1,30,,81755,35,0,57 8 9,1,65,,81757,35,0,57 8 9,1,30,,81759,35,0,57 8 9,1,80,,81760,34,0,7 8 9,1,533,,81765,35,0,57 8 9,1,157,,81767,35,0,57 8 9,1,30,,81768,35,0,57 8 9,1,70,,81769,35,0,57 8 9,1,33,,81770,35,0,57 8 9,1,65,,81771,35,0,57 8 9,1,30,,81772,34,0,7 8 9,1,65,,81773,34,0,7 8 9,1
2701,'20260603',638,,81779,34,0,7 8 9,1,115,,81780,35,0,57 8 9,1,65,,81781,35,0,57 8 9,1,30,,81783,35,0,57 8 9,1,65,,81785,35,0,57 8 9,1,30,,81787,35,0,57 8 9,1,80,,81788,34,0,7 8 9,1,533,,81793,35,0,57 8 9,1,157,,81795,35,0,57 8 9,1,30,,81796,35,0,57 8 9,1,70,,81797,35,0,57 8 9,1,33,,81798,35,0,57 8 9,1,65,,81799,35,0,57 8 9,1,30,,81800,34,0,7 8 9,1,65,,81801,34,0,7 8 9,1
2701,'20260604',638,,81807,34,0,7 8 9,1,115,,81808,35,0,57 8 9,1,65,,81809,35,0,57 8 9,1,30,,81811,35,0,57 8 9,1,65,,81813,35,0,57 8 9,1,30,,81815,35,0,57 8 9,1,80,,81816,34,0,7 8 9,1,533,,81821,35,0,57 8 9,1,157,,81823,35,0,57 8 9,1,30,,81824,35,0,57 8 9,1,70,,81825,35,0,57 8 9,1,33,,81826,35,0,57 8 9,1,65,,81827,35,0,57 8 9,1,30,,81828,34,0,7 8 9,1,65,,81829,34,0,7 8 9,1
2701,'20260605',638,,81835,34,0,7 8 9,1,115,,81836,35,0,57 8 9,1,65,,81837,35,0,57 8 9,1,30,,81839,35,0,57 8 9,1,65,,81841,35,0,57 8 9,1,30,,81843,35,0,57 8 9,1,80,,81844,34,0,7 8 9,1,533,,81849,35,0,57 8 9,1,157,,81851,35,0,57 8 9,1,30,,81852,35,0,57 8 9,1,70,,81853,35,0,57 8 9,1,33,,81854,35,0,57 8 9,1,65,,81855,35,0,57 8 9,1,30,,81856,34,0,7 8 9,1,65,,81857,34,0,7 8 9,1
2701,'20260606',736,,81863,34,0,7 8 9,1
2701,'20260607',736,,81879,34,0,7 8 9,1
2701,'20260608',638,,81895,34,0,7 8 9,1,115,,81896,35,0,57 8 9,1,65,,81897,35,0,57 8 9,1,30,,81899,35,0,57 8 9,1,65,,81901,35,0,57 8 9,1,30,,81903,35,0,57 8 9,1,80,,81904,34,0,7 8 9,1,533,,81909,35,0,57 8 9,1,157,,81911,35,0,57 8 9,1,30,,81912,35,0,57 8 9,1,70,,81913,35,0,57 8 9,1,33,,81914,35,0,57 8 9,1,65,,81915,35,0,57 8 9,1,30,,81916,34,0,7 8 9,1,65,,81917,34,0,7 8 9,1
2701,'20260609',638,,81923,34,0,7 8 9,1,115,,81924,35,0,57 8 9,1,65,,81925,35,0,57 8 9,1,30,,81927,35,0,57 8 9,1,65,,81929,35,0,57 8 9,1,30,,81931,35,0,57 8 9,1,80,,81932,34,0,7 8 9,1,533,,81937,35,0,57 8 9,1,157,,81939,35,0,57 8 9,1,30,,81940,35,0,57 8 9,1,70,,81941,35,0,57 8 9,1,33,,81942,35,0,57 8 9,1,65,,81943,35,0,57 8 9,1,30,,81944,34,0,7 8 9,1,65,,81945,34,0,7 8 9,1
2701,'20260610',638,,81951,34,0,7 8 9,1,115,,81952,35,0,57 8 9,1,65,,81953,35,0,57 8 9,1,30,,81955,35,0,57 8 9,1,65,,81957,35,0,57 8 9,1,30,,81959,35,0,57 8 9,1,80,,81960,34,0,7 8 9,1,533,,81965,35,0,57 8 9,1,157,,81967,35,0,57 8 9,1,30,,81968,35,0,57 8 9,1,70,,81969,35,0,57 8 9,1,33,,81970,35,0,57 8 9,1,65,,81971,35,0,57 8 9,1,30,,81972,34,0,7 8 9,1,65,,81973,34,0,7 8 9,1
2701,'20260611',638,,81979,34,0,7 8 9,1,115,,81980,35,0,57 8 9,1,65,,81981,35,0,57 8 9,1,30,,81983,35,0,57 8 9,1,65,,81985,35,0,57 8 9,1,30,,81987,35,0,57 8 9,1,80,,81988,34,0,7 8 9,1,533,,81993,35,0,57 8 9,1,157,,81995,35,0,57 8 9,1,30,,81996,35,0,57 8 9,1,70,,81997,35,0,57 8 9,1,33,,81998,35,0,57 8 9,1,65,,81999,35,0,57 8 9,1,30,,82000,34,0,7 8 9,1,65,,82001,34,0,7 8 9,1
2701,'20260612',638,,82007,34,0,7 8 9,1,115,,82008,35,0,57 8 9,1,65,,82009,35,0,57 8 9,1,30,,82011,35,0,57 8 9,1,65,,82013,35,0,57 8 9,1,30,,82015,35,0,57 8 9,1,80,,82016,34,0,7 8 9,1,533,,82021,35,0,57 8 9,1,157,,82023,35,0,57 8 9,1,30,,82024,35,0,57 8 9,1,70,,82025,35,0,57 8 9,1,33,,82026,35,0,57 8 9,1,65,,82027,35,0,57 8 9,1,30,,82028,34,0,7 8 9,1,65,,82029,34,0,7 8 9,1
