6800,'20260506',635,,110551,10,,,1,100,,110552,2,0,5 27 28 9,1,105,,110553,2,0,5 27 28 9,1,388,,110554,10,,,1,99,,110555,10,,,1,293,,110556,2,0,5 27 28 9,1,408,,110558,10,,,1,94,,110559,10,,,1,100,,110560,10,,,1
6800,'20260507',635,,110561,10,,,1,100,,110562,2,0,5 27 28 9,1,105,,110563,2,0,5 27 28 9,1,388,,110564,10,,,1,99,,110565,10,,,1,293,,110566,2,0,5 27 28 9,1,408,,110568,10,,,1,94,,110569,10,,,1,100,,110570,10,,,1
6800,'20260508',635,,110571,10,,,1,100,,110572,2,0,5 27 28 9,1,105,,110573,2,0,5 27 28 9,1,388,,110574,10,,,1,99,,110575,10,,,1,293,,110576,2,0,5 27 28 9,1,408,,110578,10,,,1,94,,110579,10,,,1,100,,110580,10,,,1
6800,'20260509',824,,110581,10,,,1,301,,110582,10,,,1,300,,110583,10,,,1,400,,110584,10,,,1,200,,110585,10,,,1,490,,110586,2,0,5 27 28 9,1
6800,'20260510',824,,110587,10,,,1,301,,110588,10,,,1,300,,110589,10,,,1,400,,110590,10,,,1,200,,110591,10,,,1,490,,110592,2,0,5 27 28 9,1
6800,'20260511',635,,110593,10,,,1,100,,110594,2,0,5 27 28 9,1,105,,110595,2,0,5 27 28 9,1,388,,110596,10,,,1,99,,110597,10,,,1,293,,110598,2,0,5 27 28 9,1,408,,110600,10,,,1,94,,110601,10,,,1,100,,110602,10,,,1
6800,'20260512',635,,110603,10,,,1,100,,110604,2,0,5 27 28 9,1,105,,110605,2,0,5 27 28 9,1,388,,110606,10,,,1,99,,110607,10,,,1,293,,110608,2,0,5 27 28 9,1,408,,110610,10,,,1,94,,110611,10,,,1,100,,110612,10,,,1
6800,'20260513',635,,110613,10,,,1,100,,110614,2,0,5 27 28 9,1,105,,110615,2,0,5 27 28 9,1,388,,110616,10,,,1,99,,110617,10,,,1,293,,110618,2,0,5 27 28 9,1,408,,110620,10,,,1,94,,110621,10,,,1,100,,110622,10,,,1
6800,'20260514',635,,110623,10,,,1,100,,110624,2,0,5 27 28 9,1,105,,110625,2,0,5 27 28 9,1,388,,110626,10,,,1,99,,110627,10,,,1,293,,110628,2,0,5 27 28 9,1,408,,110630,10,,,1,94,,110631,10,,,1,100,,110632,10,,,1
6800,'20260515',635,,110633,10,,,1,100,,110634,2,0,5 27 28 9,1,105,,110635,2,0,5 27 28 9,1,388,,110636,10,,,1,99,,110637,10,,,1,293,,110638,2,0,5 27 28 9,1,408,,110640,10,,,1,94,,110641,10,,,1,100,,110642,10,,,1
6800,'20260516',824,,110643,10,,,1,301,,110644,10,,,1,300,,110645,10,,,1,400,,110646,10,,,1,200,,110647,10,,,1,490,,110648,2,0,5 27 28 9,1
6800,'20260517',824,,110649,10,,,1,301,,110650,10,,,1,300,,110651,10,,,1,400,,110652,10,,,1,200,,110653,10,,,1,490,,110654,2,0,5 27 28 9,1
6800,'20260518',824,,110655,10,,,1,301,,110656,10,,,1,300,,110657,10,,,1,400,,110658,10,,,1,200,,110659,10,,,1,490,,110660,2,0,5 27 28 9,1
6800,'20260519',635,,110661,10,,,1,100,,110662,2,0,5 27 28 9,1,105,,110663,2,0,5 27 28 9,1,388,,110664,10,,,1,99,,110665,10,,,1,293,,110666,2,0,5 27 28 9,1,408,,110668,10,,,1,94,,110669,10,,,1,100,,110670,10,,,1
6800,'20260520',635,,110671,10,,,1,100,,110672,2,0,5 27 28 9,1,105,,110673,2,0,5 27 28 9,1,388,,110674,10,,,1,99,,110675,10,,,1,293,,110676,2,0,5 27 28 9,1,408,,110678,10,,,1,94,,110679,10,,,1,100,,110680,10,,,1
6800,'20260521',635,,110681,10,,,1,100,,110682,2,0,5 27 28 9,1,105,,110683,2,0,5 27 28 9,1,388,,110684,10,,,1,99,,110685,10,,,1,293,,110686,2,0,5 27 28 9,1,408,,110688,10,,,1,94,,110689,10,,,1,100,,110690,10,,,1
6800,'20260522',635,,110691,10,,,1,100,,110692,2,0,5 27 28 9,1,105,,110693,2,0,5 27 28 9,1,388,,110694,10,,,1,99,,110695,10,,,1,293,,110696,2,0,5 27 28 9,1,408,,110698,10,,,1,94,,110699,10,,,1,100,,110700,10,,,1
6800,'20260523',824,,110701,10,,,1,218,,119918,20,0,53 27 28 9,1,83,,110702,10,,,1,223,,119920,20,0,53 27 28 9,1,77,,110703,10,,,1,223,,119922,20,0,53 27 28 9,1,177,,110704,10,,,1,123,,119924,20,0,53 27 28 9,1,77,,110705,10,,,1,213,,119926,20,0,53 27 28 9,1,10,,119927,15,0,52 97 9,1,190,,119928,20,0,53 27 28 9,1,77,,110706,2,0,5 27 28 9,1
6800,'20260524',824,,110707,10,,,1,218,,119931,20,0,53 27 28 9,1,83,,110708,10,,,1,223,,119933,20,0,53 27 28 9,1,77,,110709,10,,,1,223,,119935,20,0,53 27 28 9,1,177,,110710,10,,,1,123,,119937,20,0,53 27 28 9,1,77,,110711,10,,,1,213,,119939,20,0,53 27 28 9,1,10,,119940,15,0,52 97 9,1,190,,119941,20,0,53 27 28 9,1,77,,110712,2,0,5 27 28 9,1
6800,'20260525',635,,110713,10,,,1,100,,110714,2,0,5 27 28 9,1,105,,110715,2,0,5 27 28 9,1,388,,110716,10,,,1,99,,110717,10,,,1,293,,110718,2,0,5 27 28 9,1,408,,110720,10,,,1,94,,110721,10,,,1,100,,110722,10,,,1
6800,'20260526',635,,110723,10,,,1,100,,110724,2,0,5 27 28 9,1,105,,110725,2,0,5 27 28 9,1,388,,110726,10,,,1,99,,110727,10,,,1,293,,110728,2,0,5 27 28 9,1,408,,110730,10,,,1,94,,110731,10,,,1,100,,110732,10,,,1
6800,'20260527',635,,110733,10,,,1,100,,110734,2,0,5 27 28 9,1,105,,110735,2,0,5 27 28 9,1,388,,110736,10,,,1,99,,110737,10,,,1,293,,110738,2,0,5 27 28 9,1,408,,110740,10,,,1,94,,110741,10,,,1,100,,110742,10,,,1
6800,'20260528',635,,110743,10,,,1,100,,110744,2,0,5 27 28 9,1,105,,110745,2,0,5 27 28 9,1,388,,110746,10,,,1,99,,110747,10,,,1,293,,110748,2,0,5 27 28 9,1,408,,110750,10,,,1,94,,110751,10,,,1,100,,110752,10,,,1
6800,'20260529',635,,110753,10,,,1,100,,110754,2,0,5 27 28 9,1,105,,110755,2,0,5 27 28 9,1,388,,110756,10,,,1,99,,110757,10,,,1,293,,110758,2,0,5 27 28 9,1,408,,110760,10,,,1,94,,110761,10,,,1,100,,110762,10,,,1
6800,'20260530',824,,110763,10,,,1,301,,110764,10,,,1,300,,110765,10,,,1,400,,110766,10,,,1,200,,110767,10,,,1,490,,110768,2,0,5 27 28 9,1
6800,'20260531',824,,110769,10,,,1,301,,110770,10,,,1,300,,110771,10,,,1,400,,110772,10,,,1,200,,110773,10,,,1,490,,110774,2,0,5 27 28 9,1
6800,'20260601',635,,110775,10,,,1,100,,110776,2,0,5 27 28 9,1,105,,110777,2,0,5 27 28 9,1,388,,110778,10,,,1,99,,110779,10,,,1,293,,110780,2,0,5 27 28 9,1,408,,110782,10,,,1,94,,110783,10,,,1,100,,110784,10,,,1
6800,'20260602',635,,110785,10,,,1,100,,110786,2,0,5 27 28 9,1,105,,110787,2,0,5 27 28 9,1,388,,110788,10,,,1,99,,110789,10,,,1,293,,110790,2,0,5 27 28 9,1,408,,110792,10,,,1,94,,110793,10,,,1,100,,110794,10,,,1
6800,'20260603',635,,110795,10,,,1,100,,110796,2,0,5 27 28 9,1,105,,110797,2,0,5 27 28 9,1,388,,110798,10,,,1,99,,110799,10,,,1,293,,110800,2,0,5 27 28 9,1,408,,110802,10,,,1,94,,110803,10,,,1,100,,110804,10,,,1
6800,'20260604',635,,110805,10,,,1,100,,110806,2,0,5 27 28 9,1,105,,110807,2,0,5 27 28 9,1,388,,110808,10,,,1,99,,110809,10,,,1,293,,110810,2,0,5 27 28 9,1,408,,110812,10,,,1,94,,110813,10,,,1,100,,110814,10,,,1
6800,'20260605',635,,110815,10,,,1,100,,110816,2,0,5 27 28 9,1,105,,110817,2,0,5 27 28 9,1,388,,110818,10,,,1,99,,110819,10,,,1,293,,110820,2,0,5 27 28 9,1,408,,110822,10,,,1,94,,110823,10,,,1,100,,110824,10,,,1
6800,'20260606',824,,110825,10,,,1,301,,110826,10,,,1,300,,110827,10,,,1,400,,110828,10,,,1,200,,110829,10,,,1,490,,110830,2,0,5 27 28 9,1
6800,'20260607',824,,110831,10,,,1,301,,110832,10,,,1,300,,110833,10,,,1,400,,110834,10,,,1,200,,110835,10,,,1,490,,110836,2,0,5 27 28 9,1
6800,'20260608',635,,110837,10,,,1,100,,110838,2,0,5 27 28 9,1,105,,110839,2,0,5 27 28 9,1,388,,110840,10,,,1,99,,110841,10,,,1,293,,110842,2,0,5 27 28 9,1,408,,110844,10,,,1,94,,110845,10,,,1,100,,110846,10,,,1
6800,'20260609',635,,110847,10,,,1,100,,110848,2,0,5 27 28 9,1,105,,110849,2,0,5 27 28 9,1,388,,110850,10,,,1,99,,110851,10,,,1,293,,110852,2,0,5 27 28 9,1,408,,110854,10,,,1,94,,110855,10,,,1,100,,110856,10,,,1
6800,'20260610',635,,110857,10,,,1,100,,110858,2,0,5 27 28 9,1,105,,110859,2,0,5 27 28 9,1,388,,110860,10,,,1,99,,110861,10,,,1,293,,110862,2,0,5 27 28 9,1,408,,110864,10,,,1,94,,110865,10,,,1,100,,110866,10,,,1
6800,'20260611',635,,110867,10,,,1,100,,110868,2,0,5 27 28 9,1,105,,110869,2,0,5 27 28 9,1,388,,110870,10,,,1,99,,110871,10,,,1,293,,110872,2,0,5 27 28 9,1,408,,110874,10,,,1,94,,110875,10,,,1,100,,110876,10,,,1
6800,'20260612',635,,110877,10,,,1,100,,110878,2,0,5 27 28 9,1,105,,110879,2,0,5 27 28 9,1,388,,110880,10,,,1,99,,110881,10,,,1,293,,110882,2,0,5 27 28 9,1,408,,110884,10,,,1,94,,110885,10,,,1,100,,110886,10,,,1
