8801,'20260514',543,,113271,16,0,5 11 12 9,1,178,,113272,16,,,1,120,,113273,16,0,5 11 12 9,1,210,,113274,16,,,1,100,,113275,16,,,1,200,,113276,16,,,1,200,,113277,16,,,1,200,,113278,16,,,1,205,,113279,16,,,1,145,,113280,16,,,1,157,,113281,16,,,1
8801,'20260515',543,,113282,16,0,5 11 12 9,1,178,,113283,16,,,1,120,,113284,16,0,5 11 12 9,1,210,,113285,16,,,1,100,,113286,16,,,1,200,,113287,16,,,1,200,,113288,16,,,1,200,,113289,16,,,1,205,,113290,16,,,1,145,,113291,16,,,1,157,,113292,16,,,1
8801,'20260516',656,,113293,16,,,1,200,,113294,16,,,1,195,,113295,16,,,1,270,,113297,16,,,1,302,,113299,16,,,1,300,,113301,16,,,1,130,,113302,16,,,1,203,,113303,16,,,1
8801,'20260517',656,,113304,16,,,1,200,,113305,16,,,1,195,,113306,16,,,1,270,,113308,16,,,1,302,,113310,16,,,1,300,,113312,16,,,1,130,,113313,16,,,1,203,,113314,16,,,1
8801,'20260518',656,,113315,16,,,1,200,,113316,16,,,1,195,,113317,16,,,1,270,,113319,16,,,1,302,,113321,16,,,1,300,,113323,16,,,1,130,,113324,16,,,1,203,,113325,16,,,1
8801,'20260519',543,,113326,16,0,5 11 12 9,1,178,,113327,16,,,1,120,,113328,16,0,5 11 12 9,1,210,,113329,16,,,1,100,,113330,16,,,1,200,,113331,16,,,1,200,,113332,16,,,1,200,,113333,16,,,1,205,,113334,16,,,1,145,,113335,16,,,1,157,,113336,16,,,1
8801,'20260520',543,,113337,16,0,5 11 12 9,1,178,,113338,16,,,1,120,,113339,16,0,5 11 12 9,1,210,,113340,16,,,1,100,,113341,16,,,1,200,,113342,16,,,1,200,,113343,16,,,1,200,,113344,16,,,1,205,,113345,16,,,1,145,,113346,16,,,1,157,,113347,16,,,1
8801,'20260521',543,,113348,16,0,5 11 12 9,1,178,,113349,16,,,1,120,,113350,16,0,5 11 12 9,1,210,,113351,16,,,1,100,,113352,16,,,1,200,,113353,16,,,1,200,,113354,16,,,1,200,,113355,16,,,1,205,,113356,16,,,1,145,,113357,16,,,1,157,,113358,16,,,1
8801,'20260522',543,,113359,16,0,5 11 12 9,1,178,,113360,16,,,1,120,,113361,16,0,5 11 12 9,1,210,,113362,16,,,1,100,,113363,16,,,1,200,,113364,16,,,1,200,,113365,16,,,1,200,,113366,16,,,1,205,,113367,16,,,1,145,,113368,16,,,1,157,,113369,16,,,1
8801,'20260523',656,,113370,16,,,1,200,,113371,16,,,1,195,,113372,16,,,1,270,,113374,16,,,1,302,,113376,16,,,1,300,,113378,16,,,1,130,,113379,16,,,1,203,,113380,16,,,1
8801,'20260524',656,,113381,16,,,1,200,,113382,16,,,1,195,,113383,16,,,1,270,,113385,16,,,1,302,,113387,16,,,1,300,,113389,16,,,1,130,,113390,16,,,1,203,,113391,16,,,1
8801,'20260525',543,,113392,16,0,5 11 12 9,1,178,,113393,16,,,1,120,,113394,16,0,5 11 12 9,1,210,,113395,16,,,1,100,,113396,16,,,1,200,,113397,16,,,1,200,,113398,16,,,1,200,,113399,16,,,1,205,,113400,16,,,1,145,,113401,16,,,1,157,,113402,16,,,1
8801,'20260526',543,,113403,16,0,5 11 12 9,1,178,,113404,16,,,1,120,,113405,16,0,5 11 12 9,1,210,,113406,16,,,1,100,,113407,16,,,1,200,,113408,16,,,1,200,,113409,16,,,1,200,,113410,16,,,1,205,,113411,16,,,1,145,,113412,16,,,1,157,,113413,16,,,1
8801,'20260527',543,,113414,16,0,5 11 12 9,1,178,,113415,16,,,1,120,,113416,16,0,5 11 12 9,1,210,,113417,16,,,1,100,,113418,16,,,1,200,,113419,16,,,1,200,,113420,16,,,1,200,,113421,16,,,1,205,,113422,16,,,1,145,,113423,16,,,1,157,,113424,16,,,1
8801,'20260528',543,,113425,16,0,5 11 12 9,1,178,,113426,16,,,1,120,,113427,16,0,5 11 12 9,1,210,,113428,16,,,1,100,,113429,16,,,1,200,,113430,16,,,1,200,,113431,16,,,1,200,,113432,16,,,1,205,,113433,16,,,1,145,,113434,16,,,1,157,,113435,16,,,1
8801,'20260529',543,,113436,16,0,5 11 12 9,1,178,,113437,16,,,1,120,,113438,16,0,5 11 12 9,1,210,,113439,16,,,1,100,,113440,16,,,1,200,,113441,16,,,1,200,,113442,16,,,1,200,,113443,16,,,1,205,,113444,16,,,1,145,,113445,16,,,1,157,,113446,16,,,1
8801,'20260530',656,,113447,16,,,1,200,,113448,16,,,1,195,,113449,16,,,1,270,,113451,16,,,1,302,,113453,16,,,1,300,,113455,16,,,1,130,,113456,16,,,1,203,,113457,16,,,1
8801,'20260531',656,,113458,16,,,1,200,,113459,16,,,1,195,,113460,16,,,1,270,,113462,16,,,1,302,,113464,16,,,1,300,,113466,16,,,1,130,,113467,16,,,1,203,,113468,16,,,1
8801,'20260601',543,,113469,16,0,5 11 12 9,1,178,,113470,16,,,1,120,,113471,16,0,5 11 12 9,1,210,,113472,16,,,1,100,,113473,16,,,1,200,,113474,16,,,1,200,,113475,16,,,1,200,,113476,16,,,1,205,,113477,16,,,1,145,,113478,16,,,1,157,,113479,16,,,1
8801,'20260602',543,,113480,16,0,5 11 12 9,1,178,,113481,16,,,1,120,,113482,16,0,5 11 12 9,1,210,,113483,16,,,1,100,,113484,16,,,1,200,,113485,16,,,1,200,,113486,16,,,1,200,,113487,16,,,1,205,,113488,16,,,1,145,,113489,16,,,1,157,,113490,16,,,1
8801,'20260603',543,,113491,16,0,5 11 12 9,1,178,,113492,16,,,1,120,,113493,16,0,5 11 12 9,1,210,,113494,16,,,1,100,,113495,16,,,1,200,,113496,16,,,1,200,,113497,16,,,1,200,,113498,16,,,1,205,,113499,16,,,1,145,,113500,16,,,1,157,,113501,16,,,1
8801,'20260604',543,,113502,16,0,5 11 12 9,1,178,,113503,16,,,1,120,,113504,16,0,5 11 12 9,1,210,,113505,16,,,1,100,,113506,16,,,1,200,,113507,16,,,1,200,,113508,16,,,1,200,,113509,16,,,1,205,,113510,16,,,1,145,,113511,16,,,1,157,,113512,16,,,1
8801,'20260605',543,,113513,16,0,5 11 12 9,1,178,,113514,16,,,1,120,,113515,16,0,5 11 12 9,1,210,,113516,16,,,1,100,,113517,16,,,1,200,,113518,16,,,1,200,,113519,16,,,1,200,,113520,16,,,1,205,,113521,16,,,1,145,,113522,16,,,1,157,,113523,16,,,1
8801,'20260606',656,,113524,16,,,1,200,,113525,16,,,1,195,,113526,16,,,1,270,,113528,16,,,1,302,,113530,16,,,1,300,,113532,16,,,1,130,,113533,16,,,1,203,,113534,16,,,1
8801,'20260607',656,,113535,16,,,1,200,,113536,16,,,1,195,,113537,16,,,1,270,,113539,16,,,1,302,,113541,16,,,1,300,,113543,16,,,1,130,,113544,16,,,1,203,,113545,16,,,1
8801,'20260608',543,,113546,16,0,5 11 12 9,1,178,,113547,16,,,1,120,,113548,16,0,5 11 12 9,1,210,,113549,16,,,1,100,,113550,16,,,1,200,,113551,16,,,1,200,,113552,16,,,1,200,,113553,16,,,1,205,,113554,16,,,1,145,,113555,16,,,1,157,,113556,16,,,1
8801,'20260609',543,,113557,16,0,5 11 12 9,1,178,,113558,16,,,1,120,,113559,16,0,5 11 12 9,1,210,,113560,16,,,1,100,,113561,16,,,1,200,,113562,16,,,1,200,,113563,16,,,1,200,,113564,16,,,1,205,,113565,16,,,1,145,,113566,16,,,1,157,,113567,16,,,1
8801,'20260610',543,,113568,16,0,5 11 12 9,1,178,,113569,16,,,1,120,,113570,16,0,5 11 12 9,1,210,,113571,16,,,1,100,,113572,16,,,1,200,,113573,16,,,1,200,,113574,16,,,1,200,,113575,16,,,1,205,,113576,16,,,1,145,,113577,16,,,1,157,,113578,16,,,1
8801,'20260611',543,,113579,16,0,5 11 12 9,1,178,,113580,16,,,1,120,,113581,16,0,5 11 12 9,1,210,,113582,16,,,1,100,,113583,16,,,1,200,,113584,16,,,1,200,,113585,16,,,1,200,,113586,16,,,1,205,,113587,16,,,1,145,,113588,16,,,1,157,,113589,16,,,1
8801,'20260612',543,,113590,16,0,5 11 12 9,1,178,,113591,16,,,1,120,,113592,16,0,5 11 12 9,1,210,,113593,16,,,1,100,,113594,16,,,1,200,,113595,16,,,1,200,,113596,16,,,1,200,,113597,16,,,1,205,,113598,16,,,1,145,,113599,16,,,1,157,,113600,16,,,1
8801,'20260613',656,,208699,16,,,1,200,,208700,16,,,1,195,,208701,16,,,1,270,,208703,16,,,1,302,,208705,16,,,1,300,,208707,16,,,1,130,,208708,16,,,1,203,,208709,16,,,1
8801,'20260614',656,,208710,16,,,1,200,,208711,16,,,1,195,,208712,16,,,1,270,,208714,16,,,1,302,,208716,16,,,1,300,,208718,16,,,1,130,,208719,16,,,1,203,,208720,16,,,1
8801,'20260615',543,,208721,16,0,5 11 12 9,1,178,,208722,16,,,1,120,,208723,16,0,5 11 12 9,1,210,,208724,16,,,1,100,,208725,16,,,1,200,,208726,16,,,1,200,,208727,16,,,1,200,,208728,16,,,1,205,,208729,16,,,1,145,,208730,16,,,1,157,,208731,16,,,1
8801,'20260616',543,,208732,16,0,5 11 12 9,1,178,,208733,16,,,1,120,,208734,16,0,5 11 12 9,1,210,,208735,16,,,1,100,,208736,16,,,1,200,,208737,16,,,1,200,,208738,16,,,1,200,,208739,16,,,1,205,,208740,16,,,1,145,,208741,16,,,1,157,,208742,16,,,1
8801,'20260617',543,,208743,16,0,5 11 12 9,1,178,,208744,16,,,1,120,,208745,16,0,5 11 12 9,1,210,,208746,16,,,1,100,,208747,16,,,1,200,,208748,16,,,1,200,,208749,16,,,1,200,,208750,16,,,1,205,,208751,16,,,1,145,,208752,16,,,1,157,,208753,16,,,1
8801,'20260618',543,,208754,16,0,5 11 12 9,1,178,,208755,16,,,1,120,,208756,16,0,5 11 12 9,1,210,,208757,16,,,1,100,,208758,16,,,1,200,,208759,16,,,1,200,,208760,16,,,1,200,,208761,16,,,1,205,,208762,16,,,1,145,,208763,16,,,1,157,,208764,16,,,1
8801,'20260619',543,,208765,16,0,5 11 12 9,1,178,,208766,16,,,1,120,,208767,16,0,5 11 12 9,1,210,,208768,16,,,1,100,,208769,16,,,1,200,,208770,16,,,1,200,,208771,16,,,1,200,,208772,16,,,1,205,,208773,16,,,1,145,,208774,16,,,1,157,,208775,16,,,1
8801,'20260620',656,,208776,16,,,1,200,,208777,16,,,1,195,,208778,16,,,1,270,,208780,16,,,1,302,,208782,16,,,1,300,,208784,16,,,1,130,,208785,16,,,1,203,,208786,16,,,1
8801,'20260621',656,,208787,16,,,1,200,,208788,16,,,1,195,,208789,16,,,1,270,,208791,16,,,1,302,,208793,16,,,1,300,,208795,16,,,1,130,,208796,16,,,1,203,,208797,16,,,1
8801,'20260622',543,,208798,16,0,5 11 12 9,1,178,,208799,16,,,1,120,,208800,16,0,5 11 12 9,1,210,,208801,16,,,1,100,,208802,16,,,1,200,,208803,16,,,1,200,,208804,16,,,1,200,,208805,16,,,1,205,,208806,16,,,1,145,,208807,16,,,1,157,,208808,16,,,1
8801,'20260623',543,,208809,16,0,5 11 12 9,1,178,,208810,16,,,1,120,,208811,16,0,5 11 12 9,1,210,,208812,16,,,1,100,,208813,16,,,1,200,,208814,16,,,1,200,,208815,16,,,1,200,,208816,16,,,1,205,,208817,16,,,1,145,,208818,16,,,1,157,,208819,16,,,1
8801,'20260624',543,,208820,16,0,5 11 12 9,1,178,,208821,16,,,1,120,,208822,16,0,5 11 12 9,1,210,,208823,16,,,1,100,,208824,16,,,1,200,,208825,16,,,1,200,,208826,16,,,1,200,,208827,16,,,1,205,,208828,16,,,1,145,,208829,16,,,1,157,,208830,16,,,1
8801,'20260625',543,,208831,16,0,5 11 12 9,1,178,,208832,16,,,1,120,,208833,16,0,5 11 12 9,1,210,,208834,16,,,1,100,,208835,16,,,1,200,,208836,16,,,1,200,,208837,16,,,1,200,,208838,16,,,1,205,,208839,16,,,1,145,,208840,16,,,1,157,,208841,16,,,1
8801,'20260626',543,,208842,16,0,5 11 12 9,1,178,,208843,16,,,1,120,,208844,16,0,5 11 12 9,1,210,,208845,16,,,1,100,,208846,16,,,1,200,,208847,16,,,1,200,,208848,16,,,1,200,,208849,16,,,1,205,,208850,16,,,1,145,,208851,16,,,1,157,,208852,16,,,1
8801,'20260627',656,,208853,16,,,1,200,,208854,16,,,1,195,,208855,16,,,1,270,,208857,16,,,1,302,,208859,16,,,1,300,,208861,16,,,1,130,,208862,16,,,1,203,,208863,16,,,1
8801,'20260628',656,,208864,16,,,1,200,,208865,16,,,1,195,,208866,16,,,1,270,,208868,16,,,1,302,,208870,16,,,1,300,,208872,16,,,1,130,,208873,16,,,1,203,,208874,16,,,1
8801,'20260629',543,,208875,16,0,5 11 12 9,1,178,,208876,16,,,1,120,,208877,16,0,5 11 12 9,1,210,,208878,16,,,1,100,,208879,16,,,1,200,,208880,16,,,1,200,,208881,16,,,1,200,,208882,16,,,1,205,,208883,16,,,1,145,,208884,16,,,1,157,,208885,16,,,1
8801,'20260630',543,,208886,16,0,5 11 12 9,1,178,,208887,16,,,1,120,,208888,16,0,5 11 12 9,1,210,,208889,16,,,1,100,,208890,16,,,1,200,,208891,16,,,1,200,,208892,16,,,1,200,,208893,16,,,1,205,,208894,16,,,1,145,,208895,16,,,1,157,,208896,16,,,1
8801,'20260701',656,,208897,16,,,1,200,,208898,16,,,1,195,,208899,16,,,1,270,,208901,16,,,1,302,,208903,16,,,1,300,,208905,16,,,1,130,,208906,16,,,1,203,,208907,16,,,1
8801,'20260702',543,,208908,16,0,5 11 12 9,1,178,,208909,16,,,1,120,,208910,16,0,5 11 12 9,1,210,,208911,16,,,1,100,,208912,16,,,1,200,,208913,16,,,1,200,,208914,16,,,1,200,,208915,16,,,1,205,,208916,16,,,1,145,,208917,16,,,1,157,,208918,16,,,1
8801,'20260703',543,,208919,16,0,5 11 12 9,1,178,,208920,16,,,1,120,,208921,16,0,5 11 12 9,1,210,,208922,16,,,1,100,,208923,16,,,1,200,,208924,16,,,1,200,,208925,16,,,1,200,,208926,16,,,1,205,,208927,16,,,1,145,,208928,16,,,1,157,,208929,16,,,1
8801,'20260704',656,,208930,16,,,1,200,,208931,16,,,1,195,,208932,16,,,1,270,,208934,16,,,1,302,,208936,16,,,1,300,,208938,16,,,1,130,,208939,16,,,1,203,,208940,16,,,1
8801,'20260705',656,,208941,16,,,1,200,,208942,16,,,1,195,,208943,16,,,1,270,,208945,16,,,1,302,,208947,16,,,1,300,,208949,16,,,1,130,,208950,16,,,1,203,,208951,16,,,1
8801,'20260706',543,,208952,16,0,5 11 12 9,1,178,,208953,16,,,1,120,,208954,16,0,5 11 12 9,1,210,,208955,16,,,1,100,,208956,16,,,1,200,,208957,16,,,1,200,,208958,16,,,1,200,,208959,16,,,1,205,,208960,16,,,1,145,,208961,16,,,1,157,,208962,16,,,1
8801,'20260707',543,,208963,16,0,5 11 12 9,1,178,,208964,16,,,1,120,,208965,16,0,5 11 12 9,1,210,,208966,16,,,1,100,,208967,16,,,1,200,,208968,16,,,1,200,,208969,16,,,1,200,,208970,16,,,1,205,,208971,16,,,1,145,,208972,16,,,1,157,,208973,16,,,1
8801,'20260708',543,,208974,16,0,5 11 12 9,1,178,,208975,16,,,1,120,,208976,16,0,5 11 12 9,1,210,,208977,16,,,1,100,,208978,16,,,1,200,,208979,16,,,1,200,,208980,16,,,1,200,,208981,16,,,1,205,,208982,16,,,1,145,,208983,16,,,1,157,,208984,16,,,1
8801,'20260709',543,,208985,16,0,5 11 12 9,1,178,,208986,16,,,1,120,,208987,16,0,5 11 12 9,1,210,,208988,16,,,1,100,,208989,16,,,1,200,,208990,16,,,1,200,,208991,16,,,1,200,,208992,16,,,1,205,,208993,16,,,1,145,,208994,16,,,1,157,,208995,16,,,1
8801,'20260710',543,,208996,16,0,5 11 12 9,1,178,,208997,16,,,1,120,,208998,16,0,5 11 12 9,1,210,,208999,16,,,1,100,,209000,16,,,1,200,,209001,16,,,1,200,,209002,16,,,1,200,,209003,16,,,1,205,,209004,16,,,1,145,,209005,16,,,1,157,,209006,16,,,1
8801,'20260711',656,,209007,16,,,1,200,,209008,16,,,1,195,,209009,16,,,1,270,,209011,16,,,1,302,,209013,16,,,1,300,,209015,16,,,1,130,,209016,16,,,1,203,,209017,16,,,1
8801,'20260712',656,,209018,16,,,1,200,,209019,16,,,1,195,,209020,16,,,1,270,,209022,16,,,1,302,,209024,16,,,1,300,,209026,16,,,1,130,,209027,16,,,1,203,,209028,16,,,1
8801,'20260713',543,,209029,16,0,5 11 12 9,1,178,,209030,16,,,1,120,,209031,16,0,5 11 12 9,1,210,,209032,16,,,1,100,,209033,16,,,1,200,,209034,16,,,1,200,,209035,16,,,1,200,,209036,16,,,1,205,,209037,16,,,1,145,,209038,16,,,1,157,,209039,16,,,1
8801,'20260714',543,,209040,16,0,5 11 12 9,1,178,,209041,16,,,1,120,,209042,16,0,5 11 12 9,1,210,,209043,16,,,1,100,,209044,16,,,1,200,,209045,16,,,1,200,,209046,16,,,1,200,,209047,16,,,1,205,,209048,16,,,1,145,,209049,16,,,1,157,,209050,16,,,1
8801,'20260715',543,,209051,16,0,5 11 12 9,1,178,,209052,16,,,1,120,,209053,16,0,5 11 12 9,1,210,,209054,16,,,1,100,,209055,16,,,1,200,,209056,16,,,1,200,,209057,16,,,1,200,,209058,16,,,1,205,,209059,16,,,1,145,,209060,16,,,1,157,,209061,16,,,1
8801,'20260716',543,,209062,16,0,5 11 12 9,1,178,,209063,16,,,1,120,,209064,16,0,5 11 12 9,1,210,,209065,16,,,1,100,,209066,16,,,1,200,,209067,16,,,1,200,,209068,16,,,1,200,,209069,16,,,1,205,,209070,16,,,1,145,,209071,16,,,1,157,,209072,16,,,1
8801,'20260717',543,,209073,16,0,5 11 12 9,1,178,,209074,16,,,1,120,,209075,16,0,5 11 12 9,1,210,,209076,16,,,1,100,,209077,16,,,1,200,,209078,16,,,1,200,,209079,16,,,1,200,,209080,16,,,1,205,,209081,16,,,1,145,,209082,16,,,1,157,,209083,16,,,1
8801,'20260718',656,,209084,16,,,1,200,,209085,16,,,1,195,,209086,16,,,1,270,,209088,16,,,1,302,,209090,16,,,1,300,,209092,16,,,1,130,,209093,16,,,1,203,,209094,16,,,1
8801,'20260719',656,,209095,16,,,1,200,,209096,16,,,1,195,,209097,16,,,1,270,,209099,16,,,1,302,,209101,16,,,1,300,,209103,16,,,1,130,,209104,16,,,1,203,,209105,16,,,1
8801,'20260720',543,,209106,16,0,5 11 12 9,1,178,,209107,16,,,1,120,,209108,16,0,5 11 12 9,1,210,,209109,16,,,1,100,,209110,16,,,1,200,,209111,16,,,1,200,,209112,16,,,1,200,,209113,16,,,1,205,,209114,16,,,1,145,,209115,16,,,1,157,,209116,16,,,1
8801,'20260721',543,,209117,16,0,5 11 12 9,1,178,,209118,16,,,1,120,,209119,16,0,5 11 12 9,1,210,,209120,16,,,1,100,,209121,16,,,1,200,,209122,16,,,1,200,,209123,16,,,1,200,,209124,16,,,1,205,,209125,16,,,1,145,,209126,16,,,1,157,,209127,16,,,1
8801,'20260722',543,,209128,16,0,5 11 12 9,1,178,,209129,16,,,1,120,,209130,16,0,5 11 12 9,1,210,,209131,16,,,1,100,,209132,16,,,1,200,,209133,16,,,1,200,,209134,16,,,1,200,,209135,16,,,1,205,,209136,16,,,1,145,,209137,16,,,1,157,,209138,16,,,1
8801,'20260723',543,,209139,16,0,5 11 12 9,1,178,,209140,16,,,1,120,,209141,16,0,5 11 12 9,1,210,,209142,16,,,1,100,,209143,16,,,1,200,,209144,16,,,1,200,,209145,16,,,1,200,,209146,16,,,1,205,,209147,16,,,1,145,,209148,16,,,1,157,,209149,16,,,1
8801,'20260724',543,,209150,16,0,5 11 12 9,1,178,,209151,16,,,1,120,,209152,16,0,5 11 12 9,1,210,,209153,16,,,1,100,,209154,16,,,1,200,,209155,16,,,1,200,,209156,16,,,1,200,,209157,16,,,1,205,,209158,16,,,1,145,,209159,16,,,1,157,,209160,16,,,1
8801,'20260725',656,,209161,16,,,1,200,,209162,16,,,1,195,,209163,16,,,1,270,,209165,16,,,1,302,,209167,16,,,1,300,,209169,16,,,1,130,,209170,16,,,1,203,,209171,16,,,1
8801,'20260726',656,,209172,16,,,1,200,,209173,16,,,1,195,,209174,16,,,1,270,,209176,16,,,1,302,,209178,16,,,1,300,,209180,16,,,1,130,,209181,16,,,1,203,,209182,16,,,1
8801,'20260727',543,,209183,16,0,5 11 12 9,1,178,,209184,16,,,1,120,,209185,16,0,5 11 12 9,1,210,,209186,16,,,1,100,,209187,16,,,1,200,,209188,16,,,1,200,,209189,16,,,1,200,,209190,16,,,1,205,,209191,16,,,1,145,,209192,16,,,1,157,,209193,16,,,1
8801,'20260728',543,,209194,16,0,5 11 12 9,1,178,,209195,16,,,1,120,,209196,16,0,5 11 12 9,1,210,,209197,16,,,1,100,,209198,16,,,1,200,,209199,16,,,1,200,,209200,16,,,1,200,,209201,16,,,1,205,,209202,16,,,1,145,,209203,16,,,1,157,,209204,16,,,1
8801,'20260729',543,,209205,16,0,5 11 12 9,1,178,,209206,16,,,1,120,,209207,16,0,5 11 12 9,1,210,,209208,16,,,1,100,,209209,16,,,1,200,,209210,16,,,1,200,,209211,16,,,1,200,,209212,16,,,1,205,,209213,16,,,1,145,,209214,16,,,1,157,,209215,16,,,1
8801,'20260730',543,,209216,16,0,5 11 12 9,1,178,,209217,16,,,1,120,,209218,16,0,5 11 12 9,1,210,,209219,16,,,1,100,,209220,16,,,1,200,,209221,16,,,1,200,,209222,16,,,1,200,,209223,16,,,1,205,,209224,16,,,1,145,,209225,16,,,1,157,,209226,16,,,1
8801,'20260731',543,,209227,16,0,5 11 12 9,1,178,,209228,16,,,1,120,,209229,16,0,5 11 12 9,1,210,,209230,16,,,1,100,,209231,16,,,1,200,,209232,16,,,1,200,,209233,16,,,1,200,,209234,16,,,1,205,,209235,16,,,1,145,,209236,16,,,1,157,,209237,16,,,1
8801,'20260801',656,,209238,16,,,1,200,,209239,16,,,1,195,,209240,16,,,1,270,,209242,16,,,1,302,,209244,16,,,1,300,,209246,16,,,1,130,,209247,16,,,1,203,,209248,16,,,1
8801,'20260802',656,,209249,16,,,1,200,,209250,16,,,1,195,,209251,16,,,1,270,,209253,16,,,1,302,,209255,16,,,1,300,,209257,16,,,1,130,,209258,16,,,1,203,,209259,16,,,1
8801,'20260803',656,,209260,16,,,1,200,,209261,16,,,1,195,,209262,16,,,1,270,,209264,16,,,1,302,,209266,16,,,1,300,,209268,16,,,1,130,,209269,16,,,1,203,,209270,16,,,1
8801,'20260804',543,,209271,16,0,5 11 12 9,1,178,,209272,16,,,1,120,,209273,16,0,5 11 12 9,1,210,,209274,16,,,1,100,,209275,16,,,1,200,,209276,16,,,1,200,,209277,16,,,1,200,,209278,16,,,1,205,,209279,16,,,1,145,,209280,16,,,1,157,,209281,16,,,1
8801,'20260805',543,,209282,16,0,5 11 12 9,1,178,,209283,16,,,1,120,,209284,16,0,5 11 12 9,1,210,,209285,16,,,1,100,,209286,16,,,1,200,,209287,16,,,1,200,,209288,16,,,1,200,,209289,16,,,1,205,,209290,16,,,1,145,,209291,16,,,1,157,,209292,16,,,1
8801,'20260806',543,,209293,16,0,5 11 12 9,1,178,,209294,16,,,1,120,,209295,16,0,5 11 12 9,1,210,,209296,16,,,1,100,,209297,16,,,1,200,,209298,16,,,1,200,,209299,16,,,1,200,,209300,16,,,1,205,,209301,16,,,1,145,,209302,16,,,1,157,,209303,16,,,1
8801,'20260807',543,,209304,16,0,5 11 12 9,1,178,,209305,16,,,1,120,,209306,16,0,5 11 12 9,1,210,,209307,16,,,1,100,,209308,16,,,1,200,,209309,16,,,1,200,,209310,16,,,1,200,,209311,16,,,1,205,,209312,16,,,1,145,,209313,16,,,1,157,,209314,16,,,1
8801,'20260808',656,,209315,16,,,1,200,,209316,16,,,1,195,,209317,16,,,1,270,,209319,16,,,1,302,,209321,16,,,1,300,,209323,16,,,1,130,,209324,16,,,1,203,,209325,16,,,1
8801,'20260809',656,,209326,16,,,1,200,,209327,16,,,1,195,,209328,16,,,1,270,,209330,16,,,1,302,,209332,16,,,1,300,,209334,16,,,1,130,,209335,16,,,1,203,,209336,16,,,1
8801,'20260810',543,,209337,16,0,5 11 12 9,1,178,,209338,16,,,1,120,,209339,16,0,5 11 12 9,1,210,,209340,16,,,1,100,,209341,16,,,1,200,,209342,16,,,1,200,,209343,16,,,1,200,,209344,16,,,1,205,,209345,16,,,1,145,,209346,16,,,1,157,,209347,16,,,1
8801,'20260811',543,,209348,16,0,5 11 12 9,1,178,,209349,16,,,1,120,,209350,16,0,5 11 12 9,1,210,,209351,16,,,1,100,,209352,16,,,1,200,,209353,16,,,1,200,,209354,16,,,1,200,,209355,16,,,1,205,,209356,16,,,1,145,,209357,16,,,1,157,,209358,16,,,1
8801,'20260812',543,,209359,16,0,5 11 12 9,1,178,,209360,16,,,1,120,,209361,16,0,5 11 12 9,1,210,,209362,16,,,1,100,,209363,16,,,1,200,,209364,16,,,1,200,,209365,16,,,1,200,,209366,16,,,1,205,,209367,16,,,1,145,,209368,16,,,1,157,,209369,16,,,1
8801,'20260813',543,,209370,16,0,5 11 12 9,1,178,,209371,16,,,1,120,,209372,16,0,5 11 12 9,1,210,,209373,16,,,1,100,,209374,16,,,1,200,,209375,16,,,1,200,,209376,16,,,1,200,,209377,16,,,1,205,,209378,16,,,1,145,,209379,16,,,1,157,,209380,16,,,1
8801,'20260814',543,,209381,16,0,5 11 12 9,1,178,,209382,16,,,1,120,,209383,16,0,5 11 12 9,1,210,,209384,16,,,1,100,,209385,16,,,1,200,,209386,16,,,1,200,,209387,16,,,1,200,,209388,16,,,1,205,,209389,16,,,1,145,,209390,16,,,1,157,,209391,16,,,1
8801,'20260815',656,,209392,16,,,1,200,,209393,16,,,1,195,,209394,16,,,1,270,,209396,16,,,1,302,,209398,16,,,1,300,,209400,16,,,1,130,,209401,16,,,1,203,,209402,16,,,1
8801,'20260816',656,,209403,16,,,1,200,,209404,16,,,1,195,,209405,16,,,1,270,,209407,16,,,1,302,,209409,16,,,1,300,,209411,16,,,1,130,,209412,16,,,1,203,,209413,16,,,1
8801,'20260817',543,,209414,16,0,5 11 12 9,1,178,,209415,16,,,1,120,,209416,16,0,5 11 12 9,1,210,,209417,16,,,1,100,,209418,16,,,1,200,,209419,16,,,1,200,,209420,16,,,1,200,,209421,16,,,1,205,,209422,16,,,1,145,,209423,16,,,1,157,,209424,16,,,1
8801,'20260818',543,,209425,16,0,5 11 12 9,1,178,,209426,16,,,1,120,,209427,16,0,5 11 12 9,1,210,,209428,16,,,1,100,,209429,16,,,1,200,,209430,16,,,1,200,,209431,16,,,1,200,,209432,16,,,1,205,,209433,16,,,1,145,,209434,16,,,1,157,,209435,16,,,1
8801,'20260819',543,,209436,16,0,5 11 12 9,1,178,,209437,16,,,1,120,,209438,16,0,5 11 12 9,1,210,,209439,16,,,1,100,,209440,16,,,1,200,,209441,16,,,1,200,,209442,16,,,1,200,,209443,16,,,1,205,,209444,16,,,1,145,,209445,16,,,1,157,,209446,16,,,1
8801,'20260820',543,,209447,16,0,5 11 12 9,1,178,,209448,16,,,1,120,,209449,16,0,5 11 12 9,1,210,,209450,16,,,1,100,,209451,16,,,1,200,,209452,16,,,1,200,,209453,16,,,1,200,,209454,16,,,1,205,,209455,16,,,1,145,,209456,16,,,1,157,,209457,16,,,1
8801,'20260821',543,,209458,16,0,5 11 12 9,1,178,,209459,16,,,1,120,,209460,16,0,5 11 12 9,1,210,,209461,16,,,1,100,,209462,16,,,1,200,,209463,16,,,1,200,,209464,16,,,1,200,,209465,16,,,1,205,,209466,16,,,1,145,,209467,16,,,1,157,,209468,16,,,1
8801,'20260822',656,,209469,16,,,1,200,,209470,16,,,1,195,,209471,16,,,1,270,,209473,16,,,1,302,,209475,16,,,1,300,,209477,16,,,1,130,,209478,16,,,1,203,,209479,16,,,1
8801,'20260823',656,,209480,16,,,1,200,,209481,16,,,1,195,,209482,16,,,1,270,,209484,16,,,1,302,,209486,16,,,1,300,,209488,16,,,1,130,,209489,16,,,1,203,,209490,16,,,1
8801,'20260824',543,,209491,16,0,5 11 12 9,1,178,,209492,16,,,1,120,,209493,16,0,5 11 12 9,1,210,,209494,16,,,1,100,,209495,16,,,1,200,,209496,16,,,1,200,,209497,16,,,1,200,,209498,16,,,1,205,,209499,16,,,1,145,,209500,16,,,1,157,,209501,16,,,1
8801,'20260825',543,,209502,16,0,5 11 12 9,1,178,,209503,16,,,1,120,,209504,16,0,5 11 12 9,1,210,,209505,16,,,1,100,,209506,16,,,1,200,,209507,16,,,1,200,,209508,16,,,1,200,,209509,16,,,1,205,,209510,16,,,1,145,,209511,16,,,1,157,,209512,16,,,1
8801,'20260826',543,,209513,16,0,5 11 12 9,1,178,,209514,16,,,1,120,,209515,16,0,5 11 12 9,1,210,,209516,16,,,1,100,,209517,16,,,1,200,,209518,16,,,1,200,,209519,16,,,1,200,,209520,16,,,1,205,,209521,16,,,1,145,,209522,16,,,1,157,,209523,16,,,1
8801,'20260827',543,,209524,16,0,5 11 12 9,1,178,,209525,16,,,1,120,,209526,16,0,5 11 12 9,1,210,,209527,16,,,1,100,,209528,16,,,1,200,,209529,16,,,1,200,,209530,16,,,1,200,,209531,16,,,1,205,,209532,16,,,1,145,,209533,16,,,1,157,,209534,16,,,1
8801,'20260828',543,,209535,16,0,5 11 12 9,1,178,,209536,16,,,1,120,,209537,16,0,5 11 12 9,1,210,,209538,16,,,1,100,,209539,16,,,1,200,,209540,16,,,1,200,,209541,16,,,1,200,,209542,16,,,1,205,,209543,16,,,1,145,,209544,16,,,1,157,,209545,16,,,1
8801,'20260829',656,,209546,16,,,1,200,,209547,16,,,1,195,,209548,16,,,1,270,,209550,16,,,1,302,,209552,16,,,1,300,,209554,16,,,1,130,,209555,16,,,1,203,,209556,16,,,1
8801,'20260830',656,,209557,16,,,1,200,,209558,16,,,1,195,,209559,16,,,1,270,,209561,16,,,1,302,,209563,16,,,1,300,,209565,16,,,1,130,,209566,16,,,1,203,,209567,16,,,1
8801,'20260831',543,,209568,16,0,5 11 12 9,1,178,,209569,16,,,1,120,,209570,16,0,5 11 12 9,1,210,,209571,16,,,1,100,,209572,16,,,1,200,,209573,16,,,1,200,,209574,16,,,1,200,,209575,16,,,1,205,,209576,16,,,1,145,,209577,16,,,1,157,,209578,16,,,1
8801,'20260901',543,,209579,16,0,5 11 12 9,1,178,,209580,16,,,1,120,,209581,16,0,5 11 12 9,1,210,,209582,16,,,1,100,,209583,16,,,1,200,,209584,16,,,1,200,,209585,16,,,1,200,,209586,16,,,1,205,,209587,16,,,1,145,,209588,16,,,1,157,,209589,16,,,1
8801,'20260902',543,,209590,16,0,5 11 12 9,1,178,,209591,16,,,1,120,,209592,16,0,5 11 12 9,1,210,,209593,16,,,1,100,,209594,16,,,1,200,,209595,16,,,1,200,,209596,16,,,1,200,,209597,16,,,1,205,,209598,16,,,1,145,,209599,16,,,1,157,,209600,16,,,1
8801,'20260903',543,,209601,16,0,5 11 12 9,1,178,,209602,16,,,1,120,,209603,16,0,5 11 12 9,1,210,,209604,16,,,1,100,,209605,16,,,1,200,,209606,16,,,1,200,,209607,16,,,1,200,,209608,16,,,1,205,,209609,16,,,1,145,,209610,16,,,1,157,,209611,16,,,1
8801,'20260904',543,,209612,16,0,5 11 12 9,1,178,,209613,16,,,1,120,,209614,16,0,5 11 12 9,1,210,,209615,16,,,1,100,,209616,16,,,1,200,,209617,16,,,1,200,,209618,16,,,1,200,,209619,16,,,1,205,,209620,16,,,1,145,,209621,16,,,1,157,,209622,16,,,1
