1101,'20260401',623,,393,8,,,1,117,,394,8,,,1,208,,395,8,,,1,200,,396,8,,,1,198,,397,8,,,1,102,,398,8,,,1,100,,399,8,,,1,206,,400,8,,,1
1101,'20260402',623,,401,8,,,1,117,,402,8,,,1,208,,403,8,,,1,200,,404,8,,,1,198,,405,8,,,1,102,,406,8,,,1,100,,407,8,,,1,206,,408,8,,,1
1101,'20260406',623,,409,8,,,1,117,,410,8,,,1,208,,411,8,,,1,200,,412,8,,,1,198,,413,8,,,1,102,,414,8,,,1,100,,415,8,,,1,206,,416,8,,,1
1101,'20260407',623,,417,8,,,1,117,,418,8,,,1,208,,419,8,,,1,200,,420,8,,,1,198,,421,8,,,1,102,,422,8,,,1,100,,423,8,,,1,206,,424,8,,,1
1101,'20260408',623,,425,8,,,1,117,,426,8,,,1,208,,427,8,,,1,200,,428,8,,,1,198,,429,8,,,1,102,,430,8,,,1,100,,431,8,,,1,206,,432,8,,,1
1101,'20260409',623,,433,8,,,1,117,,434,8,,,1,208,,435,8,,,1,200,,436,8,,,1,198,,437,8,,,1,102,,438,8,,,1,100,,439,8,,,1,206,,440,8,,,1
1101,'20260410',623,,441,8,,,1,117,,442,8,,,1,208,,443,8,,,1,200,,444,8,,,1,198,,445,8,,,1,102,,446,8,,,1,100,,447,8,,,1,206,,448,8,,,1
1101,'20260413',623,,449,8,,,1,117,,450,8,,,1,208,,451,8,,,1,200,,452,8,,,1,198,,453,8,,,1,102,,454,8,,,1,100,,455,8,,,1,206,,456,8,,,1
1101,'20260414',623,,457,8,,,1,117,,458,8,,,1,208,,459,8,,,1,200,,460,8,,,1,198,,461,8,,,1,102,,462,8,,,1,100,,463,8,,,1,206,,464,8,,,1
1101,'20260415',623,,465,8,,,1,117,,466,8,,,1,208,,467,8,,,1,200,,468,8,,,1,198,,469,8,,,1,102,,470,8,,,1,100,,471,8,,,1,206,,472,8,,,1
1101,'20260416',623,,473,8,,,1,117,,474,8,,,1,208,,475,8,,,1,200,,476,8,,,1,198,,477,8,,,1,102,,478,8,,,1,100,,479,8,,,1,206,,480,8,,,1
1101,'20260417',623,,481,8,,,1,117,,482,8,,,1,208,,483,8,,,1,200,,484,8,,,1,198,,485,8,,,1,102,,486,8,,,1,100,,487,8,,,1,206,,488,8,,,1
1101,'20260420',623,,489,8,,,1,117,,490,8,,,1,208,,491,8,,,1,200,,492,8,,,1,198,,493,8,,,1,102,,494,8,,,1,100,,495,8,,,1,206,,496,8,,,1
1101,'20260421',623,,497,8,,,1,117,,498,8,,,1,208,,499,8,,,1,200,,500,8,,,1,198,,501,8,,,1,102,,502,8,,,1,100,,503,8,,,1,206,,504,8,,,1
1101,'20260422',623,,505,8,,,1,117,,506,8,,,1,208,,507,8,,,1,200,,508,8,,,1,198,,509,8,,,1,102,,510,8,,,1,100,,511,8,,,1,206,,512,8,,,1
1101,'20260423',623,,513,8,,,1,117,,514,8,,,1,208,,515,8,,,1,200,,516,8,,,1,198,,517,8,,,1,102,,518,8,,,1,100,,519,8,,,1,206,,520,8,,,1
1101,'20260424',623,,521,8,,,1,117,,522,8,,,1,208,,523,8,,,1,200,,524,8,,,1,198,,525,8,,,1,102,,526,8,,,1,100,,527,8,,,1,206,,528,8,,,1
1601,'20260401',617,,5726,8,,,1,102,,5727,8,,,1,413,,5728,8,,,1,105,,5729,8,,,1,100,,5730,8,,,1,105,,5731,8,,,1,160,,5732,8,,,1,435,,5733,8,,,1,90,,5734,8,,,1,100,,5735,8,,,1,95,,5736,8,,,1,100,,5737,8,,,1,95,,5738,8,,,1
1601,'20260402',617,,5739,8,,,1,102,,5740,8,,,1,413,,5741,8,,,1,105,,5742,8,,,1,100,,5743,8,,,1,105,,5744,8,,,1,160,,5745,8,,,1,435,,5746,8,,,1,90,,5747,8,,,1,100,,5748,8,,,1,95,,5749,8,,,1,100,,5750,8,,,1,95,,5751,8,,,1
1601,'20260403',817,,5752,8,,,1,102,,5753,8,,,1,115,,5754,8,,,1,105,,5755,8,,,1,70,,5756,8,,,1,35,,5757,8,,,1,70,,5758,8,,,1,35,,5759,8,,,1,75,,5760,8,,,1,30,,5761,8,,,1,70,,5762,8,,,1,25,,5763,8,,,1,70,,5764,8,,,1,30,,5765,8,,,1,70,,5766,8,,,1,30,,5767,8,,,1,65,,5768,8,,,1,30,,5769,8,,,1,70,,5770,8,,,1,30,,5771,8,,,1,65,,5772,8,,,1,25,,5773,8,,,1,25,,5774,8,,,1,70,,5775,8,,,1,100,,5776,8,,,1,95,,5777,8,,,1,100,,5778,8,,,1,100,,5779,8,,,1
1601,'20260404',817,,5780,8,,,1,102,,5781,8,,,1,115,,5782,8,,,1,105,,5783,8,,,1,70,,5784,8,,,1,35,,5785,8,,,1,70,,5786,8,,,1,35,,5787,8,,,1,75,,5788,8,,,1,30,,5789,8,,,1,70,,5790,8,,,1,25,,5791,8,,,1,70,,5792,8,,,1,30,,5793,8,,,1,70,,5794,8,,,1,30,,5795,8,,,1,65,,5796,8,,,1,30,,5797,8,,,1,70,,5798,8,,,1,30,,5799,8,,,1,65,,5800,8,,,1,25,,5801,8,,,1,25,,5802,8,,,1,70,,5803,8,,,1,100,,5804,8,,,1,95,,5805,8,,,1,100,,5806,8,,,1,100,,5807,8,,,1
1601,'20260405',817,,5808,8,,,1,102,,5809,8,,,1,115,,5810,8,,,1,105,,5811,8,,,1,70,,5812,8,,,1,35,,5813,8,,,1,70,,5814,8,,,1,35,,5815,8,,,1,75,,5816,8,,,1,30,,5817,8,,,1,70,,5818,8,,,1,25,,5819,8,,,1,70,,5820,8,,,1,30,,5821,8,,,1,70,,5822,8,,,1,30,,5823,8,,,1,65,,5824,8,,,1,30,,5825,8,,,1,70,,5826,8,,,1,30,,5827,8,,,1,65,,5828,8,,,1,25,,5829,8,,,1,25,,5830,8,,,1,70,,5831,8,,,1,100,,5832,8,,,1,95,,5833,8,,,1,100,,5834,8,,,1,100,,5835,8,,,1
1601,'20260406',617,,5836,8,,,1,102,,5837,8,,,1,413,,5838,8,,,1,105,,5839,8,,,1,100,,5840,8,,,1,105,,5841,8,,,1,160,,5842,8,,,1,435,,5843,8,,,1,90,,5844,8,,,1,100,,5845,8,,,1,95,,5846,8,,,1,100,,5847,8,,,1,95,,5848,8,,,1
1601,'20260407',617,,5849,8,,,1,102,,5850,8,,,1,413,,5851,8,,,1,105,,5852,8,,,1,100,,5853,8,,,1,105,,5854,8,,,1,160,,5855,8,,,1,435,,5856,8,,,1,90,,5857,8,,,1,100,,5858,8,,,1,95,,5859,8,,,1,100,,5860,8,,,1,95,,5861,8,,,1
1601,'20260408',617,,5862,8,,,1,102,,5863,8,,,1,413,,5864,8,,,1,105,,5865,8,,,1,100,,5866,8,,,1,105,,5867,8,,,1,160,,5868,8,,,1,435,,5869,8,,,1,90,,5870,8,,,1,100,,5871,8,,,1,95,,5872,8,,,1,100,,5873,8,,,1,95,,5874,8,,,1
1601,'20260409',617,,5875,8,,,1,102,,5876,8,,,1,413,,5877,8,,,1,105,,5878,8,,,1,100,,5879,8,,,1,105,,5880,8,,,1,160,,5881,8,,,1,435,,5882,8,,,1,90,,5883,8,,,1,100,,5884,8,,,1,95,,5885,8,,,1,100,,5886,8,,,1,95,,5887,8,,,1
1601,'20260410',617,,5888,8,,,1,102,,5889,8,,,1,413,,5890,8,,,1,105,,5891,8,,,1,100,,5892,8,,,1,105,,5893,8,,,1,160,,5894,8,,,1,435,,5895,8,,,1,90,,5896,8,,,1,100,,5897,8,,,1,95,,5898,8,,,1,100,,5899,8,,,1,95,,5900,8,,,1
1601,'20260411',817,,5901,8,,,1,102,,5902,8,,,1,115,,5903,8,,,1,105,,5904,8,,,1,70,,5905,8,,,1,35,,5906,8,,,1,70,,5907,8,,,1,35,,5908,8,,,1,75,,5909,8,,,1,30,,5910,8,,,1,70,,5911,8,,,1,25,,5912,8,,,1,70,,5913,8,,,1,30,,5914,8,,,1,70,,5915,8,,,1,30,,5916,8,,,1,65,,5917,8,,,1,30,,5918,8,,,1,70,,5919,8,,,1,30,,5920,8,,,1,65,,5921,8,,,1,25,,5922,8,,,1,25,,5923,8,,,1,70,,5924,8,,,1,100,,5925,8,,,1,95,,5926,8,,,1,100,,5927,8,,,1,100,,5928,8,,,1
1601,'20260412',817,,5929,8,,,1,102,,5930,8,,,1,115,,5931,8,,,1,105,,5932,8,,,1,70,,5933,8,,,1,35,,5934,8,,,1,70,,5935,8,,,1,35,,5936,8,,,1,75,,5937,8,,,1,30,,5938,8,,,1,70,,5939,8,,,1,25,,5940,8,,,1,70,,5941,8,,,1,30,,5942,8,,,1,70,,5943,8,,,1,30,,5944,8,,,1,65,,5945,8,,,1,30,,5946,8,,,1,70,,5947,8,,,1,30,,5948,8,,,1,65,,5949,8,,,1,25,,5950,8,,,1,25,,5951,8,,,1,70,,5952,8,,,1,100,,5953,8,,,1,95,,5954,8,,,1,100,,5955,8,,,1,100,,5956,8,,,1
1601,'20260413',617,,5957,8,,,1,102,,5958,8,,,1,413,,5959,8,,,1,105,,5960,8,,,1,100,,5961,8,,,1,105,,5962,8,,,1,160,,5963,8,,,1,435,,5964,8,,,1,90,,5965,8,,,1,100,,5966,8,,,1,95,,5967,8,,,1,100,,5968,8,,,1,95,,5969,8,,,1
1601,'20260414',617,,5970,8,,,1,102,,5971,8,,,1,413,,5972,8,,,1,105,,5973,8,,,1,100,,5974,8,,,1,105,,5975,8,,,1,160,,5976,8,,,1,435,,5977,8,,,1,90,,5978,8,,,1,100,,5979,8,,,1,95,,5980,8,,,1,100,,5981,8,,,1,95,,5982,8,,,1
1601,'20260415',617,,5983,8,,,1,102,,5984,8,,,1,413,,5985,8,,,1,105,,5986,8,,,1,100,,5987,8,,,1,105,,5988,8,,,1,160,,5989,8,,,1,435,,5990,8,,,1,90,,5991,8,,,1,100,,5992,8,,,1,95,,5993,8,,,1,100,,5994,8,,,1,95,,5995,8,,,1
1601,'20260416',617,,5996,8,,,1,102,,5997,8,,,1,413,,5998,8,,,1,105,,5999,8,,,1,100,,6000,8,,,1,105,,6001,8,,,1,160,,6002,8,,,1,435,,6003,8,,,1,90,,6004,8,,,1,100,,6005,8,,,1,95,,6006,8,,,1,100,,6007,8,,,1,95,,6008,8,,,1
1601,'20260417',617,,6009,8,,,1,102,,6010,8,,,1,413,,6011,8,,,1,105,,6012,8,,,1,100,,6013,8,,,1,105,,6014,8,,,1,160,,6015,8,,,1,435,,6016,8,,,1,90,,6017,8,,,1,100,,6018,8,,,1,95,,6019,8,,,1,100,,6020,8,,,1,95,,6021,8,,,1
1601,'20260418',817,,6022,8,,,1,102,,6023,8,,,1,115,,6024,8,,,1,105,,6025,8,,,1,70,,6026,8,,,1,35,,6027,8,,,1,70,,6028,8,,,1,35,,6029,8,,,1,75,,6030,8,,,1,30,,6031,8,,,1,70,,6032,8,,,1,25,,6033,8,,,1,70,,6034,8,,,1,30,,6035,8,,,1,70,,6036,8,,,1,30,,6037,8,,,1,65,,6038,8,,,1,30,,6039,8,,,1,70,,6040,8,,,1,30,,6041,8,,,1,65,,6042,8,,,1,25,,6043,8,,,1,25,,6044,8,,,1,70,,6045,8,,,1,100,,6046,8,,,1,95,,6047,8,,,1,100,,6048,8,,,1,100,,6049,8,,,1
1601,'20260419',817,,6050,8,,,1,102,,6051,8,,,1,115,,6052,8,,,1,105,,6053,8,,,1,70,,6054,8,,,1,35,,6055,8,,,1,70,,6056,8,,,1,35,,6057,8,,,1,75,,6058,8,,,1,30,,6059,8,,,1,70,,6060,8,,,1,25,,6061,8,,,1,70,,6062,8,,,1,30,,6063,8,,,1,70,,6064,8,,,1,30,,6065,8,,,1,65,,6066,8,,,1,30,,6067,8,,,1,70,,6068,8,,,1,30,,6069,8,,,1,65,,6070,8,,,1,25,,6071,8,,,1,25,,6072,8,,,1,70,,6073,8,,,1,100,,6074,8,,,1,95,,6075,8,,,1,100,,6076,8,,,1,100,,6077,8,,,1
1601,'20260420',617,,6078,8,,,1,102,,6079,8,,,1,413,,6080,8,,,1,105,,6081,8,,,1,100,,6082,8,,,1,105,,6083,8,,,1,160,,6084,8,,,1,435,,6085,8,,,1,90,,6086,8,,,1,100,,6087,8,,,1,95,,6088,8,,,1,100,,6089,8,,,1,95,,6090,8,,,1
1601,'20260421',617,,6091,8,,,1,102,,6092,8,,,1,413,,6093,8,,,1,105,,6094,8,,,1,100,,6095,8,,,1,105,,6096,8,,,1,160,,6097,8,,,1,435,,6098,8,,,1,90,,6099,8,,,1,100,,6100,8,,,1,95,,6101,8,,,1,100,,6102,8,,,1,95,,6103,8,,,1
1601,'20260422',617,,6104,8,,,1,102,,6105,8,,,1,413,,6106,8,,,1,105,,6107,8,,,1,100,,6108,8,,,1,105,,6109,8,,,1,160,,6110,8,,,1,435,,6111,8,,,1,90,,6112,8,,,1,100,,6113,8,,,1,95,,6114,8,,,1,100,,6115,8,,,1,95,,6116,8,,,1
1601,'20260423',617,,6117,8,,,1,102,,6118,8,,,1,413,,6119,8,,,1,105,,6120,8,,,1,100,,6121,8,,,1,105,,6122,8,,,1,160,,6123,8,,,1,435,,6124,8,,,1,90,,6125,8,,,1,100,,6126,8,,,1,95,,6127,8,,,1,100,,6128,8,,,1,95,,6129,8,,,1
1601,'20260424',617,,6130,8,,,1,102,,6131,8,,,1,413,,6132,8,,,1,105,,6133,8,,,1,100,,6134,8,,,1,105,,6135,8,,,1,160,,6136,8,,,1,435,,6137,8,,,1,90,,6138,8,,,1,100,,6139,8,,,1,95,,6140,8,,,1,100,,6141,8,,,1,95,,6142,8,,,1
1701,'20260401',707,,6829,25,,,1,207,,6830,25,,,1,98,,6831,25,,,1,97,,6832,25,,,1,105,,6833,25,,,1,200,,6834,25,,,1,95,,6835,25,,,1,105,,6836,25,,,1,95,,6837,25,,,1,110,,6838,25,,,1,95,,6839,25,,,1,93,,6840,25,,,1,105,,6841,25,,,1,95,,6842,25,,,1
1701,'20260402',707,,6843,25,,,1,207,,6844,25,,,1,98,,6845,25,,,1,97,,6846,25,,,1,105,,6847,25,,,1,200,,6848,25,,,1,95,,6849,25,,,1,105,,6850,25,,,1,95,,6851,25,,,1,110,,6852,25,,,1,95,,6853,25,,,1,93,,6854,25,,,1,105,,6855,25,,,1,95,,6856,25,,,1
1701,'20260406',707,,6857,25,,,1,207,,6858,25,,,1,98,,6859,25,,,1,97,,6860,25,,,1,105,,6861,25,,,1,200,,6862,25,,,1,95,,6863,25,,,1,105,,6864,25,,,1,95,,6865,25,,,1,110,,6866,25,,,1,95,,6867,25,,,1,93,,6868,25,,,1,105,,6869,25,,,1,95,,6870,25,,,1
1701,'20260407',707,,6871,25,,,1,207,,6872,25,,,1,98,,6873,25,,,1,97,,6874,25,,,1,105,,6875,25,,,1,200,,6876,25,,,1,95,,6877,25,,,1,105,,6878,25,,,1,95,,6879,25,,,1,110,,6880,25,,,1,95,,6881,25,,,1,93,,6882,25,,,1,105,,6883,25,,,1,95,,6884,25,,,1
1701,'20260408',707,,6885,25,,,1,207,,6886,25,,,1,98,,6887,25,,,1,97,,6888,25,,,1,105,,6889,25,,,1,200,,6890,25,,,1,95,,6891,25,,,1,105,,6892,25,,,1,95,,6893,25,,,1,110,,6894,25,,,1,95,,6895,25,,,1,93,,6896,25,,,1,105,,6897,25,,,1,95,,6898,25,,,1
1701,'20260409',707,,6899,25,,,1,207,,6900,25,,,1,98,,6901,25,,,1,97,,6902,25,,,1,105,,6903,25,,,1,200,,6904,25,,,1,95,,6905,25,,,1,105,,6906,25,,,1,95,,6907,25,,,1,110,,6908,25,,,1,95,,6909,25,,,1,93,,6910,25,,,1,105,,6911,25,,,1,95,,6912,25,,,1
1701,'20260410',707,,6913,25,,,1,207,,6914,25,,,1,98,,6915,25,,,1,97,,6916,25,,,1,105,,6917,25,,,1,200,,6918,25,,,1,95,,6919,25,,,1,105,,6920,25,,,1,95,,6921,25,,,1,110,,6922,25,,,1,95,,6923,25,,,1,93,,6924,25,,,1,105,,6925,25,,,1,95,,6926,25,,,1
1701,'20260413',707,,6927,25,,,1,207,,6928,25,,,1,98,,6929,25,,,1,97,,6930,25,,,1,105,,6931,25,,,1,200,,6932,25,,,1,95,,6933,25,,,1,105,,6934,25,,,1,95,,6935,25,,,1,110,,6936,25,,,1,95,,6937,25,,,1,93,,6938,25,,,1,105,,6939,25,,,1,95,,6940,25,,,1
1701,'20260414',707,,6941,25,,,1,207,,6942,25,,,1,98,,6943,25,,,1,97,,6944,25,,,1,105,,6945,25,,,1,200,,6946,25,,,1,95,,6947,25,,,1,105,,6948,25,,,1,95,,6949,25,,,1,110,,6950,25,,,1,95,,6951,25,,,1,93,,6952,25,,,1,105,,6953,25,,,1,95,,6954,25,,,1
1701,'20260415',707,,6955,25,,,1,207,,6956,25,,,1,98,,6957,25,,,1,97,,6958,25,,,1,105,,6959,25,,,1,200,,6960,25,,,1,95,,6961,25,,,1,105,,6962,25,,,1,95,,6963,25,,,1,110,,6964,25,,,1,95,,6965,25,,,1,93,,6966,25,,,1,105,,6967,25,,,1,95,,6968,25,,,1
1701,'20260416',707,,6969,25,,,1,207,,6970,25,,,1,98,,6971,25,,,1,97,,6972,25,,,1,105,,6973,25,,,1,200,,6974,25,,,1,95,,6975,25,,,1,105,,6976,25,,,1,95,,6977,25,,,1,110,,6978,25,,,1,95,,6979,25,,,1,93,,6980,25,,,1,105,,6981,25,,,1,95,,6982,25,,,1
1701,'20260417',707,,6983,25,,,1,207,,6984,25,,,1,98,,6985,25,,,1,97,,6986,25,,,1,105,,6987,25,,,1,200,,6988,25,,,1,95,,6989,25,,,1,105,,6990,25,,,1,95,,6991,25,,,1,110,,6992,25,,,1,95,,6993,25,,,1,93,,6994,25,,,1,105,,6995,25,,,1,95,,6996,25,,,1
1701,'20260420',707,,6997,25,,,1,207,,6998,25,,,1,98,,6999,25,,,1,97,,7000,25,,,1,105,,7001,25,,,1,200,,7002,25,,,1,95,,7003,25,,,1,105,,7004,25,,,1,95,,7005,25,,,1,110,,7006,25,,,1,95,,7007,25,,,1,93,,7008,25,,,1,105,,7009,25,,,1,95,,7010,25,,,1
1701,'20260421',707,,7011,25,,,1,207,,7012,25,,,1,98,,7013,25,,,1,97,,7014,25,,,1,105,,7015,25,,,1,200,,7016,25,,,1,95,,7017,25,,,1,105,,7018,25,,,1,95,,7019,25,,,1,110,,7020,25,,,1,95,,7021,25,,,1,93,,7022,25,,,1,105,,7023,25,,,1,95,,7024,25,,,1
1701,'20260422',707,,7025,25,,,1,207,,7026,25,,,1,98,,7027,25,,,1,97,,7028,25,,,1,105,,7029,25,,,1,200,,7030,25,,,1,95,,7031,25,,,1,105,,7032,25,,,1,95,,7033,25,,,1,110,,7034,25,,,1,95,,7035,25,,,1,93,,7036,25,,,1,105,,7037,25,,,1,95,,7038,25,,,1
1701,'20260423',707,,7039,25,,,1,207,,7040,25,,,1,98,,7041,25,,,1,97,,7042,25,,,1,105,,7043,25,,,1,200,,7044,25,,,1,95,,7045,25,,,1,105,,7046,25,,,1,95,,7047,25,,,1,110,,7048,25,,,1,95,,7049,25,,,1,93,,7050,25,,,1,105,,7051,25,,,1,95,,7052,25,,,1
1701,'20260424',707,,7053,25,,,1,207,,7054,25,,,1,98,,7055,25,,,1,97,,7056,25,,,1,105,,7057,25,,,1,200,,7058,25,,,1,95,,7059,25,,,1,105,,7060,25,,,1,95,,7061,25,,,1,110,,7062,25,,,1,95,,7063,25,,,1,93,,7064,25,,,1,105,,7065,25,,,1,95,,7066,25,,,1
1801,'20260401',657,,8163,23,0,31 38 9,1,191,,8164,8,0,38 9,1,802,,8165,8,0,38 9,1,204,,8166,8,0,38 9,1,95,,8167,8,0,38 9,1,197,,8168,8,0,38 9,1,199,,8169,8,0,38 9,1,204,,8172,8,0,38 9,1,51,,8171,21,0,57 38 9,1,40,,8173,23,0,68 71 72 9,1,163,,8174,23,0,31 38 9,1
1801,'20260402',657,,8175,23,0,31 38 9,1,191,,8176,8,0,38 9,1,802,,8177,8,0,38 9,1,204,,8178,8,0,38 9,1,95,,8179,8,0,38 9,1,197,,8180,8,0,38 9,1,199,,8181,8,0,38 9,1,204,,8184,8,0,38 9,1,51,,8183,21,0,57 38 9,1,40,,8185,23,0,68 71 72 9,1,163,,8186,23,0,31 38 9,1
1801,'20260403',826,,8187,23,0,68 71 72 9,1,75,,8188,23,0,68 71 72 9,1,30,,8189,23,0,68 71 72 9,1,14,,8190,21,0,7 71 72 9,1,101,,8192,8,0,38 9,1,200,,8193,8,0,38 9,1,200,,8194,8,0,38 9,1,200,,8195,8,0,38 9,1,201,,8196,8,0,38 9,1,200,,8197,8,0,38 9,1,200,,8198,8,0,38 9,1,201,,8199,8,0,38 9,1,104,,8200,8,0,38 9,1,148,,8202,21,0,57 38 9,1,50,,8204,21,0,57 38 9,1
1801,'20260404',826,,8205,23,0,68 71 72 9,1,75,,8206,23,0,68 71 72 9,1,30,,8207,23,0,68 71 72 9,1,14,,8208,21,0,7 71 72 9,1,101,,8210,8,0,38 9,1,200,,8211,8,0,38 9,1,200,,8212,8,0,38 9,1,200,,8213,8,0,38 9,1,201,,8214,8,0,38 9,1,200,,8215,8,0,38 9,1,200,,8216,8,0,38 9,1,201,,8217,8,0,38 9,1,104,,8218,8,0,38 9,1,148,,8220,21,0,57 38 9,1,50,,8222,21,0,57 38 9,1
1801,'20260405',826,,8223,23,0,68 71 72 9,1,75,,8224,23,0,68 71 72 9,1,30,,8225,23,0,68 71 72 9,1,14,,8226,21,0,7 71 72 9,1,101,,8228,8,0,38 9,1,200,,8229,8,0,38 9,1,200,,8230,8,0,38 9,1,200,,8231,8,0,38 9,1,201,,8232,8,0,38 9,1,200,,8233,8,0,38 9,1,200,,8234,8,0,38 9,1,201,,8235,8,0,38 9,1,104,,8236,8,0,38 9,1,88,,8237,23,0,68 71 72 9,1,163,,8238,23,0,31 38 9,1
1801,'20260406',657,,8239,23,0,31 38 9,1,191,,8240,8,0,38 9,1,802,,8241,8,0,38 9,1,204,,8242,8,0,38 9,1,95,,8243,8,0,38 9,1,197,,8244,8,0,38 9,1,199,,8245,8,0,38 9,1,204,,8248,8,0,38 9,1,51,,8247,21,0,57 38 9,1,40,,8249,23,0,68 71 72 9,1,163,,8250,23,0,31 38 9,1
1801,'20260407',657,,8251,23,0,31 38 9,1,191,,8252,8,0,38 9,1,802,,8253,8,0,38 9,1,204,,8254,8,0,38 9,1,95,,8255,8,0,38 9,1,197,,8256,8,0,38 9,1,199,,8257,8,0,38 9,1,204,,8260,8,0,38 9,1,51,,8259,21,0,57 38 9,1,40,,8261,23,0,68 71 72 9,1,163,,8262,23,0,31 38 9,1
1801,'20260408',657,,8263,23,0,31 38 9,1,191,,8264,8,0,38 9,1,802,,8265,8,0,38 9,1,204,,8266,8,0,38 9,1,95,,8267,8,0,38 9,1,197,,8268,8,0,38 9,1,199,,8269,8,0,38 9,1,204,,8272,8,0,38 9,1,51,,8271,21,0,57 38 9,1,40,,8273,23,0,68 71 72 9,1,163,,8274,23,0,31 38 9,1
1801,'20260409',657,,8275,23,0,31 38 9,1,191,,8276,8,0,38 9,1,802,,8277,8,0,38 9,1,204,,8278,8,0,38 9,1,95,,8279,8,0,38 9,1,197,,8280,8,0,38 9,1,199,,8281,8,0,38 9,1,204,,8284,8,0,38 9,1,51,,8283,21,0,57 38 9,1,40,,8285,23,0,68 71 72 9,1,163,,8286,23,0,31 38 9,1
1801,'20260410',657,,8287,23,0,31 38 9,1,191,,8288,8,0,38 9,1,802,,8289,8,0,38 9,1,204,,8290,8,0,38 9,1,95,,8291,8,0,38 9,1,197,,8292,8,0,38 9,1,199,,8293,8,0,38 9,1,204,,8294,8,0,38 9,1,151,,8296,21,0,57 38 9,1,103,,8297,23,0,31 38 9,1
1801,'20260411',826,,8298,23,0,68 71 72 9,1,75,,8299,23,0,68 71 72 9,1,30,,8300,23,0,68 71 72 9,1,14,,8301,21,0,7 71 72 9,1,101,,8303,8,0,38 9,1,200,,8304,8,0,38 9,1,200,,8305,8,0,38 9,1,200,,8306,8,0,38 9,1,201,,8307,8,0,38 9,1,200,,8308,8,0,38 9,1,200,,8309,8,0,38 9,1,201,,8310,8,0,38 9,1,104,,8311,8,0,38 9,1,148,,8313,21,0,57 38 9,1,50,,8315,21,0,57 38 9,1
1801,'20260412',826,,8316,23,0,68 71 72 9,1,75,,8317,23,0,68 71 72 9,1,30,,8318,23,0,68 71 72 9,1,14,,8319,21,0,7 71 72 9,1,101,,8321,8,0,38 9,1,200,,8322,8,0,38 9,1,200,,8323,8,0,38 9,1,200,,8324,8,0,38 9,1,201,,8325,8,0,38 9,1,200,,8326,8,0,38 9,1,200,,8327,8,0,38 9,1,201,,8328,8,0,38 9,1,104,,8329,8,0,38 9,1,88,,8330,23,0,68 71 72 9,1,163,,8331,23,0,31 38 9,1
1801,'20260413',657,,8332,23,0,31 38 9,1,191,,8333,8,0,38 9,1,802,,8334,8,0,38 9,1,204,,8335,8,0,38 9,1,95,,8336,8,0,38 9,1,197,,8337,8,0,38 9,1,199,,8338,8,0,38 9,1,204,,8341,8,0,38 9,1,51,,8340,21,0,57 38 9,1,40,,8342,23,0,68 71 72 9,1,163,,8343,23,0,31 38 9,1
1801,'20260414',657,,8344,23,0,31 38 9,1,191,,8345,8,0,38 9,1,802,,8346,8,0,38 9,1,204,,8347,8,0,38 9,1,95,,8348,8,0,38 9,1,197,,8349,8,0,38 9,1,199,,8350,8,0,38 9,1,204,,8353,8,0,38 9,1,51,,8352,21,0,57 38 9,1,40,,8354,23,0,68 71 72 9,1,163,,8355,23,0,31 38 9,1
1801,'20260415',657,,8356,23,0,31 38 9,1,191,,8357,8,0,38 9,1,802,,8358,8,0,38 9,1,204,,8359,8,0,38 9,1,95,,8360,8,0,38 9,1,197,,8361,8,0,38 9,1,199,,8362,8,0,38 9,1,204,,8365,8,0,38 9,1,51,,8364,21,0,57 38 9,1,40,,8366,23,0,68 71 72 9,1,163,,8367,23,0,31 38 9,1
1801,'20260416',657,,8368,23,0,31 38 9,1,191,,8369,8,0,38 9,1,802,,8370,8,0,38 9,1,204,,8371,8,0,38 9,1,95,,8372,8,0,38 9,1,197,,8373,8,0,38 9,1,199,,8374,8,0,38 9,1,204,,8377,8,0,38 9,1,51,,8376,21,0,57 38 9,1,40,,8378,23,0,68 71 72 9,1,163,,8379,23,0,31 38 9,1
1801,'20260417',657,,8380,23,0,31 38 9,1,191,,8381,8,0,38 9,1,802,,8382,8,0,38 9,1,204,,8383,8,0,38 9,1,95,,8384,8,0,38 9,1,197,,8385,8,0,38 9,1,199,,8386,8,0,38 9,1,204,,8387,8,0,38 9,1,151,,8389,21,0,57 38 9,1,103,,8390,23,0,31 38 9,1
1801,'20260418',826,,8391,23,0,68 71 72 9,1,75,,8392,23,0,68 71 72 9,1,30,,8393,23,0,68 71 72 9,1,14,,8394,21,0,7 71 72 9,1,101,,8396,8,0,38 9,1,200,,8397,8,0,38 9,1,200,,8398,8,0,38 9,1,200,,8399,8,0,38 9,1,201,,8400,8,0,38 9,1,200,,8401,8,0,38 9,1,200,,8402,8,0,38 9,1,201,,8403,8,0,38 9,1,104,,8404,8,0,38 9,1,148,,8406,21,0,57 38 9,1,50,,8408,21,0,57 38 9,1
1801,'20260419',826,,8409,23,0,68 71 72 9,1,75,,8410,23,0,68 71 72 9,1,30,,8411,23,0,68 71 72 9,1,14,,8412,21,0,7 71 72 9,1,101,,8414,8,0,38 9,1,200,,8415,8,0,38 9,1,200,,8416,8,0,38 9,1,200,,8417,8,0,38 9,1,201,,8418,8,0,38 9,1,200,,8419,8,0,38 9,1,200,,8420,8,0,38 9,1,201,,8421,8,0,38 9,1,104,,8422,8,0,38 9,1,88,,8423,23,0,68 71 72 9,1,163,,8424,23,0,31 38 9,1
1801,'20260420',657,,8425,23,0,31 38 9,1,191,,8426,8,0,38 9,1,802,,8427,8,0,38 9,1,204,,8428,8,0,38 9,1,95,,8429,8,0,38 9,1,197,,8430,8,0,38 9,1,199,,8431,8,0,38 9,1,204,,8434,8,0,38 9,1,51,,8433,21,0,57 38 9,1,40,,8435,23,0,68 71 72 9,1,163,,8436,23,0,31 38 9,1
1801,'20260421',657,,8437,23,0,31 38 9,1,191,,8438,8,0,38 9,1,802,,8439,8,0,38 9,1,204,,8440,8,0,38 9,1,95,,8441,8,0,38 9,1,197,,8442,8,0,38 9,1,199,,8443,8,0,38 9,1,204,,8446,8,0,38 9,1,51,,8445,21,0,57 38 9,1,40,,8447,23,0,68 71 72 9,1,163,,8448,23,0,31 38 9,1
1801,'20260422',657,,8449,23,0,31 38 9,1,191,,8450,8,0,38 9,1,802,,8451,8,0,38 9,1,204,,8452,8,0,38 9,1,95,,8453,8,0,38 9,1,197,,8454,8,0,38 9,1,199,,8455,8,0,38 9,1,204,,8458,8,0,38 9,1,51,,8457,21,0,57 38 9,1,40,,8459,23,0,68 71 72 9,1,163,,8460,23,0,31 38 9,1
1801,'20260423',657,,8461,23,0,31 38 9,1,191,,8462,8,0,38 9,1,802,,8463,8,0,38 9,1,204,,8464,8,0,38 9,1,95,,8465,8,0,38 9,1,197,,8466,8,0,38 9,1,199,,8467,8,0,38 9,1,204,,8470,8,0,38 9,1,51,,8469,21,0,57 38 9,1,40,,8471,23,0,68 71 72 9,1,163,,8472,23,0,31 38 9,1
1801,'20260424',657,,8473,23,0,31 38 9,1,191,,8474,8,0,38 9,1,802,,8475,8,0,38 9,1,204,,8476,8,0,38 9,1,95,,8477,8,0,38 9,1,197,,8478,8,0,38 9,1,199,,8479,8,0,38 9,1,204,,8480,8,0,38 9,1,151,,8482,21,0,57 38 9,1,103,,8483,23,0,31 38 9,1
4001,'20260401',542,,35784,17,,,1,105,,35785,17,,,1,75,,35786,17,,,1,30,,35787,17,,,1,60,,35788,17,,,1,15,,35789,17,,,1,15,,35790,17,,,1,15,,35791,17,,,1,60,,35793,17,,,1,5,,35792,21,0,37 38 9,1,15,,35794,17,,,1,70,,35796,17,,,1,5,,35795,21,0,37 38 9,1,25,,35797,17,,,1,70,,35798,21,0,37 38 9,1,15,,35799,17,,,1,30,,35800,17,,,1,70,,35801,17,,,1,35,,35802,18,0,52 38 9,1,60,,35803,17,,,1,35,,35804,17,,,1,70,,35805,17,,,1,80,,35806,18,0,52 38 9,1,30,,35807,17,,,1,70,,35808,17,,,1,40,,35809,17,,,1,60,,35810,17,,,1,25,,35811,18,0,52 38 9,1,15,,35812,17,,,1,60,,35813,17,,,1,25,,35815,17,,,1,5,,35814,21,0,37 38 9,1,15,,35816,17,,,1,55,,35817,17,,,1,10,,35819,17,,,1,10,,35818,21,0,37 38 9,1,20,,35820,17,,,1,75,,35821,21,0,37 38 9,1,10,,35822,17,,,1,25,,35823,17,,,1,80,,35824,21,0,37 38 9,1,20,,35825,17,,,1,100,,35826,17,,,1,100,,35827,17,,,1,95,,35828,17,,,1,95,,35829,17,,,1,200,,35830,17,,,1
4001,'20260402',542,,35831,17,,,1,105,,35832,17,,,1,75,,35833,17,,,1,30,,35834,17,,,1,60,,35835,17,,,1,15,,35836,17,,,1,15,,35837,17,,,1,15,,35838,17,,,1,60,,35840,17,,,1,5,,35839,21,0,37 38 9,1,15,,35841,17,,,1,70,,35843,17,,,1,5,,35842,21,0,37 38 9,1,25,,35844,17,,,1,70,,35845,21,0,37 38 9,1,15,,35846,17,,,1,30,,35847,17,,,1,70,,35848,17,,,1,35,,35849,18,0,52 38 9,1,60,,35850,17,,,1,35,,35851,17,,,1,70,,35852,17,,,1,80,,35853,18,0,52 38 9,1,30,,35854,17,,,1,70,,35855,17,,,1,40,,35856,17,,,1,60,,35857,17,,,1,25,,35858,18,0,52 38 9,1,15,,35859,17,,,1,60,,35860,17,,,1,25,,35862,17,,,1,5,,35861,21,0,37 38 9,1,15,,35863,17,,,1,55,,35864,17,,,1,10,,35866,17,,,1,10,,35865,21,0,37 38 9,1,20,,35867,17,,,1,75,,35868,21,0,37 38 9,1,10,,35869,17,,,1,25,,35870,17,,,1,80,,35871,21,0,37 38 9,1,20,,35872,17,,,1,100,,35873,17,,,1,100,,35874,17,,,1,95,,35875,17,,,1,95,,35876,17,,,1,200,,35877,17,,,1
4001,'20260403',542,,35878,17,,,1,200,,35879,17,,,1,105,,35880,17,,,1,90,,35881,17,,,1,85,,35882,17,,,1,30,,35883,17,,,1,70,,35884,17,,,1,30,,35885,17,,,1,75,,35886,17,,,1,30,,35887,17,,,1,70,,35888,17,,,1,30,,35889,17,,,1,70,,35890,17,,,1,30,,35891,17,,,1,70,,35892,17,,,1,30,,35893,17,,,1,70,,35894,17,,,1,25,,35895,17,,,1,60,,35896,17,,,1,20,,35897,17,,,1,20,,35898,17,,,1,60,,35899,17,,,1,20,,35900,17,,,1,25,,35901,17,,,1,70,,35902,17,,,1,25,,35903,17,,,1,70,,35904,17,,,1,30,,35905,17,,,1,70,,35906,17,,,1,30,,35907,17,,,1,95,,35908,17,,,1,100,,35909,17,,,1,100,,35910,17,,,1,95,,35911,17,,,1,200,,35912,17,,,1
4001,'20260404',542,,35913,17,,,1,200,,35914,17,,,1,105,,35915,17,,,1,90,,35916,17,,,1,85,,35917,17,,,1,30,,35918,17,,,1,70,,35919,17,,,1,30,,35920,17,,,1,75,,35921,17,,,1,30,,35922,17,,,1,70,,35923,17,,,1,30,,35924,17,,,1,70,,35925,17,,,1,30,,35926,17,,,1,70,,35927,17,,,1,30,,35928,17,,,1,70,,35929,17,,,1,25,,35930,17,,,1,60,,35931,17,,,1,20,,35932,17,,,1,20,,35933,17,,,1,60,,35934,17,,,1,20,,35935,17,,,1,25,,35936,17,,,1,70,,35937,17,,,1,25,,35938,17,,,1,70,,35939,17,,,1,30,,35940,17,,,1,70,,35941,17,,,1,30,,35942,17,,,1,95,,35943,17,,,1,100,,35944,17,,,1,100,,35945,17,,,1,95,,35946,17,,,1,200,,35947,17,,,1
4001,'20260405',542,,35948,17,,,1,200,,35949,17,,,1,105,,35950,17,,,1,90,,35951,17,,,1,85,,35952,17,,,1,30,,35953,17,,,1,70,,35954,17,,,1,30,,35955,17,,,1,75,,35956,17,,,1,30,,35957,17,,,1,70,,35958,17,,,1,30,,35959,17,,,1,70,,35960,17,,,1,30,,35961,17,,,1,70,,35962,17,,,1,30,,35963,17,,,1,70,,35964,17,,,1,25,,35965,17,,,1,60,,35966,17,,,1,20,,35967,17,,,1,20,,35968,17,,,1,60,,35969,17,,,1,20,,35970,17,,,1,25,,35971,17,,,1,70,,35972,17,,,1,25,,35973,17,,,1,70,,35974,17,,,1,30,,35975,17,,,1,70,,35976,17,,,1,30,,35977,17,,,1,95,,35978,17,,,1,100,,35979,17,,,1,100,,35980,17,,,1,95,,35981,17,,,1,200,,35982,17,,,1
4001,'20260406',542,,35983,17,,,1,105,,35984,17,,,1,75,,35985,17,,,1,30,,35986,17,,,1,60,,35987,17,,,1,15,,35988,17,,,1,15,,35989,17,,,1,15,,35990,17,,,1,60,,35992,17,,,1,5,,35991,21,0,37 38 9,1,15,,35993,17,,,1,70,,35995,17,,,1,5,,35994,21,0,37 38 9,1,25,,35996,17,,,1,70,,35997,21,0,37 38 9,1,15,,35998,17,,,1,30,,35999,17,,,1,70,,36000,17,,,1,35,,36001,18,0,52 38 9,1,60,,36002,17,,,1,35,,36003,17,,,1,70,,36004,17,,,1,80,,36005,18,0,52 38 9,1,30,,36006,17,,,1,70,,36007,17,,,1,40,,36008,17,,,1,60,,36009,17,,,1,25,,36010,18,0,52 38 9,1,15,,36011,17,,,1,60,,36012,17,,,1,25,,36014,17,,,1,5,,36013,21,0,37 38 9,1,15,,36015,17,,,1,55,,36016,17,,,1,10,,36018,17,,,1,10,,36017,21,0,37 38 9,1,20,,36019,17,,,1,75,,36020,21,0,37 38 9,1,10,,36021,17,,,1,25,,36022,17,,,1,80,,36023,21,0,37 38 9,1,20,,36024,17,,,1,100,,36025,17,,,1,100,,36026,17,,,1,95,,36027,17,,,1,95,,36028,17,,,1,200,,36029,17,,,1
4001,'20260407',542,,36030,17,,,1,105,,36031,17,,,1,75,,36032,17,,,1,30,,36033,17,,,1,60,,36034,17,,,1,15,,36035,17,,,1,15,,36036,17,,,1,15,,36037,17,,,1,60,,36039,17,,,1,5,,36038,21,0,37 38 9,1,15,,36040,17,,,1,70,,36042,17,,,1,5,,36041,21,0,37 38 9,1,25,,36043,17,,,1,70,,36044,21,0,37 38 9,1,15,,36045,17,,,1,30,,36046,17,,,1,70,,36047,17,,,1,35,,36048,18,0,52 38 9,1,60,,36049,17,,,1,35,,36050,17,,,1,70,,36051,17,,,1,80,,36052,18,0,52 38 9,1,30,,36053,17,,,1,70,,36054,17,,,1,40,,36055,17,,,1,60,,36056,17,,,1,25,,36057,18,0,52 38 9,1,15,,36058,17,,,1,60,,36059,17,,,1,25,,36061,17,,,1,5,,36060,21,0,37 38 9,1,15,,36062,17,,,1,55,,36063,17,,,1,10,,36065,17,,,1,10,,36064,21,0,37 38 9,1,20,,36066,17,,,1,75,,36067,21,0,37 38 9,1,10,,36068,17,,,1,25,,36069,17,,,1,80,,36070,21,0,37 38 9,1,20,,36071,17,,,1,100,,36072,17,,,1,100,,36073,17,,,1,95,,36074,17,,,1,95,,36075,17,,,1,200,,36076,17,,,1
4001,'20260408',542,,36077,17,,,1,105,,36078,17,,,1,75,,36079,17,,,1,30,,36080,17,,,1,60,,36081,17,,,1,15,,36082,17,,,1,15,,36083,17,,,1,15,,36084,17,,,1,60,,36086,17,,,1,5,,36085,21,0,37 38 9,1,15,,36087,17,,,1,70,,36089,17,,,1,5,,36088,21,0,37 38 9,1,25,,36090,17,,,1,70,,36091,21,0,37 38 9,1,15,,36092,17,,,1,30,,36093,17,,,1,70,,36094,17,,,1,35,,36095,18,0,52 38 9,1,60,,36096,17,,,1,35,,36097,17,,,1,70,,36098,17,,,1,80,,36099,18,0,52 38 9,1,30,,36100,17,,,1,70,,36101,17,,,1,40,,36102,17,,,1,60,,36103,17,,,1,25,,36104,18,0,52 38 9,1,15,,36105,17,,,1,60,,36106,17,,,1,25,,36108,17,,,1,5,,36107,21,0,37 38 9,1,15,,36109,17,,,1,55,,36110,17,,,1,10,,36112,17,,,1,10,,36111,21,0,37 38 9,1,20,,36113,17,,,1,75,,36114,21,0,37 38 9,1,10,,36115,17,,,1,25,,36116,17,,,1,80,,36117,21,0,37 38 9,1,20,,36118,17,,,1,100,,36119,17,,,1,100,,36120,17,,,1,95,,36121,17,,,1,95,,36122,17,,,1,200,,36123,17,,,1
4001,'20260409',542,,36124,17,,,1,105,,36125,17,,,1,75,,36126,17,,,1,30,,36127,17,,,1,60,,36128,17,,,1,15,,36129,17,,,1,15,,36130,17,,,1,15,,36131,17,,,1,60,,36133,17,,,1,5,,36132,21,0,37 38 9,1,15,,36134,17,,,1,70,,36136,17,,,1,5,,36135,21,0,37 38 9,1,25,,36137,17,,,1,70,,36138,21,0,37 38 9,1,15,,36139,17,,,1,30,,36140,17,,,1,70,,36141,17,,,1,35,,36142,18,0,52 38 9,1,60,,36143,17,,,1,35,,36144,17,,,1,70,,36145,17,,,1,80,,36146,18,0,52 38 9,1,30,,36147,17,,,1,70,,36148,17,,,1,40,,36149,17,,,1,60,,36150,17,,,1,25,,36151,18,0,52 38 9,1,15,,36152,17,,,1,60,,36153,17,,,1,25,,36155,17,,,1,5,,36154,21,0,37 38 9,1,15,,36156,17,,,1,55,,36157,17,,,1,10,,36159,17,,,1,10,,36158,21,0,37 38 9,1,20,,36160,17,,,1,75,,36161,21,0,37 38 9,1,10,,36162,17,,,1,25,,36163,17,,,1,80,,36164,21,0,37 38 9,1,20,,36165,17,,,1,100,,36166,17,,,1,100,,36167,17,,,1,95,,36168,17,,,1,95,,36169,17,,,1,200,,36170,17,,,1
4001,'20260410',542,,36171,17,,,1,105,,36172,17,,,1,75,,36173,17,,,1,30,,36174,17,,,1,60,,36175,17,,,1,15,,36176,17,,,1,15,,36177,17,,,1,15,,36178,17,,,1,60,,36180,17,,,1,5,,36179,21,0,37 38 9,1,15,,36181,17,,,1,70,,36183,17,,,1,5,,36182,21,0,37 38 9,1,25,,36184,17,,,1,70,,36185,21,0,37 38 9,1,15,,36186,17,,,1,30,,36187,17,,,1,70,,36188,17,,,1,35,,36189,18,0,52 38 9,1,60,,36190,17,,,1,35,,36191,17,,,1,70,,36192,17,,,1,80,,36193,18,0,52 38 9,1,30,,36194,17,,,1,70,,36195,17,,,1,40,,36196,17,,,1,60,,36197,17,,,1,25,,36198,18,0,52 38 9,1,15,,36199,17,,,1,60,,36200,17,,,1,25,,36202,17,,,1,5,,36201,21,0,37 38 9,1,15,,36203,17,,,1,55,,36204,17,,,1,10,,36206,17,,,1,10,,36205,21,0,37 38 9,1,20,,36207,17,,,1,75,,36208,21,0,37 38 9,1,10,,36209,17,,,1,25,,36210,17,,,1,80,,36211,21,0,37 38 9,1,20,,36212,17,,,1,100,,36213,17,,,1,100,,36214,17,,,1,95,,36215,17,,,1,95,,36216,17,,,1,200,,36217,17,,,1
4001,'20260411',542,,36218,17,,,1,200,,36219,17,,,1,105,,36220,17,,,1,90,,36221,17,,,1,85,,36222,17,,,1,30,,36223,17,,,1,70,,36224,17,,,1,30,,36225,17,,,1,75,,36226,17,,,1,30,,36227,17,,,1,70,,36228,17,,,1,30,,36229,17,,,1,70,,36230,17,,,1,30,,36231,17,,,1,70,,36232,17,,,1,30,,36233,17,,,1,70,,36234,17,,,1,25,,36235,17,,,1,60,,36236,17,,,1,20,,36237,17,,,1,20,,36238,17,,,1,60,,36239,17,,,1,20,,36240,17,,,1,25,,36241,17,,,1,70,,36242,17,,,1,25,,36243,17,,,1,70,,36244,17,,,1,30,,36245,17,,,1,70,,36246,17,,,1,30,,36247,17,,,1,95,,36248,17,,,1,100,,36249,17,,,1,100,,36250,17,,,1,95,,36251,17,,,1,200,,36252,17,,,1
4001,'20260412',542,,36253,17,,,1,200,,36254,17,,,1,105,,36255,17,,,1,90,,36256,17,,,1,85,,36257,17,,,1,30,,36258,17,,,1,70,,36259,17,,,1,30,,36260,17,,,1,75,,36261,17,,,1,30,,36262,17,,,1,70,,36263,17,,,1,30,,36264,17,,,1,70,,36265,17,,,1,30,,36266,17,,,1,70,,36267,17,,,1,30,,36268,17,,,1,70,,36269,17,,,1,25,,36270,17,,,1,60,,36271,17,,,1,20,,36272,17,,,1,20,,36273,17,,,1,60,,36274,17,,,1,20,,36275,17,,,1,25,,36276,17,,,1,70,,36277,17,,,1,25,,36278,17,,,1,70,,36279,17,,,1,30,,36280,17,,,1,70,,36281,17,,,1,30,,36282,17,,,1,95,,36283,17,,,1,100,,36284,17,,,1,100,,36285,17,,,1,95,,36286,17,,,1,200,,36287,17,,,1
4001,'20260413',542,,36288,17,,,1,105,,36289,17,,,1,75,,36290,17,,,1,30,,36291,17,,,1,60,,36292,17,,,1,15,,36293,17,,,1,15,,36294,17,,,1,15,,36295,17,,,1,60,,36297,17,,,1,5,,36296,21,0,37 38 9,1,15,,36298,17,,,1,70,,36300,17,,,1,5,,36299,21,0,37 38 9,1,25,,36301,17,,,1,70,,36302,21,0,37 38 9,1,15,,36303,17,,,1,30,,36304,17,,,1,70,,36305,17,,,1,35,,36306,18,0,52 38 9,1,60,,36307,17,,,1,35,,36308,17,,,1,70,,36309,17,,,1,80,,36310,18,0,52 38 9,1,30,,36311,17,,,1,70,,36312,17,,,1,40,,36313,17,,,1,60,,36314,17,,,1,25,,36315,18,0,52 38 9,1,15,,36316,17,,,1,60,,36317,17,,,1,25,,36319,17,,,1,5,,36318,21,0,37 38 9,1,15,,36320,17,,,1,55,,36321,17,,,1,10,,36323,17,,,1,10,,36322,21,0,37 38 9,1,20,,36324,17,,,1,75,,36325,21,0,37 38 9,1,10,,36326,17,,,1,25,,36327,17,,,1,80,,36328,21,0,37 38 9,1,20,,36329,17,,,1,100,,36330,17,,,1,100,,36331,17,,,1,95,,36332,17,,,1,95,,36333,17,,,1,200,,36334,17,,,1
4001,'20260414',542,,36335,17,,,1,105,,36336,17,,,1,75,,36337,17,,,1,30,,36338,17,,,1,60,,36339,17,,,1,15,,36340,17,,,1,15,,36341,17,,,1,15,,36342,17,,,1,60,,36344,17,,,1,5,,36343,21,0,37 38 9,1,15,,36345,17,,,1,70,,36347,17,,,1,5,,36346,21,0,37 38 9,1,25,,36348,17,,,1,70,,36349,21,0,37 38 9,1,15,,36350,17,,,1,30,,36351,17,,,1,70,,36352,17,,,1,35,,36353,18,0,52 38 9,1,60,,36354,17,,,1,35,,36355,17,,,1,70,,36356,17,,,1,80,,36357,18,0,52 38 9,1,30,,36358,17,,,1,70,,36359,17,,,1,40,,36360,17,,,1,60,,36361,17,,,1,25,,36362,18,0,52 38 9,1,15,,36363,17,,,1,60,,36364,17,,,1,25,,36366,17,,,1,5,,36365,21,0,37 38 9,1,15,,36367,17,,,1,55,,36368,17,,,1,10,,36370,17,,,1,10,,36369,21,0,37 38 9,1,20,,36371,17,,,1,75,,36372,21,0,37 38 9,1,10,,36373,17,,,1,25,,36374,17,,,1,80,,36375,21,0,37 38 9,1,20,,36376,17,,,1,100,,36377,17,,,1,100,,36378,17,,,1,95,,36379,17,,,1,95,,36380,17,,,1,200,,36381,17,,,1
4001,'20260415',542,,36382,17,,,1,105,,36383,17,,,1,75,,36384,17,,,1,30,,36385,17,,,1,60,,36386,17,,,1,15,,36387,17,,,1,15,,36388,17,,,1,15,,36389,17,,,1,60,,36391,17,,,1,5,,36390,21,0,37 38 9,1,15,,36392,17,,,1,70,,36394,17,,,1,5,,36393,21,0,37 38 9,1,25,,36395,17,,,1,70,,36396,21,0,37 38 9,1,15,,36397,17,,,1,30,,36398,17,,,1,70,,36399,17,,,1,35,,36400,18,0,52 38 9,1,60,,36401,17,,,1,35,,36402,17,,,1,70,,36403,17,,,1,80,,36404,18,0,52 38 9,1,30,,36405,17,,,1,70,,36406,17,,,1,40,,36407,17,,,1,60,,36408,17,,,1,25,,36409,18,0,52 38 9,1,15,,36410,17,,,1,60,,36411,17,,,1,25,,36413,17,,,1,5,,36412,21,0,37 38 9,1,15,,36414,17,,,1,55,,36415,17,,,1,10,,36417,17,,,1,10,,36416,21,0,37 38 9,1,20,,36418,17,,,1,75,,36419,21,0,37 38 9,1,10,,36420,17,,,1,25,,36421,17,,,1,80,,36422,21,0,37 38 9,1,20,,36423,17,,,1,100,,36424,17,,,1,100,,36425,17,,,1,95,,36426,17,,,1,95,,36427,17,,,1,200,,36428,17,,,1
4001,'20260416',542,,36429,17,,,1,105,,36430,17,,,1,75,,36431,17,,,1,30,,36432,17,,,1,60,,36433,17,,,1,15,,36434,17,,,1,15,,36435,17,,,1,15,,36436,17,,,1,60,,36438,17,,,1,5,,36437,21,0,37 38 9,1,15,,36439,17,,,1,70,,36441,17,,,1,5,,36440,21,0,37 38 9,1,25,,36442,17,,,1,70,,36443,21,0,37 38 9,1,15,,36444,17,,,1,30,,36445,17,,,1,70,,36446,17,,,1,35,,36447,18,0,52 38 9,1,60,,36448,17,,,1,35,,36449,17,,,1,70,,36450,17,,,1,80,,36451,18,0,52 38 9,1,30,,36452,17,,,1,70,,36453,17,,,1,40,,36454,17,,,1,60,,36455,17,,,1,25,,36456,18,0,52 38 9,1,15,,36457,17,,,1,60,,36458,17,,,1,25,,36460,17,,,1,5,,36459,21,0,37 38 9,1,15,,36461,17,,,1,55,,36462,17,,,1,10,,36464,17,,,1,10,,36463,21,0,37 38 9,1,20,,36465,17,,,1,75,,36466,21,0,37 38 9,1,10,,36467,17,,,1,25,,36468,17,,,1,80,,36469,21,0,37 38 9,1,20,,36470,17,,,1,100,,36471,17,,,1,100,,36472,17,,,1,95,,36473,17,,,1,95,,36474,17,,,1,200,,36475,17,,,1
4001,'20260417',542,,36476,17,,,1,105,,36477,17,,,1,75,,36478,17,,,1,30,,36479,17,,,1,60,,36480,17,,,1,15,,36481,17,,,1,15,,36482,17,,,1,15,,36483,17,,,1,60,,36485,17,,,1,5,,36484,21,0,37 38 9,1,15,,36486,17,,,1,70,,36488,17,,,1,5,,36487,21,0,37 38 9,1,25,,36489,17,,,1,70,,36490,21,0,37 38 9,1,15,,36491,17,,,1,30,,36492,17,,,1,70,,36493,17,,,1,35,,36494,18,0,52 38 9,1,60,,36495,17,,,1,35,,36496,17,,,1,70,,36497,17,,,1,80,,36498,18,0,52 38 9,1,30,,36499,17,,,1,70,,36500,17,,,1,40,,36501,17,,,1,60,,36502,17,,,1,25,,36503,18,0,52 38 9,1,15,,36504,17,,,1,60,,36505,17,,,1,25,,36507,17,,,1,5,,36506,21,0,37 38 9,1,15,,36508,17,,,1,55,,36509,17,,,1,10,,36511,17,,,1,10,,36510,21,0,37 38 9,1,20,,36512,17,,,1,75,,36513,21,0,37 38 9,1,10,,36514,17,,,1,25,,36515,17,,,1,80,,36516,21,0,37 38 9,1,20,,36517,17,,,1,100,,36518,17,,,1,100,,36519,17,,,1,95,,36520,17,,,1,95,,36521,17,,,1,200,,36522,17,,,1
4001,'20260418',542,,36523,17,,,1,200,,36524,17,,,1,105,,36525,17,,,1,90,,36526,17,,,1,85,,36527,17,,,1,30,,36528,17,,,1,70,,36529,17,,,1,30,,36530,17,,,1,75,,36531,17,,,1,30,,36532,17,,,1,70,,36533,17,,,1,30,,36534,17,,,1,70,,36535,17,,,1,30,,36536,17,,,1,70,,36537,17,,,1,30,,36538,17,,,1,70,,36539,17,,,1,25,,36540,17,,,1,60,,36541,17,,,1,20,,36542,17,,,1,20,,36543,17,,,1,60,,36544,17,,,1,20,,36545,17,,,1,25,,36546,17,,,1,70,,36547,17,,,1,25,,36548,17,,,1,70,,36549,17,,,1,30,,36550,17,,,1,70,,36551,17,,,1,30,,36552,17,,,1,95,,36553,17,,,1,100,,36554,17,,,1,100,,36555,17,,,1,95,,36556,17,,,1,200,,36557,17,,,1
4001,'20260419',542,,36558,17,,,1,200,,36559,17,,,1,105,,36560,17,,,1,90,,36561,17,,,1,85,,36562,17,,,1,30,,36563,17,,,1,70,,36564,17,,,1,30,,36565,17,,,1,75,,36566,17,,,1,30,,36567,17,,,1,70,,36568,17,,,1,30,,36569,17,,,1,70,,36570,17,,,1,30,,36571,17,,,1,70,,36572,17,,,1,30,,36573,17,,,1,70,,36574,17,,,1,25,,36575,17,,,1,60,,36576,17,,,1,20,,36577,17,,,1,20,,36578,17,,,1,60,,36579,17,,,1,20,,36580,17,,,1,25,,36581,17,,,1,70,,36582,17,,,1,25,,36583,17,,,1,70,,36584,17,,,1,30,,36585,17,,,1,70,,36586,17,,,1,30,,36587,17,,,1,95,,36588,17,,,1,100,,36589,17,,,1,100,,36590,17,,,1,95,,36591,17,,,1,200,,36592,17,,,1
4001,'20260420',542,,36593,17,,,1,105,,36594,17,,,1,75,,36595,17,,,1,30,,36596,17,,,1,60,,36597,17,,,1,15,,36598,17,,,1,15,,36599,17,,,1,15,,36600,17,,,1,60,,36602,17,,,1,5,,36601,21,0,37 38 9,1,15,,36603,17,,,1,70,,36605,17,,,1,5,,36604,21,0,37 38 9,1,25,,36606,17,,,1,70,,36607,21,0,37 38 9,1,15,,36608,17,,,1,30,,36609,17,,,1,70,,36610,17,,,1,35,,36611,18,0,52 38 9,1,60,,36612,17,,,1,35,,36613,17,,,1,70,,36614,17,,,1,80,,36615,18,0,52 38 9,1,30,,36616,17,,,1,70,,36617,17,,,1,40,,36618,17,,,1,60,,36619,17,,,1,25,,36620,18,0,52 38 9,1,15,,36621,17,,,1,60,,36622,17,,,1,25,,36624,17,,,1,5,,36623,21,0,37 38 9,1,15,,36625,17,,,1,55,,36626,17,,,1,10,,36628,17,,,1,10,,36627,21,0,37 38 9,1,20,,36629,17,,,1,75,,36630,21,0,37 38 9,1,10,,36631,17,,,1,25,,36632,17,,,1,80,,36633,21,0,37 38 9,1,20,,36634,17,,,1,100,,36635,17,,,1,100,,36636,17,,,1,95,,36637,17,,,1,95,,36638,17,,,1,200,,36639,17,,,1
4001,'20260421',542,,36640,17,,,1,105,,36641,17,,,1,75,,36642,17,,,1,30,,36643,17,,,1,60,,36644,17,,,1,15,,36645,17,,,1,15,,36646,17,,,1,15,,36647,17,,,1,60,,36649,17,,,1,5,,36648,21,0,37 38 9,1,15,,36650,17,,,1,70,,36652,17,,,1,5,,36651,21,0,37 38 9,1,25,,36653,17,,,1,70,,36654,21,0,37 38 9,1,15,,36655,17,,,1,30,,36656,17,,,1,70,,36657,17,,,1,35,,36658,18,0,52 38 9,1,60,,36659,17,,,1,35,,36660,17,,,1,70,,36661,17,,,1,80,,36662,18,0,52 38 9,1,30,,36663,17,,,1,70,,36664,17,,,1,40,,36665,17,,,1,60,,36666,17,,,1,25,,36667,18,0,52 38 9,1,15,,36668,17,,,1,60,,36669,17,,,1,25,,36671,17,,,1,5,,36670,21,0,37 38 9,1,15,,36672,17,,,1,55,,36673,17,,,1,10,,36675,17,,,1,10,,36674,21,0,37 38 9,1,20,,36676,17,,,1,75,,36677,21,0,37 38 9,1,10,,36678,17,,,1,25,,36679,17,,,1,80,,36680,21,0,37 38 9,1,20,,36681,17,,,1,100,,36682,17,,,1,100,,36683,17,,,1,95,,36684,17,,,1,95,,36685,17,,,1,200,,36686,17,,,1
4001,'20260422',542,,36687,17,,,1,105,,36688,17,,,1,75,,36689,17,,,1,30,,36690,17,,,1,60,,36691,17,,,1,15,,36692,17,,,1,15,,36693,17,,,1,15,,36694,17,,,1,60,,36696,17,,,1,5,,36695,21,0,37 38 9,1,15,,36697,17,,,1,70,,36699,17,,,1,5,,36698,21,0,37 38 9,1,25,,36700,17,,,1,70,,36701,21,0,37 38 9,1,15,,36702,17,,,1,30,,36703,17,,,1,70,,36704,17,,,1,35,,36705,18,0,52 38 9,1,60,,36706,17,,,1,35,,36707,17,,,1,70,,36708,17,,,1,80,,36709,18,0,52 38 9,1,30,,36710,17,,,1,70,,36711,17,,,1,40,,36712,17,,,1,60,,36713,17,,,1,25,,36714,18,0,52 38 9,1,15,,36715,17,,,1,60,,36716,17,,,1,25,,36718,17,,,1,5,,36717,21,0,37 38 9,1,15,,36719,17,,,1,55,,36720,17,,,1,10,,36722,17,,,1,10,,36721,21,0,37 38 9,1,20,,36723,17,,,1,75,,36724,21,0,37 38 9,1,10,,36725,17,,,1,25,,36726,17,,,1,80,,36727,21,0,37 38 9,1,20,,36728,17,,,1,100,,36729,17,,,1,100,,36730,17,,,1,95,,36731,17,,,1,95,,36732,17,,,1,200,,36733,17,,,1
4001,'20260423',542,,36734,17,,,1,105,,36735,17,,,1,75,,36736,17,,,1,30,,36737,17,,,1,60,,36738,17,,,1,15,,36739,17,,,1,15,,36740,17,,,1,15,,36741,17,,,1,60,,36743,17,,,1,5,,36742,21,0,37 38 9,1,15,,36744,17,,,1,70,,36746,17,,,1,5,,36745,21,0,37 38 9,1,25,,36747,17,,,1,70,,36748,21,0,37 38 9,1,15,,36749,17,,,1,30,,36750,17,,,1,70,,36751,17,,,1,35,,36752,18,0,52 38 9,1,60,,36753,17,,,1,35,,36754,17,,,1,70,,36755,17,,,1,80,,36756,18,0,52 38 9,1,30,,36757,17,,,1,70,,36758,17,,,1,40,,36759,17,,,1,60,,36760,17,,,1,25,,36761,18,0,52 38 9,1,15,,36762,17,,,1,60,,36763,17,,,1,25,,36765,17,,,1,5,,36764,21,0,37 38 9,1,15,,36766,17,,,1,55,,36767,17,,,1,10,,36769,17,,,1,10,,36768,21,0,37 38 9,1,20,,36770,17,,,1,75,,36771,21,0,37 38 9,1,10,,36772,17,,,1,25,,36773,17,,,1,80,,36774,21,0,37 38 9,1,20,,36775,17,,,1,100,,36776,17,,,1,100,,36777,17,,,1,95,,36778,17,,,1,95,,36779,17,,,1,200,,36780,17,,,1
4001,'20260424',542,,36781,17,,,1,105,,36782,17,,,1,75,,36783,17,,,1,30,,36784,17,,,1,60,,36785,17,,,1,15,,36786,17,,,1,15,,36787,17,,,1,15,,36788,17,,,1,60,,36790,17,,,1,5,,36789,21,0,37 38 9,1,15,,36791,17,,,1,70,,36793,17,,,1,5,,36792,21,0,37 38 9,1,25,,36794,17,,,1,70,,36795,21,0,37 38 9,1,15,,36796,17,,,1,30,,36797,17,,,1,70,,36798,17,,,1,35,,36799,18,0,52 38 9,1,60,,36800,17,,,1,35,,36801,17,,,1,70,,36802,17,,,1,80,,36803,18,0,52 38 9,1,30,,36804,17,,,1,70,,36805,17,,,1,40,,36806,17,,,1,60,,36807,17,,,1,25,,36808,18,0,52 38 9,1,15,,36809,17,,,1,60,,36810,17,,,1,25,,36812,17,,,1,5,,36811,21,0,37 38 9,1,15,,36813,17,,,1,55,,36814,17,,,1,10,,36816,17,,,1,10,,36815,21,0,37 38 9,1,20,,36817,17,,,1,75,,36818,21,0,37 38 9,1,10,,36819,17,,,1,25,,36820,17,,,1,80,,36821,21,0,37 38 9,1,20,,36822,17,,,1,100,,36823,17,,,1,100,,36824,17,,,1,95,,36825,17,,,1,95,,36826,17,,,1,200,,36827,17,,,1
4101,'20260401',807,,40705,30,,,1,35,,40706,30,,,1,70,,40707,30,,,1,27,,40708,30,,,1,85,,40709,30,,,1,23,,40710,30,,,1,70,,40711,30,,,1,30,,40712,30,,,1,65,,40713,30,,,1,35,,40714,30,,,1,79,,40715,30,,,1,75,,40716,30,,,1,30,,40718,30,,,1,70,,40720,30,,,1,25,,40722,30,,,1,25,,40724,30,,,1,70,,40726,30,,,1,28,,40728,30,,,1,80,,40731,30,,,1,80,,40734,30,,,1,40,,40737,30,,,1,65,,40740,30,,,1,28,,40745,30,,,1,65,,40749,30,,,1,20,,40752,30,,,1,25,,40755,30,,,1,80,,40758,30,,,1,80,,40761,30,,,1,15,,40763,30,,,1,30,,40765,30,,,1,70,,40767,30,,,1,95,,40769,30,,,1,85,,40770,30,,,1
4101,'20260402',807,,40771,30,,,1,35,,40772,30,,,1,70,,40773,30,,,1,27,,40774,30,,,1,85,,40775,30,,,1,23,,40776,30,,,1,70,,40777,30,,,1,30,,40778,30,,,1,65,,40779,30,,,1,35,,40780,30,,,1,79,,40781,30,,,1,75,,40782,30,,,1,30,,40784,30,,,1,70,,40786,30,,,1,25,,40788,30,,,1,25,,40790,30,,,1,70,,40792,30,,,1,28,,40794,30,,,1,80,,40797,30,,,1,80,,40800,30,,,1,40,,40803,30,,,1,65,,40806,30,,,1,28,,40811,30,,,1,65,,40815,30,,,1,20,,40818,30,,,1,25,,40821,30,,,1,80,,40824,30,,,1,80,,40827,30,,,1,15,,40829,30,,,1,30,,40831,30,,,1,70,,40833,30,,,1,95,,40835,30,,,1,85,,40836,30,,,1
4101,'20260406',807,,40837,30,,,1,35,,40838,30,,,1,70,,40839,30,,,1,27,,40840,30,,,1,85,,40841,30,,,1,23,,40842,30,,,1,70,,40843,30,,,1,30,,40844,30,,,1,65,,40845,30,,,1,35,,40846,30,,,1,79,,40847,30,,,1,75,,40848,30,,,1,30,,40850,30,,,1,70,,40852,30,,,1,25,,40854,30,,,1,25,,40856,30,,,1,70,,40858,30,,,1,28,,40860,30,,,1,80,,40863,30,,,1,80,,40866,30,,,1,40,,40869,30,,,1,65,,40872,30,,,1,28,,40877,30,,,1,65,,40881,30,,,1,20,,40884,30,,,1,25,,40887,30,,,1,80,,40890,30,,,1,80,,40893,30,,,1,15,,40895,30,,,1,30,,40897,30,,,1,70,,40899,30,,,1,95,,40901,30,,,1,85,,40902,30,,,1
4101,'20260407',807,,40903,30,,,1,35,,40904,30,,,1,70,,40905,30,,,1,27,,40906,30,,,1,85,,40907,30,,,1,23,,40908,30,,,1,70,,40909,30,,,1,30,,40910,30,,,1,65,,40911,30,,,1,35,,40912,30,,,1,79,,40913,30,,,1,75,,40914,30,,,1,30,,40916,30,,,1,70,,40918,30,,,1,25,,40920,30,,,1,25,,40922,30,,,1,70,,40924,30,,,1,28,,40926,30,,,1,80,,40929,30,,,1,80,,40932,30,,,1,40,,40935,30,,,1,65,,40938,30,,,1,28,,40943,30,,,1,65,,40947,30,,,1,20,,40950,30,,,1,25,,40953,30,,,1,80,,40956,30,,,1,80,,40959,30,,,1,15,,40961,30,,,1,30,,40963,30,,,1,70,,40965,30,,,1,95,,40967,30,,,1,85,,40968,30,,,1
4101,'20260408',807,,40969,30,,,1,35,,40970,30,,,1,70,,40971,30,,,1,27,,40972,30,,,1,85,,40973,30,,,1,23,,40974,30,,,1,70,,40975,30,,,1,30,,40976,30,,,1,65,,40977,30,,,1,35,,40978,30,,,1,79,,40979,30,,,1,75,,40980,30,,,1,30,,40982,30,,,1,70,,40984,30,,,1,25,,40986,30,,,1,25,,40988,30,,,1,70,,40990,30,,,1,28,,40992,30,,,1,80,,40995,30,,,1,80,,40998,30,,,1,40,,41001,30,,,1,65,,41004,30,,,1,28,,41009,30,,,1,65,,41013,30,,,1,20,,41016,30,,,1,25,,41019,30,,,1,80,,41022,30,,,1,80,,41025,30,,,1,15,,41027,30,,,1,30,,41029,30,,,1,70,,41031,30,,,1,95,,41033,30,,,1,85,,41034,30,,,1
4101,'20260409',807,,41035,30,,,1,35,,41036,30,,,1,70,,41037,30,,,1,27,,41038,30,,,1,85,,41039,30,,,1,23,,41040,30,,,1,70,,41041,30,,,1,30,,41042,30,,,1,65,,41043,30,,,1,35,,41044,30,,,1,79,,41045,30,,,1,75,,41046,30,,,1,30,,41048,30,,,1,70,,41050,30,,,1,25,,41052,30,,,1,25,,41054,30,,,1,70,,41056,30,,,1,28,,41058,30,,,1,80,,41061,30,,,1,80,,41064,30,,,1,40,,41067,30,,,1,65,,41070,30,,,1,28,,41075,30,,,1,65,,41079,30,,,1,20,,41082,30,,,1,25,,41085,30,,,1,80,,41088,30,,,1,80,,41091,30,,,1,15,,41093,30,,,1,30,,41095,30,,,1,70,,41097,30,,,1,95,,41099,30,,,1,85,,41100,30,,,1
4101,'20260410',807,,41101,30,,,1,35,,41102,30,,,1,70,,41103,30,,,1,27,,41104,30,,,1,85,,41105,30,,,1,23,,41106,30,,,1,70,,41107,30,,,1,30,,41108,30,,,1,65,,41109,30,,,1,35,,41110,30,,,1,79,,41111,30,,,1,75,,41112,30,,,1,30,,41114,30,,,1,70,,41116,30,,,1,25,,41118,30,,,1,25,,41120,30,,,1,70,,41122,30,,,1,28,,41124,30,,,1,80,,41127,30,,,1,80,,41130,30,,,1,40,,41133,30,,,1,65,,41136,30,,,1,28,,41141,30,,,1,65,,41145,30,,,1,20,,41148,30,,,1,25,,41151,30,,,1,80,,41154,30,,,1,80,,41157,30,,,1,15,,41159,30,,,1,30,,41161,30,,,1,70,,41163,30,,,1,95,,41165,30,,,1,85,,41166,30,,,1
4101,'20260413',807,,41167,30,,,1,35,,41168,30,,,1,70,,41169,30,,,1,27,,41170,30,,,1,85,,41171,30,,,1,23,,41172,30,,,1,70,,41173,30,,,1,30,,41174,30,,,1,65,,41175,30,,,1,35,,41176,30,,,1,79,,41177,30,,,1,75,,41178,30,,,1,30,,41180,30,,,1,70,,41182,30,,,1,25,,41184,30,,,1,25,,41186,30,,,1,70,,41188,30,,,1,28,,41190,30,,,1,80,,41193,30,,,1,80,,41196,30,,,1,40,,41199,30,,,1,65,,41202,30,,,1,28,,41207,30,,,1,65,,41211,30,,,1,20,,41214,30,,,1,25,,41216,30,,,1,80,,41218,30,,,1,80,,41220,30,,,1,15,,41222,30,,,1,30,,41224,30,,,1,70,,41226,30,,,1,95,,41228,30,,,1,85,,41229,30,,,1
4101,'20260414',807,,41230,30,,,1,35,,41231,30,,,1,70,,41232,30,,,1,27,,41233,30,,,1,85,,41234,30,,,1,23,,41235,30,,,1,70,,41236,30,,,1,30,,41237,30,,,1,65,,41238,30,,,1,35,,41239,30,,,1,79,,41240,30,,,1,75,,41241,30,,,1,30,,41243,30,,,1,70,,41245,30,,,1,25,,41247,30,,,1,25,,41249,30,,,1,70,,41251,30,,,1,28,,41253,30,,,1,80,,41256,30,,,1,80,,41259,30,,,1,40,,41262,30,,,1,65,,41265,30,,,1,28,,41270,30,,,1,65,,41274,30,,,1,20,,41277,30,,,1,25,,41279,30,,,1,80,,41281,30,,,1,80,,41283,30,,,1,15,,41285,30,,,1,30,,41287,30,,,1,70,,41289,30,,,1,95,,41291,30,,,1,85,,41292,30,,,1
4101,'20260415',807,,41293,30,,,1,35,,41294,30,,,1,70,,41295,30,,,1,27,,41296,30,,,1,85,,41297,30,,,1,23,,41298,30,,,1,70,,41299,30,,,1,30,,41300,30,,,1,65,,41301,30,,,1,35,,41302,30,,,1,79,,41303,30,,,1,75,,41304,30,,,1,30,,41306,30,,,1,70,,41308,30,,,1,25,,41310,30,,,1,25,,41312,30,,,1,70,,41314,30,,,1,28,,41316,30,,,1,80,,41319,30,,,1,80,,41322,30,,,1,40,,41325,30,,,1,65,,41328,30,,,1,28,,41333,30,,,1,65,,41337,30,,,1,20,,41340,30,,,1,25,,41342,30,,,1,80,,41344,30,,,1,80,,41346,30,,,1,15,,41348,30,,,1,30,,41350,30,,,1,70,,41352,30,,,1,95,,41354,30,,,1,85,,41355,30,,,1
4101,'20260416',807,,41356,30,,,1,35,,41357,30,,,1,70,,41358,30,,,1,27,,41359,30,,,1,85,,41360,30,,,1,23,,41361,30,,,1,70,,41362,30,,,1,30,,41363,30,,,1,65,,41364,30,,,1,35,,41365,30,,,1,79,,41366,30,,,1,75,,41367,30,,,1,30,,41369,30,,,1,70,,41371,30,,,1,25,,41373,30,,,1,25,,41375,30,,,1,70,,41377,30,,,1,28,,41379,30,,,1,80,,41382,30,,,1,80,,41385,30,,,1,40,,41388,30,,,1,65,,41391,30,,,1,28,,41396,30,,,1,65,,41400,30,,,1,20,,41403,30,,,1,25,,41405,30,,,1,80,,41407,30,,,1,80,,41409,30,,,1,15,,41411,30,,,1,30,,41413,30,,,1,70,,41415,30,,,1,95,,41417,30,,,1,85,,41418,30,,,1
4101,'20260417',807,,41419,30,,,1,35,,41420,30,,,1,70,,41421,30,,,1,27,,41422,30,,,1,85,,41423,30,,,1,23,,41424,30,,,1,70,,41425,30,,,1,30,,41426,30,,,1,65,,41427,30,,,1,35,,41428,30,,,1,79,,41429,30,,,1,75,,41430,30,,,1,30,,41432,30,,,1,70,,41434,30,,,1,25,,41436,30,,,1,25,,41438,30,,,1,70,,41440,30,,,1,28,,41442,30,,,1,80,,41445,30,,,1,80,,41448,30,,,1,40,,41451,30,,,1,65,,41454,30,,,1,28,,41459,30,,,1,65,,41463,30,,,1,20,,41466,30,,,1,25,,41468,30,,,1,80,,41470,30,,,1,80,,41472,30,,,1,15,,41474,30,,,1,30,,41476,30,,,1,70,,41478,30,,,1,95,,41480,30,,,1,85,,41481,30,,,1
4101,'20260420',807,,41482,30,,,1,35,,41483,30,,,1,70,,41484,30,,,1,27,,41485,30,,,1,85,,41486,30,,,1,23,,41487,30,,,1,70,,41488,30,,,1,30,,41489,30,,,1,65,,41490,30,,,1,35,,41491,30,,,1,79,,41492,30,,,1,75,,41493,30,,,1,30,,41495,30,,,1,70,,41497,30,,,1,25,,41499,30,,,1,25,,41501,30,,,1,70,,41503,30,,,1,28,,41505,30,,,1,80,,41508,30,,,1,80,,41511,30,,,1,40,,41514,30,,,1,65,,41517,30,,,1,28,,41522,30,,,1,65,,41526,30,,,1,20,,41529,30,,,1,25,,41531,30,,,1,80,,41533,30,,,1,80,,41535,30,,,1,15,,41537,30,,,1,30,,41539,30,,,1,70,,41541,30,,,1,95,,41543,30,,,1,85,,41544,30,,,1
4101,'20260421',807,,41545,30,,,1,35,,41546,30,,,1,70,,41547,30,,,1,27,,41548,30,,,1,85,,41549,30,,,1,23,,41550,30,,,1,70,,41551,30,,,1,30,,41552,30,,,1,65,,41553,30,,,1,35,,41554,30,,,1,79,,41555,30,,,1,75,,41556,30,,,1,30,,41558,30,,,1,70,,41560,30,,,1,25,,41562,30,,,1,25,,41564,30,,,1,70,,41566,30,,,1,28,,41568,30,,,1,80,,41571,30,,,1,80,,41574,30,,,1,40,,41577,30,,,1,65,,41580,30,,,1,28,,41585,30,,,1,65,,41589,30,,,1,20,,41592,30,,,1,25,,41594,30,,,1,80,,41596,30,,,1,80,,41598,30,,,1,15,,41600,30,,,1,30,,41602,30,,,1,70,,41604,30,,,1,95,,41606,30,,,1,85,,41607,30,,,1
4101,'20260422',807,,41608,30,,,1,35,,41609,30,,,1,70,,41610,30,,,1,27,,41611,30,,,1,85,,41612,30,,,1,23,,41613,30,,,1,70,,41614,30,,,1,30,,41615,30,,,1,65,,41616,30,,,1,35,,41617,30,,,1,79,,41618,30,,,1,75,,41619,30,,,1,30,,41621,30,,,1,70,,41623,30,,,1,25,,41625,30,,,1,25,,41627,30,,,1,70,,41629,30,,,1,28,,41631,30,,,1,80,,41634,30,,,1,80,,41637,30,,,1,40,,41640,30,,,1,65,,41643,30,,,1,28,,41648,30,,,1,65,,41652,30,,,1,20,,41655,30,,,1,25,,41657,30,,,1,80,,41659,30,,,1,80,,41661,30,,,1,15,,41663,30,,,1,30,,41665,30,,,1,70,,41667,30,,,1,95,,41669,30,,,1,85,,41670,30,,,1
4101,'20260423',807,,41671,30,,,1,35,,41672,30,,,1,70,,41673,30,,,1,27,,41674,30,,,1,85,,41675,30,,,1,23,,41676,30,,,1,70,,41677,30,,,1,30,,41678,30,,,1,65,,41679,30,,,1,35,,41680,30,,,1,79,,41681,30,,,1,75,,41682,30,,,1,30,,41684,30,,,1,70,,41686,30,,,1,25,,41688,30,,,1,25,,41690,30,,,1,70,,41692,30,,,1,28,,41694,30,,,1,80,,41697,30,,,1,80,,41700,30,,,1,40,,41703,30,,,1,65,,41706,30,,,1,28,,41711,30,,,1,65,,41715,30,,,1,20,,41718,30,,,1,25,,41720,30,,,1,80,,41722,30,,,1,80,,41724,30,,,1,15,,41726,30,,,1,30,,41728,30,,,1,70,,41730,30,,,1,95,,41732,30,,,1,85,,41733,30,,,1
4101,'20260424',807,,41734,30,,,1,35,,41735,30,,,1,70,,41736,30,,,1,27,,41737,30,,,1,85,,41738,30,,,1,23,,41739,30,,,1,70,,41740,30,,,1,30,,41741,30,,,1,65,,41742,30,,,1,35,,41743,30,,,1,79,,41744,30,,,1,75,,41745,30,,,1,30,,41747,30,,,1,70,,41749,30,,,1,25,,41751,30,,,1,25,,41753,30,,,1,70,,41755,30,,,1,28,,41757,30,,,1,80,,41760,30,,,1,80,,41763,30,,,1,40,,41766,30,,,1,65,,41769,30,,,1,28,,41774,30,,,1,65,,41778,30,,,1,20,,41781,30,,,1,25,,41783,30,,,1,80,,41785,30,,,1,80,,41787,30,,,1,15,,41789,30,,,1,30,,41791,30,,,1,70,,41793,30,,,1,95,,41795,30,,,1,85,,41796,30,,,1
4701,'20260401',617,,44504,16,,,1,105,,44505,16,,,1,30,,44506,16,,,1,355,,44531,16,,,1,235,,44540,16,,,1,461,,44541,8,0,7 38 9,1,844,,44542,16,,,1
4701,'20260402',617,,44543,16,,,1,105,,44544,16,,,1,30,,44545,16,,,1,355,,44570,16,,,1,235,,44579,16,,,1,461,,44580,8,0,7 38 9,1,844,,44581,16,,,1
4701,'20260403',815,,44582,16,,,1,30,,44583,16,,,1,70,,44584,16,,,1,30,,44585,16,,,1,65,,44586,16,,,1,35,,44587,16,,,1,65,,44588,16,,,1,42,,44589,16,,,1,70,,44590,16,,,1,30,,44591,16,,,1,70,,44592,16,,,1,35,,44593,16,,,1,70,,44594,16,,,1,30,,44595,16,,,1,70,,44596,16,,,1,30,,44597,16,,,1,70,,44598,16,,,1,73,,44599,16,,,1,30,,44600,16,,,1,70,,44601,16,,,1,30,,44602,16,,,1,70,,44603,16,,,1,30,,44604,16,,,1,70,,44605,16,,,1,30,,44606,16,,,1,70,,44607,16,,,1,25,,44608,16,,,1,30,,44609,16,,,1,70,,44610,16,,,1,25,,44611,16,,,1,65,,44612,16,,,1,30,,44613,16,,,1,70,,44614,16,,,1,130,,44615,16,,,1,100,,44616,16,,,1
4701,'20260404',815,,44617,16,,,1,30,,44618,16,,,1,70,,44619,16,,,1,30,,44620,16,,,1,65,,44621,16,,,1,35,,44622,16,,,1,65,,44623,16,,,1,42,,44624,16,,,1,70,,44625,16,,,1,30,,44626,16,,,1,70,,44627,16,,,1,35,,44628,16,,,1,70,,44629,16,,,1,30,,44630,16,,,1,70,,44631,16,,,1,30,,44632,16,,,1,70,,44633,16,,,1,73,,44634,16,,,1,30,,44635,16,,,1,70,,44636,16,,,1,30,,44637,16,,,1,70,,44638,16,,,1,30,,44639,16,,,1,70,,44640,16,,,1,30,,44641,16,,,1,70,,44642,16,,,1,25,,44643,16,,,1,30,,44644,16,,,1,70,,44645,16,,,1,25,,44646,16,,,1,65,,44647,16,,,1,30,,44648,16,,,1,70,,44649,16,,,1,130,,44650,16,,,1,100,,44651,16,,,1
4701,'20260405',815,,44652,16,,,1,30,,44653,16,,,1,70,,44654,16,,,1,30,,44655,16,,,1,65,,44656,16,,,1,35,,44657,16,,,1,65,,44658,16,,,1,42,,44659,16,,,1,70,,44660,16,,,1,30,,44661,16,,,1,70,,44662,16,,,1,35,,44663,16,,,1,70,,44664,16,,,1,30,,44665,16,,,1,70,,44666,16,,,1,30,,44667,16,,,1,70,,44668,16,,,1,73,,44669,16,,,1,30,,44670,16,,,1,70,,44671,16,,,1,30,,44672,16,,,1,70,,44673,16,,,1,30,,44674,16,,,1,70,,44675,16,,,1,30,,44676,16,,,1,70,,44677,16,,,1,25,,44678,16,,,1,30,,44679,16,,,1,70,,44680,16,,,1,25,,44681,16,,,1,65,,44682,16,,,1,30,,44683,16,,,1,70,,44684,16,,,1,130,,44685,16,,,1,100,,44686,16,,,1
4701,'20260406',617,,44687,16,,,1,105,,44688,16,,,1,30,,44689,16,,,1,355,,44714,16,,,1,235,,44723,16,,,1,461,,44724,8,0,7 38 9,1,844,,44725,16,,,1
4701,'20260407',617,,44726,16,,,1,105,,44727,16,,,1,30,,44728,16,,,1,355,,44753,16,,,1,235,,44762,16,,,1,461,,44763,8,0,7 38 9,1,844,,44764,16,,,1
4701,'20260408',617,,44765,16,,,1,105,,44766,16,,,1,30,,44767,16,,,1,355,,44792,16,,,1,235,,44801,16,,,1,461,,44802,8,0,7 38 9,1,844,,44803,16,,,1
4701,'20260409',617,,44804,16,,,1,105,,44805,16,,,1,30,,44806,16,,,1,355,,44831,16,,,1,235,,44840,16,,,1,461,,44841,8,0,7 38 9,1,844,,44842,16,,,1
4701,'20260410',617,,44843,16,,,1,105,,44844,16,,,1,30,,44845,16,,,1,355,,44870,16,,,1,235,,44879,16,,,1,461,,44880,8,0,7 38 9,1,844,,44881,16,,,1
4701,'20260411',815,,44882,16,,,1,30,,44883,16,,,1,70,,44884,16,,,1,30,,44885,16,,,1,65,,44886,16,,,1,35,,44887,16,,,1,65,,44888,16,,,1,42,,44889,16,,,1,70,,44890,16,,,1,30,,44891,16,,,1,70,,44892,16,,,1,35,,44893,16,,,1,70,,44894,16,,,1,30,,44895,16,,,1,70,,44896,16,,,1,30,,44897,16,,,1,70,,44898,16,,,1,73,,44899,16,,,1,30,,44900,16,,,1,70,,44901,16,,,1,30,,44902,16,,,1,70,,44903,16,,,1,30,,44904,16,,,1,70,,44905,16,,,1,30,,44906,16,,,1,70,,44907,16,,,1,25,,44908,16,,,1,30,,44909,16,,,1,70,,44910,16,,,1,25,,44911,16,,,1,65,,44912,16,,,1,30,,44913,16,,,1,70,,44914,16,,,1,130,,44915,16,,,1,100,,44916,16,,,1
4701,'20260412',815,,44917,16,,,1,30,,44918,16,,,1,70,,44919,16,,,1,30,,44920,16,,,1,65,,44921,16,,,1,35,,44922,16,,,1,65,,44923,16,,,1,42,,44924,16,,,1,70,,44925,16,,,1,30,,44926,16,,,1,70,,44927,16,,,1,35,,44928,16,,,1,70,,44929,16,,,1,30,,44930,16,,,1,70,,44931,16,,,1,30,,44932,16,,,1,70,,44933,16,,,1,73,,44934,16,,,1,30,,44935,16,,,1,70,,44936,16,,,1,30,,44937,16,,,1,70,,44938,16,,,1,30,,44939,16,,,1,70,,44940,16,,,1,30,,44941,16,,,1,70,,44942,16,,,1,25,,44943,16,,,1,30,,44944,16,,,1,70,,44945,16,,,1,25,,44946,16,,,1,65,,44947,16,,,1,30,,44948,16,,,1,70,,44949,16,,,1,130,,44950,16,,,1,100,,44951,16,,,1
4701,'20260413',617,,44952,16,,,1,105,,44953,16,,,1,30,,44954,16,,,1,355,,44974,16,,,1,235,,44983,16,,,1,461,,44984,8,0,7 38 9,1,844,,44985,16,,,1
4701,'20260414',617,,44986,16,,,1,105,,44987,16,,,1,30,,44988,16,,,1,355,,45008,16,,,1,235,,45017,16,,,1,461,,45018,8,0,7 38 9,1,844,,45019,16,,,1
4701,'20260415',617,,45020,16,,,1,105,,45021,16,,,1,30,,45022,16,,,1,355,,45042,16,,,1,235,,45051,16,,,1,461,,45052,8,0,7 38 9,1,844,,45053,16,,,1
4701,'20260416',617,,45054,16,,,1,105,,45055,16,,,1,30,,45056,16,,,1,355,,45076,16,,,1,235,,45085,16,,,1,461,,45086,8,0,7 38 9,1,844,,45087,16,,,1
4701,'20260417',617,,45088,16,,,1,105,,45089,16,,,1,30,,45090,16,,,1,355,,45110,16,,,1,235,,45119,16,,,1,461,,45120,8,0,7 38 9,1,844,,45121,16,,,1
4701,'20260418',815,,45122,16,,,1,30,,45123,16,,,1,70,,45124,16,,,1,30,,45125,16,,,1,65,,45126,16,,,1,35,,45127,16,,,1,65,,45128,16,,,1,42,,45129,16,,,1,70,,45130,16,,,1,30,,45131,16,,,1,70,,45132,16,,,1,35,,45133,16,,,1,70,,45134,16,,,1,30,,45135,16,,,1,70,,45136,16,,,1,30,,45137,16,,,1,70,,45138,16,,,1,73,,45139,16,,,1,30,,45140,16,,,1,70,,45141,16,,,1,30,,45142,16,,,1,70,,45143,16,,,1,30,,45144,16,,,1,70,,45145,16,,,1,30,,45146,16,,,1,70,,45147,16,,,1,25,,45148,16,,,1,30,,45149,16,,,1,70,,45150,16,,,1,25,,45151,16,,,1,65,,45152,16,,,1,30,,45153,16,,,1,70,,45154,16,,,1,130,,45155,16,,,1,100,,45156,16,,,1
4701,'20260419',815,,45157,16,,,1,30,,45158,16,,,1,70,,45159,16,,,1,30,,45160,16,,,1,65,,45161,16,,,1,35,,45162,16,,,1,65,,45163,16,,,1,42,,45164,16,,,1,70,,45165,16,,,1,30,,45166,16,,,1,70,,45167,16,,,1,35,,45168,16,,,1,70,,45169,16,,,1,30,,45170,16,,,1,70,,45171,16,,,1,30,,45172,16,,,1,70,,45173,16,,,1,73,,45174,16,,,1,30,,45175,16,,,1,70,,45176,16,,,1,30,,45177,16,,,1,70,,45178,16,,,1,30,,45179,16,,,1,70,,45180,16,,,1,30,,45181,16,,,1,70,,45182,16,,,1,25,,45183,16,,,1,30,,45184,16,,,1,70,,45185,16,,,1,25,,45186,16,,,1,65,,45187,16,,,1,30,,45188,16,,,1,70,,45189,16,,,1,130,,45190,16,,,1,100,,45191,16,,,1
4701,'20260420',617,,45192,16,,,1,105,,45193,16,,,1,30,,45194,16,,,1,355,,45214,16,,,1,235,,45223,16,,,1,461,,45224,8,0,7 38 9,1,844,,45225,16,,,1
4701,'20260421',617,,45226,16,,,1,105,,45227,16,,,1,30,,45228,16,,,1,355,,45248,16,,,1,235,,45257,16,,,1,461,,45258,8,0,7 38 9,1,844,,45259,16,,,1
4701,'20260422',617,,45260,16,,,1,105,,45261,16,,,1,30,,45262,16,,,1,355,,45282,16,,,1,235,,45291,16,,,1,461,,45292,8,0,7 38 9,1,844,,45293,16,,,1
4701,'20260423',617,,45294,16,,,1,105,,45295,16,,,1,30,,45296,16,,,1,355,,45316,16,,,1,235,,45325,16,,,1,461,,45326,8,0,7 38 9,1,844,,45327,16,,,1
4701,'20260424',617,,45328,16,,,1,105,,45329,16,,,1,30,,45330,16,,,1,355,,45350,16,,,1,235,,45359,16,,,1,461,,45360,8,0,7 38 9,1,844,,45361,16,,,1
