1800,'20260722',510,,133539,2,0,52 29 30,1,1805,,133540,9,0,16 29 30,1,100,,133541,9,0,16 29 30,1
1800,'20260723',510,,133543,2,0,52 29 30,1,1805,,133544,9,0,16 29 30,1,100,,133545,9,0,16 29 30,1
1800,'20260724',510,,133547,2,0,52 29 30,1
1800,'20260725',520,,133548,13,0,5 29 30,1,97,,133549,16,0,68 29 30,1,28,,133550,16,0,68 29 30,1,65,,133551,16,0,68 29 30,1
1800,'20260726',520,,133560,13,0,5 29 30,1,97,,133561,16,0,68 29 30,1,28,,133562,16,0,68 29 30,1,65,,133563,16,0,68 29 30,1,1698,,133572,9,0,16 29 30,1
1800,'20260727',510,,133574,2,0,52 29 30,1,1805,,133575,9,0,16 29 30,1,100,,133576,9,0,16 29 30,1
1800,'20260728',510,,133578,2,0,52 29 30,1,1805,,133579,9,0,16 29 30,1,100,,133580,9,0,16 29 30,1
1800,'20260729',510,,133582,2,0,52 29 30,1,1805,,133583,9,0,16 29 30,1,100,,133584,9,0,16 29 30,1
1800,'20260730',510,,133586,2,0,52 29 30,1,1805,,133587,9,0,16 29 30,1,100,,133588,9,0,16 29 30,1
1800,'20260731',510,,133590,2,0,52 29 30,1
1800,'20260801',520,,133591,13,0,5 29 30,1,97,,133592,16,0,68 29 30,1,28,,133593,16,0,68 29 30,1,65,,133594,16,0,68 29 30,1
1800,'20260802',520,,133603,13,0,5 29 30,1,97,,133604,16,0,68 29 30,1,28,,133605,16,0,68 29 30,1,65,,133606,16,0,68 29 30,1,1698,,133615,9,0,16 29 30,1
1800,'20260803',520,,133616,13,0,5 29 30,1,97,,133617,16,0,68 29 30,1,28,,133618,16,0,68 29 30,1,65,,133619,16,0,68 29 30,1
1800,'20260804',510,,133629,2,0,52 29 30,1,1805,,133630,9,0,16 29 30,1,100,,133631,9,0,16 29 30,1
1800,'20260805',510,,133633,2,0,52 29 30,1,1805,,133634,9,0,16 29 30,1,100,,133635,9,0,16 29 30,1
1800,'20260806',510,,133637,2,0,52 29 30,1,1805,,133638,9,0,16 29 30,1,100,,133639,9,0,16 29 30,1
1800,'20260807',510,,133641,2,0,52 29 30,1
1800,'20260808',520,,133642,13,0,5 29 30,1,97,,133643,16,0,68 29 30,1,28,,133644,16,0,68 29 30,1,65,,133645,16,0,68 29 30,1
1800,'20260809',520,,133654,13,0,5 29 30,1,97,,133655,16,0,68 29 30,1,28,,133656,16,0,68 29 30,1,65,,133657,16,0,68 29 30,1,1698,,133666,9,0,16 29 30,1
1800,'20260810',510,,133668,2,0,52 29 30,1,1805,,133669,9,0,16 29 30,1,100,,133670,9,0,16 29 30,1
1800,'20260811',510,,133672,2,0,52 29 30,1,1805,,133673,9,0,16 29 30,1,100,,133674,9,0,16 29 30,1
1800,'20260812',510,,133676,2,0,52 29 30,1,1805,,133677,9,0,16 29 30,1,100,,133678,9,0,16 29 30,1
1800,'20260813',510,,133680,2,0,52 29 30,1,1805,,133681,9,0,16 29 30,1,100,,133682,9,0,16 29 30,1
1800,'20260814',510,,133684,2,0,52 29 30,1
1800,'20260815',520,,133685,13,0,5 29 30,1,97,,133686,16,0,68 29 30,1,28,,133687,16,0,68 29 30,1,65,,133688,16,0,68 29 30,1
1800,'20260816',520,,133697,13,0,5 29 30,1,97,,133698,16,0,68 29 30,1,28,,133699,16,0,68 29 30,1,65,,133700,16,0,68 29 30,1,1698,,133709,9,0,16 29 30,1
1800,'20260817',510,,133711,2,0,52 29 30,1,1805,,133712,9,0,16 29 30,1,100,,133713,9,0,16 29 30,1
1800,'20260818',510,,133715,2,0,52 29 30,1,1805,,133716,9,0,16 29 30,1,100,,133717,9,0,16 29 30,1
1800,'20260819',510,,133719,2,0,52 29 30,1,1805,,133720,9,0,16 29 30,1,100,,133721,9,0,16 29 30,1
1800,'20260820',510,,133723,2,0,52 29 30,1,1805,,133724,9,0,16 29 30,1,100,,133725,9,0,16 29 30,1
1800,'20260821',510,,133727,2,0,52 29 30,1
1800,'20260822',520,,133728,13,0,5 29 30,1,97,,133729,16,0,68 29 30,1,28,,133730,16,0,68 29 30,1,65,,133731,16,0,68 29 30,1
1800,'20260823',520,,133740,13,0,5 29 30,1,97,,133741,16,0,68 29 30,1,28,,133742,16,0,68 29 30,1,65,,133743,16,0,68 29 30,1,1698,,133752,9,0,16 29 30,1
1800,'20260824',510,,133754,2,0,52 29 30,1,1805,,133755,9,0,16 29 30,1,100,,133756,9,0,16 29 30,1
1800,'20260825',510,,133758,2,0,52 29 30,1,1805,,133759,9,0,16 29 30,1,100,,133760,9,0,16 29 30,1
1800,'20260826',510,,133762,2,0,52 29 30,1,1805,,133763,9,0,16 29 30,1,100,,133764,9,0,16 29 30,1
1800,'20260827',510,,133766,2,0,52 29 30,1,1805,,133767,9,0,16 29 30,1,100,,133768,9,0,16 29 30,1
1800,'20260828',510,,133770,2,0,52 29 30,1
1800,'20260829',520,,133771,13,0,5 29 30,1,97,,133772,16,0,68 29 30,1,28,,133773,16,0,68 29 30,1,65,,133774,16,0,68 29 30,1
1800,'20260830',520,,133783,13,0,5 29 30,1,97,,133784,16,0,68 29 30,1,28,,133785,16,0,68 29 30,1,65,,133786,16,0,68 29 30,1,1698,,133795,9,0,16 29 30,1
1800,'20260831',510,,133797,2,0,52 29 30,1,1805,,133798,9,0,16 29 30,1,100,,133799,9,0,16 29 30,1
1800,'20260901',510,,133801,2,0,52 29 30,1,1805,,133802,9,0,16 29 30,1,100,,133803,9,0,16 29 30,1
1800,'20260902',510,,133805,2,0,52 29 30,1,1805,,133806,9,0,16 29 30,1,100,,133807,9,0,16 29 30,1
1800,'20260903',510,,133809,2,0,52 29 30,1,1805,,133810,9,0,16 29 30,1,100,,133811,9,0,16 29 30,1
1800,'20260904',510,,133813,2,0,52 29 30,1
1801,'20260722',557,,134291,3,0,31 38 9,1,1898,,134296,3,0,52 56 9,1,85,,134299,3,0,68 71 72 9,1,165,,134300,3,0,31 38 9,1
1801,'20260723',557,,134301,3,0,31 38 9,1,1898,,134306,3,0,52 56 9,1,85,,134309,3,0,68 71 72 9,1,165,,134310,3,0,31 38 9,1
1801,'20260724',557,,134311,3,0,31 38 9,1,1998,,134317,3,0,52 56 9,1,150,,134319,3,0,31 38 9,1
1801,'20260725',716,,134320,3,0,68 71 72 9,1,35,,134321,3,0,68 71 72 9,1,70,,134322,3,0,68 71 72 9,1,84,,134324,3,0,52 56 9,1,1652,,134334,3,0,52 56 9,1,97,,134336,3,0,52 56 9,1
1801,'20260726',716,,134338,3,0,68 71 72 9,1,35,,134339,3,0,68 71 72 9,1,70,,134340,3,0,68 71 72 9,1,84,,134342,3,0,52 56 9,1,1633,,134352,3,0,68 71 72 9,1,162,,134353,3,0,31 38 9,1
1801,'20260727',557,,134354,3,0,31 38 9,1,1898,,134359,3,0,52 56 9,1,85,,134362,3,0,68 71 72 9,1,165,,134363,3,0,31 38 9,1
1801,'20260728',557,,134364,3,0,31 38 9,1,1898,,134369,3,0,52 56 9,1,85,,134372,3,0,68 71 72 9,1,165,,134373,3,0,31 38 9,1
1801,'20260729',557,,134374,3,0,31 38 9,1,1898,,134379,3,0,52 56 9,1,85,,134382,3,0,68 71 72 9,1,165,,134383,3,0,31 38 9,1
1801,'20260730',557,,134384,3,0,31 38 9,1,1898,,134389,3,0,52 56 9,1,85,,134392,3,0,68 71 72 9,1,165,,134393,3,0,31 38 9,1
1801,'20260731',557,,134394,3,0,31 38 9,1,1998,,134400,3,0,52 56 9,1,150,,134402,3,0,31 38 9,1
1801,'20260801',716,,134403,3,0,68 71 72 9,1,35,,134404,3,0,68 71 72 9,1,70,,134405,3,0,68 71 72 9,1,84,,134407,3,0,52 56 9,1,1652,,134417,3,0,52 56 9,1,97,,134419,3,0,52 56 9,1
1801,'20260802',716,,134421,3,0,68 71 72 9,1,35,,134422,3,0,68 71 72 9,1,70,,134423,3,0,68 71 72 9,1,84,,134425,3,0,52 56 9,1,1633,,134435,3,0,68 71 72 9,1,162,,134436,3,0,31 38 9,1
1801,'20260803',716,,134437,3,0,68 71 72 9,1,35,,134438,3,0,68 71 72 9,1,70,,134439,3,0,68 71 72 9,1,84,,134441,3,0,52 56 9,1,1652,,134451,3,0,52 56 9,1,97,,134453,3,0,52 56 9,1
1801,'20260804',557,,134455,3,0,31 38 9,1,1898,,134460,3,0,52 56 9,1,85,,134463,3,0,68 71 72 9,1,165,,134464,3,0,31 38 9,1
1801,'20260805',557,,134465,3,0,31 38 9,1,1898,,134470,3,0,52 56 9,1,85,,134473,3,0,68 71 72 9,1,165,,134474,3,0,31 38 9,1
1801,'20260806',557,,134475,3,0,31 38 9,1,1898,,134480,3,0,52 56 9,1,85,,134483,3,0,68 71 72 9,1,165,,134484,3,0,31 38 9,1
1801,'20260807',557,,134485,3,0,31 38 9,1,1998,,134491,3,0,52 56 9,1,150,,134493,3,0,31 38 9,1
1801,'20260808',716,,134494,3,0,68 71 72 9,1,35,,134495,3,0,68 71 72 9,1,70,,134496,3,0,68 71 72 9,1,84,,134498,3,0,52 56 9,1,1652,,134508,3,0,52 56 9,1,97,,134510,3,0,52 56 9,1
1801,'20260809',716,,134512,3,0,68 71 72 9,1,35,,134513,3,0,68 71 72 9,1,70,,134514,3,0,68 71 72 9,1,84,,134516,3,0,52 56 9,1,1633,,134526,3,0,68 71 72 9,1,162,,134527,3,0,31 38 9,1
1801,'20260810',557,,134528,3,0,31 38 9,1,1898,,134533,3,0,52 56 9,1,85,,134536,3,0,68 71 72 9,1,165,,134537,3,0,31 38 9,1
1801,'20260811',557,,134538,3,0,31 38 9,1,1898,,134543,3,0,52 56 9,1,85,,134546,3,0,68 71 72 9,1,165,,134547,3,0,31 38 9,1
1801,'20260812',557,,134548,3,0,31 38 9,1,1898,,134553,3,0,52 56 9,1,85,,134556,3,0,68 71 72 9,1,165,,134557,3,0,31 38 9,1
1801,'20260813',557,,134558,3,0,31 38 9,1,1898,,134563,3,0,52 56 9,1,85,,134566,3,0,68 71 72 9,1,165,,134567,3,0,31 38 9,1
1801,'20260814',557,,134568,3,0,31 38 9,1,1998,,134574,3,0,52 56 9,1,150,,134576,3,0,31 38 9,1
1801,'20260815',716,,134577,3,0,68 71 72 9,1,35,,134578,3,0,68 71 72 9,1,70,,134579,3,0,68 71 72 9,1,84,,134581,3,0,52 56 9,1,1652,,134591,3,0,52 56 9,1,97,,134593,3,0,52 56 9,1
1801,'20260816',716,,134595,3,0,68 71 72 9,1,35,,134596,3,0,68 71 72 9,1,70,,134597,3,0,68 71 72 9,1,84,,134599,3,0,52 56 9,1,1633,,134609,3,0,68 71 72 9,1,162,,134610,3,0,31 38 9,1
1801,'20260817',557,,134611,3,0,31 38 9,1,1898,,134616,3,0,52 56 9,1,85,,134619,3,0,68 71 72 9,1,165,,134620,3,0,31 38 9,1
1801,'20260818',557,,134621,3,0,31 38 9,1,1898,,134626,3,0,52 56 9,1,85,,134629,3,0,68 71 72 9,1,165,,134630,3,0,31 38 9,1
1801,'20260819',557,,134631,3,0,31 38 9,1,1898,,134636,3,0,52 56 9,1,85,,134639,3,0,68 71 72 9,1,165,,134640,3,0,31 38 9,1
1801,'20260820',557,,134641,3,0,31 38 9,1,1898,,134646,3,0,52 56 9,1,85,,134649,3,0,68 71 72 9,1,165,,134650,3,0,31 38 9,1
1801,'20260821',557,,134651,3,0,31 38 9,1,1998,,134657,3,0,52 56 9,1,150,,134659,3,0,31 38 9,1
1801,'20260822',716,,134660,3,0,68 71 72 9,1,35,,134661,3,0,68 71 72 9,1,70,,134662,3,0,68 71 72 9,1,84,,134664,3,0,52 56 9,1,1652,,134674,3,0,52 56 9,1,97,,134676,3,0,52 56 9,1
1801,'20260823',716,,134678,3,0,68 71 72 9,1,35,,134679,3,0,68 71 72 9,1,70,,134680,3,0,68 71 72 9,1,84,,134682,3,0,52 56 9,1,1633,,134692,3,0,68 71 72 9,1,162,,134693,3,0,31 38 9,1
1801,'20260824',557,,134694,3,0,31 38 9,1,1898,,134699,3,0,52 56 9,1,85,,134702,3,0,68 71 72 9,1,165,,134703,3,0,31 38 9,1
1801,'20260825',557,,134704,3,0,31 38 9,1,1898,,134709,3,0,52 56 9,1,85,,134712,3,0,68 71 72 9,1,165,,134713,3,0,31 38 9,1
1801,'20260826',557,,134714,3,0,31 38 9,1,1898,,134719,3,0,52 56 9,1,85,,134722,3,0,68 71 72 9,1,165,,134723,3,0,31 38 9,1
1801,'20260827',557,,134724,3,0,31 38 9,1,1898,,134729,3,0,52 56 9,1,85,,134732,3,0,68 71 72 9,1,165,,134733,3,0,31 38 9,1
1801,'20260828',557,,134734,3,0,31 38 9,1,1998,,134740,3,0,52 56 9,1,150,,134742,3,0,31 38 9,1
1801,'20260829',716,,134743,3,0,68 71 72 9,1,35,,134744,3,0,68 71 72 9,1,70,,134745,3,0,68 71 72 9,1,84,,134747,3,0,52 56 9,1,1652,,134757,3,0,52 56 9,1,97,,134759,3,0,52 56 9,1
1801,'20260830',716,,134761,3,0,68 71 72 9,1,35,,134762,3,0,68 71 72 9,1,70,,134763,3,0,68 71 72 9,1,84,,134765,3,0,52 56 9,1,1633,,134775,3,0,68 71 72 9,1,162,,134776,3,0,31 38 9,1
1801,'20260831',557,,134777,3,0,31 38 9,1,1898,,134782,3,0,52 56 9,1,85,,134785,3,0,68 71 72 9,1,165,,134786,3,0,31 38 9,1
1801,'20260901',557,,134787,3,0,31 38 9,1,1898,,134792,3,0,52 56 9,1,85,,134795,3,0,68 71 72 9,1,165,,134796,3,0,31 38 9,1
1801,'20260902',557,,134797,3,0,31 38 9,1,1898,,134802,3,0,52 56 9,1,85,,134805,3,0,68 71 72 9,1,165,,134806,3,0,31 38 9,1
1801,'20260903',557,,134807,3,0,31 38 9,1,1898,,134812,3,0,52 56 9,1,85,,134815,3,0,68 71 72 9,1,165,,134816,3,0,31 38 9,1
1801,'20260904',557,,134817,3,0,31 38 9,1,1998,,134823,3,0,52 56 9,1,150,,134825,3,0,31 38 9,1
