3200,'20260611',647,,88208,2,0,5 6,1,75,,88212,2,0,5 6,1
3200,'20260612',647,,88230,2,0,5 6,1,75,,88234,2,0,5 6,1
3200,'20260615',647,,165945,2,0,5 6,1,75,,165949,2,0,5 6,1
3200,'20260616',647,,165967,2,0,5 6,1,75,,165971,2,0,5 6,1
3200,'20260617',647,,165989,2,0,5 6,1,75,,165993,2,0,5 6,1
3200,'20260618',647,,166011,2,0,5 6,1,75,,166015,2,0,5 6,1
3200,'20260619',647,,166033,2,0,5 6,1,75,,166037,2,0,5 6,1
3200,'20260622',647,,166055,2,0,5 6,1,75,,166059,2,0,5 6,1
3200,'20260623',647,,166077,2,0,5 6,1,75,,166081,2,0,5 6,1
3200,'20260624',647,,166099,2,0,5 6,1,75,,166103,2,0,5 6,1
3200,'20260625',647,,166121,2,0,5 6,1,75,,166125,2,0,5 6,1
3200,'20260626',647,,166143,2,0,5 6,1,75,,166147,2,0,5 6,1
3200,'20260629',647,,166165,2,0,5 6,1,75,,166169,2,0,5 6,1
3200,'20260630',647,,166187,2,0,5 6,1,75,,166191,2,0,5 6,1
3200,'20260702',647,,166209,2,0,5 6,1,75,,166213,2,0,5 6,1
3200,'20260703',647,,166231,2,0,5 6,1,75,,166235,2,0,5 6,1
3200,'20260706',647,,166253,2,0,5 6,1,75,,166257,2,0,5 6,1
3200,'20260707',647,,166275,2,0,5 6,1,75,,166279,2,0,5 6,1
3200,'20260708',647,,166297,2,0,5 6,1,75,,166301,2,0,5 6,1
3200,'20260709',647,,166319,2,0,5 6,1,75,,166323,2,0,5 6,1
3200,'20260710',647,,166341,2,0,5 6,1,75,,166345,2,0,5 6,1
3200,'20260713',647,,166363,2,0,5 6,1,75,,166367,2,0,5 6,1
3200,'20260714',647,,166385,2,0,5 6,1,75,,166389,2,0,5 6,1
3200,'20260715',647,,166407,2,0,5 6,1,75,,166411,2,0,5 6,1
3200,'20260716',647,,166429,2,0,5 6,1,75,,166433,2,0,5 6,1
3200,'20260717',647,,166451,2,0,5 6,1,75,,166455,2,0,5 6,1
3200,'20260720',647,,166473,2,0,5 6,1,75,,166477,2,0,5 6,1
3200,'20260721',647,,166495,2,0,5 6,1,75,,166499,2,0,5 6,1
3200,'20260722',647,,166517,2,0,5 6,1,75,,166521,2,0,5 6,1
3200,'20260723',647,,166539,2,0,5 6,1,75,,166543,2,0,5 6,1
3200,'20260724',647,,166561,2,0,5 6,1,75,,166565,2,0,5 6,1
3200,'20260727',647,,166583,2,0,5 6,1,75,,166587,2,0,5 6,1
3200,'20260728',647,,166605,2,0,5 6,1,75,,166609,2,0,5 6,1
3200,'20260729',647,,166627,2,0,5 6,1,75,,166631,2,0,5 6,1
3200,'20260730',647,,166649,2,0,5 6,1,75,,166653,2,0,5 6,1
3200,'20260731',647,,166671,2,0,5 6,1,75,,166675,2,0,5 6,1
3200,'20260804',647,,166693,2,0,5 6,1,75,,166697,2,0,5 6,1
3200,'20260805',647,,166715,2,0,5 6,1,75,,166719,2,0,5 6,1
3200,'20260806',647,,166737,2,0,5 6,1,75,,166741,2,0,5 6,1
3200,'20260807',647,,166759,2,0,5 6,1,75,,166763,2,0,5 6,1
3200,'20260810',647,,166781,2,0,5 6,1,75,,166785,2,0,5 6,1
3200,'20260811',647,,166803,2,0,5 6,1,75,,166807,2,0,5 6,1
3200,'20260812',647,,166825,2,0,5 6,1,75,,166829,2,0,5 6,1
3200,'20260813',647,,166847,2,0,5 6,1,75,,166851,2,0,5 6,1
3200,'20260814',647,,166869,2,0,5 6,1,75,,166873,2,0,5 6,1
3200,'20260817',647,,166891,2,0,5 6,1,75,,166895,2,0,5 6,1
3200,'20260818',647,,166913,2,0,5 6,1,75,,166917,2,0,5 6,1
3200,'20260819',647,,166935,2,0,5 6,1,75,,166939,2,0,5 6,1
3200,'20260820',647,,166957,2,0,5 6,1,75,,166961,2,0,5 6,1
3200,'20260821',647,,166979,2,0,5 6,1,75,,166983,2,0,5 6,1
3200,'20260824',647,,167001,2,0,5 6,1,75,,167005,2,0,5 6,1
3200,'20260825',647,,167023,2,0,5 6,1,75,,167027,2,0,5 6,1
3200,'20260826',647,,167045,2,0,5 6,1,75,,167049,2,0,5 6,1
3200,'20260827',647,,167067,2,0,5 6,1,75,,167071,2,0,5 6,1
3200,'20260828',647,,167089,2,0,5 6,1,75,,167093,2,0,5 6,1
3200,'20260831',647,,167111,2,0,5 6,1,75,,167115,2,0,5 6,1
3200,'20260901',647,,167133,2,0,5 6,1,75,,167137,2,0,5 6,1
3200,'20260902',647,,167155,2,0,5 6,1,75,,167159,2,0,5 6,1
3200,'20260903',647,,167177,2,0,5 6,1,75,,167181,2,0,5 6,1
3200,'20260904',647,,167199,2,0,5 6,1,75,,167203,2,0,5 6,1
3600,'20260611',501,,92770,2,0,5 24 25,1,55,,92771,2,0,5 24 25,1,145,,92772,2,0,5 24 25,1,30,,92773,2,0,5 24 25,1,75,,92774,2,0,5 24 25,1,50,,92775,2,0,5 24 25,1,100,,92776,2,0,5 24 25,1,100,,92777,2,0,5 24 25,1,100,,92778,2,0,5 24 25,1,100,,92779,2,0,5 24 25,1,100,,92780,2,0,5 24 25,1,100,,92781,2,0,5 24 25,1,80,,92782,2,0,5 24 25,1,100,,92783,2,0,5 24 25,1,100,,92784,2,0,5 24 25,1,200,,92785,2,0,5 24 25,1,190,,92786,2,0,5 24 25,1
3600,'20260612',501,,92787,2,0,5 24 25,1,55,,92788,2,0,5 24 25,1,145,,92789,2,0,5 24 25,1,30,,92790,2,0,5 24 25,1,75,,92791,2,0,5 24 25,1,50,,92792,2,0,5 24 25,1,100,,92793,2,0,5 24 25,1,100,,92794,2,0,5 24 25,1,100,,92795,2,0,5 24 25,1,100,,92796,2,0,5 24 25,1,100,,92797,2,0,5 24 25,1,100,,92798,2,0,5 24 25,1,80,,92799,2,0,5 24 25,1,100,,92800,2,0,5 24 25,1,100,,92801,2,0,5 24 25,1,200,,92802,2,0,5 24 25,1,190,,92803,2,0,5 24 25,1
3600,'20260613',611,,172743,2,0,5 24 25,1,30,,172744,2,0,5 24 25,1,60,,172745,2,0,5 24 25,1,20,,172746,2,0,5 24 25,1,20,,172747,2,0,5 24 25,1,70,,172748,2,0,5 24 25,1,100,,172749,2,0,5 24 25,1,100,,172750,2,0,5 24 25,1,30,,172751,2,0,5 24 25,1,70,,172752,2,0,5 24 25,1,30,,172753,2,0,5 24 25,1,70,,172754,2,0,5 24 25,1,30,,172755,2,0,5 24 25,1,70,,172756,2,0,5 24 25,1,100,,172757,2,0,5 24 25,1,100,,172758,2,0,5 24 25,1,100,,172759,2,0,5 24 25,1,100,,172760,2,0,5 24 25,1,100,,172761,2,0,5 24 25,1,100,,172762,2,0,5 24 25,1,100,,172763,2,0,5 24 25,1,100,,172764,2,0,5 24 25,1,200,,172765,2,0,5 24 25,1
3600,'20260614',611,,172766,2,0,5 24 25,1,30,,172767,2,0,5 24 25,1,60,,172768,2,0,5 24 25,1,20,,172769,2,0,5 24 25,1,20,,172770,2,0,5 24 25,1,70,,172771,2,0,5 24 25,1,100,,172772,2,0,5 24 25,1,100,,172773,2,0,5 24 25,1,100,,172774,2,0,5 24 25,1,100,,172775,2,0,5 24 25,1,100,,172776,2,0,5 24 25,1,100,,172777,2,0,5 24 25,1,100,,172778,2,0,5 24 25,1,100,,172779,2,0,5 24 25,1,100,,172780,2,0,5 24 25,1,100,,172781,2,0,5 24 25,1,100,,172782,2,0,5 24 25,1,100,,172783,2,0,5 24 25,1,100,,172784,2,0,5 24 25,1,200,,172785,2,0,5 24 25,1
3600,'20260615',501,,172786,2,0,5 24 25,1,55,,172787,2,0,5 24 25,1,145,,172788,2,0,5 24 25,1,30,,172789,2,0,5 24 25,1,75,,172790,2,0,5 24 25,1,50,,172791,2,0,5 24 25,1,100,,172792,2,0,5 24 25,1,100,,172793,2,0,5 24 25,1,100,,172794,2,0,5 24 25,1,100,,172795,2,0,5 24 25,1,100,,172796,2,0,5 24 25,1,100,,172797,2,0,5 24 25,1,80,,172798,2,0,5 24 25,1,100,,172799,2,0,5 24 25,1,100,,172800,2,0,5 24 25,1,200,,172801,2,0,5 24 25,1,190,,172802,2,0,5 24 25,1
3600,'20260616',501,,172803,2,0,5 24 25,1,55,,172804,2,0,5 24 25,1,145,,172805,2,0,5 24 25,1,30,,172806,2,0,5 24 25,1,75,,172807,2,0,5 24 25,1,50,,172808,2,0,5 24 25,1,100,,172809,2,0,5 24 25,1,100,,172810,2,0,5 24 25,1,100,,172811,2,0,5 24 25,1,100,,172812,2,0,5 24 25,1,100,,172813,2,0,5 24 25,1,100,,172814,2,0,5 24 25,1,80,,172815,2,0,5 24 25,1,100,,172816,2,0,5 24 25,1,100,,172817,2,0,5 24 25,1,200,,172818,2,0,5 24 25,1,190,,172819,2,0,5 24 25,1
3600,'20260617',501,,172820,2,0,5 24 25,1,55,,172821,2,0,5 24 25,1,145,,172822,2,0,5 24 25,1,30,,172823,2,0,5 24 25,1,75,,172824,2,0,5 24 25,1,50,,172825,2,0,5 24 25,1,100,,172826,2,0,5 24 25,1,100,,172827,2,0,5 24 25,1,100,,172828,2,0,5 24 25,1,100,,172829,2,0,5 24 25,1,100,,172830,2,0,5 24 25,1,100,,172831,2,0,5 24 25,1,80,,172832,2,0,5 24 25,1,100,,172833,2,0,5 24 25,1,100,,172834,2,0,5 24 25,1,200,,172835,2,0,5 24 25,1,190,,172836,2,0,5 24 25,1
3600,'20260618',501,,172837,2,0,5 24 25,1,55,,172838,2,0,5 24 25,1,145,,172839,2,0,5 24 25,1,30,,172840,2,0,5 24 25,1,75,,172841,2,0,5 24 25,1,50,,172842,2,0,5 24 25,1,100,,172843,2,0,5 24 25,1,100,,172844,2,0,5 24 25,1,100,,172845,2,0,5 24 25,1,100,,172846,2,0,5 24 25,1,100,,172847,2,0,5 24 25,1,100,,172848,2,0,5 24 25,1,80,,172849,2,0,5 24 25,1,100,,172850,2,0,5 24 25,1,100,,172851,2,0,5 24 25,1,200,,172852,2,0,5 24 25,1,190,,172853,2,0,5 24 25,1
3600,'20260619',501,,172854,2,0,5 24 25,1,55,,172855,2,0,5 24 25,1,145,,172856,2,0,5 24 25,1,30,,172857,2,0,5 24 25,1,75,,172858,2,0,5 24 25,1,50,,172859,2,0,5 24 25,1,100,,172860,2,0,5 24 25,1,100,,172861,2,0,5 24 25,1,100,,172862,2,0,5 24 25,1,100,,172863,2,0,5 24 25,1,100,,172864,2,0,5 24 25,1,100,,172865,2,0,5 24 25,1,80,,172866,2,0,5 24 25,1,100,,172867,2,0,5 24 25,1,100,,172868,2,0,5 24 25,1,200,,172869,2,0,5 24 25,1,190,,172870,2,0,5 24 25,1
3600,'20260620',611,,172871,2,0,5 24 25,1,30,,172872,2,0,5 24 25,1,60,,172873,2,0,5 24 25,1,20,,172874,2,0,5 24 25,1,20,,172875,2,0,5 24 25,1,70,,172876,2,0,5 24 25,1,100,,172877,2,0,5 24 25,1,100,,172878,2,0,5 24 25,1,30,,172879,2,0,5 24 25,1,70,,172880,2,0,5 24 25,1,30,,172881,2,0,5 24 25,1,70,,172882,2,0,5 24 25,1,30,,172883,2,0,5 24 25,1,70,,172884,2,0,5 24 25,1,100,,172885,2,0,5 24 25,1,100,,172886,2,0,5 24 25,1,100,,172887,2,0,5 24 25,1,100,,172888,2,0,5 24 25,1,100,,172889,2,0,5 24 25,1,100,,172890,2,0,5 24 25,1,100,,172891,2,0,5 24 25,1,100,,172892,2,0,5 24 25,1,200,,172893,2,0,5 24 25,1
3600,'20260621',611,,172894,2,0,5 24 25,1,30,,172895,2,0,5 24 25,1,60,,172896,2,0,5 24 25,1,20,,172897,2,0,5 24 25,1,20,,172898,2,0,5 24 25,1,70,,172899,2,0,5 24 25,1,100,,172900,2,0,5 24 25,1,100,,172901,2,0,5 24 25,1,100,,172902,2,0,5 24 25,1,100,,172903,2,0,5 24 25,1,100,,172904,2,0,5 24 25,1,100,,172905,2,0,5 24 25,1,100,,172906,2,0,5 24 25,1,100,,172907,2,0,5 24 25,1,100,,172908,2,0,5 24 25,1,100,,172909,2,0,5 24 25,1,100,,172910,2,0,5 24 25,1,100,,172911,2,0,5 24 25,1,100,,172912,2,0,5 24 25,1,200,,172913,2,0,5 24 25,1
3600,'20260622',501,,172914,2,0,5 24 25,1,55,,172915,2,0,5 24 25,1,145,,172916,2,0,5 24 25,1,30,,172917,2,0,5 24 25,1,75,,172918,2,0,5 24 25,1,50,,172919,2,0,5 24 25,1,100,,172920,2,0,5 24 25,1,100,,172921,2,0,5 24 25,1,100,,172922,2,0,5 24 25,1,100,,172923,2,0,5 24 25,1,100,,172924,2,0,5 24 25,1,100,,172925,2,0,5 24 25,1,80,,172926,2,0,5 24 25,1,100,,172927,2,0,5 24 25,1,100,,172928,2,0,5 24 25,1,200,,172929,2,0,5 24 25,1,190,,172930,2,0,5 24 25,1
3600,'20260623',501,,172931,2,0,5 24 25,1,55,,172932,2,0,5 24 25,1,145,,172933,2,0,5 24 25,1,30,,172934,2,0,5 24 25,1,75,,172935,2,0,5 24 25,1,50,,172936,2,0,5 24 25,1,100,,172937,2,0,5 24 25,1,100,,172938,2,0,5 24 25,1,100,,172939,2,0,5 24 25,1,100,,172940,2,0,5 24 25,1,100,,172941,2,0,5 24 25,1,100,,172942,2,0,5 24 25,1,80,,172943,2,0,5 24 25,1,100,,172944,2,0,5 24 25,1,100,,172945,2,0,5 24 25,1,200,,172946,2,0,5 24 25,1,190,,172947,2,0,5 24 25,1
3600,'20260624',501,,172948,2,0,5 24 25,1,55,,172949,2,0,5 24 25,1,145,,172950,2,0,5 24 25,1,30,,172951,2,0,5 24 25,1,75,,172952,2,0,5 24 25,1,50,,172953,2,0,5 24 25,1,100,,172954,2,0,5 24 25,1,100,,172955,2,0,5 24 25,1,100,,172956,2,0,5 24 25,1,100,,172957,2,0,5 24 25,1,100,,172958,2,0,5 24 25,1,100,,172959,2,0,5 24 25,1,80,,172960,2,0,5 24 25,1,100,,172961,2,0,5 24 25,1,100,,172962,2,0,5 24 25,1,200,,172963,2,0,5 24 25,1,190,,172964,2,0,5 24 25,1
3600,'20260625',501,,172965,2,0,5 24 25,1,55,,172966,2,0,5 24 25,1,145,,172967,2,0,5 24 25,1,30,,172968,2,0,5 24 25,1,75,,172969,2,0,5 24 25,1,50,,172970,2,0,5 24 25,1,100,,172971,2,0,5 24 25,1,100,,172972,2,0,5 24 25,1,100,,172973,2,0,5 24 25,1,100,,172974,2,0,5 24 25,1,100,,172975,2,0,5 24 25,1,100,,172976,2,0,5 24 25,1,80,,172977,2,0,5 24 25,1,100,,172978,2,0,5 24 25,1,100,,172979,2,0,5 24 25,1,200,,172980,2,0,5 24 25,1,190,,172981,2,0,5 24 25,1
3600,'20260626',501,,172982,2,0,5 24 25,1,55,,172983,2,0,5 24 25,1,145,,172984,2,0,5 24 25,1,30,,172985,2,0,5 24 25,1,75,,172986,2,0,5 24 25,1,50,,172987,2,0,5 24 25,1,100,,172988,2,0,5 24 25,1,100,,172989,2,0,5 24 25,1,100,,172990,2,0,5 24 25,1,100,,172991,2,0,5 24 25,1,100,,172992,2,0,5 24 25,1,100,,172993,2,0,5 24 25,1,80,,172994,2,0,5 24 25,1,100,,172995,2,0,5 24 25,1,100,,172996,2,0,5 24 25,1,200,,172997,2,0,5 24 25,1,190,,172998,2,0,5 24 25,1
3600,'20260627',611,,172999,2,0,5 24 25,1,30,,173000,2,0,5 24 25,1,60,,173001,2,0,5 24 25,1,20,,173002,2,0,5 24 25,1,20,,173003,2,0,5 24 25,1,70,,173004,2,0,5 24 25,1,100,,173005,2,0,5 24 25,1,100,,173006,2,0,5 24 25,1,30,,173007,2,0,5 24 25,1,70,,173008,2,0,5 24 25,1,30,,173009,2,0,5 24 25,1,70,,173010,2,0,5 24 25,1,30,,173011,2,0,5 24 25,1,70,,173012,2,0,5 24 25,1,100,,173013,2,0,5 24 25,1,100,,173014,2,0,5 24 25,1,100,,173015,2,0,5 24 25,1,100,,173016,2,0,5 24 25,1,100,,173017,2,0,5 24 25,1,100,,173018,2,0,5 24 25,1,100,,173019,2,0,5 24 25,1,100,,173020,2,0,5 24 25,1,200,,173021,2,0,5 24 25,1
3600,'20260628',611,,173022,2,0,5 24 25,1,30,,173023,2,0,5 24 25,1,60,,173024,2,0,5 24 25,1,20,,173025,2,0,5 24 25,1,20,,173026,2,0,5 24 25,1,70,,173027,2,0,5 24 25,1,100,,173028,2,0,5 24 25,1,100,,173029,2,0,5 24 25,1,100,,173030,2,0,5 24 25,1,100,,173031,2,0,5 24 25,1,100,,173032,2,0,5 24 25,1,100,,173033,2,0,5 24 25,1,100,,173034,2,0,5 24 25,1,100,,173035,2,0,5 24 25,1,100,,173036,2,0,5 24 25,1,100,,173037,2,0,5 24 25,1,100,,173038,2,0,5 24 25,1,100,,173039,2,0,5 24 25,1,100,,173040,2,0,5 24 25,1,200,,173041,2,0,5 24 25,1
3600,'20260629',501,,173042,2,0,5 24 25,1,55,,173043,2,0,5 24 25,1,145,,173044,2,0,5 24 25,1,30,,173045,2,0,5 24 25,1,75,,173046,2,0,5 24 25,1,50,,173047,2,0,5 24 25,1,100,,173048,2,0,5 24 25,1,100,,173049,2,0,5 24 25,1,100,,173050,2,0,5 24 25,1,100,,173051,2,0,5 24 25,1,100,,173052,2,0,5 24 25,1,100,,173053,2,0,5 24 25,1,80,,173054,2,0,5 24 25,1,100,,173055,2,0,5 24 25,1,100,,173056,2,0,5 24 25,1,200,,173057,2,0,5 24 25,1,190,,173058,2,0,5 24 25,1
3600,'20260630',501,,173059,2,0,5 24 25,1,55,,173060,2,0,5 24 25,1,145,,173061,2,0,5 24 25,1,30,,173062,2,0,5 24 25,1,75,,173063,2,0,5 24 25,1,50,,173064,2,0,5 24 25,1,100,,173065,2,0,5 24 25,1,100,,173066,2,0,5 24 25,1,100,,173067,2,0,5 24 25,1,100,,173068,2,0,5 24 25,1,100,,173069,2,0,5 24 25,1,100,,173070,2,0,5 24 25,1,80,,173071,2,0,5 24 25,1,100,,173072,2,0,5 24 25,1,100,,173073,2,0,5 24 25,1,200,,173074,2,0,5 24 25,1,190,,173075,2,0,5 24 25,1
3600,'20260701',611,,173076,2,0,5 24 25,1,30,,173077,2,0,5 24 25,1,60,,173078,2,0,5 24 25,1,20,,173079,2,0,5 24 25,1,20,,173080,2,0,5 24 25,1,70,,173081,2,0,5 24 25,1,100,,173082,2,0,5 24 25,1,100,,173083,2,0,5 24 25,1,30,,173084,2,0,5 24 25,1,70,,173085,2,0,5 24 25,1,30,,173086,2,0,5 24 25,1,70,,173087,2,0,5 24 25,1,30,,173088,2,0,5 24 25,1,70,,173089,2,0,5 24 25,1,100,,173090,2,0,5 24 25,1,100,,173091,2,0,5 24 25,1,100,,173092,2,0,5 24 25,1,100,,173093,2,0,5 24 25,1,100,,173094,2,0,5 24 25,1,100,,173095,2,0,5 24 25,1,100,,173096,2,0,5 24 25,1,100,,173097,2,0,5 24 25,1,200,,173098,2,0,5 24 25,1
3600,'20260702',501,,173099,2,0,5 24 25,1,55,,173100,2,0,5 24 25,1,145,,173101,2,0,5 24 25,1,30,,173102,2,0,5 24 25,1,75,,173103,2,0,5 24 25,1,50,,173104,2,0,5 24 25,1,100,,173105,2,0,5 24 25,1,100,,173106,2,0,5 24 25,1,100,,173107,2,0,5 24 25,1,100,,173108,2,0,5 24 25,1,100,,173109,2,0,5 24 25,1,100,,173110,2,0,5 24 25,1,80,,173111,2,0,5 24 25,1,100,,173112,2,0,5 24 25,1,100,,173113,2,0,5 24 25,1,200,,173114,2,0,5 24 25,1,190,,173115,2,0,5 24 25,1
3600,'20260703',501,,173116,2,0,5 24 25,1,55,,173117,2,0,5 24 25,1,145,,173118,2,0,5 24 25,1,30,,173119,2,0,5 24 25,1,75,,173120,2,0,5 24 25,1,50,,173121,2,0,5 24 25,1,100,,173122,2,0,5 24 25,1,100,,173123,2,0,5 24 25,1,100,,173124,2,0,5 24 25,1,100,,173125,2,0,5 24 25,1,100,,173126,2,0,5 24 25,1,100,,173127,2,0,5 24 25,1,80,,173128,2,0,5 24 25,1,100,,173129,2,0,5 24 25,1,100,,173130,2,0,5 24 25,1,200,,173131,2,0,5 24 25,1,190,,173132,2,0,5 24 25,1
3600,'20260704',611,,173133,2,0,5 24 25,1,30,,173134,2,0,5 24 25,1,60,,173135,2,0,5 24 25,1,20,,173136,2,0,5 24 25,1,20,,173137,2,0,5 24 25,1,70,,173138,2,0,5 24 25,1,100,,173139,2,0,5 24 25,1,100,,173140,2,0,5 24 25,1,30,,173141,2,0,5 24 25,1,70,,173142,2,0,5 24 25,1,30,,173143,2,0,5 24 25,1,70,,173144,2,0,5 24 25,1,30,,173145,2,0,5 24 25,1,70,,173146,2,0,5 24 25,1,100,,173147,2,0,5 24 25,1,100,,173148,2,0,5 24 25,1,100,,173149,2,0,5 24 25,1,100,,173150,2,0,5 24 25,1,100,,173151,2,0,5 24 25,1,100,,173152,2,0,5 24 25,1,100,,173153,2,0,5 24 25,1,100,,173154,2,0,5 24 25,1,200,,173155,2,0,5 24 25,1
3600,'20260705',611,,173156,2,0,5 24 25,1,30,,173157,2,0,5 24 25,1,60,,173158,2,0,5 24 25,1,20,,173159,2,0,5 24 25,1,20,,173160,2,0,5 24 25,1,70,,173161,2,0,5 24 25,1,100,,173162,2,0,5 24 25,1,100,,173163,2,0,5 24 25,1,100,,173164,2,0,5 24 25,1,100,,173165,2,0,5 24 25,1,100,,173166,2,0,5 24 25,1,100,,173167,2,0,5 24 25,1,100,,173168,2,0,5 24 25,1,100,,173169,2,0,5 24 25,1,100,,173170,2,0,5 24 25,1,100,,173171,2,0,5 24 25,1,100,,173172,2,0,5 24 25,1,100,,173173,2,0,5 24 25,1,100,,173174,2,0,5 24 25,1,200,,173175,2,0,5 24 25,1
3600,'20260706',501,,173176,2,0,5 24 25,1,55,,173177,2,0,5 24 25,1,145,,173178,2,0,5 24 25,1,30,,173179,2,0,5 24 25,1,75,,173180,2,0,5 24 25,1,50,,173181,2,0,5 24 25,1,100,,173182,2,0,5 24 25,1,100,,173183,2,0,5 24 25,1,100,,173184,2,0,5 24 25,1,100,,173185,2,0,5 24 25,1,100,,173186,2,0,5 24 25,1,100,,173187,2,0,5 24 25,1,80,,173188,2,0,5 24 25,1,100,,173189,2,0,5 24 25,1,100,,173190,2,0,5 24 25,1,200,,173191,2,0,5 24 25,1,190,,173192,2,0,5 24 25,1
3600,'20260707',501,,173193,2,0,5 24 25,1,55,,173194,2,0,5 24 25,1,145,,173195,2,0,5 24 25,1,30,,173196,2,0,5 24 25,1,75,,173197,2,0,5 24 25,1,50,,173198,2,0,5 24 25,1,100,,173199,2,0,5 24 25,1,100,,173200,2,0,5 24 25,1,100,,173201,2,0,5 24 25,1,100,,173202,2,0,5 24 25,1,100,,173203,2,0,5 24 25,1,100,,173204,2,0,5 24 25,1,80,,173205,2,0,5 24 25,1,100,,173206,2,0,5 24 25,1,100,,173207,2,0,5 24 25,1,200,,173208,2,0,5 24 25,1,190,,173209,2,0,5 24 25,1
3600,'20260708',501,,173210,2,0,5 24 25,1,55,,173211,2,0,5 24 25,1,145,,173212,2,0,5 24 25,1,30,,173213,2,0,5 24 25,1,75,,173214,2,0,5 24 25,1,50,,173215,2,0,5 24 25,1,100,,173216,2,0,5 24 25,1,100,,173217,2,0,5 24 25,1,100,,173218,2,0,5 24 25,1,100,,173219,2,0,5 24 25,1,100,,173220,2,0,5 24 25,1,100,,173221,2,0,5 24 25,1,80,,173222,2,0,5 24 25,1,100,,173223,2,0,5 24 25,1,100,,173224,2,0,5 24 25,1,200,,173225,2,0,5 24 25,1,190,,173226,2,0,5 24 25,1
3600,'20260709',501,,173227,2,0,5 24 25,1,55,,173228,2,0,5 24 25,1,145,,173229,2,0,5 24 25,1,30,,173230,2,0,5 24 25,1,75,,173231,2,0,5 24 25,1,50,,173232,2,0,5 24 25,1,100,,173233,2,0,5 24 25,1,100,,173234,2,0,5 24 25,1,100,,173235,2,0,5 24 25,1,100,,173236,2,0,5 24 25,1,100,,173237,2,0,5 24 25,1,100,,173238,2,0,5 24 25,1,80,,173239,2,0,5 24 25,1,100,,173240,2,0,5 24 25,1,100,,173241,2,0,5 24 25,1,200,,173242,2,0,5 24 25,1,190,,173243,2,0,5 24 25,1
3600,'20260710',501,,173244,2,0,5 24 25,1,55,,173245,2,0,5 24 25,1,145,,173246,2,0,5 24 25,1,30,,173247,2,0,5 24 25,1,75,,173248,2,0,5 24 25,1,50,,173249,2,0,5 24 25,1,100,,173250,2,0,5 24 25,1,100,,173251,2,0,5 24 25,1,100,,173252,2,0,5 24 25,1,100,,173253,2,0,5 24 25,1,100,,173254,2,0,5 24 25,1,100,,173255,2,0,5 24 25,1,80,,173256,2,0,5 24 25,1,100,,173257,2,0,5 24 25,1,100,,173258,2,0,5 24 25,1,200,,173259,2,0,5 24 25,1,190,,173260,2,0,5 24 25,1
3600,'20260711',611,,173261,2,0,5 24 25,1,30,,173262,2,0,5 24 25,1,60,,173263,2,0,5 24 25,1,20,,173264,2,0,5 24 25,1,20,,173265,2,0,5 24 25,1,70,,173266,2,0,5 24 25,1,100,,173267,2,0,5 24 25,1,100,,173268,2,0,5 24 25,1,30,,173269,2,0,5 24 25,1,70,,173270,2,0,5 24 25,1,30,,173271,2,0,5 24 25,1,70,,173272,2,0,5 24 25,1,30,,173273,2,0,5 24 25,1,70,,173274,2,0,5 24 25,1,100,,173275,2,0,5 24 25,1,100,,173276,2,0,5 24 25,1,100,,173277,2,0,5 24 25,1,100,,173278,2,0,5 24 25,1,100,,173279,2,0,5 24 25,1,100,,173280,2,0,5 24 25,1,100,,173281,2,0,5 24 25,1,100,,173282,2,0,5 24 25,1,200,,173283,2,0,5 24 25,1
3600,'20260712',611,,173284,2,0,5 24 25,1,30,,173285,2,0,5 24 25,1,60,,173286,2,0,5 24 25,1,20,,173287,2,0,5 24 25,1,20,,173288,2,0,5 24 25,1,70,,173289,2,0,5 24 25,1,100,,173290,2,0,5 24 25,1,100,,173291,2,0,5 24 25,1,100,,173292,2,0,5 24 25,1,100,,173293,2,0,5 24 25,1,100,,173294,2,0,5 24 25,1,100,,173295,2,0,5 24 25,1,100,,173296,2,0,5 24 25,1,100,,173297,2,0,5 24 25,1,100,,173298,2,0,5 24 25,1,100,,173299,2,0,5 24 25,1,100,,173300,2,0,5 24 25,1,100,,173301,2,0,5 24 25,1,100,,173302,2,0,5 24 25,1,200,,173303,2,0,5 24 25,1
3600,'20260713',501,,173304,2,0,5 24 25,1,55,,173305,2,0,5 24 25,1,145,,173306,2,0,5 24 25,1,30,,173307,2,0,5 24 25,1,75,,173308,2,0,5 24 25,1,50,,173309,2,0,5 24 25,1,100,,173310,2,0,5 24 25,1,100,,173311,2,0,5 24 25,1,100,,173312,2,0,5 24 25,1,100,,173313,2,0,5 24 25,1,100,,173314,2,0,5 24 25,1,100,,173315,2,0,5 24 25,1,80,,173316,2,0,5 24 25,1,100,,173317,2,0,5 24 25,1,100,,173318,2,0,5 24 25,1,200,,173319,2,0,5 24 25,1,190,,173320,2,0,5 24 25,1
3600,'20260714',501,,173321,2,0,5 24 25,1,55,,173322,2,0,5 24 25,1,145,,173323,2,0,5 24 25,1,30,,173324,2,0,5 24 25,1,75,,173325,2,0,5 24 25,1,50,,173326,2,0,5 24 25,1,100,,173327,2,0,5 24 25,1,100,,173328,2,0,5 24 25,1,100,,173329,2,0,5 24 25,1,100,,173330,2,0,5 24 25,1,100,,173331,2,0,5 24 25,1,100,,173332,2,0,5 24 25,1,80,,173333,2,0,5 24 25,1,100,,173334,2,0,5 24 25,1,100,,173335,2,0,5 24 25,1,200,,173336,2,0,5 24 25,1,190,,173337,2,0,5 24 25,1
3600,'20260715',501,,173338,2,0,5 24 25,1,55,,173339,2,0,5 24 25,1,145,,173340,2,0,5 24 25,1,30,,173341,2,0,5 24 25,1,75,,173342,2,0,5 24 25,1,50,,173343,2,0,5 24 25,1,100,,173344,2,0,5 24 25,1,100,,173345,2,0,5 24 25,1,100,,173346,2,0,5 24 25,1,100,,173347,2,0,5 24 25,1,100,,173348,2,0,5 24 25,1,100,,173349,2,0,5 24 25,1,80,,173350,2,0,5 24 25,1,100,,173351,2,0,5 24 25,1,100,,173352,2,0,5 24 25,1,200,,173353,2,0,5 24 25,1,190,,173354,2,0,5 24 25,1
3600,'20260716',501,,173355,2,0,5 24 25,1,55,,173356,2,0,5 24 25,1,145,,173357,2,0,5 24 25,1,30,,173358,2,0,5 24 25,1,75,,173359,2,0,5 24 25,1,50,,173360,2,0,5 24 25,1,100,,173361,2,0,5 24 25,1,100,,173362,2,0,5 24 25,1,100,,173363,2,0,5 24 25,1,100,,173364,2,0,5 24 25,1,100,,173365,2,0,5 24 25,1,100,,173366,2,0,5 24 25,1,80,,173367,2,0,5 24 25,1,100,,173368,2,0,5 24 25,1,100,,173369,2,0,5 24 25,1,200,,173370,2,0,5 24 25,1,190,,173371,2,0,5 24 25,1
3600,'20260717',501,,173372,2,0,5 24 25,1,55,,173373,2,0,5 24 25,1,145,,173374,2,0,5 24 25,1,30,,173375,2,0,5 24 25,1,75,,173376,2,0,5 24 25,1,50,,173377,2,0,5 24 25,1,100,,173378,2,0,5 24 25,1,100,,173379,2,0,5 24 25,1,100,,173380,2,0,5 24 25,1,100,,173381,2,0,5 24 25,1,100,,173382,2,0,5 24 25,1,100,,173383,2,0,5 24 25,1,80,,173384,2,0,5 24 25,1,100,,173385,2,0,5 24 25,1,100,,173386,2,0,5 24 25,1,200,,173387,2,0,5 24 25,1,190,,173388,2,0,5 24 25,1
3600,'20260718',611,,173389,2,0,5 24 25,1,30,,173390,2,0,5 24 25,1,60,,173391,2,0,5 24 25,1,20,,173392,2,0,5 24 25,1,20,,173393,2,0,5 24 25,1,70,,173394,2,0,5 24 25,1,100,,173395,2,0,5 24 25,1,100,,173396,2,0,5 24 25,1,30,,173397,2,0,5 24 25,1,70,,173398,2,0,5 24 25,1,30,,173399,2,0,5 24 25,1,70,,173400,2,0,5 24 25,1,30,,173401,2,0,5 24 25,1,70,,173402,2,0,5 24 25,1,100,,173403,2,0,5 24 25,1,100,,173404,2,0,5 24 25,1,100,,173405,2,0,5 24 25,1,100,,173406,2,0,5 24 25,1,100,,173407,2,0,5 24 25,1,100,,173408,2,0,5 24 25,1,100,,173409,2,0,5 24 25,1,100,,173410,2,0,5 24 25,1,200,,173411,2,0,5 24 25,1
3600,'20260719',611,,173412,2,0,5 24 25,1,30,,173413,2,0,5 24 25,1,60,,173414,2,0,5 24 25,1,20,,173415,2,0,5 24 25,1,20,,173416,2,0,5 24 25,1,70,,173417,2,0,5 24 25,1,100,,173418,2,0,5 24 25,1,100,,173419,2,0,5 24 25,1,100,,173420,2,0,5 24 25,1,100,,173421,2,0,5 24 25,1,100,,173422,2,0,5 24 25,1,100,,173423,2,0,5 24 25,1,100,,173424,2,0,5 24 25,1,100,,173425,2,0,5 24 25,1,100,,173426,2,0,5 24 25,1,100,,173427,2,0,5 24 25,1,100,,173428,2,0,5 24 25,1,100,,173429,2,0,5 24 25,1,100,,173430,2,0,5 24 25,1,200,,173431,2,0,5 24 25,1
3600,'20260720',501,,173432,2,0,5 24 25,1,55,,173433,2,0,5 24 25,1,145,,173434,2,0,5 24 25,1,30,,173435,2,0,5 24 25,1,75,,173436,2,0,5 24 25,1,50,,173437,2,0,5 24 25,1,100,,173438,2,0,5 24 25,1,100,,173439,2,0,5 24 25,1,100,,173440,2,0,5 24 25,1,100,,173441,2,0,5 24 25,1,100,,173442,2,0,5 24 25,1,100,,173443,2,0,5 24 25,1,80,,173444,2,0,5 24 25,1,100,,173445,2,0,5 24 25,1,100,,173446,2,0,5 24 25,1,200,,173447,2,0,5 24 25,1,190,,173448,2,0,5 24 25,1
3600,'20260721',501,,173449,2,0,5 24 25,1,55,,173450,2,0,5 24 25,1,145,,173451,2,0,5 24 25,1,30,,173452,2,0,5 24 25,1,75,,173453,2,0,5 24 25,1,50,,173454,2,0,5 24 25,1,100,,173455,2,0,5 24 25,1,100,,173456,2,0,5 24 25,1,100,,173457,2,0,5 24 25,1,100,,173458,2,0,5 24 25,1,100,,173459,2,0,5 24 25,1,100,,173460,2,0,5 24 25,1,80,,173461,2,0,5 24 25,1,100,,173462,2,0,5 24 25,1,100,,173463,2,0,5 24 25,1,200,,173464,2,0,5 24 25,1,190,,173465,2,0,5 24 25,1
3600,'20260722',501,,173466,2,0,5 24 25,1,55,,173467,2,0,5 24 25,1,145,,173468,2,0,5 24 25,1,30,,173469,2,0,5 24 25,1,75,,173470,2,0,5 24 25,1,50,,173471,2,0,5 24 25,1,100,,173472,2,0,5 24 25,1,100,,173473,2,0,5 24 25,1,100,,173474,2,0,5 24 25,1,100,,173475,2,0,5 24 25,1,100,,173476,2,0,5 24 25,1,100,,173477,2,0,5 24 25,1,80,,173478,2,0,5 24 25,1,100,,173479,2,0,5 24 25,1,100,,173480,2,0,5 24 25,1,200,,173481,2,0,5 24 25,1,190,,173482,2,0,5 24 25,1
3600,'20260723',501,,173483,2,0,5 24 25,1,55,,173484,2,0,5 24 25,1,145,,173485,2,0,5 24 25,1,30,,173486,2,0,5 24 25,1,75,,173487,2,0,5 24 25,1,50,,173488,2,0,5 24 25,1,100,,173489,2,0,5 24 25,1,100,,173490,2,0,5 24 25,1,100,,173491,2,0,5 24 25,1,100,,173492,2,0,5 24 25,1,100,,173493,2,0,5 24 25,1,100,,173494,2,0,5 24 25,1,80,,173495,2,0,5 24 25,1,100,,173496,2,0,5 24 25,1,100,,173497,2,0,5 24 25,1,200,,173498,2,0,5 24 25,1,190,,173499,2,0,5 24 25,1
3600,'20260724',501,,173500,2,0,5 24 25,1,55,,173501,2,0,5 24 25,1,145,,173502,2,0,5 24 25,1,30,,173503,2,0,5 24 25,1,75,,173504,2,0,5 24 25,1,50,,173505,2,0,5 24 25,1,100,,173506,2,0,5 24 25,1,100,,173507,2,0,5 24 25,1,100,,173508,2,0,5 24 25,1,100,,173509,2,0,5 24 25,1,100,,173510,2,0,5 24 25,1,100,,173511,2,0,5 24 25,1,80,,173512,2,0,5 24 25,1,100,,173513,2,0,5 24 25,1,100,,173514,2,0,5 24 25,1,200,,173515,2,0,5 24 25,1,190,,173516,2,0,5 24 25,1
3600,'20260725',611,,173517,2,0,5 24 25,1,30,,173518,2,0,5 24 25,1,60,,173519,2,0,5 24 25,1,20,,173520,2,0,5 24 25,1,20,,173521,2,0,5 24 25,1,70,,173522,2,0,5 24 25,1,100,,173523,2,0,5 24 25,1,100,,173524,2,0,5 24 25,1,30,,173525,2,0,5 24 25,1,70,,173526,2,0,5 24 25,1,30,,173527,2,0,5 24 25,1,70,,173528,2,0,5 24 25,1,30,,173529,2,0,5 24 25,1,70,,173530,2,0,5 24 25,1,100,,173531,2,0,5 24 25,1,100,,173532,2,0,5 24 25,1,100,,173533,2,0,5 24 25,1,100,,173534,2,0,5 24 25,1,100,,173535,2,0,5 24 25,1,100,,173536,2,0,5 24 25,1,100,,173537,2,0,5 24 25,1,100,,173538,2,0,5 24 25,1,200,,173539,2,0,5 24 25,1
3600,'20260726',611,,173540,2,0,5 24 25,1,30,,173541,2,0,5 24 25,1,60,,173542,2,0,5 24 25,1,20,,173543,2,0,5 24 25,1,20,,173544,2,0,5 24 25,1,70,,173545,2,0,5 24 25,1,100,,173546,2,0,5 24 25,1,100,,173547,2,0,5 24 25,1,100,,173548,2,0,5 24 25,1,100,,173549,2,0,5 24 25,1,100,,173550,2,0,5 24 25,1,100,,173551,2,0,5 24 25,1,100,,173552,2,0,5 24 25,1,100,,173553,2,0,5 24 25,1,100,,173554,2,0,5 24 25,1,100,,173555,2,0,5 24 25,1,100,,173556,2,0,5 24 25,1,100,,173557,2,0,5 24 25,1,100,,173558,2,0,5 24 25,1,200,,173559,2,0,5 24 25,1
3600,'20260727',501,,173560,2,0,5 24 25,1,55,,173561,2,0,5 24 25,1,145,,173562,2,0,5 24 25,1,30,,173563,2,0,5 24 25,1,75,,173564,2,0,5 24 25,1,50,,173565,2,0,5 24 25,1,100,,173566,2,0,5 24 25,1,100,,173567,2,0,5 24 25,1,100,,173568,2,0,5 24 25,1,100,,173569,2,0,5 24 25,1,100,,173570,2,0,5 24 25,1,100,,173571,2,0,5 24 25,1,80,,173572,2,0,5 24 25,1,100,,173573,2,0,5 24 25,1,100,,173574,2,0,5 24 25,1,200,,173575,2,0,5 24 25,1,190,,173576,2,0,5 24 25,1
3600,'20260728',501,,173577,2,0,5 24 25,1,55,,173578,2,0,5 24 25,1,145,,173579,2,0,5 24 25,1,30,,173580,2,0,5 24 25,1,75,,173581,2,0,5 24 25,1,50,,173582,2,0,5 24 25,1,100,,173583,2,0,5 24 25,1,100,,173584,2,0,5 24 25,1,100,,173585,2,0,5 24 25,1,100,,173586,2,0,5 24 25,1,100,,173587,2,0,5 24 25,1,100,,173588,2,0,5 24 25,1,80,,173589,2,0,5 24 25,1,100,,173590,2,0,5 24 25,1,100,,173591,2,0,5 24 25,1,200,,173592,2,0,5 24 25,1,190,,173593,2,0,5 24 25,1
3600,'20260729',501,,173594,2,0,5 24 25,1,55,,173595,2,0,5 24 25,1,145,,173596,2,0,5 24 25,1,30,,173597,2,0,5 24 25,1,75,,173598,2,0,5 24 25,1,50,,173599,2,0,5 24 25,1,100,,173600,2,0,5 24 25,1,100,,173601,2,0,5 24 25,1,100,,173602,2,0,5 24 25,1,100,,173603,2,0,5 24 25,1,100,,173604,2,0,5 24 25,1,100,,173605,2,0,5 24 25,1,80,,173606,2,0,5 24 25,1,100,,173607,2,0,5 24 25,1,100,,173608,2,0,5 24 25,1,200,,173609,2,0,5 24 25,1,190,,173610,2,0,5 24 25,1
3600,'20260730',501,,173611,2,0,5 24 25,1,55,,173612,2,0,5 24 25,1,145,,173613,2,0,5 24 25,1,30,,173614,2,0,5 24 25,1,75,,173615,2,0,5 24 25,1,50,,173616,2,0,5 24 25,1,100,,173617,2,0,5 24 25,1,100,,173618,2,0,5 24 25,1,100,,173619,2,0,5 24 25,1,100,,173620,2,0,5 24 25,1,100,,173621,2,0,5 24 25,1,100,,173622,2,0,5 24 25,1,80,,173623,2,0,5 24 25,1,100,,173624,2,0,5 24 25,1,100,,173625,2,0,5 24 25,1,200,,173626,2,0,5 24 25,1,190,,173627,2,0,5 24 25,1
3600,'20260731',501,,173628,2,0,5 24 25,1,55,,173629,2,0,5 24 25,1,145,,173630,2,0,5 24 25,1,30,,173631,2,0,5 24 25,1,75,,173632,2,0,5 24 25,1,50,,173633,2,0,5 24 25,1,100,,173634,2,0,5 24 25,1,100,,173635,2,0,5 24 25,1,100,,173636,2,0,5 24 25,1,100,,173637,2,0,5 24 25,1,100,,173638,2,0,5 24 25,1,100,,173639,2,0,5 24 25,1,80,,173640,2,0,5 24 25,1,100,,173641,2,0,5 24 25,1,100,,173642,2,0,5 24 25,1,200,,173643,2,0,5 24 25,1,190,,173644,2,0,5 24 25,1
3600,'20260801',611,,173645,2,0,5 24 25,1,30,,173646,2,0,5 24 25,1,60,,173647,2,0,5 24 25,1,20,,173648,2,0,5 24 25,1,20,,173649,2,0,5 24 25,1,70,,173650,2,0,5 24 25,1,100,,173651,2,0,5 24 25,1,100,,173652,2,0,5 24 25,1,30,,173653,2,0,5 24 25,1,70,,173654,2,0,5 24 25,1,30,,173655,2,0,5 24 25,1,70,,173656,2,0,5 24 25,1,30,,173657,2,0,5 24 25,1,70,,173658,2,0,5 24 25,1,100,,173659,2,0,5 24 25,1,100,,173660,2,0,5 24 25,1,100,,173661,2,0,5 24 25,1,100,,173662,2,0,5 24 25,1,100,,173663,2,0,5 24 25,1,100,,173664,2,0,5 24 25,1,100,,173665,2,0,5 24 25,1,100,,173666,2,0,5 24 25,1,200,,173667,2,0,5 24 25,1
3600,'20260802',611,,173668,2,0,5 24 25,1,30,,173669,2,0,5 24 25,1,60,,173670,2,0,5 24 25,1,20,,173671,2,0,5 24 25,1,20,,173672,2,0,5 24 25,1,70,,173673,2,0,5 24 25,1,100,,173674,2,0,5 24 25,1,100,,173675,2,0,5 24 25,1,100,,173676,2,0,5 24 25,1,100,,173677,2,0,5 24 25,1,100,,173678,2,0,5 24 25,1,100,,173679,2,0,5 24 25,1,100,,173680,2,0,5 24 25,1,100,,173681,2,0,5 24 25,1,100,,173682,2,0,5 24 25,1,100,,173683,2,0,5 24 25,1,100,,173684,2,0,5 24 25,1,100,,173685,2,0,5 24 25,1,100,,173686,2,0,5 24 25,1,200,,173687,2,0,5 24 25,1
3600,'20260803',611,,173688,2,0,5 24 25,1,30,,173689,2,0,5 24 25,1,60,,173690,2,0,5 24 25,1,20,,173691,2,0,5 24 25,1,20,,173692,2,0,5 24 25,1,70,,173693,2,0,5 24 25,1,100,,173694,2,0,5 24 25,1,100,,173695,2,0,5 24 25,1,30,,173696,2,0,5 24 25,1,70,,173697,2,0,5 24 25,1,30,,173698,2,0,5 24 25,1,70,,173699,2,0,5 24 25,1,30,,173700,2,0,5 24 25,1,70,,173701,2,0,5 24 25,1,100,,173702,2,0,5 24 25,1,100,,173703,2,0,5 24 25,1,100,,173704,2,0,5 24 25,1,100,,173705,2,0,5 24 25,1,100,,173706,2,0,5 24 25,1,100,,173707,2,0,5 24 25,1,100,,173708,2,0,5 24 25,1,100,,173709,2,0,5 24 25,1,200,,173710,2,0,5 24 25,1
3600,'20260804',501,,173711,2,0,5 24 25,1,55,,173712,2,0,5 24 25,1,145,,173713,2,0,5 24 25,1,30,,173714,2,0,5 24 25,1,75,,173715,2,0,5 24 25,1,50,,173716,2,0,5 24 25,1,100,,173717,2,0,5 24 25,1,100,,173718,2,0,5 24 25,1,100,,173719,2,0,5 24 25,1,100,,173720,2,0,5 24 25,1,100,,173721,2,0,5 24 25,1,100,,173722,2,0,5 24 25,1,80,,173723,2,0,5 24 25,1,100,,173724,2,0,5 24 25,1,100,,173725,2,0,5 24 25,1,200,,173726,2,0,5 24 25,1,190,,173727,2,0,5 24 25,1
3600,'20260805',501,,173728,2,0,5 24 25,1,55,,173729,2,0,5 24 25,1,145,,173730,2,0,5 24 25,1,30,,173731,2,0,5 24 25,1,75,,173732,2,0,5 24 25,1,50,,173733,2,0,5 24 25,1,100,,173734,2,0,5 24 25,1,100,,173735,2,0,5 24 25,1,100,,173736,2,0,5 24 25,1,100,,173737,2,0,5 24 25,1,100,,173738,2,0,5 24 25,1,100,,173739,2,0,5 24 25,1,80,,173740,2,0,5 24 25,1,100,,173741,2,0,5 24 25,1,100,,173742,2,0,5 24 25,1,200,,173743,2,0,5 24 25,1,190,,173744,2,0,5 24 25,1
3600,'20260806',501,,173745,2,0,5 24 25,1,55,,173746,2,0,5 24 25,1,145,,173747,2,0,5 24 25,1,30,,173748,2,0,5 24 25,1,75,,173749,2,0,5 24 25,1,50,,173750,2,0,5 24 25,1,100,,173751,2,0,5 24 25,1,100,,173752,2,0,5 24 25,1,100,,173753,2,0,5 24 25,1,100,,173754,2,0,5 24 25,1,100,,173755,2,0,5 24 25,1,100,,173756,2,0,5 24 25,1,80,,173757,2,0,5 24 25,1,100,,173758,2,0,5 24 25,1,100,,173759,2,0,5 24 25,1,200,,173760,2,0,5 24 25,1,190,,173761,2,0,5 24 25,1
3600,'20260807',501,,173762,2,0,5 24 25,1,55,,173763,2,0,5 24 25,1,145,,173764,2,0,5 24 25,1,30,,173765,2,0,5 24 25,1,75,,173766,2,0,5 24 25,1,50,,173767,2,0,5 24 25,1,100,,173768,2,0,5 24 25,1,100,,173769,2,0,5 24 25,1,100,,173770,2,0,5 24 25,1,100,,173771,2,0,5 24 25,1,100,,173772,2,0,5 24 25,1,100,,173773,2,0,5 24 25,1,80,,173774,2,0,5 24 25,1,100,,173775,2,0,5 24 25,1,100,,173776,2,0,5 24 25,1,200,,173777,2,0,5 24 25,1,190,,173778,2,0,5 24 25,1
3600,'20260808',611,,173779,2,0,5 24 25,1,30,,173780,2,0,5 24 25,1,60,,173781,2,0,5 24 25,1,20,,173782,2,0,5 24 25,1,20,,173783,2,0,5 24 25,1,70,,173784,2,0,5 24 25,1,100,,173785,2,0,5 24 25,1,100,,173786,2,0,5 24 25,1,30,,173787,2,0,5 24 25,1,70,,173788,2,0,5 24 25,1,30,,173789,2,0,5 24 25,1,70,,173790,2,0,5 24 25,1,30,,173791,2,0,5 24 25,1,70,,173792,2,0,5 24 25,1,100,,173793,2,0,5 24 25,1,100,,173794,2,0,5 24 25,1,100,,173795,2,0,5 24 25,1,100,,173796,2,0,5 24 25,1,100,,173797,2,0,5 24 25,1,100,,173798,2,0,5 24 25,1,100,,173799,2,0,5 24 25,1,100,,173800,2,0,5 24 25,1,200,,173801,2,0,5 24 25,1
3600,'20260809',611,,173802,2,0,5 24 25,1,30,,173803,2,0,5 24 25,1,60,,173804,2,0,5 24 25,1,20,,173805,2,0,5 24 25,1,20,,173806,2,0,5 24 25,1,70,,173807,2,0,5 24 25,1,100,,173808,2,0,5 24 25,1,100,,173809,2,0,5 24 25,1,100,,173810,2,0,5 24 25,1,100,,173811,2,0,5 24 25,1,100,,173812,2,0,5 24 25,1,100,,173813,2,0,5 24 25,1,100,,173814,2,0,5 24 25,1,100,,173815,2,0,5 24 25,1,100,,173816,2,0,5 24 25,1,100,,173817,2,0,5 24 25,1,100,,173818,2,0,5 24 25,1,100,,173819,2,0,5 24 25,1,100,,173820,2,0,5 24 25,1,200,,173821,2,0,5 24 25,1
3600,'20260810',501,,173822,2,0,5 24 25,1,55,,173823,2,0,5 24 25,1,145,,173824,2,0,5 24 25,1,30,,173825,2,0,5 24 25,1,75,,173826,2,0,5 24 25,1,50,,173827,2,0,5 24 25,1,100,,173828,2,0,5 24 25,1,100,,173829,2,0,5 24 25,1,100,,173830,2,0,5 24 25,1,100,,173831,2,0,5 24 25,1,100,,173832,2,0,5 24 25,1,100,,173833,2,0,5 24 25,1,80,,173834,2,0,5 24 25,1,100,,173835,2,0,5 24 25,1,100,,173836,2,0,5 24 25,1,200,,173837,2,0,5 24 25,1,190,,173838,2,0,5 24 25,1
3600,'20260811',501,,173839,2,0,5 24 25,1,55,,173840,2,0,5 24 25,1,145,,173841,2,0,5 24 25,1,30,,173842,2,0,5 24 25,1,75,,173843,2,0,5 24 25,1,50,,173844,2,0,5 24 25,1,100,,173845,2,0,5 24 25,1,100,,173846,2,0,5 24 25,1,100,,173847,2,0,5 24 25,1,100,,173848,2,0,5 24 25,1,100,,173849,2,0,5 24 25,1,100,,173850,2,0,5 24 25,1,80,,173851,2,0,5 24 25,1,100,,173852,2,0,5 24 25,1,100,,173853,2,0,5 24 25,1,200,,173854,2,0,5 24 25,1,190,,173855,2,0,5 24 25,1
3600,'20260812',501,,173856,2,0,5 24 25,1,55,,173857,2,0,5 24 25,1,145,,173858,2,0,5 24 25,1,30,,173859,2,0,5 24 25,1,75,,173860,2,0,5 24 25,1,50,,173861,2,0,5 24 25,1,100,,173862,2,0,5 24 25,1,100,,173863,2,0,5 24 25,1,100,,173864,2,0,5 24 25,1,100,,173865,2,0,5 24 25,1,100,,173866,2,0,5 24 25,1,100,,173867,2,0,5 24 25,1,80,,173868,2,0,5 24 25,1,100,,173869,2,0,5 24 25,1,100,,173870,2,0,5 24 25,1,200,,173871,2,0,5 24 25,1,190,,173872,2,0,5 24 25,1
3600,'20260813',501,,173873,2,0,5 24 25,1,55,,173874,2,0,5 24 25,1,145,,173875,2,0,5 24 25,1,30,,173876,2,0,5 24 25,1,75,,173877,2,0,5 24 25,1,50,,173878,2,0,5 24 25,1,100,,173879,2,0,5 24 25,1,100,,173880,2,0,5 24 25,1,100,,173881,2,0,5 24 25,1,100,,173882,2,0,5 24 25,1,100,,173883,2,0,5 24 25,1,100,,173884,2,0,5 24 25,1,80,,173885,2,0,5 24 25,1,100,,173886,2,0,5 24 25,1,100,,173887,2,0,5 24 25,1,200,,173888,2,0,5 24 25,1,190,,173889,2,0,5 24 25,1
3600,'20260814',501,,173890,2,0,5 24 25,1,55,,173891,2,0,5 24 25,1,145,,173892,2,0,5 24 25,1,30,,173893,2,0,5 24 25,1,75,,173894,2,0,5 24 25,1,50,,173895,2,0,5 24 25,1,100,,173896,2,0,5 24 25,1,100,,173897,2,0,5 24 25,1,100,,173898,2,0,5 24 25,1,100,,173899,2,0,5 24 25,1,100,,173900,2,0,5 24 25,1,100,,173901,2,0,5 24 25,1,80,,173902,2,0,5 24 25,1,100,,173903,2,0,5 24 25,1,100,,173904,2,0,5 24 25,1,200,,173905,2,0,5 24 25,1,190,,173906,2,0,5 24 25,1
3600,'20260815',611,,173907,2,0,5 24 25,1,30,,173908,2,0,5 24 25,1,60,,173909,2,0,5 24 25,1,20,,173910,2,0,5 24 25,1,20,,173911,2,0,5 24 25,1,70,,173912,2,0,5 24 25,1,100,,173913,2,0,5 24 25,1,100,,173914,2,0,5 24 25,1,30,,173915,2,0,5 24 25,1,70,,173916,2,0,5 24 25,1,30,,173917,2,0,5 24 25,1,70,,173918,2,0,5 24 25,1,30,,173919,2,0,5 24 25,1,70,,173920,2,0,5 24 25,1,100,,173921,2,0,5 24 25,1,100,,173922,2,0,5 24 25,1,100,,173923,2,0,5 24 25,1,100,,173924,2,0,5 24 25,1,100,,173925,2,0,5 24 25,1,100,,173926,2,0,5 24 25,1,100,,173927,2,0,5 24 25,1,100,,173928,2,0,5 24 25,1,200,,173929,2,0,5 24 25,1
3600,'20260816',611,,173930,2,0,5 24 25,1,30,,173931,2,0,5 24 25,1,60,,173932,2,0,5 24 25,1,20,,173933,2,0,5 24 25,1,20,,173934,2,0,5 24 25,1,70,,173935,2,0,5 24 25,1,100,,173936,2,0,5 24 25,1,100,,173937,2,0,5 24 25,1,100,,173938,2,0,5 24 25,1,100,,173939,2,0,5 24 25,1,100,,173940,2,0,5 24 25,1,100,,173941,2,0,5 24 25,1,100,,173942,2,0,5 24 25,1,100,,173943,2,0,5 24 25,1,100,,173944,2,0,5 24 25,1,100,,173945,2,0,5 24 25,1,100,,173946,2,0,5 24 25,1,100,,173947,2,0,5 24 25,1,100,,173948,2,0,5 24 25,1,200,,173949,2,0,5 24 25,1
3600,'20260817',501,,173950,2,0,5 24 25,1,55,,173951,2,0,5 24 25,1,145,,173952,2,0,5 24 25,1,30,,173953,2,0,5 24 25,1,75,,173954,2,0,5 24 25,1,50,,173955,2,0,5 24 25,1,100,,173956,2,0,5 24 25,1,100,,173957,2,0,5 24 25,1,100,,173958,2,0,5 24 25,1,100,,173959,2,0,5 24 25,1,100,,173960,2,0,5 24 25,1,100,,173961,2,0,5 24 25,1,80,,173962,2,0,5 24 25,1,100,,173963,2,0,5 24 25,1,100,,173964,2,0,5 24 25,1,200,,173965,2,0,5 24 25,1,190,,173966,2,0,5 24 25,1
3600,'20260818',501,,173967,2,0,5 24 25,1,55,,173968,2,0,5 24 25,1,145,,173969,2,0,5 24 25,1,30,,173970,2,0,5 24 25,1,75,,173971,2,0,5 24 25,1,50,,173972,2,0,5 24 25,1,100,,173973,2,0,5 24 25,1,100,,173974,2,0,5 24 25,1,100,,173975,2,0,5 24 25,1,100,,173976,2,0,5 24 25,1,100,,173977,2,0,5 24 25,1,100,,173978,2,0,5 24 25,1,80,,173979,2,0,5 24 25,1,100,,173980,2,0,5 24 25,1,100,,173981,2,0,5 24 25,1,200,,173982,2,0,5 24 25,1,190,,173983,2,0,5 24 25,1
3600,'20260819',501,,173984,2,0,5 24 25,1,55,,173985,2,0,5 24 25,1,145,,173986,2,0,5 24 25,1,30,,173987,2,0,5 24 25,1,75,,173988,2,0,5 24 25,1,50,,173989,2,0,5 24 25,1,100,,173990,2,0,5 24 25,1,100,,173991,2,0,5 24 25,1,100,,173992,2,0,5 24 25,1,100,,173993,2,0,5 24 25,1,100,,173994,2,0,5 24 25,1,100,,173995,2,0,5 24 25,1,80,,173996,2,0,5 24 25,1,100,,173997,2,0,5 24 25,1,100,,173998,2,0,5 24 25,1,200,,173999,2,0,5 24 25,1,190,,174000,2,0,5 24 25,1
3600,'20260820',501,,174001,2,0,5 24 25,1,55,,174002,2,0,5 24 25,1,145,,174003,2,0,5 24 25,1,30,,174004,2,0,5 24 25,1,75,,174005,2,0,5 24 25,1,50,,174006,2,0,5 24 25,1,100,,174007,2,0,5 24 25,1,100,,174008,2,0,5 24 25,1,100,,174009,2,0,5 24 25,1,100,,174010,2,0,5 24 25,1,100,,174011,2,0,5 24 25,1,100,,174012,2,0,5 24 25,1,80,,174013,2,0,5 24 25,1,100,,174014,2,0,5 24 25,1,100,,174015,2,0,5 24 25,1,200,,174016,2,0,5 24 25,1,190,,174017,2,0,5 24 25,1
3600,'20260821',501,,174018,2,0,5 24 25,1,55,,174019,2,0,5 24 25,1,145,,174020,2,0,5 24 25,1,30,,174021,2,0,5 24 25,1,75,,174022,2,0,5 24 25,1,50,,174023,2,0,5 24 25,1,100,,174024,2,0,5 24 25,1,100,,174025,2,0,5 24 25,1,100,,174026,2,0,5 24 25,1,100,,174027,2,0,5 24 25,1,100,,174028,2,0,5 24 25,1,100,,174029,2,0,5 24 25,1,80,,174030,2,0,5 24 25,1,100,,174031,2,0,5 24 25,1,100,,174032,2,0,5 24 25,1,200,,174033,2,0,5 24 25,1,190,,174034,2,0,5 24 25,1
3600,'20260822',611,,174035,2,0,5 24 25,1,30,,174036,2,0,5 24 25,1,60,,174037,2,0,5 24 25,1,20,,174038,2,0,5 24 25,1,20,,174039,2,0,5 24 25,1,70,,174040,2,0,5 24 25,1,100,,174041,2,0,5 24 25,1,100,,174042,2,0,5 24 25,1,30,,174043,2,0,5 24 25,1,70,,174044,2,0,5 24 25,1,30,,174045,2,0,5 24 25,1,70,,174046,2,0,5 24 25,1,30,,174047,2,0,5 24 25,1,70,,174048,2,0,5 24 25,1,100,,174049,2,0,5 24 25,1,100,,174050,2,0,5 24 25,1,100,,174051,2,0,5 24 25,1,100,,174052,2,0,5 24 25,1,100,,174053,2,0,5 24 25,1,100,,174054,2,0,5 24 25,1,100,,174055,2,0,5 24 25,1,100,,174056,2,0,5 24 25,1,200,,174057,2,0,5 24 25,1
3600,'20260823',611,,174058,2,0,5 24 25,1,30,,174059,2,0,5 24 25,1,60,,174060,2,0,5 24 25,1,20,,174061,2,0,5 24 25,1,20,,174062,2,0,5 24 25,1,70,,174063,2,0,5 24 25,1,100,,174064,2,0,5 24 25,1,100,,174065,2,0,5 24 25,1,100,,174066,2,0,5 24 25,1,100,,174067,2,0,5 24 25,1,100,,174068,2,0,5 24 25,1,100,,174069,2,0,5 24 25,1,100,,174070,2,0,5 24 25,1,100,,174071,2,0,5 24 25,1,100,,174072,2,0,5 24 25,1,100,,174073,2,0,5 24 25,1,100,,174074,2,0,5 24 25,1,100,,174075,2,0,5 24 25,1,100,,174076,2,0,5 24 25,1,200,,174077,2,0,5 24 25,1
3600,'20260824',501,,174078,2,0,5 24 25,1,55,,174079,2,0,5 24 25,1,145,,174080,2,0,5 24 25,1,30,,174081,2,0,5 24 25,1,75,,174082,2,0,5 24 25,1,50,,174083,2,0,5 24 25,1,100,,174084,2,0,5 24 25,1,100,,174085,2,0,5 24 25,1,100,,174086,2,0,5 24 25,1,100,,174087,2,0,5 24 25,1,100,,174088,2,0,5 24 25,1,100,,174089,2,0,5 24 25,1,80,,174090,2,0,5 24 25,1,100,,174091,2,0,5 24 25,1,100,,174092,2,0,5 24 25,1,200,,174093,2,0,5 24 25,1,190,,174094,2,0,5 24 25,1
3600,'20260825',501,,174095,2,0,5 24 25,1,55,,174096,2,0,5 24 25,1,145,,174097,2,0,5 24 25,1,30,,174098,2,0,5 24 25,1,75,,174099,2,0,5 24 25,1,50,,174100,2,0,5 24 25,1,100,,174101,2,0,5 24 25,1,100,,174102,2,0,5 24 25,1,100,,174103,2,0,5 24 25,1,100,,174104,2,0,5 24 25,1,100,,174105,2,0,5 24 25,1,100,,174106,2,0,5 24 25,1,80,,174107,2,0,5 24 25,1,100,,174108,2,0,5 24 25,1,100,,174109,2,0,5 24 25,1,200,,174110,2,0,5 24 25,1,190,,174111,2,0,5 24 25,1
3600,'20260826',501,,174112,2,0,5 24 25,1,55,,174113,2,0,5 24 25,1,145,,174114,2,0,5 24 25,1,30,,174115,2,0,5 24 25,1,75,,174116,2,0,5 24 25,1,50,,174117,2,0,5 24 25,1,100,,174118,2,0,5 24 25,1,100,,174119,2,0,5 24 25,1,100,,174120,2,0,5 24 25,1,100,,174121,2,0,5 24 25,1,100,,174122,2,0,5 24 25,1,100,,174123,2,0,5 24 25,1,80,,174124,2,0,5 24 25,1,100,,174125,2,0,5 24 25,1,100,,174126,2,0,5 24 25,1,200,,174127,2,0,5 24 25,1,190,,174128,2,0,5 24 25,1
3600,'20260827',501,,174129,2,0,5 24 25,1,55,,174130,2,0,5 24 25,1,145,,174131,2,0,5 24 25,1,30,,174132,2,0,5 24 25,1,75,,174133,2,0,5 24 25,1,50,,174134,2,0,5 24 25,1,100,,174135,2,0,5 24 25,1,100,,174136,2,0,5 24 25,1,100,,174137,2,0,5 24 25,1,100,,174138,2,0,5 24 25,1,100,,174139,2,0,5 24 25,1,100,,174140,2,0,5 24 25,1,80,,174141,2,0,5 24 25,1,100,,174142,2,0,5 24 25,1,100,,174143,2,0,5 24 25,1,200,,174144,2,0,5 24 25,1,190,,174145,2,0,5 24 25,1
3600,'20260828',501,,174146,2,0,5 24 25,1,55,,174147,2,0,5 24 25,1,145,,174148,2,0,5 24 25,1,30,,174149,2,0,5 24 25,1,75,,174150,2,0,5 24 25,1,50,,174151,2,0,5 24 25,1,100,,174152,2,0,5 24 25,1,100,,174153,2,0,5 24 25,1,100,,174154,2,0,5 24 25,1,100,,174155,2,0,5 24 25,1,100,,174156,2,0,5 24 25,1,100,,174157,2,0,5 24 25,1,80,,174158,2,0,5 24 25,1,100,,174159,2,0,5 24 25,1,100,,174160,2,0,5 24 25,1,200,,174161,2,0,5 24 25,1,190,,174162,2,0,5 24 25,1
3600,'20260829',611,,174163,2,0,5 24 25,1,30,,174164,2,0,5 24 25,1,60,,174165,2,0,5 24 25,1,20,,174166,2,0,5 24 25,1,20,,174167,2,0,5 24 25,1,70,,174168,2,0,5 24 25,1,100,,174169,2,0,5 24 25,1,100,,174170,2,0,5 24 25,1,30,,174171,2,0,5 24 25,1,70,,174172,2,0,5 24 25,1,30,,174173,2,0,5 24 25,1,70,,174174,2,0,5 24 25,1,30,,174175,2,0,5 24 25,1,70,,174176,2,0,5 24 25,1,100,,174177,2,0,5 24 25,1,100,,174178,2,0,5 24 25,1,100,,174179,2,0,5 24 25,1,100,,174180,2,0,5 24 25,1,100,,174181,2,0,5 24 25,1,100,,174182,2,0,5 24 25,1,100,,174183,2,0,5 24 25,1,100,,174184,2,0,5 24 25,1,200,,174185,2,0,5 24 25,1
3600,'20260830',611,,174186,2,0,5 24 25,1,30,,174187,2,0,5 24 25,1,60,,174188,2,0,5 24 25,1,20,,174189,2,0,5 24 25,1,20,,174190,2,0,5 24 25,1,70,,174191,2,0,5 24 25,1,100,,174192,2,0,5 24 25,1,100,,174193,2,0,5 24 25,1,100,,174194,2,0,5 24 25,1,100,,174195,2,0,5 24 25,1,100,,174196,2,0,5 24 25,1,100,,174197,2,0,5 24 25,1,100,,174198,2,0,5 24 25,1,100,,174199,2,0,5 24 25,1,100,,174200,2,0,5 24 25,1,100,,174201,2,0,5 24 25,1,100,,174202,2,0,5 24 25,1,100,,174203,2,0,5 24 25,1,100,,174204,2,0,5 24 25,1,200,,174205,2,0,5 24 25,1
3600,'20260831',501,,174206,2,0,5 24 25,1,55,,174207,2,0,5 24 25,1,145,,174208,2,0,5 24 25,1,30,,174209,2,0,5 24 25,1,75,,174210,2,0,5 24 25,1,50,,174211,2,0,5 24 25,1,100,,174212,2,0,5 24 25,1,100,,174213,2,0,5 24 25,1,100,,174214,2,0,5 24 25,1,100,,174215,2,0,5 24 25,1,100,,174216,2,0,5 24 25,1,100,,174217,2,0,5 24 25,1,80,,174218,2,0,5 24 25,1,100,,174219,2,0,5 24 25,1,100,,174220,2,0,5 24 25,1,200,,174221,2,0,5 24 25,1,190,,174222,2,0,5 24 25,1
3600,'20260901',501,,174223,2,0,5 24 25,1,55,,174224,2,0,5 24 25,1,145,,174225,2,0,5 24 25,1,30,,174226,2,0,5 24 25,1,75,,174227,2,0,5 24 25,1,50,,174228,2,0,5 24 25,1,100,,174229,2,0,5 24 25,1,100,,174230,2,0,5 24 25,1,100,,174231,2,0,5 24 25,1,100,,174232,2,0,5 24 25,1,100,,174233,2,0,5 24 25,1,100,,174234,2,0,5 24 25,1,80,,174235,2,0,5 24 25,1,100,,174236,2,0,5 24 25,1,100,,174237,2,0,5 24 25,1,200,,174238,2,0,5 24 25,1,190,,174239,2,0,5 24 25,1
3600,'20260902',501,,174240,2,0,5 24 25,1,55,,174241,2,0,5 24 25,1,145,,174242,2,0,5 24 25,1,30,,174243,2,0,5 24 25,1,75,,174244,2,0,5 24 25,1,50,,174245,2,0,5 24 25,1,100,,174246,2,0,5 24 25,1,100,,174247,2,0,5 24 25,1,100,,174248,2,0,5 24 25,1,100,,174249,2,0,5 24 25,1,100,,174250,2,0,5 24 25,1,100,,174251,2,0,5 24 25,1,80,,174252,2,0,5 24 25,1,100,,174253,2,0,5 24 25,1,100,,174254,2,0,5 24 25,1,200,,174255,2,0,5 24 25,1,190,,174256,2,0,5 24 25,1
3600,'20260903',501,,174257,2,0,5 24 25,1,55,,174258,2,0,5 24 25,1,145,,174259,2,0,5 24 25,1,30,,174260,2,0,5 24 25,1,75,,174261,2,0,5 24 25,1,50,,174262,2,0,5 24 25,1,100,,174263,2,0,5 24 25,1,100,,174264,2,0,5 24 25,1,100,,174265,2,0,5 24 25,1,100,,174266,2,0,5 24 25,1,100,,174267,2,0,5 24 25,1,100,,174268,2,0,5 24 25,1,80,,174269,2,0,5 24 25,1,100,,174270,2,0,5 24 25,1,100,,174271,2,0,5 24 25,1,200,,174272,2,0,5 24 25,1,190,,174273,2,0,5 24 25,1
3600,'20260904',501,,174274,2,0,5 24 25,1,55,,174275,2,0,5 24 25,1,145,,174276,2,0,5 24 25,1,30,,174277,2,0,5 24 25,1,75,,174278,2,0,5 24 25,1,50,,174279,2,0,5 24 25,1,100,,174280,2,0,5 24 25,1,100,,174281,2,0,5 24 25,1,100,,174282,2,0,5 24 25,1,100,,174283,2,0,5 24 25,1,100,,174284,2,0,5 24 25,1,100,,174285,2,0,5 24 25,1,80,,174286,2,0,5 24 25,1,100,,174287,2,0,5 24 25,1,100,,174288,2,0,5 24 25,1,200,,174289,2,0,5 24 25,1,190,,174290,2,0,5 24 25,1
