3100,'20260707',1533,,164565,20,0,5 18 9,1,100,,164566,20,0,5 18 9,1,73,,164567,20,0,5 18 9,1
3100,'20260708',1533,,164573,20,0,5 18 9,1,100,,164574,20,0,5 18 9,1,73,,164575,20,0,5 18 9,1
3100,'20260709',1533,,164581,20,0,5 18 9,1,100,,164582,20,0,5 18 9,1,73,,164583,20,0,5 18 9,1
3100,'20260710',1533,,164589,20,0,5 18 9,1,100,,164590,20,0,5 18 9,1,73,,164591,20,0,5 18 9,1
3100,'20260713',1533,,164615,20,0,5 18 9,1,100,,164616,20,0,5 18 9,1,73,,164617,20,0,5 18 9,1
3100,'20260714',1533,,164623,20,0,5 18 9,1,100,,164624,20,0,5 18 9,1,73,,164625,20,0,5 18 9,1
3100,'20260715',1533,,164631,20,0,5 18 9,1,100,,164632,20,0,5 18 9,1,73,,164633,20,0,5 18 9,1
3100,'20260716',1533,,164639,20,0,5 18 9,1,100,,164640,20,0,5 18 9,1,73,,164641,20,0,5 18 9,1
3100,'20260717',1533,,164647,20,0,5 18 9,1,100,,164648,20,0,5 18 9,1,73,,164649,20,0,5 18 9,1
3100,'20260720',1533,,164673,20,0,5 18 9,1,100,,164674,20,0,5 18 9,1,73,,164675,20,0,5 18 9,1
3100,'20260721',1533,,164681,20,0,5 18 9,1,100,,164682,20,0,5 18 9,1,73,,164683,20,0,5 18 9,1
3100,'20260722',1533,,164689,20,0,5 18 9,1,100,,164690,20,0,5 18 9,1,73,,164691,20,0,5 18 9,1
3100,'20260723',1533,,164697,20,0,5 18 9,1,100,,164698,20,0,5 18 9,1,73,,164699,20,0,5 18 9,1
3100,'20260724',1533,,164705,20,0,5 18 9,1,100,,164706,20,0,5 18 9,1,73,,164707,20,0,5 18 9,1
3100,'20260725',731,,219535,23,0,71 20 39,1,785,,219536,23,0,71 20 39,1,305,,219537,24,0,61 20 39,1,5,,219538,23,0,71 20 39,1
3100,'20260726',731,,219539,23,0,71 20 39,1,785,,219540,23,0,71 20 39,1,305,,219541,24,0,61 20 39,1,5,,219542,23,0,71 20 39,1
3100,'20260727',1533,,164731,20,0,5 18 9,1,100,,164732,20,0,5 18 9,1,73,,164733,20,0,5 18 9,1
3100,'20260728',1533,,164739,20,0,5 18 9,1,100,,164740,20,0,5 18 9,1,73,,164741,20,0,5 18 9,1
3100,'20260729',1533,,164747,20,0,5 18 9,1,100,,164748,20,0,5 18 9,1,73,,164749,20,0,5 18 9,1
3100,'20260730',1533,,164755,20,0,5 18 9,1,100,,164756,20,0,5 18 9,1,73,,164757,20,0,5 18 9,1
3100,'20260731',1533,,164763,20,0,5 18 9,1,100,,164764,20,0,5 18 9,1,73,,164765,20,0,5 18 9,1
3100,'20260804',1533,,164798,20,0,5 18 9,1,100,,164799,20,0,5 18 9,1,73,,164800,20,0,5 18 9,1
3100,'20260805',1533,,164806,20,0,5 18 9,1,100,,164807,20,0,5 18 9,1,73,,164808,20,0,5 18 9,1
3100,'20260806',1533,,164814,20,0,5 18 9,1,100,,164815,20,0,5 18 9,1,73,,164816,20,0,5 18 9,1
3100,'20260807',1533,,164822,20,0,5 18 9,1,100,,164823,20,0,5 18 9,1,73,,164824,20,0,5 18 9,1
3100,'20260810',1533,,164848,20,0,5 18 9,1,100,,164849,20,0,5 18 9,1,73,,164850,20,0,5 18 9,1
3100,'20260811',1533,,164856,20,0,5 18 9,1,100,,164857,20,0,5 18 9,1,73,,164858,20,0,5 18 9,1
3100,'20260812',1533,,164864,20,0,5 18 9,1,100,,164865,20,0,5 18 9,1,73,,164866,20,0,5 18 9,1
3100,'20260813',1533,,164872,20,0,5 18 9,1,100,,164873,20,0,5 18 9,1,73,,164874,20,0,5 18 9,1
3100,'20260814',1533,,164880,20,0,5 18 9,1,100,,164881,20,0,5 18 9,1,73,,164882,20,0,5 18 9,1
3100,'20260817',1533,,164906,20,0,5 18 9,1,100,,164907,20,0,5 18 9,1,73,,164908,20,0,5 18 9,1
3100,'20260818',1533,,164914,20,0,5 18 9,1,100,,164915,20,0,5 18 9,1,73,,164916,20,0,5 18 9,1
3100,'20260819',1533,,164922,20,0,5 18 9,1,100,,164923,20,0,5 18 9,1,73,,164924,20,0,5 18 9,1
3100,'20260820',1533,,164930,20,0,5 18 9,1,100,,164931,20,0,5 18 9,1,73,,164932,20,0,5 18 9,1
3100,'20260821',1533,,164938,20,0,5 18 9,1,100,,164939,20,0,5 18 9,1,73,,164940,20,0,5 18 9,1
3100,'20260824',1533,,164964,20,0,5 18 9,1,100,,164965,20,0,5 18 9,1,73,,164966,20,0,5 18 9,1
3100,'20260825',1533,,164972,20,0,5 18 9,1,100,,164973,20,0,5 18 9,1,73,,164974,20,0,5 18 9,1
3100,'20260826',1533,,164980,20,0,5 18 9,1,100,,164981,20,0,5 18 9,1,73,,164982,20,0,5 18 9,1
3100,'20260827',1533,,164988,20,0,5 18 9,1,100,,164989,20,0,5 18 9,1,73,,164990,20,0,5 18 9,1
3100,'20260828',1533,,164996,20,0,5 18 9,1,100,,164997,20,0,5 18 9,1,73,,164998,20,0,5 18 9,1
3100,'20260831',1533,,165022,20,0,5 18 9,1,100,,165023,20,0,5 18 9,1,73,,165024,20,0,5 18 9,1
3100,'20260901',1533,,165030,20,0,5 18 9,1,100,,165031,20,0,5 18 9,1,73,,165032,20,0,5 18 9,1
3100,'20260902',1533,,165038,20,0,5 18 9,1,100,,165039,20,0,5 18 9,1,73,,165040,20,0,5 18 9,1
3100,'20260903',1533,,165046,20,0,5 18 9,1,100,,165047,20,0,5 18 9,1,73,,165048,20,0,5 18 9,1
3100,'20260904',1533,,165054,20,0,5 18 9,1,100,,165055,20,0,5 18 9,1,73,,165056,20,0,5 18 9,1
3300,'20260707',624,,168890,20,,,1,185,,168894,20,,,1,146,,168897,20,0,57 14 15 9,1,200,,168900,20,0,57 14 15 9,1,200,,168903,20,0,57 14 15 9,1,95,,168905,20,0,57 14 15 9,1,290,,168910,20,,,1,116,,168911,20,0,57 14 15 9,1,200,,168915,20,0,57 14 15 9,1
3300,'20260708',624,,168925,20,,,1,185,,168929,20,,,1,146,,168932,20,0,57 14 15 9,1,200,,168935,20,0,57 14 15 9,1,200,,168938,20,0,57 14 15 9,1,95,,168940,20,0,57 14 15 9,1,290,,168945,20,,,1,116,,168946,20,0,57 14 15 9,1,200,,168950,20,0,57 14 15 9,1
3300,'20260709',624,,168960,20,,,1,185,,168964,20,,,1,146,,168967,20,0,57 14 15 9,1,200,,168970,20,0,57 14 15 9,1,200,,168973,20,0,57 14 15 9,1,95,,168975,20,0,57 14 15 9,1,290,,168980,20,,,1,116,,168981,20,0,57 14 15 9,1,200,,168985,20,0,57 14 15 9,1
3300,'20260710',624,,168995,20,,,1,185,,168999,20,,,1,146,,169002,20,0,57 14 15 9,1,200,,169005,20,0,57 14 15 9,1,200,,169008,20,0,57 14 15 9,1,95,,169010,20,0,57 14 15 9,1,290,,169015,20,,,1,116,,169016,20,0,57 14 15 9,1,200,,169020,20,0,57 14 15 9,1
3300,'20260711',701,,169023,20,,,1,155,,169024,20,,,1,97,,169025,20,0,57 14 15 9,1,100,,169026,20,,,1,200,,169027,20,,,1,200,,169028,20,,,1,200,,169029,20,,,1,205,,169031,20,,,1,200,,169032,20,,,1
3300,'20260712',701,,169034,20,,,1,155,,169035,20,,,1,97,,169036,20,0,57 14 15 9,1,100,,169037,20,,,1,200,,169038,20,,,1,200,,169039,20,,,1,200,,169040,20,,,1,205,,169042,20,,,1,200,,169043,20,,,1
3300,'20260713',624,,169052,20,,,1,185,,169056,20,,,1,146,,169059,20,0,57 14 15 9,1,200,,169062,20,0,57 14 15 9,1,200,,169065,20,0,57 14 15 9,1,95,,169067,20,0,57 14 15 9,1,290,,169072,20,,,1,116,,169073,20,0,57 14 15 9,1,200,,169077,20,0,57 14 15 9,1
3300,'20260714',624,,169087,20,,,1,185,,169091,20,,,1,146,,169094,20,0,57 14 15 9,1,200,,169097,20,0,57 14 15 9,1,200,,169100,20,0,57 14 15 9,1,95,,169102,20,0,57 14 15 9,1,290,,169107,20,,,1,116,,169108,20,0,57 14 15 9,1,200,,169112,20,0,57 14 15 9,1
3300,'20260715',624,,169122,20,,,1,185,,169126,20,,,1,146,,169129,20,0,57 14 15 9,1,200,,169132,20,0,57 14 15 9,1,200,,169135,20,0,57 14 15 9,1,95,,169137,20,0,57 14 15 9,1,290,,169142,20,,,1,116,,169143,20,0,57 14 15 9,1,200,,169147,20,0,57 14 15 9,1
3300,'20260716',624,,169157,20,,,1,185,,169161,20,,,1,146,,169164,20,0,57 14 15 9,1,200,,169167,20,0,57 14 15 9,1,200,,169170,20,0,57 14 15 9,1,95,,169172,20,0,57 14 15 9,1,290,,169177,20,,,1,116,,169178,20,0,57 14 15 9,1,200,,169182,20,0,57 14 15 9,1
3300,'20260717',624,,169192,20,,,1,185,,169196,20,,,1,146,,169199,20,0,57 14 15 9,1,200,,169202,20,0,57 14 15 9,1,200,,169205,20,0,57 14 15 9,1,95,,169207,20,0,57 14 15 9,1,290,,169212,20,,,1,116,,169213,20,0,57 14 15 9,1,200,,169217,20,0,57 14 15 9,1
3300,'20260718',701,,169220,20,,,1,155,,169221,20,,,1,97,,169222,20,0,57 14 15 9,1,100,,169223,20,,,1,200,,169224,20,,,1,200,,169225,20,,,1,200,,169226,20,,,1,205,,169228,20,,,1,200,,169229,20,,,1
3300,'20260719',701,,169231,20,,,1,155,,169232,20,,,1,97,,169233,20,0,57 14 15 9,1,100,,169234,20,,,1,200,,169235,20,,,1,200,,169236,20,,,1,200,,169237,20,,,1,205,,169239,20,,,1,200,,169240,20,,,1
3300,'20260720',624,,169249,20,,,1,185,,169253,20,,,1,146,,169256,20,0,57 14 15 9,1,200,,169259,20,0,57 14 15 9,1,200,,169262,20,0,57 14 15 9,1,95,,169264,20,0,57 14 15 9,1,290,,169269,20,,,1,116,,169270,20,0,57 14 15 9,1,200,,169274,20,0,57 14 15 9,1
3300,'20260721',624,,169284,20,,,1,185,,169288,20,,,1,146,,169291,20,0,57 14 15 9,1,200,,169294,20,0,57 14 15 9,1,200,,169297,20,0,57 14 15 9,1,95,,169299,20,0,57 14 15 9,1,290,,169304,20,,,1,116,,169305,20,0,57 14 15 9,1,200,,169309,20,0,57 14 15 9,1
3300,'20260722',624,,169319,20,,,1,185,,169323,20,,,1,146,,169326,20,0,57 14 15 9,1,200,,169329,20,0,57 14 15 9,1,200,,169332,20,0,57 14 15 9,1,95,,169334,20,0,57 14 15 9,1,290,,169339,20,,,1,116,,169340,20,0,57 14 15 9,1,200,,169344,20,0,57 14 15 9,1
3300,'20260723',624,,169354,20,,,1,185,,169358,20,,,1,146,,169361,20,0,57 14 15 9,1,200,,169364,20,0,57 14 15 9,1,200,,169367,20,0,57 14 15 9,1,95,,169369,20,0,57 14 15 9,1,290,,169374,20,,,1,116,,169375,20,0,57 14 15 9,1,200,,169379,20,0,57 14 15 9,1
3300,'20260724',624,,169389,20,,,1,185,,169393,20,,,1,146,,169396,20,0,57 14 15 9,1,200,,169399,20,0,57 14 15 9,1,200,,169402,20,0,57 14 15 9,1,95,,169404,20,0,57 14 15 9,1,290,,169409,20,,,1,116,,169410,20,0,57 14 15 9,1,200,,169414,20,0,57 14 15 9,1
3300,'20260725',701,,169417,20,,,1,155,,169418,20,,,1,97,,169419,20,0,57 14 15 9,1,100,,169420,20,,,1,200,,169421,20,,,1,200,,169422,20,,,1,200,,169423,20,,,1,205,,169425,20,,,1,200,,169426,20,,,1
3300,'20260726',701,,169428,20,,,1,155,,169429,20,,,1,97,,169430,20,0,57 14 15 9,1,100,,169431,20,,,1,200,,169432,20,,,1,200,,169433,20,,,1,200,,169434,20,,,1,205,,169436,20,,,1,200,,169437,20,,,1
3300,'20260727',624,,169446,20,,,1,185,,169450,20,,,1,146,,169453,20,0,57 14 15 9,1,200,,169456,20,0,57 14 15 9,1,200,,169459,20,0,57 14 15 9,1,95,,169461,20,0,57 14 15 9,1,290,,169466,20,,,1,116,,169467,20,0,57 14 15 9,1,200,,169471,20,0,57 14 15 9,1
3300,'20260728',624,,169481,20,,,1,185,,169485,20,,,1,146,,169488,20,0,57 14 15 9,1,200,,169491,20,0,57 14 15 9,1,200,,169494,20,0,57 14 15 9,1,95,,169496,20,0,57 14 15 9,1,290,,169501,20,,,1,116,,169502,20,0,57 14 15 9,1,200,,169506,20,0,57 14 15 9,1
3300,'20260729',624,,169516,20,,,1,185,,169520,20,,,1,146,,169523,20,0,57 14 15 9,1,200,,169526,20,0,57 14 15 9,1,200,,169529,20,0,57 14 15 9,1,95,,169531,20,0,57 14 15 9,1,290,,169536,20,,,1,116,,169537,20,0,57 14 15 9,1,200,,169541,20,0,57 14 15 9,1
3300,'20260730',624,,169551,20,,,1,185,,169555,20,,,1,146,,169558,20,0,57 14 15 9,1,200,,169561,20,0,57 14 15 9,1,200,,169564,20,0,57 14 15 9,1,95,,169566,20,0,57 14 15 9,1,290,,169571,20,,,1,116,,169572,20,0,57 14 15 9,1,200,,169576,20,0,57 14 15 9,1
3300,'20260731',624,,169586,20,,,1,185,,169590,20,,,1,146,,169593,20,0,57 14 15 9,1,200,,169596,20,0,57 14 15 9,1,200,,169599,20,0,57 14 15 9,1,95,,169601,20,0,57 14 15 9,1,290,,169606,20,,,1,116,,169607,20,0,57 14 15 9,1,200,,169611,20,0,57 14 15 9,1
3300,'20260801',701,,169614,20,,,1,155,,169615,20,,,1,97,,169616,20,0,57 14 15 9,1,100,,169617,20,,,1,200,,169618,20,,,1,200,,169619,20,,,1,200,,169620,20,,,1,205,,169622,20,,,1,200,,169623,20,,,1
3300,'20260802',701,,169625,20,,,1,155,,169626,20,,,1,97,,169627,20,0,57 14 15 9,1,100,,169628,20,,,1,200,,169629,20,,,1,200,,169630,20,,,1,200,,169631,20,,,1,205,,169633,20,,,1,200,,169634,20,,,1
3300,'20260803',701,,169636,20,,,1,155,,169637,20,,,1,97,,169638,20,0,57 14 15 9,1,100,,169639,20,,,1,200,,169640,20,,,1,200,,169641,20,,,1,200,,169642,20,,,1,205,,169644,20,,,1,200,,169645,20,,,1
3300,'20260804',624,,169654,20,,,1,185,,169658,20,,,1,146,,169661,20,0,57 14 15 9,1,200,,169664,20,0,57 14 15 9,1,200,,169667,20,0,57 14 15 9,1,95,,169669,20,0,57 14 15 9,1,290,,169674,20,,,1,116,,169675,20,0,57 14 15 9,1,200,,169679,20,0,57 14 15 9,1
3300,'20260805',624,,169689,20,,,1,185,,169693,20,,,1,146,,169696,20,0,57 14 15 9,1,200,,169699,20,0,57 14 15 9,1,200,,169702,20,0,57 14 15 9,1,95,,169704,20,0,57 14 15 9,1,290,,169709,20,,,1,116,,169710,20,0,57 14 15 9,1,200,,169714,20,0,57 14 15 9,1
3300,'20260806',624,,169724,20,,,1,185,,169728,20,,,1,146,,169731,20,0,57 14 15 9,1,200,,169734,20,0,57 14 15 9,1,200,,169737,20,0,57 14 15 9,1,95,,169739,20,0,57 14 15 9,1,290,,169744,20,,,1,116,,169745,20,0,57 14 15 9,1,200,,169749,20,0,57 14 15 9,1
3300,'20260807',624,,169759,20,,,1,185,,169763,20,,,1,146,,169766,20,0,57 14 15 9,1,200,,169769,20,0,57 14 15 9,1,200,,169772,20,0,57 14 15 9,1,95,,169774,20,0,57 14 15 9,1,290,,169779,20,,,1,116,,169780,20,0,57 14 15 9,1,200,,169784,20,0,57 14 15 9,1
3300,'20260808',701,,169787,20,,,1,155,,169788,20,,,1,97,,169789,20,0,57 14 15 9,1,100,,169790,20,,,1,200,,169791,20,,,1,200,,169792,20,,,1,200,,169793,20,,,1,205,,169795,20,,,1,200,,169796,20,,,1
3300,'20260809',701,,169798,20,,,1,155,,169799,20,,,1,97,,169800,20,0,57 14 15 9,1,100,,169801,20,,,1,200,,169802,20,,,1,200,,169803,20,,,1,200,,169804,20,,,1,205,,169806,20,,,1,200,,169807,20,,,1
3300,'20260810',624,,169816,20,,,1,185,,169820,20,,,1,146,,169823,20,0,57 14 15 9,1,200,,169826,20,0,57 14 15 9,1,200,,169829,20,0,57 14 15 9,1,95,,169831,20,0,57 14 15 9,1,290,,169836,20,,,1,116,,169837,20,0,57 14 15 9,1,200,,169841,20,0,57 14 15 9,1
3300,'20260811',624,,169851,20,,,1,185,,169855,20,,,1,146,,169858,20,0,57 14 15 9,1,200,,169861,20,0,57 14 15 9,1,200,,169864,20,0,57 14 15 9,1,95,,169866,20,0,57 14 15 9,1,290,,169871,20,,,1,116,,169872,20,0,57 14 15 9,1,200,,169876,20,0,57 14 15 9,1
3300,'20260812',624,,169886,20,,,1,185,,169890,20,,,1,146,,169893,20,0,57 14 15 9,1,200,,169896,20,0,57 14 15 9,1,200,,169899,20,0,57 14 15 9,1,95,,169901,20,0,57 14 15 9,1,290,,169906,20,,,1,116,,169907,20,0,57 14 15 9,1,200,,169911,20,0,57 14 15 9,1
3300,'20260813',624,,169921,20,,,1,185,,169925,20,,,1,146,,169928,20,0,57 14 15 9,1,200,,169931,20,0,57 14 15 9,1,200,,169934,20,0,57 14 15 9,1,95,,169936,20,0,57 14 15 9,1,290,,169941,20,,,1,116,,169942,20,0,57 14 15 9,1,200,,169946,20,0,57 14 15 9,1
3300,'20260814',624,,169956,20,,,1,185,,169960,20,,,1,146,,169963,20,0,57 14 15 9,1,200,,169966,20,0,57 14 15 9,1,200,,169969,20,0,57 14 15 9,1,95,,169971,20,0,57 14 15 9,1,290,,169976,20,,,1,116,,169977,20,0,57 14 15 9,1,200,,169981,20,0,57 14 15 9,1
3300,'20260815',701,,169984,20,,,1,155,,169985,20,,,1,97,,169986,20,0,57 14 15 9,1,100,,169987,20,,,1,200,,169988,20,,,1,200,,169989,20,,,1,200,,169990,20,,,1,205,,169992,20,,,1,200,,169993,20,,,1
3300,'20260816',701,,169995,20,,,1,155,,169996,20,,,1,97,,169997,20,0,57 14 15 9,1,100,,169998,20,,,1,200,,169999,20,,,1,200,,170000,20,,,1,200,,170001,20,,,1,205,,170003,20,,,1,200,,170004,20,,,1
3300,'20260817',624,,170013,20,,,1,185,,170017,20,,,1,146,,170020,20,0,57 14 15 9,1,200,,170023,20,0,57 14 15 9,1,200,,170026,20,0,57 14 15 9,1,95,,170028,20,0,57 14 15 9,1,290,,170033,20,,,1,116,,170034,20,0,57 14 15 9,1,200,,170038,20,0,57 14 15 9,1
3300,'20260818',624,,170048,20,,,1,185,,170052,20,,,1,146,,170055,20,0,57 14 15 9,1,200,,170058,20,0,57 14 15 9,1,200,,170061,20,0,57 14 15 9,1,95,,170063,20,0,57 14 15 9,1,290,,170068,20,,,1,116,,170069,20,0,57 14 15 9,1,200,,170073,20,0,57 14 15 9,1
3300,'20260819',624,,170083,20,,,1,185,,170087,20,,,1,146,,170090,20,0,57 14 15 9,1,200,,170093,20,0,57 14 15 9,1,200,,170096,20,0,57 14 15 9,1,95,,170098,20,0,57 14 15 9,1,290,,170103,20,,,1,116,,170104,20,0,57 14 15 9,1,200,,170108,20,0,57 14 15 9,1
3300,'20260820',624,,170118,20,,,1,185,,170122,20,,,1,146,,170125,20,0,57 14 15 9,1,200,,170128,20,0,57 14 15 9,1,200,,170131,20,0,57 14 15 9,1,95,,170133,20,0,57 14 15 9,1,290,,170138,20,,,1,116,,170139,20,0,57 14 15 9,1,200,,170143,20,0,57 14 15 9,1
3300,'20260821',624,,170153,20,,,1,185,,170157,20,,,1,146,,170160,20,0,57 14 15 9,1,200,,170163,20,0,57 14 15 9,1,200,,170166,20,0,57 14 15 9,1,95,,170168,20,0,57 14 15 9,1,290,,170173,20,,,1,116,,170174,20,0,57 14 15 9,1,200,,170178,20,0,57 14 15 9,1
3300,'20260822',701,,170181,20,,,1,155,,170182,20,,,1,97,,170183,20,0,57 14 15 9,1,100,,170184,20,,,1,200,,170185,20,,,1,200,,170186,20,,,1,200,,170187,20,,,1,205,,170189,20,,,1,200,,170190,20,,,1
3300,'20260823',701,,170192,20,,,1,155,,170193,20,,,1,97,,170194,20,0,57 14 15 9,1,100,,170195,20,,,1,200,,170196,20,,,1,200,,170197,20,,,1,200,,170198,20,,,1,205,,170200,20,,,1,200,,170201,20,,,1
3300,'20260824',624,,170210,20,,,1,185,,170214,20,,,1,146,,170217,20,0,57 14 15 9,1,200,,170220,20,0,57 14 15 9,1,200,,170223,20,0,57 14 15 9,1,95,,170225,20,0,57 14 15 9,1,290,,170230,20,,,1,116,,170231,20,0,57 14 15 9,1,200,,170235,20,0,57 14 15 9,1
3300,'20260825',624,,170245,20,,,1,185,,170249,20,,,1,146,,170252,20,0,57 14 15 9,1,200,,170255,20,0,57 14 15 9,1,200,,170258,20,0,57 14 15 9,1,95,,170260,20,0,57 14 15 9,1,290,,170265,20,,,1,116,,170266,20,0,57 14 15 9,1,200,,170270,20,0,57 14 15 9,1
3300,'20260826',624,,170280,20,,,1,185,,170284,20,,,1,146,,170287,20,0,57 14 15 9,1,200,,170290,20,0,57 14 15 9,1,200,,170293,20,0,57 14 15 9,1,95,,170295,20,0,57 14 15 9,1,290,,170300,20,,,1,116,,170301,20,0,57 14 15 9,1,200,,170305,20,0,57 14 15 9,1
3300,'20260827',624,,170315,20,,,1,185,,170319,20,,,1,146,,170322,20,0,57 14 15 9,1,200,,170325,20,0,57 14 15 9,1,200,,170328,20,0,57 14 15 9,1,95,,170330,20,0,57 14 15 9,1,290,,170335,20,,,1,116,,170336,20,0,57 14 15 9,1,200,,170340,20,0,57 14 15 9,1
3300,'20260828',624,,170350,20,,,1,185,,170354,20,,,1,146,,170357,20,0,57 14 15 9,1,200,,170360,20,0,57 14 15 9,1,200,,170363,20,0,57 14 15 9,1,95,,170365,20,0,57 14 15 9,1,290,,170370,20,,,1,116,,170371,20,0,57 14 15 9,1,200,,170375,20,0,57 14 15 9,1
3300,'20260829',701,,170378,20,,,1,155,,170379,20,,,1,97,,170380,20,0,57 14 15 9,1,100,,170381,20,,,1,200,,170382,20,,,1,200,,170383,20,,,1,200,,170384,20,,,1,205,,170386,20,,,1,200,,170387,20,,,1
3300,'20260830',701,,170389,20,,,1,155,,170390,20,,,1,97,,170391,20,0,57 14 15 9,1,100,,170392,20,,,1,200,,170393,20,,,1,200,,170394,20,,,1,200,,170395,20,,,1,205,,170397,20,,,1,200,,170398,20,,,1
3300,'20260831',624,,170407,20,,,1,185,,170411,20,,,1,146,,170414,20,0,57 14 15 9,1,200,,170417,20,0,57 14 15 9,1,200,,170420,20,0,57 14 15 9,1,95,,170422,20,0,57 14 15 9,1,290,,170427,20,,,1,116,,170428,20,0,57 14 15 9,1,200,,170432,20,0,57 14 15 9,1
3300,'20260901',624,,170442,20,,,1,185,,170446,20,,,1,146,,170449,20,0,57 14 15 9,1,200,,170452,20,0,57 14 15 9,1,200,,170455,20,0,57 14 15 9,1,95,,170457,20,0,57 14 15 9,1,290,,170462,20,,,1,116,,170463,20,0,57 14 15 9,1,200,,170467,20,0,57 14 15 9,1
3300,'20260902',624,,170477,20,,,1,185,,170481,20,,,1,146,,170484,20,0,57 14 15 9,1,200,,170487,20,0,57 14 15 9,1,200,,170490,20,0,57 14 15 9,1,95,,170492,20,0,57 14 15 9,1,290,,170497,20,,,1,116,,170498,20,0,57 14 15 9,1,200,,170502,20,0,57 14 15 9,1
3300,'20260903',624,,170512,20,,,1,185,,170516,20,,,1,146,,170519,20,0,57 14 15 9,1,200,,170522,20,0,57 14 15 9,1,200,,170525,20,0,57 14 15 9,1,95,,170527,20,0,57 14 15 9,1,290,,170532,20,,,1,116,,170533,20,0,57 14 15 9,1,200,,170537,20,0,57 14 15 9,1
3300,'20260904',624,,170547,20,,,1,185,,170551,20,,,1,146,,170554,20,0,57 14 15 9,1,200,,170557,20,0,57 14 15 9,1,200,,170560,20,0,57 14 15 9,1,95,,170562,20,0,57 14 15 9,1,290,,170567,20,,,1,116,,170568,20,0,57 14 15 9,1,200,,170572,20,0,57 14 15 9,1
