7000,'20260707',1120,,205803,11,0,34 35,1,200,,205804,11,0,34 35,1,202,,205805,11,0,34 35,1,413,,205807,11,0,34 35,1,83,,205808,11,0,34 35,1,100,,205809,11,0,34 35,1,204,,205810,11,0,34 35,1
7000,'20260708',1120,,205811,11,0,34 35,1,200,,205812,11,0,34 35,1,202,,205813,11,0,34 35,1,413,,205815,11,0,34 35,1,83,,205816,11,0,34 35,1,100,,205817,11,0,34 35,1,204,,205818,11,0,34 35,1
7000,'20260709',1120,,205819,11,0,34 35,1,200,,205820,11,0,34 35,1,202,,205821,11,0,34 35,1,413,,205823,11,0,34 35,1,83,,205824,11,0,34 35,1,100,,205825,11,0,34 35,1,204,,205826,11,0,34 35,1
7000,'20260710',1120,,205827,11,0,34 35,1,200,,205828,11,0,34 35,1,202,,205829,11,0,34 35,1,413,,205831,11,0,34 35,1,83,,205832,11,0,34 35,1,100,,205833,11,0,34 35,1,204,,205834,11,0,34 35,1
7000,'20260711',1019,,205835,11,0,34 35,1,200,,205836,11,0,34 35,1,200,,205837,11,0,34 35,1,200,,205838,11,0,34 35,1,200,,205839,11,0,34 35,1,200,,205840,11,0,34 35,1
7000,'20260712',1019,,205843,11,0,34 35,1,200,,205844,11,0,34 35,1,200,,205845,11,0,34 35,1,200,,205846,11,0,34 35,1,200,,205847,11,0,34 35,1,200,,205848,11,0,34 35,1
7000,'20260713',1120,,205851,11,0,34 35,1,200,,205852,11,0,34 35,1,202,,205853,11,0,34 35,1,413,,205855,11,0,34 35,1,83,,205856,11,0,34 35,1,100,,205857,11,0,34 35,1,204,,205858,11,0,34 35,1
7000,'20260714',1120,,205859,11,0,34 35,1,200,,205860,11,0,34 35,1,202,,205861,11,0,34 35,1,413,,205863,11,0,34 35,1,83,,205864,11,0,34 35,1,100,,205865,11,0,34 35,1,204,,205866,11,0,34 35,1
7000,'20260715',1120,,205867,11,0,34 35,1,200,,205868,11,0,34 35,1,202,,205869,11,0,34 35,1,413,,205871,11,0,34 35,1,83,,205872,11,0,34 35,1,100,,205873,11,0,34 35,1,204,,205874,11,0,34 35,1
7000,'20260716',1120,,205875,11,0,34 35,1,200,,205876,11,0,34 35,1,202,,205877,11,0,34 35,1,413,,205879,11,0,34 35,1,83,,205880,11,0,34 35,1,100,,205881,11,0,34 35,1,204,,205882,11,0,34 35,1
7000,'20260717',1120,,205883,11,0,34 35,1,200,,205884,11,0,34 35,1,202,,205885,11,0,34 35,1,413,,205887,11,0,34 35,1,83,,205888,11,0,34 35,1,100,,205889,11,0,34 35,1,204,,205890,11,0,34 35,1
7000,'20260718',1019,,205891,11,0,34 35,1,200,,205892,11,0,34 35,1,200,,205893,11,0,34 35,1,200,,205894,11,0,34 35,1,200,,205895,11,0,34 35,1,200,,205896,11,0,34 35,1
7000,'20260719',1019,,205899,11,0,34 35,1,200,,205900,11,0,34 35,1,200,,205901,11,0,34 35,1,200,,205902,11,0,34 35,1,200,,205903,11,0,34 35,1,200,,205904,11,0,34 35,1
7000,'20260720',1120,,205907,11,0,34 35,1,200,,205908,11,0,34 35,1,202,,205909,11,0,34 35,1,413,,205911,11,0,34 35,1,83,,205912,11,0,34 35,1,100,,205913,11,0,34 35,1,204,,205914,11,0,34 35,1
7000,'20260721',1120,,205915,11,0,34 35,1,200,,205916,11,0,34 35,1,202,,205917,11,0,34 35,1,413,,205919,11,0,34 35,1,83,,205920,11,0,34 35,1,100,,205921,11,0,34 35,1,204,,205922,11,0,34 35,1
7000,'20260722',1120,,205923,11,0,34 35,1,200,,205924,11,0,34 35,1,202,,205925,11,0,34 35,1,413,,205927,11,0,34 35,1,83,,205928,11,0,34 35,1,100,,205929,11,0,34 35,1,204,,205930,11,0,34 35,1
7000,'20260723',1120,,205931,11,0,34 35,1,200,,205932,11,0,34 35,1,202,,205933,11,0,34 35,1,413,,205935,11,0,34 35,1,83,,205936,11,0,34 35,1,100,,205937,11,0,34 35,1,204,,205938,11,0,34 35,1
7000,'20260724',1120,,205939,11,0,34 35,1,200,,205940,11,0,34 35,1,202,,205941,11,0,34 35,1,413,,205943,11,0,34 35,1,83,,205944,11,0,34 35,1,100,,205945,11,0,34 35,1,204,,205946,11,0,34 35,1
7000,'20260725',1019,,205947,11,0,34 35,1,200,,205948,11,0,34 35,1,200,,205949,11,0,34 35,1,200,,205950,11,0,34 35,1,200,,205951,11,0,34 35,1,200,,205952,11,0,34 35,1
7000,'20260726',1019,,205955,11,0,34 35,1,200,,205956,11,0,34 35,1,200,,205957,11,0,34 35,1,200,,205958,11,0,34 35,1,200,,205959,11,0,34 35,1,200,,205960,11,0,34 35,1
7000,'20260727',1120,,205963,11,0,34 35,1,200,,205964,11,0,34 35,1,202,,205965,11,0,34 35,1,413,,205967,11,0,34 35,1,83,,205968,11,0,34 35,1,100,,205969,11,0,34 35,1,204,,205970,11,0,34 35,1
7000,'20260728',1120,,205971,11,0,34 35,1,200,,205972,11,0,34 35,1,202,,205973,11,0,34 35,1,413,,205975,11,0,34 35,1,83,,205976,11,0,34 35,1,100,,205977,11,0,34 35,1,204,,205978,11,0,34 35,1
7000,'20260729',1120,,205979,11,0,34 35,1,200,,205980,11,0,34 35,1,202,,205981,11,0,34 35,1,413,,205983,11,0,34 35,1,83,,205984,11,0,34 35,1,100,,205985,11,0,34 35,1,204,,205986,11,0,34 35,1
7000,'20260730',1120,,205987,11,0,34 35,1,200,,205988,11,0,34 35,1,202,,205989,11,0,34 35,1,413,,205991,11,0,34 35,1,83,,205992,11,0,34 35,1,100,,205993,11,0,34 35,1,204,,205994,11,0,34 35,1
7000,'20260731',1120,,205995,11,0,34 35,1,200,,205996,11,0,34 35,1,202,,205997,11,0,34 35,1,413,,205999,11,0,34 35,1,83,,206000,11,0,34 35,1,100,,206001,11,0,34 35,1,204,,206002,11,0,34 35,1
7000,'20260801',1019,,206003,11,0,34 35,1,200,,206004,11,0,34 35,1,200,,206005,11,0,34 35,1,200,,206006,11,0,34 35,1,200,,206007,11,0,34 35,1,200,,206008,11,0,34 35,1
7000,'20260802',1019,,206011,11,0,34 35,1,200,,206012,11,0,34 35,1,200,,206013,11,0,34 35,1,200,,206014,11,0,34 35,1,200,,206015,11,0,34 35,1,200,,206016,11,0,34 35,1
7000,'20260803',1019,,206019,11,0,34 35,1,200,,206020,11,0,34 35,1,200,,206021,11,0,34 35,1,200,,206022,11,0,34 35,1,200,,206023,11,0,34 35,1,200,,206024,11,0,34 35,1
7000,'20260804',1120,,206027,11,0,34 35,1,200,,206028,11,0,34 35,1,202,,206029,11,0,34 35,1,413,,206031,11,0,34 35,1,83,,206032,11,0,34 35,1,100,,206033,11,0,34 35,1,204,,206034,11,0,34 35,1
7000,'20260805',1120,,206035,11,0,34 35,1,200,,206036,11,0,34 35,1,202,,206037,11,0,34 35,1,413,,206039,11,0,34 35,1,83,,206040,11,0,34 35,1,100,,206041,11,0,34 35,1,204,,206042,11,0,34 35,1
7000,'20260806',1120,,206043,11,0,34 35,1,200,,206044,11,0,34 35,1,202,,206045,11,0,34 35,1,413,,206047,11,0,34 35,1,83,,206048,11,0,34 35,1,100,,206049,11,0,34 35,1,204,,206050,11,0,34 35,1
7000,'20260807',1120,,206051,11,0,34 35,1,200,,206052,11,0,34 35,1,202,,206053,11,0,34 35,1,413,,206055,11,0,34 35,1,83,,206056,11,0,34 35,1,100,,206057,11,0,34 35,1,204,,206058,11,0,34 35,1
7000,'20260808',1019,,206059,11,0,34 35,1,200,,206060,11,0,34 35,1,200,,206061,11,0,34 35,1,200,,206062,11,0,34 35,1,200,,206063,11,0,34 35,1,200,,206064,11,0,34 35,1
7000,'20260809',1019,,206067,11,0,34 35,1,200,,206068,11,0,34 35,1,200,,206069,11,0,34 35,1,200,,206070,11,0,34 35,1,200,,206071,11,0,34 35,1,200,,206072,11,0,34 35,1
7000,'20260810',1120,,206075,11,0,34 35,1,200,,206076,11,0,34 35,1,202,,206077,11,0,34 35,1,413,,206079,11,0,34 35,1,83,,206080,11,0,34 35,1,100,,206081,11,0,34 35,1,204,,206082,11,0,34 35,1
7000,'20260811',1120,,206083,11,0,34 35,1,200,,206084,11,0,34 35,1,202,,206085,11,0,34 35,1,413,,206087,11,0,34 35,1,83,,206088,11,0,34 35,1,100,,206089,11,0,34 35,1,204,,206090,11,0,34 35,1
7000,'20260812',1120,,206091,11,0,34 35,1,200,,206092,11,0,34 35,1,202,,206093,11,0,34 35,1,413,,206095,11,0,34 35,1,83,,206096,11,0,34 35,1,100,,206097,11,0,34 35,1,204,,206098,11,0,34 35,1
7000,'20260813',1120,,206099,11,0,34 35,1,200,,206100,11,0,34 35,1,202,,206101,11,0,34 35,1,413,,206103,11,0,34 35,1,83,,206104,11,0,34 35,1,100,,206105,11,0,34 35,1,204,,206106,11,0,34 35,1
7000,'20260814',1120,,206107,11,0,34 35,1,200,,206108,11,0,34 35,1,202,,206109,11,0,34 35,1,413,,206111,11,0,34 35,1,83,,206112,11,0,34 35,1,100,,206113,11,0,34 35,1,204,,206114,11,0,34 35,1
7000,'20260815',1019,,206115,11,0,34 35,1,200,,206116,11,0,34 35,1,200,,206117,11,0,34 35,1,200,,206118,11,0,34 35,1,200,,206119,11,0,34 35,1,200,,206120,11,0,34 35,1
7000,'20260816',1019,,206123,11,0,34 35,1,200,,206124,11,0,34 35,1,200,,206125,11,0,34 35,1,200,,206126,11,0,34 35,1,200,,206127,11,0,34 35,1,200,,206128,11,0,34 35,1
7000,'20260817',1120,,206131,11,0,34 35,1,200,,206132,11,0,34 35,1,202,,206133,11,0,34 35,1,413,,206135,11,0,34 35,1,83,,206136,11,0,34 35,1,100,,206137,11,0,34 35,1,204,,206138,11,0,34 35,1
7000,'20260818',1120,,206139,11,0,34 35,1,200,,206140,11,0,34 35,1,202,,206141,11,0,34 35,1,413,,206143,11,0,34 35,1,83,,206144,11,0,34 35,1,100,,206145,11,0,34 35,1,204,,206146,11,0,34 35,1
7000,'20260819',1120,,206147,11,0,34 35,1,200,,206148,11,0,34 35,1,202,,206149,11,0,34 35,1,413,,206151,11,0,34 35,1,83,,206152,11,0,34 35,1,100,,206153,11,0,34 35,1,204,,206154,11,0,34 35,1
7000,'20260820',1120,,206155,11,0,34 35,1,200,,206156,11,0,34 35,1,202,,206157,11,0,34 35,1,413,,206159,11,0,34 35,1,83,,206160,11,0,34 35,1,100,,206161,11,0,34 35,1,204,,206162,11,0,34 35,1
7000,'20260821',1120,,206163,11,0,34 35,1,200,,206164,11,0,34 35,1,202,,206165,11,0,34 35,1,413,,206167,11,0,34 35,1,83,,206168,11,0,34 35,1,100,,206169,11,0,34 35,1,204,,206170,11,0,34 35,1
7000,'20260822',1019,,206171,11,0,34 35,1,200,,206172,11,0,34 35,1,200,,206173,11,0,34 35,1,200,,206174,11,0,34 35,1,200,,206175,11,0,34 35,1,200,,206176,11,0,34 35,1
7000,'20260823',1019,,206179,11,0,34 35,1,200,,206180,11,0,34 35,1,200,,206181,11,0,34 35,1,200,,206182,11,0,34 35,1,200,,206183,11,0,34 35,1,200,,206184,11,0,34 35,1
7000,'20260824',1120,,206187,11,0,34 35,1,200,,206188,11,0,34 35,1,202,,206189,11,0,34 35,1,413,,206191,11,0,34 35,1,83,,206192,11,0,34 35,1,100,,206193,11,0,34 35,1,204,,206194,11,0,34 35,1
7000,'20260825',1120,,206195,11,0,34 35,1,200,,206196,11,0,34 35,1,202,,206197,11,0,34 35,1,413,,206199,11,0,34 35,1,83,,206200,11,0,34 35,1,100,,206201,11,0,34 35,1,204,,206202,11,0,34 35,1
7000,'20260826',1120,,206203,11,0,34 35,1,200,,206204,11,0,34 35,1,202,,206205,11,0,34 35,1,413,,206207,11,0,34 35,1,83,,206208,11,0,34 35,1,100,,206209,11,0,34 35,1,204,,206210,11,0,34 35,1
7000,'20260827',1120,,206211,11,0,34 35,1,200,,206212,11,0,34 35,1,202,,206213,11,0,34 35,1,413,,206215,11,0,34 35,1,83,,206216,11,0,34 35,1,100,,206217,11,0,34 35,1,204,,206218,11,0,34 35,1
7000,'20260828',1120,,206219,11,0,34 35,1,200,,206220,11,0,34 35,1,202,,206221,11,0,34 35,1,413,,206223,11,0,34 35,1,83,,206224,11,0,34 35,1,100,,206225,11,0,34 35,1,204,,206226,11,0,34 35,1
7000,'20260829',1019,,206227,11,0,34 35,1,200,,206228,11,0,34 35,1,200,,206229,11,0,34 35,1,200,,206230,11,0,34 35,1,200,,206231,11,0,34 35,1,200,,206232,11,0,34 35,1
7000,'20260830',1019,,206235,11,0,34 35,1,200,,206236,11,0,34 35,1,200,,206237,11,0,34 35,1,200,,206238,11,0,34 35,1,200,,206239,11,0,34 35,1,200,,206240,11,0,34 35,1
7000,'20260831',1120,,206243,11,0,34 35,1,200,,206244,11,0,34 35,1,202,,206245,11,0,34 35,1,413,,206247,11,0,34 35,1,83,,206248,11,0,34 35,1,100,,206249,11,0,34 35,1,204,,206250,11,0,34 35,1
7000,'20260901',1120,,206251,11,0,34 35,1,200,,206252,11,0,34 35,1,202,,206253,11,0,34 35,1,413,,206255,11,0,34 35,1,83,,206256,11,0,34 35,1,100,,206257,11,0,34 35,1,204,,206258,11,0,34 35,1
7000,'20260902',1120,,206259,11,0,34 35,1,200,,206260,11,0,34 35,1,202,,206261,11,0,34 35,1,413,,206263,11,0,34 35,1,83,,206264,11,0,34 35,1,100,,206265,11,0,34 35,1,204,,206266,11,0,34 35,1
7000,'20260903',1120,,206267,11,0,34 35,1,200,,206268,11,0,34 35,1,202,,206269,11,0,34 35,1,413,,206271,11,0,34 35,1,83,,206272,11,0,34 35,1,100,,206273,11,0,34 35,1,204,,206274,11,0,34 35,1
7000,'20260904',1120,,206275,11,0,34 35,1,200,,206276,11,0,34 35,1,202,,206277,11,0,34 35,1,413,,206279,11,0,34 35,1,83,,206280,11,0,34 35,1,100,,206281,11,0,34 35,1,204,,206282,11,0,34 35,1
7100,'20260707',751,,207025,24,,,1,159,,207026,24,,,1,1693,,207027,24,0,31 32 33 9,1,135,,207028,24,0,31 32 33 9,1
7100,'20260708',751,,207029,24,,,1,159,,207030,24,,,1,1693,,207031,24,0,31 32 33 9,1,135,,207032,24,0,31 32 33 9,1
7100,'20260709',751,,207033,24,,,1,159,,207034,24,,,1,1693,,207035,24,0,31 32 33 9,1,135,,207036,24,0,31 32 33 9,1
7100,'20260710',751,,207037,24,,,1,159,,207038,24,,,1,1693,,207039,24,0,31 32 33 9,1,135,,207040,24,0,31 32 33 9,1
7100,'20260711',846,,207041,24,,,1,1675,,207042,24,0,31 32 33 9,1,92,,207043,24,0,31 32 33 9,1,125,,207044,24,0,31 32 33 9,1
7100,'20260712',846,,207045,24,,,1,1675,,207046,24,0,31 32 33 9,1,92,,207047,24,0,31 32 33 9,1,125,,207048,24,0,31 32 33 9,1
7100,'20260713',751,,207049,24,,,1,159,,207050,24,,,1,1693,,207051,24,0,31 32 33 9,1,135,,207052,24,0,31 32 33 9,1
7100,'20260714',751,,207053,24,,,1,159,,207054,24,,,1,1693,,207055,24,0,31 32 33 9,1,135,,207056,24,0,31 32 33 9,1
7100,'20260715',751,,207057,24,,,1,159,,207058,24,,,1,1693,,207059,24,0,31 32 33 9,1,135,,207060,24,0,31 32 33 9,1
7100,'20260716',751,,207061,24,,,1,159,,207062,24,,,1,1693,,207063,24,0,31 32 33 9,1,135,,207064,24,0,31 32 33 9,1
7100,'20260717',751,,207065,24,,,1,159,,207066,24,,,1,1693,,207067,24,0,31 32 33 9,1,135,,207068,24,0,31 32 33 9,1
7100,'20260718',846,,207069,24,,,1,1675,,207070,24,0,31 32 33 9,1,92,,207071,24,0,31 32 33 9,1,125,,207072,24,0,31 32 33 9,1
7100,'20260719',846,,207073,24,,,1,1675,,207074,24,0,31 32 33 9,1,92,,207075,24,0,31 32 33 9,1,125,,207076,24,0,31 32 33 9,1
7100,'20260720',751,,207077,24,,,1,159,,207078,24,,,1,1693,,207079,24,0,31 32 33 9,1,135,,207080,24,0,31 32 33 9,1
7100,'20260721',751,,207081,24,,,1,159,,207082,24,,,1,1693,,207083,24,0,31 32 33 9,1,135,,207084,24,0,31 32 33 9,1
7100,'20260722',751,,207085,24,,,1,159,,207086,24,,,1,1693,,207087,24,0,31 32 33 9,1,135,,207088,24,0,31 32 33 9,1
7100,'20260723',751,,207089,24,,,1,159,,207090,24,,,1,1693,,207091,24,0,31 32 33 9,1,135,,207092,24,0,31 32 33 9,1
7100,'20260724',751,,207093,24,,,1,159,,207094,24,,,1,1693,,207095,24,0,31 32 33 9,1,135,,207096,24,0,31 32 33 9,1
7100,'20260725',846,,207097,24,,,1,1675,,207098,24,0,31 32 33 9,1,92,,207099,24,0,31 32 33 9,1,125,,207100,24,0,31 32 33 9,1
7100,'20260726',846,,207101,24,,,1,1675,,207102,24,0,31 32 33 9,1,92,,207103,24,0,31 32 33 9,1,125,,207104,24,0,31 32 33 9,1
7100,'20260727',751,,207105,24,,,1,159,,207106,24,,,1,1693,,207107,24,0,31 32 33 9,1,135,,207108,24,0,31 32 33 9,1
7100,'20260728',751,,207109,24,,,1,159,,207110,24,,,1,1693,,207111,24,0,31 32 33 9,1,135,,207112,24,0,31 32 33 9,1
7100,'20260729',751,,207113,24,,,1,159,,207114,24,,,1,1693,,207115,24,0,31 32 33 9,1,135,,207116,24,0,31 32 33 9,1
7100,'20260730',751,,207117,24,,,1,159,,207118,24,,,1,1693,,207119,24,0,31 32 33 9,1,135,,207120,24,0,31 32 33 9,1
7100,'20260731',751,,207121,24,,,1,159,,207122,24,,,1,1693,,207123,24,0,31 32 33 9,1,135,,207124,24,0,31 32 33 9,1
7100,'20260801',846,,207125,24,,,1,1675,,207126,24,0,31 32 33 9,1,92,,207127,24,0,31 32 33 9,1,125,,207128,24,0,31 32 33 9,1
7100,'20260802',846,,207129,24,,,1,1675,,207130,24,0,31 32 33 9,1,92,,207131,24,0,31 32 33 9,1,125,,207132,24,0,31 32 33 9,1
7100,'20260803',846,,207133,24,,,1,1675,,207134,24,0,31 32 33 9,1,92,,207135,24,0,31 32 33 9,1,125,,207136,24,0,31 32 33 9,1
7100,'20260804',751,,207137,24,,,1,159,,207138,24,,,1,1693,,207139,24,0,31 32 33 9,1,135,,207140,24,0,31 32 33 9,1
7100,'20260805',751,,207141,24,,,1,159,,207142,24,,,1,1693,,207143,24,0,31 32 33 9,1,135,,207144,24,0,31 32 33 9,1
7100,'20260806',751,,207145,24,,,1,159,,207146,24,,,1,1693,,207147,24,0,31 32 33 9,1,135,,207148,24,0,31 32 33 9,1
7100,'20260807',751,,207149,24,,,1,159,,207150,24,,,1,1693,,207151,24,0,31 32 33 9,1,135,,207152,24,0,31 32 33 9,1
7100,'20260808',846,,207153,24,,,1,1675,,207154,24,0,31 32 33 9,1,92,,207155,24,0,31 32 33 9,1,125,,207156,24,0,31 32 33 9,1
7100,'20260809',846,,207157,24,,,1,1675,,207158,24,0,31 32 33 9,1,92,,207159,24,0,31 32 33 9,1,125,,207160,24,0,31 32 33 9,1
7100,'20260810',751,,207161,24,,,1,159,,207162,24,,,1,1693,,207163,24,0,31 32 33 9,1,135,,207164,24,0,31 32 33 9,1
7100,'20260811',751,,207165,24,,,1,159,,207166,24,,,1,1693,,207167,24,0,31 32 33 9,1,135,,207168,24,0,31 32 33 9,1
7100,'20260812',751,,207169,24,,,1,159,,207170,24,,,1,1693,,207171,24,0,31 32 33 9,1,135,,207172,24,0,31 32 33 9,1
7100,'20260813',751,,207173,24,,,1,159,,207174,24,,,1,1693,,207175,24,0,31 32 33 9,1,135,,207176,24,0,31 32 33 9,1
7100,'20260814',751,,207177,24,,,1,159,,207178,24,,,1,1693,,207179,24,0,31 32 33 9,1,135,,207180,24,0,31 32 33 9,1
7100,'20260815',846,,207181,24,,,1,1675,,207182,24,0,31 32 33 9,1,92,,207183,24,0,31 32 33 9,1,125,,207184,24,0,31 32 33 9,1
7100,'20260816',846,,207185,24,,,1,1675,,207186,24,0,31 32 33 9,1,92,,207187,24,0,31 32 33 9,1,125,,207188,24,0,31 32 33 9,1
7100,'20260817',751,,207189,24,,,1,159,,207190,24,,,1,1693,,207191,24,0,31 32 33 9,1,135,,207192,24,0,31 32 33 9,1
7100,'20260818',751,,207193,24,,,1,159,,207194,24,,,1,1693,,207195,24,0,31 32 33 9,1,135,,207196,24,0,31 32 33 9,1
7100,'20260819',751,,207197,24,,,1,159,,207198,24,,,1,1693,,207199,24,0,31 32 33 9,1,135,,207200,24,0,31 32 33 9,1
7100,'20260820',751,,207201,24,,,1,159,,207202,24,,,1,1693,,207203,24,0,31 32 33 9,1,135,,207204,24,0,31 32 33 9,1
7100,'20260821',751,,207205,24,,,1,159,,207206,24,,,1,1693,,207207,24,0,31 32 33 9,1,135,,207208,24,0,31 32 33 9,1
7100,'20260822',846,,207209,24,,,1,1675,,207210,24,0,31 32 33 9,1,92,,207211,24,0,31 32 33 9,1,125,,207212,24,0,31 32 33 9,1
7100,'20260823',846,,207213,24,,,1,1675,,207214,24,0,31 32 33 9,1,92,,207215,24,0,31 32 33 9,1,125,,207216,24,0,31 32 33 9,1
7100,'20260824',751,,207217,24,,,1,159,,207218,24,,,1,1693,,207219,24,0,31 32 33 9,1,135,,207220,24,0,31 32 33 9,1
7100,'20260825',751,,207221,24,,,1,159,,207222,24,,,1,1693,,207223,24,0,31 32 33 9,1,135,,207224,24,0,31 32 33 9,1
7100,'20260826',751,,207225,24,,,1,159,,207226,24,,,1,1693,,207227,24,0,31 32 33 9,1,135,,207228,24,0,31 32 33 9,1
7100,'20260827',751,,207229,24,,,1,159,,207230,24,,,1,1693,,207231,24,0,31 32 33 9,1,135,,207232,24,0,31 32 33 9,1
7100,'20260828',751,,207233,24,,,1,159,,207234,24,,,1,1693,,207235,24,0,31 32 33 9,1,135,,207236,24,0,31 32 33 9,1
7100,'20260829',846,,207237,24,,,1,1675,,207238,24,0,31 32 33 9,1,92,,207239,24,0,31 32 33 9,1,125,,207240,24,0,31 32 33 9,1
7100,'20260830',846,,207241,24,,,1,1675,,207242,24,0,31 32 33 9,1,92,,207243,24,0,31 32 33 9,1,125,,207244,24,0,31 32 33 9,1
7100,'20260831',751,,207245,24,,,1,159,,207246,24,,,1,1693,,207247,24,0,31 32 33 9,1,135,,207248,24,0,31 32 33 9,1
7100,'20260901',751,,207249,24,,,1,159,,207250,24,,,1,1693,,207251,24,0,31 32 33 9,1,135,,207252,24,0,31 32 33 9,1
7100,'20260902',751,,207253,24,,,1,159,,207254,24,,,1,1693,,207255,24,0,31 32 33 9,1,135,,207256,24,0,31 32 33 9,1
7100,'20260903',751,,207257,24,,,1,159,,207258,24,,,1,1693,,207259,24,0,31 32 33 9,1,135,,207260,24,0,31 32 33 9,1
7100,'20260904',751,,207261,24,,,1,159,,207262,24,,,1,1693,,207263,24,0,31 32 33 9,1,135,,207264,24,0,31 32 33 9,1
