3101,'20260722',641,,165463,15,0,37 43 44 47,1,60,,165464,15,0,37 43 44 47,1,21,,165465,25,0,43 44 47,1,24,,165466,15,0,37 43 44 47,1,75,,165467,23,0,5 43 44 47,1,100,,165468,23,0,5 43 44 47,1,1631,,165472,23,0,7 43 44 47,1,98,,165473,25,0,16 17 9,1,95,,165474,25,0,16 17 9,1
3101,'20260723',641,,165475,15,0,37 43 44 47,1,60,,165476,15,0,37 43 44 47,1,21,,165477,25,0,43 44 47,1,24,,165478,15,0,37 43 44 47,1,75,,165479,23,0,5 43 44 47,1,100,,165480,23,0,5 43 44 47,1,1631,,165484,23,0,7 43 44 47,1,98,,165485,25,0,16 17 9,1,95,,165486,25,0,16 17 9,1
3101,'20260724',641,,165487,15,0,37 43 44 47,1,60,,165488,15,0,37 43 44 47,1,21,,165489,25,0,43 44 47,1,24,,165490,15,0,37 43 44 47,1,75,,165491,23,0,5 43 44 47,1,100,,165492,23,0,5 43 44 47,1,1631,,165496,23,0,7 43 44 47,1,98,,165497,25,0,16 17 9,1,95,,165498,25,0,16 17 9,1
3101,'20260725',902,,165499,23,0,7 43 44 47,1,55,,219548,17,0,61 103 104,1,50,,219549,17,0,71 101 9,1,800,,219550,17,0,71 101 9,1,550,,219551,17,0,71 101 9,1,265,,165503,25,0,16 17 9,1,95,,165505,25,0,16 17 9,1,30,,165506,25,0,16 17 9,1
3101,'20260726',902,,165507,23,0,7 43 44 47,1,55,,219552,17,0,61 103 104,1,50,,219553,17,0,71 101 9,1,800,,219554,17,0,71 101 9,1,550,,219555,17,0,71 101 9,1,390,,165512,25,0,16 17 9,1
3101,'20260727',641,,165513,15,0,37 43 44 47,1,60,,165514,15,0,37 43 44 47,1,21,,165515,25,0,43 44 47,1,24,,165516,15,0,37 43 44 47,1,75,,165517,23,0,5 43 44 47,1,100,,165518,23,0,5 43 44 47,1,1631,,165522,23,0,7 43 44 47,1,98,,165523,25,0,16 17 9,1,95,,165524,25,0,16 17 9,1
3101,'20260728',641,,165525,15,0,37 43 44 47,1,60,,165526,15,0,37 43 44 47,1,21,,165527,25,0,43 44 47,1,24,,165528,15,0,37 43 44 47,1,75,,165529,23,0,5 43 44 47,1,100,,165530,23,0,5 43 44 47,1,1631,,165534,23,0,7 43 44 47,1,98,,165535,25,0,16 17 9,1,95,,165536,25,0,16 17 9,1
3101,'20260729',641,,165537,15,0,37 43 44 47,1,60,,165538,15,0,37 43 44 47,1,21,,165539,25,0,43 44 47,1,24,,165540,15,0,37 43 44 47,1,75,,165541,23,0,5 43 44 47,1,100,,165542,23,0,5 43 44 47,1,1631,,165546,23,0,7 43 44 47,1,98,,165547,25,0,16 17 9,1,95,,165548,25,0,16 17 9,1
3101,'20260730',641,,165549,15,0,37 43 44 47,1,60,,165550,15,0,37 43 44 47,1,21,,165551,25,0,43 44 47,1,24,,165552,15,0,37 43 44 47,1,75,,165553,23,0,5 43 44 47,1,100,,165554,23,0,5 43 44 47,1,1631,,165558,23,0,7 43 44 47,1,98,,165559,25,0,16 17 9,1,95,,165560,25,0,16 17 9,1
3101,'20260731',641,,165561,15,0,37 43 44 47,1,60,,165562,15,0,37 43 44 47,1,21,,165563,25,0,43 44 47,1,24,,165564,15,0,37 43 44 47,1,75,,165565,23,0,5 43 44 47,1,100,,165566,23,0,5 43 44 47,1,1631,,165570,23,0,7 43 44 47,1,98,,165571,25,0,16 17 9,1,95,,165572,25,0,16 17 9,1
3101,'20260801',902,,165573,23,0,7 43 44 47,1,1720,,165577,25,0,16 17 9,1,95,,165579,25,0,16 17 9,1,30,,165580,25,0,16 17 9,1
3101,'20260802',902,,165581,23,0,7 43 44 47,1,1845,,165586,25,0,16 17 9,1
3101,'20260803',902,,165587,23,0,7 43 44 47,1,1720,,165591,25,0,16 17 9,1,95,,165593,25,0,16 17 9,1,30,,165594,25,0,16 17 9,1
3101,'20260804',641,,165595,15,0,37 43 44 47,1,60,,165596,15,0,37 43 44 47,1,21,,165597,25,0,43 44 47,1,24,,165598,15,0,37 43 44 47,1,75,,165599,23,0,5 43 44 47,1,100,,165600,23,0,5 43 44 47,1,1631,,165604,23,0,7 43 44 47,1,98,,165605,25,0,16 17 9,1,95,,165606,25,0,16 17 9,1
3101,'20260805',641,,165607,15,0,37 43 44 47,1,60,,165608,15,0,37 43 44 47,1,21,,165609,25,0,43 44 47,1,24,,165610,15,0,37 43 44 47,1,75,,165611,23,0,5 43 44 47,1,100,,165612,23,0,5 43 44 47,1,1631,,165616,23,0,7 43 44 47,1,98,,165617,25,0,16 17 9,1,95,,165618,25,0,16 17 9,1
3101,'20260806',641,,165619,15,0,37 43 44 47,1,60,,165620,15,0,37 43 44 47,1,21,,165621,25,0,43 44 47,1,24,,165622,15,0,37 43 44 47,1,75,,165623,23,0,5 43 44 47,1,100,,165624,23,0,5 43 44 47,1,1631,,165628,23,0,7 43 44 47,1,98,,165629,25,0,16 17 9,1,95,,165630,25,0,16 17 9,1
3101,'20260807',641,,165631,15,0,37 43 44 47,1,60,,165632,15,0,37 43 44 47,1,21,,165633,25,0,43 44 47,1,24,,165634,15,0,37 43 44 47,1,75,,165635,23,0,5 43 44 47,1,100,,165636,23,0,5 43 44 47,1,1631,,165640,23,0,7 43 44 47,1,98,,165641,25,0,16 17 9,1,95,,165642,25,0,16 17 9,1
3101,'20260808',902,,165643,23,0,7 43 44 47,1,1720,,165647,25,0,16 17 9,1,95,,165649,25,0,16 17 9,1,30,,165650,25,0,16 17 9,1
3101,'20260809',902,,165651,23,0,7 43 44 47,1,1845,,165656,25,0,16 17 9,1
3101,'20260810',641,,165657,15,0,37 43 44 47,1,60,,165658,15,0,37 43 44 47,1,21,,165659,25,0,43 44 47,1,24,,165660,15,0,37 43 44 47,1,75,,165661,23,0,5 43 44 47,1,100,,165662,23,0,5 43 44 47,1,1631,,165666,23,0,7 43 44 47,1,98,,165667,25,0,16 17 9,1,95,,165668,25,0,16 17 9,1
3101,'20260811',641,,165669,15,0,37 43 44 47,1,60,,165670,15,0,37 43 44 47,1,21,,165671,25,0,43 44 47,1,24,,165672,15,0,37 43 44 47,1,75,,165673,23,0,5 43 44 47,1,100,,165674,23,0,5 43 44 47,1,1631,,165678,23,0,7 43 44 47,1,98,,165679,25,0,16 17 9,1,95,,165680,25,0,16 17 9,1
3101,'20260812',641,,165681,15,0,37 43 44 47,1,60,,165682,15,0,37 43 44 47,1,21,,165683,25,0,43 44 47,1,24,,165684,15,0,37 43 44 47,1,75,,165685,23,0,5 43 44 47,1,100,,165686,23,0,5 43 44 47,1,1631,,165690,23,0,7 43 44 47,1,98,,165691,25,0,16 17 9,1,95,,165692,25,0,16 17 9,1
3101,'20260813',641,,165693,15,0,37 43 44 47,1,60,,165694,15,0,37 43 44 47,1,21,,165695,25,0,43 44 47,1,24,,165696,15,0,37 43 44 47,1,75,,165697,23,0,5 43 44 47,1,100,,165698,23,0,5 43 44 47,1,1631,,165702,23,0,7 43 44 47,1,98,,165703,25,0,16 17 9,1,95,,165704,25,0,16 17 9,1
3101,'20260814',641,,165705,15,0,37 43 44 47,1,60,,165706,15,0,37 43 44 47,1,21,,165707,25,0,43 44 47,1,24,,165708,15,0,37 43 44 47,1,75,,165709,23,0,5 43 44 47,1,100,,165710,23,0,5 43 44 47,1,1631,,165714,23,0,7 43 44 47,1,98,,165715,25,0,16 17 9,1,95,,165716,25,0,16 17 9,1
3101,'20260815',902,,165717,23,0,7 43 44 47,1,1720,,165721,25,0,16 17 9,1,95,,165723,25,0,16 17 9,1,30,,165724,25,0,16 17 9,1
3101,'20260816',902,,165725,23,0,7 43 44 47,1,1845,,165730,25,0,16 17 9,1
3101,'20260817',641,,165731,15,0,37 43 44 47,1,60,,165732,15,0,37 43 44 47,1,21,,165733,25,0,43 44 47,1,24,,165734,15,0,37 43 44 47,1,75,,165735,23,0,5 43 44 47,1,100,,165736,23,0,5 43 44 47,1,1631,,165740,23,0,7 43 44 47,1,98,,165741,25,0,16 17 9,1,95,,165742,25,0,16 17 9,1
3101,'20260818',641,,165743,15,0,37 43 44 47,1,60,,165744,15,0,37 43 44 47,1,21,,165745,25,0,43 44 47,1,24,,165746,15,0,37 43 44 47,1,75,,165747,23,0,5 43 44 47,1,100,,165748,23,0,5 43 44 47,1,1631,,165752,23,0,7 43 44 47,1,98,,165753,25,0,16 17 9,1,95,,165754,25,0,16 17 9,1
3101,'20260819',641,,165755,15,0,37 43 44 47,1,60,,165756,15,0,37 43 44 47,1,21,,165757,25,0,43 44 47,1,24,,165758,15,0,37 43 44 47,1,75,,165759,23,0,5 43 44 47,1,100,,165760,23,0,5 43 44 47,1,1631,,165764,23,0,7 43 44 47,1,98,,165765,25,0,16 17 9,1,95,,165766,25,0,16 17 9,1
3101,'20260820',641,,165767,15,0,37 43 44 47,1,60,,165768,15,0,37 43 44 47,1,21,,165769,25,0,43 44 47,1,24,,165770,15,0,37 43 44 47,1,75,,165771,23,0,5 43 44 47,1,100,,165772,23,0,5 43 44 47,1,1631,,165776,23,0,7 43 44 47,1,98,,165777,25,0,16 17 9,1,95,,165778,25,0,16 17 9,1
3101,'20260821',641,,165779,15,0,37 43 44 47,1,60,,165780,15,0,37 43 44 47,1,21,,165781,25,0,43 44 47,1,24,,165782,15,0,37 43 44 47,1,75,,165783,23,0,5 43 44 47,1,100,,165784,23,0,5 43 44 47,1,1631,,165788,23,0,7 43 44 47,1,98,,165789,25,0,16 17 9,1,95,,165790,25,0,16 17 9,1
3101,'20260822',902,,165791,23,0,7 43 44 47,1,1720,,165795,25,0,16 17 9,1,95,,165797,25,0,16 17 9,1,30,,165798,25,0,16 17 9,1
3101,'20260823',902,,165799,23,0,7 43 44 47,1,1845,,165804,25,0,16 17 9,1
3101,'20260824',641,,165805,15,0,37 43 44 47,1,60,,165806,15,0,37 43 44 47,1,21,,165807,25,0,43 44 47,1,24,,165808,15,0,37 43 44 47,1,75,,165809,23,0,5 43 44 47,1,100,,165810,23,0,5 43 44 47,1,1631,,165814,23,0,7 43 44 47,1,98,,165815,25,0,16 17 9,1,95,,165816,25,0,16 17 9,1
3101,'20260825',641,,165817,15,0,37 43 44 47,1,60,,165818,15,0,37 43 44 47,1,21,,165819,25,0,43 44 47,1,24,,165820,15,0,37 43 44 47,1,75,,165821,23,0,5 43 44 47,1,100,,165822,23,0,5 43 44 47,1,1631,,165826,23,0,7 43 44 47,1,98,,165827,25,0,16 17 9,1,95,,165828,25,0,16 17 9,1
3101,'20260826',641,,165829,15,0,37 43 44 47,1,60,,165830,15,0,37 43 44 47,1,21,,165831,25,0,43 44 47,1,24,,165832,15,0,37 43 44 47,1,75,,165833,23,0,5 43 44 47,1,100,,165834,23,0,5 43 44 47,1,1631,,165838,23,0,7 43 44 47,1,98,,165839,25,0,16 17 9,1,95,,165840,25,0,16 17 9,1
3101,'20260827',641,,165841,15,0,37 43 44 47,1,60,,165842,15,0,37 43 44 47,1,21,,165843,25,0,43 44 47,1,24,,165844,15,0,37 43 44 47,1,75,,165845,23,0,5 43 44 47,1,100,,165846,23,0,5 43 44 47,1,1631,,165850,23,0,7 43 44 47,1,98,,165851,25,0,16 17 9,1,95,,165852,25,0,16 17 9,1
3101,'20260828',641,,165853,15,0,37 43 44 47,1,60,,165854,15,0,37 43 44 47,1,21,,165855,25,0,43 44 47,1,24,,165856,15,0,37 43 44 47,1,75,,165857,23,0,5 43 44 47,1,100,,165858,23,0,5 43 44 47,1,1631,,165862,23,0,7 43 44 47,1,98,,165863,25,0,16 17 9,1,95,,165864,25,0,16 17 9,1
3101,'20260829',902,,165865,23,0,7 43 44 47,1,1720,,165869,25,0,16 17 9,1,95,,165871,25,0,16 17 9,1,30,,165872,25,0,16 17 9,1
3101,'20260830',902,,165873,23,0,7 43 44 47,1,1845,,165878,25,0,16 17 9,1
3101,'20260831',641,,165879,15,0,37 43 44 47,1,60,,165880,15,0,37 43 44 47,1,21,,165881,25,0,43 44 47,1,24,,165882,15,0,37 43 44 47,1,75,,165883,23,0,5 43 44 47,1,100,,165884,23,0,5 43 44 47,1,1631,,165888,23,0,7 43 44 47,1,98,,165889,25,0,16 17 9,1,95,,165890,25,0,16 17 9,1
3101,'20260901',641,,165891,15,0,37 43 44 47,1,60,,165892,15,0,37 43 44 47,1,21,,165893,25,0,43 44 47,1,24,,165894,15,0,37 43 44 47,1,75,,165895,23,0,5 43 44 47,1,100,,165896,23,0,5 43 44 47,1,1631,,165900,23,0,7 43 44 47,1,98,,165901,25,0,16 17 9,1,95,,165902,25,0,16 17 9,1
3101,'20260902',641,,165903,15,0,37 43 44 47,1,60,,165904,15,0,37 43 44 47,1,21,,165905,25,0,43 44 47,1,24,,165906,15,0,37 43 44 47,1,75,,165907,23,0,5 43 44 47,1,100,,165908,23,0,5 43 44 47,1,1631,,165912,23,0,7 43 44 47,1,98,,165913,25,0,16 17 9,1,95,,165914,25,0,16 17 9,1
3101,'20260903',641,,165915,15,0,37 43 44 47,1,60,,165916,15,0,37 43 44 47,1,21,,165917,25,0,43 44 47,1,24,,165918,15,0,37 43 44 47,1,75,,165919,23,0,5 43 44 47,1,100,,165920,23,0,5 43 44 47,1,1631,,165924,23,0,7 43 44 47,1,98,,165925,25,0,16 17 9,1,95,,165926,25,0,16 17 9,1
3101,'20260904',641,,165927,15,0,37 43 44 47,1,60,,165928,15,0,37 43 44 47,1,21,,165929,25,0,43 44 47,1,24,,165930,15,0,37 43 44 47,1,75,,165931,23,0,5 43 44 47,1,100,,165932,23,0,5 43 44 47,1,1631,,165936,23,0,7 43 44 47,1,98,,165937,25,0,16 17 9,1,95,,165938,25,0,16 17 9,1
3301,'20260722',1001,,171565,27,,,1,100,,171566,27,,,1,100,,171567,27,,,1,102,,171568,27,,,1,106,,171569,27,,,1,103,,171570,27,,,1,103,,171572,27,,,1,95,,171574,27,0,16 17 9,1,17,,171575,27,,,1,93,,171577,27,,,1,34,,171579,27,0,16 17 9,1,67,,171581,27,0,16 17 9,1,92,,171584,27,,,1,93,,171586,27,0,16 17 9,1,52,,171588,27,,,1,99,,171590,27,0,16 17 9,1,91,,171592,27,,,1,100,,171593,27,0,16 17 9,1
3301,'20260723',1001,,171597,27,,,1,100,,171598,27,,,1,100,,171599,27,,,1,102,,171600,27,,,1,106,,171601,27,,,1,103,,171602,27,,,1,103,,171604,27,,,1,95,,171606,27,0,16 17 9,1,17,,171607,27,,,1,93,,171609,27,,,1,34,,171611,27,0,16 17 9,1,67,,171613,27,0,16 17 9,1,92,,171616,27,,,1,93,,171618,27,0,16 17 9,1,52,,171620,27,,,1,99,,171622,27,0,16 17 9,1,91,,171624,27,,,1,100,,171625,27,0,16 17 9,1
3301,'20260724',1001,,171629,27,,,1,100,,171630,27,,,1,100,,171631,27,,,1,102,,171632,27,,,1,106,,171633,27,,,1,103,,171634,27,,,1,103,,171636,27,,,1,95,,171638,27,0,16 17 9,1,17,,171639,27,,,1,93,,171641,27,,,1,34,,171643,27,0,16 17 9,1,67,,171645,27,0,16 17 9,1,92,,171648,27,,,1,93,,171650,27,0,16 17 9,1,52,,171652,27,,,1,99,,171654,27,0,16 17 9,1,91,,171656,27,,,1,100,,171657,27,0,16 17 9,1
3301,'20260725',957,,171659,8,0,53 17 9,1,102,,171660,27,,,1,100,,171661,8,0,53 17 9,1,143,,171662,27,,,1,57,,171663,8,0,53 17 9,1,100,,171664,27,,,1,100,,171665,8,0,53 17 9,1,100,,171666,27,,,1,198,,171667,27,,,1,200,,171668,27,,,1,199,,171669,27,,,1,202,,171670,27,,,1
3301,'20260726',957,,171671,8,0,53 17 9,1,102,,171672,27,,,1,100,,171673,8,0,53 17 9,1,143,,171674,27,,,1,57,,171675,8,0,53 17 9,1,100,,171676,27,,,1,100,,171677,8,0,53 17 9,1,100,,171678,27,,,1,198,,171679,27,,,1,200,,171680,27,,,1,199,,171681,27,,,1,202,,171682,27,,,1
3301,'20260727',1001,,171685,27,,,1,100,,171686,27,,,1,100,,171687,27,,,1,102,,171688,27,,,1,106,,171689,27,,,1,103,,171690,27,,,1,103,,171692,27,,,1,95,,171694,27,0,16 17 9,1,17,,171695,27,,,1,93,,171697,27,,,1,34,,171699,27,0,16 17 9,1,67,,171701,27,0,16 17 9,1,92,,171704,27,,,1,93,,171706,27,0,16 17 9,1,52,,171708,27,,,1,99,,171710,27,0,16 17 9,1,91,,171712,27,,,1,100,,171713,27,0,16 17 9,1
3301,'20260728',1001,,171717,27,,,1,100,,171718,27,,,1,100,,171719,27,,,1,102,,171720,27,,,1,106,,171721,27,,,1,103,,171722,27,,,1,103,,171724,27,,,1,95,,171726,27,0,16 17 9,1,17,,171727,27,,,1,93,,171729,27,,,1,34,,171731,27,0,16 17 9,1,67,,171733,27,0,16 17 9,1,92,,171736,27,,,1,93,,171738,27,0,16 17 9,1,52,,171740,27,,,1,99,,171742,27,0,16 17 9,1,91,,171744,27,,,1,100,,171745,27,0,16 17 9,1
3301,'20260729',1001,,171749,27,,,1,100,,171750,27,,,1,100,,171751,27,,,1,102,,171752,27,,,1,106,,171753,27,,,1,103,,171754,27,,,1,103,,171756,27,,,1,95,,171758,27,0,16 17 9,1,17,,171759,27,,,1,93,,171761,27,,,1,34,,171763,27,0,16 17 9,1,67,,171765,27,0,16 17 9,1,92,,171768,27,,,1,93,,171770,27,0,16 17 9,1,52,,171772,27,,,1,99,,171774,27,0,16 17 9,1,91,,171776,27,,,1,100,,171777,27,0,16 17 9,1
3301,'20260730',1001,,171781,27,,,1,100,,171782,27,,,1,100,,171783,27,,,1,102,,171784,27,,,1,106,,171785,27,,,1,103,,171786,27,,,1,103,,171788,27,,,1,95,,171790,27,0,16 17 9,1,17,,171791,27,,,1,93,,171793,27,,,1,34,,171795,27,0,16 17 9,1,67,,171797,27,0,16 17 9,1,92,,171800,27,,,1,93,,171802,27,0,16 17 9,1,52,,171804,27,,,1,99,,171806,27,0,16 17 9,1,91,,171808,27,,,1,100,,171809,27,0,16 17 9,1
3301,'20260731',1001,,171813,27,,,1,100,,171814,27,,,1,100,,171815,27,,,1,102,,171816,27,,,1,106,,171817,27,,,1,103,,171818,27,,,1,103,,171820,27,,,1,95,,171822,27,0,16 17 9,1,17,,171823,27,,,1,93,,171825,27,,,1,34,,171827,27,0,16 17 9,1,67,,171829,27,0,16 17 9,1,92,,171832,27,,,1,93,,171834,27,0,16 17 9,1,52,,171836,27,,,1,99,,171838,27,0,16 17 9,1,91,,171840,27,,,1,100,,171841,27,0,16 17 9,1
3301,'20260801',957,,171843,8,0,53 17 9,1,102,,171844,27,,,1,100,,171845,8,0,53 17 9,1,143,,171846,27,,,1,57,,171847,8,0,53 17 9,1,100,,171848,27,,,1,100,,171849,8,0,53 17 9,1,100,,171850,27,,,1,198,,171851,27,,,1,200,,171852,27,,,1,199,,171853,27,,,1,202,,171854,27,,,1
3301,'20260802',957,,171855,8,0,53 17 9,1,102,,171856,27,,,1,100,,171857,8,0,53 17 9,1,143,,171858,27,,,1,57,,171859,8,0,53 17 9,1,100,,171860,27,,,1,100,,171861,8,0,53 17 9,1,100,,171862,27,,,1,198,,171863,27,,,1,200,,171864,27,,,1,199,,171865,27,,,1,202,,171866,27,,,1
3301,'20260803',957,,171867,8,0,53 17 9,1,102,,171868,27,,,1,100,,171869,8,0,53 17 9,1,143,,171870,27,,,1,57,,171871,8,0,53 17 9,1,100,,171872,27,,,1,100,,171873,8,0,53 17 9,1,100,,171874,27,,,1,198,,171875,27,,,1,200,,171876,27,,,1,199,,171877,27,,,1,202,,171878,27,,,1
3301,'20260804',1001,,171881,27,,,1,100,,171882,27,,,1,100,,171883,27,,,1,102,,171884,27,,,1,106,,171885,27,,,1,103,,171886,27,,,1,103,,171888,27,,,1,95,,171890,27,0,16 17 9,1,17,,171891,27,,,1,93,,171893,27,,,1,34,,171895,27,0,16 17 9,1,67,,171897,27,0,16 17 9,1,92,,171900,27,,,1,93,,171902,27,0,16 17 9,1,52,,171904,27,,,1,99,,171906,27,0,16 17 9,1,91,,171908,27,,,1,100,,171909,27,0,16 17 9,1
3301,'20260805',1001,,171913,27,,,1,100,,171914,27,,,1,100,,171915,27,,,1,102,,171916,27,,,1,106,,171917,27,,,1,103,,171918,27,,,1,103,,171920,27,,,1,95,,171922,27,0,16 17 9,1,17,,171923,27,,,1,93,,171925,27,,,1,34,,171927,27,0,16 17 9,1,67,,171929,27,0,16 17 9,1,92,,171932,27,,,1,93,,171934,27,0,16 17 9,1,52,,171936,27,,,1,99,,171938,27,0,16 17 9,1,91,,171940,27,,,1,100,,171941,27,0,16 17 9,1
3301,'20260806',1001,,171945,27,,,1,100,,171946,27,,,1,100,,171947,27,,,1,102,,171948,27,,,1,106,,171949,27,,,1,103,,171950,27,,,1,103,,171952,27,,,1,95,,171954,27,0,16 17 9,1,17,,171955,27,,,1,93,,171957,27,,,1,34,,171959,27,0,16 17 9,1,67,,171961,27,0,16 17 9,1,92,,171964,27,,,1,93,,171966,27,0,16 17 9,1,52,,171968,27,,,1,99,,171970,27,0,16 17 9,1,91,,171972,27,,,1,100,,171973,27,0,16 17 9,1
3301,'20260807',1001,,171977,27,,,1,100,,171978,27,,,1,100,,171979,27,,,1,102,,171980,27,,,1,106,,171981,27,,,1,103,,171982,27,,,1,103,,171984,27,,,1,95,,171986,27,0,16 17 9,1,17,,171987,27,,,1,93,,171989,27,,,1,34,,171991,27,0,16 17 9,1,67,,171993,27,0,16 17 9,1,92,,171996,27,,,1,93,,171998,27,0,16 17 9,1,52,,172000,27,,,1,99,,172002,27,0,16 17 9,1,91,,172004,27,,,1,100,,172005,27,0,16 17 9,1
3301,'20260808',957,,172007,8,0,53 17 9,1,102,,172008,27,,,1,100,,172009,8,0,53 17 9,1,143,,172010,27,,,1,57,,172011,8,0,53 17 9,1,100,,172012,27,,,1,100,,172013,8,0,53 17 9,1,100,,172014,27,,,1,198,,172015,27,,,1,200,,172016,27,,,1,199,,172017,27,,,1,202,,172018,27,,,1
3301,'20260809',957,,172019,8,0,53 17 9,1,102,,172020,27,,,1,100,,172021,8,0,53 17 9,1,143,,172022,27,,,1,57,,172023,8,0,53 17 9,1,100,,172024,27,,,1,100,,172025,8,0,53 17 9,1,100,,172026,27,,,1,198,,172027,27,,,1,200,,172028,27,,,1,199,,172029,27,,,1,202,,172030,27,,,1
3301,'20260810',1001,,172033,27,,,1,100,,172034,27,,,1,100,,172035,27,,,1,102,,172036,27,,,1,106,,172037,27,,,1,103,,172038,27,,,1,103,,172040,27,,,1,95,,172042,27,0,16 17 9,1,17,,172043,27,,,1,93,,172045,27,,,1,34,,172047,27,0,16 17 9,1,67,,172049,27,0,16 17 9,1,92,,172052,27,,,1,93,,172054,27,0,16 17 9,1,52,,172056,27,,,1,99,,172058,27,0,16 17 9,1,91,,172060,27,,,1,100,,172061,27,0,16 17 9,1
3301,'20260811',1001,,172065,27,,,1,100,,172066,27,,,1,100,,172067,27,,,1,102,,172068,27,,,1,106,,172069,27,,,1,103,,172070,27,,,1,103,,172072,27,,,1,95,,172074,27,0,16 17 9,1,17,,172075,27,,,1,93,,172077,27,,,1,34,,172079,27,0,16 17 9,1,67,,172081,27,0,16 17 9,1,92,,172084,27,,,1,93,,172086,27,0,16 17 9,1,52,,172088,27,,,1,99,,172090,27,0,16 17 9,1,91,,172092,27,,,1,100,,172093,27,0,16 17 9,1
3301,'20260812',1001,,172097,27,,,1,100,,172098,27,,,1,100,,172099,27,,,1,102,,172100,27,,,1,106,,172101,27,,,1,103,,172102,27,,,1,103,,172104,27,,,1,95,,172106,27,0,16 17 9,1,17,,172107,27,,,1,93,,172109,27,,,1,34,,172111,27,0,16 17 9,1,67,,172113,27,0,16 17 9,1,92,,172116,27,,,1,93,,172118,27,0,16 17 9,1,52,,172120,27,,,1,99,,172122,27,0,16 17 9,1,91,,172124,27,,,1,100,,172125,27,0,16 17 9,1
3301,'20260813',1001,,172129,27,,,1,100,,172130,27,,,1,100,,172131,27,,,1,102,,172132,27,,,1,106,,172133,27,,,1,103,,172134,27,,,1,103,,172136,27,,,1,95,,172138,27,0,16 17 9,1,17,,172139,27,,,1,93,,172141,27,,,1,34,,172143,27,0,16 17 9,1,67,,172145,27,0,16 17 9,1,92,,172148,27,,,1,93,,172150,27,0,16 17 9,1,52,,172152,27,,,1,99,,172154,27,0,16 17 9,1,91,,172156,27,,,1,100,,172157,27,0,16 17 9,1
3301,'20260814',1001,,172161,27,,,1,100,,172162,27,,,1,100,,172163,27,,,1,102,,172164,27,,,1,106,,172165,27,,,1,103,,172166,27,,,1,103,,172168,27,,,1,95,,172170,27,0,16 17 9,1,17,,172171,27,,,1,93,,172173,27,,,1,34,,172175,27,0,16 17 9,1,67,,172177,27,0,16 17 9,1,92,,172180,27,,,1,93,,172182,27,0,16 17 9,1,52,,172184,27,,,1,99,,172186,27,0,16 17 9,1,91,,172188,27,,,1,100,,172189,27,0,16 17 9,1
3301,'20260815',957,,172191,8,0,53 17 9,1,102,,172192,27,,,1,100,,172193,8,0,53 17 9,1,143,,172194,27,,,1,57,,172195,8,0,53 17 9,1,100,,172196,27,,,1,100,,172197,8,0,53 17 9,1,100,,172198,27,,,1,198,,172199,27,,,1,200,,172200,27,,,1,199,,172201,27,,,1,202,,172202,27,,,1
3301,'20260816',957,,172203,8,0,53 17 9,1,102,,172204,27,,,1,100,,172205,8,0,53 17 9,1,143,,172206,27,,,1,57,,172207,8,0,53 17 9,1,100,,172208,27,,,1,100,,172209,8,0,53 17 9,1,100,,172210,27,,,1,198,,172211,27,,,1,200,,172212,27,,,1,199,,172213,27,,,1,202,,172214,27,,,1
3301,'20260817',1001,,172217,27,,,1,100,,172218,27,,,1,100,,172219,27,,,1,102,,172220,27,,,1,106,,172221,27,,,1,103,,172222,27,,,1,103,,172224,27,,,1,95,,172226,27,0,16 17 9,1,17,,172227,27,,,1,93,,172229,27,,,1,34,,172231,27,0,16 17 9,1,67,,172233,27,0,16 17 9,1,92,,172236,27,,,1,93,,172238,27,0,16 17 9,1,52,,172240,27,,,1,99,,172242,27,0,16 17 9,1,91,,172244,27,,,1,100,,172245,27,0,16 17 9,1
3301,'20260818',1001,,172249,27,,,1,100,,172250,27,,,1,100,,172251,27,,,1,102,,172252,27,,,1,106,,172253,27,,,1,103,,172254,27,,,1,103,,172256,27,,,1,95,,172258,27,0,16 17 9,1,17,,172259,27,,,1,93,,172261,27,,,1,34,,172263,27,0,16 17 9,1,67,,172265,27,0,16 17 9,1,92,,172268,27,,,1,93,,172270,27,0,16 17 9,1,52,,172272,27,,,1,99,,172274,27,0,16 17 9,1,91,,172276,27,,,1,100,,172277,27,0,16 17 9,1
3301,'20260819',1001,,172281,27,,,1,100,,172282,27,,,1,100,,172283,27,,,1,102,,172284,27,,,1,106,,172285,27,,,1,103,,172286,27,,,1,103,,172288,27,,,1,95,,172290,27,0,16 17 9,1,17,,172291,27,,,1,93,,172293,27,,,1,34,,172295,27,0,16 17 9,1,67,,172297,27,0,16 17 9,1,92,,172300,27,,,1,93,,172302,27,0,16 17 9,1,52,,172304,27,,,1,99,,172306,27,0,16 17 9,1,91,,172308,27,,,1,100,,172309,27,0,16 17 9,1
3301,'20260820',1001,,172313,27,,,1,100,,172314,27,,,1,100,,172315,27,,,1,102,,172316,27,,,1,106,,172317,27,,,1,103,,172318,27,,,1,103,,172320,27,,,1,95,,172322,27,0,16 17 9,1,17,,172323,27,,,1,93,,172325,27,,,1,34,,172327,27,0,16 17 9,1,67,,172329,27,0,16 17 9,1,92,,172332,27,,,1,93,,172334,27,0,16 17 9,1,52,,172336,27,,,1,99,,172338,27,0,16 17 9,1,91,,172340,27,,,1,100,,172341,27,0,16 17 9,1
3301,'20260821',1001,,172345,27,,,1,100,,172346,27,,,1,100,,172347,27,,,1,102,,172348,27,,,1,106,,172349,27,,,1,103,,172350,27,,,1,103,,172352,27,,,1,95,,172354,27,0,16 17 9,1,17,,172355,27,,,1,93,,172357,27,,,1,34,,172359,27,0,16 17 9,1,67,,172361,27,0,16 17 9,1,92,,172364,27,,,1,93,,172366,27,0,16 17 9,1,52,,172368,27,,,1,99,,172370,27,0,16 17 9,1,91,,172372,27,,,1,100,,172373,27,0,16 17 9,1
3301,'20260822',957,,172375,8,0,53 17 9,1,102,,172376,27,,,1,100,,172377,8,0,53 17 9,1,143,,172378,27,,,1,57,,172379,8,0,53 17 9,1,100,,172380,27,,,1,100,,172381,8,0,53 17 9,1,100,,172382,27,,,1,198,,172383,27,,,1,200,,172384,27,,,1,199,,172385,27,,,1,202,,172386,27,,,1
3301,'20260823',957,,172387,8,0,53 17 9,1,102,,172388,27,,,1,100,,172389,8,0,53 17 9,1,143,,172390,27,,,1,57,,172391,8,0,53 17 9,1,100,,172392,27,,,1,100,,172393,8,0,53 17 9,1,100,,172394,27,,,1,198,,172395,27,,,1,200,,172396,27,,,1,199,,172397,27,,,1,202,,172398,27,,,1
3301,'20260824',1001,,172401,27,,,1,100,,172402,27,,,1,100,,172403,27,,,1,102,,172404,27,,,1,106,,172405,27,,,1,103,,172406,27,,,1,103,,172408,27,,,1,95,,172410,27,0,16 17 9,1,17,,172411,27,,,1,93,,172413,27,,,1,34,,172415,27,0,16 17 9,1,67,,172417,27,0,16 17 9,1,92,,172420,27,,,1,93,,172422,27,0,16 17 9,1,52,,172424,27,,,1,99,,172426,27,0,16 17 9,1,91,,172428,27,,,1,100,,172429,27,0,16 17 9,1
3301,'20260825',1001,,172433,27,,,1,100,,172434,27,,,1,100,,172435,27,,,1,102,,172436,27,,,1,106,,172437,27,,,1,103,,172438,27,,,1,103,,172440,27,,,1,95,,172442,27,0,16 17 9,1,17,,172443,27,,,1,93,,172445,27,,,1,34,,172447,27,0,16 17 9,1,67,,172449,27,0,16 17 9,1,92,,172452,27,,,1,93,,172454,27,0,16 17 9,1,52,,172456,27,,,1,99,,172458,27,0,16 17 9,1,91,,172460,27,,,1,100,,172461,27,0,16 17 9,1
3301,'20260826',1001,,172465,27,,,1,100,,172466,27,,,1,100,,172467,27,,,1,102,,172468,27,,,1,106,,172469,27,,,1,103,,172470,27,,,1,103,,172472,27,,,1,95,,172474,27,0,16 17 9,1,17,,172475,27,,,1,93,,172477,27,,,1,34,,172479,27,0,16 17 9,1,67,,172481,27,0,16 17 9,1,92,,172484,27,,,1,93,,172486,27,0,16 17 9,1,52,,172488,27,,,1,99,,172490,27,0,16 17 9,1,91,,172492,27,,,1,100,,172493,27,0,16 17 9,1
3301,'20260827',1001,,172497,27,,,1,100,,172498,27,,,1,100,,172499,27,,,1,102,,172500,27,,,1,106,,172501,27,,,1,103,,172502,27,,,1,103,,172504,27,,,1,95,,172506,27,0,16 17 9,1,17,,172507,27,,,1,93,,172509,27,,,1,34,,172511,27,0,16 17 9,1,67,,172513,27,0,16 17 9,1,92,,172516,27,,,1,93,,172518,27,0,16 17 9,1,52,,172520,27,,,1,99,,172522,27,0,16 17 9,1,91,,172524,27,,,1,100,,172525,27,0,16 17 9,1
3301,'20260828',1001,,172529,27,,,1,100,,172530,27,,,1,100,,172531,27,,,1,102,,172532,27,,,1,106,,172533,27,,,1,103,,172534,27,,,1,103,,172536,27,,,1,95,,172538,27,0,16 17 9,1,17,,172539,27,,,1,93,,172541,27,,,1,34,,172543,27,0,16 17 9,1,67,,172545,27,0,16 17 9,1,92,,172548,27,,,1,93,,172550,27,0,16 17 9,1,52,,172552,27,,,1,99,,172554,27,0,16 17 9,1,91,,172556,27,,,1,100,,172557,27,0,16 17 9,1
3301,'20260829',957,,172559,8,0,53 17 9,1,102,,172560,27,,,1,100,,172561,8,0,53 17 9,1,143,,172562,27,,,1,57,,172563,8,0,53 17 9,1,100,,172564,27,,,1,100,,172565,8,0,53 17 9,1,100,,172566,27,,,1,198,,172567,27,,,1,200,,172568,27,,,1,199,,172569,27,,,1,202,,172570,27,,,1
3301,'20260830',957,,172571,8,0,53 17 9,1,102,,172572,27,,,1,100,,172573,8,0,53 17 9,1,143,,172574,27,,,1,57,,172575,8,0,53 17 9,1,100,,172576,27,,,1,100,,172577,8,0,53 17 9,1,100,,172578,27,,,1,198,,172579,27,,,1,200,,172580,27,,,1,199,,172581,27,,,1,202,,172582,27,,,1
3301,'20260831',1001,,172585,27,,,1,100,,172586,27,,,1,100,,172587,27,,,1,102,,172588,27,,,1,106,,172589,27,,,1,103,,172590,27,,,1,103,,172592,27,,,1,95,,172594,27,0,16 17 9,1,17,,172595,27,,,1,93,,172597,27,,,1,34,,172599,27,0,16 17 9,1,67,,172601,27,0,16 17 9,1,92,,172604,27,,,1,93,,172606,27,0,16 17 9,1,52,,172608,27,,,1,99,,172610,27,0,16 17 9,1,91,,172612,27,,,1,100,,172613,27,0,16 17 9,1
3301,'20260901',1001,,172617,27,,,1,100,,172618,27,,,1,100,,172619,27,,,1,102,,172620,27,,,1,106,,172621,27,,,1,103,,172622,27,,,1,103,,172624,27,,,1,95,,172626,27,0,16 17 9,1,17,,172627,27,,,1,93,,172629,27,,,1,34,,172631,27,0,16 17 9,1,67,,172633,27,0,16 17 9,1,92,,172636,27,,,1,93,,172638,27,0,16 17 9,1,52,,172640,27,,,1,99,,172642,27,0,16 17 9,1,91,,172644,27,,,1,100,,172645,27,0,16 17 9,1
3301,'20260902',1001,,172649,27,,,1,100,,172650,27,,,1,100,,172651,27,,,1,102,,172652,27,,,1,106,,172653,27,,,1,103,,172654,27,,,1,103,,172656,27,,,1,95,,172658,27,0,16 17 9,1,17,,172659,27,,,1,93,,172661,27,,,1,34,,172663,27,0,16 17 9,1,67,,172665,27,0,16 17 9,1,92,,172668,27,,,1,93,,172670,27,0,16 17 9,1,52,,172672,27,,,1,99,,172674,27,0,16 17 9,1,91,,172676,27,,,1,100,,172677,27,0,16 17 9,1
3301,'20260903',1001,,172681,27,,,1,100,,172682,27,,,1,100,,172683,27,,,1,102,,172684,27,,,1,106,,172685,27,,,1,103,,172686,27,,,1,103,,172688,27,,,1,95,,172690,27,0,16 17 9,1,17,,172691,27,,,1,93,,172693,27,,,1,34,,172695,27,0,16 17 9,1,67,,172697,27,0,16 17 9,1,92,,172700,27,,,1,93,,172702,27,0,16 17 9,1,52,,172704,27,,,1,99,,172706,27,0,16 17 9,1,91,,172708,27,,,1,100,,172709,27,0,16 17 9,1
3301,'20260904',1001,,172713,27,,,1,100,,172714,27,,,1,100,,172715,27,,,1,102,,172716,27,,,1,106,,172717,27,,,1,103,,172718,27,,,1,103,,172720,27,,,1,95,,172722,27,0,16 17 9,1,17,,172723,27,,,1,93,,172725,27,,,1,34,,172727,27,0,16 17 9,1,67,,172729,27,0,16 17 9,1,92,,172732,27,,,1,93,,172734,27,0,16 17 9,1,52,,172736,27,,,1,99,,172738,27,0,16 17 9,1,91,,172740,27,,,1,100,,172741,27,0,16 17 9,1
