3101,'20260508',640,,86966,14,0,37 43 44 47,1,60,,86967,14,0,37 43 44 47,1,21,,86968,24,0,43 44 47,1,24,,86969,14,0,37 43 44 47,1,75,,86970,22,0,5 43 44 47,1,100,,86971,22,0,5 43 44 47,1,1631,,86975,22,0,7 43 44 47,1,98,,86976,24,0,16 17 9,1,95,,86977,24,0,16 17 9,1
3101,'20260509',901,,86978,22,0,7 43 44 47,1,1720,,86982,24,0,16 17 9,1,95,,86984,24,0,16 17 9,1,30,,86985,24,0,16 17 9,1
3101,'20260510',901,,86986,22,0,7 43 44 47,1,1845,,86991,24,0,16 17 9,1
3101,'20260511',640,,86992,14,0,37 43 44 47,1,60,,86993,14,0,37 43 44 47,1,21,,86994,24,0,43 44 47,1,24,,86995,14,0,37 43 44 47,1,75,,86996,22,0,5 43 44 47,1,100,,86997,22,0,5 43 44 47,1,1631,,87001,22,0,7 43 44 47,1,98,,87002,24,0,16 17 9,1,95,,87003,24,0,16 17 9,1
3101,'20260512',640,,87004,14,0,37 43 44 47,1,60,,87005,14,0,37 43 44 47,1,21,,87006,24,0,43 44 47,1,24,,87007,14,0,37 43 44 47,1,75,,87008,22,0,5 43 44 47,1,100,,87009,22,0,5 43 44 47,1,1631,,87013,22,0,7 43 44 47,1,98,,87014,24,0,16 17 9,1,95,,87015,24,0,16 17 9,1
3101,'20260513',640,,87016,14,0,37 43 44 47,1,60,,87017,14,0,37 43 44 47,1,21,,87018,24,0,43 44 47,1,24,,87019,14,0,37 43 44 47,1,75,,87020,22,0,5 43 44 47,1,100,,87021,22,0,5 43 44 47,1,1631,,87025,22,0,7 43 44 47,1,98,,87026,24,0,16 17 9,1,95,,87027,24,0,16 17 9,1
3101,'20260514',640,,87028,14,0,37 43 44 47,1,60,,87029,14,0,37 43 44 47,1,21,,87030,24,0,43 44 47,1,24,,87031,14,0,37 43 44 47,1,75,,87032,22,0,5 43 44 47,1,100,,87033,22,0,5 43 44 47,1,1631,,87037,22,0,7 43 44 47,1,98,,87038,24,0,16 17 9,1,95,,87039,24,0,16 17 9,1
3101,'20260515',640,,87040,14,0,37 43 44 47,1,60,,87041,14,0,37 43 44 47,1,21,,87042,24,0,43 44 47,1,24,,87043,14,0,37 43 44 47,1,75,,87044,22,0,5 43 44 47,1,100,,87045,22,0,5 43 44 47,1,1631,,87053,22,0,7 43 44 47,1,98,,87054,24,0,16 17 9,1,95,,87055,24,0,16 17 9,1
3101,'20260516',901,,87056,22,0,7 43 44 47,1,905,,87084,16,0,71 101 9,1,600,,87103,16,0,71 101 9,1,215,,87110,24,0,16 17 9,1,95,,87112,24,0,16 17 9,1,30,,87113,24,0,16 17 9,1
3101,'20260517',901,,87114,22,0,7 43 44 47,1,905,,87142,16,0,71 101 9,1,600,,87161,16,0,71 101 9,1,340,,87169,24,0,16 17 9,1
3101,'20260518',901,,87170,22,0,7 43 44 47,1,905,,87198,16,0,71 101 9,1,600,,87217,16,0,71 101 9,1,215,,87224,24,0,16 17 9,1,95,,87226,24,0,16 17 9,1,30,,87227,24,0,16 17 9,1
3101,'20260519',640,,87228,14,0,37 43 44 47,1,60,,87229,14,0,37 43 44 47,1,21,,87230,24,0,43 44 47,1,24,,87231,14,0,37 43 44 47,1,75,,87232,22,0,5 43 44 47,1,100,,87233,22,0,5 43 44 47,1,1631,,87237,22,0,7 43 44 47,1,98,,87238,24,0,16 17 9,1,95,,87239,24,0,16 17 9,1
3101,'20260520',640,,87240,14,0,37 43 44 47,1,60,,87241,14,0,37 43 44 47,1,21,,87242,24,0,43 44 47,1,24,,87243,14,0,37 43 44 47,1,75,,87244,22,0,5 43 44 47,1,100,,87245,22,0,5 43 44 47,1,1631,,87249,22,0,7 43 44 47,1,98,,87250,24,0,16 17 9,1,95,,87251,24,0,16 17 9,1
3101,'20260521',640,,87252,14,0,37 43 44 47,1,60,,87253,14,0,37 43 44 47,1,21,,87254,24,0,43 44 47,1,24,,87255,14,0,37 43 44 47,1,75,,87256,22,0,5 43 44 47,1,100,,87257,22,0,5 43 44 47,1,1631,,87261,22,0,7 43 44 47,1,98,,87262,24,0,16 17 9,1,95,,87263,24,0,16 17 9,1
3101,'20260522',640,,87264,14,0,37 43 44 47,1,60,,87265,14,0,37 43 44 47,1,21,,87266,24,0,43 44 47,1,24,,87267,14,0,37 43 44 47,1,75,,87268,22,0,5 43 44 47,1,100,,87269,22,0,5 43 44 47,1,1631,,87273,22,0,7 43 44 47,1,98,,87274,24,0,16 17 9,1,95,,87275,24,0,16 17 9,1
3101,'20260523',901,,87276,22,0,7 43 44 47,1,1720,,87280,24,0,16 17 9,1,95,,87282,24,0,16 17 9,1,30,,87283,24,0,16 17 9,1
3101,'20260524',901,,87284,22,0,7 43 44 47,1,1845,,87289,24,0,16 17 9,1
3101,'20260525',640,,87290,14,0,37 43 44 47,1,60,,87291,14,0,37 43 44 47,1,21,,87292,24,0,43 44 47,1,24,,87293,14,0,37 43 44 47,1,75,,87294,22,0,5 43 44 47,1,100,,87295,22,0,5 43 44 47,1,1631,,87299,22,0,7 43 44 47,1,98,,87300,24,0,16 17 9,1,95,,87301,24,0,16 17 9,1
3101,'20260526',640,,87302,14,0,37 43 44 47,1,60,,87303,14,0,37 43 44 47,1,21,,87304,24,0,43 44 47,1,24,,87305,14,0,37 43 44 47,1,75,,87306,22,0,5 43 44 47,1,100,,87307,22,0,5 43 44 47,1,1631,,87311,22,0,7 43 44 47,1,98,,87312,24,0,16 17 9,1,95,,87313,24,0,16 17 9,1
3101,'20260527',640,,87314,14,0,37 43 44 47,1,60,,87315,14,0,37 43 44 47,1,21,,87316,24,0,43 44 47,1,24,,87317,14,0,37 43 44 47,1,75,,87318,22,0,5 43 44 47,1,100,,87319,22,0,5 43 44 47,1,1631,,87323,22,0,7 43 44 47,1,98,,87324,24,0,16 17 9,1,95,,87325,24,0,16 17 9,1
3101,'20260528',640,,87326,14,0,37 43 44 47,1,60,,87327,14,0,37 43 44 47,1,21,,87328,24,0,43 44 47,1,24,,87329,14,0,37 43 44 47,1,75,,87330,22,0,5 43 44 47,1,100,,87331,22,0,5 43 44 47,1,1631,,87335,22,0,7 43 44 47,1,98,,87336,24,0,16 17 9,1,95,,87337,24,0,16 17 9,1
3101,'20260529',640,,87338,14,0,37 43 44 47,1,60,,87339,14,0,37 43 44 47,1,21,,87340,24,0,43 44 47,1,24,,87341,14,0,37 43 44 47,1,75,,87342,22,0,5 43 44 47,1,100,,87343,22,0,5 43 44 47,1,1631,,87347,22,0,7 43 44 47,1,98,,87348,24,0,16 17 9,1,95,,87349,24,0,16 17 9,1
3101,'20260530',901,,87350,22,0,7 43 44 47,1,1720,,87354,24,0,16 17 9,1,95,,87356,24,0,16 17 9,1,30,,87357,24,0,16 17 9,1
3101,'20260531',901,,87358,22,0,7 43 44 47,1,1845,,87363,24,0,16 17 9,1
3101,'20260601',640,,87364,14,0,37 43 44 47,1,60,,87365,14,0,37 43 44 47,1,21,,87366,24,0,43 44 47,1,24,,87367,14,0,37 43 44 47,1,75,,87368,22,0,5 43 44 47,1,100,,87369,22,0,5 43 44 47,1,1631,,87373,22,0,7 43 44 47,1,98,,87374,24,0,16 17 9,1,95,,87375,24,0,16 17 9,1
3101,'20260602',640,,87376,14,0,37 43 44 47,1,60,,87377,14,0,37 43 44 47,1,21,,87378,24,0,43 44 47,1,24,,87379,14,0,37 43 44 47,1,75,,87380,22,0,5 43 44 47,1,100,,87381,22,0,5 43 44 47,1,1631,,87385,22,0,7 43 44 47,1,98,,87386,24,0,16 17 9,1,95,,87387,24,0,16 17 9,1
3101,'20260603',640,,87388,14,0,37 43 44 47,1,60,,87389,14,0,37 43 44 47,1,21,,87390,24,0,43 44 47,1,24,,87391,14,0,37 43 44 47,1,75,,87392,22,0,5 43 44 47,1,100,,87393,22,0,5 43 44 47,1,1631,,87397,22,0,7 43 44 47,1,98,,87398,24,0,16 17 9,1,95,,87399,24,0,16 17 9,1
3101,'20260604',640,,87400,14,0,37 43 44 47,1,60,,87401,14,0,37 43 44 47,1,21,,87402,24,0,43 44 47,1,24,,87403,14,0,37 43 44 47,1,75,,87404,22,0,5 43 44 47,1,100,,87405,22,0,5 43 44 47,1,1631,,87409,22,0,7 43 44 47,1,98,,87410,24,0,16 17 9,1,95,,87411,24,0,16 17 9,1
3101,'20260605',640,,87412,14,0,37 43 44 47,1,60,,87413,14,0,37 43 44 47,1,21,,87414,24,0,43 44 47,1,24,,87415,14,0,37 43 44 47,1,75,,87416,22,0,5 43 44 47,1,100,,87417,22,0,5 43 44 47,1,1631,,87421,22,0,7 43 44 47,1,98,,87422,24,0,16 17 9,1,95,,87423,24,0,16 17 9,1
3101,'20260606',901,,87424,22,0,7 43 44 47,1,1720,,87428,24,0,16 17 9,1,95,,87430,24,0,16 17 9,1,30,,87431,24,0,16 17 9,1
3101,'20260607',901,,87432,22,0,7 43 44 47,1,1845,,87437,24,0,16 17 9,1
3101,'20260608',640,,87438,14,0,37 43 44 47,1,60,,87439,14,0,37 43 44 47,1,21,,87440,24,0,43 44 47,1,24,,87441,14,0,37 43 44 47,1,75,,87442,22,0,5 43 44 47,1,100,,87443,22,0,5 43 44 47,1,1631,,87447,22,0,7 43 44 47,1,98,,87448,24,0,16 17 9,1,95,,87449,24,0,16 17 9,1
3101,'20260609',640,,87450,14,0,37 43 44 47,1,60,,87451,14,0,37 43 44 47,1,21,,87452,24,0,43 44 47,1,24,,87453,14,0,37 43 44 47,1,75,,87454,22,0,5 43 44 47,1,100,,87455,22,0,5 43 44 47,1,1631,,87459,22,0,7 43 44 47,1,98,,87460,24,0,16 17 9,1,95,,87461,24,0,16 17 9,1
3101,'20260610',640,,87462,14,0,37 43 44 47,1,60,,87463,14,0,37 43 44 47,1,21,,87464,24,0,43 44 47,1,24,,87465,14,0,37 43 44 47,1,75,,87466,22,0,5 43 44 47,1,100,,87467,22,0,5 43 44 47,1,1631,,87471,22,0,7 43 44 47,1,98,,87472,24,0,16 17 9,1,95,,87473,24,0,16 17 9,1
3101,'20260611',640,,87474,14,0,37 43 44 47,1,60,,87475,14,0,37 43 44 47,1,21,,87476,24,0,43 44 47,1,24,,87477,14,0,37 43 44 47,1,75,,87478,22,0,5 43 44 47,1,100,,87479,22,0,5 43 44 47,1,1631,,87483,22,0,7 43 44 47,1,98,,87484,24,0,16 17 9,1,95,,87485,24,0,16 17 9,1
3101,'20260612',640,,87486,14,0,37 43 44 47,1,60,,87487,14,0,37 43 44 47,1,21,,87488,24,0,43 44 47,1,24,,87489,14,0,37 43 44 47,1,75,,87490,22,0,5 43 44 47,1,100,,87491,22,0,5 43 44 47,1,1631,,87495,22,0,7 43 44 47,1,98,,87496,24,0,16 17 9,1,95,,87497,24,0,16 17 9,1
3101,'20260613',901,,165059,22,0,7 43 44 47,1,1720,,165063,24,0,16 17 9,1,95,,165065,24,0,16 17 9,1,30,,165066,24,0,16 17 9,1
3101,'20260614',901,,165067,22,0,7 43 44 47,1,1845,,165072,24,0,16 17 9,1
3101,'20260615',640,,165073,14,0,37 43 44 47,1,60,,165074,14,0,37 43 44 47,1,21,,165075,24,0,43 44 47,1,24,,165076,14,0,37 43 44 47,1,75,,165077,22,0,5 43 44 47,1,100,,165078,22,0,5 43 44 47,1,1631,,165082,22,0,7 43 44 47,1,98,,165083,24,0,16 17 9,1,95,,165084,24,0,16 17 9,1
3101,'20260616',640,,165085,14,0,37 43 44 47,1,60,,165086,14,0,37 43 44 47,1,21,,165087,24,0,43 44 47,1,24,,165088,14,0,37 43 44 47,1,75,,165089,22,0,5 43 44 47,1,100,,165090,22,0,5 43 44 47,1,1631,,165094,22,0,7 43 44 47,1,98,,165095,24,0,16 17 9,1,95,,165096,24,0,16 17 9,1
3101,'20260617',640,,165097,14,0,37 43 44 47,1,60,,165098,14,0,37 43 44 47,1,21,,165099,24,0,43 44 47,1,24,,165100,14,0,37 43 44 47,1,75,,165101,22,0,5 43 44 47,1,100,,165102,22,0,5 43 44 47,1,1631,,165106,22,0,7 43 44 47,1,98,,165107,24,0,16 17 9,1,95,,165108,24,0,16 17 9,1
3101,'20260618',640,,165109,14,0,37 43 44 47,1,60,,165110,14,0,37 43 44 47,1,21,,165111,24,0,43 44 47,1,24,,165112,14,0,37 43 44 47,1,75,,165113,22,0,5 43 44 47,1,100,,165114,22,0,5 43 44 47,1,1631,,165118,22,0,7 43 44 47,1,98,,165119,24,0,16 17 9,1,95,,165120,24,0,16 17 9,1
3101,'20260619',640,,165121,14,0,37 43 44 47,1,60,,165122,14,0,37 43 44 47,1,21,,165123,24,0,43 44 47,1,24,,165124,14,0,37 43 44 47,1,75,,165125,22,0,5 43 44 47,1,100,,165126,22,0,5 43 44 47,1,1631,,165130,22,0,7 43 44 47,1,98,,165131,24,0,16 17 9,1,95,,165132,24,0,16 17 9,1
3101,'20260620',901,,165133,22,0,7 43 44 47,1,1720,,165137,24,0,16 17 9,1,95,,165139,24,0,16 17 9,1,30,,165140,24,0,16 17 9,1
3101,'20260621',901,,165141,22,0,7 43 44 47,1,1845,,165146,24,0,16 17 9,1
3101,'20260622',640,,165147,14,0,37 43 44 47,1,60,,165148,14,0,37 43 44 47,1,21,,165149,24,0,43 44 47,1,24,,165150,14,0,37 43 44 47,1,75,,165151,22,0,5 43 44 47,1,100,,165152,22,0,5 43 44 47,1,1631,,165156,22,0,7 43 44 47,1,98,,165157,24,0,16 17 9,1,95,,165158,24,0,16 17 9,1
3101,'20260623',640,,165159,14,0,37 43 44 47,1,60,,165160,14,0,37 43 44 47,1,21,,165161,24,0,43 44 47,1,24,,165162,14,0,37 43 44 47,1,75,,165163,22,0,5 43 44 47,1,100,,165164,22,0,5 43 44 47,1,1631,,165168,22,0,7 43 44 47,1,98,,165169,24,0,16 17 9,1,95,,165170,24,0,16 17 9,1
3101,'20260624',640,,165171,14,0,37 43 44 47,1,60,,165172,14,0,37 43 44 47,1,21,,165173,24,0,43 44 47,1,24,,165174,14,0,37 43 44 47,1,75,,165175,22,0,5 43 44 47,1,100,,165176,22,0,5 43 44 47,1,1631,,165180,22,0,7 43 44 47,1,98,,165181,24,0,16 17 9,1,95,,165182,24,0,16 17 9,1
3101,'20260625',640,,165183,14,0,37 43 44 47,1,60,,165184,14,0,37 43 44 47,1,21,,165185,24,0,43 44 47,1,24,,165186,14,0,37 43 44 47,1,75,,165187,22,0,5 43 44 47,1,100,,165188,22,0,5 43 44 47,1,1631,,165192,22,0,7 43 44 47,1,98,,165193,24,0,16 17 9,1,95,,165194,24,0,16 17 9,1
3101,'20260626',640,,165195,14,0,37 43 44 47,1,60,,165196,14,0,37 43 44 47,1,21,,165197,24,0,43 44 47,1,24,,165198,14,0,37 43 44 47,1,75,,165199,22,0,5 43 44 47,1,100,,165200,22,0,5 43 44 47,1,1631,,165204,22,0,7 43 44 47,1,98,,165205,24,0,16 17 9,1,95,,165206,24,0,16 17 9,1
3101,'20260627',901,,165207,22,0,7 43 44 47,1,1720,,165211,24,0,16 17 9,1,95,,165213,24,0,16 17 9,1,30,,165214,24,0,16 17 9,1
3101,'20260628',901,,165215,22,0,7 43 44 47,1,1845,,165220,24,0,16 17 9,1
3101,'20260629',640,,165221,14,0,37 43 44 47,1,60,,165222,14,0,37 43 44 47,1,21,,165223,24,0,43 44 47,1,24,,165224,14,0,37 43 44 47,1,75,,165225,22,0,5 43 44 47,1,100,,165226,22,0,5 43 44 47,1,1631,,165230,22,0,7 43 44 47,1,98,,165231,24,0,16 17 9,1,95,,165232,24,0,16 17 9,1
3101,'20260630',640,,165233,14,0,37 43 44 47,1,60,,165234,14,0,37 43 44 47,1,21,,165235,24,0,43 44 47,1,24,,165236,14,0,37 43 44 47,1,75,,165237,22,0,5 43 44 47,1,100,,165238,22,0,5 43 44 47,1,1631,,165242,22,0,7 43 44 47,1,98,,165243,24,0,16 17 9,1,95,,165244,24,0,16 17 9,1
3101,'20260701',901,,165245,22,0,7 43 44 47,1,1720,,165249,24,0,16 17 9,1,95,,165251,24,0,16 17 9,1,30,,165252,24,0,16 17 9,1
3101,'20260702',640,,165253,14,0,37 43 44 47,1,60,,165254,14,0,37 43 44 47,1,21,,165255,24,0,43 44 47,1,24,,165256,14,0,37 43 44 47,1,75,,165257,22,0,5 43 44 47,1,100,,165258,22,0,5 43 44 47,1,1631,,165262,22,0,7 43 44 47,1,98,,165263,24,0,16 17 9,1,95,,165264,24,0,16 17 9,1
3101,'20260703',640,,165265,14,0,37 43 44 47,1,60,,165266,14,0,37 43 44 47,1,21,,165267,24,0,43 44 47,1,24,,165268,14,0,37 43 44 47,1,75,,165269,22,0,5 43 44 47,1,100,,165270,22,0,5 43 44 47,1,1631,,165274,22,0,7 43 44 47,1,98,,165275,24,0,16 17 9,1,95,,165276,24,0,16 17 9,1
3101,'20260704',901,,165277,22,0,7 43 44 47,1,1720,,165281,24,0,16 17 9,1,95,,165283,24,0,16 17 9,1,30,,165284,24,0,16 17 9,1
3101,'20260705',901,,165285,22,0,7 43 44 47,1,1845,,165290,24,0,16 17 9,1
3101,'20260706',640,,165291,14,0,37 43 44 47,1,60,,165292,14,0,37 43 44 47,1,21,,165293,24,0,43 44 47,1,24,,165294,14,0,37 43 44 47,1,75,,165295,22,0,5 43 44 47,1,100,,165296,22,0,5 43 44 47,1,1631,,165300,22,0,7 43 44 47,1,98,,165301,24,0,16 17 9,1,95,,165302,24,0,16 17 9,1
3101,'20260707',640,,165303,14,0,37 43 44 47,1,60,,165304,14,0,37 43 44 47,1,21,,165305,24,0,43 44 47,1,24,,165306,14,0,37 43 44 47,1,75,,165307,22,0,5 43 44 47,1,100,,165308,22,0,5 43 44 47,1,1631,,165312,22,0,7 43 44 47,1,98,,165313,24,0,16 17 9,1,95,,165314,24,0,16 17 9,1
3101,'20260708',640,,165315,14,0,37 43 44 47,1,60,,165316,14,0,37 43 44 47,1,21,,165317,24,0,43 44 47,1,24,,165318,14,0,37 43 44 47,1,75,,165319,22,0,5 43 44 47,1,100,,165320,22,0,5 43 44 47,1,1631,,165324,22,0,7 43 44 47,1,98,,165325,24,0,16 17 9,1,95,,165326,24,0,16 17 9,1
3101,'20260709',640,,165327,14,0,37 43 44 47,1,60,,165328,14,0,37 43 44 47,1,21,,165329,24,0,43 44 47,1,24,,165330,14,0,37 43 44 47,1,75,,165331,22,0,5 43 44 47,1,100,,165332,22,0,5 43 44 47,1,1631,,165336,22,0,7 43 44 47,1,98,,165337,24,0,16 17 9,1,95,,165338,24,0,16 17 9,1
3101,'20260710',640,,165339,14,0,37 43 44 47,1,60,,165340,14,0,37 43 44 47,1,21,,165341,24,0,43 44 47,1,24,,165342,14,0,37 43 44 47,1,75,,165343,22,0,5 43 44 47,1,100,,165344,22,0,5 43 44 47,1,1631,,165348,22,0,7 43 44 47,1,98,,165349,24,0,16 17 9,1,95,,165350,24,0,16 17 9,1
3101,'20260711',901,,165351,22,0,7 43 44 47,1,1720,,165355,24,0,16 17 9,1,95,,165357,24,0,16 17 9,1,30,,165358,24,0,16 17 9,1
3101,'20260712',901,,165359,22,0,7 43 44 47,1,1845,,165364,24,0,16 17 9,1
3101,'20260713',640,,165365,14,0,37 43 44 47,1,60,,165366,14,0,37 43 44 47,1,21,,165367,24,0,43 44 47,1,24,,165368,14,0,37 43 44 47,1,75,,165369,22,0,5 43 44 47,1,100,,165370,22,0,5 43 44 47,1,1631,,165374,22,0,7 43 44 47,1,98,,165375,24,0,16 17 9,1,95,,165376,24,0,16 17 9,1
3101,'20260714',640,,165377,14,0,37 43 44 47,1,60,,165378,14,0,37 43 44 47,1,21,,165379,24,0,43 44 47,1,24,,165380,14,0,37 43 44 47,1,75,,165381,22,0,5 43 44 47,1,100,,165382,22,0,5 43 44 47,1,1631,,165386,22,0,7 43 44 47,1,98,,165387,24,0,16 17 9,1,95,,165388,24,0,16 17 9,1
3101,'20260715',640,,165389,14,0,37 43 44 47,1,60,,165390,14,0,37 43 44 47,1,21,,165391,24,0,43 44 47,1,24,,165392,14,0,37 43 44 47,1,75,,165393,22,0,5 43 44 47,1,100,,165394,22,0,5 43 44 47,1,1631,,165398,22,0,7 43 44 47,1,98,,165399,24,0,16 17 9,1,95,,165400,24,0,16 17 9,1
3101,'20260716',640,,165401,14,0,37 43 44 47,1,60,,165402,14,0,37 43 44 47,1,21,,165403,24,0,43 44 47,1,24,,165404,14,0,37 43 44 47,1,75,,165405,22,0,5 43 44 47,1,100,,165406,22,0,5 43 44 47,1,1631,,165410,22,0,7 43 44 47,1,98,,165411,24,0,16 17 9,1,95,,165412,24,0,16 17 9,1
3101,'20260717',640,,165413,14,0,37 43 44 47,1,60,,165414,14,0,37 43 44 47,1,21,,165415,24,0,43 44 47,1,24,,165416,14,0,37 43 44 47,1,75,,165417,22,0,5 43 44 47,1,100,,165418,22,0,5 43 44 47,1,1631,,165422,22,0,7 43 44 47,1,98,,165423,24,0,16 17 9,1,95,,165424,24,0,16 17 9,1
3101,'20260718',901,,165425,22,0,7 43 44 47,1,1720,,165429,24,0,16 17 9,1,95,,165431,24,0,16 17 9,1,30,,165432,24,0,16 17 9,1
3101,'20260719',901,,165433,22,0,7 43 44 47,1,1845,,165438,24,0,16 17 9,1
3101,'20260720',640,,165439,14,0,37 43 44 47,1,60,,165440,14,0,37 43 44 47,1,21,,165441,24,0,43 44 47,1,24,,165442,14,0,37 43 44 47,1,75,,165443,22,0,5 43 44 47,1,100,,165444,22,0,5 43 44 47,1,1631,,165448,22,0,7 43 44 47,1,98,,165449,24,0,16 17 9,1,95,,165450,24,0,16 17 9,1
3101,'20260721',640,,165451,14,0,37 43 44 47,1,60,,165452,14,0,37 43 44 47,1,21,,165453,24,0,43 44 47,1,24,,165454,14,0,37 43 44 47,1,75,,165455,22,0,5 43 44 47,1,100,,165456,22,0,5 43 44 47,1,1631,,165460,22,0,7 43 44 47,1,98,,165461,24,0,16 17 9,1,95,,165462,24,0,16 17 9,1
3101,'20260722',640,,165463,14,0,37 43 44 47,1,60,,165464,14,0,37 43 44 47,1,21,,165465,24,0,43 44 47,1,24,,165466,14,0,37 43 44 47,1,75,,165467,22,0,5 43 44 47,1,100,,165468,22,0,5 43 44 47,1,1631,,165472,22,0,7 43 44 47,1,98,,165473,24,0,16 17 9,1,95,,165474,24,0,16 17 9,1
3101,'20260723',640,,165475,14,0,37 43 44 47,1,60,,165476,14,0,37 43 44 47,1,21,,165477,24,0,43 44 47,1,24,,165478,14,0,37 43 44 47,1,75,,165479,22,0,5 43 44 47,1,100,,165480,22,0,5 43 44 47,1,1631,,165484,22,0,7 43 44 47,1,98,,165485,24,0,16 17 9,1,95,,165486,24,0,16 17 9,1
3101,'20260724',640,,165487,14,0,37 43 44 47,1,60,,165488,14,0,37 43 44 47,1,21,,165489,24,0,43 44 47,1,24,,165490,14,0,37 43 44 47,1,75,,165491,22,0,5 43 44 47,1,100,,165492,22,0,5 43 44 47,1,1631,,165496,22,0,7 43 44 47,1,98,,165497,24,0,16 17 9,1,95,,165498,24,0,16 17 9,1
3101,'20260725',901,,165499,22,0,7 43 44 47,1,1720,,165503,24,0,16 17 9,1,95,,165505,24,0,16 17 9,1,30,,165506,24,0,16 17 9,1
3101,'20260726',901,,165507,22,0,7 43 44 47,1,1845,,165512,24,0,16 17 9,1
3101,'20260727',640,,165513,14,0,37 43 44 47,1,60,,165514,14,0,37 43 44 47,1,21,,165515,24,0,43 44 47,1,24,,165516,14,0,37 43 44 47,1,75,,165517,22,0,5 43 44 47,1,100,,165518,22,0,5 43 44 47,1,1631,,165522,22,0,7 43 44 47,1,98,,165523,24,0,16 17 9,1,95,,165524,24,0,16 17 9,1
3101,'20260728',640,,165525,14,0,37 43 44 47,1,60,,165526,14,0,37 43 44 47,1,21,,165527,24,0,43 44 47,1,24,,165528,14,0,37 43 44 47,1,75,,165529,22,0,5 43 44 47,1,100,,165530,22,0,5 43 44 47,1,1631,,165534,22,0,7 43 44 47,1,98,,165535,24,0,16 17 9,1,95,,165536,24,0,16 17 9,1
3101,'20260729',640,,165537,14,0,37 43 44 47,1,60,,165538,14,0,37 43 44 47,1,21,,165539,24,0,43 44 47,1,24,,165540,14,0,37 43 44 47,1,75,,165541,22,0,5 43 44 47,1,100,,165542,22,0,5 43 44 47,1,1631,,165546,22,0,7 43 44 47,1,98,,165547,24,0,16 17 9,1,95,,165548,24,0,16 17 9,1
3101,'20260730',640,,165549,14,0,37 43 44 47,1,60,,165550,14,0,37 43 44 47,1,21,,165551,24,0,43 44 47,1,24,,165552,14,0,37 43 44 47,1,75,,165553,22,0,5 43 44 47,1,100,,165554,22,0,5 43 44 47,1,1631,,165558,22,0,7 43 44 47,1,98,,165559,24,0,16 17 9,1,95,,165560,24,0,16 17 9,1
3101,'20260731',640,,165561,14,0,37 43 44 47,1,60,,165562,14,0,37 43 44 47,1,21,,165563,24,0,43 44 47,1,24,,165564,14,0,37 43 44 47,1,75,,165565,22,0,5 43 44 47,1,100,,165566,22,0,5 43 44 47,1,1631,,165570,22,0,7 43 44 47,1,98,,165571,24,0,16 17 9,1,95,,165572,24,0,16 17 9,1
3101,'20260801',901,,165573,22,0,7 43 44 47,1,1720,,165577,24,0,16 17 9,1,95,,165579,24,0,16 17 9,1,30,,165580,24,0,16 17 9,1
3101,'20260802',901,,165581,22,0,7 43 44 47,1,1845,,165586,24,0,16 17 9,1
3101,'20260803',901,,165587,22,0,7 43 44 47,1,1720,,165591,24,0,16 17 9,1,95,,165593,24,0,16 17 9,1,30,,165594,24,0,16 17 9,1
3101,'20260804',640,,165595,14,0,37 43 44 47,1,60,,165596,14,0,37 43 44 47,1,21,,165597,24,0,43 44 47,1,24,,165598,14,0,37 43 44 47,1,75,,165599,22,0,5 43 44 47,1,100,,165600,22,0,5 43 44 47,1,1631,,165604,22,0,7 43 44 47,1,98,,165605,24,0,16 17 9,1,95,,165606,24,0,16 17 9,1
3101,'20260805',640,,165607,14,0,37 43 44 47,1,60,,165608,14,0,37 43 44 47,1,21,,165609,24,0,43 44 47,1,24,,165610,14,0,37 43 44 47,1,75,,165611,22,0,5 43 44 47,1,100,,165612,22,0,5 43 44 47,1,1631,,165616,22,0,7 43 44 47,1,98,,165617,24,0,16 17 9,1,95,,165618,24,0,16 17 9,1
3101,'20260806',640,,165619,14,0,37 43 44 47,1,60,,165620,14,0,37 43 44 47,1,21,,165621,24,0,43 44 47,1,24,,165622,14,0,37 43 44 47,1,75,,165623,22,0,5 43 44 47,1,100,,165624,22,0,5 43 44 47,1,1631,,165628,22,0,7 43 44 47,1,98,,165629,24,0,16 17 9,1,95,,165630,24,0,16 17 9,1
3101,'20260807',640,,165631,14,0,37 43 44 47,1,60,,165632,14,0,37 43 44 47,1,21,,165633,24,0,43 44 47,1,24,,165634,14,0,37 43 44 47,1,75,,165635,22,0,5 43 44 47,1,100,,165636,22,0,5 43 44 47,1,1631,,165640,22,0,7 43 44 47,1,98,,165641,24,0,16 17 9,1,95,,165642,24,0,16 17 9,1
3101,'20260808',901,,165643,22,0,7 43 44 47,1,1720,,165647,24,0,16 17 9,1,95,,165649,24,0,16 17 9,1,30,,165650,24,0,16 17 9,1
3101,'20260809',901,,165651,22,0,7 43 44 47,1,1845,,165656,24,0,16 17 9,1
3101,'20260810',640,,165657,14,0,37 43 44 47,1,60,,165658,14,0,37 43 44 47,1,21,,165659,24,0,43 44 47,1,24,,165660,14,0,37 43 44 47,1,75,,165661,22,0,5 43 44 47,1,100,,165662,22,0,5 43 44 47,1,1631,,165666,22,0,7 43 44 47,1,98,,165667,24,0,16 17 9,1,95,,165668,24,0,16 17 9,1
3101,'20260811',640,,165669,14,0,37 43 44 47,1,60,,165670,14,0,37 43 44 47,1,21,,165671,24,0,43 44 47,1,24,,165672,14,0,37 43 44 47,1,75,,165673,22,0,5 43 44 47,1,100,,165674,22,0,5 43 44 47,1,1631,,165678,22,0,7 43 44 47,1,98,,165679,24,0,16 17 9,1,95,,165680,24,0,16 17 9,1
3101,'20260812',640,,165681,14,0,37 43 44 47,1,60,,165682,14,0,37 43 44 47,1,21,,165683,24,0,43 44 47,1,24,,165684,14,0,37 43 44 47,1,75,,165685,22,0,5 43 44 47,1,100,,165686,22,0,5 43 44 47,1,1631,,165690,22,0,7 43 44 47,1,98,,165691,24,0,16 17 9,1,95,,165692,24,0,16 17 9,1
3101,'20260813',640,,165693,14,0,37 43 44 47,1,60,,165694,14,0,37 43 44 47,1,21,,165695,24,0,43 44 47,1,24,,165696,14,0,37 43 44 47,1,75,,165697,22,0,5 43 44 47,1,100,,165698,22,0,5 43 44 47,1,1631,,165702,22,0,7 43 44 47,1,98,,165703,24,0,16 17 9,1,95,,165704,24,0,16 17 9,1
3101,'20260814',640,,165705,14,0,37 43 44 47,1,60,,165706,14,0,37 43 44 47,1,21,,165707,24,0,43 44 47,1,24,,165708,14,0,37 43 44 47,1,75,,165709,22,0,5 43 44 47,1,100,,165710,22,0,5 43 44 47,1,1631,,165714,22,0,7 43 44 47,1,98,,165715,24,0,16 17 9,1,95,,165716,24,0,16 17 9,1
3101,'20260815',901,,165717,22,0,7 43 44 47,1,1720,,165721,24,0,16 17 9,1,95,,165723,24,0,16 17 9,1,30,,165724,24,0,16 17 9,1
3101,'20260816',901,,165725,22,0,7 43 44 47,1,1845,,165730,24,0,16 17 9,1
3101,'20260817',640,,165731,14,0,37 43 44 47,1,60,,165732,14,0,37 43 44 47,1,21,,165733,24,0,43 44 47,1,24,,165734,14,0,37 43 44 47,1,75,,165735,22,0,5 43 44 47,1,100,,165736,22,0,5 43 44 47,1,1631,,165740,22,0,7 43 44 47,1,98,,165741,24,0,16 17 9,1,95,,165742,24,0,16 17 9,1
3101,'20260818',640,,165743,14,0,37 43 44 47,1,60,,165744,14,0,37 43 44 47,1,21,,165745,24,0,43 44 47,1,24,,165746,14,0,37 43 44 47,1,75,,165747,22,0,5 43 44 47,1,100,,165748,22,0,5 43 44 47,1,1631,,165752,22,0,7 43 44 47,1,98,,165753,24,0,16 17 9,1,95,,165754,24,0,16 17 9,1
3101,'20260819',640,,165755,14,0,37 43 44 47,1,60,,165756,14,0,37 43 44 47,1,21,,165757,24,0,43 44 47,1,24,,165758,14,0,37 43 44 47,1,75,,165759,22,0,5 43 44 47,1,100,,165760,22,0,5 43 44 47,1,1631,,165764,22,0,7 43 44 47,1,98,,165765,24,0,16 17 9,1,95,,165766,24,0,16 17 9,1
3101,'20260820',640,,165767,14,0,37 43 44 47,1,60,,165768,14,0,37 43 44 47,1,21,,165769,24,0,43 44 47,1,24,,165770,14,0,37 43 44 47,1,75,,165771,22,0,5 43 44 47,1,100,,165772,22,0,5 43 44 47,1,1631,,165776,22,0,7 43 44 47,1,98,,165777,24,0,16 17 9,1,95,,165778,24,0,16 17 9,1
3101,'20260821',640,,165779,14,0,37 43 44 47,1,60,,165780,14,0,37 43 44 47,1,21,,165781,24,0,43 44 47,1,24,,165782,14,0,37 43 44 47,1,75,,165783,22,0,5 43 44 47,1,100,,165784,22,0,5 43 44 47,1,1631,,165788,22,0,7 43 44 47,1,98,,165789,24,0,16 17 9,1,95,,165790,24,0,16 17 9,1
3101,'20260822',901,,165791,22,0,7 43 44 47,1,1720,,165795,24,0,16 17 9,1,95,,165797,24,0,16 17 9,1,30,,165798,24,0,16 17 9,1
3101,'20260823',901,,165799,22,0,7 43 44 47,1,1845,,165804,24,0,16 17 9,1
3101,'20260824',640,,165805,14,0,37 43 44 47,1,60,,165806,14,0,37 43 44 47,1,21,,165807,24,0,43 44 47,1,24,,165808,14,0,37 43 44 47,1,75,,165809,22,0,5 43 44 47,1,100,,165810,22,0,5 43 44 47,1,1631,,165814,22,0,7 43 44 47,1,98,,165815,24,0,16 17 9,1,95,,165816,24,0,16 17 9,1
3101,'20260825',640,,165817,14,0,37 43 44 47,1,60,,165818,14,0,37 43 44 47,1,21,,165819,24,0,43 44 47,1,24,,165820,14,0,37 43 44 47,1,75,,165821,22,0,5 43 44 47,1,100,,165822,22,0,5 43 44 47,1,1631,,165826,22,0,7 43 44 47,1,98,,165827,24,0,16 17 9,1,95,,165828,24,0,16 17 9,1
3101,'20260826',640,,165829,14,0,37 43 44 47,1,60,,165830,14,0,37 43 44 47,1,21,,165831,24,0,43 44 47,1,24,,165832,14,0,37 43 44 47,1,75,,165833,22,0,5 43 44 47,1,100,,165834,22,0,5 43 44 47,1,1631,,165838,22,0,7 43 44 47,1,98,,165839,24,0,16 17 9,1,95,,165840,24,0,16 17 9,1
3101,'20260827',640,,165841,14,0,37 43 44 47,1,60,,165842,14,0,37 43 44 47,1,21,,165843,24,0,43 44 47,1,24,,165844,14,0,37 43 44 47,1,75,,165845,22,0,5 43 44 47,1,100,,165846,22,0,5 43 44 47,1,1631,,165850,22,0,7 43 44 47,1,98,,165851,24,0,16 17 9,1,95,,165852,24,0,16 17 9,1
3101,'20260828',640,,165853,14,0,37 43 44 47,1,60,,165854,14,0,37 43 44 47,1,21,,165855,24,0,43 44 47,1,24,,165856,14,0,37 43 44 47,1,75,,165857,22,0,5 43 44 47,1,100,,165858,22,0,5 43 44 47,1,1631,,165862,22,0,7 43 44 47,1,98,,165863,24,0,16 17 9,1,95,,165864,24,0,16 17 9,1
3101,'20260829',901,,165865,22,0,7 43 44 47,1,1720,,165869,24,0,16 17 9,1,95,,165871,24,0,16 17 9,1,30,,165872,24,0,16 17 9,1
3101,'20260830',901,,165873,22,0,7 43 44 47,1,1845,,165878,24,0,16 17 9,1
3101,'20260831',640,,165879,14,0,37 43 44 47,1,60,,165880,14,0,37 43 44 47,1,21,,165881,24,0,43 44 47,1,24,,165882,14,0,37 43 44 47,1,75,,165883,22,0,5 43 44 47,1,100,,165884,22,0,5 43 44 47,1,1631,,165888,22,0,7 43 44 47,1,98,,165889,24,0,16 17 9,1,95,,165890,24,0,16 17 9,1
3101,'20260901',640,,165891,14,0,37 43 44 47,1,60,,165892,14,0,37 43 44 47,1,21,,165893,24,0,43 44 47,1,24,,165894,14,0,37 43 44 47,1,75,,165895,22,0,5 43 44 47,1,100,,165896,22,0,5 43 44 47,1,1631,,165900,22,0,7 43 44 47,1,98,,165901,24,0,16 17 9,1,95,,165902,24,0,16 17 9,1
3101,'20260902',640,,165903,14,0,37 43 44 47,1,60,,165904,14,0,37 43 44 47,1,21,,165905,24,0,43 44 47,1,24,,165906,14,0,37 43 44 47,1,75,,165907,22,0,5 43 44 47,1,100,,165908,22,0,5 43 44 47,1,1631,,165912,22,0,7 43 44 47,1,98,,165913,24,0,16 17 9,1,95,,165914,24,0,16 17 9,1
3101,'20260903',640,,165915,14,0,37 43 44 47,1,60,,165916,14,0,37 43 44 47,1,21,,165917,24,0,43 44 47,1,24,,165918,14,0,37 43 44 47,1,75,,165919,22,0,5 43 44 47,1,100,,165920,22,0,5 43 44 47,1,1631,,165924,22,0,7 43 44 47,1,98,,165925,24,0,16 17 9,1,95,,165926,24,0,16 17 9,1
3101,'20260904',640,,165927,14,0,37 43 44 47,1,60,,165928,14,0,37 43 44 47,1,21,,165929,24,0,43 44 47,1,24,,165930,14,0,37 43 44 47,1,75,,165931,22,0,5 43 44 47,1,100,,165932,22,0,5 43 44 47,1,1631,,165936,22,0,7 43 44 47,1,98,,165937,24,0,16 17 9,1,95,,165938,24,0,16 17 9,1
3301,'20260508',1000,,90551,26,,,1,100,,90552,26,,,1,100,,90553,26,,,1,102,,90554,26,,,1,106,,90555,26,,,1,103,,90556,26,,,1,104,,90558,26,,,1,94,,90560,26,0,16 17 9,1,18,,90561,26,,,1,92,,90563,26,,,1,34,,90565,26,0,16 17 9,1,67,,90567,26,0,16 17 9,1,92,,90570,26,,,1,93,,90572,26,0,16 17 9,1,52,,90574,26,,,1,99,,90576,26,0,16 17 9,1,91,,90578,26,,,1,100,,90579,26,0,16 17 9,1
3301,'20260509',956,,90581,7,0,53 17 9,1,102,,90582,26,,,1,100,,90583,7,0,53 17 9,1,143,,90584,26,,,1,57,,90585,7,0,53 17 9,1,100,,90586,26,,,1,100,,90587,7,0,53 17 9,1,100,,90588,26,,,1,198,,90589,26,,,1,200,,90590,26,,,1,199,,90591,26,,,1,202,,90592,26,,,1
3301,'20260510',956,,90593,7,0,53 17 9,1,102,,90594,26,,,1,100,,90595,7,0,53 17 9,1,143,,90596,26,,,1,57,,90597,7,0,53 17 9,1,100,,90598,26,,,1,100,,90599,7,0,53 17 9,1,100,,90600,26,,,1,198,,90601,26,,,1,200,,90602,26,,,1,199,,90603,26,,,1,202,,90604,26,,,1
3301,'20260511',1000,,90607,26,,,1,100,,90608,26,,,1,100,,90609,26,,,1,102,,90610,26,,,1,106,,90611,26,,,1,103,,90612,26,,,1,104,,90614,26,,,1,94,,90616,26,0,16 17 9,1,18,,90617,26,,,1,92,,90619,26,,,1,34,,90621,26,0,16 17 9,1,67,,90623,26,0,16 17 9,1,92,,90626,26,,,1,93,,90628,26,0,16 17 9,1,52,,90630,26,,,1,99,,90632,26,0,16 17 9,1,91,,90634,26,,,1,100,,90635,26,0,16 17 9,1
3301,'20260512',1000,,90639,26,,,1,100,,90640,26,,,1,100,,90641,26,,,1,102,,90642,26,,,1,106,,90643,26,,,1,103,,90644,26,,,1,104,,90646,26,,,1,94,,90648,26,0,16 17 9,1,18,,90649,26,,,1,92,,90651,26,,,1,34,,90653,26,0,16 17 9,1,67,,90655,26,0,16 17 9,1,92,,90658,26,,,1,93,,90660,26,0,16 17 9,1,52,,90662,26,,,1,99,,90664,26,0,16 17 9,1,91,,90666,26,,,1,100,,90667,26,0,16 17 9,1
3301,'20260513',1000,,90671,26,,,1,100,,90672,26,,,1,100,,90673,26,,,1,102,,90674,26,,,1,106,,90675,26,,,1,103,,90676,26,,,1,104,,90678,26,,,1,94,,90680,26,0,16 17 9,1,18,,90681,26,,,1,92,,90683,26,,,1,34,,90685,26,0,16 17 9,1,67,,90687,26,0,16 17 9,1,92,,90690,26,,,1,93,,90692,26,0,16 17 9,1,52,,90694,26,,,1,99,,90696,26,0,16 17 9,1,91,,90698,26,,,1,100,,90699,26,0,16 17 9,1
3301,'20260514',1000,,90703,26,,,1,100,,90704,26,,,1,100,,90705,26,,,1,102,,90706,26,,,1,106,,90707,26,,,1,103,,90708,26,,,1,104,,90710,26,,,1,94,,90712,26,0,16 17 9,1,18,,90713,26,,,1,92,,90715,26,,,1,34,,90717,26,0,16 17 9,1,67,,90719,26,0,16 17 9,1,92,,90722,26,,,1,93,,90724,26,0,16 17 9,1,52,,90726,26,,,1,99,,90728,26,0,16 17 9,1,91,,90730,26,,,1,100,,90731,26,0,16 17 9,1
3301,'20260515',1000,,90735,26,,,1,100,,90736,26,,,1,100,,90737,26,,,1,102,,90738,26,,,1,106,,90739,26,,,1,103,,90740,26,,,1,104,,90742,26,,,1,94,,90744,26,0,16 17 9,1,18,,90745,26,,,1,92,,90747,26,,,1,34,,90749,26,0,16 17 9,1,67,,90751,26,0,16 17 9,1,92,,90754,26,,,1,93,,90756,26,0,16 17 9,1,52,,90758,26,,,1,99,,90760,26,0,16 17 9,1,91,,90762,26,,,1,100,,90763,26,0,16 17 9,1
3301,'20260516',956,,90765,7,0,53 17 9,1,102,,90766,26,,,1,100,,90767,7,0,53 17 9,1,143,,90768,26,,,1,57,,90769,7,0,53 17 9,1,100,,90770,26,,,1,100,,90771,7,0,53 17 9,1,100,,90772,26,,,1,198,,90773,26,,,1,200,,90774,26,,,1,199,,90775,26,,,1,202,,90776,26,,,1
3301,'20260517',956,,90777,7,0,53 17 9,1,102,,90778,26,,,1,100,,90779,7,0,53 17 9,1,143,,90780,26,,,1,57,,90781,7,0,53 17 9,1,100,,90782,26,,,1,100,,90783,7,0,53 17 9,1,100,,90784,26,,,1,198,,90785,26,,,1,200,,90786,26,,,1,199,,90787,26,,,1,202,,90788,26,,,1
3301,'20260518',956,,90789,7,0,53 17 9,1,102,,90790,26,,,1,100,,90791,7,0,53 17 9,1,143,,90792,26,,,1,57,,90793,7,0,53 17 9,1,100,,90794,26,,,1,100,,90795,7,0,53 17 9,1,100,,90796,26,,,1,198,,90797,26,,,1,200,,90798,26,,,1,199,,90799,26,,,1,202,,90800,26,,,1
3301,'20260519',1000,,90803,26,,,1,100,,90804,26,,,1,100,,90805,26,,,1,102,,90806,26,,,1,106,,90807,26,,,1,103,,90808,26,,,1,104,,90810,26,,,1,94,,90812,26,0,16 17 9,1,18,,90813,26,,,1,92,,90815,26,,,1,34,,90817,26,0,16 17 9,1,67,,90819,26,0,16 17 9,1,92,,90822,26,,,1,93,,90824,26,0,16 17 9,1,52,,90826,26,,,1,99,,90828,26,0,16 17 9,1,91,,90830,26,,,1,100,,90831,26,0,16 17 9,1
3301,'20260520',1000,,90835,26,,,1,100,,90836,26,,,1,100,,90837,26,,,1,102,,90838,26,,,1,106,,90839,26,,,1,103,,90840,26,,,1,104,,90842,26,,,1,94,,90844,26,0,16 17 9,1,18,,90845,26,,,1,92,,90847,26,,,1,34,,90849,26,0,16 17 9,1,67,,90851,26,0,16 17 9,1,92,,90854,26,,,1,93,,90856,26,0,16 17 9,1,52,,90858,26,,,1,99,,90860,26,0,16 17 9,1,91,,90862,26,,,1,100,,90863,26,0,16 17 9,1
3301,'20260521',1000,,90867,26,,,1,100,,90868,26,,,1,100,,90869,26,,,1,102,,90870,26,,,1,106,,90871,26,,,1,103,,90872,26,,,1,104,,90874,26,,,1,94,,90876,26,0,16 17 9,1,18,,90877,26,,,1,92,,90879,26,,,1,34,,90881,26,0,16 17 9,1,67,,90883,26,0,16 17 9,1,92,,90886,26,,,1,93,,90888,26,0,16 17 9,1,52,,90890,26,,,1,99,,90892,26,0,16 17 9,1,91,,90894,26,,,1,100,,90895,26,0,16 17 9,1
3301,'20260522',1000,,90899,26,,,1,100,,90900,26,,,1,100,,90901,26,,,1,102,,90902,26,,,1,106,,90903,26,,,1,103,,90904,26,,,1,104,,90906,26,,,1,94,,90908,26,0,16 17 9,1,18,,90909,26,,,1,92,,90911,26,,,1,34,,90913,26,0,16 17 9,1,67,,90915,26,0,16 17 9,1,92,,90918,26,,,1,93,,90920,26,0,16 17 9,1,52,,90922,26,,,1,99,,90924,26,0,16 17 9,1,91,,90926,26,,,1,100,,90927,26,0,16 17 9,1
3301,'20260523',956,,90929,7,0,53 17 9,1,102,,90930,26,,,1,100,,90931,7,0,53 17 9,1,143,,90932,26,,,1,57,,90933,7,0,53 17 9,1,100,,90934,26,,,1,100,,90935,7,0,53 17 9,1,100,,90936,26,,,1,198,,90937,26,,,1,200,,90938,26,,,1,199,,90939,26,,,1,202,,90940,26,,,1
3301,'20260524',956,,90941,7,0,53 17 9,1,102,,90942,26,,,1,100,,90943,7,0,53 17 9,1,143,,90944,26,,,1,57,,90945,7,0,53 17 9,1,100,,90946,26,,,1,100,,90947,7,0,53 17 9,1,100,,90948,26,,,1,198,,90949,26,,,1,200,,90950,26,,,1,199,,90951,26,,,1,202,,90952,26,,,1
3301,'20260525',1000,,90955,26,,,1,100,,90956,26,,,1,100,,90957,26,,,1,102,,90958,26,,,1,106,,90959,26,,,1,103,,90960,26,,,1,104,,90962,26,,,1,94,,90964,26,0,16 17 9,1,18,,90965,26,,,1,92,,90967,26,,,1,34,,90969,26,0,16 17 9,1,67,,90971,26,0,16 17 9,1,92,,90974,26,,,1,93,,90976,26,0,16 17 9,1,52,,90978,26,,,1,99,,90980,26,0,16 17 9,1,91,,90982,26,,,1,100,,90983,26,0,16 17 9,1
3301,'20260526',1000,,90987,26,,,1,100,,90988,26,,,1,100,,90989,26,,,1,102,,90990,26,,,1,106,,90991,26,,,1,103,,90992,26,,,1,104,,90994,26,,,1,94,,90996,26,0,16 17 9,1,18,,90997,26,,,1,92,,90999,26,,,1,34,,91001,26,0,16 17 9,1,67,,91003,26,0,16 17 9,1,92,,91006,26,,,1,93,,91008,26,0,16 17 9,1,52,,91010,26,,,1,99,,91012,26,0,16 17 9,1,91,,91014,26,,,1,100,,91015,26,0,16 17 9,1
3301,'20260527',1000,,91019,26,,,1,100,,91020,26,,,1,100,,91021,26,,,1,102,,91022,26,,,1,106,,91023,26,,,1,103,,91024,26,,,1,104,,91026,26,,,1,94,,91028,26,0,16 17 9,1,18,,91029,26,,,1,92,,91031,26,,,1,34,,91033,26,0,16 17 9,1,67,,91035,26,0,16 17 9,1,92,,91038,26,,,1,93,,91040,26,0,16 17 9,1,52,,91042,26,,,1,99,,91044,26,0,16 17 9,1,91,,91046,26,,,1,100,,91047,26,0,16 17 9,1
3301,'20260528',1000,,91051,26,,,1,100,,91052,26,,,1,100,,91053,26,,,1,102,,91054,26,,,1,106,,91055,26,,,1,103,,91056,26,,,1,104,,91058,26,,,1,94,,91060,26,0,16 17 9,1,18,,91061,26,,,1,92,,91063,26,,,1,34,,91065,26,0,16 17 9,1,67,,91067,26,0,16 17 9,1,92,,91070,26,,,1,93,,91072,26,0,16 17 9,1,52,,91074,26,,,1,99,,91076,26,0,16 17 9,1,91,,91078,26,,,1,100,,91079,26,0,16 17 9,1
3301,'20260529',1000,,91083,26,,,1,100,,91084,26,,,1,100,,91085,26,,,1,102,,91086,26,,,1,106,,91087,26,,,1,103,,91088,26,,,1,104,,91090,26,,,1,94,,91092,26,0,16 17 9,1,18,,91093,26,,,1,92,,91095,26,,,1,34,,91097,26,0,16 17 9,1,67,,91099,26,0,16 17 9,1,92,,91102,26,,,1,93,,91104,26,0,16 17 9,1,52,,91106,26,,,1,99,,91108,26,0,16 17 9,1,91,,91110,26,,,1,100,,91111,26,0,16 17 9,1
3301,'20260530',956,,91113,7,0,53 17 9,1,102,,91114,26,,,1,100,,91115,7,0,53 17 9,1,143,,91116,26,,,1,57,,91117,7,0,53 17 9,1,100,,91118,26,,,1,100,,91119,7,0,53 17 9,1,100,,91120,26,,,1,198,,91121,26,,,1,200,,91122,26,,,1,199,,91123,26,,,1,202,,91124,26,,,1
3301,'20260531',956,,91125,7,0,53 17 9,1,102,,91126,26,,,1,100,,91127,7,0,53 17 9,1,143,,91128,26,,,1,57,,91129,7,0,53 17 9,1,100,,91130,26,,,1,100,,91131,7,0,53 17 9,1,100,,91132,26,,,1,198,,91133,26,,,1,200,,91134,26,,,1,199,,91135,26,,,1,202,,91136,26,,,1
3301,'20260601',1000,,91139,26,,,1,100,,91140,26,,,1,100,,91141,26,,,1,102,,91142,26,,,1,106,,91143,26,,,1,103,,91144,26,,,1,104,,91146,26,,,1,94,,91148,26,0,16 17 9,1,18,,91149,26,,,1,92,,91151,26,,,1,34,,91153,26,0,16 17 9,1,67,,91155,26,0,16 17 9,1,92,,91158,26,,,1,93,,91160,26,0,16 17 9,1,52,,91162,26,,,1,99,,91164,26,0,16 17 9,1,91,,91166,26,,,1,100,,91167,26,0,16 17 9,1
3301,'20260602',1000,,91171,26,,,1,100,,91172,26,,,1,100,,91173,26,,,1,102,,91174,26,,,1,106,,91175,26,,,1,103,,91176,26,,,1,104,,91178,26,,,1,94,,91180,26,0,16 17 9,1,18,,91181,26,,,1,92,,91183,26,,,1,34,,91185,26,0,16 17 9,1,67,,91187,26,0,16 17 9,1,92,,91190,26,,,1,93,,91192,26,0,16 17 9,1,52,,91194,26,,,1,99,,91196,26,0,16 17 9,1,91,,91198,26,,,1,100,,91199,26,0,16 17 9,1
3301,'20260603',1000,,91203,26,,,1,100,,91204,26,,,1,100,,91205,26,,,1,102,,91206,26,,,1,106,,91207,26,,,1,103,,91208,26,,,1,104,,91210,26,,,1,94,,91212,26,0,16 17 9,1,18,,91213,26,,,1,92,,91215,26,,,1,34,,91217,26,0,16 17 9,1,67,,91219,26,0,16 17 9,1,92,,91222,26,,,1,93,,91224,26,0,16 17 9,1,52,,91226,26,,,1,99,,91228,26,0,16 17 9,1,91,,91230,26,,,1,100,,91231,26,0,16 17 9,1
3301,'20260604',1000,,91235,26,,,1,100,,91236,26,,,1,100,,91237,26,,,1,102,,91238,26,,,1,106,,91239,26,,,1,103,,91240,26,,,1,104,,91242,26,,,1,94,,91244,26,0,16 17 9,1,18,,91245,26,,,1,92,,91247,26,,,1,34,,91249,26,0,16 17 9,1,67,,91251,26,0,16 17 9,1,92,,91254,26,,,1,93,,91256,26,0,16 17 9,1,52,,91258,26,,,1,99,,91260,26,0,16 17 9,1,91,,91262,26,,,1,100,,91263,26,0,16 17 9,1
3301,'20260605',1000,,91267,26,,,1,100,,91268,26,,,1,100,,91269,26,,,1,102,,91270,26,,,1,106,,91271,26,,,1,103,,91272,26,,,1,104,,91274,26,,,1,94,,91276,26,0,16 17 9,1,18,,91277,26,,,1,92,,91279,26,,,1,34,,91281,26,0,16 17 9,1,67,,91283,26,0,16 17 9,1,92,,91286,26,,,1,93,,91288,26,0,16 17 9,1,52,,91290,26,,,1,99,,91292,26,0,16 17 9,1,91,,91294,26,,,1,100,,91295,26,0,16 17 9,1
3301,'20260606',956,,91297,7,0,53 17 9,1,102,,91298,26,,,1,100,,91299,7,0,53 17 9,1,143,,91300,26,,,1,57,,91301,7,0,53 17 9,1,100,,91302,26,,,1,100,,91303,7,0,53 17 9,1,100,,91304,26,,,1,198,,91305,26,,,1,200,,91306,26,,,1,199,,91307,26,,,1,202,,91308,26,,,1
3301,'20260607',956,,91309,7,0,53 17 9,1,102,,91310,26,,,1,100,,91311,7,0,53 17 9,1,143,,91312,26,,,1,57,,91313,7,0,53 17 9,1,100,,91314,26,,,1,100,,91315,7,0,53 17 9,1,100,,91316,26,,,1,198,,91317,26,,,1,200,,91318,26,,,1,199,,91319,26,,,1,202,,91320,26,,,1
3301,'20260608',1000,,91323,26,,,1,100,,91324,26,,,1,100,,91325,26,,,1,102,,91326,26,,,1,106,,91327,26,,,1,103,,91328,26,,,1,104,,91330,26,,,1,94,,91332,26,0,16 17 9,1,18,,91333,26,,,1,92,,91335,26,,,1,34,,91337,26,0,16 17 9,1,67,,91339,26,0,16 17 9,1,92,,91342,26,,,1,93,,91344,26,0,16 17 9,1,52,,91346,26,,,1,99,,91348,26,0,16 17 9,1,91,,91350,26,,,1,100,,91351,26,0,16 17 9,1
3301,'20260609',1000,,91355,26,,,1,100,,91356,26,,,1,100,,91357,26,,,1,102,,91358,26,,,1,106,,91359,26,,,1,103,,91360,26,,,1,104,,91362,26,,,1,94,,91364,26,0,16 17 9,1,18,,91365,26,,,1,92,,91367,26,,,1,34,,91369,26,0,16 17 9,1,67,,91371,26,0,16 17 9,1,92,,91374,26,,,1,93,,91376,26,0,16 17 9,1,52,,91378,26,,,1,99,,91380,26,0,16 17 9,1,91,,91382,26,,,1,100,,91383,26,0,16 17 9,1
3301,'20260610',1000,,91387,26,,,1,100,,91388,26,,,1,100,,91389,26,,,1,102,,91390,26,,,1,106,,91391,26,,,1,103,,91392,26,,,1,104,,91394,26,,,1,94,,91396,26,0,16 17 9,1,18,,91397,26,,,1,92,,91399,26,,,1,34,,91401,26,0,16 17 9,1,67,,91403,26,0,16 17 9,1,92,,91406,26,,,1,93,,91408,26,0,16 17 9,1,52,,91410,26,,,1,99,,91412,26,0,16 17 9,1,91,,91414,26,,,1,100,,91415,26,0,16 17 9,1
3301,'20260611',1000,,91419,26,,,1,100,,91420,26,,,1,100,,91421,26,,,1,102,,91422,26,,,1,106,,91423,26,,,1,103,,91424,26,,,1,104,,91426,26,,,1,94,,91428,26,0,16 17 9,1,18,,91429,26,,,1,92,,91431,26,,,1,34,,91433,26,0,16 17 9,1,67,,91435,26,0,16 17 9,1,92,,91438,26,,,1,93,,91440,26,0,16 17 9,1,52,,91442,26,,,1,99,,91444,26,0,16 17 9,1,91,,91446,26,,,1,100,,91447,26,0,16 17 9,1
3301,'20260612',1000,,91451,26,,,1,100,,91452,26,,,1,100,,91453,26,,,1,102,,91454,26,,,1,106,,91455,26,,,1,103,,91456,26,,,1,104,,91458,26,,,1,94,,91460,26,0,16 17 9,1,18,,91461,26,,,1,92,,91463,26,,,1,34,,91465,26,0,16 17 9,1,67,,91467,26,0,16 17 9,1,92,,91470,26,,,1,93,,91472,26,0,16 17 9,1,52,,91474,26,,,1,99,,91476,26,0,16 17 9,1,91,,91478,26,,,1,100,,91479,26,0,16 17 9,1
3301,'20260613',956,,170575,7,0,53 17 9,1,102,,170576,26,,,1,100,,170577,7,0,53 17 9,1,143,,170578,26,,,1,57,,170579,7,0,53 17 9,1,100,,170580,26,,,1,100,,170581,7,0,53 17 9,1,100,,170582,26,,,1,198,,170583,26,,,1,200,,170584,26,,,1,199,,170585,26,,,1,202,,170586,26,,,1
3301,'20260614',956,,170587,7,0,53 17 9,1,102,,170588,26,,,1,100,,170589,7,0,53 17 9,1,143,,170590,26,,,1,57,,170591,7,0,53 17 9,1,100,,170592,26,,,1,100,,170593,7,0,53 17 9,1,100,,170594,26,,,1,198,,170595,26,,,1,200,,170596,26,,,1,199,,170597,26,,,1,202,,170598,26,,,1
3301,'20260615',1000,,170601,26,,,1,100,,170602,26,,,1,100,,170603,26,,,1,102,,170604,26,,,1,106,,170605,26,,,1,103,,170606,26,,,1,104,,170608,26,,,1,94,,170610,26,0,16 17 9,1,18,,170611,26,,,1,92,,170613,26,,,1,34,,170615,26,0,16 17 9,1,67,,170617,26,0,16 17 9,1,92,,170620,26,,,1,93,,170622,26,0,16 17 9,1,52,,170624,26,,,1,99,,170626,26,0,16 17 9,1,91,,170628,26,,,1,100,,170629,26,0,16 17 9,1
3301,'20260616',1000,,170633,26,,,1,100,,170634,26,,,1,100,,170635,26,,,1,102,,170636,26,,,1,106,,170637,26,,,1,103,,170638,26,,,1,104,,170640,26,,,1,94,,170642,26,0,16 17 9,1,18,,170643,26,,,1,92,,170645,26,,,1,34,,170647,26,0,16 17 9,1,67,,170649,26,0,16 17 9,1,92,,170652,26,,,1,93,,170654,26,0,16 17 9,1,52,,170656,26,,,1,99,,170658,26,0,16 17 9,1,91,,170660,26,,,1,100,,170661,26,0,16 17 9,1
3301,'20260617',1000,,170665,26,,,1,100,,170666,26,,,1,100,,170667,26,,,1,102,,170668,26,,,1,106,,170669,26,,,1,103,,170670,26,,,1,104,,170672,26,,,1,94,,170674,26,0,16 17 9,1,18,,170675,26,,,1,92,,170677,26,,,1,34,,170679,26,0,16 17 9,1,67,,170681,26,0,16 17 9,1,92,,170684,26,,,1,93,,170686,26,0,16 17 9,1,52,,170688,26,,,1,99,,170690,26,0,16 17 9,1,91,,170692,26,,,1,100,,170693,26,0,16 17 9,1
3301,'20260618',1000,,170697,26,,,1,100,,170698,26,,,1,100,,170699,26,,,1,102,,170700,26,,,1,106,,170701,26,,,1,103,,170702,26,,,1,104,,170704,26,,,1,94,,170706,26,0,16 17 9,1,18,,170707,26,,,1,92,,170709,26,,,1,34,,170711,26,0,16 17 9,1,67,,170713,26,0,16 17 9,1,92,,170716,26,,,1,93,,170718,26,0,16 17 9,1,52,,170720,26,,,1,99,,170722,26,0,16 17 9,1,91,,170724,26,,,1,100,,170725,26,0,16 17 9,1
3301,'20260619',1000,,170729,26,,,1,100,,170730,26,,,1,100,,170731,26,,,1,102,,170732,26,,,1,106,,170733,26,,,1,103,,170734,26,,,1,104,,170736,26,,,1,94,,170738,26,0,16 17 9,1,18,,170739,26,,,1,92,,170741,26,,,1,34,,170743,26,0,16 17 9,1,67,,170745,26,0,16 17 9,1,92,,170748,26,,,1,93,,170750,26,0,16 17 9,1,52,,170752,26,,,1,99,,170754,26,0,16 17 9,1,91,,170756,26,,,1,100,,170757,26,0,16 17 9,1
3301,'20260620',956,,170759,7,0,53 17 9,1,102,,170760,26,,,1,100,,170761,7,0,53 17 9,1,143,,170762,26,,,1,57,,170763,7,0,53 17 9,1,100,,170764,26,,,1,100,,170765,7,0,53 17 9,1,100,,170766,26,,,1,198,,170767,26,,,1,200,,170768,26,,,1,199,,170769,26,,,1,202,,170770,26,,,1
3301,'20260621',956,,170771,7,0,53 17 9,1,102,,170772,26,,,1,100,,170773,7,0,53 17 9,1,143,,170774,26,,,1,57,,170775,7,0,53 17 9,1,100,,170776,26,,,1,100,,170777,7,0,53 17 9,1,100,,170778,26,,,1,198,,170779,26,,,1,200,,170780,26,,,1,199,,170781,26,,,1,202,,170782,26,,,1
3301,'20260622',1000,,170785,26,,,1,100,,170786,26,,,1,100,,170787,26,,,1,102,,170788,26,,,1,106,,170789,26,,,1,103,,170790,26,,,1,104,,170792,26,,,1,94,,170794,26,0,16 17 9,1,18,,170795,26,,,1,92,,170797,26,,,1,34,,170799,26,0,16 17 9,1,67,,170801,26,0,16 17 9,1,92,,170804,26,,,1,93,,170806,26,0,16 17 9,1,52,,170808,26,,,1,99,,170810,26,0,16 17 9,1,91,,170812,26,,,1,100,,170813,26,0,16 17 9,1
3301,'20260623',1000,,170817,26,,,1,100,,170818,26,,,1,100,,170819,26,,,1,102,,170820,26,,,1,106,,170821,26,,,1,103,,170822,26,,,1,104,,170824,26,,,1,94,,170826,26,0,16 17 9,1,18,,170827,26,,,1,92,,170829,26,,,1,34,,170831,26,0,16 17 9,1,67,,170833,26,0,16 17 9,1,92,,170836,26,,,1,93,,170838,26,0,16 17 9,1,52,,170840,26,,,1,99,,170842,26,0,16 17 9,1,91,,170844,26,,,1,100,,170845,26,0,16 17 9,1
3301,'20260624',1000,,170849,26,,,1,100,,170850,26,,,1,100,,170851,26,,,1,102,,170852,26,,,1,106,,170853,26,,,1,103,,170854,26,,,1,104,,170856,26,,,1,94,,170858,26,0,16 17 9,1,18,,170859,26,,,1,92,,170861,26,,,1,34,,170863,26,0,16 17 9,1,67,,170865,26,0,16 17 9,1,92,,170868,26,,,1,93,,170870,26,0,16 17 9,1,52,,170872,26,,,1,99,,170874,26,0,16 17 9,1,91,,170876,26,,,1,100,,170877,26,0,16 17 9,1
3301,'20260625',1000,,170881,26,,,1,100,,170882,26,,,1,100,,170883,26,,,1,102,,170884,26,,,1,106,,170885,26,,,1,103,,170886,26,,,1,104,,170888,26,,,1,94,,170890,26,0,16 17 9,1,18,,170891,26,,,1,92,,170893,26,,,1,34,,170895,26,0,16 17 9,1,67,,170897,26,0,16 17 9,1,92,,170900,26,,,1,93,,170902,26,0,16 17 9,1,52,,170904,26,,,1,99,,170906,26,0,16 17 9,1,91,,170908,26,,,1,100,,170909,26,0,16 17 9,1
3301,'20260626',1000,,170913,26,,,1,100,,170914,26,,,1,100,,170915,26,,,1,102,,170916,26,,,1,106,,170917,26,,,1,103,,170918,26,,,1,104,,170920,26,,,1,94,,170922,26,0,16 17 9,1,18,,170923,26,,,1,92,,170925,26,,,1,34,,170927,26,0,16 17 9,1,67,,170929,26,0,16 17 9,1,92,,170932,26,,,1,93,,170934,26,0,16 17 9,1,52,,170936,26,,,1,99,,170938,26,0,16 17 9,1,91,,170940,26,,,1,100,,170941,26,0,16 17 9,1
3301,'20260627',956,,170943,7,0,53 17 9,1,102,,170944,26,,,1,100,,170945,7,0,53 17 9,1,143,,170946,26,,,1,57,,170947,7,0,53 17 9,1,100,,170948,26,,,1,100,,170949,7,0,53 17 9,1,100,,170950,26,,,1,198,,170951,26,,,1,200,,170952,26,,,1,199,,170953,26,,,1,202,,170954,26,,,1
3301,'20260628',956,,170955,7,0,53 17 9,1,102,,170956,26,,,1,100,,170957,7,0,53 17 9,1,143,,170958,26,,,1,57,,170959,7,0,53 17 9,1,100,,170960,26,,,1,100,,170961,7,0,53 17 9,1,100,,170962,26,,,1,198,,170963,26,,,1,200,,170964,26,,,1,199,,170965,26,,,1,202,,170966,26,,,1
3301,'20260629',1000,,170969,26,,,1,100,,170970,26,,,1,100,,170971,26,,,1,102,,170972,26,,,1,106,,170973,26,,,1,103,,170974,26,,,1,104,,170976,26,,,1,94,,170978,26,0,16 17 9,1,18,,170979,26,,,1,92,,170981,26,,,1,34,,170983,26,0,16 17 9,1,67,,170985,26,0,16 17 9,1,92,,170988,26,,,1,93,,170990,26,0,16 17 9,1,52,,170992,26,,,1,99,,170994,26,0,16 17 9,1,91,,170996,26,,,1,100,,170997,26,0,16 17 9,1
3301,'20260630',1000,,171001,26,,,1,100,,171002,26,,,1,100,,171003,26,,,1,102,,171004,26,,,1,106,,171005,26,,,1,103,,171006,26,,,1,104,,171008,26,,,1,94,,171010,26,0,16 17 9,1,18,,171011,26,,,1,92,,171013,26,,,1,34,,171015,26,0,16 17 9,1,67,,171017,26,0,16 17 9,1,92,,171020,26,,,1,93,,171022,26,0,16 17 9,1,52,,171024,26,,,1,99,,171026,26,0,16 17 9,1,91,,171028,26,,,1,100,,171029,26,0,16 17 9,1
3301,'20260701',956,,171031,7,0,53 17 9,1,102,,171032,26,,,1,100,,171033,7,0,53 17 9,1,143,,171034,26,,,1,57,,171035,7,0,53 17 9,1,100,,171036,26,,,1,100,,171037,7,0,53 17 9,1,100,,171038,26,,,1,198,,171039,26,,,1,200,,171040,26,,,1,199,,171041,26,,,1,202,,171042,26,,,1
3301,'20260702',1000,,171045,26,,,1,100,,171046,26,,,1,100,,171047,26,,,1,102,,171048,26,,,1,106,,171049,26,,,1,103,,171050,26,,,1,104,,171052,26,,,1,94,,171054,26,0,16 17 9,1,18,,171055,26,,,1,92,,171057,26,,,1,34,,171059,26,0,16 17 9,1,67,,171061,26,0,16 17 9,1,92,,171064,26,,,1,93,,171066,26,0,16 17 9,1,52,,171068,26,,,1,99,,171070,26,0,16 17 9,1,91,,171072,26,,,1,100,,171073,26,0,16 17 9,1
3301,'20260703',1000,,171077,26,,,1,100,,171078,26,,,1,100,,171079,26,,,1,102,,171080,26,,,1,106,,171081,26,,,1,103,,171082,26,,,1,104,,171084,26,,,1,94,,171086,26,0,16 17 9,1,18,,171087,26,,,1,92,,171089,26,,,1,34,,171091,26,0,16 17 9,1,67,,171093,26,0,16 17 9,1,92,,171096,26,,,1,93,,171098,26,0,16 17 9,1,52,,171100,26,,,1,99,,171102,26,0,16 17 9,1,91,,171104,26,,,1,100,,171105,26,0,16 17 9,1
3301,'20260704',956,,171107,7,0,53 17 9,1,102,,171108,26,,,1,100,,171109,7,0,53 17 9,1,143,,171110,26,,,1,57,,171111,7,0,53 17 9,1,100,,171112,26,,,1,100,,171113,7,0,53 17 9,1,100,,171114,26,,,1,198,,171115,26,,,1,200,,171116,26,,,1,199,,171117,26,,,1,202,,171118,26,,,1
3301,'20260705',956,,171119,7,0,53 17 9,1,102,,171120,26,,,1,100,,171121,7,0,53 17 9,1,143,,171122,26,,,1,57,,171123,7,0,53 17 9,1,100,,171124,26,,,1,100,,171125,7,0,53 17 9,1,100,,171126,26,,,1,198,,171127,26,,,1,200,,171128,26,,,1,199,,171129,26,,,1,202,,171130,26,,,1
3301,'20260706',1000,,171133,26,,,1,100,,171134,26,,,1,100,,171135,26,,,1,102,,171136,26,,,1,106,,171137,26,,,1,103,,171138,26,,,1,104,,171140,26,,,1,94,,171142,26,0,16 17 9,1,18,,171143,26,,,1,92,,171145,26,,,1,34,,171147,26,0,16 17 9,1,67,,171149,26,0,16 17 9,1,92,,171152,26,,,1,93,,171154,26,0,16 17 9,1,52,,171156,26,,,1,99,,171158,26,0,16 17 9,1,91,,171160,26,,,1,100,,171161,26,0,16 17 9,1
3301,'20260707',1000,,171165,26,,,1,100,,171166,26,,,1,100,,171167,26,,,1,102,,171168,26,,,1,106,,171169,26,,,1,103,,171170,26,,,1,104,,171172,26,,,1,94,,171174,26,0,16 17 9,1,18,,171175,26,,,1,92,,171177,26,,,1,34,,171179,26,0,16 17 9,1,67,,171181,26,0,16 17 9,1,92,,171184,26,,,1,93,,171186,26,0,16 17 9,1,52,,171188,26,,,1,99,,171190,26,0,16 17 9,1,91,,171192,26,,,1,100,,171193,26,0,16 17 9,1
3301,'20260708',1000,,171197,26,,,1,100,,171198,26,,,1,100,,171199,26,,,1,102,,171200,26,,,1,106,,171201,26,,,1,103,,171202,26,,,1,104,,171204,26,,,1,94,,171206,26,0,16 17 9,1,18,,171207,26,,,1,92,,171209,26,,,1,34,,171211,26,0,16 17 9,1,67,,171213,26,0,16 17 9,1,92,,171216,26,,,1,93,,171218,26,0,16 17 9,1,52,,171220,26,,,1,99,,171222,26,0,16 17 9,1,91,,171224,26,,,1,100,,171225,26,0,16 17 9,1
3301,'20260709',1000,,171229,26,,,1,100,,171230,26,,,1,100,,171231,26,,,1,102,,171232,26,,,1,106,,171233,26,,,1,103,,171234,26,,,1,104,,171236,26,,,1,94,,171238,26,0,16 17 9,1,18,,171239,26,,,1,92,,171241,26,,,1,34,,171243,26,0,16 17 9,1,67,,171245,26,0,16 17 9,1,92,,171248,26,,,1,93,,171250,26,0,16 17 9,1,52,,171252,26,,,1,99,,171254,26,0,16 17 9,1,91,,171256,26,,,1,100,,171257,26,0,16 17 9,1
3301,'20260710',1000,,171261,26,,,1,100,,171262,26,,,1,100,,171263,26,,,1,102,,171264,26,,,1,106,,171265,26,,,1,103,,171266,26,,,1,104,,171268,26,,,1,94,,171270,26,0,16 17 9,1,18,,171271,26,,,1,92,,171273,26,,,1,34,,171275,26,0,16 17 9,1,67,,171277,26,0,16 17 9,1,92,,171280,26,,,1,93,,171282,26,0,16 17 9,1,52,,171284,26,,,1,99,,171286,26,0,16 17 9,1,91,,171288,26,,,1,100,,171289,26,0,16 17 9,1
3301,'20260711',956,,171291,7,0,53 17 9,1,102,,171292,26,,,1,100,,171293,7,0,53 17 9,1,143,,171294,26,,,1,57,,171295,7,0,53 17 9,1,100,,171296,26,,,1,100,,171297,7,0,53 17 9,1,100,,171298,26,,,1,198,,171299,26,,,1,200,,171300,26,,,1,199,,171301,26,,,1,202,,171302,26,,,1
3301,'20260712',956,,171303,7,0,53 17 9,1,102,,171304,26,,,1,100,,171305,7,0,53 17 9,1,143,,171306,26,,,1,57,,171307,7,0,53 17 9,1,100,,171308,26,,,1,100,,171309,7,0,53 17 9,1,100,,171310,26,,,1,198,,171311,26,,,1,200,,171312,26,,,1,199,,171313,26,,,1,202,,171314,26,,,1
3301,'20260713',1000,,171317,26,,,1,100,,171318,26,,,1,100,,171319,26,,,1,102,,171320,26,,,1,106,,171321,26,,,1,103,,171322,26,,,1,104,,171324,26,,,1,94,,171326,26,0,16 17 9,1,18,,171327,26,,,1,92,,171329,26,,,1,34,,171331,26,0,16 17 9,1,67,,171333,26,0,16 17 9,1,92,,171336,26,,,1,93,,171338,26,0,16 17 9,1,52,,171340,26,,,1,99,,171342,26,0,16 17 9,1,91,,171344,26,,,1,100,,171345,26,0,16 17 9,1
3301,'20260714',1000,,171349,26,,,1,100,,171350,26,,,1,100,,171351,26,,,1,102,,171352,26,,,1,106,,171353,26,,,1,103,,171354,26,,,1,104,,171356,26,,,1,94,,171358,26,0,16 17 9,1,18,,171359,26,,,1,92,,171361,26,,,1,34,,171363,26,0,16 17 9,1,67,,171365,26,0,16 17 9,1,92,,171368,26,,,1,93,,171370,26,0,16 17 9,1,52,,171372,26,,,1,99,,171374,26,0,16 17 9,1,91,,171376,26,,,1,100,,171377,26,0,16 17 9,1
3301,'20260715',1000,,171381,26,,,1,100,,171382,26,,,1,100,,171383,26,,,1,102,,171384,26,,,1,106,,171385,26,,,1,103,,171386,26,,,1,104,,171388,26,,,1,94,,171390,26,0,16 17 9,1,18,,171391,26,,,1,92,,171393,26,,,1,34,,171395,26,0,16 17 9,1,67,,171397,26,0,16 17 9,1,92,,171400,26,,,1,93,,171402,26,0,16 17 9,1,52,,171404,26,,,1,99,,171406,26,0,16 17 9,1,91,,171408,26,,,1,100,,171409,26,0,16 17 9,1
3301,'20260716',1000,,171413,26,,,1,100,,171414,26,,,1,100,,171415,26,,,1,102,,171416,26,,,1,106,,171417,26,,,1,103,,171418,26,,,1,104,,171420,26,,,1,94,,171422,26,0,16 17 9,1,18,,171423,26,,,1,92,,171425,26,,,1,34,,171427,26,0,16 17 9,1,67,,171429,26,0,16 17 9,1,92,,171432,26,,,1,93,,171434,26,0,16 17 9,1,52,,171436,26,,,1,99,,171438,26,0,16 17 9,1,91,,171440,26,,,1,100,,171441,26,0,16 17 9,1
3301,'20260717',1000,,171445,26,,,1,100,,171446,26,,,1,100,,171447,26,,,1,102,,171448,26,,,1,106,,171449,26,,,1,103,,171450,26,,,1,104,,171452,26,,,1,94,,171454,26,0,16 17 9,1,18,,171455,26,,,1,92,,171457,26,,,1,34,,171459,26,0,16 17 9,1,67,,171461,26,0,16 17 9,1,92,,171464,26,,,1,93,,171466,26,0,16 17 9,1,52,,171468,26,,,1,99,,171470,26,0,16 17 9,1,91,,171472,26,,,1,100,,171473,26,0,16 17 9,1
3301,'20260718',956,,171475,7,0,53 17 9,1,102,,171476,26,,,1,100,,171477,7,0,53 17 9,1,143,,171478,26,,,1,57,,171479,7,0,53 17 9,1,100,,171480,26,,,1,100,,171481,7,0,53 17 9,1,100,,171482,26,,,1,198,,171483,26,,,1,200,,171484,26,,,1,199,,171485,26,,,1,202,,171486,26,,,1
3301,'20260719',956,,171487,7,0,53 17 9,1,102,,171488,26,,,1,100,,171489,7,0,53 17 9,1,143,,171490,26,,,1,57,,171491,7,0,53 17 9,1,100,,171492,26,,,1,100,,171493,7,0,53 17 9,1,100,,171494,26,,,1,198,,171495,26,,,1,200,,171496,26,,,1,199,,171497,26,,,1,202,,171498,26,,,1
3301,'20260720',1000,,171501,26,,,1,100,,171502,26,,,1,100,,171503,26,,,1,102,,171504,26,,,1,106,,171505,26,,,1,103,,171506,26,,,1,104,,171508,26,,,1,94,,171510,26,0,16 17 9,1,18,,171511,26,,,1,92,,171513,26,,,1,34,,171515,26,0,16 17 9,1,67,,171517,26,0,16 17 9,1,92,,171520,26,,,1,93,,171522,26,0,16 17 9,1,52,,171524,26,,,1,99,,171526,26,0,16 17 9,1,91,,171528,26,,,1,100,,171529,26,0,16 17 9,1
3301,'20260721',1000,,171533,26,,,1,100,,171534,26,,,1,100,,171535,26,,,1,102,,171536,26,,,1,106,,171537,26,,,1,103,,171538,26,,,1,104,,171540,26,,,1,94,,171542,26,0,16 17 9,1,18,,171543,26,,,1,92,,171545,26,,,1,34,,171547,26,0,16 17 9,1,67,,171549,26,0,16 17 9,1,92,,171552,26,,,1,93,,171554,26,0,16 17 9,1,52,,171556,26,,,1,99,,171558,26,0,16 17 9,1,91,,171560,26,,,1,100,,171561,26,0,16 17 9,1
3301,'20260722',1000,,171565,26,,,1,100,,171566,26,,,1,100,,171567,26,,,1,102,,171568,26,,,1,106,,171569,26,,,1,103,,171570,26,,,1,104,,171572,26,,,1,94,,171574,26,0,16 17 9,1,18,,171575,26,,,1,92,,171577,26,,,1,34,,171579,26,0,16 17 9,1,67,,171581,26,0,16 17 9,1,92,,171584,26,,,1,93,,171586,26,0,16 17 9,1,52,,171588,26,,,1,99,,171590,26,0,16 17 9,1,91,,171592,26,,,1,100,,171593,26,0,16 17 9,1
3301,'20260723',1000,,171597,26,,,1,100,,171598,26,,,1,100,,171599,26,,,1,102,,171600,26,,,1,106,,171601,26,,,1,103,,171602,26,,,1,104,,171604,26,,,1,94,,171606,26,0,16 17 9,1,18,,171607,26,,,1,92,,171609,26,,,1,34,,171611,26,0,16 17 9,1,67,,171613,26,0,16 17 9,1,92,,171616,26,,,1,93,,171618,26,0,16 17 9,1,52,,171620,26,,,1,99,,171622,26,0,16 17 9,1,91,,171624,26,,,1,100,,171625,26,0,16 17 9,1
3301,'20260724',1000,,171629,26,,,1,100,,171630,26,,,1,100,,171631,26,,,1,102,,171632,26,,,1,106,,171633,26,,,1,103,,171634,26,,,1,104,,171636,26,,,1,94,,171638,26,0,16 17 9,1,18,,171639,26,,,1,92,,171641,26,,,1,34,,171643,26,0,16 17 9,1,67,,171645,26,0,16 17 9,1,92,,171648,26,,,1,93,,171650,26,0,16 17 9,1,52,,171652,26,,,1,99,,171654,26,0,16 17 9,1,91,,171656,26,,,1,100,,171657,26,0,16 17 9,1
3301,'20260725',956,,171659,7,0,53 17 9,1,102,,171660,26,,,1,100,,171661,7,0,53 17 9,1,143,,171662,26,,,1,57,,171663,7,0,53 17 9,1,100,,171664,26,,,1,100,,171665,7,0,53 17 9,1,100,,171666,26,,,1,198,,171667,26,,,1,200,,171668,26,,,1,199,,171669,26,,,1,202,,171670,26,,,1
3301,'20260726',956,,171671,7,0,53 17 9,1,102,,171672,26,,,1,100,,171673,7,0,53 17 9,1,143,,171674,26,,,1,57,,171675,7,0,53 17 9,1,100,,171676,26,,,1,100,,171677,7,0,53 17 9,1,100,,171678,26,,,1,198,,171679,26,,,1,200,,171680,26,,,1,199,,171681,26,,,1,202,,171682,26,,,1
3301,'20260727',1000,,171685,26,,,1,100,,171686,26,,,1,100,,171687,26,,,1,102,,171688,26,,,1,106,,171689,26,,,1,103,,171690,26,,,1,104,,171692,26,,,1,94,,171694,26,0,16 17 9,1,18,,171695,26,,,1,92,,171697,26,,,1,34,,171699,26,0,16 17 9,1,67,,171701,26,0,16 17 9,1,92,,171704,26,,,1,93,,171706,26,0,16 17 9,1,52,,171708,26,,,1,99,,171710,26,0,16 17 9,1,91,,171712,26,,,1,100,,171713,26,0,16 17 9,1
3301,'20260728',1000,,171717,26,,,1,100,,171718,26,,,1,100,,171719,26,,,1,102,,171720,26,,,1,106,,171721,26,,,1,103,,171722,26,,,1,104,,171724,26,,,1,94,,171726,26,0,16 17 9,1,18,,171727,26,,,1,92,,171729,26,,,1,34,,171731,26,0,16 17 9,1,67,,171733,26,0,16 17 9,1,92,,171736,26,,,1,93,,171738,26,0,16 17 9,1,52,,171740,26,,,1,99,,171742,26,0,16 17 9,1,91,,171744,26,,,1,100,,171745,26,0,16 17 9,1
3301,'20260729',1000,,171749,26,,,1,100,,171750,26,,,1,100,,171751,26,,,1,102,,171752,26,,,1,106,,171753,26,,,1,103,,171754,26,,,1,104,,171756,26,,,1,94,,171758,26,0,16 17 9,1,18,,171759,26,,,1,92,,171761,26,,,1,34,,171763,26,0,16 17 9,1,67,,171765,26,0,16 17 9,1,92,,171768,26,,,1,93,,171770,26,0,16 17 9,1,52,,171772,26,,,1,99,,171774,26,0,16 17 9,1,91,,171776,26,,,1,100,,171777,26,0,16 17 9,1
3301,'20260730',1000,,171781,26,,,1,100,,171782,26,,,1,100,,171783,26,,,1,102,,171784,26,,,1,106,,171785,26,,,1,103,,171786,26,,,1,104,,171788,26,,,1,94,,171790,26,0,16 17 9,1,18,,171791,26,,,1,92,,171793,26,,,1,34,,171795,26,0,16 17 9,1,67,,171797,26,0,16 17 9,1,92,,171800,26,,,1,93,,171802,26,0,16 17 9,1,52,,171804,26,,,1,99,,171806,26,0,16 17 9,1,91,,171808,26,,,1,100,,171809,26,0,16 17 9,1
3301,'20260731',1000,,171813,26,,,1,100,,171814,26,,,1,100,,171815,26,,,1,102,,171816,26,,,1,106,,171817,26,,,1,103,,171818,26,,,1,104,,171820,26,,,1,94,,171822,26,0,16 17 9,1,18,,171823,26,,,1,92,,171825,26,,,1,34,,171827,26,0,16 17 9,1,67,,171829,26,0,16 17 9,1,92,,171832,26,,,1,93,,171834,26,0,16 17 9,1,52,,171836,26,,,1,99,,171838,26,0,16 17 9,1,91,,171840,26,,,1,100,,171841,26,0,16 17 9,1
3301,'20260801',956,,171843,7,0,53 17 9,1,102,,171844,26,,,1,100,,171845,7,0,53 17 9,1,143,,171846,26,,,1,57,,171847,7,0,53 17 9,1,100,,171848,26,,,1,100,,171849,7,0,53 17 9,1,100,,171850,26,,,1,198,,171851,26,,,1,200,,171852,26,,,1,199,,171853,26,,,1,202,,171854,26,,,1
3301,'20260802',956,,171855,7,0,53 17 9,1,102,,171856,26,,,1,100,,171857,7,0,53 17 9,1,143,,171858,26,,,1,57,,171859,7,0,53 17 9,1,100,,171860,26,,,1,100,,171861,7,0,53 17 9,1,100,,171862,26,,,1,198,,171863,26,,,1,200,,171864,26,,,1,199,,171865,26,,,1,202,,171866,26,,,1
3301,'20260803',956,,171867,7,0,53 17 9,1,102,,171868,26,,,1,100,,171869,7,0,53 17 9,1,143,,171870,26,,,1,57,,171871,7,0,53 17 9,1,100,,171872,26,,,1,100,,171873,7,0,53 17 9,1,100,,171874,26,,,1,198,,171875,26,,,1,200,,171876,26,,,1,199,,171877,26,,,1,202,,171878,26,,,1
3301,'20260804',1000,,171881,26,,,1,100,,171882,26,,,1,100,,171883,26,,,1,102,,171884,26,,,1,106,,171885,26,,,1,103,,171886,26,,,1,104,,171888,26,,,1,94,,171890,26,0,16 17 9,1,18,,171891,26,,,1,92,,171893,26,,,1,34,,171895,26,0,16 17 9,1,67,,171897,26,0,16 17 9,1,92,,171900,26,,,1,93,,171902,26,0,16 17 9,1,52,,171904,26,,,1,99,,171906,26,0,16 17 9,1,91,,171908,26,,,1,100,,171909,26,0,16 17 9,1
3301,'20260805',1000,,171913,26,,,1,100,,171914,26,,,1,100,,171915,26,,,1,102,,171916,26,,,1,106,,171917,26,,,1,103,,171918,26,,,1,104,,171920,26,,,1,94,,171922,26,0,16 17 9,1,18,,171923,26,,,1,92,,171925,26,,,1,34,,171927,26,0,16 17 9,1,67,,171929,26,0,16 17 9,1,92,,171932,26,,,1,93,,171934,26,0,16 17 9,1,52,,171936,26,,,1,99,,171938,26,0,16 17 9,1,91,,171940,26,,,1,100,,171941,26,0,16 17 9,1
3301,'20260806',1000,,171945,26,,,1,100,,171946,26,,,1,100,,171947,26,,,1,102,,171948,26,,,1,106,,171949,26,,,1,103,,171950,26,,,1,104,,171952,26,,,1,94,,171954,26,0,16 17 9,1,18,,171955,26,,,1,92,,171957,26,,,1,34,,171959,26,0,16 17 9,1,67,,171961,26,0,16 17 9,1,92,,171964,26,,,1,93,,171966,26,0,16 17 9,1,52,,171968,26,,,1,99,,171970,26,0,16 17 9,1,91,,171972,26,,,1,100,,171973,26,0,16 17 9,1
3301,'20260807',1000,,171977,26,,,1,100,,171978,26,,,1,100,,171979,26,,,1,102,,171980,26,,,1,106,,171981,26,,,1,103,,171982,26,,,1,104,,171984,26,,,1,94,,171986,26,0,16 17 9,1,18,,171987,26,,,1,92,,171989,26,,,1,34,,171991,26,0,16 17 9,1,67,,171993,26,0,16 17 9,1,92,,171996,26,,,1,93,,171998,26,0,16 17 9,1,52,,172000,26,,,1,99,,172002,26,0,16 17 9,1,91,,172004,26,,,1,100,,172005,26,0,16 17 9,1
3301,'20260808',956,,172007,7,0,53 17 9,1,102,,172008,26,,,1,100,,172009,7,0,53 17 9,1,143,,172010,26,,,1,57,,172011,7,0,53 17 9,1,100,,172012,26,,,1,100,,172013,7,0,53 17 9,1,100,,172014,26,,,1,198,,172015,26,,,1,200,,172016,26,,,1,199,,172017,26,,,1,202,,172018,26,,,1
3301,'20260809',956,,172019,7,0,53 17 9,1,102,,172020,26,,,1,100,,172021,7,0,53 17 9,1,143,,172022,26,,,1,57,,172023,7,0,53 17 9,1,100,,172024,26,,,1,100,,172025,7,0,53 17 9,1,100,,172026,26,,,1,198,,172027,26,,,1,200,,172028,26,,,1,199,,172029,26,,,1,202,,172030,26,,,1
3301,'20260810',1000,,172033,26,,,1,100,,172034,26,,,1,100,,172035,26,,,1,102,,172036,26,,,1,106,,172037,26,,,1,103,,172038,26,,,1,104,,172040,26,,,1,94,,172042,26,0,16 17 9,1,18,,172043,26,,,1,92,,172045,26,,,1,34,,172047,26,0,16 17 9,1,67,,172049,26,0,16 17 9,1,92,,172052,26,,,1,93,,172054,26,0,16 17 9,1,52,,172056,26,,,1,99,,172058,26,0,16 17 9,1,91,,172060,26,,,1,100,,172061,26,0,16 17 9,1
3301,'20260811',1000,,172065,26,,,1,100,,172066,26,,,1,100,,172067,26,,,1,102,,172068,26,,,1,106,,172069,26,,,1,103,,172070,26,,,1,104,,172072,26,,,1,94,,172074,26,0,16 17 9,1,18,,172075,26,,,1,92,,172077,26,,,1,34,,172079,26,0,16 17 9,1,67,,172081,26,0,16 17 9,1,92,,172084,26,,,1,93,,172086,26,0,16 17 9,1,52,,172088,26,,,1,99,,172090,26,0,16 17 9,1,91,,172092,26,,,1,100,,172093,26,0,16 17 9,1
3301,'20260812',1000,,172097,26,,,1,100,,172098,26,,,1,100,,172099,26,,,1,102,,172100,26,,,1,106,,172101,26,,,1,103,,172102,26,,,1,104,,172104,26,,,1,94,,172106,26,0,16 17 9,1,18,,172107,26,,,1,92,,172109,26,,,1,34,,172111,26,0,16 17 9,1,67,,172113,26,0,16 17 9,1,92,,172116,26,,,1,93,,172118,26,0,16 17 9,1,52,,172120,26,,,1,99,,172122,26,0,16 17 9,1,91,,172124,26,,,1,100,,172125,26,0,16 17 9,1
3301,'20260813',1000,,172129,26,,,1,100,,172130,26,,,1,100,,172131,26,,,1,102,,172132,26,,,1,106,,172133,26,,,1,103,,172134,26,,,1,104,,172136,26,,,1,94,,172138,26,0,16 17 9,1,18,,172139,26,,,1,92,,172141,26,,,1,34,,172143,26,0,16 17 9,1,67,,172145,26,0,16 17 9,1,92,,172148,26,,,1,93,,172150,26,0,16 17 9,1,52,,172152,26,,,1,99,,172154,26,0,16 17 9,1,91,,172156,26,,,1,100,,172157,26,0,16 17 9,1
3301,'20260814',1000,,172161,26,,,1,100,,172162,26,,,1,100,,172163,26,,,1,102,,172164,26,,,1,106,,172165,26,,,1,103,,172166,26,,,1,104,,172168,26,,,1,94,,172170,26,0,16 17 9,1,18,,172171,26,,,1,92,,172173,26,,,1,34,,172175,26,0,16 17 9,1,67,,172177,26,0,16 17 9,1,92,,172180,26,,,1,93,,172182,26,0,16 17 9,1,52,,172184,26,,,1,99,,172186,26,0,16 17 9,1,91,,172188,26,,,1,100,,172189,26,0,16 17 9,1
3301,'20260815',956,,172191,7,0,53 17 9,1,102,,172192,26,,,1,100,,172193,7,0,53 17 9,1,143,,172194,26,,,1,57,,172195,7,0,53 17 9,1,100,,172196,26,,,1,100,,172197,7,0,53 17 9,1,100,,172198,26,,,1,198,,172199,26,,,1,200,,172200,26,,,1,199,,172201,26,,,1,202,,172202,26,,,1
3301,'20260816',956,,172203,7,0,53 17 9,1,102,,172204,26,,,1,100,,172205,7,0,53 17 9,1,143,,172206,26,,,1,57,,172207,7,0,53 17 9,1,100,,172208,26,,,1,100,,172209,7,0,53 17 9,1,100,,172210,26,,,1,198,,172211,26,,,1,200,,172212,26,,,1,199,,172213,26,,,1,202,,172214,26,,,1
3301,'20260817',1000,,172217,26,,,1,100,,172218,26,,,1,100,,172219,26,,,1,102,,172220,26,,,1,106,,172221,26,,,1,103,,172222,26,,,1,104,,172224,26,,,1,94,,172226,26,0,16 17 9,1,18,,172227,26,,,1,92,,172229,26,,,1,34,,172231,26,0,16 17 9,1,67,,172233,26,0,16 17 9,1,92,,172236,26,,,1,93,,172238,26,0,16 17 9,1,52,,172240,26,,,1,99,,172242,26,0,16 17 9,1,91,,172244,26,,,1,100,,172245,26,0,16 17 9,1
3301,'20260818',1000,,172249,26,,,1,100,,172250,26,,,1,100,,172251,26,,,1,102,,172252,26,,,1,106,,172253,26,,,1,103,,172254,26,,,1,104,,172256,26,,,1,94,,172258,26,0,16 17 9,1,18,,172259,26,,,1,92,,172261,26,,,1,34,,172263,26,0,16 17 9,1,67,,172265,26,0,16 17 9,1,92,,172268,26,,,1,93,,172270,26,0,16 17 9,1,52,,172272,26,,,1,99,,172274,26,0,16 17 9,1,91,,172276,26,,,1,100,,172277,26,0,16 17 9,1
3301,'20260819',1000,,172281,26,,,1,100,,172282,26,,,1,100,,172283,26,,,1,102,,172284,26,,,1,106,,172285,26,,,1,103,,172286,26,,,1,104,,172288,26,,,1,94,,172290,26,0,16 17 9,1,18,,172291,26,,,1,92,,172293,26,,,1,34,,172295,26,0,16 17 9,1,67,,172297,26,0,16 17 9,1,92,,172300,26,,,1,93,,172302,26,0,16 17 9,1,52,,172304,26,,,1,99,,172306,26,0,16 17 9,1,91,,172308,26,,,1,100,,172309,26,0,16 17 9,1
3301,'20260820',1000,,172313,26,,,1,100,,172314,26,,,1,100,,172315,26,,,1,102,,172316,26,,,1,106,,172317,26,,,1,103,,172318,26,,,1,104,,172320,26,,,1,94,,172322,26,0,16 17 9,1,18,,172323,26,,,1,92,,172325,26,,,1,34,,172327,26,0,16 17 9,1,67,,172329,26,0,16 17 9,1,92,,172332,26,,,1,93,,172334,26,0,16 17 9,1,52,,172336,26,,,1,99,,172338,26,0,16 17 9,1,91,,172340,26,,,1,100,,172341,26,0,16 17 9,1
3301,'20260821',1000,,172345,26,,,1,100,,172346,26,,,1,100,,172347,26,,,1,102,,172348,26,,,1,106,,172349,26,,,1,103,,172350,26,,,1,104,,172352,26,,,1,94,,172354,26,0,16 17 9,1,18,,172355,26,,,1,92,,172357,26,,,1,34,,172359,26,0,16 17 9,1,67,,172361,26,0,16 17 9,1,92,,172364,26,,,1,93,,172366,26,0,16 17 9,1,52,,172368,26,,,1,99,,172370,26,0,16 17 9,1,91,,172372,26,,,1,100,,172373,26,0,16 17 9,1
3301,'20260822',956,,172375,7,0,53 17 9,1,102,,172376,26,,,1,100,,172377,7,0,53 17 9,1,143,,172378,26,,,1,57,,172379,7,0,53 17 9,1,100,,172380,26,,,1,100,,172381,7,0,53 17 9,1,100,,172382,26,,,1,198,,172383,26,,,1,200,,172384,26,,,1,199,,172385,26,,,1,202,,172386,26,,,1
3301,'20260823',956,,172387,7,0,53 17 9,1,102,,172388,26,,,1,100,,172389,7,0,53 17 9,1,143,,172390,26,,,1,57,,172391,7,0,53 17 9,1,100,,172392,26,,,1,100,,172393,7,0,53 17 9,1,100,,172394,26,,,1,198,,172395,26,,,1,200,,172396,26,,,1,199,,172397,26,,,1,202,,172398,26,,,1
3301,'20260824',1000,,172401,26,,,1,100,,172402,26,,,1,100,,172403,26,,,1,102,,172404,26,,,1,106,,172405,26,,,1,103,,172406,26,,,1,104,,172408,26,,,1,94,,172410,26,0,16 17 9,1,18,,172411,26,,,1,92,,172413,26,,,1,34,,172415,26,0,16 17 9,1,67,,172417,26,0,16 17 9,1,92,,172420,26,,,1,93,,172422,26,0,16 17 9,1,52,,172424,26,,,1,99,,172426,26,0,16 17 9,1,91,,172428,26,,,1,100,,172429,26,0,16 17 9,1
3301,'20260825',1000,,172433,26,,,1,100,,172434,26,,,1,100,,172435,26,,,1,102,,172436,26,,,1,106,,172437,26,,,1,103,,172438,26,,,1,104,,172440,26,,,1,94,,172442,26,0,16 17 9,1,18,,172443,26,,,1,92,,172445,26,,,1,34,,172447,26,0,16 17 9,1,67,,172449,26,0,16 17 9,1,92,,172452,26,,,1,93,,172454,26,0,16 17 9,1,52,,172456,26,,,1,99,,172458,26,0,16 17 9,1,91,,172460,26,,,1,100,,172461,26,0,16 17 9,1
3301,'20260826',1000,,172465,26,,,1,100,,172466,26,,,1,100,,172467,26,,,1,102,,172468,26,,,1,106,,172469,26,,,1,103,,172470,26,,,1,104,,172472,26,,,1,94,,172474,26,0,16 17 9,1,18,,172475,26,,,1,92,,172477,26,,,1,34,,172479,26,0,16 17 9,1,67,,172481,26,0,16 17 9,1,92,,172484,26,,,1,93,,172486,26,0,16 17 9,1,52,,172488,26,,,1,99,,172490,26,0,16 17 9,1,91,,172492,26,,,1,100,,172493,26,0,16 17 9,1
3301,'20260827',1000,,172497,26,,,1,100,,172498,26,,,1,100,,172499,26,,,1,102,,172500,26,,,1,106,,172501,26,,,1,103,,172502,26,,,1,104,,172504,26,,,1,94,,172506,26,0,16 17 9,1,18,,172507,26,,,1,92,,172509,26,,,1,34,,172511,26,0,16 17 9,1,67,,172513,26,0,16 17 9,1,92,,172516,26,,,1,93,,172518,26,0,16 17 9,1,52,,172520,26,,,1,99,,172522,26,0,16 17 9,1,91,,172524,26,,,1,100,,172525,26,0,16 17 9,1
3301,'20260828',1000,,172529,26,,,1,100,,172530,26,,,1,100,,172531,26,,,1,102,,172532,26,,,1,106,,172533,26,,,1,103,,172534,26,,,1,104,,172536,26,,,1,94,,172538,26,0,16 17 9,1,18,,172539,26,,,1,92,,172541,26,,,1,34,,172543,26,0,16 17 9,1,67,,172545,26,0,16 17 9,1,92,,172548,26,,,1,93,,172550,26,0,16 17 9,1,52,,172552,26,,,1,99,,172554,26,0,16 17 9,1,91,,172556,26,,,1,100,,172557,26,0,16 17 9,1
3301,'20260829',956,,172559,7,0,53 17 9,1,102,,172560,26,,,1,100,,172561,7,0,53 17 9,1,143,,172562,26,,,1,57,,172563,7,0,53 17 9,1,100,,172564,26,,,1,100,,172565,7,0,53 17 9,1,100,,172566,26,,,1,198,,172567,26,,,1,200,,172568,26,,,1,199,,172569,26,,,1,202,,172570,26,,,1
3301,'20260830',956,,172571,7,0,53 17 9,1,102,,172572,26,,,1,100,,172573,7,0,53 17 9,1,143,,172574,26,,,1,57,,172575,7,0,53 17 9,1,100,,172576,26,,,1,100,,172577,7,0,53 17 9,1,100,,172578,26,,,1,198,,172579,26,,,1,200,,172580,26,,,1,199,,172581,26,,,1,202,,172582,26,,,1
3301,'20260831',1000,,172585,26,,,1,100,,172586,26,,,1,100,,172587,26,,,1,102,,172588,26,,,1,106,,172589,26,,,1,103,,172590,26,,,1,104,,172592,26,,,1,94,,172594,26,0,16 17 9,1,18,,172595,26,,,1,92,,172597,26,,,1,34,,172599,26,0,16 17 9,1,67,,172601,26,0,16 17 9,1,92,,172604,26,,,1,93,,172606,26,0,16 17 9,1,52,,172608,26,,,1,99,,172610,26,0,16 17 9,1,91,,172612,26,,,1,100,,172613,26,0,16 17 9,1
3301,'20260901',1000,,172617,26,,,1,100,,172618,26,,,1,100,,172619,26,,,1,102,,172620,26,,,1,106,,172621,26,,,1,103,,172622,26,,,1,104,,172624,26,,,1,94,,172626,26,0,16 17 9,1,18,,172627,26,,,1,92,,172629,26,,,1,34,,172631,26,0,16 17 9,1,67,,172633,26,0,16 17 9,1,92,,172636,26,,,1,93,,172638,26,0,16 17 9,1,52,,172640,26,,,1,99,,172642,26,0,16 17 9,1,91,,172644,26,,,1,100,,172645,26,0,16 17 9,1
3301,'20260902',1000,,172649,26,,,1,100,,172650,26,,,1,100,,172651,26,,,1,102,,172652,26,,,1,106,,172653,26,,,1,103,,172654,26,,,1,104,,172656,26,,,1,94,,172658,26,0,16 17 9,1,18,,172659,26,,,1,92,,172661,26,,,1,34,,172663,26,0,16 17 9,1,67,,172665,26,0,16 17 9,1,92,,172668,26,,,1,93,,172670,26,0,16 17 9,1,52,,172672,26,,,1,99,,172674,26,0,16 17 9,1,91,,172676,26,,,1,100,,172677,26,0,16 17 9,1
3301,'20260903',1000,,172681,26,,,1,100,,172682,26,,,1,100,,172683,26,,,1,102,,172684,26,,,1,106,,172685,26,,,1,103,,172686,26,,,1,104,,172688,26,,,1,94,,172690,26,0,16 17 9,1,18,,172691,26,,,1,92,,172693,26,,,1,34,,172695,26,0,16 17 9,1,67,,172697,26,0,16 17 9,1,92,,172700,26,,,1,93,,172702,26,0,16 17 9,1,52,,172704,26,,,1,99,,172706,26,0,16 17 9,1,91,,172708,26,,,1,100,,172709,26,0,16 17 9,1
3301,'20260904',1000,,172713,26,,,1,100,,172714,26,,,1,100,,172715,26,,,1,102,,172716,26,,,1,106,,172717,26,,,1,103,,172718,26,,,1,104,,172720,26,,,1,94,,172722,26,0,16 17 9,1,18,,172723,26,,,1,92,,172725,26,,,1,34,,172727,26,0,16 17 9,1,67,,172729,26,0,16 17 9,1,92,,172732,26,,,1,93,,172734,26,0,16 17 9,1,52,,172736,26,,,1,99,,172738,26,0,16 17 9,1,91,,172740,26,,,1,100,,172741,26,0,16 17 9,1
