2100,'20260421',411,,12875,21,,,1,35,,12876,21,,,1,65,,12877,21,,,1,424,,12880,21,0,7 29 30,1,70,,12882,21,0,7 29 30,1,35,,12885,21,0,7 29 30,1,70,,12887,21,0,7 29 30,1,35,,12890,21,0,7 29 30,1,100,,12893,21,0,7 29 30,1,100,,12896,21,0,7 29 30,1,95,,12899,21,0,7 29 30,1,102,,12902,21,0,7 29 30,1,106,,12906,21,,,1,100,,12907,21,,,1,100,,12908,21,,,1,100,,12909,21,,,1,99,,12910,21,,,1,102,,12911,21,,,1,99,,12912,21,,,1,105,,12913,21,,,1,99,,12914,21,,,1
2100,'20260422',411,,12915,21,,,1,35,,12916,21,,,1,65,,12917,21,,,1,424,,12920,21,0,7 29 30,1,70,,12922,21,0,7 29 30,1,35,,12925,21,0,7 29 30,1,70,,12927,21,0,7 29 30,1,35,,12930,21,0,7 29 30,1,100,,12933,21,0,7 29 30,1,100,,12936,21,0,7 29 30,1,95,,12939,21,0,7 29 30,1,102,,12942,21,0,7 29 30,1,106,,12946,21,,,1,100,,12947,21,,,1,100,,12948,21,,,1,100,,12949,21,,,1,99,,12950,21,,,1,102,,12951,21,,,1,99,,12952,21,,,1,105,,12953,21,,,1,99,,12954,21,,,1
2100,'20260423',411,,12955,21,,,1,35,,12956,21,,,1,65,,12957,21,,,1,424,,12960,21,0,7 29 30,1,70,,12962,21,0,7 29 30,1,35,,12965,21,0,7 29 30,1,70,,12967,21,0,7 29 30,1,35,,12970,21,0,7 29 30,1,100,,12973,21,0,7 29 30,1,100,,12976,21,0,7 29 30,1,95,,12979,21,0,7 29 30,1,102,,12982,21,0,7 29 30,1,106,,12986,21,,,1,100,,12987,21,,,1,100,,12988,21,,,1,100,,12989,21,,,1,99,,12990,21,,,1,102,,12991,21,,,1,99,,12992,21,,,1,105,,12993,21,,,1,99,,12994,21,,,1
2100,'20260424',411,,12995,21,,,1,35,,12996,21,,,1,65,,12997,21,,,1,424,,13000,21,0,7 29 30,1,70,,13002,21,0,7 29 30,1,35,,13005,21,0,7 29 30,1,70,,13007,21,0,7 29 30,1,35,,13010,21,0,7 29 30,1,100,,13013,21,0,7 29 30,1,100,,13016,21,0,7 29 30,1,95,,13019,21,0,7 29 30,1,102,,13022,21,0,7 29 30,1,106,,13026,21,,,1,100,,13027,21,,,1,100,,13028,21,,,1,100,,13029,21,,,1,99,,13030,21,,,1,102,,13031,21,,,1,99,,13032,21,,,1,105,,13033,21,,,1,99,,13034,21,,,1
2100,'20260425',512,,71876,21,0,57 29 30,1,100,,71877,21,0,57 29 30,1,33,,71878,21,0,57 29 30,1,105,,71880,21,0,7 29 30,1,100,,71883,21,0,7 29 30,1,100,,71887,21,0,7 29 30,1,95,,71891,21,0,7 29 30,1,105,,71895,21,0,7 29 30,1,100,,71898,21,0,7 29 30,1,100,,71901,21,0,7 29 30,1,100,,71904,21,0,7 29 30,1,100,,71907,21,0,7 29 30,1,95,,71910,21,0,7 29 30,1,98,,71913,21,0,7 29 30,1,105,,71915,21,0,7 29 30,1,100,,71918,21,0,57 29 30,1,95,,71919,21,0,57 29 30,1,101,,71920,21,0,57 29 30,1,100,,71921,21,0,57 29 30,1,103,,71922,21,0,57 29 30,1,100,,71923,21,0,57 29 30,1
2100,'20260426',512,,71924,21,0,57 29 30,1,100,,71925,21,0,57 29 30,1,33,,71926,21,0,57 29 30,1,105,,71927,21,0,7 29 30,1,100,,71929,21,0,7 29 30,1,100,,71932,21,0,7 29 30,1,95,,71935,21,0,7 29 30,1,105,,71939,21,0,7 29 30,1,100,,71942,21,0,7 29 30,1,100,,71945,21,0,7 29 30,1,100,,71948,21,0,7 29 30,1,100,,71951,21,0,7 29 30,1,95,,71954,21,0,7 29 30,1,98,,71957,21,0,7 29 30,1,105,,71959,21,0,7 29 30,1,100,,71961,21,0,57 29 30,1,95,,71962,21,0,57 29 30,1,101,,71963,21,0,57 29 30,1,100,,71964,21,0,57 29 30,1,103,,71965,21,0,57 29 30,1,100,,71966,21,0,57 29 30,1
2100,'20260427',411,,71967,21,,,1,35,,71968,21,,,1,65,,71969,21,,,1,414,,71971,21,0,7 29 30,1,20,,71974,21,0,7 29 30,1,60,,71976,21,0,7 29 30,1,20,,71977,21,0,7 29 30,1,20,,71980,21,0,7 29 30,1,60,,71982,21,0,7 29 30,1,20,,71983,21,0,7 29 30,1,20,,71986,21,0,7 29 30,1,70,,71987,21,0,7 29 30,1,30,,71990,21,0,7 29 30,1,70,,71991,21,0,7 29 30,1,30,,71994,21,0,7 29 30,1,95,,71997,21,0,7 29 30,1,102,,71999,21,0,7 29 30,1,106,,72003,21,,,1,105,,72004,21,,,1,95,,72005,21,,,1,100,,72006,21,,,1,99,,72007,21,,,1,102,,72008,21,,,1,99,,72009,21,,,1,100,,72010,21,,,1,104,,72011,21,,,1
2100,'20260428',411,,72012,21,,,1,35,,72013,21,,,1,65,,72014,21,,,1,414,,72016,21,0,7 29 30,1,20,,72019,21,0,7 29 30,1,60,,72021,21,0,7 29 30,1,20,,72022,21,0,7 29 30,1,20,,72025,21,0,7 29 30,1,60,,72027,21,0,7 29 30,1,20,,72028,21,0,7 29 30,1,20,,72031,21,0,7 29 30,1,70,,72032,21,0,7 29 30,1,30,,72035,21,0,7 29 30,1,70,,72036,21,0,7 29 30,1,30,,72039,21,0,7 29 30,1,95,,72042,21,0,7 29 30,1,102,,72044,21,0,7 29 30,1,106,,72048,21,,,1,105,,72049,21,,,1,95,,72050,21,,,1,100,,72051,21,,,1,99,,72052,21,,,1,102,,72053,21,,,1,99,,72054,21,,,1,100,,72055,21,,,1,104,,72056,21,,,1
2100,'20260429',411,,72057,21,,,1,35,,72058,21,,,1,65,,72059,21,,,1,414,,72061,21,0,7 29 30,1,20,,72064,21,0,7 29 30,1,60,,72066,21,0,7 29 30,1,20,,72067,21,0,7 29 30,1,20,,72070,21,0,7 29 30,1,60,,72072,21,0,7 29 30,1,20,,72073,21,0,7 29 30,1,20,,72076,21,0,7 29 30,1,70,,72077,21,0,7 29 30,1,30,,72080,21,0,7 29 30,1,70,,72081,21,0,7 29 30,1,30,,72084,21,0,7 29 30,1,95,,72087,21,0,7 29 30,1,102,,72089,21,0,7 29 30,1,106,,72093,21,,,1,105,,72094,21,,,1,95,,72095,21,,,1,100,,72096,21,,,1,99,,72097,21,,,1,102,,72098,21,,,1,99,,72099,21,,,1,100,,72100,21,,,1,104,,72101,21,,,1
2100,'20260430',411,,72102,21,,,1,35,,72103,21,,,1,65,,72104,21,,,1,414,,72106,21,0,7 29 30,1,20,,72109,21,0,7 29 30,1,60,,72111,21,0,7 29 30,1,20,,72112,21,0,7 29 30,1,20,,72115,21,0,7 29 30,1,60,,72117,21,0,7 29 30,1,20,,72118,21,0,7 29 30,1,20,,72121,21,0,7 29 30,1,70,,72122,21,0,7 29 30,1,30,,72125,21,0,7 29 30,1,70,,72126,21,0,7 29 30,1,30,,72129,21,0,7 29 30,1,95,,72132,21,0,7 29 30,1,102,,72134,21,0,7 29 30,1,106,,72138,21,,,1,105,,72139,21,,,1,95,,72140,21,,,1,100,,72141,21,,,1,99,,72142,21,,,1,102,,72143,21,,,1,99,,72144,21,,,1,100,,72145,21,,,1,104,,72146,21,,,1
2100,'20260501',411,,72147,21,,,1,35,,72148,21,,,1,65,,72149,21,,,1,414,,72151,21,0,7 29 30,1,20,,72154,21,0,7 29 30,1,60,,72156,21,0,7 29 30,1,20,,72157,21,0,7 29 30,1,20,,72160,21,0,7 29 30,1,60,,72162,21,0,7 29 30,1,20,,72163,21,0,7 29 30,1,20,,72166,21,0,7 29 30,1,70,,72167,21,0,7 29 30,1,30,,72170,21,0,7 29 30,1,70,,72171,21,0,7 29 30,1,30,,72174,21,0,7 29 30,1,95,,72177,21,0,7 29 30,1,102,,72179,21,0,7 29 30,1,106,,72183,21,,,1,105,,72184,21,,,1,95,,72185,21,,,1,100,,72186,21,,,1,99,,72187,21,,,1,102,,72188,21,,,1,99,,72189,21,,,1,100,,72190,21,,,1,104,,72191,21,,,1
2100,'20260502',512,,72192,21,0,57 29 30,1,100,,72193,21,0,57 29 30,1,33,,72194,21,0,57 29 30,1,105,,72196,21,0,7 29 30,1,100,,72199,21,0,7 29 30,1,100,,72203,21,0,7 29 30,1,95,,72207,21,0,7 29 30,1,105,,72211,21,0,7 29 30,1,100,,72214,21,0,7 29 30,1,100,,72217,21,0,7 29 30,1,100,,72220,21,0,7 29 30,1,100,,72223,21,0,7 29 30,1,95,,72226,21,0,7 29 30,1,98,,72229,21,0,7 29 30,1,105,,72231,21,0,7 29 30,1,100,,72234,21,0,57 29 30,1,95,,72235,21,0,57 29 30,1,101,,72236,21,0,57 29 30,1,100,,72237,21,0,57 29 30,1,103,,72238,21,0,57 29 30,1,100,,72239,21,0,57 29 30,1
2100,'20260503',512,,72240,21,0,57 29 30,1,100,,72241,21,0,57 29 30,1,33,,72242,21,0,57 29 30,1,105,,72243,21,0,7 29 30,1,100,,72245,21,0,7 29 30,1,100,,72248,21,0,7 29 30,1,95,,72251,21,0,7 29 30,1,105,,72255,21,0,7 29 30,1,100,,72258,21,0,7 29 30,1,100,,72261,21,0,7 29 30,1,100,,72264,21,0,7 29 30,1,100,,72267,21,0,7 29 30,1,95,,72270,21,0,7 29 30,1,98,,72273,21,0,7 29 30,1,105,,72275,21,0,7 29 30,1,100,,72277,21,0,57 29 30,1,95,,72278,21,0,57 29 30,1,101,,72279,21,0,57 29 30,1,100,,72280,21,0,57 29 30,1,103,,72281,21,0,57 29 30,1,100,,72282,21,0,57 29 30,1
2100,'20260504',411,,72283,21,,,1,35,,72284,21,,,1,65,,72285,21,,,1,414,,72287,21,0,7 29 30,1,20,,72290,21,0,7 29 30,1,60,,72292,21,0,7 29 30,1,20,,72293,21,0,7 29 30,1,20,,72296,21,0,7 29 30,1,60,,72298,21,0,7 29 30,1,20,,72299,21,0,7 29 30,1,20,,72302,21,0,7 29 30,1,70,,72303,21,0,7 29 30,1,30,,72306,21,0,7 29 30,1,70,,72307,21,0,7 29 30,1,30,,72310,21,0,7 29 30,1,95,,72313,21,0,7 29 30,1,102,,72315,21,0,7 29 30,1,106,,72319,21,,,1,105,,72320,21,,,1,95,,72321,21,,,1,100,,72322,21,,,1,99,,72323,21,,,1,102,,72324,21,,,1,99,,72325,21,,,1,100,,72326,21,,,1,104,,72327,21,,,1
2100,'20260505',411,,72328,21,,,1,35,,72329,21,,,1,65,,72330,21,,,1,414,,72332,21,0,7 29 30,1,20,,72335,21,0,7 29 30,1,60,,72337,21,0,7 29 30,1,20,,72338,21,0,7 29 30,1,20,,72341,21,0,7 29 30,1,60,,72343,21,0,7 29 30,1,20,,72344,21,0,7 29 30,1,20,,72347,21,0,7 29 30,1,70,,72348,21,0,7 29 30,1,30,,72351,21,0,7 29 30,1,70,,72352,21,0,7 29 30,1,30,,72355,21,0,7 29 30,1,95,,72358,21,0,7 29 30,1,102,,72360,21,0,7 29 30,1,106,,72364,21,,,1,105,,72365,21,,,1,95,,72366,21,,,1,100,,72367,21,,,1,99,,72368,21,,,1,102,,72369,21,,,1,99,,72370,21,,,1,100,,72371,21,,,1,104,,72372,21,,,1
2100,'20260506',411,,72373,21,,,1,35,,72374,21,,,1,65,,72375,21,,,1,414,,72377,21,0,7 29 30,1,20,,72380,21,0,7 29 30,1,60,,72382,21,0,7 29 30,1,20,,72383,21,0,7 29 30,1,20,,72386,21,0,7 29 30,1,60,,72388,21,0,7 29 30,1,20,,72389,21,0,7 29 30,1,20,,72392,21,0,7 29 30,1,70,,72393,21,0,7 29 30,1,30,,72396,21,0,7 29 30,1,70,,72397,21,0,7 29 30,1,30,,72400,21,0,7 29 30,1,95,,72403,21,0,7 29 30,1,102,,72405,21,0,7 29 30,1,106,,72409,21,,,1,105,,72410,21,,,1,95,,72411,21,,,1,100,,72412,21,,,1,99,,72413,21,,,1,102,,72414,21,,,1,99,,72415,21,,,1,100,,72416,21,,,1,104,,72417,21,,,1
2100,'20260507',411,,72418,21,,,1,35,,72419,21,,,1,65,,72420,21,,,1,414,,72422,21,0,7 29 30,1,20,,72425,21,0,7 29 30,1,60,,72427,21,0,7 29 30,1,20,,72428,21,0,7 29 30,1,20,,72431,21,0,7 29 30,1,60,,72433,21,0,7 29 30,1,20,,72434,21,0,7 29 30,1,20,,72437,21,0,7 29 30,1,70,,72438,21,0,7 29 30,1,30,,72441,21,0,7 29 30,1,70,,72442,21,0,7 29 30,1,30,,72445,21,0,7 29 30,1,95,,72448,21,0,7 29 30,1,102,,72450,21,0,7 29 30,1,106,,72454,21,,,1,105,,72455,21,,,1,95,,72456,21,,,1,100,,72457,21,,,1,99,,72458,21,,,1,102,,72459,21,,,1,99,,72460,21,,,1,100,,72461,21,,,1,104,,72462,21,,,1
2100,'20260508',411,,72463,21,,,1,35,,72464,21,,,1,65,,72465,21,,,1,414,,72467,21,0,7 29 30,1,20,,72470,21,0,7 29 30,1,60,,72472,21,0,7 29 30,1,20,,72473,21,0,7 29 30,1,20,,72476,21,0,7 29 30,1,60,,72478,21,0,7 29 30,1,20,,72479,21,0,7 29 30,1,20,,72482,21,0,7 29 30,1,70,,72483,21,0,7 29 30,1,30,,72486,21,0,7 29 30,1,70,,72487,21,0,7 29 30,1,30,,72490,21,0,7 29 30,1,95,,72493,21,0,7 29 30,1,102,,72495,21,0,7 29 30,1,106,,72499,21,,,1,105,,72500,21,,,1,95,,72501,21,,,1,100,,72502,21,,,1,99,,72503,21,,,1,102,,72504,21,,,1,99,,72505,21,,,1,100,,72506,21,,,1,104,,72507,21,,,1
2100,'20260509',512,,72508,21,0,57 29 30,1,100,,72509,21,0,57 29 30,1,33,,72510,21,0,57 29 30,1,105,,72512,21,0,7 29 30,1,100,,72515,21,0,7 29 30,1,100,,72519,21,0,7 29 30,1,95,,72523,21,0,7 29 30,1,105,,72527,21,0,7 29 30,1,100,,72530,21,0,7 29 30,1,100,,72533,21,0,7 29 30,1,100,,72536,21,0,7 29 30,1,100,,72539,21,0,7 29 30,1,95,,72542,21,0,7 29 30,1,98,,72545,21,0,7 29 30,1,105,,72547,21,0,7 29 30,1,100,,72550,21,0,57 29 30,1,95,,72551,21,0,57 29 30,1,101,,72552,21,0,57 29 30,1,100,,72553,21,0,57 29 30,1,103,,72554,21,0,57 29 30,1,100,,72555,21,0,57 29 30,1
2100,'20260510',512,,72556,21,0,57 29 30,1,100,,72557,21,0,57 29 30,1,33,,72558,21,0,57 29 30,1,105,,72559,21,0,7 29 30,1,100,,72561,21,0,7 29 30,1,100,,72564,21,0,7 29 30,1,95,,72567,21,0,7 29 30,1,105,,72571,21,0,7 29 30,1,100,,72574,21,0,7 29 30,1,100,,72577,21,0,7 29 30,1,100,,72580,21,0,7 29 30,1,100,,72583,21,0,7 29 30,1,95,,72586,21,0,7 29 30,1,98,,72589,21,0,7 29 30,1,105,,72591,21,0,7 29 30,1,100,,72593,21,0,57 29 30,1,95,,72594,21,0,57 29 30,1,101,,72595,21,0,57 29 30,1,100,,72596,21,0,57 29 30,1,103,,72597,21,0,57 29 30,1,100,,72598,21,0,57 29 30,1
2100,'20260511',411,,72599,21,,,1,35,,72600,21,,,1,65,,72601,21,,,1,414,,72603,21,0,7 29 30,1,20,,72606,21,0,7 29 30,1,60,,72608,21,0,7 29 30,1,20,,72609,21,0,7 29 30,1,20,,72612,21,0,7 29 30,1,60,,72614,21,0,7 29 30,1,20,,72615,21,0,7 29 30,1,20,,72618,21,0,7 29 30,1,70,,72619,21,0,7 29 30,1,30,,72622,21,0,7 29 30,1,70,,72623,21,0,7 29 30,1,30,,72626,21,0,7 29 30,1,95,,72629,21,0,7 29 30,1,102,,72631,21,0,7 29 30,1,106,,72635,21,,,1,105,,72636,21,,,1,95,,72637,21,,,1,100,,72638,21,,,1,99,,72639,21,,,1,102,,72640,21,,,1,99,,72641,21,,,1,100,,72642,21,,,1,104,,72643,21,,,1
2100,'20260512',411,,72644,21,,,1,35,,72645,21,,,1,65,,72646,21,,,1,414,,72648,21,0,7 29 30,1,20,,72651,21,0,7 29 30,1,60,,72653,21,0,7 29 30,1,20,,72654,21,0,7 29 30,1,20,,72657,21,0,7 29 30,1,60,,72659,21,0,7 29 30,1,20,,72660,21,0,7 29 30,1,20,,72663,21,0,7 29 30,1,70,,72664,21,0,7 29 30,1,30,,72667,21,0,7 29 30,1,70,,72668,21,0,7 29 30,1,30,,72671,21,0,7 29 30,1,95,,72674,21,0,7 29 30,1,102,,72676,21,0,7 29 30,1,106,,72680,21,,,1,105,,72681,21,,,1,95,,72682,21,,,1,100,,72683,21,,,1,99,,72684,21,,,1,102,,72685,21,,,1,99,,72686,21,,,1,100,,72687,21,,,1,104,,72688,21,,,1
2100,'20260513',411,,72689,21,,,1,35,,72690,21,,,1,65,,72691,21,,,1,414,,72693,21,0,7 29 30,1,20,,72696,21,0,7 29 30,1,60,,72698,21,0,7 29 30,1,20,,72699,21,0,7 29 30,1,20,,72702,21,0,7 29 30,1,60,,72704,21,0,7 29 30,1,20,,72705,21,0,7 29 30,1,20,,72708,21,0,7 29 30,1,70,,72709,21,0,7 29 30,1,30,,72712,21,0,7 29 30,1,70,,72713,21,0,7 29 30,1,30,,72716,21,0,7 29 30,1,95,,72719,21,0,7 29 30,1,102,,72721,21,0,7 29 30,1,106,,72725,21,,,1,105,,72726,21,,,1,95,,72727,21,,,1,100,,72728,21,,,1,99,,72729,21,,,1,102,,72730,21,,,1,99,,72731,21,,,1,100,,72732,21,,,1,104,,72733,21,,,1
2100,'20260514',411,,72734,21,,,1,35,,72735,21,,,1,65,,72736,21,,,1,414,,72738,21,0,7 29 30,1,20,,72741,21,0,7 29 30,1,60,,72743,21,0,7 29 30,1,20,,72744,21,0,7 29 30,1,20,,72747,21,0,7 29 30,1,60,,72749,21,0,7 29 30,1,20,,72750,21,0,7 29 30,1,20,,72753,21,0,7 29 30,1,70,,72754,21,0,7 29 30,1,30,,72757,21,0,7 29 30,1,70,,72758,21,0,7 29 30,1,30,,72761,21,0,7 29 30,1,95,,72764,21,0,7 29 30,1,102,,72766,21,0,7 29 30,1,106,,72770,21,,,1,105,,72771,21,,,1,95,,72772,21,,,1,100,,72773,21,,,1,99,,72774,21,,,1,102,,72775,21,,,1,99,,72776,21,,,1,100,,72777,21,,,1,104,,72778,21,,,1
2100,'20260515',411,,72779,21,,,1,35,,72780,21,,,1,65,,72781,21,,,1,414,,72783,21,0,7 29 30,1,20,,72786,21,0,7 29 30,1,60,,72788,21,0,7 29 30,1,20,,72789,21,0,7 29 30,1,20,,72792,21,0,7 29 30,1,60,,72794,21,0,7 29 30,1,20,,72795,21,0,7 29 30,1,20,,72798,21,0,7 29 30,1,70,,72799,21,0,7 29 30,1,30,,72802,21,0,7 29 30,1,70,,72803,21,0,7 29 30,1,30,,72806,21,0,7 29 30,1,95,,72809,21,0,7 29 30,1,102,,72811,21,0,7 29 30,1,106,,72815,21,,,1,105,,72816,21,,,1,95,,72817,21,,,1,100,,72818,21,,,1,99,,72819,21,,,1,102,,72820,21,,,1,99,,72821,21,,,1,100,,72822,21,,,1,104,,72823,21,,,1
2100,'20260516',512,,72824,21,0,57 29 30,1,100,,72825,21,0,57 29 30,1,33,,72826,21,0,57 29 30,1,105,,72828,21,0,7 29 30,1,100,,72831,21,0,7 29 30,1,100,,72835,21,0,7 29 30,1,95,,72839,21,0,7 29 30,1,105,,72843,21,0,7 29 30,1,100,,72846,21,0,7 29 30,1,100,,72849,21,0,7 29 30,1,100,,72852,21,0,7 29 30,1,100,,72855,21,0,7 29 30,1,95,,72858,21,0,7 29 30,1,98,,72861,21,0,7 29 30,1,105,,72863,21,0,7 29 30,1,100,,72866,21,0,57 29 30,1,95,,72867,21,0,57 29 30,1,101,,72868,21,0,57 29 30,1,100,,72869,21,0,57 29 30,1,103,,72870,21,0,57 29 30,1,100,,72871,21,0,57 29 30,1
2100,'20260517',512,,72872,21,0,57 29 30,1,100,,72873,21,0,57 29 30,1,33,,72874,21,0,57 29 30,1,105,,72875,21,0,7 29 30,1,100,,72877,21,0,7 29 30,1,100,,72880,21,0,7 29 30,1,95,,72883,21,0,7 29 30,1,105,,72887,21,0,7 29 30,1,100,,72890,21,0,7 29 30,1,100,,72893,21,0,7 29 30,1,100,,72896,21,0,7 29 30,1,100,,72899,21,0,7 29 30,1,95,,72902,21,0,7 29 30,1,98,,72905,21,0,7 29 30,1,105,,72907,21,0,7 29 30,1,100,,72909,21,0,57 29 30,1,95,,72910,21,0,57 29 30,1,101,,72911,21,0,57 29 30,1,100,,72912,21,0,57 29 30,1,103,,72913,21,0,57 29 30,1,100,,72914,21,0,57 29 30,1
2100,'20260518',512,,72915,21,0,57 29 30,1,100,,72916,21,0,57 29 30,1,33,,72917,21,0,57 29 30,1,105,,72919,21,0,7 29 30,1,100,,72922,21,0,7 29 30,1,100,,72926,21,0,7 29 30,1,95,,72930,21,0,7 29 30,1,105,,72934,21,0,7 29 30,1,100,,72937,21,0,7 29 30,1,100,,72940,21,0,7 29 30,1,100,,72943,21,0,7 29 30,1,100,,72946,21,0,7 29 30,1,95,,72949,21,0,7 29 30,1,98,,72952,21,0,7 29 30,1,105,,72954,21,0,7 29 30,1,100,,72957,21,0,57 29 30,1,95,,72958,21,0,57 29 30,1,101,,72959,21,0,57 29 30,1,100,,72960,21,0,57 29 30,1,103,,72961,21,0,57 29 30,1,100,,72962,21,0,57 29 30,1
2100,'20260519',411,,72963,21,,,1,35,,72964,21,,,1,65,,72965,21,,,1,414,,72967,21,0,7 29 30,1,20,,72970,21,0,7 29 30,1,60,,72972,21,0,7 29 30,1,20,,72973,21,0,7 29 30,1,20,,72976,21,0,7 29 30,1,60,,72978,21,0,7 29 30,1,20,,72979,21,0,7 29 30,1,20,,72982,21,0,7 29 30,1,70,,72983,21,0,7 29 30,1,30,,72986,21,0,7 29 30,1,70,,72987,21,0,7 29 30,1,30,,72990,21,0,7 29 30,1,95,,72993,21,0,7 29 30,1,102,,72995,21,0,7 29 30,1,106,,72999,21,,,1,105,,73000,21,,,1,95,,73001,21,,,1,100,,73002,21,,,1,99,,73003,21,,,1,102,,73004,21,,,1,99,,73005,21,,,1,100,,73006,21,,,1,104,,73007,21,,,1
2100,'20260520',411,,73008,21,,,1,35,,73009,21,,,1,65,,73010,21,,,1,414,,73012,21,0,7 29 30,1,20,,73015,21,0,7 29 30,1,60,,73017,21,0,7 29 30,1,20,,73018,21,0,7 29 30,1,20,,73021,21,0,7 29 30,1,60,,73023,21,0,7 29 30,1,20,,73024,21,0,7 29 30,1,20,,73027,21,0,7 29 30,1,70,,73028,21,0,7 29 30,1,30,,73031,21,0,7 29 30,1,70,,73032,21,0,7 29 30,1,30,,73035,21,0,7 29 30,1,95,,73038,21,0,7 29 30,1,102,,73040,21,0,7 29 30,1,106,,73044,21,,,1,105,,73045,21,,,1,95,,73046,21,,,1,100,,73047,21,,,1,99,,73048,21,,,1,102,,73049,21,,,1,99,,73050,21,,,1,100,,73051,21,,,1,104,,73052,21,,,1
2100,'20260521',411,,73053,21,,,1,35,,73054,21,,,1,65,,73055,21,,,1,414,,73057,21,0,7 29 30,1,20,,73060,21,0,7 29 30,1,60,,73062,21,0,7 29 30,1,20,,73063,21,0,7 29 30,1,20,,73066,21,0,7 29 30,1,60,,73068,21,0,7 29 30,1,20,,73069,21,0,7 29 30,1,20,,73072,21,0,7 29 30,1,70,,73073,21,0,7 29 30,1,30,,73076,21,0,7 29 30,1,70,,73077,21,0,7 29 30,1,30,,73080,21,0,7 29 30,1,95,,73083,21,0,7 29 30,1,102,,73085,21,0,7 29 30,1,106,,73089,21,,,1,105,,73090,21,,,1,95,,73091,21,,,1,100,,73092,21,,,1,99,,73093,21,,,1,102,,73094,21,,,1,99,,73095,21,,,1,100,,73096,21,,,1,104,,73097,21,,,1
2100,'20260522',411,,73098,21,,,1,35,,73099,21,,,1,65,,73100,21,,,1,414,,73102,21,0,7 29 30,1,20,,73105,21,0,7 29 30,1,60,,73107,21,0,7 29 30,1,20,,73108,21,0,7 29 30,1,20,,73111,21,0,7 29 30,1,60,,73113,21,0,7 29 30,1,20,,73114,21,0,7 29 30,1,20,,73117,21,0,7 29 30,1,70,,73118,21,0,7 29 30,1,30,,73121,21,0,7 29 30,1,70,,73122,21,0,7 29 30,1,30,,73125,21,0,7 29 30,1,95,,73128,21,0,7 29 30,1,102,,73130,21,0,7 29 30,1,106,,73134,21,,,1,105,,73135,21,,,1,95,,73136,21,,,1,100,,73137,21,,,1,99,,73138,21,,,1,102,,73139,21,,,1,99,,73140,21,,,1,100,,73141,21,,,1,104,,73142,21,,,1
2100,'20260523',512,,73143,21,0,57 29 30,1,100,,73144,21,0,57 29 30,1,33,,73145,21,0,57 29 30,1,105,,73147,21,0,7 29 30,1,100,,73150,21,0,7 29 30,1,100,,73154,21,0,7 29 30,1,95,,73158,21,0,7 29 30,1,105,,73162,21,0,7 29 30,1,100,,73165,21,0,7 29 30,1,100,,73168,21,0,7 29 30,1,100,,73171,21,0,7 29 30,1,100,,73174,21,0,7 29 30,1,95,,73177,21,0,7 29 30,1,98,,73180,21,0,7 29 30,1,105,,73182,21,0,7 29 30,1,100,,73185,21,0,57 29 30,1,95,,73186,21,0,57 29 30,1,101,,73187,21,0,57 29 30,1,100,,73188,21,0,57 29 30,1,103,,73189,21,0,57 29 30,1,100,,73190,21,0,57 29 30,1
2100,'20260524',512,,73191,21,0,57 29 30,1,100,,73192,21,0,57 29 30,1,33,,73193,21,0,57 29 30,1,105,,73194,21,0,7 29 30,1,100,,73196,21,0,7 29 30,1,100,,73199,21,0,7 29 30,1,95,,73202,21,0,7 29 30,1,105,,73206,21,0,7 29 30,1,100,,73209,21,0,7 29 30,1,100,,73212,21,0,7 29 30,1,100,,73215,21,0,7 29 30,1,100,,73218,21,0,7 29 30,1,95,,73221,21,0,7 29 30,1,98,,73224,21,0,7 29 30,1,105,,73226,21,0,7 29 30,1,100,,73228,21,0,57 29 30,1,95,,73229,21,0,57 29 30,1,101,,73230,21,0,57 29 30,1,100,,73231,21,0,57 29 30,1,103,,73232,21,0,57 29 30,1,100,,73233,21,0,57 29 30,1
2100,'20260525',411,,73234,21,,,1,35,,73235,21,,,1,65,,73236,21,,,1,414,,73238,21,0,7 29 30,1,20,,73241,21,0,7 29 30,1,60,,73243,21,0,7 29 30,1,20,,73244,21,0,7 29 30,1,20,,73247,21,0,7 29 30,1,60,,73249,21,0,7 29 30,1,20,,73250,21,0,7 29 30,1,20,,73253,21,0,7 29 30,1,70,,73254,21,0,7 29 30,1,30,,73257,21,0,7 29 30,1,70,,73258,21,0,7 29 30,1,30,,73261,21,0,7 29 30,1,95,,73264,21,0,7 29 30,1,102,,73266,21,0,7 29 30,1,106,,73270,21,,,1,105,,73271,21,,,1,95,,73272,21,,,1,100,,73273,21,,,1,99,,73274,21,,,1,102,,73275,21,,,1,99,,73276,21,,,1,100,,73277,21,,,1,104,,73278,21,,,1
2100,'20260526',411,,73279,21,,,1,35,,73280,21,,,1,65,,73281,21,,,1,414,,73283,21,0,7 29 30,1,20,,73286,21,0,7 29 30,1,60,,73288,21,0,7 29 30,1,20,,73289,21,0,7 29 30,1,20,,73292,21,0,7 29 30,1,60,,73294,21,0,7 29 30,1,20,,73295,21,0,7 29 30,1,20,,73298,21,0,7 29 30,1,70,,73299,21,0,7 29 30,1,30,,73302,21,0,7 29 30,1,70,,73303,21,0,7 29 30,1,30,,73306,21,0,7 29 30,1,95,,73309,21,0,7 29 30,1,102,,73311,21,0,7 29 30,1,106,,73315,21,,,1,105,,73316,21,,,1,95,,73317,21,,,1,100,,73318,21,,,1,99,,73319,21,,,1,102,,73320,21,,,1,99,,73321,21,,,1,100,,73322,21,,,1,104,,73323,21,,,1
2100,'20260527',411,,73324,21,,,1,35,,73325,21,,,1,65,,73326,21,,,1,414,,73328,21,0,7 29 30,1,20,,73331,21,0,7 29 30,1,60,,73333,21,0,7 29 30,1,20,,73334,21,0,7 29 30,1,20,,73337,21,0,7 29 30,1,60,,73339,21,0,7 29 30,1,20,,73340,21,0,7 29 30,1,20,,73343,21,0,7 29 30,1,70,,73344,21,0,7 29 30,1,30,,73347,21,0,7 29 30,1,70,,73348,21,0,7 29 30,1,30,,73351,21,0,7 29 30,1,95,,73354,21,0,7 29 30,1,102,,73356,21,0,7 29 30,1,106,,73360,21,,,1,105,,73361,21,,,1,95,,73362,21,,,1,100,,73363,21,,,1,99,,73364,21,,,1,102,,73365,21,,,1,99,,73366,21,,,1,100,,73367,21,,,1,104,,73368,21,,,1
2100,'20260528',411,,73369,21,,,1,35,,73370,21,,,1,65,,73371,21,,,1,414,,73373,21,0,7 29 30,1,20,,73376,21,0,7 29 30,1,60,,73378,21,0,7 29 30,1,20,,73379,21,0,7 29 30,1,20,,73382,21,0,7 29 30,1,60,,73384,21,0,7 29 30,1,20,,73385,21,0,7 29 30,1,20,,73388,21,0,7 29 30,1,70,,73389,21,0,7 29 30,1,30,,73392,21,0,7 29 30,1,70,,73393,21,0,7 29 30,1,30,,73396,21,0,7 29 30,1,95,,73399,21,0,7 29 30,1,102,,73401,21,0,7 29 30,1,106,,73405,21,,,1,105,,73406,21,,,1,95,,73407,21,,,1,100,,73408,21,,,1,99,,73409,21,,,1,102,,73410,21,,,1,99,,73411,21,,,1,100,,73412,21,,,1,104,,73413,21,,,1
2100,'20260529',411,,73414,21,,,1,35,,73415,21,,,1,65,,73416,21,,,1,414,,73418,21,0,7 29 30,1,20,,73421,21,0,7 29 30,1,60,,73423,21,0,7 29 30,1,20,,73424,21,0,7 29 30,1,20,,73427,21,0,7 29 30,1,60,,73429,21,0,7 29 30,1,20,,73430,21,0,7 29 30,1,20,,73433,21,0,7 29 30,1,70,,73434,21,0,7 29 30,1,30,,73437,21,0,7 29 30,1,70,,73438,21,0,7 29 30,1,30,,73441,21,0,7 29 30,1,95,,73444,21,0,7 29 30,1,102,,73446,21,0,7 29 30,1,106,,73450,21,,,1,105,,73451,21,,,1,95,,73452,21,,,1,100,,73453,21,,,1,99,,73454,21,,,1,102,,73455,21,,,1,99,,73456,21,,,1,100,,73457,21,,,1,104,,73458,21,,,1
2100,'20260530',512,,73459,21,0,57 29 30,1,100,,73460,21,0,57 29 30,1,33,,73461,21,0,57 29 30,1,105,,73463,21,0,7 29 30,1,100,,73466,21,0,7 29 30,1,100,,73470,21,0,7 29 30,1,95,,73474,21,0,7 29 30,1,105,,73478,21,0,7 29 30,1,100,,73481,21,0,7 29 30,1,100,,73484,21,0,7 29 30,1,100,,73487,21,0,7 29 30,1,100,,73490,21,0,7 29 30,1,95,,73493,21,0,7 29 30,1,98,,73496,21,0,7 29 30,1,105,,73498,21,0,7 29 30,1,100,,73501,21,0,57 29 30,1,95,,73502,21,0,57 29 30,1,101,,73503,21,0,57 29 30,1,100,,73504,21,0,57 29 30,1,103,,73505,21,0,57 29 30,1,100,,73506,21,0,57 29 30,1
2100,'20260531',512,,73507,21,0,57 29 30,1,100,,73508,21,0,57 29 30,1,33,,73509,21,0,57 29 30,1,105,,73510,21,0,7 29 30,1,100,,73512,21,0,7 29 30,1,100,,73515,21,0,7 29 30,1,95,,73518,21,0,7 29 30,1,105,,73522,21,0,7 29 30,1,100,,73525,21,0,7 29 30,1,100,,73528,21,0,7 29 30,1,100,,73531,21,0,7 29 30,1,100,,73534,21,0,7 29 30,1,95,,73537,21,0,7 29 30,1,98,,73540,21,0,7 29 30,1,105,,73542,21,0,7 29 30,1,100,,73544,21,0,57 29 30,1,95,,73545,21,0,57 29 30,1,101,,73546,21,0,57 29 30,1,100,,73547,21,0,57 29 30,1,103,,73548,21,0,57 29 30,1,100,,73549,21,0,57 29 30,1
2100,'20260601',411,,73550,21,,,1,35,,73551,21,,,1,65,,73552,21,,,1,414,,73554,21,0,7 29 30,1,20,,73557,21,0,7 29 30,1,60,,73559,21,0,7 29 30,1,20,,73560,21,0,7 29 30,1,20,,73563,21,0,7 29 30,1,60,,73565,21,0,7 29 30,1,20,,73566,21,0,7 29 30,1,20,,73569,21,0,7 29 30,1,70,,73570,21,0,7 29 30,1,30,,73573,21,0,7 29 30,1,70,,73574,21,0,7 29 30,1,30,,73577,21,0,7 29 30,1,95,,73580,21,0,7 29 30,1,102,,73582,21,0,7 29 30,1,106,,73586,21,,,1,105,,73587,21,,,1,95,,73588,21,,,1,100,,73589,21,,,1,99,,73590,21,,,1,102,,73591,21,,,1,99,,73592,21,,,1,100,,73593,21,,,1,104,,73594,21,,,1
2100,'20260602',411,,73595,21,,,1,35,,73596,21,,,1,65,,73597,21,,,1,414,,73599,21,0,7 29 30,1,20,,73602,21,0,7 29 30,1,60,,73604,21,0,7 29 30,1,20,,73605,21,0,7 29 30,1,20,,73608,21,0,7 29 30,1,60,,73610,21,0,7 29 30,1,20,,73611,21,0,7 29 30,1,20,,73614,21,0,7 29 30,1,70,,73615,21,0,7 29 30,1,30,,73618,21,0,7 29 30,1,70,,73619,21,0,7 29 30,1,30,,73622,21,0,7 29 30,1,95,,73625,21,0,7 29 30,1,102,,73627,21,0,7 29 30,1,106,,73631,21,,,1,105,,73632,21,,,1,95,,73633,21,,,1,100,,73634,21,,,1,99,,73635,21,,,1,102,,73636,21,,,1,99,,73637,21,,,1,100,,73638,21,,,1,104,,73639,21,,,1
2100,'20260603',411,,73640,21,,,1,35,,73641,21,,,1,65,,73642,21,,,1,414,,73644,21,0,7 29 30,1,20,,73647,21,0,7 29 30,1,60,,73649,21,0,7 29 30,1,20,,73650,21,0,7 29 30,1,20,,73653,21,0,7 29 30,1,60,,73655,21,0,7 29 30,1,20,,73656,21,0,7 29 30,1,20,,73659,21,0,7 29 30,1,70,,73660,21,0,7 29 30,1,30,,73663,21,0,7 29 30,1,70,,73664,21,0,7 29 30,1,30,,73667,21,0,7 29 30,1,95,,73670,21,0,7 29 30,1,102,,73672,21,0,7 29 30,1,106,,73676,21,,,1,105,,73677,21,,,1,95,,73678,21,,,1,100,,73679,21,,,1,99,,73680,21,,,1,102,,73681,21,,,1,99,,73682,21,,,1,100,,73683,21,,,1,104,,73684,21,,,1
2100,'20260604',411,,73685,21,,,1,35,,73686,21,,,1,65,,73687,21,,,1,414,,73689,21,0,7 29 30,1,20,,73692,21,0,7 29 30,1,60,,73694,21,0,7 29 30,1,20,,73695,21,0,7 29 30,1,20,,73698,21,0,7 29 30,1,60,,73700,21,0,7 29 30,1,20,,73701,21,0,7 29 30,1,20,,73704,21,0,7 29 30,1,70,,73705,21,0,7 29 30,1,30,,73708,21,0,7 29 30,1,70,,73709,21,0,7 29 30,1,30,,73712,21,0,7 29 30,1,95,,73715,21,0,7 29 30,1,102,,73717,21,0,7 29 30,1,106,,73721,21,,,1,105,,73722,21,,,1,95,,73723,21,,,1,100,,73724,21,,,1,99,,73725,21,,,1,102,,73726,21,,,1,99,,73727,21,,,1,100,,73728,21,,,1,104,,73729,21,,,1
2100,'20260605',411,,73730,21,,,1,35,,73731,21,,,1,65,,73732,21,,,1,414,,73734,21,0,7 29 30,1,20,,73737,21,0,7 29 30,1,60,,73739,21,0,7 29 30,1,20,,73740,21,0,7 29 30,1,20,,73743,21,0,7 29 30,1,60,,73745,21,0,7 29 30,1,20,,73746,21,0,7 29 30,1,20,,73749,21,0,7 29 30,1,70,,73750,21,0,7 29 30,1,30,,73753,21,0,7 29 30,1,70,,73754,21,0,7 29 30,1,30,,73757,21,0,7 29 30,1,95,,73760,21,0,7 29 30,1,102,,73762,21,0,7 29 30,1,106,,73766,21,,,1,105,,73767,21,,,1,95,,73768,21,,,1,100,,73769,21,,,1,99,,73770,21,,,1,102,,73771,21,,,1,99,,73772,21,,,1,100,,73773,21,,,1,104,,73774,21,,,1
2100,'20260606',512,,73775,21,0,57 29 30,1,100,,73776,21,0,57 29 30,1,33,,73777,21,0,57 29 30,1,105,,73779,21,0,7 29 30,1,100,,73782,21,0,7 29 30,1,100,,73786,21,0,7 29 30,1,95,,73790,21,0,7 29 30,1,105,,73794,21,0,7 29 30,1,100,,73797,21,0,7 29 30,1,100,,73800,21,0,7 29 30,1,100,,73803,21,0,7 29 30,1,100,,73806,21,0,7 29 30,1,95,,73809,21,0,7 29 30,1,98,,73812,21,0,7 29 30,1,105,,73814,21,0,7 29 30,1,100,,73817,21,0,57 29 30,1,95,,73818,21,0,57 29 30,1,101,,73819,21,0,57 29 30,1,100,,73820,21,0,57 29 30,1,103,,73821,21,0,57 29 30,1,100,,73822,21,0,57 29 30,1
2100,'20260607',512,,73823,21,0,57 29 30,1,100,,73824,21,0,57 29 30,1,33,,73825,21,0,57 29 30,1,105,,73826,21,0,7 29 30,1,100,,73828,21,0,7 29 30,1,100,,73831,21,0,7 29 30,1,95,,73834,21,0,7 29 30,1,105,,73838,21,0,7 29 30,1,100,,73841,21,0,7 29 30,1,100,,73844,21,0,7 29 30,1,100,,73847,21,0,7 29 30,1,100,,73850,21,0,7 29 30,1,95,,73853,21,0,7 29 30,1,98,,73856,21,0,7 29 30,1,105,,73858,21,0,7 29 30,1,100,,73860,21,0,57 29 30,1,95,,73861,21,0,57 29 30,1,101,,73862,21,0,57 29 30,1,100,,73863,21,0,57 29 30,1,103,,73864,21,0,57 29 30,1,100,,73865,21,0,57 29 30,1
2100,'20260608',411,,73866,21,,,1,35,,73867,21,,,1,65,,73868,21,,,1,414,,73870,21,0,7 29 30,1,20,,73873,21,0,7 29 30,1,60,,73875,21,0,7 29 30,1,20,,73876,21,0,7 29 30,1,20,,73879,21,0,7 29 30,1,60,,73881,21,0,7 29 30,1,20,,73882,21,0,7 29 30,1,20,,73885,21,0,7 29 30,1,70,,73886,21,0,7 29 30,1,30,,73889,21,0,7 29 30,1,70,,73890,21,0,7 29 30,1,30,,73893,21,0,7 29 30,1,95,,73896,21,0,7 29 30,1,102,,73898,21,0,7 29 30,1,106,,73902,21,,,1,105,,73903,21,,,1,95,,73904,21,,,1,100,,73905,21,,,1,99,,73906,21,,,1,102,,73907,21,,,1,99,,73908,21,,,1,100,,73909,21,,,1,104,,73910,21,,,1
2100,'20260609',411,,73911,21,,,1,35,,73912,21,,,1,65,,73913,21,,,1,414,,73915,21,0,7 29 30,1,20,,73918,21,0,7 29 30,1,60,,73920,21,0,7 29 30,1,20,,73921,21,0,7 29 30,1,20,,73924,21,0,7 29 30,1,60,,73926,21,0,7 29 30,1,20,,73927,21,0,7 29 30,1,20,,73930,21,0,7 29 30,1,70,,73931,21,0,7 29 30,1,30,,73934,21,0,7 29 30,1,70,,73935,21,0,7 29 30,1,30,,73938,21,0,7 29 30,1,95,,73941,21,0,7 29 30,1,102,,73943,21,0,7 29 30,1,106,,73947,21,,,1,105,,73948,21,,,1,95,,73949,21,,,1,100,,73950,21,,,1,99,,73951,21,,,1,102,,73952,21,,,1,99,,73953,21,,,1,100,,73954,21,,,1,104,,73955,21,,,1
2100,'20260610',411,,73956,21,,,1,35,,73957,21,,,1,65,,73958,21,,,1,414,,73960,21,0,7 29 30,1,20,,73963,21,0,7 29 30,1,60,,73965,21,0,7 29 30,1,20,,73966,21,0,7 29 30,1,20,,73969,21,0,7 29 30,1,60,,73971,21,0,7 29 30,1,20,,73972,21,0,7 29 30,1,20,,73975,21,0,7 29 30,1,70,,73976,21,0,7 29 30,1,30,,73979,21,0,7 29 30,1,70,,73980,21,0,7 29 30,1,30,,73983,21,0,7 29 30,1,95,,73986,21,0,7 29 30,1,102,,73988,21,0,7 29 30,1,106,,73992,21,,,1,105,,73993,21,,,1,95,,73994,21,,,1,100,,73995,21,,,1,99,,73996,21,,,1,102,,73997,21,,,1,99,,73998,21,,,1,100,,73999,21,,,1,104,,74000,21,,,1
2100,'20260611',411,,74001,21,,,1,35,,74002,21,,,1,65,,74003,21,,,1,414,,74005,21,0,7 29 30,1,20,,74008,21,0,7 29 30,1,60,,74010,21,0,7 29 30,1,20,,74011,21,0,7 29 30,1,20,,74014,21,0,7 29 30,1,60,,74016,21,0,7 29 30,1,20,,74017,21,0,7 29 30,1,20,,74020,21,0,7 29 30,1,70,,74021,21,0,7 29 30,1,30,,74024,21,0,7 29 30,1,70,,74025,21,0,7 29 30,1,30,,74028,21,0,7 29 30,1,95,,74031,21,0,7 29 30,1,102,,74033,21,0,7 29 30,1,106,,74037,21,,,1,105,,74038,21,,,1,95,,74039,21,,,1,100,,74040,21,,,1,99,,74041,21,,,1,102,,74042,21,,,1,99,,74043,21,,,1,100,,74044,21,,,1,104,,74045,21,,,1
2100,'20260612',411,,74046,21,,,1,35,,74047,21,,,1,65,,74048,21,,,1,414,,74050,21,0,7 29 30,1,20,,74053,21,0,7 29 30,1,60,,74055,21,0,7 29 30,1,20,,74056,21,0,7 29 30,1,20,,74059,21,0,7 29 30,1,60,,74061,21,0,7 29 30,1,20,,74062,21,0,7 29 30,1,20,,74065,21,0,7 29 30,1,70,,74066,21,0,7 29 30,1,30,,74069,21,0,7 29 30,1,70,,74070,21,0,7 29 30,1,30,,74073,21,0,7 29 30,1,95,,74076,21,0,7 29 30,1,102,,74078,21,0,7 29 30,1,106,,74082,21,,,1,105,,74083,21,,,1,95,,74084,21,,,1,100,,74085,21,,,1,99,,74086,21,,,1,102,,74087,21,,,1,99,,74088,21,,,1,100,,74089,21,,,1,104,,74090,21,,,1
2700,'20260421',525,,19292,21,0,7 6,1,85,,19294,21,0,7 6,1,22,,19295,21,0,7 6,1,17,,19296,21,0,7 6,1,65,,19297,21,0,7 6,1,25,,19298,21,0,7 6,1,70,,19299,21,0,7 6,1,35,,19300,21,0,7 6,1,105,,19301,21,0,7 6,1,100,,19302,21,0,7 6,1,462,,19307,21,0,7 6,1,35,,19308,21,0,7 6,1,65,,19309,21,0,7 6,1,35,,19311,21,0,7 6,1,75,,19312,21,0,7 6,1,80,,19313,21,0,7 6,1,50,,19314,21,0,7 6,1
2700,'20260422',525,,19318,21,0,7 6,1,85,,19320,21,0,7 6,1,22,,19321,21,0,7 6,1,17,,19322,21,0,7 6,1,65,,19323,21,0,7 6,1,25,,19324,21,0,7 6,1,70,,19325,21,0,7 6,1,35,,19326,21,0,7 6,1,105,,19327,21,0,7 6,1,100,,19328,21,0,7 6,1,462,,19333,21,0,7 6,1,35,,19334,21,0,7 6,1,65,,19335,21,0,7 6,1,35,,19337,21,0,7 6,1,75,,19338,21,0,7 6,1,80,,19339,21,0,7 6,1,50,,19340,21,0,7 6,1
2700,'20260423',525,,19344,21,0,7 6,1,85,,19346,21,0,7 6,1,22,,19347,21,0,7 6,1,17,,19348,21,0,7 6,1,65,,19349,21,0,7 6,1,25,,19350,21,0,7 6,1,70,,19351,21,0,7 6,1,35,,19352,21,0,7 6,1,105,,19353,21,0,7 6,1,100,,19354,21,0,7 6,1,462,,19359,21,0,7 6,1,35,,19360,21,0,7 6,1,65,,19361,21,0,7 6,1,35,,19363,21,0,7 6,1,75,,19364,21,0,7 6,1,80,,19365,21,0,7 6,1,50,,19366,21,0,7 6,1
2700,'20260424',525,,19370,21,0,7 6,1,85,,19371,21,0,7 6,1,22,,19372,21,0,7 6,1,17,,19373,21,0,7 6,1,65,,19374,21,0,7 6,1,25,,19375,21,0,7 6,1,70,,19376,21,0,7 6,1,35,,19377,21,0,7 6,1,105,,19378,21,0,7 6,1,100,,19379,21,0,7 6,1,462,,19384,21,0,7 6,1,35,,19385,21,0,7 6,1,65,,19386,21,0,7 6,1,35,,19387,21,0,7 6,1,75,,19388,21,0,7 6,1,80,,19389,21,0,7 6,1,50,,19390,21,0,7 6,1
2700,'20260425',552,,79670,21,0,7 6,1
2700,'20260426',552,,79687,21,0,7 6,1
2700,'20260427',525,,79704,21,0,7 6,1,20,,79705,21,0,7 6,1,65,,79706,21,0,57 6,1,22,,79707,21,0,57 6,1,17,,79708,21,0,57 6,1,65,,79709,21,0,57 6,1,25,,79710,21,0,57 6,1,70,,79711,21,0,57 6,1,30,,79712,21,0,7 6,1,109,,79713,21,0,7 6,1,100,,79714,21,0,7 6,1,463,,79719,21,0,57 6,1,35,,79720,21,0,57 6,1,65,,79721,21,0,57 6,1,35,,79723,21,0,57 6,1,75,,79725,21,0,57 6,1,80,,79726,21,0,57 6,1,50,,79727,21,0,7 6,1
2700,'20260428',525,,79731,21,0,7 6,1,20,,79732,21,0,7 6,1,65,,79733,21,0,57 6,1,22,,79734,21,0,57 6,1,17,,79735,21,0,57 6,1,65,,79736,21,0,57 6,1,25,,79737,21,0,57 6,1,70,,79738,21,0,57 6,1,30,,79739,21,0,7 6,1,109,,79740,21,0,7 6,1,100,,79741,21,0,7 6,1,463,,79746,21,0,57 6,1,35,,79747,21,0,57 6,1,65,,79748,21,0,57 6,1,35,,79750,21,0,57 6,1,75,,79752,21,0,57 6,1,80,,79753,21,0,57 6,1,50,,79754,21,0,7 6,1
2700,'20260429',525,,79758,21,0,7 6,1,20,,79759,21,0,7 6,1,65,,79760,21,0,57 6,1,22,,79761,21,0,57 6,1,17,,79762,21,0,57 6,1,65,,79763,21,0,57 6,1,25,,79764,21,0,57 6,1,70,,79765,21,0,57 6,1,30,,79766,21,0,7 6,1,109,,79767,21,0,7 6,1,100,,79768,21,0,7 6,1,463,,79773,21,0,57 6,1,35,,79774,21,0,57 6,1,65,,79775,21,0,57 6,1,35,,79777,21,0,57 6,1,75,,79779,21,0,57 6,1,80,,79780,21,0,57 6,1,50,,79781,21,0,7 6,1
2700,'20260430',525,,79785,21,0,7 6,1,20,,79786,21,0,7 6,1,65,,79787,21,0,57 6,1,22,,79788,21,0,57 6,1,17,,79789,21,0,57 6,1,65,,79790,21,0,57 6,1,25,,79791,21,0,57 6,1,70,,79792,21,0,57 6,1,30,,79793,21,0,7 6,1,109,,79794,21,0,7 6,1,100,,79795,21,0,7 6,1,463,,79800,21,0,57 6,1,35,,79801,21,0,57 6,1,65,,79802,21,0,57 6,1,35,,79804,21,0,57 6,1,75,,79806,21,0,57 6,1,80,,79807,21,0,57 6,1,50,,79808,21,0,7 6,1
2700,'20260501',525,,79812,21,0,7 6,1,20,,79813,21,0,7 6,1,65,,79814,21,0,57 6,1,22,,79815,21,0,57 6,1,17,,79816,21,0,57 6,1,65,,79817,21,0,57 6,1,25,,79818,21,0,57 6,1,70,,79819,21,0,57 6,1,30,,79820,21,0,7 6,1,109,,79821,21,0,7 6,1,100,,79822,21,0,7 6,1,463,,79827,21,0,57 6,1,35,,79828,21,0,57 6,1,65,,79829,21,0,57 6,1,35,,79831,21,0,57 6,1,75,,79833,21,0,57 6,1,80,,79834,21,0,57 6,1,50,,79835,21,0,7 6,1
2700,'20260502',552,,79839,21,0,7 6,1
2700,'20260503',552,,79856,21,0,7 6,1
2700,'20260504',525,,79873,21,0,7 6,1,20,,79874,21,0,7 6,1,65,,79875,21,0,57 6,1,22,,79876,21,0,57 6,1,17,,79877,21,0,57 6,1,65,,79878,21,0,57 6,1,25,,79879,21,0,57 6,1,70,,79880,21,0,57 6,1,30,,79881,21,0,7 6,1,109,,79882,21,0,7 6,1,100,,79883,21,0,7 6,1,463,,79888,21,0,57 6,1,35,,79889,21,0,57 6,1,65,,79890,21,0,57 6,1,35,,79892,21,0,57 6,1,75,,79894,21,0,57 6,1,80,,79895,21,0,57 6,1,50,,79896,21,0,7 6,1
2700,'20260505',525,,79900,21,0,7 6,1,20,,79901,21,0,7 6,1,65,,79902,21,0,57 6,1,22,,79903,21,0,57 6,1,17,,79904,21,0,57 6,1,65,,79905,21,0,57 6,1,25,,79906,21,0,57 6,1,70,,79907,21,0,57 6,1,30,,79908,21,0,7 6,1,109,,79909,21,0,7 6,1,100,,79910,21,0,7 6,1,463,,79915,21,0,57 6,1,35,,79916,21,0,57 6,1,65,,79917,21,0,57 6,1,35,,79919,21,0,57 6,1,75,,79921,21,0,57 6,1,80,,79922,21,0,57 6,1,50,,79923,21,0,7 6,1
2700,'20260506',525,,79927,21,0,7 6,1,20,,79928,21,0,7 6,1,65,,79929,21,0,57 6,1,22,,79930,21,0,57 6,1,17,,79931,21,0,57 6,1,65,,79932,21,0,57 6,1,25,,79933,21,0,57 6,1,70,,79934,21,0,57 6,1,30,,79935,21,0,7 6,1,109,,79936,21,0,7 6,1,100,,79937,21,0,7 6,1,463,,79942,21,0,57 6,1,35,,79943,21,0,57 6,1,65,,79944,21,0,57 6,1,35,,79946,21,0,57 6,1,75,,79948,21,0,57 6,1,80,,79949,21,0,57 6,1,50,,79950,21,0,7 6,1
2700,'20260507',525,,79954,21,0,7 6,1,20,,79955,21,0,7 6,1,65,,79956,21,0,57 6,1,22,,79957,21,0,57 6,1,17,,79958,21,0,57 6,1,65,,79959,21,0,57 6,1,25,,79960,21,0,57 6,1,70,,79961,21,0,57 6,1,30,,79962,21,0,7 6,1,109,,79963,21,0,7 6,1,100,,79964,21,0,7 6,1,463,,79969,21,0,57 6,1,35,,79970,21,0,57 6,1,65,,79971,21,0,57 6,1,35,,79973,21,0,57 6,1,75,,79975,21,0,57 6,1,80,,79976,21,0,57 6,1,50,,79977,21,0,7 6,1
2700,'20260508',525,,79981,21,0,7 6,1,20,,79982,21,0,7 6,1,65,,79983,21,0,57 6,1,22,,79984,21,0,57 6,1,17,,79985,21,0,57 6,1,65,,79986,21,0,57 6,1,25,,79987,21,0,57 6,1,70,,79988,21,0,57 6,1,30,,79989,21,0,7 6,1,109,,79990,21,0,7 6,1,100,,79991,21,0,7 6,1,463,,79996,21,0,57 6,1,35,,79997,21,0,57 6,1,65,,79998,21,0,57 6,1,35,,80000,21,0,57 6,1,75,,80002,21,0,57 6,1,80,,80003,21,0,57 6,1,50,,80004,21,0,7 6,1
2700,'20260509',552,,80008,21,0,7 6,1
2700,'20260510',552,,80025,21,0,7 6,1
2700,'20260511',525,,80042,21,0,7 6,1,20,,80043,21,0,7 6,1,65,,80044,21,0,57 6,1,22,,80045,21,0,57 6,1,17,,80046,21,0,57 6,1,65,,80047,21,0,57 6,1,25,,80048,21,0,57 6,1,70,,80049,21,0,57 6,1,30,,80050,21,0,7 6,1,109,,80051,21,0,7 6,1,100,,80052,21,0,7 6,1,463,,80057,21,0,57 6,1,35,,80058,21,0,57 6,1,65,,80059,21,0,57 6,1,35,,80061,21,0,57 6,1,75,,80063,21,0,57 6,1,80,,80064,21,0,57 6,1,50,,80065,21,0,7 6,1
2700,'20260512',525,,80069,21,0,7 6,1,20,,80070,21,0,7 6,1,65,,80071,21,0,57 6,1,22,,80072,21,0,57 6,1,17,,80073,21,0,57 6,1,65,,80074,21,0,57 6,1,25,,80075,21,0,57 6,1,70,,80076,21,0,57 6,1,30,,80077,21,0,7 6,1,109,,80078,21,0,7 6,1,100,,80079,21,0,7 6,1,463,,80084,21,0,57 6,1,35,,80085,21,0,57 6,1,65,,80086,21,0,57 6,1,35,,80088,21,0,57 6,1,75,,80090,21,0,57 6,1,80,,80091,21,0,57 6,1,50,,80092,21,0,7 6,1
2700,'20260513',525,,80096,21,0,7 6,1,20,,80097,21,0,7 6,1,65,,80098,21,0,57 6,1,22,,80099,21,0,57 6,1,17,,80100,21,0,57 6,1,65,,80101,21,0,57 6,1,25,,80102,21,0,57 6,1,70,,80103,21,0,57 6,1,30,,80104,21,0,7 6,1,109,,80105,21,0,7 6,1,100,,80106,21,0,7 6,1,463,,80111,21,0,57 6,1,35,,80112,21,0,57 6,1,65,,80113,21,0,57 6,1,35,,80115,21,0,57 6,1,75,,80117,21,0,57 6,1,80,,80118,21,0,57 6,1,50,,80119,21,0,7 6,1
2700,'20260514',525,,80123,21,0,7 6,1,20,,80124,21,0,7 6,1,65,,80125,21,0,57 6,1,22,,80126,21,0,57 6,1,17,,80127,21,0,57 6,1,65,,80128,21,0,57 6,1,25,,80129,21,0,57 6,1,70,,80130,21,0,57 6,1,30,,80131,21,0,7 6,1,109,,80132,21,0,7 6,1,100,,80133,21,0,7 6,1,463,,80138,21,0,57 6,1,35,,80139,21,0,57 6,1,65,,80140,21,0,57 6,1,35,,80142,21,0,57 6,1,75,,80144,21,0,57 6,1,80,,80145,21,0,57 6,1,50,,80146,21,0,7 6,1
2700,'20260515',525,,80150,21,0,7 6,1,20,,80151,21,0,7 6,1,65,,80152,21,0,57 6,1,22,,80153,21,0,57 6,1,17,,80154,21,0,57 6,1,65,,80155,21,0,57 6,1,25,,80156,21,0,57 6,1,70,,80157,21,0,57 6,1,30,,80158,21,0,7 6,1,109,,80159,21,0,7 6,1,100,,80160,21,0,7 6,1,463,,80165,21,0,57 6,1,35,,80166,21,0,57 6,1,65,,80167,21,0,57 6,1,35,,80169,21,0,57 6,1,75,,80171,21,0,57 6,1,80,,80172,21,0,57 6,1,50,,80173,21,0,7 6,1
2700,'20260516',552,,80177,21,0,7 6,1
2700,'20260517',552,,80194,21,0,7 6,1
2700,'20260518',552,,80211,21,0,7 6,1
2700,'20260519',525,,80228,21,0,7 6,1,20,,80229,21,0,7 6,1,65,,80230,21,0,57 6,1,22,,80231,21,0,57 6,1,17,,80232,21,0,57 6,1,65,,80233,21,0,57 6,1,25,,80234,21,0,57 6,1,70,,80235,21,0,57 6,1,30,,80236,21,0,7 6,1,109,,80237,21,0,7 6,1,100,,80238,21,0,7 6,1,463,,80243,21,0,57 6,1,35,,80244,21,0,57 6,1,65,,80245,21,0,57 6,1,35,,80247,21,0,57 6,1,75,,80249,21,0,57 6,1,80,,80250,21,0,57 6,1,50,,80251,21,0,7 6,1
2700,'20260520',525,,80255,21,0,7 6,1,20,,80256,21,0,7 6,1,65,,80257,21,0,57 6,1,22,,80258,21,0,57 6,1,17,,80259,21,0,57 6,1,65,,80260,21,0,57 6,1,25,,80261,21,0,57 6,1,70,,80262,21,0,57 6,1,30,,80263,21,0,7 6,1,109,,80264,21,0,7 6,1,100,,80265,21,0,7 6,1,463,,80270,21,0,57 6,1,35,,80271,21,0,57 6,1,65,,80272,21,0,57 6,1,35,,80274,21,0,57 6,1,75,,80276,21,0,57 6,1,80,,80277,21,0,57 6,1,50,,80278,21,0,7 6,1
2700,'20260521',525,,80282,21,0,7 6,1,20,,80283,21,0,7 6,1,65,,80284,21,0,57 6,1,22,,80285,21,0,57 6,1,17,,80286,21,0,57 6,1,65,,80287,21,0,57 6,1,25,,80288,21,0,57 6,1,70,,80289,21,0,57 6,1,30,,80290,21,0,7 6,1,109,,80291,21,0,7 6,1,100,,80292,21,0,7 6,1,463,,80297,21,0,57 6,1,35,,80298,21,0,57 6,1,65,,80299,21,0,57 6,1,35,,80301,21,0,57 6,1,75,,80303,21,0,57 6,1,80,,80304,21,0,57 6,1,50,,80305,21,0,7 6,1
2700,'20260522',525,,80309,21,0,7 6,1,20,,80310,21,0,7 6,1,65,,80311,21,0,57 6,1,22,,80312,21,0,57 6,1,17,,80313,21,0,57 6,1,65,,80314,21,0,57 6,1,25,,80315,21,0,57 6,1,70,,80316,21,0,57 6,1,30,,80317,21,0,7 6,1,109,,80318,21,0,7 6,1,100,,80319,21,0,7 6,1,463,,80324,21,0,57 6,1,35,,80325,21,0,57 6,1,65,,80326,21,0,57 6,1,35,,80328,21,0,57 6,1,75,,80330,21,0,57 6,1,80,,80331,21,0,57 6,1,50,,80332,21,0,7 6,1
2700,'20260523',552,,80336,21,0,7 6,1
2700,'20260524',552,,80353,21,0,7 6,1
2700,'20260525',525,,80370,21,0,7 6,1,20,,80371,21,0,7 6,1,65,,80372,21,0,57 6,1,22,,80373,21,0,57 6,1,17,,80374,21,0,57 6,1,65,,80375,21,0,57 6,1,25,,80376,21,0,57 6,1,70,,80377,21,0,57 6,1,30,,80378,21,0,7 6,1,109,,80379,21,0,7 6,1,100,,80380,21,0,7 6,1,463,,80385,21,0,57 6,1,35,,80386,21,0,57 6,1,65,,80387,21,0,57 6,1,35,,80389,21,0,57 6,1,75,,80391,21,0,57 6,1,80,,80392,21,0,57 6,1,50,,80393,21,0,7 6,1
2700,'20260526',525,,80397,21,0,7 6,1,20,,80398,21,0,7 6,1,65,,80399,21,0,57 6,1,22,,80400,21,0,57 6,1,17,,80401,21,0,57 6,1,65,,80402,21,0,57 6,1,25,,80403,21,0,57 6,1,70,,80404,21,0,57 6,1,30,,80405,21,0,7 6,1,109,,80406,21,0,7 6,1,100,,80407,21,0,7 6,1,463,,80412,21,0,57 6,1,35,,80413,21,0,57 6,1,65,,80414,21,0,57 6,1,35,,80416,21,0,57 6,1,75,,80418,21,0,57 6,1,80,,80419,21,0,57 6,1,50,,80420,21,0,7 6,1
2700,'20260527',525,,80424,21,0,7 6,1,20,,80425,21,0,7 6,1,65,,80426,21,0,57 6,1,22,,80427,21,0,57 6,1,17,,80428,21,0,57 6,1,65,,80429,21,0,57 6,1,25,,80430,21,0,57 6,1,70,,80431,21,0,57 6,1,30,,80432,21,0,7 6,1,109,,80433,21,0,7 6,1,100,,80434,21,0,7 6,1,463,,80439,21,0,57 6,1,35,,80440,21,0,57 6,1,65,,80441,21,0,57 6,1,35,,80443,21,0,57 6,1,75,,80445,21,0,57 6,1,80,,80446,21,0,57 6,1,50,,80447,21,0,7 6,1
2700,'20260528',525,,80451,21,0,7 6,1,20,,80452,21,0,7 6,1,65,,80453,21,0,57 6,1,22,,80454,21,0,57 6,1,17,,80455,21,0,57 6,1,65,,80456,21,0,57 6,1,25,,80457,21,0,57 6,1,70,,80458,21,0,57 6,1,30,,80459,21,0,7 6,1,109,,80460,21,0,7 6,1,100,,80461,21,0,7 6,1,463,,80466,21,0,57 6,1,35,,80467,21,0,57 6,1,65,,80468,21,0,57 6,1,35,,80470,21,0,57 6,1,75,,80472,21,0,57 6,1,80,,80473,21,0,57 6,1,50,,80474,21,0,7 6,1
2700,'20260529',525,,80478,21,0,7 6,1,20,,80479,21,0,7 6,1,65,,80480,21,0,57 6,1,22,,80481,21,0,57 6,1,17,,80482,21,0,57 6,1,65,,80483,21,0,57 6,1,25,,80484,21,0,57 6,1,70,,80485,21,0,57 6,1,30,,80486,21,0,7 6,1,109,,80487,21,0,7 6,1,100,,80488,21,0,7 6,1,463,,80493,21,0,57 6,1,35,,80494,21,0,57 6,1,65,,80495,21,0,57 6,1,35,,80497,21,0,57 6,1,75,,80499,21,0,57 6,1,80,,80500,21,0,57 6,1,50,,80501,21,0,7 6,1
2700,'20260530',552,,80505,21,0,7 6,1
2700,'20260531',552,,80522,21,0,7 6,1
2700,'20260601',525,,80539,21,0,7 6,1,20,,80540,21,0,7 6,1,65,,80541,21,0,57 6,1,22,,80542,21,0,57 6,1,17,,80543,21,0,57 6,1,65,,80544,21,0,57 6,1,25,,80545,21,0,57 6,1,70,,80546,21,0,57 6,1,30,,80547,21,0,7 6,1,109,,80548,21,0,7 6,1,100,,80549,21,0,7 6,1,463,,80554,21,0,57 6,1,35,,80555,21,0,57 6,1,65,,80556,21,0,57 6,1,35,,80558,21,0,57 6,1,75,,80560,21,0,57 6,1,80,,80561,21,0,57 6,1,50,,80562,21,0,7 6,1
2700,'20260602',525,,80566,21,0,7 6,1,20,,80567,21,0,7 6,1,65,,80568,21,0,57 6,1,22,,80569,21,0,57 6,1,17,,80570,21,0,57 6,1,65,,80571,21,0,57 6,1,25,,80572,21,0,57 6,1,70,,80573,21,0,57 6,1,30,,80574,21,0,7 6,1,109,,80575,21,0,7 6,1,100,,80576,21,0,7 6,1,463,,80581,21,0,57 6,1,35,,80582,21,0,57 6,1,65,,80583,21,0,57 6,1,35,,80585,21,0,57 6,1,75,,80587,21,0,57 6,1,80,,80588,21,0,57 6,1,50,,80589,21,0,7 6,1
2700,'20260603',525,,80593,21,0,7 6,1,20,,80594,21,0,7 6,1,65,,80595,21,0,57 6,1,22,,80596,21,0,57 6,1,17,,80597,21,0,57 6,1,65,,80598,21,0,57 6,1,25,,80599,21,0,57 6,1,70,,80600,21,0,57 6,1,30,,80601,21,0,7 6,1,109,,80602,21,0,7 6,1,100,,80603,21,0,7 6,1,463,,80608,21,0,57 6,1,35,,80609,21,0,57 6,1,65,,80610,21,0,57 6,1,35,,80612,21,0,57 6,1,75,,80614,21,0,57 6,1,80,,80615,21,0,57 6,1,50,,80616,21,0,7 6,1
2700,'20260604',525,,80620,21,0,7 6,1,20,,80621,21,0,7 6,1,65,,80622,21,0,57 6,1,22,,80623,21,0,57 6,1,17,,80624,21,0,57 6,1,65,,80625,21,0,57 6,1,25,,80626,21,0,57 6,1,70,,80627,21,0,57 6,1,30,,80628,21,0,7 6,1,109,,80629,21,0,7 6,1,100,,80630,21,0,7 6,1,463,,80635,21,0,57 6,1,35,,80636,21,0,57 6,1,65,,80637,21,0,57 6,1,35,,80639,21,0,57 6,1,75,,80641,21,0,57 6,1,80,,80642,21,0,57 6,1,50,,80643,21,0,7 6,1
2700,'20260605',525,,80647,21,0,7 6,1,20,,80648,21,0,7 6,1,65,,80649,21,0,57 6,1,22,,80650,21,0,57 6,1,17,,80651,21,0,57 6,1,65,,80652,21,0,57 6,1,25,,80653,21,0,57 6,1,70,,80654,21,0,57 6,1,30,,80655,21,0,7 6,1,109,,80656,21,0,7 6,1,100,,80657,21,0,7 6,1,463,,80662,21,0,57 6,1,35,,80663,21,0,57 6,1,65,,80664,21,0,57 6,1,35,,80666,21,0,57 6,1,75,,80668,21,0,57 6,1,80,,80669,21,0,57 6,1,50,,80670,21,0,7 6,1
2700,'20260606',552,,80674,21,0,7 6,1
2700,'20260607',552,,80691,21,0,7 6,1
2700,'20260608',525,,80708,21,0,7 6,1,20,,80709,21,0,7 6,1,65,,80710,21,0,57 6,1,22,,80711,21,0,57 6,1,17,,80712,21,0,57 6,1,65,,80713,21,0,57 6,1,25,,80714,21,0,57 6,1,70,,80715,21,0,57 6,1,30,,80716,21,0,7 6,1,109,,80717,21,0,7 6,1,100,,80718,21,0,7 6,1,463,,80723,21,0,57 6,1,35,,80724,21,0,57 6,1,65,,80725,21,0,57 6,1,35,,80727,21,0,57 6,1,75,,80729,21,0,57 6,1,80,,80730,21,0,57 6,1,50,,80731,21,0,7 6,1
2700,'20260609',525,,80735,21,0,7 6,1,20,,80736,21,0,7 6,1,65,,80737,21,0,57 6,1,22,,80738,21,0,57 6,1,17,,80739,21,0,57 6,1,65,,80740,21,0,57 6,1,25,,80741,21,0,57 6,1,70,,80742,21,0,57 6,1,30,,80743,21,0,7 6,1,109,,80744,21,0,7 6,1,100,,80745,21,0,7 6,1,463,,80750,21,0,57 6,1,35,,80751,21,0,57 6,1,65,,80752,21,0,57 6,1,35,,80754,21,0,57 6,1,75,,80756,21,0,57 6,1,80,,80757,21,0,57 6,1,50,,80758,21,0,7 6,1
2700,'20260610',525,,80762,21,0,7 6,1,20,,80763,21,0,7 6,1,65,,80764,21,0,57 6,1,22,,80765,21,0,57 6,1,17,,80766,21,0,57 6,1,65,,80767,21,0,57 6,1,25,,80768,21,0,57 6,1,70,,80769,21,0,57 6,1,30,,80770,21,0,7 6,1,109,,80771,21,0,7 6,1,100,,80772,21,0,7 6,1,463,,80777,21,0,57 6,1,35,,80778,21,0,57 6,1,65,,80779,21,0,57 6,1,35,,80781,21,0,57 6,1,75,,80783,21,0,57 6,1,80,,80784,21,0,57 6,1,50,,80785,21,0,7 6,1
2700,'20260611',525,,80789,21,0,7 6,1,20,,80790,21,0,7 6,1,65,,80791,21,0,57 6,1,22,,80792,21,0,57 6,1,17,,80793,21,0,57 6,1,65,,80794,21,0,57 6,1,25,,80795,21,0,57 6,1,70,,80796,21,0,57 6,1,30,,80797,21,0,7 6,1,109,,80798,21,0,7 6,1,100,,80799,21,0,7 6,1,463,,80804,21,0,57 6,1,35,,80805,21,0,57 6,1,65,,80806,21,0,57 6,1,35,,80808,21,0,57 6,1,75,,80810,21,0,57 6,1,80,,80811,21,0,57 6,1,50,,80812,21,0,7 6,1
2700,'20260612',525,,80816,21,0,7 6,1,20,,80817,21,0,7 6,1,65,,80818,21,0,57 6,1,22,,80819,21,0,57 6,1,17,,80820,21,0,57 6,1,65,,80821,21,0,57 6,1,25,,80822,21,0,57 6,1,70,,80823,21,0,57 6,1,30,,80824,21,0,7 6,1,109,,80825,21,0,7 6,1,100,,80826,21,0,7 6,1,463,,80831,21,0,57 6,1,35,,80832,21,0,57 6,1,65,,80833,21,0,57 6,1,35,,80835,21,0,57 6,1,75,,80837,21,0,57 6,1,80,,80838,21,0,57 6,1,50,,80839,21,0,7 6,1
4800,'20260421',533,,45855,21,,,1,92,,45856,21,,,1,98,,45857,21,,,1,92,,45858,21,,,1,107,,45859,21,,,1,105,,45860,21,,,1,100,,45861,21,,,1,100,,45862,21,,,1,100,,45863,21,,,1,100,,45864,21,,,1,88,,45865,21,,,1,95,,45866,21,,,1,105,,45867,21,,,1,110,,45868,21,,,1,100,,45869,21,,,1,205,,45870,21,,,1,208,,45871,21,,,1
4800,'20260422',533,,45872,21,,,1,92,,45873,21,,,1,98,,45874,21,,,1,92,,45875,21,,,1,107,,45876,21,,,1,105,,45877,21,,,1,100,,45878,21,,,1,100,,45879,21,,,1,100,,45880,21,,,1,100,,45881,21,,,1,88,,45882,21,,,1,95,,45883,21,,,1,105,,45884,21,,,1,110,,45885,21,,,1,100,,45886,21,,,1,205,,45887,21,,,1,208,,45888,21,,,1
4800,'20260423',533,,45889,21,,,1,92,,45890,21,,,1,98,,45891,21,,,1,92,,45892,21,,,1,107,,45893,21,,,1,105,,45894,21,,,1,100,,45895,21,,,1,100,,45896,21,,,1,100,,45897,21,,,1,100,,45898,21,,,1,88,,45899,21,,,1,95,,45900,21,,,1,105,,45901,21,,,1,110,,45902,21,,,1,100,,45903,21,,,1,205,,45904,21,,,1,208,,45905,21,,,1
4800,'20260424',533,,45906,21,,,1,92,,45907,21,,,1,98,,45908,21,,,1,92,,45909,21,,,1,107,,45910,21,,,1,105,,45911,21,,,1,100,,45912,21,,,1,100,,45913,21,,,1,100,,45914,21,,,1,100,,45915,21,,,1,88,,45916,21,,,1,95,,45917,21,,,1,105,,45918,21,,,1,110,,45919,21,,,1,100,,45920,21,,,1,205,,45921,21,,,1,208,,45922,21,,,1
4800,'20260427',533,,104936,21,,,1,92,,104937,21,,,1,98,,104938,21,,,1,97,,104939,21,,,1,104,,104940,21,,,1,105,,104941,21,,,1,100,,104942,21,,,1,100,,104943,21,,,1,100,,104944,21,,,1,100,,104945,21,,,1,86,,104946,21,,,1,95,,104947,21,,,1,103,,104948,21,,,1,110,,104949,21,,,1,104,,104950,21,,,1,205,,104951,21,,,1,206,,104952,21,,,1
4800,'20260428',533,,104953,21,,,1,92,,104954,21,,,1,98,,104955,21,,,1,97,,104956,21,,,1,104,,104957,21,,,1,105,,104958,21,,,1,100,,104959,21,,,1,100,,104960,21,,,1,100,,104961,21,,,1,100,,104962,21,,,1,86,,104963,21,,,1,95,,104964,21,,,1,103,,104965,21,,,1,110,,104966,21,,,1,104,,104967,21,,,1,205,,104968,21,,,1,206,,104969,21,,,1
4800,'20260429',533,,104970,21,,,1,92,,104971,21,,,1,98,,104972,21,,,1,97,,104973,21,,,1,104,,104974,21,,,1,105,,104975,21,,,1,100,,104976,21,,,1,100,,104977,21,,,1,100,,104978,21,,,1,100,,104979,21,,,1,86,,104980,21,,,1,95,,104981,21,,,1,103,,104982,21,,,1,110,,104983,21,,,1,104,,104984,21,,,1,205,,104985,21,,,1,206,,104986,21,,,1
4800,'20260430',533,,104987,21,,,1,92,,104988,21,,,1,98,,104989,21,,,1,97,,104990,21,,,1,104,,104991,21,,,1,105,,104992,21,,,1,100,,104993,21,,,1,100,,104994,21,,,1,100,,104995,21,,,1,100,,104996,21,,,1,86,,104997,21,,,1,95,,104998,21,,,1,103,,104999,21,,,1,110,,105000,21,,,1,104,,105001,21,,,1,205,,105002,21,,,1,206,,105003,21,,,1
4800,'20260501',533,,105004,21,,,1,92,,105005,21,,,1,98,,105006,21,,,1,97,,105007,21,,,1,104,,105008,21,,,1,105,,105009,21,,,1,100,,105010,21,,,1,100,,105011,21,,,1,100,,105012,21,,,1,100,,105013,21,,,1,86,,105014,21,,,1,95,,105015,21,,,1,103,,105016,21,,,1,110,,105017,21,,,1,104,,105018,21,,,1,205,,105019,21,,,1,206,,105020,21,,,1
4800,'20260504',533,,105021,21,,,1,92,,105022,21,,,1,98,,105023,21,,,1,97,,105024,21,,,1,104,,105025,21,,,1,105,,105026,21,,,1,100,,105027,21,,,1,100,,105028,21,,,1,100,,105029,21,,,1,100,,105030,21,,,1,86,,105031,21,,,1,95,,105032,21,,,1,103,,105033,21,,,1,110,,105034,21,,,1,104,,105035,21,,,1,205,,105036,21,,,1,206,,105037,21,,,1
4800,'20260505',533,,105038,21,,,1,92,,105039,21,,,1,98,,105040,21,,,1,97,,105041,21,,,1,104,,105042,21,,,1,105,,105043,21,,,1,100,,105044,21,,,1,100,,105045,21,,,1,100,,105046,21,,,1,100,,105047,21,,,1,86,,105048,21,,,1,95,,105049,21,,,1,103,,105050,21,,,1,110,,105051,21,,,1,104,,105052,21,,,1,205,,105053,21,,,1,206,,105054,21,,,1
4800,'20260506',533,,105055,21,,,1,92,,105056,21,,,1,98,,105057,21,,,1,97,,105058,21,,,1,104,,105059,21,,,1,105,,105060,21,,,1,100,,105061,21,,,1,100,,105062,21,,,1,100,,105063,21,,,1,100,,105064,21,,,1,86,,105065,21,,,1,95,,105066,21,,,1,103,,105067,21,,,1,110,,105068,21,,,1,104,,105069,21,,,1,205,,105070,21,,,1,206,,105071,21,,,1
4800,'20260507',533,,105072,21,,,1,92,,105073,21,,,1,98,,105074,21,,,1,97,,105075,21,,,1,104,,105076,21,,,1,105,,105077,21,,,1,100,,105078,21,,,1,100,,105079,21,,,1,100,,105080,21,,,1,100,,105081,21,,,1,86,,105082,21,,,1,95,,105083,21,,,1,103,,105084,21,,,1,110,,105085,21,,,1,104,,105086,21,,,1,205,,105087,21,,,1,206,,105088,21,,,1
4800,'20260508',533,,105089,21,,,1,92,,105090,21,,,1,98,,105091,21,,,1,97,,105092,21,,,1,104,,105093,21,,,1,105,,105094,21,,,1,100,,105095,21,,,1,100,,105096,21,,,1,100,,105097,21,,,1,100,,105098,21,,,1,86,,105099,21,,,1,95,,105100,21,,,1,103,,105101,21,,,1,110,,105102,21,,,1,104,,105103,21,,,1,205,,105104,21,,,1,206,,105105,21,,,1
4800,'20260511',533,,105106,21,,,1,92,,105107,21,,,1,98,,105108,21,,,1,97,,105109,21,,,1,104,,105110,21,,,1,105,,105111,21,,,1,100,,105112,21,,,1,100,,105113,21,,,1,100,,105114,21,,,1,100,,105115,21,,,1,86,,105116,21,,,1,95,,105117,21,,,1,103,,105118,21,,,1,110,,105119,21,,,1,104,,105120,21,,,1,205,,105121,21,,,1,206,,105122,21,,,1
4800,'20260512',533,,105123,21,,,1,92,,105124,21,,,1,98,,105125,21,,,1,97,,105126,21,,,1,104,,105127,21,,,1,105,,105128,21,,,1,100,,105129,21,,,1,100,,105130,21,,,1,100,,105131,21,,,1,100,,105132,21,,,1,86,,105133,21,,,1,95,,105134,21,,,1,103,,105135,21,,,1,110,,105136,21,,,1,104,,105137,21,,,1,205,,105138,21,,,1,206,,105139,21,,,1
4800,'20260513',533,,105140,21,,,1,92,,105141,21,,,1,98,,105142,21,,,1,97,,105143,21,,,1,104,,105144,21,,,1,105,,105145,21,,,1,100,,105146,21,,,1,100,,105147,21,,,1,100,,105148,21,,,1,100,,105149,21,,,1,86,,105150,21,,,1,95,,105151,21,,,1,103,,105152,21,,,1,110,,105153,21,,,1,104,,105154,21,,,1,205,,105155,21,,,1,206,,105156,21,,,1
4800,'20260514',533,,105157,21,,,1,92,,105158,21,,,1,98,,105159,21,,,1,97,,105160,21,,,1,104,,105161,21,,,1,105,,105162,21,,,1,100,,105163,21,,,1,100,,105164,21,,,1,100,,105165,21,,,1,100,,105166,21,,,1,86,,105167,21,,,1,95,,105168,21,,,1,103,,105169,21,,,1,110,,105170,21,,,1,104,,105171,21,,,1,205,,105172,21,,,1,206,,105173,21,,,1
4800,'20260515',533,,105174,21,,,1,92,,105175,21,,,1,98,,105176,21,,,1,97,,105177,21,,,1,104,,105178,21,,,1,105,,105179,21,,,1,100,,105180,21,,,1,100,,105181,21,,,1,100,,105182,21,,,1,100,,105183,21,,,1,86,,105184,21,,,1,95,,105185,21,,,1,103,,105186,21,,,1,110,,105187,21,,,1,104,,105188,21,,,1,205,,105189,21,,,1,206,,105190,21,,,1
4800,'20260519',533,,105191,21,,,1,92,,105192,21,,,1,98,,105193,21,,,1,97,,105194,21,,,1,104,,105195,21,,,1,105,,105196,21,,,1,100,,105197,21,,,1,100,,105198,21,,,1,100,,105199,21,,,1,100,,105200,21,,,1,86,,105201,21,,,1,95,,105202,21,,,1,103,,105203,21,,,1,110,,105204,21,,,1,104,,105205,21,,,1,205,,105206,21,,,1,206,,105207,21,,,1
4800,'20260520',533,,105208,21,,,1,92,,105209,21,,,1,98,,105210,21,,,1,97,,105211,21,,,1,104,,105212,21,,,1,105,,105213,21,,,1,100,,105214,21,,,1,100,,105215,21,,,1,100,,105216,21,,,1,100,,105217,21,,,1,86,,105218,21,,,1,95,,105219,21,,,1,103,,105220,21,,,1,110,,105221,21,,,1,104,,105222,21,,,1,205,,105223,21,,,1,206,,105224,21,,,1
4800,'20260521',533,,105225,21,,,1,92,,105226,21,,,1,98,,105227,21,,,1,97,,105228,21,,,1,104,,105229,21,,,1,105,,105230,21,,,1,100,,105231,21,,,1,100,,105232,21,,,1,100,,105233,21,,,1,100,,105234,21,,,1,86,,105235,21,,,1,95,,105236,21,,,1,103,,105237,21,,,1,110,,105238,21,,,1,104,,105239,21,,,1,205,,105240,21,,,1,206,,105241,21,,,1
4800,'20260522',533,,105242,21,,,1,92,,105243,21,,,1,98,,105244,21,,,1,97,,105245,21,,,1,104,,105246,21,,,1,105,,105247,21,,,1,100,,105248,21,,,1,100,,105249,21,,,1,100,,105250,21,,,1,100,,105251,21,,,1,86,,105252,21,,,1,95,,105253,21,,,1,103,,105254,21,,,1,110,,105255,21,,,1,104,,105256,21,,,1,205,,105257,21,,,1,206,,105258,21,,,1
4800,'20260525',533,,105259,21,,,1,92,,105260,21,,,1,98,,105261,21,,,1,97,,105262,21,,,1,104,,105263,21,,,1,105,,105264,21,,,1,100,,105265,21,,,1,100,,105266,21,,,1,100,,105267,21,,,1,100,,105268,21,,,1,86,,105269,21,,,1,95,,105270,21,,,1,103,,105271,21,,,1,110,,105272,21,,,1,104,,105273,21,,,1,205,,105274,21,,,1,206,,105275,21,,,1
4800,'20260526',533,,105276,21,,,1,92,,105277,21,,,1,98,,105278,21,,,1,97,,105279,21,,,1,104,,105280,21,,,1,105,,105281,21,,,1,100,,105282,21,,,1,100,,105283,21,,,1,100,,105284,21,,,1,100,,105285,21,,,1,86,,105286,21,,,1,95,,105287,21,,,1,103,,105288,21,,,1,110,,105289,21,,,1,104,,105290,21,,,1,205,,105291,21,,,1,206,,105292,21,,,1
4800,'20260527',533,,105293,21,,,1,92,,105294,21,,,1,98,,105295,21,,,1,97,,105296,21,,,1,104,,105297,21,,,1,105,,105298,21,,,1,100,,105299,21,,,1,100,,105300,21,,,1,100,,105301,21,,,1,100,,105302,21,,,1,86,,105303,21,,,1,95,,105304,21,,,1,103,,105305,21,,,1,110,,105306,21,,,1,104,,105307,21,,,1,205,,105308,21,,,1,206,,105309,21,,,1
4800,'20260528',533,,105310,21,,,1,92,,105311,21,,,1,98,,105312,21,,,1,97,,105313,21,,,1,104,,105314,21,,,1,105,,105315,21,,,1,100,,105316,21,,,1,100,,105317,21,,,1,100,,105318,21,,,1,100,,105319,21,,,1,86,,105320,21,,,1,95,,105321,21,,,1,103,,105322,21,,,1,110,,105323,21,,,1,104,,105324,21,,,1,205,,105325,21,,,1,206,,105326,21,,,1
4800,'20260529',533,,105327,21,,,1,92,,105328,21,,,1,98,,105329,21,,,1,97,,105330,21,,,1,104,,105331,21,,,1,105,,105332,21,,,1,100,,105333,21,,,1,100,,105334,21,,,1,100,,105335,21,,,1,100,,105336,21,,,1,86,,105337,21,,,1,95,,105338,21,,,1,103,,105339,21,,,1,110,,105340,21,,,1,104,,105341,21,,,1,205,,105342,21,,,1,206,,105343,21,,,1
4800,'20260601',533,,105344,21,,,1,92,,105345,21,,,1,98,,105346,21,,,1,97,,105347,21,,,1,104,,105348,21,,,1,105,,105349,21,,,1,100,,105350,21,,,1,100,,105351,21,,,1,100,,105352,21,,,1,100,,105353,21,,,1,86,,105354,21,,,1,95,,105355,21,,,1,103,,105356,21,,,1,110,,105357,21,,,1,104,,105358,21,,,1,205,,105359,21,,,1,206,,105360,21,,,1
4800,'20260602',533,,105361,21,,,1,92,,105362,21,,,1,98,,105363,21,,,1,97,,105364,21,,,1,104,,105365,21,,,1,105,,105366,21,,,1,100,,105367,21,,,1,100,,105368,21,,,1,100,,105369,21,,,1,100,,105370,21,,,1,86,,105371,21,,,1,95,,105372,21,,,1,103,,105373,21,,,1,110,,105374,21,,,1,104,,105375,21,,,1,205,,105376,21,,,1,206,,105377,21,,,1
4800,'20260603',533,,105378,21,,,1,92,,105379,21,,,1,98,,105380,21,,,1,97,,105381,21,,,1,104,,105382,21,,,1,105,,105383,21,,,1,100,,105384,21,,,1,100,,105385,21,,,1,100,,105386,21,,,1,100,,105387,21,,,1,86,,105388,21,,,1,95,,105389,21,,,1,103,,105390,21,,,1,110,,105391,21,,,1,104,,105392,21,,,1,205,,105393,21,,,1,206,,105394,21,,,1
4800,'20260604',533,,105395,21,,,1,92,,105396,21,,,1,98,,105397,21,,,1,97,,105398,21,,,1,104,,105399,21,,,1,105,,105400,21,,,1,100,,105401,21,,,1,100,,105402,21,,,1,100,,105403,21,,,1,100,,105404,21,,,1,86,,105405,21,,,1,95,,105406,21,,,1,103,,105407,21,,,1,110,,105408,21,,,1,104,,105409,21,,,1,205,,105410,21,,,1,206,,105411,21,,,1
4800,'20260605',533,,105412,21,,,1,92,,105413,21,,,1,98,,105414,21,,,1,97,,105415,21,,,1,104,,105416,21,,,1,105,,105417,21,,,1,100,,105418,21,,,1,100,,105419,21,,,1,100,,105420,21,,,1,100,,105421,21,,,1,86,,105422,21,,,1,95,,105423,21,,,1,103,,105424,21,,,1,110,,105425,21,,,1,104,,105426,21,,,1,205,,105427,21,,,1,206,,105428,21,,,1
4800,'20260608',533,,105429,21,,,1,92,,105430,21,,,1,98,,105431,21,,,1,97,,105432,21,,,1,104,,105433,21,,,1,105,,105434,21,,,1,100,,105435,21,,,1,100,,105436,21,,,1,100,,105437,21,,,1,100,,105438,21,,,1,86,,105439,21,,,1,95,,105440,21,,,1,103,,105441,21,,,1,110,,105442,21,,,1,104,,105443,21,,,1,205,,105444,21,,,1,206,,105445,21,,,1
4800,'20260609',533,,105446,21,,,1,92,,105447,21,,,1,98,,105448,21,,,1,97,,105449,21,,,1,104,,105450,21,,,1,105,,105451,21,,,1,100,,105452,21,,,1,100,,105453,21,,,1,100,,105454,21,,,1,100,,105455,21,,,1,86,,105456,21,,,1,95,,105457,21,,,1,103,,105458,21,,,1,110,,105459,21,,,1,104,,105460,21,,,1,205,,105461,21,,,1,206,,105462,21,,,1
4800,'20260610',533,,105463,21,,,1,92,,105464,21,,,1,98,,105465,21,,,1,97,,105466,21,,,1,104,,105467,21,,,1,105,,105468,21,,,1,100,,105469,21,,,1,100,,105470,21,,,1,100,,105471,21,,,1,100,,105472,21,,,1,86,,105473,21,,,1,95,,105474,21,,,1,103,,105475,21,,,1,110,,105476,21,,,1,104,,105477,21,,,1,205,,105478,21,,,1,206,,105479,21,,,1
4800,'20260611',533,,105480,21,,,1,92,,105481,21,,,1,98,,105482,21,,,1,97,,105483,21,,,1,104,,105484,21,,,1,105,,105485,21,,,1,100,,105486,21,,,1,100,,105487,21,,,1,100,,105488,21,,,1,100,,105489,21,,,1,86,,105490,21,,,1,95,,105491,21,,,1,103,,105492,21,,,1,110,,105493,21,,,1,104,,105494,21,,,1,205,,105495,21,,,1,206,,105496,21,,,1
4800,'20260612',533,,105497,21,,,1,92,,105498,21,,,1,98,,105499,21,,,1,97,,105500,21,,,1,104,,105501,21,,,1,105,,105502,21,,,1,100,,105503,21,,,1,100,,105504,21,,,1,100,,105505,21,,,1,100,,105506,21,,,1,86,,105507,21,,,1,95,,105508,21,,,1,103,,105509,21,,,1,110,,105510,21,,,1,104,,105511,21,,,1,205,,105512,21,,,1,206,,105513,21,,,1
