7100,'20260528',721,,112161,10,,,1,116,,112162,10,,,1,1704,,112163,10,0,31 32 33 9,1,175,,112164,10,0,31 32 33 9,1
7100,'20260529',721,,112165,10,,,1,116,,112166,10,,,1,1704,,112167,10,0,31 32 33 9,1,175,,112168,10,0,31 32 33 9,1
7100,'20260530',820,,112169,10,,,1,1637,,112170,10,0,31 32 33 9,1,94,,112171,10,0,31 32 33 9,1,165,,112172,10,0,31 32 33 9,1
7100,'20260531',820,,112173,10,,,1,1637,,112174,10,0,31 32 33 9,1,94,,112175,10,0,31 32 33 9,1,165,,112176,10,0,31 32 33 9,1
7100,'20260601',721,,112177,10,,,1,116,,112178,10,,,1,1704,,112179,10,0,31 32 33 9,1,175,,112180,10,0,31 32 33 9,1
7100,'20260602',721,,112181,10,,,1,116,,112182,10,,,1,1704,,112183,10,0,31 32 33 9,1,175,,112184,10,0,31 32 33 9,1
7100,'20260603',721,,112185,10,,,1,116,,112186,10,,,1,1704,,112187,10,0,31 32 33 9,1,175,,112188,10,0,31 32 33 9,1
7100,'20260604',721,,112189,10,,,1,116,,112190,10,,,1,1704,,112191,10,0,31 32 33 9,1,175,,112192,10,0,31 32 33 9,1
7100,'20260605',721,,112193,10,,,1,116,,112194,10,,,1,1612,,220101,10,0,31 32 33 9,1,92,,112195,10,0,31 32 33 9,1,175,,112196,10,0,31 32 33 9,1
7100,'20260606',820,,112197,10,,,1,118,,220102,10,0,16 14 36 9,1,5,,220103,10,0,16 14 36 9,1,95,,220105,10,0,16 14 36 9,1,5,,220106,10,0,16 14 36 9,1,95,,220108,10,0,16 14 36 9,1,5,,220109,10,0,16 14 36 9,1,103,,220111,10,0,16 14 36 9,1,5,,220112,10,0,16 14 36 9,1,85,,220114,10,0,16 14 36 9,1,5,,220115,10,0,16 14 36 9,1,105,,220117,10,0,16 14 36 9,1,5,,220118,10,0,16 14 36 9,1,85,,220120,10,0,16 14 36 9,1,5,,220121,10,0,16 14 36 9,1,105,,220123,10,0,16 14 36 9,1,5,,220124,10,0,16 14 36 9,1,85,,220126,10,0,16 14 36 9,1,5,,220127,10,0,16 14 36 9,1,105,,220129,10,0,16 14 36 9,1,5,,220130,10,0,16 14 36 9,1,85,,220131,10,0,16 14 36 9,1,5,,220132,10,0,16 14 36 9,1,75,,220133,10,0,16 14 36 9,1,25,,220134,10,0,16 14 36 9,1,5,,220135,10,0,16 14 36 9,1,85,,220136,10,0,31 32 33 9,1,5,,220137,10,0,31 32 33 9,1,102,,220138,10,0,31 32 33 9,1,5,,220139,10,0,31 32 33 9,1,95,,220140,10,0,31 32 33 9,1,5,,220141,10,0,31 32 33 9,1,114,,112198,10,0,31 32 33 9,1,94,,112199,10,0,31 32 33 9,1,165,,112200,10,0,31 32 33 9,1
7100,'20260607',820,,112201,10,,,1,118,,220142,10,0,16 14 36 9,1,5,,220143,10,0,16 14 36 9,1,95,,220145,10,0,16 14 36 9,1,5,,220146,10,0,16 14 36 9,1,95,,220148,10,0,16 14 36 9,1,5,,220149,10,0,16 14 36 9,1,103,,220151,10,0,16 14 36 9,1,5,,220152,10,0,16 14 36 9,1,85,,220154,10,0,16 14 36 9,1,5,,220155,10,0,16 14 36 9,1,105,,220157,10,0,16 14 36 9,1,5,,220158,10,0,16 14 36 9,1,85,,220160,10,0,16 14 36 9,1,5,,220161,10,0,16 14 36 9,1,105,,220163,10,0,16 14 36 9,1,5,,220164,10,0,16 14 36 9,1,85,,220166,10,0,16 14 36 9,1,5,,220167,10,0,16 14 36 9,1,105,,220169,10,0,16 14 36 9,1,5,,220170,10,0,16 14 36 9,1,5,,220171,10,0,16 14 36 9,1,80,,220172,10,0,16 14 36 9,1,5,,220173,10,0,16 14 36 9,1,100,,220174,10,0,16 14 36 9,1,5,,220175,10,0,16 14 36 9,1,85,,220176,10,0,31 32 33 9,1,5,,220177,10,0,31 32 33 9,1,102,,220178,10,0,31 32 33 9,1,5,,220179,10,0,31 32 33 9,1,95,,220180,10,0,31 32 33 9,1,5,,220181,10,0,31 32 33 9,1,114,,112202,10,0,31 32 33 9,1,94,,112203,10,0,31 32 33 9,1,165,,112204,10,0,31 32 33 9,1
7100,'20260608',721,,112205,10,,,1,116,,112206,10,,,1,1704,,112207,10,0,31 32 33 9,1,175,,112208,10,0,31 32 33 9,1
7100,'20260609',721,,112209,10,,,1,116,,112210,10,,,1,1704,,112211,10,0,31 32 33 9,1,175,,112212,10,0,31 32 33 9,1
7100,'20260610',721,,112213,10,,,1,116,,112214,10,,,1,1704,,112215,10,0,31 32 33 9,1,175,,112216,10,0,31 32 33 9,1
7100,'20260611',721,,112217,10,,,1,116,,112218,10,,,1,1704,,112219,10,0,31 32 33 9,1,175,,112220,10,0,31 32 33 9,1
7100,'20260612',721,,112221,10,,,1,116,,112222,10,,,1,1704,,112223,10,0,31 32 33 9,1,175,,112224,10,0,31 32 33 9,1
7100,'20260613',820,,206929,10,,,1,1637,,206930,10,0,31 32 33 9,1,94,,206931,10,0,31 32 33 9,1,165,,206932,10,0,31 32 33 9,1
7100,'20260614',820,,206933,10,,,1,1637,,206934,10,0,31 32 33 9,1,94,,206935,10,0,31 32 33 9,1,165,,206936,10,0,31 32 33 9,1
7100,'20260615',721,,206937,10,,,1,116,,206938,10,,,1,1704,,206939,10,0,31 32 33 9,1,175,,206940,10,0,31 32 33 9,1
7100,'20260616',721,,206941,10,,,1,116,,206942,10,,,1,1704,,206943,10,0,31 32 33 9,1,175,,206944,10,0,31 32 33 9,1
7100,'20260617',721,,206945,10,,,1,116,,206946,10,,,1,1704,,206947,10,0,31 32 33 9,1,175,,206948,10,0,31 32 33 9,1
7100,'20260618',721,,206949,10,,,1,116,,206950,10,,,1,1704,,206951,10,0,31 32 33 9,1,175,,206952,10,0,31 32 33 9,1
7100,'20260619',721,,206953,10,,,1,116,,206954,10,,,1,1704,,206955,10,0,31 32 33 9,1,175,,206956,10,0,31 32 33 9,1
7100,'20260620',820,,206957,10,,,1,1637,,206958,10,0,31 32 33 9,1,94,,206959,10,0,31 32 33 9,1,165,,206960,10,0,31 32 33 9,1
7100,'20260621',820,,206961,10,,,1,1637,,206962,10,0,31 32 33 9,1,94,,206963,10,0,31 32 33 9,1,165,,206964,10,0,31 32 33 9,1
7100,'20260622',721,,206965,10,,,1,116,,206966,10,,,1,1704,,206967,10,0,31 32 33 9,1,175,,206968,10,0,31 32 33 9,1
7100,'20260623',721,,206969,10,,,1,116,,206970,10,,,1,1704,,206971,10,0,31 32 33 9,1,175,,206972,10,0,31 32 33 9,1
7100,'20260624',721,,206973,10,,,1,116,,206974,10,,,1,1704,,206975,10,0,31 32 33 9,1,175,,206976,10,0,31 32 33 9,1
7100,'20260625',721,,206977,10,,,1,116,,206978,10,,,1,1704,,206979,10,0,31 32 33 9,1,175,,206980,10,0,31 32 33 9,1
7100,'20260626',721,,206981,10,,,1,116,,206982,10,,,1,1704,,206983,10,0,31 32 33 9,1,175,,206984,10,0,31 32 33 9,1
7100,'20260627',820,,206985,10,,,1,1637,,206986,10,0,31 32 33 9,1,94,,206987,10,0,31 32 33 9,1,165,,206988,10,0,31 32 33 9,1
7100,'20260628',820,,206989,10,,,1,1637,,206990,10,0,31 32 33 9,1,94,,206991,10,0,31 32 33 9,1,165,,206992,10,0,31 32 33 9,1
7100,'20260629',721,,206993,10,,,1,116,,206994,10,,,1,1704,,206995,10,0,31 32 33 9,1,175,,206996,10,0,31 32 33 9,1
7100,'20260630',721,,206997,10,,,1,116,,206998,10,,,1,1704,,206999,10,0,31 32 33 9,1,175,,207000,10,0,31 32 33 9,1
7100,'20260701',820,,207001,10,,,1,1637,,207002,10,0,31 32 33 9,1,94,,207003,10,0,31 32 33 9,1,165,,207004,10,0,31 32 33 9,1
7100,'20260702',721,,207005,10,,,1,116,,207006,10,,,1,1704,,207007,10,0,31 32 33 9,1,175,,207008,10,0,31 32 33 9,1
7100,'20260703',721,,207009,10,,,1,116,,207010,10,,,1,1704,,207011,10,0,31 32 33 9,1,175,,207012,10,0,31 32 33 9,1
7100,'20260704',820,,207013,10,,,1,1637,,207014,10,0,31 32 33 9,1,94,,207015,10,0,31 32 33 9,1,165,,207016,10,0,31 32 33 9,1
7100,'20260705',820,,207017,10,,,1,1637,,207018,10,0,31 32 33 9,1,94,,207019,10,0,31 32 33 9,1,165,,207020,10,0,31 32 33 9,1
7100,'20260706',721,,207021,10,,,1,116,,207022,10,,,1,1704,,207023,10,0,31 32 33 9,1,175,,207024,10,0,31 32 33 9,1
7100,'20260707',721,,207025,10,,,1,116,,207026,10,,,1,1704,,207027,10,0,31 32 33 9,1,175,,207028,10,0,31 32 33 9,1
7100,'20260708',721,,207029,10,,,1,116,,207030,10,,,1,1704,,207031,10,0,31 32 33 9,1,175,,207032,10,0,31 32 33 9,1
7100,'20260709',721,,207033,10,,,1,116,,207034,10,,,1,1704,,207035,10,0,31 32 33 9,1,175,,207036,10,0,31 32 33 9,1
7100,'20260710',721,,207037,10,,,1,116,,207038,10,,,1,1704,,207039,10,0,31 32 33 9,1,175,,207040,10,0,31 32 33 9,1
7100,'20260711',820,,207041,10,,,1,1637,,207042,10,0,31 32 33 9,1,94,,207043,10,0,31 32 33 9,1,165,,207044,10,0,31 32 33 9,1
7100,'20260712',820,,207045,10,,,1,1637,,207046,10,0,31 32 33 9,1,94,,207047,10,0,31 32 33 9,1,165,,207048,10,0,31 32 33 9,1
7100,'20260713',721,,207049,10,,,1,116,,207050,10,,,1,1704,,207051,10,0,31 32 33 9,1,175,,207052,10,0,31 32 33 9,1
7100,'20260714',721,,207053,10,,,1,116,,207054,10,,,1,1704,,207055,10,0,31 32 33 9,1,175,,207056,10,0,31 32 33 9,1
7100,'20260715',721,,207057,10,,,1,116,,207058,10,,,1,1704,,207059,10,0,31 32 33 9,1,175,,207060,10,0,31 32 33 9,1
7100,'20260716',721,,207061,10,,,1,116,,207062,10,,,1,1704,,207063,10,0,31 32 33 9,1,175,,207064,10,0,31 32 33 9,1
7100,'20260717',721,,207065,10,,,1,116,,207066,10,,,1,1704,,207067,10,0,31 32 33 9,1,175,,207068,10,0,31 32 33 9,1
7100,'20260718',820,,207069,10,,,1,1637,,207070,10,0,31 32 33 9,1,94,,207071,10,0,31 32 33 9,1,165,,207072,10,0,31 32 33 9,1
7100,'20260719',820,,207073,10,,,1,1637,,207074,10,0,31 32 33 9,1,94,,207075,10,0,31 32 33 9,1,165,,207076,10,0,31 32 33 9,1
7100,'20260720',721,,207077,10,,,1,116,,207078,10,,,1,1704,,207079,10,0,31 32 33 9,1,175,,207080,10,0,31 32 33 9,1
7100,'20260721',721,,207081,10,,,1,116,,207082,10,,,1,1704,,207083,10,0,31 32 33 9,1,175,,207084,10,0,31 32 33 9,1
7100,'20260722',721,,207085,10,,,1,116,,207086,10,,,1,1704,,207087,10,0,31 32 33 9,1,175,,207088,10,0,31 32 33 9,1
7100,'20260723',721,,207089,10,,,1,116,,207090,10,,,1,1704,,207091,10,0,31 32 33 9,1,175,,207092,10,0,31 32 33 9,1
7100,'20260724',721,,207093,10,,,1,116,,207094,10,,,1,1704,,207095,10,0,31 32 33 9,1,175,,207096,10,0,31 32 33 9,1
7100,'20260725',820,,207097,10,,,1,1637,,207098,10,0,31 32 33 9,1,94,,207099,10,0,31 32 33 9,1,165,,207100,10,0,31 32 33 9,1
7100,'20260726',820,,207101,10,,,1,1637,,207102,10,0,31 32 33 9,1,94,,207103,10,0,31 32 33 9,1,165,,207104,10,0,31 32 33 9,1
7100,'20260727',721,,207105,10,,,1,116,,207106,10,,,1,1704,,207107,10,0,31 32 33 9,1,175,,207108,10,0,31 32 33 9,1
7100,'20260728',721,,207109,10,,,1,116,,207110,10,,,1,1704,,207111,10,0,31 32 33 9,1,175,,207112,10,0,31 32 33 9,1
7100,'20260729',721,,207113,10,,,1,116,,207114,10,,,1,1704,,207115,10,0,31 32 33 9,1,175,,207116,10,0,31 32 33 9,1
7100,'20260730',721,,207117,10,,,1,116,,207118,10,,,1,1704,,207119,10,0,31 32 33 9,1,175,,207120,10,0,31 32 33 9,1
7100,'20260731',721,,207121,10,,,1,116,,207122,10,,,1,1704,,207123,10,0,31 32 33 9,1,175,,207124,10,0,31 32 33 9,1
7100,'20260801',820,,207125,10,,,1,1637,,207126,10,0,31 32 33 9,1,94,,207127,10,0,31 32 33 9,1,165,,207128,10,0,31 32 33 9,1
7100,'20260802',820,,207129,10,,,1,1637,,207130,10,0,31 32 33 9,1,94,,207131,10,0,31 32 33 9,1,165,,207132,10,0,31 32 33 9,1
7100,'20260803',820,,207133,10,,,1,1637,,207134,10,0,31 32 33 9,1,94,,207135,10,0,31 32 33 9,1,165,,207136,10,0,31 32 33 9,1
7100,'20260804',721,,207137,10,,,1,116,,207138,10,,,1,1704,,207139,10,0,31 32 33 9,1,175,,207140,10,0,31 32 33 9,1
7100,'20260805',721,,207141,10,,,1,116,,207142,10,,,1,1704,,207143,10,0,31 32 33 9,1,175,,207144,10,0,31 32 33 9,1
7100,'20260806',721,,207145,10,,,1,116,,207146,10,,,1,1704,,207147,10,0,31 32 33 9,1,175,,207148,10,0,31 32 33 9,1
7100,'20260807',721,,207149,10,,,1,116,,207150,10,,,1,1704,,207151,10,0,31 32 33 9,1,175,,207152,10,0,31 32 33 9,1
7100,'20260808',820,,207153,10,,,1,1637,,207154,10,0,31 32 33 9,1,94,,207155,10,0,31 32 33 9,1,165,,207156,10,0,31 32 33 9,1
7100,'20260809',820,,207157,10,,,1,1637,,207158,10,0,31 32 33 9,1,94,,207159,10,0,31 32 33 9,1,165,,207160,10,0,31 32 33 9,1
7100,'20260810',721,,207161,10,,,1,116,,207162,10,,,1,1704,,207163,10,0,31 32 33 9,1,175,,207164,10,0,31 32 33 9,1
7100,'20260811',721,,207165,10,,,1,116,,207166,10,,,1,1704,,207167,10,0,31 32 33 9,1,175,,207168,10,0,31 32 33 9,1
7100,'20260812',721,,207169,10,,,1,116,,207170,10,,,1,1704,,207171,10,0,31 32 33 9,1,175,,207172,10,0,31 32 33 9,1
7100,'20260813',721,,207173,10,,,1,116,,207174,10,,,1,1704,,207175,10,0,31 32 33 9,1,175,,207176,10,0,31 32 33 9,1
7100,'20260814',721,,207177,10,,,1,116,,207178,10,,,1,1704,,207179,10,0,31 32 33 9,1,175,,207180,10,0,31 32 33 9,1
7100,'20260815',820,,207181,10,,,1,1637,,207182,10,0,31 32 33 9,1,94,,207183,10,0,31 32 33 9,1,165,,207184,10,0,31 32 33 9,1
7100,'20260816',820,,207185,10,,,1,1637,,207186,10,0,31 32 33 9,1,94,,207187,10,0,31 32 33 9,1,165,,207188,10,0,31 32 33 9,1
7100,'20260817',721,,207189,10,,,1,116,,207190,10,,,1,1704,,207191,10,0,31 32 33 9,1,175,,207192,10,0,31 32 33 9,1
7100,'20260818',721,,207193,10,,,1,116,,207194,10,,,1,1704,,207195,10,0,31 32 33 9,1,175,,207196,10,0,31 32 33 9,1
7100,'20260819',721,,207197,10,,,1,116,,207198,10,,,1,1704,,207199,10,0,31 32 33 9,1,175,,207200,10,0,31 32 33 9,1
7100,'20260820',721,,207201,10,,,1,116,,207202,10,,,1,1704,,207203,10,0,31 32 33 9,1,175,,207204,10,0,31 32 33 9,1
7100,'20260821',721,,207205,10,,,1,116,,207206,10,,,1,1704,,207207,10,0,31 32 33 9,1,175,,207208,10,0,31 32 33 9,1
7100,'20260822',820,,207209,10,,,1,1637,,207210,10,0,31 32 33 9,1,94,,207211,10,0,31 32 33 9,1,165,,207212,10,0,31 32 33 9,1
7100,'20260823',820,,207213,10,,,1,1637,,207214,10,0,31 32 33 9,1,94,,207215,10,0,31 32 33 9,1,165,,207216,10,0,31 32 33 9,1
7100,'20260824',721,,207217,10,,,1,116,,207218,10,,,1,1704,,207219,10,0,31 32 33 9,1,175,,207220,10,0,31 32 33 9,1
7100,'20260825',721,,207221,10,,,1,116,,207222,10,,,1,1704,,207223,10,0,31 32 33 9,1,175,,207224,10,0,31 32 33 9,1
7100,'20260826',721,,207225,10,,,1,116,,207226,10,,,1,1704,,207227,10,0,31 32 33 9,1,175,,207228,10,0,31 32 33 9,1
7100,'20260827',721,,207229,10,,,1,116,,207230,10,,,1,1704,,207231,10,0,31 32 33 9,1,175,,207232,10,0,31 32 33 9,1
7100,'20260828',721,,207233,10,,,1,116,,207234,10,,,1,1704,,207235,10,0,31 32 33 9,1,175,,207236,10,0,31 32 33 9,1
7100,'20260829',820,,207237,10,,,1,1637,,207238,10,0,31 32 33 9,1,94,,207239,10,0,31 32 33 9,1,165,,207240,10,0,31 32 33 9,1
7100,'20260830',820,,207241,10,,,1,1637,,207242,10,0,31 32 33 9,1,94,,207243,10,0,31 32 33 9,1,165,,207244,10,0,31 32 33 9,1
7100,'20260831',721,,207245,10,,,1,116,,207246,10,,,1,1704,,207247,10,0,31 32 33 9,1,175,,207248,10,0,31 32 33 9,1
7100,'20260901',721,,207249,10,,,1,116,,207250,10,,,1,1704,,207251,10,0,31 32 33 9,1,175,,207252,10,0,31 32 33 9,1
7100,'20260902',721,,207253,10,,,1,116,,207254,10,,,1,1704,,207255,10,0,31 32 33 9,1,175,,207256,10,0,31 32 33 9,1
7100,'20260903',721,,207257,10,,,1,116,,207258,10,,,1,1704,,207259,10,0,31 32 33 9,1,175,,207260,10,0,31 32 33 9,1
7100,'20260904',721,,207261,10,,,1,116,,207262,10,,,1,1704,,207263,10,0,31 32 33 9,1,175,,207264,10,0,31 32 33 9,1
