1100,'20260326',1035,,97,10,,,1,100,,98,10,,,1,200,,99,10,,,1,201,,100,10,,,1,196,,101,10,,,1,102,,102,10,,,1,100,,103,10,,,1,203,,104,10,,,1
1100,'20260327',1035,,105,10,,,1,100,,106,10,,,1,200,,107,10,,,1,201,,108,10,,,1,196,,109,10,,,1,102,,110,10,,,1,100,,111,10,,,1,203,,112,10,,,1
1100,'20260330',1035,,113,10,,,1,100,,114,10,,,1,200,,115,10,,,1,201,,116,10,,,1,196,,117,10,,,1,102,,118,10,,,1,100,,119,10,,,1,203,,120,10,,,1
1100,'20260331',1035,,121,10,,,1,100,,122,10,,,1,200,,123,10,,,1,201,,124,10,,,1,196,,125,10,,,1,102,,126,10,,,1,100,,127,10,,,1,203,,128,10,,,1
1100,'20260401',1035,,129,10,,,1,100,,130,10,,,1,200,,131,10,,,1,201,,132,10,,,1,196,,133,10,,,1,102,,134,10,,,1,100,,135,10,,,1,203,,136,10,,,1
1100,'20260402',1035,,137,10,,,1,100,,138,10,,,1,200,,139,10,,,1,201,,140,10,,,1,196,,141,10,,,1,102,,142,10,,,1,100,,143,10,,,1,203,,144,10,,,1
1100,'20260406',1035,,145,10,,,1,100,,146,10,,,1,200,,147,10,,,1,201,,148,10,,,1,196,,149,10,,,1,102,,150,10,,,1,100,,151,10,,,1,203,,152,10,,,1
1100,'20260407',1035,,153,10,,,1,100,,154,10,,,1,200,,155,10,,,1,201,,156,10,,,1,196,,157,10,,,1,102,,158,10,,,1,100,,159,10,,,1,203,,160,10,,,1
1100,'20260408',1035,,161,10,,,1,100,,162,10,,,1,200,,163,10,,,1,201,,164,10,,,1,196,,165,10,,,1,102,,166,10,,,1,100,,167,10,,,1,203,,168,10,,,1
1100,'20260409',1035,,169,10,,,1,100,,170,10,,,1,200,,171,10,,,1,201,,172,10,,,1,196,,173,10,,,1,102,,174,10,,,1,100,,175,10,,,1,203,,176,10,,,1
1100,'20260410',1035,,177,10,,,1,100,,178,10,,,1,200,,179,10,,,1,201,,180,10,,,1,196,,181,10,,,1,102,,182,10,,,1,100,,183,10,,,1,203,,184,10,,,1
1100,'20260413',1035,,185,10,,,1,100,,186,10,,,1,200,,187,10,,,1,201,,188,10,,,1,196,,189,10,,,1,102,,190,10,,,1,100,,191,10,,,1,203,,192,10,,,1
1100,'20260414',1035,,193,10,,,1,100,,194,10,,,1,200,,195,10,,,1,201,,196,10,,,1,196,,197,10,,,1,102,,198,10,,,1,100,,199,10,,,1,203,,200,10,,,1
1100,'20260415',1035,,201,10,,,1,100,,202,10,,,1,200,,203,10,,,1,201,,204,10,,,1,196,,205,10,,,1,102,,206,10,,,1,100,,207,10,,,1,203,,208,10,,,1
1100,'20260416',1035,,209,10,,,1,100,,210,10,,,1,200,,211,10,,,1,201,,212,10,,,1,196,,213,10,,,1,102,,214,10,,,1,100,,215,10,,,1,203,,216,10,,,1
1100,'20260417',1035,,217,10,,,1,100,,218,10,,,1,200,,219,10,,,1,201,,220,10,,,1,196,,221,10,,,1,102,,222,10,,,1,100,,223,10,,,1,203,,224,10,,,1
1100,'20260420',1035,,225,10,,,1,100,,226,10,,,1,200,,227,10,,,1,201,,228,10,,,1,196,,229,10,,,1,102,,230,10,,,1,100,,231,10,,,1,203,,232,10,,,1
1100,'20260421',1035,,233,10,,,1,100,,234,10,,,1,200,,235,10,,,1,201,,236,10,,,1,196,,237,10,,,1,102,,238,10,,,1,100,,239,10,,,1,203,,240,10,,,1
1100,'20260422',1035,,241,10,,,1,100,,242,10,,,1,200,,243,10,,,1,201,,244,10,,,1,196,,245,10,,,1,102,,246,10,,,1,100,,247,10,,,1,203,,248,10,,,1
1100,'20260423',1035,,249,10,,,1,100,,250,10,,,1,200,,251,10,,,1,201,,252,10,,,1,196,,253,10,,,1,102,,254,10,,,1,100,,255,10,,,1,203,,256,10,,,1
1100,'20260424',1035,,257,10,,,1,100,,258,10,,,1,200,,259,10,,,1,201,,260,10,,,1,196,,261,10,,,1,102,,262,10,,,1,100,,263,10,,,1,203,,264,10,,,1
1600,'20260326',519,,4807,4,,,1,340,,4808,4,,,1,100,,4809,4,,,1,100,,4810,4,,,1,97,,4811,4,,,1,145,,4812,4,,,1,451,,4813,4,,,1,150,,4814,4,,,1,104,,4815,4,,,1,95,,4816,4,,,1,100,,4817,4,,,1,100,,4818,4,,,1,203,,4819,4,,,1
1600,'20260327',519,,4820,4,,,1,340,,4821,4,,,1,100,,4822,4,,,1,100,,4823,4,,,1,97,,4824,4,,,1,145,,4825,4,,,1,451,,4826,4,,,1,150,,4827,4,,,1,104,,4828,4,,,1,95,,4829,4,,,1,100,,4830,4,,,1,100,,4831,4,,,1,203,,4832,4,,,1
1600,'20260328',604,,4833,4,,,1,100,,4834,4,,,1,100,,4835,4,,,1,55,,4836,4,,,1,70,,4837,4,,,1,30,,4838,4,,,1,70,,4839,4,,,1,25,,4840,4,,,1,71,,4841,4,,,1,30,,4842,4,,,1,65,,4843,4,,,1,25,,4844,4,,,1,75,,4845,4,,,1,30,,4846,4,,,1,75,,4847,4,,,1,30,,4848,4,,,1,70,,4849,4,,,1,30,,4850,4,,,1,70,,4851,4,,,1,30,,4852,4,,,1,70,,4853,4,,,1,30,,4854,4,,,1,65,,4855,4,,,1,35,,4856,4,,,1,145,,4857,4,,,1,100,,4858,4,,,1,105,,4859,4,,,1,99,,4860,4,,,1,100,,4861,4,,,1,100,,4862,4,,,1
1600,'20260329',604,,4863,4,,,1,100,,4864,4,,,1,100,,4865,4,,,1,55,,4866,4,,,1,70,,4867,4,,,1,30,,4868,4,,,1,70,,4869,4,,,1,25,,4870,4,,,1,71,,4871,4,,,1,30,,4872,4,,,1,65,,4873,4,,,1,25,,4874,4,,,1,75,,4875,4,,,1,30,,4876,4,,,1,75,,4877,4,,,1,30,,4878,4,,,1,70,,4879,4,,,1,30,,4880,4,,,1,70,,4881,4,,,1,30,,4882,4,,,1,70,,4883,4,,,1,30,,4884,4,,,1,65,,4885,4,,,1,35,,4886,4,,,1,145,,4887,4,,,1,100,,4888,4,,,1,105,,4889,4,,,1,99,,4890,4,,,1,100,,4891,4,,,1,100,,4892,4,,,1
1600,'20260330',519,,4893,4,,,1,340,,4894,4,,,1,100,,4895,4,,,1,100,,4896,4,,,1,97,,4897,4,,,1,145,,4898,4,,,1,451,,4899,4,,,1,150,,4900,4,,,1,104,,4901,4,,,1,95,,4902,4,,,1,100,,4903,4,,,1,100,,4904,4,,,1,203,,4905,4,,,1
1600,'20260331',519,,4906,4,,,1,340,,4907,4,,,1,100,,4908,4,,,1,100,,4909,4,,,1,97,,4910,4,,,1,145,,4911,4,,,1,451,,4912,4,,,1,150,,4913,4,,,1,104,,4914,4,,,1,95,,4915,4,,,1,100,,4916,4,,,1,100,,4917,4,,,1,203,,4918,4,,,1
1600,'20260401',519,,4919,4,,,1,340,,4920,4,,,1,100,,4921,4,,,1,100,,4922,4,,,1,97,,4923,4,,,1,145,,4924,4,,,1,451,,4925,4,,,1,150,,4926,4,,,1,104,,4927,4,,,1,95,,4928,4,,,1,100,,4929,4,,,1,100,,4930,4,,,1,203,,4931,4,,,1
1600,'20260402',519,,4932,4,,,1,340,,4933,4,,,1,100,,4934,4,,,1,100,,4935,4,,,1,97,,4936,4,,,1,145,,4937,4,,,1,451,,4938,4,,,1,150,,4939,4,,,1,104,,4940,4,,,1,95,,4941,4,,,1,100,,4942,4,,,1,100,,4943,4,,,1,203,,4944,4,,,1
1600,'20260403',604,,4945,4,,,1,100,,4946,4,,,1,100,,4947,4,,,1,55,,4948,4,,,1,70,,4949,4,,,1,30,,4950,4,,,1,70,,4951,4,,,1,25,,4952,4,,,1,71,,4953,4,,,1,30,,4954,4,,,1,65,,4955,4,,,1,25,,4956,4,,,1,75,,4957,4,,,1,30,,4958,4,,,1,75,,4959,4,,,1,30,,4960,4,,,1,70,,4961,4,,,1,30,,4962,4,,,1,70,,4963,4,,,1,30,,4964,4,,,1,70,,4965,4,,,1,30,,4966,4,,,1,65,,4967,4,,,1,35,,4968,4,,,1,145,,4969,4,,,1,100,,4970,4,,,1,105,,4971,4,,,1,99,,4972,4,,,1,100,,4973,4,,,1,100,,4974,4,,,1
1600,'20260404',604,,4975,4,,,1,100,,4976,4,,,1,100,,4977,4,,,1,55,,4978,4,,,1,70,,4979,4,,,1,30,,4980,4,,,1,70,,4981,4,,,1,25,,4982,4,,,1,71,,4983,4,,,1,30,,4984,4,,,1,65,,4985,4,,,1,25,,4986,4,,,1,75,,4987,4,,,1,30,,4988,4,,,1,75,,4989,4,,,1,30,,4990,4,,,1,70,,4991,4,,,1,30,,4992,4,,,1,70,,4993,4,,,1,30,,4994,4,,,1,70,,4995,4,,,1,30,,4996,4,,,1,65,,4997,4,,,1,35,,4998,4,,,1,145,,4999,4,,,1,100,,5000,4,,,1,105,,5001,4,,,1,99,,5002,4,,,1,100,,5003,4,,,1,100,,5004,4,,,1
1600,'20260405',604,,5005,4,,,1,100,,5006,4,,,1,100,,5007,4,,,1,55,,5008,4,,,1,70,,5009,4,,,1,30,,5010,4,,,1,70,,5011,4,,,1,25,,5012,4,,,1,71,,5013,4,,,1,30,,5014,4,,,1,65,,5015,4,,,1,25,,5016,4,,,1,75,,5017,4,,,1,30,,5018,4,,,1,75,,5019,4,,,1,30,,5020,4,,,1,70,,5021,4,,,1,30,,5022,4,,,1,70,,5023,4,,,1,30,,5024,4,,,1,70,,5025,4,,,1,30,,5026,4,,,1,65,,5027,4,,,1,35,,5028,4,,,1,145,,5029,4,,,1,100,,5030,4,,,1,105,,5031,4,,,1,99,,5032,4,,,1,100,,5033,4,,,1,100,,5034,4,,,1
1600,'20260406',519,,5035,4,,,1,340,,5036,4,,,1,100,,5037,4,,,1,100,,5038,4,,,1,97,,5039,4,,,1,145,,5040,4,,,1,451,,5041,4,,,1,150,,5042,4,,,1,104,,5043,4,,,1,95,,5044,4,,,1,100,,5045,4,,,1,100,,5046,4,,,1,203,,5047,4,,,1
1600,'20260407',519,,5048,4,,,1,340,,5049,4,,,1,100,,5050,4,,,1,100,,5051,4,,,1,97,,5052,4,,,1,145,,5053,4,,,1,451,,5054,4,,,1,150,,5055,4,,,1,104,,5056,4,,,1,95,,5057,4,,,1,100,,5058,4,,,1,100,,5059,4,,,1,203,,5060,4,,,1
1600,'20260408',519,,5061,4,,,1,340,,5062,4,,,1,100,,5063,4,,,1,100,,5064,4,,,1,97,,5065,4,,,1,145,,5066,4,,,1,451,,5067,4,,,1,150,,5068,4,,,1,104,,5069,4,,,1,95,,5070,4,,,1,100,,5071,4,,,1,100,,5072,4,,,1,203,,5073,4,,,1
1600,'20260409',519,,5074,4,,,1,340,,5075,4,,,1,100,,5076,4,,,1,100,,5077,4,,,1,97,,5078,4,,,1,145,,5079,4,,,1,451,,5080,4,,,1,150,,5081,4,,,1,104,,5082,4,,,1,95,,5083,4,,,1,100,,5084,4,,,1,100,,5085,4,,,1,203,,5086,4,,,1
1600,'20260410',519,,5087,4,,,1,340,,5088,4,,,1,100,,5089,4,,,1,100,,5090,4,,,1,97,,5091,4,,,1,145,,5092,4,,,1,451,,5093,4,,,1,150,,5094,4,,,1,104,,5095,4,,,1,95,,5096,4,,,1,100,,5097,4,,,1,100,,5098,4,,,1,203,,5099,4,,,1
1600,'20260411',604,,5100,4,,,1,100,,5101,4,,,1,100,,5102,4,,,1,55,,5103,4,,,1,70,,5104,4,,,1,30,,5105,4,,,1,70,,5106,4,,,1,25,,5107,4,,,1,71,,5108,4,,,1,30,,5109,4,,,1,65,,5110,4,,,1,25,,5111,4,,,1,75,,5112,4,,,1,30,,5113,4,,,1,75,,5114,4,,,1,30,,5115,4,,,1,70,,5116,4,,,1,30,,5117,4,,,1,70,,5118,4,,,1,30,,5119,4,,,1,70,,5120,4,,,1,30,,5121,4,,,1,65,,5122,4,,,1,35,,5123,4,,,1,145,,5124,4,,,1,100,,5125,4,,,1,105,,5126,4,,,1,99,,5127,4,,,1,100,,5128,4,,,1,100,,5129,4,,,1
1600,'20260412',604,,5130,4,,,1,100,,5131,4,,,1,100,,5132,4,,,1,55,,5133,4,,,1,70,,5134,4,,,1,30,,5135,4,,,1,70,,5136,4,,,1,25,,5137,4,,,1,71,,5138,4,,,1,30,,5139,4,,,1,65,,5140,4,,,1,25,,5141,4,,,1,75,,5142,4,,,1,30,,5143,4,,,1,75,,5144,4,,,1,30,,5145,4,,,1,70,,5146,4,,,1,30,,5147,4,,,1,70,,5148,4,,,1,30,,5149,4,,,1,70,,5150,4,,,1,30,,5151,4,,,1,65,,5152,4,,,1,35,,5153,4,,,1,145,,5154,4,,,1,100,,5155,4,,,1,105,,5156,4,,,1,99,,5157,4,,,1,100,,5158,4,,,1,100,,5159,4,,,1
1600,'20260413',519,,5160,4,,,1,340,,5161,4,,,1,100,,5162,4,,,1,100,,5163,4,,,1,97,,5164,4,,,1,145,,5165,4,,,1,451,,5166,4,,,1,150,,5167,4,,,1,104,,5168,4,,,1,95,,5169,4,,,1,100,,5170,4,,,1,100,,5171,4,,,1,203,,5172,4,,,1
1600,'20260414',519,,5173,4,,,1,340,,5174,4,,,1,100,,5175,4,,,1,100,,5176,4,,,1,97,,5177,4,,,1,145,,5178,4,,,1,451,,5179,4,,,1,150,,5180,4,,,1,104,,5181,4,,,1,95,,5182,4,,,1,100,,5183,4,,,1,100,,5184,4,,,1,203,,5185,4,,,1
1600,'20260415',519,,5186,4,,,1,340,,5187,4,,,1,100,,5188,4,,,1,100,,5189,4,,,1,97,,5190,4,,,1,145,,5191,4,,,1,451,,5192,4,,,1,150,,5193,4,,,1,104,,5194,4,,,1,95,,5195,4,,,1,100,,5196,4,,,1,100,,5197,4,,,1,203,,5198,4,,,1
1600,'20260416',519,,5199,4,,,1,340,,5200,4,,,1,100,,5201,4,,,1,100,,5202,4,,,1,97,,5203,4,,,1,145,,5204,4,,,1,451,,5205,4,,,1,150,,5206,4,,,1,104,,5207,4,,,1,95,,5208,4,,,1,100,,5209,4,,,1,100,,5210,4,,,1,203,,5211,4,,,1
1600,'20260417',519,,5212,4,,,1,340,,5213,4,,,1,100,,5214,4,,,1,100,,5215,4,,,1,97,,5216,4,,,1,145,,5217,4,,,1,451,,5218,4,,,1,150,,5219,4,,,1,104,,5220,4,,,1,95,,5221,4,,,1,100,,5222,4,,,1,100,,5223,4,,,1,203,,5224,4,,,1
1600,'20260418',604,,5225,4,,,1,100,,5226,4,,,1,100,,5227,4,,,1,55,,5228,4,,,1,70,,5229,4,,,1,30,,5230,4,,,1,70,,5231,4,,,1,25,,5232,4,,,1,71,,5233,4,,,1,30,,5234,4,,,1,65,,5235,4,,,1,25,,5236,4,,,1,75,,5237,4,,,1,30,,5238,4,,,1,75,,5239,4,,,1,30,,5240,4,,,1,70,,5241,4,,,1,30,,5242,4,,,1,70,,5243,4,,,1,30,,5244,4,,,1,70,,5245,4,,,1,30,,5246,4,,,1,65,,5247,4,,,1,35,,5248,4,,,1,145,,5249,4,,,1,100,,5250,4,,,1,105,,5251,4,,,1,99,,5252,4,,,1,100,,5253,4,,,1,100,,5254,4,,,1
1600,'20260419',604,,5255,4,,,1,100,,5256,4,,,1,100,,5257,4,,,1,55,,5258,4,,,1,70,,5259,4,,,1,30,,5260,4,,,1,70,,5261,4,,,1,25,,5262,4,,,1,71,,5263,4,,,1,30,,5264,4,,,1,65,,5265,4,,,1,25,,5266,4,,,1,75,,5267,4,,,1,30,,5268,4,,,1,75,,5269,4,,,1,30,,5270,4,,,1,70,,5271,4,,,1,30,,5272,4,,,1,70,,5273,4,,,1,30,,5274,4,,,1,70,,5275,4,,,1,30,,5276,4,,,1,65,,5277,4,,,1,35,,5278,4,,,1,145,,5279,4,,,1,100,,5280,4,,,1,105,,5281,4,,,1,99,,5282,4,,,1,100,,5283,4,,,1,100,,5284,4,,,1
1600,'20260420',519,,5285,4,,,1,340,,5286,4,,,1,100,,5287,4,,,1,100,,5288,4,,,1,97,,5289,4,,,1,145,,5290,4,,,1,451,,5291,4,,,1,150,,5292,4,,,1,104,,5293,4,,,1,95,,5294,4,,,1,100,,5295,4,,,1,100,,5296,4,,,1,203,,5297,4,,,1
1600,'20260421',519,,5298,4,,,1,340,,5299,4,,,1,100,,5300,4,,,1,100,,5301,4,,,1,97,,5302,4,,,1,145,,5303,4,,,1,451,,5304,4,,,1,150,,5305,4,,,1,104,,5306,4,,,1,95,,5307,4,,,1,100,,5308,4,,,1,100,,5309,4,,,1,203,,5310,4,,,1
1600,'20260422',519,,5311,4,,,1,340,,5312,4,,,1,100,,5313,4,,,1,100,,5314,4,,,1,97,,5315,4,,,1,145,,5316,4,,,1,451,,5317,4,,,1,150,,5318,4,,,1,104,,5319,4,,,1,95,,5320,4,,,1,100,,5321,4,,,1,100,,5322,4,,,1,203,,5323,4,,,1
1600,'20260423',519,,5324,4,,,1,340,,5325,4,,,1,100,,5326,4,,,1,100,,5327,4,,,1,97,,5328,4,,,1,145,,5329,4,,,1,451,,5330,4,,,1,150,,5331,4,,,1,104,,5332,4,,,1,95,,5333,4,,,1,100,,5334,4,,,1,100,,5335,4,,,1,203,,5336,4,,,1
1600,'20260424',519,,5337,4,,,1,340,,5338,4,,,1,100,,5339,4,,,1,100,,5340,4,,,1,97,,5341,4,,,1,145,,5342,4,,,1,451,,5343,4,,,1,150,,5344,4,,,1,104,,5345,4,,,1,95,,5346,4,,,1,100,,5347,4,,,1,100,,5348,4,,,1,203,,5349,4,,,1
1700,'20260326',609,,6311,4,,,1,100,,6312,4,,,1,100,,6313,4,,,1,100,,6314,4,,,1,100,,6315,4,,,1,102,,6316,4,,,1,200,,6317,4,,,1,100,,6318,4,,,1,100,,6319,4,,,1,100,,6320,4,,,1,101,,6321,4,,,1,100,,6322,4,,,1,105,,6323,4,,,1,189,,6324,4,,,1
1700,'20260327',609,,6325,4,,,1,100,,6326,4,,,1,100,,6327,4,,,1,100,,6328,4,,,1,100,,6329,4,,,1,102,,6330,4,,,1,200,,6331,4,,,1,100,,6332,4,,,1,100,,6333,4,,,1,100,,6334,4,,,1,101,,6335,4,,,1,100,,6336,4,,,1,105,,6337,4,,,1,189,,6338,4,,,1
1700,'20260330',609,,6339,4,,,1,100,,6340,4,,,1,100,,6341,4,,,1,100,,6342,4,,,1,100,,6343,4,,,1,102,,6344,4,,,1,200,,6345,4,,,1,100,,6346,4,,,1,100,,6347,4,,,1,100,,6348,4,,,1,101,,6349,4,,,1,100,,6350,4,,,1,105,,6351,4,,,1,189,,6352,4,,,1
1700,'20260331',609,,6353,4,,,1,100,,6354,4,,,1,100,,6355,4,,,1,100,,6356,4,,,1,100,,6357,4,,,1,102,,6358,4,,,1,200,,6359,4,,,1,100,,6360,4,,,1,100,,6361,4,,,1,100,,6362,4,,,1,101,,6363,4,,,1,100,,6364,4,,,1,105,,6365,4,,,1,189,,6366,4,,,1
1700,'20260401',609,,6367,4,,,1,100,,6368,4,,,1,100,,6369,4,,,1,100,,6370,4,,,1,100,,6371,4,,,1,102,,6372,4,,,1,200,,6373,4,,,1,100,,6374,4,,,1,100,,6375,4,,,1,100,,6376,4,,,1,101,,6377,4,,,1,100,,6378,4,,,1,105,,6379,4,,,1,189,,6380,4,,,1
1700,'20260402',609,,6381,4,,,1,100,,6382,4,,,1,100,,6383,4,,,1,100,,6384,4,,,1,100,,6385,4,,,1,102,,6386,4,,,1,200,,6387,4,,,1,100,,6388,4,,,1,100,,6389,4,,,1,100,,6390,4,,,1,101,,6391,4,,,1,100,,6392,4,,,1,105,,6393,4,,,1,189,,6394,4,,,1
1700,'20260406',609,,6395,4,,,1,100,,6396,4,,,1,100,,6397,4,,,1,100,,6398,4,,,1,100,,6399,4,,,1,102,,6400,4,,,1,200,,6401,4,,,1,100,,6402,4,,,1,100,,6403,4,,,1,100,,6404,4,,,1,101,,6405,4,,,1,100,,6406,4,,,1,105,,6407,4,,,1,189,,6408,4,,,1
1700,'20260407',609,,6409,4,,,1,100,,6410,4,,,1,100,,6411,4,,,1,100,,6412,4,,,1,100,,6413,4,,,1,102,,6414,4,,,1,200,,6415,4,,,1,100,,6416,4,,,1,100,,6417,4,,,1,100,,6418,4,,,1,101,,6419,4,,,1,100,,6420,4,,,1,105,,6421,4,,,1,189,,6422,4,,,1
1700,'20260408',609,,6423,4,,,1,100,,6424,4,,,1,100,,6425,4,,,1,100,,6426,4,,,1,100,,6427,4,,,1,102,,6428,4,,,1,200,,6429,4,,,1,100,,6430,4,,,1,100,,6431,4,,,1,100,,6432,4,,,1,101,,6433,4,,,1,100,,6434,4,,,1,105,,6435,4,,,1,189,,6436,4,,,1
1700,'20260409',609,,6437,4,,,1,100,,6438,4,,,1,100,,6439,4,,,1,100,,6440,4,,,1,100,,6441,4,,,1,102,,6442,4,,,1,200,,6443,4,,,1,100,,6444,4,,,1,100,,6445,4,,,1,100,,6446,4,,,1,101,,6447,4,,,1,100,,6448,4,,,1,105,,6449,4,,,1,189,,6450,4,,,1
1700,'20260410',609,,6451,4,,,1,100,,6452,4,,,1,100,,6453,4,,,1,100,,6454,4,,,1,100,,6455,4,,,1,102,,6456,4,,,1,200,,6457,4,,,1,100,,6458,4,,,1,100,,6459,4,,,1,100,,6460,4,,,1,101,,6461,4,,,1,100,,6462,4,,,1,105,,6463,4,,,1,189,,6464,4,,,1
1700,'20260413',609,,6465,4,,,1,100,,6466,4,,,1,100,,6467,4,,,1,100,,6468,4,,,1,100,,6469,4,,,1,102,,6470,4,,,1,200,,6471,4,,,1,100,,6472,4,,,1,100,,6473,4,,,1,100,,6474,4,,,1,101,,6475,4,,,1,100,,6476,4,,,1,105,,6477,4,,,1,189,,6478,4,,,1
1700,'20260414',609,,6479,4,,,1,100,,6480,4,,,1,100,,6481,4,,,1,100,,6482,4,,,1,100,,6483,4,,,1,102,,6484,4,,,1,200,,6485,4,,,1,100,,6486,4,,,1,100,,6487,4,,,1,100,,6488,4,,,1,101,,6489,4,,,1,100,,6490,4,,,1,105,,6491,4,,,1,189,,6492,4,,,1
1700,'20260415',609,,6493,4,,,1,100,,6494,4,,,1,100,,6495,4,,,1,100,,6496,4,,,1,100,,6497,4,,,1,102,,6498,4,,,1,200,,6499,4,,,1,100,,6500,4,,,1,100,,6501,4,,,1,100,,6502,4,,,1,101,,6503,4,,,1,100,,6504,4,,,1,105,,6505,4,,,1,189,,6506,4,,,1
1700,'20260416',609,,6507,4,,,1,100,,6508,4,,,1,100,,6509,4,,,1,100,,6510,4,,,1,100,,6511,4,,,1,102,,6512,4,,,1,200,,6513,4,,,1,100,,6514,4,,,1,100,,6515,4,,,1,100,,6516,4,,,1,101,,6517,4,,,1,100,,6518,4,,,1,105,,6519,4,,,1,189,,6520,4,,,1
1700,'20260417',609,,6521,4,,,1,100,,6522,4,,,1,100,,6523,4,,,1,100,,6524,4,,,1,100,,6525,4,,,1,102,,6526,4,,,1,200,,6527,4,,,1,100,,6528,4,,,1,100,,6529,4,,,1,100,,6530,4,,,1,101,,6531,4,,,1,100,,6532,4,,,1,105,,6533,4,,,1,189,,6534,4,,,1
1700,'20260420',609,,6535,4,,,1,100,,6536,4,,,1,100,,6537,4,,,1,100,,6538,4,,,1,100,,6539,4,,,1,102,,6540,4,,,1,200,,6541,4,,,1,100,,6542,4,,,1,100,,6543,4,,,1,100,,6544,4,,,1,101,,6545,4,,,1,100,,6546,4,,,1,105,,6547,4,,,1,189,,6548,4,,,1
1700,'20260421',609,,6549,4,,,1,100,,6550,4,,,1,100,,6551,4,,,1,100,,6552,4,,,1,100,,6553,4,,,1,102,,6554,4,,,1,200,,6555,4,,,1,100,,6556,4,,,1,100,,6557,4,,,1,100,,6558,4,,,1,101,,6559,4,,,1,100,,6560,4,,,1,105,,6561,4,,,1,189,,6562,4,,,1
1700,'20260422',609,,6563,4,,,1,100,,6564,4,,,1,100,,6565,4,,,1,100,,6566,4,,,1,100,,6567,4,,,1,102,,6568,4,,,1,200,,6569,4,,,1,100,,6570,4,,,1,100,,6571,4,,,1,100,,6572,4,,,1,101,,6573,4,,,1,100,,6574,4,,,1,105,,6575,4,,,1,189,,6576,4,,,1
1700,'20260423',609,,6577,4,,,1,100,,6578,4,,,1,100,,6579,4,,,1,100,,6580,4,,,1,100,,6581,4,,,1,102,,6582,4,,,1,200,,6583,4,,,1,100,,6584,4,,,1,100,,6585,4,,,1,100,,6586,4,,,1,101,,6587,4,,,1,100,,6588,4,,,1,105,,6589,4,,,1,189,,6590,4,,,1
1700,'20260424',609,,6591,4,,,1,100,,6592,4,,,1,100,,6593,4,,,1,100,,6594,4,,,1,100,,6595,4,,,1,102,,6596,4,,,1,200,,6597,4,,,1,100,,6598,4,,,1,100,,6599,4,,,1,100,,6600,4,,,1,101,,6601,4,,,1,100,,6602,4,,,1,105,,6603,4,,,1,189,,6604,4,,,1
1800,'20260326',419,,7410,4,0,53 29 30,1,419,,7412,4,0,64 9,1,597,,7413,4,0,64 9,1,197,,7414,4,0,64 9,1
1800,'20260327',419,,7417,4,0,53 29 30,1,419,,7419,4,0,64 9,1,597,,7420,4,0,64 9,1,197,,7421,4,0,64 9,1
1800,'20260328',434,,7422,4,0,5 29 30,1,80,,7423,5,0,68 29 30,1,28,,7424,5,0,68 29 30,1,65,,7425,5,0,68 29 30,1,30,,7426,5,0,7 29 30,1,200,,7427,4,0,64 9,1,200,,7428,4,0,64 9,1,199,,7429,4,0,64 9,1,200,,7430,4,0,64 9,1,200,,7431,4,0,64 9,1,200,,7432,4,0,64 9,1,200,,7433,4,0,64 9,1
1800,'20260329',434,,7434,4,0,5 29 30,1,80,,7435,5,0,68 29 30,1,28,,7436,5,0,68 29 30,1,65,,7437,5,0,68 29 30,1,30,,7438,5,0,7 29 30,1,200,,7439,4,0,64 9,1,200,,7440,4,0,64 9,1,199,,7441,4,0,64 9,1,200,,7442,4,0,64 9,1,200,,7443,4,0,64 9,1,200,,7444,4,0,64 9,1,200,,7445,4,0,64 9,1
1800,'20260330',419,,7447,4,0,53 29 30,1,419,,7449,4,0,64 9,1,597,,7450,4,0,64 9,1,197,,7451,4,0,64 9,1
1800,'20260331',419,,7454,4,0,53 29 30,1,419,,7456,4,0,64 9,1,597,,7457,4,0,64 9,1,197,,7458,4,0,64 9,1
1800,'20260401',419,,7461,4,0,53 29 30,1,419,,7463,4,0,64 9,1,597,,7464,4,0,64 9,1,197,,7465,4,0,64 9,1
1800,'20260402',419,,7468,4,0,53 29 30,1,419,,7470,4,0,64 9,1,597,,7471,4,0,64 9,1,197,,7472,4,0,64 9,1
1800,'20260403',434,,7475,4,0,5 29 30,1,80,,7476,5,0,68 29 30,1,28,,7477,5,0,68 29 30,1,65,,7478,5,0,68 29 30,1,30,,7479,5,0,7 29 30,1,200,,7480,4,0,64 9,1,200,,7481,4,0,64 9,1,199,,7482,4,0,64 9,1,200,,7483,4,0,64 9,1,200,,7484,4,0,64 9,1,200,,7485,4,0,64 9,1,200,,7486,4,0,64 9,1
1800,'20260404',434,,7487,4,0,5 29 30,1,80,,7488,5,0,68 29 30,1,28,,7489,5,0,68 29 30,1,65,,7490,5,0,68 29 30,1,30,,7491,5,0,7 29 30,1,200,,7492,4,0,64 9,1,200,,7493,4,0,64 9,1,199,,7494,4,0,64 9,1,200,,7495,4,0,64 9,1,200,,7496,4,0,64 9,1,200,,7497,4,0,64 9,1,200,,7498,4,0,64 9,1
1800,'20260405',434,,7499,4,0,5 29 30,1,80,,7500,5,0,68 29 30,1,28,,7501,5,0,68 29 30,1,65,,7502,5,0,68 29 30,1,30,,7503,5,0,7 29 30,1,200,,7504,4,0,64 9,1,200,,7505,4,0,64 9,1,199,,7506,4,0,64 9,1,200,,7507,4,0,64 9,1,200,,7508,4,0,64 9,1,200,,7509,4,0,64 9,1,200,,7510,4,0,64 9,1
1800,'20260406',419,,7512,4,0,53 29 30,1,419,,7514,4,0,64 9,1,597,,7515,4,0,64 9,1,197,,7516,4,0,64 9,1
1800,'20260407',419,,7519,4,0,53 29 30,1,419,,7521,4,0,64 9,1,597,,7522,4,0,64 9,1,197,,7523,4,0,64 9,1
1800,'20260408',419,,7526,4,0,53 29 30,1,419,,7528,4,0,64 9,1,597,,7529,4,0,64 9,1,197,,7530,4,0,64 9,1
1800,'20260409',419,,7533,4,0,53 29 30,1,419,,7535,4,0,64 9,1,597,,7536,4,0,64 9,1,197,,7537,4,0,64 9,1
1800,'20260410',419,,7540,4,0,53 29 30,1,419,,7542,4,0,64 9,1,597,,7543,4,0,64 9,1,197,,7544,4,0,64 9,1
1800,'20260411',434,,7545,4,0,5 29 30,1,80,,7546,5,0,68 29 30,1,28,,7547,5,0,68 29 30,1,65,,7548,5,0,68 29 30,1,30,,7549,5,0,7 29 30,1,200,,7550,4,0,64 9,1,200,,7551,4,0,64 9,1,199,,7552,4,0,64 9,1,200,,7553,4,0,64 9,1,200,,7554,4,0,64 9,1,200,,7555,4,0,64 9,1,200,,7556,4,0,64 9,1
1800,'20260412',434,,7557,4,0,5 29 30,1,80,,7558,5,0,68 29 30,1,28,,7559,5,0,68 29 30,1,65,,7560,5,0,68 29 30,1,30,,7561,5,0,7 29 30,1,200,,7562,4,0,64 9,1,200,,7563,4,0,64 9,1,199,,7564,4,0,64 9,1,200,,7565,4,0,64 9,1,200,,7566,4,0,64 9,1,200,,7567,4,0,64 9,1,200,,7568,4,0,64 9,1
1800,'20260413',419,,7570,4,0,53 29 30,1,419,,7572,4,0,64 9,1,597,,7573,4,0,64 9,1,197,,7574,4,0,64 9,1
1800,'20260414',419,,7577,4,0,53 29 30,1,419,,7579,4,0,64 9,1,597,,7580,4,0,64 9,1,197,,7581,4,0,64 9,1
1800,'20260415',419,,7584,4,0,53 29 30,1,419,,7586,4,0,64 9,1,597,,7587,4,0,64 9,1,197,,7588,4,0,64 9,1
1800,'20260416',419,,7591,4,0,53 29 30,1,419,,7593,4,0,64 9,1,597,,7594,4,0,64 9,1,197,,7595,4,0,64 9,1
1800,'20260417',419,,7598,4,0,53 29 30,1,419,,7600,4,0,64 9,1,597,,7601,4,0,64 9,1,197,,7602,4,0,64 9,1
1800,'20260418',434,,7603,4,0,5 29 30,1,80,,7604,5,0,68 29 30,1,28,,7605,5,0,68 29 30,1,65,,7606,5,0,68 29 30,1,30,,7607,5,0,7 29 30,1,200,,7608,4,0,64 9,1,200,,7609,4,0,64 9,1,199,,7610,4,0,64 9,1,200,,7611,4,0,64 9,1,200,,7612,4,0,64 9,1,200,,7613,4,0,64 9,1,200,,7614,4,0,64 9,1
1800,'20260419',434,,7615,4,0,5 29 30,1,80,,7616,5,0,68 29 30,1,28,,7617,5,0,68 29 30,1,65,,7618,5,0,68 29 30,1,30,,7619,5,0,7 29 30,1,200,,7620,4,0,64 9,1,200,,7621,4,0,64 9,1,199,,7622,4,0,64 9,1,200,,7623,4,0,64 9,1,200,,7624,4,0,64 9,1,200,,7625,4,0,64 9,1,200,,7626,4,0,64 9,1
1800,'20260420',419,,7628,4,0,53 29 30,1,419,,7630,4,0,64 9,1,597,,7631,4,0,64 9,1,197,,7632,4,0,64 9,1
1800,'20260421',419,,7635,4,0,53 29 30,1,419,,7637,4,0,64 9,1,597,,7638,4,0,64 9,1,197,,7639,4,0,64 9,1
1800,'20260422',419,,7642,4,0,53 29 30,1,419,,7644,4,0,64 9,1,597,,7645,4,0,64 9,1,197,,7646,4,0,64 9,1
1800,'20260423',419,,7649,4,0,53 29 30,1,419,,7651,4,0,64 9,1,597,,7652,4,0,64 9,1,197,,7653,4,0,64 9,1
1800,'20260424',419,,7656,4,0,53 29 30,1,419,,7658,4,0,64 9,1,597,,7659,4,0,64 9,1,197,,7660,4,0,64 9,1
4000,'20260326',319,,33520,4,0,49 50 51,1,100,,33521,4,0,49 50 51,1,95,,33522,4,0,49 50 51,1,30,,33523,4,0,49 50 51,1,56,,33524,4,0,37 42 9,1,10,,33525,4,0,49 50 51,1,15,,33526,4,0,49 50 51,1,15,,33527,4,0,49 50 51,1,15,,33528,4,0,37 42 9,1,50,,33529,4,0,49 50 51,1,15,,33530,4,0,49 50 51,1,20,,33531,4,0,49 50 51,1,15,,33532,4,0,37 42 9,1,65,,33533,4,0,49 50 51,1,25,,33534,4,0,49 50 51,1,70,,33535,4,0,49 50 51,1,25,,33536,4,0,52 49 50 51,1,75,,33537,4,0,49 50 51,1,35,,33538,4,0,49 50 51,1,65,,33539,4,0,49 50 51,1,25,,33540,4,0,52 49 50 51,1,75,,33541,4,0,49 50 51,1,30,,33542,4,0,49 50 51,1,70,,33543,4,0,49 50 51,1,30,,33544,4,0,49 50 51,1,60,,33545,4,0,37 42 9,1,35,,33546,4,0,49 50 51,1,60,,33547,4,0,37 42 9,1,25,,33548,4,0,49 50 51,1,17,,33549,4,0,49 50 51,1,15,,33550,4,0,49 50 51,1,50,,33551,4,0,37 42 9,1,15,,33552,4,0,49 50 51,1,15,,33553,4,0,49 50 51,1,15,,33554,4,0,49 50 51,1,53,,33555,4,0,37 42 9,1,22,,33556,4,0,49 50 51,1,20,,33557,4,0,49 50 51,1,60,,33558,4,0,49 50 51,1,28,,33559,4,0,37 42 9,1,75,,33560,4,0,49 50 51,1,30,,33561,4,0,49 50 51,1,69,,33562,4,0,49 50 51,1,100,,33563,4,0,49 50 51,1,100,,33564,4,0,49 50 51,1,110,,33565,4,0,49 50 51,1,200,,33566,4,0,49 50 51,1
4000,'20260327',319,,33567,4,0,49 50 51,1,100,,33568,4,0,49 50 51,1,95,,33569,4,0,49 50 51,1,30,,33570,4,0,49 50 51,1,56,,33571,4,0,37 42 9,1,10,,33572,4,0,49 50 51,1,15,,33573,4,0,49 50 51,1,15,,33574,4,0,49 50 51,1,15,,33575,4,0,37 42 9,1,50,,33576,4,0,49 50 51,1,15,,33577,4,0,49 50 51,1,20,,33578,4,0,49 50 51,1,15,,33579,4,0,37 42 9,1,65,,33580,4,0,49 50 51,1,25,,33581,4,0,49 50 51,1,70,,33582,4,0,49 50 51,1,25,,33583,4,0,52 49 50 51,1,75,,33584,4,0,49 50 51,1,35,,33585,4,0,49 50 51,1,65,,33586,4,0,49 50 51,1,25,,33587,4,0,52 49 50 51,1,75,,33588,4,0,49 50 51,1,30,,33589,4,0,49 50 51,1,70,,33590,4,0,49 50 51,1,30,,33591,4,0,49 50 51,1,60,,33592,4,0,37 42 9,1,35,,33593,4,0,49 50 51,1,60,,33594,4,0,37 42 9,1,25,,33595,4,0,49 50 51,1,17,,33596,4,0,49 50 51,1,15,,33597,4,0,49 50 51,1,50,,33598,4,0,37 42 9,1,15,,33599,4,0,49 50 51,1,15,,33600,4,0,49 50 51,1,15,,33601,4,0,49 50 51,1,53,,33602,4,0,37 42 9,1,22,,33603,4,0,49 50 51,1,20,,33604,4,0,49 50 51,1,60,,33605,4,0,49 50 51,1,28,,33606,4,0,37 42 9,1,75,,33607,4,0,49 50 51,1,30,,33608,4,0,49 50 51,1,69,,33609,4,0,49 50 51,1,100,,33610,4,0,49 50 51,1,100,,33611,4,0,49 50 51,1,110,,33612,4,0,49 50 51,1,200,,33613,4,0,49 50 51,1
4000,'20260328',319,,33614,4,0,49 50 51,1,200,,33615,4,0,49 50 51,1,95,,33616,4,0,49 50 51,1,100,,33617,4,0,49 50 51,1,100,,33618,4,0,49 50 51,1,30,,33619,4,0,49 50 51,1,70,,33620,4,0,49 50 51,1,30,,33621,4,0,49 50 51,1,70,,33622,4,0,49 50 51,1,30,,33623,4,0,49 50 51,1,70,,33624,4,0,49 50 51,1,26,,33625,4,0,49 50 51,1,70,,33626,4,0,49 50 51,1,30,,33627,4,0,49 50 51,1,70,,33628,4,0,49 50 51,1,30,,33629,4,0,49 50 51,1,70,,33630,4,0,49 50 51,1,30,,33631,4,0,49 50 51,1,60,,33632,4,0,49 50 51,1,20,,33633,4,0,49 50 51,1,20,,33634,4,0,49 50 51,1,60,,33635,4,0,49 50 51,1,20,,33636,4,0,49 50 51,1,20,,33637,4,0,49 50 51,1,70,,33638,4,0,49 50 51,1,30,,33639,4,0,49 50 51,1,70,,33640,4,0,49 50 51,1,34,,33641,4,0,49 50 51,1,70,,33642,4,0,49 50 51,1,30,,33643,4,0,49 50 51,1,70,,33644,4,0,49 50 51,1,100,,33645,4,0,49 50 51,1,100,,33646,4,0,49 50 51,1,100,,33647,4,0,49 50 51,1,205,,33648,4,0,49 50 51,1
4000,'20260329',319,,33649,4,0,49 50 51,1,200,,33650,4,0,49 50 51,1,95,,33651,4,0,49 50 51,1,100,,33652,4,0,49 50 51,1,100,,33653,4,0,49 50 51,1,30,,33654,4,0,49 50 51,1,70,,33655,4,0,49 50 51,1,30,,33656,4,0,49 50 51,1,70,,33657,4,0,49 50 51,1,30,,33658,4,0,49 50 51,1,70,,33659,4,0,49 50 51,1,26,,33660,4,0,49 50 51,1,70,,33661,4,0,49 50 51,1,30,,33662,4,0,49 50 51,1,70,,33663,4,0,49 50 51,1,30,,33664,4,0,49 50 51,1,70,,33665,4,0,49 50 51,1,30,,33666,4,0,49 50 51,1,60,,33667,4,0,49 50 51,1,20,,33668,4,0,49 50 51,1,20,,33669,4,0,49 50 51,1,60,,33670,4,0,49 50 51,1,20,,33671,4,0,49 50 51,1,20,,33672,4,0,49 50 51,1,70,,33673,4,0,49 50 51,1,30,,33674,4,0,49 50 51,1,70,,33675,4,0,49 50 51,1,34,,33676,4,0,49 50 51,1,70,,33677,4,0,49 50 51,1,30,,33678,4,0,49 50 51,1,70,,33679,4,0,49 50 51,1,100,,33680,4,0,49 50 51,1,100,,33681,4,0,49 50 51,1,100,,33682,4,0,49 50 51,1,205,,33683,4,0,49 50 51,1
4000,'20260330',319,,33684,4,0,49 50 51,1,100,,33685,4,0,49 50 51,1,95,,33686,4,0,49 50 51,1,30,,33687,4,0,49 50 51,1,56,,33688,4,0,37 42 9,1,10,,33689,4,0,49 50 51,1,15,,33690,4,0,49 50 51,1,15,,33691,4,0,49 50 51,1,15,,33692,4,0,37 42 9,1,50,,33693,4,0,49 50 51,1,15,,33694,4,0,49 50 51,1,20,,33695,4,0,49 50 51,1,15,,33696,4,0,37 42 9,1,65,,33697,4,0,49 50 51,1,25,,33698,4,0,49 50 51,1,70,,33699,4,0,49 50 51,1,25,,33700,4,0,52 49 50 51,1,75,,33701,4,0,49 50 51,1,35,,33702,4,0,49 50 51,1,65,,33703,4,0,49 50 51,1,25,,33704,4,0,52 49 50 51,1,75,,33705,4,0,49 50 51,1,30,,33706,4,0,49 50 51,1,70,,33707,4,0,49 50 51,1,30,,33708,4,0,49 50 51,1,60,,33709,4,0,37 42 9,1,35,,33710,4,0,49 50 51,1,60,,33711,4,0,37 42 9,1,25,,33712,4,0,49 50 51,1,17,,33713,4,0,49 50 51,1,15,,33714,4,0,49 50 51,1,50,,33715,4,0,37 42 9,1,15,,33716,4,0,49 50 51,1,15,,33717,4,0,49 50 51,1,15,,33718,4,0,49 50 51,1,53,,33719,4,0,37 42 9,1,22,,33720,4,0,49 50 51,1,20,,33721,4,0,49 50 51,1,60,,33722,4,0,49 50 51,1,28,,33723,4,0,37 42 9,1,75,,33724,4,0,49 50 51,1,30,,33725,4,0,49 50 51,1,69,,33726,4,0,49 50 51,1,100,,33727,4,0,49 50 51,1,100,,33728,4,0,49 50 51,1,110,,33729,4,0,49 50 51,1,200,,33730,4,0,49 50 51,1
4000,'20260331',319,,33731,4,0,49 50 51,1,100,,33732,4,0,49 50 51,1,95,,33733,4,0,49 50 51,1,30,,33734,4,0,49 50 51,1,56,,33735,4,0,37 42 9,1,10,,33736,4,0,49 50 51,1,15,,33737,4,0,49 50 51,1,15,,33738,4,0,49 50 51,1,15,,33739,4,0,37 42 9,1,50,,33740,4,0,49 50 51,1,15,,33741,4,0,49 50 51,1,20,,33742,4,0,49 50 51,1,15,,33743,4,0,37 42 9,1,65,,33744,4,0,49 50 51,1,25,,33745,4,0,49 50 51,1,70,,33746,4,0,49 50 51,1,25,,33747,4,0,52 49 50 51,1,75,,33748,4,0,49 50 51,1,35,,33749,4,0,49 50 51,1,65,,33750,4,0,49 50 51,1,25,,33751,4,0,52 49 50 51,1,75,,33752,4,0,49 50 51,1,30,,33753,4,0,49 50 51,1,70,,33754,4,0,49 50 51,1,30,,33755,4,0,49 50 51,1,60,,33756,4,0,37 42 9,1,35,,33757,4,0,49 50 51,1,60,,33758,4,0,37 42 9,1,25,,33759,4,0,49 50 51,1,17,,33760,4,0,49 50 51,1,15,,33761,4,0,49 50 51,1,50,,33762,4,0,37 42 9,1,15,,33763,4,0,49 50 51,1,15,,33764,4,0,49 50 51,1,15,,33765,4,0,49 50 51,1,53,,33766,4,0,37 42 9,1,22,,33767,4,0,49 50 51,1,20,,33768,4,0,49 50 51,1,60,,33769,4,0,49 50 51,1,28,,33770,4,0,37 42 9,1,75,,33771,4,0,49 50 51,1,30,,33772,4,0,49 50 51,1,69,,33773,4,0,49 50 51,1,100,,33774,4,0,49 50 51,1,100,,33775,4,0,49 50 51,1,110,,33776,4,0,49 50 51,1,200,,33777,4,0,49 50 51,1
4000,'20260401',319,,33778,4,0,49 50 51,1,100,,33779,4,0,49 50 51,1,95,,33780,4,0,49 50 51,1,30,,33781,4,0,49 50 51,1,56,,33782,4,0,37 42 9,1,10,,33783,4,0,49 50 51,1,15,,33784,4,0,49 50 51,1,15,,33785,4,0,49 50 51,1,15,,33786,4,0,37 42 9,1,50,,33787,4,0,49 50 51,1,15,,33788,4,0,49 50 51,1,20,,33789,4,0,49 50 51,1,15,,33790,4,0,37 42 9,1,65,,33791,4,0,49 50 51,1,25,,33792,4,0,49 50 51,1,70,,33793,4,0,49 50 51,1,25,,33794,4,0,52 49 50 51,1,75,,33795,4,0,49 50 51,1,35,,33796,4,0,49 50 51,1,65,,33797,4,0,49 50 51,1,25,,33798,4,0,52 49 50 51,1,75,,33799,4,0,49 50 51,1,30,,33800,4,0,49 50 51,1,70,,33801,4,0,49 50 51,1,30,,33802,4,0,49 50 51,1,60,,33803,4,0,37 42 9,1,35,,33804,4,0,49 50 51,1,60,,33805,4,0,37 42 9,1,25,,33806,4,0,49 50 51,1,17,,33807,4,0,49 50 51,1,15,,33808,4,0,49 50 51,1,50,,33809,4,0,37 42 9,1,15,,33810,4,0,49 50 51,1,15,,33811,4,0,49 50 51,1,15,,33812,4,0,49 50 51,1,53,,33813,4,0,37 42 9,1,22,,33814,4,0,49 50 51,1,20,,33815,4,0,49 50 51,1,60,,33816,4,0,49 50 51,1,28,,33817,4,0,37 42 9,1,75,,33818,4,0,49 50 51,1,30,,33819,4,0,49 50 51,1,69,,33820,4,0,49 50 51,1,100,,33821,4,0,49 50 51,1,100,,33822,4,0,49 50 51,1,110,,33823,4,0,49 50 51,1,200,,33824,4,0,49 50 51,1
4000,'20260402',319,,33825,4,0,49 50 51,1,100,,33826,4,0,49 50 51,1,95,,33827,4,0,49 50 51,1,30,,33828,4,0,49 50 51,1,56,,33829,4,0,37 42 9,1,10,,33830,4,0,49 50 51,1,15,,33831,4,0,49 50 51,1,15,,33832,4,0,49 50 51,1,15,,33833,4,0,37 42 9,1,50,,33834,4,0,49 50 51,1,15,,33835,4,0,49 50 51,1,20,,33836,4,0,49 50 51,1,15,,33837,4,0,37 42 9,1,65,,33838,4,0,49 50 51,1,25,,33839,4,0,49 50 51,1,70,,33840,4,0,49 50 51,1,25,,33841,4,0,52 49 50 51,1,75,,33842,4,0,49 50 51,1,35,,33843,4,0,49 50 51,1,65,,33844,4,0,49 50 51,1,25,,33845,4,0,52 49 50 51,1,75,,33846,4,0,49 50 51,1,30,,33847,4,0,49 50 51,1,70,,33848,4,0,49 50 51,1,30,,33849,4,0,49 50 51,1,60,,33850,4,0,37 42 9,1,35,,33851,4,0,49 50 51,1,60,,33852,4,0,37 42 9,1,25,,33853,4,0,49 50 51,1,17,,33854,4,0,49 50 51,1,15,,33855,4,0,49 50 51,1,50,,33856,4,0,37 42 9,1,15,,33857,4,0,49 50 51,1,15,,33858,4,0,49 50 51,1,15,,33859,4,0,49 50 51,1,53,,33860,4,0,37 42 9,1,22,,33861,4,0,49 50 51,1,20,,33862,4,0,49 50 51,1,60,,33863,4,0,49 50 51,1,28,,33864,4,0,37 42 9,1,75,,33865,4,0,49 50 51,1,30,,33866,4,0,49 50 51,1,69,,33867,4,0,49 50 51,1,100,,33868,4,0,49 50 51,1,100,,33869,4,0,49 50 51,1,110,,33870,4,0,49 50 51,1,200,,33871,4,0,49 50 51,1
4000,'20260403',319,,33872,4,0,49 50 51,1,200,,33873,4,0,49 50 51,1,95,,33874,4,0,49 50 51,1,100,,33875,4,0,49 50 51,1,100,,33876,4,0,49 50 51,1,30,,33877,4,0,49 50 51,1,70,,33878,4,0,49 50 51,1,30,,33879,4,0,49 50 51,1,70,,33880,4,0,49 50 51,1,30,,33881,4,0,49 50 51,1,70,,33882,4,0,49 50 51,1,26,,33883,4,0,49 50 51,1,70,,33884,4,0,49 50 51,1,30,,33885,4,0,49 50 51,1,70,,33886,4,0,49 50 51,1,30,,33887,4,0,49 50 51,1,70,,33888,4,0,49 50 51,1,30,,33889,4,0,49 50 51,1,60,,33890,4,0,49 50 51,1,20,,33891,4,0,49 50 51,1,20,,33892,4,0,49 50 51,1,60,,33893,4,0,49 50 51,1,20,,33894,4,0,49 50 51,1,20,,33895,4,0,49 50 51,1,70,,33896,4,0,49 50 51,1,30,,33897,4,0,49 50 51,1,70,,33898,4,0,49 50 51,1,34,,33899,4,0,49 50 51,1,70,,33900,4,0,49 50 51,1,30,,33901,4,0,49 50 51,1,70,,33902,4,0,49 50 51,1,100,,33903,4,0,49 50 51,1,100,,33904,4,0,49 50 51,1,100,,33905,4,0,49 50 51,1,205,,33906,4,0,49 50 51,1
4000,'20260404',319,,33907,4,0,49 50 51,1,200,,33908,4,0,49 50 51,1,95,,33909,4,0,49 50 51,1,100,,33910,4,0,49 50 51,1,100,,33911,4,0,49 50 51,1,30,,33912,4,0,49 50 51,1,70,,33913,4,0,49 50 51,1,30,,33914,4,0,49 50 51,1,70,,33915,4,0,49 50 51,1,30,,33916,4,0,49 50 51,1,70,,33917,4,0,49 50 51,1,26,,33918,4,0,49 50 51,1,70,,33919,4,0,49 50 51,1,30,,33920,4,0,49 50 51,1,70,,33921,4,0,49 50 51,1,30,,33922,4,0,49 50 51,1,70,,33923,4,0,49 50 51,1,30,,33924,4,0,49 50 51,1,60,,33925,4,0,49 50 51,1,20,,33926,4,0,49 50 51,1,20,,33927,4,0,49 50 51,1,60,,33928,4,0,49 50 51,1,20,,33929,4,0,49 50 51,1,20,,33930,4,0,49 50 51,1,70,,33931,4,0,49 50 51,1,30,,33932,4,0,49 50 51,1,70,,33933,4,0,49 50 51,1,34,,33934,4,0,49 50 51,1,70,,33935,4,0,49 50 51,1,30,,33936,4,0,49 50 51,1,70,,33937,4,0,49 50 51,1,100,,33938,4,0,49 50 51,1,100,,33939,4,0,49 50 51,1,100,,33940,4,0,49 50 51,1,205,,33941,4,0,49 50 51,1
4000,'20260405',319,,33942,4,0,49 50 51,1,200,,33943,4,0,49 50 51,1,95,,33944,4,0,49 50 51,1,100,,33945,4,0,49 50 51,1,100,,33946,4,0,49 50 51,1,30,,33947,4,0,49 50 51,1,70,,33948,4,0,49 50 51,1,30,,33949,4,0,49 50 51,1,70,,33950,4,0,49 50 51,1,30,,33951,4,0,49 50 51,1,70,,33952,4,0,49 50 51,1,26,,33953,4,0,49 50 51,1,70,,33954,4,0,49 50 51,1,30,,33955,4,0,49 50 51,1,70,,33956,4,0,49 50 51,1,30,,33957,4,0,49 50 51,1,70,,33958,4,0,49 50 51,1,30,,33959,4,0,49 50 51,1,60,,33960,4,0,49 50 51,1,20,,33961,4,0,49 50 51,1,20,,33962,4,0,49 50 51,1,60,,33963,4,0,49 50 51,1,20,,33964,4,0,49 50 51,1,20,,33965,4,0,49 50 51,1,70,,33966,4,0,49 50 51,1,30,,33967,4,0,49 50 51,1,70,,33968,4,0,49 50 51,1,34,,33969,4,0,49 50 51,1,70,,33970,4,0,49 50 51,1,30,,33971,4,0,49 50 51,1,70,,33972,4,0,49 50 51,1,100,,33973,4,0,49 50 51,1,100,,33974,4,0,49 50 51,1,100,,33975,4,0,49 50 51,1,205,,33976,4,0,49 50 51,1
4000,'20260406',319,,33977,4,0,49 50 51,1,100,,33978,4,0,49 50 51,1,95,,33979,4,0,49 50 51,1,30,,33980,4,0,49 50 51,1,56,,33981,4,0,37 42 9,1,10,,33982,4,0,49 50 51,1,15,,33983,4,0,49 50 51,1,15,,33984,4,0,49 50 51,1,15,,33985,4,0,37 42 9,1,50,,33986,4,0,49 50 51,1,15,,33987,4,0,49 50 51,1,20,,33988,4,0,49 50 51,1,15,,33989,4,0,37 42 9,1,65,,33990,4,0,49 50 51,1,25,,33991,4,0,49 50 51,1,70,,33992,4,0,49 50 51,1,25,,33993,4,0,52 49 50 51,1,75,,33994,4,0,49 50 51,1,35,,33995,4,0,49 50 51,1,65,,33996,4,0,49 50 51,1,25,,33997,4,0,52 49 50 51,1,75,,33998,4,0,49 50 51,1,30,,33999,4,0,49 50 51,1,70,,34000,4,0,49 50 51,1,30,,34001,4,0,49 50 51,1,60,,34002,4,0,37 42 9,1,35,,34003,4,0,49 50 51,1,60,,34004,4,0,37 42 9,1,25,,34005,4,0,49 50 51,1,17,,34006,4,0,49 50 51,1,15,,34007,4,0,49 50 51,1,50,,34008,4,0,37 42 9,1,15,,34009,4,0,49 50 51,1,15,,34010,4,0,49 50 51,1,15,,34011,4,0,49 50 51,1,53,,34012,4,0,37 42 9,1,22,,34013,4,0,49 50 51,1,20,,34014,4,0,49 50 51,1,60,,34015,4,0,49 50 51,1,28,,34016,4,0,37 42 9,1,75,,34017,4,0,49 50 51,1,30,,34018,4,0,49 50 51,1,69,,34019,4,0,49 50 51,1,100,,34020,4,0,49 50 51,1,100,,34021,4,0,49 50 51,1,110,,34022,4,0,49 50 51,1,200,,34023,4,0,49 50 51,1
4000,'20260407',319,,34024,4,0,49 50 51,1,100,,34025,4,0,49 50 51,1,95,,34026,4,0,49 50 51,1,30,,34027,4,0,49 50 51,1,56,,34028,4,0,37 42 9,1,10,,34029,4,0,49 50 51,1,15,,34030,4,0,49 50 51,1,15,,34031,4,0,49 50 51,1,15,,34032,4,0,37 42 9,1,50,,34033,4,0,49 50 51,1,15,,34034,4,0,49 50 51,1,20,,34035,4,0,49 50 51,1,15,,34036,4,0,37 42 9,1,65,,34037,4,0,49 50 51,1,25,,34038,4,0,49 50 51,1,70,,34039,4,0,49 50 51,1,25,,34040,4,0,52 49 50 51,1,75,,34041,4,0,49 50 51,1,35,,34042,4,0,49 50 51,1,65,,34043,4,0,49 50 51,1,25,,34044,4,0,52 49 50 51,1,75,,34045,4,0,49 50 51,1,30,,34046,4,0,49 50 51,1,70,,34047,4,0,49 50 51,1,30,,34048,4,0,49 50 51,1,60,,34049,4,0,37 42 9,1,35,,34050,4,0,49 50 51,1,60,,34051,4,0,37 42 9,1,25,,34052,4,0,49 50 51,1,17,,34053,4,0,49 50 51,1,15,,34054,4,0,49 50 51,1,50,,34055,4,0,37 42 9,1,15,,34056,4,0,49 50 51,1,15,,34057,4,0,49 50 51,1,15,,34058,4,0,49 50 51,1,53,,34059,4,0,37 42 9,1,22,,34060,4,0,49 50 51,1,20,,34061,4,0,49 50 51,1,60,,34062,4,0,49 50 51,1,28,,34063,4,0,37 42 9,1,75,,34064,4,0,49 50 51,1,30,,34065,4,0,49 50 51,1,69,,34066,4,0,49 50 51,1,100,,34067,4,0,49 50 51,1,100,,34068,4,0,49 50 51,1,110,,34069,4,0,49 50 51,1,200,,34070,4,0,49 50 51,1
4000,'20260408',319,,34071,4,0,49 50 51,1,100,,34072,4,0,49 50 51,1,95,,34073,4,0,49 50 51,1,30,,34074,4,0,49 50 51,1,56,,34075,4,0,37 42 9,1,10,,34076,4,0,49 50 51,1,15,,34077,4,0,49 50 51,1,15,,34078,4,0,49 50 51,1,15,,34079,4,0,37 42 9,1,50,,34080,4,0,49 50 51,1,15,,34081,4,0,49 50 51,1,20,,34082,4,0,49 50 51,1,15,,34083,4,0,37 42 9,1,65,,34084,4,0,49 50 51,1,25,,34085,4,0,49 50 51,1,70,,34086,4,0,49 50 51,1,25,,34087,4,0,52 49 50 51,1,75,,34088,4,0,49 50 51,1,35,,34089,4,0,49 50 51,1,65,,34090,4,0,49 50 51,1,25,,34091,4,0,52 49 50 51,1,75,,34092,4,0,49 50 51,1,30,,34093,4,0,49 50 51,1,70,,34094,4,0,49 50 51,1,30,,34095,4,0,49 50 51,1,60,,34096,4,0,37 42 9,1,35,,34097,4,0,49 50 51,1,60,,34098,4,0,37 42 9,1,25,,34099,4,0,49 50 51,1,17,,34100,4,0,49 50 51,1,15,,34101,4,0,49 50 51,1,50,,34102,4,0,37 42 9,1,15,,34103,4,0,49 50 51,1,15,,34104,4,0,49 50 51,1,15,,34105,4,0,49 50 51,1,53,,34106,4,0,37 42 9,1,22,,34107,4,0,49 50 51,1,20,,34108,4,0,49 50 51,1,60,,34109,4,0,49 50 51,1,28,,34110,4,0,37 42 9,1,75,,34111,4,0,49 50 51,1,30,,34112,4,0,49 50 51,1,69,,34113,4,0,49 50 51,1,100,,34114,4,0,49 50 51,1,100,,34115,4,0,49 50 51,1,110,,34116,4,0,49 50 51,1,200,,34117,4,0,49 50 51,1
4000,'20260409',319,,34118,4,0,49 50 51,1,100,,34119,4,0,49 50 51,1,95,,34120,4,0,49 50 51,1,30,,34121,4,0,49 50 51,1,56,,34122,4,0,37 42 9,1,10,,34123,4,0,49 50 51,1,15,,34124,4,0,49 50 51,1,15,,34125,4,0,49 50 51,1,15,,34126,4,0,37 42 9,1,50,,34127,4,0,49 50 51,1,15,,34128,4,0,49 50 51,1,20,,34129,4,0,49 50 51,1,15,,34130,4,0,37 42 9,1,65,,34131,4,0,49 50 51,1,25,,34132,4,0,49 50 51,1,70,,34133,4,0,49 50 51,1,25,,34134,4,0,52 49 50 51,1,75,,34135,4,0,49 50 51,1,35,,34136,4,0,49 50 51,1,65,,34137,4,0,49 50 51,1,25,,34138,4,0,52 49 50 51,1,75,,34139,4,0,49 50 51,1,30,,34140,4,0,49 50 51,1,70,,34141,4,0,49 50 51,1,30,,34142,4,0,49 50 51,1,60,,34143,4,0,37 42 9,1,35,,34144,4,0,49 50 51,1,60,,34145,4,0,37 42 9,1,25,,34146,4,0,49 50 51,1,17,,34147,4,0,49 50 51,1,15,,34148,4,0,49 50 51,1,50,,34149,4,0,37 42 9,1,15,,34150,4,0,49 50 51,1,15,,34151,4,0,49 50 51,1,15,,34152,4,0,49 50 51,1,53,,34153,4,0,37 42 9,1,22,,34154,4,0,49 50 51,1,20,,34155,4,0,49 50 51,1,60,,34156,4,0,49 50 51,1,28,,34157,4,0,37 42 9,1,75,,34158,4,0,49 50 51,1,30,,34159,4,0,49 50 51,1,69,,34160,4,0,49 50 51,1,100,,34161,4,0,49 50 51,1,100,,34162,4,0,49 50 51,1,110,,34163,4,0,49 50 51,1,200,,34164,4,0,49 50 51,1
4000,'20260410',319,,34165,4,0,49 50 51,1,100,,34166,4,0,49 50 51,1,95,,34167,4,0,49 50 51,1,30,,34168,4,0,49 50 51,1,56,,34169,4,0,37 42 9,1,10,,34170,4,0,49 50 51,1,15,,34171,4,0,49 50 51,1,15,,34172,4,0,49 50 51,1,15,,34173,4,0,37 42 9,1,50,,34174,4,0,49 50 51,1,15,,34175,4,0,49 50 51,1,20,,34176,4,0,49 50 51,1,15,,34177,4,0,37 42 9,1,65,,34178,4,0,49 50 51,1,25,,34179,4,0,49 50 51,1,70,,34180,4,0,49 50 51,1,25,,34181,4,0,52 49 50 51,1,75,,34182,4,0,49 50 51,1,35,,34183,4,0,49 50 51,1,65,,34184,4,0,49 50 51,1,25,,34185,4,0,52 49 50 51,1,75,,34186,4,0,49 50 51,1,30,,34187,4,0,49 50 51,1,70,,34188,4,0,49 50 51,1,30,,34189,4,0,49 50 51,1,60,,34190,4,0,37 42 9,1,35,,34191,4,0,49 50 51,1,60,,34192,4,0,37 42 9,1,25,,34193,4,0,49 50 51,1,17,,34194,4,0,49 50 51,1,15,,34195,4,0,49 50 51,1,50,,34196,4,0,37 42 9,1,15,,34197,4,0,49 50 51,1,15,,34198,4,0,49 50 51,1,15,,34199,4,0,49 50 51,1,53,,34200,4,0,37 42 9,1,22,,34201,4,0,49 50 51,1,20,,34202,4,0,49 50 51,1,60,,34203,4,0,49 50 51,1,28,,34204,4,0,37 42 9,1,75,,34205,4,0,49 50 51,1,30,,34206,4,0,49 50 51,1,69,,34207,4,0,49 50 51,1,100,,34208,4,0,49 50 51,1,100,,34209,4,0,49 50 51,1,110,,34210,4,0,49 50 51,1,200,,34211,4,0,49 50 51,1
4000,'20260411',319,,34212,4,0,49 50 51,1,200,,34213,4,0,49 50 51,1,95,,34214,4,0,49 50 51,1,100,,34215,4,0,49 50 51,1,100,,34216,4,0,49 50 51,1,30,,34217,4,0,49 50 51,1,70,,34218,4,0,49 50 51,1,30,,34219,4,0,49 50 51,1,70,,34220,4,0,49 50 51,1,30,,34221,4,0,49 50 51,1,70,,34222,4,0,49 50 51,1,26,,34223,4,0,49 50 51,1,70,,34224,4,0,49 50 51,1,30,,34225,4,0,49 50 51,1,70,,34226,4,0,49 50 51,1,30,,34227,4,0,49 50 51,1,70,,34228,4,0,49 50 51,1,30,,34229,4,0,49 50 51,1,60,,34230,4,0,49 50 51,1,20,,34231,4,0,49 50 51,1,20,,34232,4,0,49 50 51,1,60,,34233,4,0,49 50 51,1,20,,34234,4,0,49 50 51,1,20,,34235,4,0,49 50 51,1,70,,34236,4,0,49 50 51,1,30,,34237,4,0,49 50 51,1,70,,34238,4,0,49 50 51,1,34,,34239,4,0,49 50 51,1,70,,34240,4,0,49 50 51,1,30,,34241,4,0,49 50 51,1,70,,34242,4,0,49 50 51,1,100,,34243,4,0,49 50 51,1,100,,34244,4,0,49 50 51,1,100,,34245,4,0,49 50 51,1,205,,34246,4,0,49 50 51,1
4000,'20260412',319,,34247,4,0,49 50 51,1,200,,34248,4,0,49 50 51,1,95,,34249,4,0,49 50 51,1,100,,34250,4,0,49 50 51,1,100,,34251,4,0,49 50 51,1,30,,34252,4,0,49 50 51,1,70,,34253,4,0,49 50 51,1,30,,34254,4,0,49 50 51,1,70,,34255,4,0,49 50 51,1,30,,34256,4,0,49 50 51,1,70,,34257,4,0,49 50 51,1,26,,34258,4,0,49 50 51,1,70,,34259,4,0,49 50 51,1,30,,34260,4,0,49 50 51,1,70,,34261,4,0,49 50 51,1,30,,34262,4,0,49 50 51,1,70,,34263,4,0,49 50 51,1,30,,34264,4,0,49 50 51,1,60,,34265,4,0,49 50 51,1,20,,34266,4,0,49 50 51,1,20,,34267,4,0,49 50 51,1,60,,34268,4,0,49 50 51,1,20,,34269,4,0,49 50 51,1,20,,34270,4,0,49 50 51,1,70,,34271,4,0,49 50 51,1,30,,34272,4,0,49 50 51,1,70,,34273,4,0,49 50 51,1,34,,34274,4,0,49 50 51,1,70,,34275,4,0,49 50 51,1,30,,34276,4,0,49 50 51,1,70,,34277,4,0,49 50 51,1,100,,34278,4,0,49 50 51,1,100,,34279,4,0,49 50 51,1,100,,34280,4,0,49 50 51,1,205,,34281,4,0,49 50 51,1
4000,'20260413',319,,34282,4,0,49 50 51,1,100,,34283,4,0,49 50 51,1,95,,34284,4,0,49 50 51,1,30,,34285,4,0,49 50 51,1,56,,34286,4,0,37 42 9,1,10,,34287,4,0,49 50 51,1,15,,34288,4,0,49 50 51,1,15,,34289,4,0,49 50 51,1,15,,34290,4,0,37 42 9,1,50,,34291,4,0,49 50 51,1,15,,34292,4,0,49 50 51,1,20,,34293,4,0,49 50 51,1,15,,34294,4,0,37 42 9,1,65,,34295,4,0,49 50 51,1,25,,34296,4,0,49 50 51,1,70,,34297,4,0,49 50 51,1,25,,34298,4,0,52 49 50 51,1,75,,34299,4,0,49 50 51,1,35,,34300,4,0,49 50 51,1,65,,34301,4,0,49 50 51,1,25,,34302,4,0,52 49 50 51,1,75,,34303,4,0,49 50 51,1,30,,34304,4,0,49 50 51,1,70,,34305,4,0,49 50 51,1,30,,34306,4,0,49 50 51,1,60,,34307,4,0,37 42 9,1,35,,34308,4,0,49 50 51,1,60,,34309,4,0,37 42 9,1,25,,34310,4,0,49 50 51,1,17,,34311,4,0,49 50 51,1,15,,34312,4,0,49 50 51,1,50,,34313,4,0,37 42 9,1,15,,34314,4,0,49 50 51,1,15,,34315,4,0,49 50 51,1,15,,34316,4,0,49 50 51,1,53,,34317,4,0,37 42 9,1,22,,34318,4,0,49 50 51,1,20,,34319,4,0,49 50 51,1,60,,34320,4,0,49 50 51,1,28,,34321,4,0,37 42 9,1,75,,34322,4,0,49 50 51,1,30,,34323,4,0,49 50 51,1,69,,34324,4,0,49 50 51,1,100,,34325,4,0,49 50 51,1,100,,34326,4,0,49 50 51,1,110,,34327,4,0,49 50 51,1,200,,34328,4,0,49 50 51,1
4000,'20260414',319,,34329,4,0,49 50 51,1,100,,34330,4,0,49 50 51,1,95,,34331,4,0,49 50 51,1,30,,34332,4,0,49 50 51,1,56,,34333,4,0,37 42 9,1,10,,34334,4,0,49 50 51,1,15,,34335,4,0,49 50 51,1,15,,34336,4,0,49 50 51,1,15,,34337,4,0,37 42 9,1,50,,34338,4,0,49 50 51,1,15,,34339,4,0,49 50 51,1,20,,34340,4,0,49 50 51,1,15,,34341,4,0,37 42 9,1,65,,34342,4,0,49 50 51,1,25,,34343,4,0,49 50 51,1,70,,34344,4,0,49 50 51,1,25,,34345,4,0,52 49 50 51,1,75,,34346,4,0,49 50 51,1,35,,34347,4,0,49 50 51,1,65,,34348,4,0,49 50 51,1,25,,34349,4,0,52 49 50 51,1,75,,34350,4,0,49 50 51,1,30,,34351,4,0,49 50 51,1,70,,34352,4,0,49 50 51,1,30,,34353,4,0,49 50 51,1,60,,34354,4,0,37 42 9,1,35,,34355,4,0,49 50 51,1,60,,34356,4,0,37 42 9,1,25,,34357,4,0,49 50 51,1,17,,34358,4,0,49 50 51,1,15,,34359,4,0,49 50 51,1,50,,34360,4,0,37 42 9,1,15,,34361,4,0,49 50 51,1,15,,34362,4,0,49 50 51,1,15,,34363,4,0,49 50 51,1,53,,34364,4,0,37 42 9,1,22,,34365,4,0,49 50 51,1,20,,34366,4,0,49 50 51,1,60,,34367,4,0,49 50 51,1,28,,34368,4,0,37 42 9,1,75,,34369,4,0,49 50 51,1,30,,34370,4,0,49 50 51,1,69,,34371,4,0,49 50 51,1,100,,34372,4,0,49 50 51,1,100,,34373,4,0,49 50 51,1,110,,34374,4,0,49 50 51,1,200,,34375,4,0,49 50 51,1
4000,'20260415',319,,34376,4,0,49 50 51,1,100,,34377,4,0,49 50 51,1,95,,34378,4,0,49 50 51,1,30,,34379,4,0,49 50 51,1,56,,34380,4,0,37 42 9,1,10,,34381,4,0,49 50 51,1,15,,34382,4,0,49 50 51,1,15,,34383,4,0,49 50 51,1,15,,34384,4,0,37 42 9,1,50,,34385,4,0,49 50 51,1,15,,34386,4,0,49 50 51,1,20,,34387,4,0,49 50 51,1,15,,34388,4,0,37 42 9,1,65,,34389,4,0,49 50 51,1,25,,34390,4,0,49 50 51,1,70,,34391,4,0,49 50 51,1,25,,34392,4,0,52 49 50 51,1,75,,34393,4,0,49 50 51,1,35,,34394,4,0,49 50 51,1,65,,34395,4,0,49 50 51,1,25,,34396,4,0,52 49 50 51,1,75,,34397,4,0,49 50 51,1,30,,34398,4,0,49 50 51,1,70,,34399,4,0,49 50 51,1,30,,34400,4,0,49 50 51,1,60,,34401,4,0,37 42 9,1,35,,34402,4,0,49 50 51,1,60,,34403,4,0,37 42 9,1,25,,34404,4,0,49 50 51,1,17,,34405,4,0,49 50 51,1,15,,34406,4,0,49 50 51,1,50,,34407,4,0,37 42 9,1,15,,34408,4,0,49 50 51,1,15,,34409,4,0,49 50 51,1,15,,34410,4,0,49 50 51,1,53,,34411,4,0,37 42 9,1,22,,34412,4,0,49 50 51,1,20,,34413,4,0,49 50 51,1,60,,34414,4,0,49 50 51,1,28,,34415,4,0,37 42 9,1,75,,34416,4,0,49 50 51,1,30,,34417,4,0,49 50 51,1,69,,34418,4,0,49 50 51,1,100,,34419,4,0,49 50 51,1,100,,34420,4,0,49 50 51,1,110,,34421,4,0,49 50 51,1,200,,34422,4,0,49 50 51,1
4000,'20260416',319,,34423,4,0,49 50 51,1,100,,34424,4,0,49 50 51,1,95,,34425,4,0,49 50 51,1,30,,34426,4,0,49 50 51,1,56,,34427,4,0,37 42 9,1,10,,34428,4,0,49 50 51,1,15,,34429,4,0,49 50 51,1,15,,34430,4,0,49 50 51,1,15,,34431,4,0,37 42 9,1,50,,34432,4,0,49 50 51,1,15,,34433,4,0,49 50 51,1,20,,34434,4,0,49 50 51,1,15,,34435,4,0,37 42 9,1,65,,34436,4,0,49 50 51,1,25,,34437,4,0,49 50 51,1,70,,34438,4,0,49 50 51,1,25,,34439,4,0,52 49 50 51,1,75,,34440,4,0,49 50 51,1,35,,34441,4,0,49 50 51,1,65,,34442,4,0,49 50 51,1,25,,34443,4,0,52 49 50 51,1,75,,34444,4,0,49 50 51,1,30,,34445,4,0,49 50 51,1,70,,34446,4,0,49 50 51,1,30,,34447,4,0,49 50 51,1,60,,34448,4,0,37 42 9,1,35,,34449,4,0,49 50 51,1,60,,34450,4,0,37 42 9,1,25,,34451,4,0,49 50 51,1,17,,34452,4,0,49 50 51,1,15,,34453,4,0,49 50 51,1,50,,34454,4,0,37 42 9,1,15,,34455,4,0,49 50 51,1,15,,34456,4,0,49 50 51,1,15,,34457,4,0,49 50 51,1,53,,34458,4,0,37 42 9,1,22,,34459,4,0,49 50 51,1,20,,34460,4,0,49 50 51,1,60,,34461,4,0,49 50 51,1,28,,34462,4,0,37 42 9,1,75,,34463,4,0,49 50 51,1,30,,34464,4,0,49 50 51,1,69,,34465,4,0,49 50 51,1,100,,34466,4,0,49 50 51,1,100,,34467,4,0,49 50 51,1,110,,34468,4,0,49 50 51,1,200,,34469,4,0,49 50 51,1
4000,'20260417',319,,34470,4,0,49 50 51,1,100,,34471,4,0,49 50 51,1,95,,34472,4,0,49 50 51,1,30,,34473,4,0,49 50 51,1,56,,34474,4,0,37 42 9,1,10,,34475,4,0,49 50 51,1,15,,34476,4,0,49 50 51,1,15,,34477,4,0,49 50 51,1,15,,34478,4,0,37 42 9,1,50,,34479,4,0,49 50 51,1,15,,34480,4,0,49 50 51,1,20,,34481,4,0,49 50 51,1,15,,34482,4,0,37 42 9,1,65,,34483,4,0,49 50 51,1,25,,34484,4,0,49 50 51,1,70,,34485,4,0,49 50 51,1,25,,34486,4,0,52 49 50 51,1,75,,34487,4,0,49 50 51,1,35,,34488,4,0,49 50 51,1,65,,34489,4,0,49 50 51,1,25,,34490,4,0,52 49 50 51,1,75,,34491,4,0,49 50 51,1,30,,34492,4,0,49 50 51,1,70,,34493,4,0,49 50 51,1,30,,34494,4,0,49 50 51,1,60,,34495,4,0,37 42 9,1,35,,34496,4,0,49 50 51,1,60,,34497,4,0,37 42 9,1,25,,34498,4,0,49 50 51,1,17,,34499,4,0,49 50 51,1,15,,34500,4,0,49 50 51,1,50,,34501,4,0,37 42 9,1,15,,34502,4,0,49 50 51,1,15,,34503,4,0,49 50 51,1,15,,34504,4,0,49 50 51,1,53,,34505,4,0,37 42 9,1,22,,34506,4,0,49 50 51,1,20,,34507,4,0,49 50 51,1,60,,34508,4,0,49 50 51,1,28,,34509,4,0,37 42 9,1,75,,34510,4,0,49 50 51,1,30,,34511,4,0,49 50 51,1,69,,34512,4,0,49 50 51,1,100,,34513,4,0,49 50 51,1,100,,34514,4,0,49 50 51,1,110,,34515,4,0,49 50 51,1,200,,34516,4,0,49 50 51,1
4000,'20260418',319,,34517,4,0,49 50 51,1,200,,34518,4,0,49 50 51,1,95,,34519,4,0,49 50 51,1,100,,34520,4,0,49 50 51,1,100,,34521,4,0,49 50 51,1,30,,34522,4,0,49 50 51,1,70,,34523,4,0,49 50 51,1,30,,34524,4,0,49 50 51,1,70,,34525,4,0,49 50 51,1,30,,34526,4,0,49 50 51,1,70,,34527,4,0,49 50 51,1,26,,34528,4,0,49 50 51,1,70,,34529,4,0,49 50 51,1,30,,34530,4,0,49 50 51,1,70,,34531,4,0,49 50 51,1,30,,34532,4,0,49 50 51,1,70,,34533,4,0,49 50 51,1,30,,34534,4,0,49 50 51,1,60,,34535,4,0,49 50 51,1,20,,34536,4,0,49 50 51,1,20,,34537,4,0,49 50 51,1,60,,34538,4,0,49 50 51,1,20,,34539,4,0,49 50 51,1,20,,34540,4,0,49 50 51,1,70,,34541,4,0,49 50 51,1,30,,34542,4,0,49 50 51,1,70,,34543,4,0,49 50 51,1,34,,34544,4,0,49 50 51,1,70,,34545,4,0,49 50 51,1,30,,34546,4,0,49 50 51,1,70,,34547,4,0,49 50 51,1,100,,34548,4,0,49 50 51,1,100,,34549,4,0,49 50 51,1,100,,34550,4,0,49 50 51,1,205,,34551,4,0,49 50 51,1
4000,'20260419',319,,34552,4,0,49 50 51,1,200,,34553,4,0,49 50 51,1,95,,34554,4,0,49 50 51,1,100,,34555,4,0,49 50 51,1,100,,34556,4,0,49 50 51,1,30,,34557,4,0,49 50 51,1,70,,34558,4,0,49 50 51,1,30,,34559,4,0,49 50 51,1,70,,34560,4,0,49 50 51,1,30,,34561,4,0,49 50 51,1,70,,34562,4,0,49 50 51,1,26,,34563,4,0,49 50 51,1,70,,34564,4,0,49 50 51,1,30,,34565,4,0,49 50 51,1,70,,34566,4,0,49 50 51,1,30,,34567,4,0,49 50 51,1,70,,34568,4,0,49 50 51,1,30,,34569,4,0,49 50 51,1,60,,34570,4,0,49 50 51,1,20,,34571,4,0,49 50 51,1,20,,34572,4,0,49 50 51,1,60,,34573,4,0,49 50 51,1,20,,34574,4,0,49 50 51,1,20,,34575,4,0,49 50 51,1,70,,34576,4,0,49 50 51,1,30,,34577,4,0,49 50 51,1,70,,34578,4,0,49 50 51,1,34,,34579,4,0,49 50 51,1,70,,34580,4,0,49 50 51,1,30,,34581,4,0,49 50 51,1,70,,34582,4,0,49 50 51,1,100,,34583,4,0,49 50 51,1,100,,34584,4,0,49 50 51,1,100,,34585,4,0,49 50 51,1,205,,34586,4,0,49 50 51,1
4000,'20260420',319,,34587,4,0,49 50 51,1,100,,34588,4,0,49 50 51,1,95,,34589,4,0,49 50 51,1,30,,34590,4,0,49 50 51,1,56,,34591,4,0,37 42 9,1,10,,34592,4,0,49 50 51,1,15,,34593,4,0,49 50 51,1,15,,34594,4,0,49 50 51,1,15,,34595,4,0,37 42 9,1,50,,34596,4,0,49 50 51,1,15,,34597,4,0,49 50 51,1,20,,34598,4,0,49 50 51,1,15,,34599,4,0,37 42 9,1,65,,34600,4,0,49 50 51,1,25,,34601,4,0,49 50 51,1,70,,34602,4,0,49 50 51,1,25,,34603,4,0,52 49 50 51,1,75,,34604,4,0,49 50 51,1,35,,34605,4,0,49 50 51,1,65,,34606,4,0,49 50 51,1,25,,34607,4,0,52 49 50 51,1,75,,34608,4,0,49 50 51,1,30,,34609,4,0,49 50 51,1,70,,34610,4,0,49 50 51,1,30,,34611,4,0,49 50 51,1,60,,34612,4,0,37 42 9,1,35,,34613,4,0,49 50 51,1,60,,34614,4,0,37 42 9,1,25,,34615,4,0,49 50 51,1,17,,34616,4,0,49 50 51,1,15,,34617,4,0,49 50 51,1,50,,34618,4,0,37 42 9,1,15,,34619,4,0,49 50 51,1,15,,34620,4,0,49 50 51,1,15,,34621,4,0,49 50 51,1,53,,34622,4,0,37 42 9,1,22,,34623,4,0,49 50 51,1,20,,34624,4,0,49 50 51,1,60,,34625,4,0,49 50 51,1,28,,34626,4,0,37 42 9,1,75,,34627,4,0,49 50 51,1,30,,34628,4,0,49 50 51,1,69,,34629,4,0,49 50 51,1,100,,34630,4,0,49 50 51,1,100,,34631,4,0,49 50 51,1,110,,34632,4,0,49 50 51,1,200,,34633,4,0,49 50 51,1
4000,'20260421',319,,34634,4,0,49 50 51,1,100,,34635,4,0,49 50 51,1,95,,34636,4,0,49 50 51,1,30,,34637,4,0,49 50 51,1,56,,34638,4,0,37 42 9,1,10,,34639,4,0,49 50 51,1,15,,34640,4,0,49 50 51,1,15,,34641,4,0,49 50 51,1,15,,34642,4,0,37 42 9,1,50,,34643,4,0,49 50 51,1,15,,34644,4,0,49 50 51,1,20,,34645,4,0,49 50 51,1,15,,34646,4,0,37 42 9,1,65,,34647,4,0,49 50 51,1,25,,34648,4,0,49 50 51,1,70,,34649,4,0,49 50 51,1,25,,34650,4,0,52 49 50 51,1,75,,34651,4,0,49 50 51,1,35,,34652,4,0,49 50 51,1,65,,34653,4,0,49 50 51,1,25,,34654,4,0,52 49 50 51,1,75,,34655,4,0,49 50 51,1,30,,34656,4,0,49 50 51,1,70,,34657,4,0,49 50 51,1,30,,34658,4,0,49 50 51,1,60,,34659,4,0,37 42 9,1,35,,34660,4,0,49 50 51,1,60,,34661,4,0,37 42 9,1,25,,34662,4,0,49 50 51,1,17,,34663,4,0,49 50 51,1,15,,34664,4,0,49 50 51,1,50,,34665,4,0,37 42 9,1,15,,34666,4,0,49 50 51,1,15,,34667,4,0,49 50 51,1,15,,34668,4,0,49 50 51,1,53,,34669,4,0,37 42 9,1,22,,34670,4,0,49 50 51,1,20,,34671,4,0,49 50 51,1,60,,34672,4,0,49 50 51,1,28,,34673,4,0,37 42 9,1,75,,34674,4,0,49 50 51,1,30,,34675,4,0,49 50 51,1,69,,34676,4,0,49 50 51,1,100,,34677,4,0,49 50 51,1,100,,34678,4,0,49 50 51,1,110,,34679,4,0,49 50 51,1,200,,34680,4,0,49 50 51,1
4000,'20260422',319,,34681,4,0,49 50 51,1,100,,34682,4,0,49 50 51,1,95,,34683,4,0,49 50 51,1,30,,34684,4,0,49 50 51,1,56,,34685,4,0,37 42 9,1,10,,34686,4,0,49 50 51,1,15,,34687,4,0,49 50 51,1,15,,34688,4,0,49 50 51,1,15,,34689,4,0,37 42 9,1,50,,34690,4,0,49 50 51,1,15,,34691,4,0,49 50 51,1,20,,34692,4,0,49 50 51,1,15,,34693,4,0,37 42 9,1,65,,34694,4,0,49 50 51,1,25,,34695,4,0,49 50 51,1,70,,34696,4,0,49 50 51,1,25,,34697,4,0,52 49 50 51,1,75,,34698,4,0,49 50 51,1,35,,34699,4,0,49 50 51,1,65,,34700,4,0,49 50 51,1,25,,34701,4,0,52 49 50 51,1,75,,34702,4,0,49 50 51,1,30,,34703,4,0,49 50 51,1,70,,34704,4,0,49 50 51,1,30,,34705,4,0,49 50 51,1,60,,34706,4,0,37 42 9,1,35,,34707,4,0,49 50 51,1,60,,34708,4,0,37 42 9,1,25,,34709,4,0,49 50 51,1,17,,34710,4,0,49 50 51,1,15,,34711,4,0,49 50 51,1,50,,34712,4,0,37 42 9,1,15,,34713,4,0,49 50 51,1,15,,34714,4,0,49 50 51,1,15,,34715,4,0,49 50 51,1,53,,34716,4,0,37 42 9,1,22,,34717,4,0,49 50 51,1,20,,34718,4,0,49 50 51,1,60,,34719,4,0,49 50 51,1,28,,34720,4,0,37 42 9,1,75,,34721,4,0,49 50 51,1,30,,34722,4,0,49 50 51,1,69,,34723,4,0,49 50 51,1,100,,34724,4,0,49 50 51,1,100,,34725,4,0,49 50 51,1,110,,34726,4,0,49 50 51,1,200,,34727,4,0,49 50 51,1
4000,'20260423',319,,34728,4,0,49 50 51,1,100,,34729,4,0,49 50 51,1,95,,34730,4,0,49 50 51,1,30,,34731,4,0,49 50 51,1,56,,34732,4,0,37 42 9,1,10,,34733,4,0,49 50 51,1,15,,34734,4,0,49 50 51,1,15,,34735,4,0,49 50 51,1,15,,34736,4,0,37 42 9,1,50,,34737,4,0,49 50 51,1,15,,34738,4,0,49 50 51,1,20,,34739,4,0,49 50 51,1,15,,34740,4,0,37 42 9,1,65,,34741,4,0,49 50 51,1,25,,34742,4,0,49 50 51,1,70,,34743,4,0,49 50 51,1,25,,34744,4,0,52 49 50 51,1,75,,34745,4,0,49 50 51,1,35,,34746,4,0,49 50 51,1,65,,34747,4,0,49 50 51,1,25,,34748,4,0,52 49 50 51,1,75,,34749,4,0,49 50 51,1,30,,34750,4,0,49 50 51,1,70,,34751,4,0,49 50 51,1,30,,34752,4,0,49 50 51,1,60,,34753,4,0,37 42 9,1,35,,34754,4,0,49 50 51,1,60,,34755,4,0,37 42 9,1,25,,34756,4,0,49 50 51,1,17,,34757,4,0,49 50 51,1,15,,34758,4,0,49 50 51,1,50,,34759,4,0,37 42 9,1,15,,34760,4,0,49 50 51,1,15,,34761,4,0,49 50 51,1,15,,34762,4,0,49 50 51,1,53,,34763,4,0,37 42 9,1,22,,34764,4,0,49 50 51,1,20,,34765,4,0,49 50 51,1,60,,34766,4,0,49 50 51,1,28,,34767,4,0,37 42 9,1,75,,34768,4,0,49 50 51,1,30,,34769,4,0,49 50 51,1,69,,34770,4,0,49 50 51,1,100,,34771,4,0,49 50 51,1,100,,34772,4,0,49 50 51,1,110,,34773,4,0,49 50 51,1,200,,34774,4,0,49 50 51,1
4000,'20260424',319,,34775,4,0,49 50 51,1,100,,34776,4,0,49 50 51,1,95,,34777,4,0,49 50 51,1,30,,34778,4,0,49 50 51,1,56,,34779,4,0,37 42 9,1,10,,34780,4,0,49 50 51,1,15,,34781,4,0,49 50 51,1,15,,34782,4,0,49 50 51,1,15,,34783,4,0,37 42 9,1,50,,34784,4,0,49 50 51,1,15,,34785,4,0,49 50 51,1,20,,34786,4,0,49 50 51,1,15,,34787,4,0,37 42 9,1,65,,34788,4,0,49 50 51,1,25,,34789,4,0,49 50 51,1,70,,34790,4,0,49 50 51,1,25,,34791,4,0,52 49 50 51,1,75,,34792,4,0,49 50 51,1,35,,34793,4,0,49 50 51,1,65,,34794,4,0,49 50 51,1,25,,34795,4,0,52 49 50 51,1,75,,34796,4,0,49 50 51,1,30,,34797,4,0,49 50 51,1,70,,34798,4,0,49 50 51,1,30,,34799,4,0,49 50 51,1,60,,34800,4,0,37 42 9,1,35,,34801,4,0,49 50 51,1,60,,34802,4,0,37 42 9,1,25,,34803,4,0,49 50 51,1,17,,34804,4,0,49 50 51,1,15,,34805,4,0,49 50 51,1,50,,34806,4,0,37 42 9,1,15,,34807,4,0,49 50 51,1,15,,34808,4,0,49 50 51,1,15,,34809,4,0,49 50 51,1,53,,34810,4,0,37 42 9,1,22,,34811,4,0,49 50 51,1,20,,34812,4,0,49 50 51,1,60,,34813,4,0,49 50 51,1,28,,34814,4,0,37 42 9,1,75,,34815,4,0,49 50 51,1,30,,34816,4,0,49 50 51,1,69,,34817,4,0,49 50 51,1,100,,34818,4,0,49 50 51,1,100,,34819,4,0,49 50 51,1,110,,34820,4,0,49 50 51,1,200,,34821,4,0,49 50 51,1
4100,'20260326',444,,37872,4,0,58 9,1,65,,37874,4,0,58 9,1,25,,37879,4,0,58 9,1,70,,37885,4,0,58 9,1,30,,37891,4,0,58 9,1,70,,37895,4,0,58 9,1,30,,37899,4,0,58 9,1,25,,37902,4,0,58 9,1,75,,37905,4,0,58 9,1,70,,37908,4,0,58 9,1,35,,37911,4,0,58 9,1,65,,37914,4,0,58 9,1,30,,37917,4,0,58 9,1,25,,37920,4,0,58 9,1,72,,37923,4,0,58 9,1,70,,37926,4,0,58 9,1,30,,37929,4,0,58 9,1,25,,37932,4,0,58 9,1,70,,37934,4,0,58 9,1,25,,37937,4,0,58 9,1,75,,37939,4,0,58 9,1,30,,37941,4,0,58 9,1,70,,37943,4,0,58 9,1,75,,37945,4,0,58 9,1,31,,37947,4,0,58 9,1,75,,37949,4,0,58 9,1,30,,37951,4,0,58 9,1,75,,37953,4,0,58 9,1,30,,37954,4,0,58 9,1,65,,37955,4,0,58 9,1,99,,37956,4,0,58 9,1,100,,37957,4,0,58 9,1,100,,37958,4,0,58 9,1
4100,'20260327',444,,37959,4,0,58 9,1,65,,37961,4,0,58 9,1,25,,37966,4,0,58 9,1,70,,37972,4,0,58 9,1,30,,37978,4,0,58 9,1,70,,37982,4,0,58 9,1,30,,37986,4,0,58 9,1,25,,37989,4,0,58 9,1,75,,37992,4,0,58 9,1,70,,37995,4,0,58 9,1,35,,37998,4,0,58 9,1,65,,38001,4,0,58 9,1,30,,38004,4,0,58 9,1,25,,38007,4,0,58 9,1,72,,38010,4,0,58 9,1,70,,38013,4,0,58 9,1,30,,38016,4,0,58 9,1,25,,38019,4,0,58 9,1,70,,38021,4,0,58 9,1,25,,38024,4,0,58 9,1,75,,38026,4,0,58 9,1,30,,38028,4,0,58 9,1,70,,38030,4,0,58 9,1,75,,38032,4,0,58 9,1,31,,38034,4,0,58 9,1,75,,38036,4,0,58 9,1,30,,38038,4,0,58 9,1,75,,38040,4,0,58 9,1,30,,38041,4,0,58 9,1,65,,38042,4,0,58 9,1,99,,38043,4,0,58 9,1,100,,38044,4,0,58 9,1,100,,38045,4,0,58 9,1
4100,'20260330',444,,38046,4,0,58 9,1,65,,38048,4,0,58 9,1,25,,38053,4,0,58 9,1,70,,38059,4,0,58 9,1,30,,38065,4,0,58 9,1,70,,38069,4,0,58 9,1,30,,38073,4,0,58 9,1,25,,38076,4,0,58 9,1,75,,38079,4,0,58 9,1,70,,38082,4,0,58 9,1,35,,38085,4,0,58 9,1,65,,38088,4,0,58 9,1,30,,38091,4,0,58 9,1,25,,38094,4,0,58 9,1,72,,38097,4,0,58 9,1,70,,38100,4,0,58 9,1,30,,38103,4,0,58 9,1,25,,38106,4,0,58 9,1,70,,38108,4,0,58 9,1,25,,38111,4,0,58 9,1,75,,38113,4,0,58 9,1,30,,38115,4,0,58 9,1,70,,38117,4,0,58 9,1,75,,38119,4,0,58 9,1,31,,38121,4,0,58 9,1,75,,38123,4,0,58 9,1,30,,38125,4,0,58 9,1,75,,38127,4,0,58 9,1,30,,38128,4,0,58 9,1,65,,38129,4,0,58 9,1,99,,38130,4,0,58 9,1,100,,38131,4,0,58 9,1,100,,38132,4,0,58 9,1
4100,'20260331',444,,38133,4,0,58 9,1,65,,38135,4,0,58 9,1,25,,38140,4,0,58 9,1,70,,38146,4,0,58 9,1,30,,38152,4,0,58 9,1,70,,38156,4,0,58 9,1,30,,38160,4,0,58 9,1,25,,38163,4,0,58 9,1,75,,38166,4,0,58 9,1,70,,38169,4,0,58 9,1,35,,38172,4,0,58 9,1,65,,38175,4,0,58 9,1,30,,38178,4,0,58 9,1,25,,38181,4,0,58 9,1,72,,38184,4,0,58 9,1,70,,38187,4,0,58 9,1,30,,38190,4,0,58 9,1,25,,38193,4,0,58 9,1,70,,38195,4,0,58 9,1,25,,38198,4,0,58 9,1,75,,38200,4,0,58 9,1,30,,38202,4,0,58 9,1,70,,38204,4,0,58 9,1,75,,38206,4,0,58 9,1,31,,38208,4,0,58 9,1,75,,38210,4,0,58 9,1,30,,38212,4,0,58 9,1,75,,38214,4,0,58 9,1,30,,38215,4,0,58 9,1,65,,38216,4,0,58 9,1,99,,38217,4,0,58 9,1,100,,38218,4,0,58 9,1,100,,38219,4,0,58 9,1
4100,'20260401',444,,38220,4,0,58 9,1,65,,38222,4,0,58 9,1,25,,38227,4,0,58 9,1,70,,38233,4,0,58 9,1,30,,38239,4,0,58 9,1,70,,38243,4,0,58 9,1,30,,38247,4,0,58 9,1,25,,38250,4,0,58 9,1,75,,38253,4,0,58 9,1,70,,38256,4,0,58 9,1,35,,38259,4,0,58 9,1,65,,38262,4,0,58 9,1,30,,38265,4,0,58 9,1,25,,38268,4,0,58 9,1,72,,38271,4,0,58 9,1,70,,38274,4,0,58 9,1,30,,38277,4,0,58 9,1,25,,38280,4,0,58 9,1,70,,38282,4,0,58 9,1,25,,38285,4,0,58 9,1,75,,38287,4,0,58 9,1,30,,38289,4,0,58 9,1,70,,38291,4,0,58 9,1,75,,38293,4,0,58 9,1,31,,38295,4,0,58 9,1,75,,38297,4,0,58 9,1,30,,38299,4,0,58 9,1,75,,38301,4,0,58 9,1,30,,38302,4,0,58 9,1,65,,38303,4,0,58 9,1,99,,38304,4,0,58 9,1,100,,38305,4,0,58 9,1,100,,38306,4,0,58 9,1
4100,'20260402',444,,38307,4,0,58 9,1,65,,38309,4,0,58 9,1,25,,38314,4,0,58 9,1,70,,38320,4,0,58 9,1,30,,38326,4,0,58 9,1,70,,38330,4,0,58 9,1,30,,38334,4,0,58 9,1,25,,38337,4,0,58 9,1,75,,38340,4,0,58 9,1,70,,38343,4,0,58 9,1,35,,38346,4,0,58 9,1,65,,38349,4,0,58 9,1,30,,38352,4,0,58 9,1,25,,38355,4,0,58 9,1,72,,38358,4,0,58 9,1,70,,38361,4,0,58 9,1,30,,38364,4,0,58 9,1,25,,38367,4,0,58 9,1,70,,38369,4,0,58 9,1,25,,38372,4,0,58 9,1,75,,38374,4,0,58 9,1,30,,38376,4,0,58 9,1,70,,38378,4,0,58 9,1,75,,38380,4,0,58 9,1,31,,38382,4,0,58 9,1,75,,38384,4,0,58 9,1,30,,38386,4,0,58 9,1,75,,38388,4,0,58 9,1,30,,38389,4,0,58 9,1,65,,38390,4,0,58 9,1,99,,38391,4,0,58 9,1,100,,38392,4,0,58 9,1,100,,38393,4,0,58 9,1
4100,'20260406',444,,38394,4,0,58 9,1,65,,38396,4,0,58 9,1,25,,38401,4,0,58 9,1,70,,38407,4,0,58 9,1,30,,38413,4,0,58 9,1,70,,38417,4,0,58 9,1,30,,38421,4,0,58 9,1,25,,38424,4,0,58 9,1,75,,38427,4,0,58 9,1,70,,38430,4,0,58 9,1,35,,38433,4,0,58 9,1,65,,38436,4,0,58 9,1,30,,38439,4,0,58 9,1,25,,38442,4,0,58 9,1,72,,38445,4,0,58 9,1,70,,38448,4,0,58 9,1,30,,38451,4,0,58 9,1,25,,38454,4,0,58 9,1,70,,38456,4,0,58 9,1,25,,38459,4,0,58 9,1,75,,38461,4,0,58 9,1,30,,38463,4,0,58 9,1,70,,38465,4,0,58 9,1,75,,38467,4,0,58 9,1,31,,38469,4,0,58 9,1,75,,38471,4,0,58 9,1,30,,38473,4,0,58 9,1,75,,38475,4,0,58 9,1,30,,38476,4,0,58 9,1,65,,38477,4,0,58 9,1,99,,38478,4,0,58 9,1,100,,38479,4,0,58 9,1,100,,38480,4,0,58 9,1
4100,'20260407',444,,38481,4,0,58 9,1,65,,38483,4,0,58 9,1,25,,38488,4,0,58 9,1,70,,38494,4,0,58 9,1,30,,38500,4,0,58 9,1,70,,38504,4,0,58 9,1,30,,38508,4,0,58 9,1,25,,38511,4,0,58 9,1,75,,38514,4,0,58 9,1,70,,38517,4,0,58 9,1,35,,38520,4,0,58 9,1,65,,38523,4,0,58 9,1,30,,38526,4,0,58 9,1,25,,38529,4,0,58 9,1,72,,38532,4,0,58 9,1,70,,38535,4,0,58 9,1,30,,38538,4,0,58 9,1,25,,38541,4,0,58 9,1,70,,38543,4,0,58 9,1,25,,38546,4,0,58 9,1,75,,38548,4,0,58 9,1,30,,38550,4,0,58 9,1,70,,38552,4,0,58 9,1,75,,38554,4,0,58 9,1,31,,38556,4,0,58 9,1,75,,38558,4,0,58 9,1,30,,38560,4,0,58 9,1,75,,38562,4,0,58 9,1,30,,38563,4,0,58 9,1,65,,38564,4,0,58 9,1,99,,38565,4,0,58 9,1,100,,38566,4,0,58 9,1,100,,38567,4,0,58 9,1
4100,'20260408',444,,38568,4,0,58 9,1,65,,38570,4,0,58 9,1,25,,38575,4,0,58 9,1,70,,38581,4,0,58 9,1,30,,38587,4,0,58 9,1,70,,38591,4,0,58 9,1,30,,38595,4,0,58 9,1,25,,38598,4,0,58 9,1,75,,38601,4,0,58 9,1,70,,38604,4,0,58 9,1,35,,38607,4,0,58 9,1,65,,38610,4,0,58 9,1,30,,38613,4,0,58 9,1,25,,38616,4,0,58 9,1,72,,38619,4,0,58 9,1,70,,38622,4,0,58 9,1,30,,38625,4,0,58 9,1,25,,38628,4,0,58 9,1,70,,38630,4,0,58 9,1,25,,38633,4,0,58 9,1,75,,38635,4,0,58 9,1,30,,38637,4,0,58 9,1,70,,38639,4,0,58 9,1,75,,38641,4,0,58 9,1,31,,38643,4,0,58 9,1,75,,38645,4,0,58 9,1,30,,38647,4,0,58 9,1,75,,38649,4,0,58 9,1,30,,38650,4,0,58 9,1,65,,38651,4,0,58 9,1,99,,38652,4,0,58 9,1,100,,38653,4,0,58 9,1,100,,38654,4,0,58 9,1
4100,'20260409',444,,38655,4,0,58 9,1,65,,38657,4,0,58 9,1,25,,38662,4,0,58 9,1,70,,38668,4,0,58 9,1,30,,38674,4,0,58 9,1,70,,38678,4,0,58 9,1,30,,38682,4,0,58 9,1,25,,38685,4,0,58 9,1,75,,38688,4,0,58 9,1,70,,38691,4,0,58 9,1,35,,38694,4,0,58 9,1,65,,38697,4,0,58 9,1,30,,38700,4,0,58 9,1,25,,38703,4,0,58 9,1,72,,38706,4,0,58 9,1,70,,38709,4,0,58 9,1,30,,38712,4,0,58 9,1,25,,38715,4,0,58 9,1,70,,38717,4,0,58 9,1,25,,38720,4,0,58 9,1,75,,38722,4,0,58 9,1,30,,38724,4,0,58 9,1,70,,38726,4,0,58 9,1,75,,38728,4,0,58 9,1,31,,38730,4,0,58 9,1,75,,38732,4,0,58 9,1,30,,38734,4,0,58 9,1,75,,38736,4,0,58 9,1,30,,38737,4,0,58 9,1,65,,38738,4,0,58 9,1,99,,38739,4,0,58 9,1,100,,38740,4,0,58 9,1,100,,38741,4,0,58 9,1
4100,'20260410',444,,38742,4,0,58 9,1,65,,38744,4,0,58 9,1,25,,38749,4,0,58 9,1,70,,38755,4,0,58 9,1,30,,38761,4,0,58 9,1,70,,38765,4,0,58 9,1,30,,38769,4,0,58 9,1,25,,38772,4,0,58 9,1,75,,38775,4,0,58 9,1,70,,38778,4,0,58 9,1,35,,38781,4,0,58 9,1,65,,38784,4,0,58 9,1,30,,38787,4,0,58 9,1,25,,38790,4,0,58 9,1,72,,38793,4,0,58 9,1,70,,38796,4,0,58 9,1,30,,38799,4,0,58 9,1,25,,38802,4,0,58 9,1,70,,38804,4,0,58 9,1,25,,38807,4,0,58 9,1,75,,38809,4,0,58 9,1,30,,38811,4,0,58 9,1,70,,38813,4,0,58 9,1,75,,38815,4,0,58 9,1,31,,38817,4,0,58 9,1,75,,38819,4,0,58 9,1,30,,38821,4,0,58 9,1,75,,38823,4,0,58 9,1,30,,38824,4,0,58 9,1,65,,38825,4,0,58 9,1,99,,38826,4,0,58 9,1,100,,38827,4,0,58 9,1,100,,38828,4,0,58 9,1
4100,'20260413',444,,38829,4,0,58 9,1,65,,38831,4,0,58 9,1,25,,38836,4,0,58 9,1,70,,38842,4,0,58 9,1,30,,38848,4,0,58 9,1,70,,38852,4,0,58 9,1,30,,38855,4,0,58 9,1,25,,38857,4,0,58 9,1,75,,38859,4,0,58 9,1,70,,38862,4,0,58 9,1,35,,38865,4,0,58 9,1,65,,38868,4,0,58 9,1,30,,38870,4,0,58 9,1,25,,38872,4,0,58 9,1,72,,38875,4,0,58 9,1,70,,38878,4,0,58 9,1,30,,38881,4,0,58 9,1,25,,38884,4,0,58 9,1,70,,38886,4,0,58 9,1,25,,38889,4,0,58 9,1,75,,38891,4,0,58 9,1,30,,38893,4,0,58 9,1,70,,38895,4,0,58 9,1,75,,38897,4,0,58 9,1,31,,38899,4,0,58 9,1,75,,38901,4,0,58 9,1,30,,38903,4,0,58 9,1,75,,38905,4,0,58 9,1,30,,38906,4,0,58 9,1,65,,38907,4,0,58 9,1,99,,38908,4,0,58 9,1,100,,38909,4,0,58 9,1,100,,38910,4,0,58 9,1
4100,'20260414',444,,38911,4,0,58 9,1,65,,38913,4,0,58 9,1,25,,38918,4,0,58 9,1,70,,38924,4,0,58 9,1,30,,38930,4,0,58 9,1,70,,38934,4,0,58 9,1,30,,38937,4,0,58 9,1,25,,38939,4,0,58 9,1,75,,38941,4,0,58 9,1,70,,38944,4,0,58 9,1,35,,38947,4,0,58 9,1,65,,38950,4,0,58 9,1,30,,38952,4,0,58 9,1,25,,38954,4,0,58 9,1,72,,38957,4,0,58 9,1,70,,38960,4,0,58 9,1,30,,38963,4,0,58 9,1,25,,38966,4,0,58 9,1,70,,38968,4,0,58 9,1,25,,38971,4,0,58 9,1,75,,38973,4,0,58 9,1,30,,38975,4,0,58 9,1,70,,38977,4,0,58 9,1,75,,38979,4,0,58 9,1,31,,38981,4,0,58 9,1,75,,38983,4,0,58 9,1,30,,38985,4,0,58 9,1,75,,38987,4,0,58 9,1,30,,38988,4,0,58 9,1,65,,38989,4,0,58 9,1,99,,38990,4,0,58 9,1,100,,38991,4,0,58 9,1,100,,38992,4,0,58 9,1
4100,'20260415',444,,38993,4,0,58 9,1,65,,38995,4,0,58 9,1,25,,39000,4,0,58 9,1,70,,39006,4,0,58 9,1,30,,39012,4,0,58 9,1,70,,39016,4,0,58 9,1,30,,39019,4,0,58 9,1,25,,39021,4,0,58 9,1,75,,39023,4,0,58 9,1,70,,39026,4,0,58 9,1,35,,39029,4,0,58 9,1,65,,39032,4,0,58 9,1,30,,39034,4,0,58 9,1,25,,39036,4,0,58 9,1,72,,39039,4,0,58 9,1,70,,39042,4,0,58 9,1,30,,39045,4,0,58 9,1,25,,39048,4,0,58 9,1,70,,39050,4,0,58 9,1,25,,39053,4,0,58 9,1,75,,39055,4,0,58 9,1,30,,39057,4,0,58 9,1,70,,39059,4,0,58 9,1,75,,39061,4,0,58 9,1,31,,39063,4,0,58 9,1,75,,39065,4,0,58 9,1,30,,39067,4,0,58 9,1,75,,39069,4,0,58 9,1,30,,39070,4,0,58 9,1,65,,39071,4,0,58 9,1,99,,39072,4,0,58 9,1,100,,39073,4,0,58 9,1,100,,39074,4,0,58 9,1
4100,'20260416',444,,39075,4,0,58 9,1,65,,39077,4,0,58 9,1,25,,39082,4,0,58 9,1,70,,39088,4,0,58 9,1,30,,39094,4,0,58 9,1,70,,39098,4,0,58 9,1,30,,39101,4,0,58 9,1,25,,39103,4,0,58 9,1,75,,39105,4,0,58 9,1,70,,39108,4,0,58 9,1,35,,39111,4,0,58 9,1,65,,39114,4,0,58 9,1,30,,39116,4,0,58 9,1,25,,39118,4,0,58 9,1,72,,39121,4,0,58 9,1,70,,39124,4,0,58 9,1,30,,39127,4,0,58 9,1,25,,39130,4,0,58 9,1,70,,39132,4,0,58 9,1,25,,39135,4,0,58 9,1,75,,39137,4,0,58 9,1,30,,39139,4,0,58 9,1,70,,39141,4,0,58 9,1,75,,39143,4,0,58 9,1,31,,39145,4,0,58 9,1,75,,39147,4,0,58 9,1,30,,39149,4,0,58 9,1,75,,39151,4,0,58 9,1,30,,39152,4,0,58 9,1,65,,39153,4,0,58 9,1,99,,39154,4,0,58 9,1,100,,39155,4,0,58 9,1,100,,39156,4,0,58 9,1
4100,'20260417',444,,39157,4,0,58 9,1,65,,39159,4,0,58 9,1,25,,39164,4,0,58 9,1,70,,39170,4,0,58 9,1,30,,39176,4,0,58 9,1,70,,39180,4,0,58 9,1,30,,39183,4,0,58 9,1,25,,39185,4,0,58 9,1,75,,39187,4,0,58 9,1,70,,39190,4,0,58 9,1,35,,39193,4,0,58 9,1,65,,39196,4,0,58 9,1,30,,39198,4,0,58 9,1,25,,39200,4,0,58 9,1,72,,39203,4,0,58 9,1,70,,39206,4,0,58 9,1,30,,39209,4,0,58 9,1,25,,39212,4,0,58 9,1,70,,39214,4,0,58 9,1,25,,39217,4,0,58 9,1,75,,39219,4,0,58 9,1,30,,39221,4,0,58 9,1,70,,39223,4,0,58 9,1,75,,39225,4,0,58 9,1,31,,39227,4,0,58 9,1,75,,39229,4,0,58 9,1,30,,39231,4,0,58 9,1,75,,39233,4,0,58 9,1,30,,39234,4,0,58 9,1,65,,39235,4,0,58 9,1,99,,39236,4,0,58 9,1,100,,39237,4,0,58 9,1,100,,39238,4,0,58 9,1
4100,'20260420',444,,39239,4,0,58 9,1,65,,39241,4,0,58 9,1,25,,39246,4,0,58 9,1,70,,39252,4,0,58 9,1,30,,39258,4,0,58 9,1,70,,39262,4,0,58 9,1,30,,39265,4,0,58 9,1,25,,39267,4,0,58 9,1,75,,39269,4,0,58 9,1,70,,39272,4,0,58 9,1,35,,39275,4,0,58 9,1,65,,39278,4,0,58 9,1,30,,39280,4,0,58 9,1,25,,39282,4,0,58 9,1,72,,39285,4,0,58 9,1,70,,39288,4,0,58 9,1,30,,39291,4,0,58 9,1,25,,39294,4,0,58 9,1,70,,39296,4,0,58 9,1,25,,39299,4,0,58 9,1,75,,39301,4,0,58 9,1,30,,39303,4,0,58 9,1,70,,39305,4,0,58 9,1,75,,39307,4,0,58 9,1,31,,39309,4,0,58 9,1,75,,39311,4,0,58 9,1,30,,39313,4,0,58 9,1,75,,39315,4,0,58 9,1,30,,39316,4,0,58 9,1,65,,39317,4,0,58 9,1,99,,39318,4,0,58 9,1,100,,39319,4,0,58 9,1,100,,39320,4,0,58 9,1
4100,'20260421',444,,39321,4,0,58 9,1,65,,39323,4,0,58 9,1,25,,39328,4,0,58 9,1,70,,39334,4,0,58 9,1,30,,39340,4,0,58 9,1,70,,39344,4,0,58 9,1,30,,39347,4,0,58 9,1,25,,39349,4,0,58 9,1,75,,39351,4,0,58 9,1,70,,39354,4,0,58 9,1,35,,39357,4,0,58 9,1,65,,39360,4,0,58 9,1,30,,39362,4,0,58 9,1,25,,39364,4,0,58 9,1,72,,39367,4,0,58 9,1,70,,39370,4,0,58 9,1,30,,39373,4,0,58 9,1,25,,39376,4,0,58 9,1,70,,39378,4,0,58 9,1,25,,39381,4,0,58 9,1,75,,39383,4,0,58 9,1,30,,39385,4,0,58 9,1,70,,39387,4,0,58 9,1,75,,39389,4,0,58 9,1,31,,39391,4,0,58 9,1,75,,39393,4,0,58 9,1,30,,39395,4,0,58 9,1,75,,39397,4,0,58 9,1,30,,39398,4,0,58 9,1,65,,39399,4,0,58 9,1,99,,39400,4,0,58 9,1,100,,39401,4,0,58 9,1,100,,39402,4,0,58 9,1
4100,'20260422',444,,39403,4,0,58 9,1,65,,39405,4,0,58 9,1,25,,39410,4,0,58 9,1,70,,39416,4,0,58 9,1,30,,39422,4,0,58 9,1,70,,39426,4,0,58 9,1,30,,39429,4,0,58 9,1,25,,39431,4,0,58 9,1,75,,39433,4,0,58 9,1,70,,39436,4,0,58 9,1,35,,39439,4,0,58 9,1,65,,39442,4,0,58 9,1,30,,39444,4,0,58 9,1,25,,39446,4,0,58 9,1,72,,39449,4,0,58 9,1,70,,39452,4,0,58 9,1,30,,39455,4,0,58 9,1,25,,39458,4,0,58 9,1,70,,39460,4,0,58 9,1,25,,39463,4,0,58 9,1,75,,39465,4,0,58 9,1,30,,39467,4,0,58 9,1,70,,39469,4,0,58 9,1,75,,39471,4,0,58 9,1,31,,39473,4,0,58 9,1,75,,39475,4,0,58 9,1,30,,39477,4,0,58 9,1,75,,39479,4,0,58 9,1,30,,39480,4,0,58 9,1,65,,39481,4,0,58 9,1,99,,39482,4,0,58 9,1,100,,39483,4,0,58 9,1,100,,39484,4,0,58 9,1
4100,'20260423',444,,39485,4,0,58 9,1,65,,39487,4,0,58 9,1,25,,39492,4,0,58 9,1,70,,39498,4,0,58 9,1,30,,39504,4,0,58 9,1,70,,39508,4,0,58 9,1,30,,39511,4,0,58 9,1,25,,39513,4,0,58 9,1,75,,39515,4,0,58 9,1,70,,39518,4,0,58 9,1,35,,39521,4,0,58 9,1,65,,39524,4,0,58 9,1,30,,39526,4,0,58 9,1,25,,39528,4,0,58 9,1,72,,39531,4,0,58 9,1,70,,39534,4,0,58 9,1,30,,39537,4,0,58 9,1,25,,39540,4,0,58 9,1,70,,39542,4,0,58 9,1,25,,39545,4,0,58 9,1,75,,39547,4,0,58 9,1,30,,39549,4,0,58 9,1,70,,39551,4,0,58 9,1,75,,39553,4,0,58 9,1,31,,39555,4,0,58 9,1,75,,39557,4,0,58 9,1,30,,39559,4,0,58 9,1,75,,39561,4,0,58 9,1,30,,39562,4,0,58 9,1,65,,39563,4,0,58 9,1,99,,39564,4,0,58 9,1,100,,39565,4,0,58 9,1,100,,39566,4,0,58 9,1
4100,'20260424',444,,39567,4,0,58 9,1,65,,39569,4,0,58 9,1,25,,39574,4,0,58 9,1,70,,39580,4,0,58 9,1,30,,39586,4,0,58 9,1,70,,39590,4,0,58 9,1,30,,39593,4,0,58 9,1,25,,39595,4,0,58 9,1,75,,39597,4,0,58 9,1,70,,39600,4,0,58 9,1,35,,39603,4,0,58 9,1,65,,39606,4,0,58 9,1,30,,39608,4,0,58 9,1,25,,39610,4,0,58 9,1,72,,39613,4,0,58 9,1,70,,39616,4,0,58 9,1,30,,39619,4,0,58 9,1,25,,39622,4,0,58 9,1,70,,39624,4,0,58 9,1,25,,39627,4,0,58 9,1,75,,39629,4,0,58 9,1,30,,39631,4,0,58 9,1,70,,39633,4,0,58 9,1,75,,39635,4,0,58 9,1,31,,39637,4,0,58 9,1,75,,39639,4,0,58 9,1,30,,39641,4,0,58 9,1,75,,39643,4,0,58 9,1,30,,39644,4,0,58 9,1,65,,39645,4,0,58 9,1,99,,39646,4,0,58 9,1,100,,39647,4,0,58 9,1,100,,39648,4,0,58 9,1
4700,'20260326',730,,42489,4,0,7 40 41,1,927,,42507,4,0,7 40 41,1,279,,42523,4,0,20 39,1,100,,42528,4,0,20 39,1,100,,42532,4,0,20 39,1,100,,42533,4,0,20 39,1,68,,42534,4,0,20 39,1
4700,'20260327',730,,42535,4,0,7 40 41,1,927,,42553,4,0,7 40 41,1,279,,42569,4,0,20 39,1,100,,42574,4,0,20 39,1,100,,42578,4,0,20 39,1,100,,42579,4,0,20 39,1,68,,42580,4,0,20 39,1
4700,'20260328',444,,42581,4,0,20 39,1,100,,42582,4,0,20 39,1,70,,42583,4,0,20 39,1,30,,42584,4,0,20 39,1,65,,42585,4,0,20 39,1,30,,42586,4,0,20 39,1,70,,42587,4,0,20 39,1,25,,42588,4,0,20 39,1,70,,42589,4,0,20 39,1,30,,42590,4,0,20 39,1,70,,42591,4,0,20 39,1,30,,42592,4,0,20 39,1,70,,42593,4,0,20 39,1,30,,42594,4,0,20 39,1,70,,42595,4,0,20 39,1,25,,42596,4,0,20 39,1,30,,42597,4,0,20 39,1,70,,42598,4,0,20 39,1,30,,42599,4,0,20 39,1,70,,42600,4,0,20 39,1,30,,42601,4,0,20 39,1,70,,42602,4,0,20 39,1,30,,42603,4,0,20 39,1,70,,42604,4,0,20 39,1,30,,42605,4,0,20 39,1,70,,42606,4,0,20 39,1,30,,42607,4,0,20 39,1,70,,42608,4,0,20 39,1,30,,42609,4,0,20 39,1,75,,42610,4,0,20 39,1,70,,42611,4,0,20 39,1,30,,42612,4,0,20 39,1,70,,42613,4,0,20 39,1,100,,42614,4,0,20 39,1,105,,42615,4,0,20 39,1
4700,'20260329',444,,42616,4,0,20 39,1,100,,42617,4,0,20 39,1,70,,42618,4,0,20 39,1,30,,42619,4,0,20 39,1,65,,42620,4,0,20 39,1,30,,42621,4,0,20 39,1,70,,42622,4,0,20 39,1,25,,42623,4,0,20 39,1,70,,42624,4,0,20 39,1,30,,42625,4,0,20 39,1,70,,42626,4,0,20 39,1,30,,42627,4,0,20 39,1,70,,42628,4,0,20 39,1,30,,42629,4,0,20 39,1,70,,42630,4,0,20 39,1,25,,42631,4,0,20 39,1,30,,42632,4,0,20 39,1,70,,42633,4,0,20 39,1,30,,42634,4,0,20 39,1,70,,42635,4,0,20 39,1,30,,42636,4,0,20 39,1,70,,42637,4,0,20 39,1,30,,42638,4,0,20 39,1,70,,42639,4,0,20 39,1,30,,42640,4,0,20 39,1,70,,42641,4,0,20 39,1,30,,42642,4,0,20 39,1,70,,42643,4,0,20 39,1,30,,42644,4,0,20 39,1,75,,42645,4,0,20 39,1,70,,42646,4,0,20 39,1,30,,42647,4,0,20 39,1,70,,42648,4,0,20 39,1,100,,42649,4,0,20 39,1,105,,42650,4,0,20 39,1
4700,'20260330',730,,42651,4,0,7 40 41,1,927,,42669,4,0,7 40 41,1,279,,42685,4,0,20 39,1,100,,42690,4,0,20 39,1,100,,42694,4,0,20 39,1,100,,42695,4,0,20 39,1,68,,42696,4,0,20 39,1
4700,'20260331',730,,42697,4,0,7 40 41,1,927,,42715,4,0,7 40 41,1,279,,42731,4,0,20 39,1,100,,42736,4,0,20 39,1,100,,42740,4,0,20 39,1,100,,42741,4,0,20 39,1,68,,42742,4,0,20 39,1
4700,'20260401',730,,42743,4,0,7 40 41,1,927,,42761,4,0,7 40 41,1,279,,42777,4,0,20 39,1,100,,42782,4,0,20 39,1,100,,42786,4,0,20 39,1,100,,42787,4,0,20 39,1,68,,42788,4,0,20 39,1
4700,'20260402',730,,42789,4,0,7 40 41,1,927,,42807,4,0,7 40 41,1,279,,42823,4,0,20 39,1,100,,42828,4,0,20 39,1,100,,42832,4,0,20 39,1,100,,42833,4,0,20 39,1,68,,42834,4,0,20 39,1
4700,'20260403',444,,42835,4,0,20 39,1,100,,42836,4,0,20 39,1,70,,42837,4,0,20 39,1,30,,42838,4,0,20 39,1,65,,42839,4,0,20 39,1,30,,42840,4,0,20 39,1,70,,42841,4,0,20 39,1,25,,42842,4,0,20 39,1,70,,42843,4,0,20 39,1,30,,42844,4,0,20 39,1,70,,42845,4,0,20 39,1,30,,42846,4,0,20 39,1,70,,42847,4,0,20 39,1,30,,42848,4,0,20 39,1,70,,42849,4,0,20 39,1,25,,42850,4,0,20 39,1,30,,42851,4,0,20 39,1,70,,42852,4,0,20 39,1,30,,42853,4,0,20 39,1,70,,42854,4,0,20 39,1,30,,42855,4,0,20 39,1,70,,42856,4,0,20 39,1,30,,42857,4,0,20 39,1,70,,42858,4,0,20 39,1,30,,42859,4,0,20 39,1,70,,42860,4,0,20 39,1,30,,42861,4,0,20 39,1,70,,42862,4,0,20 39,1,30,,42863,4,0,20 39,1,75,,42864,4,0,20 39,1,70,,42865,4,0,20 39,1,30,,42866,4,0,20 39,1,70,,42867,4,0,20 39,1,100,,42868,4,0,20 39,1,105,,42869,4,0,20 39,1
4700,'20260404',444,,42870,4,0,20 39,1,100,,42871,4,0,20 39,1,70,,42872,4,0,20 39,1,30,,42873,4,0,20 39,1,65,,42874,4,0,20 39,1,30,,42875,4,0,20 39,1,70,,42876,4,0,20 39,1,25,,42877,4,0,20 39,1,70,,42878,4,0,20 39,1,30,,42879,4,0,20 39,1,70,,42880,4,0,20 39,1,30,,42881,4,0,20 39,1,70,,42882,4,0,20 39,1,30,,42883,4,0,20 39,1,70,,42884,4,0,20 39,1,25,,42885,4,0,20 39,1,30,,42886,4,0,20 39,1,70,,42887,4,0,20 39,1,30,,42888,4,0,20 39,1,70,,42889,4,0,20 39,1,30,,42890,4,0,20 39,1,70,,42891,4,0,20 39,1,30,,42892,4,0,20 39,1,70,,42893,4,0,20 39,1,30,,42894,4,0,20 39,1,70,,42895,4,0,20 39,1,30,,42896,4,0,20 39,1,70,,42897,4,0,20 39,1,30,,42898,4,0,20 39,1,75,,42899,4,0,20 39,1,70,,42900,4,0,20 39,1,30,,42901,4,0,20 39,1,70,,42902,4,0,20 39,1,100,,42903,4,0,20 39,1,105,,42904,4,0,20 39,1
4700,'20260405',444,,42905,4,0,20 39,1,100,,42906,4,0,20 39,1,70,,42907,4,0,20 39,1,30,,42908,4,0,20 39,1,65,,42909,4,0,20 39,1,30,,42910,4,0,20 39,1,70,,42911,4,0,20 39,1,25,,42912,4,0,20 39,1,70,,42913,4,0,20 39,1,30,,42914,4,0,20 39,1,70,,42915,4,0,20 39,1,30,,42916,4,0,20 39,1,70,,42917,4,0,20 39,1,30,,42918,4,0,20 39,1,70,,42919,4,0,20 39,1,25,,42920,4,0,20 39,1,30,,42921,4,0,20 39,1,70,,42922,4,0,20 39,1,30,,42923,4,0,20 39,1,70,,42924,4,0,20 39,1,30,,42925,4,0,20 39,1,70,,42926,4,0,20 39,1,30,,42927,4,0,20 39,1,70,,42928,4,0,20 39,1,30,,42929,4,0,20 39,1,70,,42930,4,0,20 39,1,30,,42931,4,0,20 39,1,70,,42932,4,0,20 39,1,30,,42933,4,0,20 39,1,75,,42934,4,0,20 39,1,70,,42935,4,0,20 39,1,30,,42936,4,0,20 39,1,70,,42937,4,0,20 39,1,100,,42938,4,0,20 39,1,105,,42939,4,0,20 39,1
4700,'20260406',730,,42940,4,0,7 40 41,1,927,,42958,4,0,7 40 41,1,279,,42974,4,0,20 39,1,100,,42979,4,0,20 39,1,100,,42983,4,0,20 39,1,100,,42984,4,0,20 39,1,68,,42985,4,0,20 39,1
4700,'20260407',730,,42986,4,0,7 40 41,1,927,,43004,4,0,7 40 41,1,279,,43020,4,0,20 39,1,100,,43025,4,0,20 39,1,100,,43029,4,0,20 39,1,100,,43030,4,0,20 39,1,68,,43031,4,0,20 39,1
4700,'20260408',730,,43032,4,0,7 40 41,1,927,,43050,4,0,7 40 41,1,279,,43066,4,0,20 39,1,100,,43071,4,0,20 39,1,100,,43075,4,0,20 39,1,100,,43076,4,0,20 39,1,68,,43077,4,0,20 39,1
4700,'20260409',730,,43078,4,0,7 40 41,1,927,,43096,4,0,7 40 41,1,279,,43112,4,0,20 39,1,100,,43117,4,0,20 39,1,100,,43121,4,0,20 39,1,100,,43122,4,0,20 39,1,68,,43123,4,0,20 39,1
4700,'20260410',730,,43124,4,0,7 40 41,1,927,,43142,4,0,7 40 41,1,279,,43158,4,0,20 39,1,100,,43163,4,0,20 39,1,100,,43167,4,0,20 39,1,100,,43168,4,0,20 39,1,68,,43169,4,0,20 39,1
4700,'20260411',444,,43170,4,0,20 39,1,100,,43171,4,0,20 39,1,70,,43172,4,0,20 39,1,30,,43173,4,0,20 39,1,65,,43174,4,0,20 39,1,30,,43175,4,0,20 39,1,70,,43176,4,0,20 39,1,25,,43177,4,0,20 39,1,70,,43178,4,0,20 39,1,30,,43179,4,0,20 39,1,70,,43180,4,0,20 39,1,30,,43181,4,0,20 39,1,70,,43182,4,0,20 39,1,30,,43183,4,0,20 39,1,70,,43184,4,0,20 39,1,25,,43185,4,0,20 39,1,30,,43186,4,0,20 39,1,70,,43187,4,0,20 39,1,30,,43188,4,0,20 39,1,70,,43189,4,0,20 39,1,30,,43190,4,0,20 39,1,70,,43191,4,0,20 39,1,30,,43192,4,0,20 39,1,70,,43193,4,0,20 39,1,30,,43194,4,0,20 39,1,70,,43195,4,0,20 39,1,30,,43196,4,0,20 39,1,70,,43197,4,0,20 39,1,30,,43198,4,0,20 39,1,75,,43199,4,0,20 39,1,70,,43200,4,0,20 39,1,30,,43201,4,0,20 39,1,70,,43202,4,0,20 39,1,100,,43203,4,0,20 39,1,105,,43204,4,0,20 39,1
4700,'20260412',444,,43205,4,0,20 39,1,100,,43206,4,0,20 39,1,70,,43207,4,0,20 39,1,30,,43208,4,0,20 39,1,65,,43209,4,0,20 39,1,30,,43210,4,0,20 39,1,70,,43211,4,0,20 39,1,25,,43212,4,0,20 39,1,70,,43213,4,0,20 39,1,30,,43214,4,0,20 39,1,70,,43215,4,0,20 39,1,30,,43216,4,0,20 39,1,70,,43217,4,0,20 39,1,30,,43218,4,0,20 39,1,70,,43219,4,0,20 39,1,25,,43220,4,0,20 39,1,30,,43221,4,0,20 39,1,70,,43222,4,0,20 39,1,30,,43223,4,0,20 39,1,70,,43224,4,0,20 39,1,30,,43225,4,0,20 39,1,70,,43226,4,0,20 39,1,30,,43227,4,0,20 39,1,70,,43228,4,0,20 39,1,30,,43229,4,0,20 39,1,70,,43230,4,0,20 39,1,30,,43231,4,0,20 39,1,70,,43232,4,0,20 39,1,30,,43233,4,0,20 39,1,75,,43234,4,0,20 39,1,70,,43235,4,0,20 39,1,30,,43236,4,0,20 39,1,70,,43237,4,0,20 39,1,100,,43238,4,0,20 39,1,105,,43239,4,0,20 39,1
4700,'20260413',730,,43240,4,0,7 40 41,1,927,,43255,4,0,7 40 41,1,279,,43266,4,0,20 39,1,100,,43270,4,0,20 39,1,100,,43273,4,0,20 39,1,100,,43274,4,0,20 39,1,68,,43275,4,0,20 39,1
4700,'20260414',730,,43276,4,0,7 40 41,1,927,,43291,4,0,7 40 41,1,279,,43302,4,0,20 39,1,100,,43306,4,0,20 39,1,100,,43309,4,0,20 39,1,100,,43310,4,0,20 39,1,68,,43311,4,0,20 39,1
4700,'20260415',730,,43312,4,0,7 40 41,1,927,,43327,4,0,7 40 41,1,279,,43338,4,0,20 39,1,100,,43342,4,0,20 39,1,100,,43345,4,0,20 39,1,100,,43346,4,0,20 39,1,68,,43347,4,0,20 39,1
4700,'20260416',730,,43348,4,0,7 40 41,1,927,,43363,4,0,7 40 41,1,279,,43374,4,0,20 39,1,100,,43378,4,0,20 39,1,100,,43381,4,0,20 39,1,100,,43382,4,0,20 39,1,68,,43383,4,0,20 39,1
4700,'20260417',730,,43384,4,0,7 40 41,1,927,,43399,4,0,7 40 41,1,279,,43410,4,0,20 39,1,100,,43414,4,0,20 39,1,100,,43417,4,0,20 39,1,100,,43418,4,0,20 39,1,68,,43419,4,0,20 39,1
4700,'20260418',444,,43420,4,0,20 39,1,100,,43421,4,0,20 39,1,70,,43422,4,0,20 39,1,30,,43423,4,0,20 39,1,65,,43424,4,0,20 39,1,30,,43425,4,0,20 39,1,70,,43426,4,0,20 39,1,25,,43427,4,0,20 39,1,70,,43428,4,0,20 39,1,30,,43429,4,0,20 39,1,70,,43430,4,0,20 39,1,30,,43431,4,0,20 39,1,70,,43432,4,0,20 39,1,30,,43433,4,0,20 39,1,70,,43434,4,0,20 39,1,25,,43435,4,0,20 39,1,30,,43436,4,0,20 39,1,70,,43437,4,0,20 39,1,30,,43438,4,0,20 39,1,70,,43439,4,0,20 39,1,30,,43440,4,0,20 39,1,70,,43441,4,0,20 39,1,30,,43442,4,0,20 39,1,70,,43443,4,0,20 39,1,30,,43444,4,0,20 39,1,70,,43445,4,0,20 39,1,30,,43446,4,0,20 39,1,70,,43447,4,0,20 39,1,30,,43448,4,0,20 39,1,75,,43449,4,0,20 39,1,70,,43450,4,0,20 39,1,30,,43451,4,0,20 39,1,70,,43452,4,0,20 39,1,100,,43453,4,0,20 39,1,105,,43454,4,0,20 39,1
4700,'20260419',444,,43455,4,0,20 39,1,100,,43456,4,0,20 39,1,70,,43457,4,0,20 39,1,30,,43458,4,0,20 39,1,65,,43459,4,0,20 39,1,30,,43460,4,0,20 39,1,70,,43461,4,0,20 39,1,25,,43462,4,0,20 39,1,70,,43463,4,0,20 39,1,30,,43464,4,0,20 39,1,70,,43465,4,0,20 39,1,30,,43466,4,0,20 39,1,70,,43467,4,0,20 39,1,30,,43468,4,0,20 39,1,70,,43469,4,0,20 39,1,25,,43470,4,0,20 39,1,30,,43471,4,0,20 39,1,70,,43472,4,0,20 39,1,30,,43473,4,0,20 39,1,70,,43474,4,0,20 39,1,30,,43475,4,0,20 39,1,70,,43476,4,0,20 39,1,30,,43477,4,0,20 39,1,70,,43478,4,0,20 39,1,30,,43479,4,0,20 39,1,70,,43480,4,0,20 39,1,30,,43481,4,0,20 39,1,70,,43482,4,0,20 39,1,30,,43483,4,0,20 39,1,75,,43484,4,0,20 39,1,70,,43485,4,0,20 39,1,30,,43486,4,0,20 39,1,70,,43487,4,0,20 39,1,100,,43488,4,0,20 39,1,105,,43489,4,0,20 39,1
4700,'20260420',730,,43490,4,0,7 40 41,1,927,,43505,4,0,7 40 41,1,279,,43516,4,0,20 39,1,100,,43520,4,0,20 39,1,100,,43523,4,0,20 39,1,100,,43524,4,0,20 39,1,68,,43525,4,0,20 39,1
4700,'20260421',730,,43526,4,0,7 40 41,1,927,,43541,4,0,7 40 41,1,279,,43552,4,0,20 39,1,100,,43556,4,0,20 39,1,100,,43559,4,0,20 39,1,100,,43560,4,0,20 39,1,68,,43561,4,0,20 39,1
4700,'20260422',730,,43562,4,0,7 40 41,1,927,,43577,4,0,7 40 41,1,279,,43588,4,0,20 39,1,100,,43592,4,0,20 39,1,100,,43595,4,0,20 39,1,100,,43596,4,0,20 39,1,68,,43597,4,0,20 39,1
4700,'20260423',730,,43598,4,0,7 40 41,1,927,,43613,4,0,7 40 41,1,279,,43624,4,0,20 39,1,100,,43628,4,0,20 39,1,100,,43631,4,0,20 39,1,100,,43632,4,0,20 39,1,68,,43633,4,0,20 39,1
4700,'20260424',730,,43634,4,0,7 40 41,1,927,,43649,4,0,7 40 41,1,279,,43660,4,0,20 39,1,100,,43664,4,0,20 39,1,100,,43667,4,0,20 39,1,100,,43668,4,0,20 39,1,68,,43669,4,0,20 39,1
