3000,'20260529',442,,84524,6,,,1,188,,84525,6,,,1,97,,84526,6,,,1,92,,84527,6,,,1,110,,84528,6,,,1,102,,84529,6,,,1,105,,84530,6,,,1,95,,84531,6,0,7 18 9,1,5,,84532,6,,,1,80,,84533,6,0,7 18 9,1,15,,84534,6,,,1,90,,84535,6,0,7 18 9,1,5,,84536,6,,,1,218,,84540,6,,,1,5,,84541,6,0,7 18 9,1,5,,84542,6,,,1,60,,84543,6,0,7 18 9,1,10,,84544,6,,,1,97,,84545,6,0,7 18 9,1,5,,84546,6,0,7 18 9,1,5,,84547,6,,,1,100,,84548,6,0,7 18 9,1,5,,84549,6,,,1,71,,84550,6,0,7 18 9,1,29,,84551,6,,,1,166,,84552,6,,,1
3000,'20260530',641,,84553,6,0,7 18 9,1,5,,84554,6,,,1,190,,84555,6,0,7 18 9,1,5,,84556,6,,,1,95,,84558,6,0,7 18 9,1,5,,84559,6,,,1,92,,84561,6,0,7 18 9,1,5,,84562,6,,,1,95,,84564,6,0,7 18 9,1,5,,84565,6,,,1,90,,84567,6,0,7 18 9,1,5,,84568,6,,,1,95,,84570,6,0,7 18 9,1,5,,84571,6,,,1,90,,84573,6,0,7 18 9,1,5,,84574,6,,,1,210,,84576,6,0,7 18 9,1,20,,84577,6,,,1,80,,84578,6,0,7 18 9,1,20,,84579,6,,,1,80,,84580,6,,,1,100,,84581,6,,,1,73,,84582,6,0,7 18 9,1,95,,84583,6,,,1,35,,84584,6,,,1,102,,84585,6,,,1
3000,'20260531',646,,84586,6,,,1,190,,84587,6,0,7 18 9,1,5,,84588,6,,,1,95,,84589,6,0,7 18 9,1,5,,84590,6,,,1,92,,84591,6,0,7 18 9,1,5,,84592,6,,,1,95,,84593,6,0,7 18 9,1,5,,84594,6,,,1,90,,84595,6,0,7 18 9,1,5,,84596,6,,,1,95,,84597,6,0,7 18 9,1,5,,84598,6,,,1,90,,84599,6,0,7 18 9,1,5,,84600,6,,,1,210,,84601,6,0,7 18 9,1,20,,84602,6,,,1,80,,84603,6,0,7 18 9,1,20,,84604,6,,,1,80,,84605,6,,,1,100,,84606,6,,,1,73,,84607,6,0,7 18 9,1,95,,84608,6,,,1,35,,84609,6,,,1,102,,84610,6,,,1
3000,'20260601',442,,84611,6,,,1,188,,84612,6,,,1,97,,84613,6,,,1,92,,84614,6,,,1,110,,84615,6,,,1,102,,84616,6,,,1,105,,84617,6,,,1,100,,84618,6,,,1,95,,84619,6,,,1,95,,84620,6,,,1,223,,84623,6,0,7 18 9,1,5,,84624,6,,,1,70,,84625,6,,,1,102,,84626,6,0,7 18 9,1,5,,84627,6,,,1,100,,84628,6,0,7 18 9,1,5,,84629,6,,,1,100,,84630,6,,,1,166,,84631,6,,,1
3000,'20260602',442,,84632,6,,,1,188,,84633,6,,,1,97,,84634,6,,,1,92,,84635,6,,,1,110,,84636,6,,,1,102,,84637,6,,,1,105,,84638,6,,,1,100,,84639,6,,,1,95,,84640,6,,,1,95,,84641,6,,,1,223,,84644,6,0,7 18 9,1,5,,84645,6,,,1,70,,84646,6,,,1,102,,84647,6,0,7 18 9,1,5,,84648,6,,,1,100,,84649,6,0,7 18 9,1,5,,84650,6,,,1,100,,84651,6,,,1,166,,84652,6,,,1
3000,'20260603',442,,84653,6,,,1,188,,84654,6,,,1,97,,84655,6,,,1,92,,84656,6,,,1,110,,84657,6,,,1,102,,84658,6,,,1,105,,84659,6,,,1,100,,84660,6,,,1,95,,84661,6,,,1,95,,84662,6,,,1,223,,84665,6,0,7 18 9,1,5,,84666,6,,,1,70,,84667,6,,,1,102,,84668,6,0,7 18 9,1,5,,84669,6,,,1,100,,84670,6,0,7 18 9,1,5,,84671,6,,,1,100,,84672,6,,,1,166,,84673,6,,,1
3000,'20260604',442,,84674,6,,,1,188,,84675,6,,,1,97,,84676,6,,,1,92,,84677,6,,,1,110,,84678,6,,,1,102,,84679,6,,,1,105,,84680,6,,,1,95,,84681,6,0,7 18 9,1,5,,84682,6,,,1,80,,84683,6,0,7 18 9,1,15,,84684,6,,,1,95,,84685,6,,,1,218,,84689,6,,,1,5,,84690,6,0,7 18 9,1,5,,84691,6,,,1,60,,84692,6,0,7 18 9,1,10,,84693,6,,,1,97,,84694,6,0,7 18 9,1,5,,84695,6,0,7 18 9,1,5,,84696,6,,,1,100,,84697,6,0,7 18 9,1,5,,84698,6,,,1,100,,84699,6,,,1,166,,84700,6,,,1
3000,'20260605',442,,84701,6,,,1,188,,84702,6,,,1,97,,84703,6,,,1,92,,84704,6,,,1,110,,84705,6,,,1,102,,84706,6,,,1,105,,84707,6,,,1,95,,84708,6,0,7 18 9,1,5,,84709,6,,,1,80,,84710,6,0,7 18 9,1,15,,84711,6,,,1,90,,84712,6,0,7 18 9,1,5,,84713,6,,,1,218,,84717,6,,,1,5,,84718,6,0,7 18 9,1,5,,84719,6,,,1,60,,84720,6,0,7 18 9,1,10,,84721,6,,,1,97,,84722,6,0,7 18 9,1,5,,84723,6,0,7 18 9,1,5,,84724,6,,,1,100,,84725,6,0,7 18 9,1,5,,84726,6,,,1,71,,84727,6,0,7 18 9,1,29,,84728,6,,,1,166,,84729,6,,,1
3000,'20260606',641,,84730,6,0,7 18 9,1,5,,84731,6,,,1,190,,84732,6,0,7 18 9,1,5,,84733,6,,,1,95,,84735,6,0,7 18 9,1,5,,84736,6,,,1,92,,84738,6,0,7 18 9,1,5,,84739,6,,,1,95,,84741,6,0,7 18 9,1,5,,84742,6,,,1,90,,84744,6,0,7 18 9,1,5,,84745,6,,,1,95,,84747,6,0,7 18 9,1,5,,84748,6,,,1,90,,84750,6,0,7 18 9,1,5,,84751,6,,,1,210,,84753,6,0,7 18 9,1,20,,84754,6,,,1,80,,84755,6,0,7 18 9,1,20,,84756,6,,,1,80,,84757,6,,,1,100,,84758,6,,,1,73,,84759,6,0,7 18 9,1,95,,84760,6,,,1,35,,84761,6,,,1,102,,84762,6,,,1
3000,'20260607',646,,84763,6,,,1,190,,84764,6,0,7 18 9,1,5,,84765,6,,,1,95,,84766,6,0,7 18 9,1,5,,84767,6,,,1,92,,84768,6,0,7 18 9,1,5,,84769,6,,,1,95,,84770,6,0,7 18 9,1,5,,84771,6,,,1,90,,84772,6,0,7 18 9,1,5,,84773,6,,,1,95,,84774,6,0,7 18 9,1,5,,84775,6,,,1,90,,84776,6,0,7 18 9,1,5,,84777,6,,,1,210,,84778,6,0,7 18 9,1,20,,84779,6,,,1,80,,84780,6,0,7 18 9,1,20,,84781,6,,,1,80,,84782,6,,,1,100,,84783,6,,,1,73,,84784,6,0,7 18 9,1,95,,84785,6,,,1,35,,84786,6,,,1,102,,84787,6,,,1
3000,'20260608',442,,84788,6,,,1,188,,84789,6,,,1,97,,84790,6,,,1,92,,84791,6,,,1,110,,84792,6,,,1,102,,84793,6,,,1,105,,84794,6,,,1,100,,84795,6,,,1,95,,84796,6,,,1,95,,84797,6,,,1,223,,84800,6,0,7 18 9,1,5,,84801,6,,,1,70,,84802,6,,,1,102,,84803,6,0,7 18 9,1,5,,84804,6,,,1,100,,84805,6,0,7 18 9,1,5,,84806,6,,,1,100,,84807,6,,,1,166,,84808,6,,,1
3000,'20260609',442,,84809,6,,,1,188,,84810,6,,,1,97,,84811,6,,,1,92,,84812,6,,,1,110,,84813,6,,,1,102,,84814,6,,,1,105,,84815,6,,,1,100,,84816,6,,,1,95,,84817,6,,,1,95,,84818,6,,,1,223,,84821,6,0,7 18 9,1,5,,84822,6,,,1,70,,84823,6,,,1,102,,84824,6,0,7 18 9,1,5,,84825,6,,,1,100,,84826,6,0,7 18 9,1,5,,84827,6,,,1,100,,84828,6,,,1,166,,84829,6,,,1
3000,'20260610',442,,84830,6,,,1,188,,84831,6,,,1,97,,84832,6,,,1,92,,84833,6,,,1,110,,84834,6,,,1,102,,84835,6,,,1,105,,84836,6,,,1,100,,84837,6,,,1,95,,84838,6,,,1,95,,84839,6,,,1,223,,84842,6,0,7 18 9,1,5,,84843,6,,,1,70,,84844,6,,,1,102,,84845,6,0,7 18 9,1,5,,84846,6,,,1,100,,84847,6,0,7 18 9,1,5,,84848,6,,,1,100,,84849,6,,,1,166,,84850,6,,,1
3000,'20260611',442,,84851,6,,,1,188,,84852,6,,,1,97,,84853,6,,,1,92,,84854,6,,,1,110,,84855,6,,,1,102,,84856,6,,,1,105,,84857,6,,,1,95,,84858,6,0,7 18 9,1,5,,84859,6,,,1,80,,84860,6,0,7 18 9,1,15,,84861,6,,,1,95,,84862,6,,,1,218,,84866,6,,,1,5,,84867,6,0,7 18 9,1,5,,84868,6,,,1,60,,84869,6,0,7 18 9,1,10,,84870,6,,,1,97,,84871,6,0,7 18 9,1,5,,84872,6,0,7 18 9,1,5,,84873,6,,,1,100,,84874,6,0,7 18 9,1,5,,84875,6,,,1,100,,84876,6,,,1,166,,84877,6,,,1
3000,'20260612',442,,84878,6,,,1,188,,84879,6,,,1,97,,84880,6,,,1,92,,84881,6,,,1,110,,84882,6,,,1,102,,84883,6,,,1,105,,84884,6,,,1,95,,84885,6,0,7 18 9,1,5,,84886,6,,,1,80,,84887,6,0,7 18 9,1,15,,84888,6,,,1,90,,84889,6,0,7 18 9,1,5,,84890,6,,,1,218,,84894,6,,,1,5,,84895,6,0,7 18 9,1,5,,84896,6,,,1,60,,84897,6,0,7 18 9,1,10,,84898,6,,,1,97,,84899,6,0,7 18 9,1,5,,84900,6,0,7 18 9,1,5,,84901,6,,,1,100,,84902,6,0,7 18 9,1,5,,84903,6,,,1,71,,84904,6,0,7 18 9,1,29,,84905,6,,,1,166,,84906,6,,,1
3000,'20260613',641,,160040,6,0,7 18 9,1,5,,160041,6,,,1,190,,160042,6,0,7 18 9,1,5,,160043,6,,,1,95,,160045,6,0,7 18 9,1,5,,160046,6,,,1,92,,160048,6,0,7 18 9,1,5,,160049,6,,,1,95,,160051,6,0,7 18 9,1,5,,160052,6,,,1,90,,160054,6,0,7 18 9,1,5,,160055,6,,,1,95,,160057,6,0,7 18 9,1,5,,160058,6,,,1,90,,160060,6,0,7 18 9,1,5,,160061,6,,,1,210,,160063,6,0,7 18 9,1,20,,160064,6,,,1,80,,160065,6,0,7 18 9,1,20,,160066,6,,,1,80,,160067,6,,,1,100,,160068,6,,,1,73,,160069,6,0,7 18 9,1,95,,160070,6,,,1,35,,160071,6,,,1,102,,160072,6,,,1
3000,'20260614',646,,160073,6,,,1,190,,160074,6,0,7 18 9,1,5,,160075,6,,,1,95,,160076,6,0,7 18 9,1,5,,160077,6,,,1,92,,160078,6,0,7 18 9,1,5,,160079,6,,,1,95,,160080,6,0,7 18 9,1,5,,160081,6,,,1,90,,160082,6,0,7 18 9,1,5,,160083,6,,,1,95,,160084,6,0,7 18 9,1,5,,160085,6,,,1,90,,160086,6,0,7 18 9,1,5,,160087,6,,,1,210,,160088,6,0,7 18 9,1,20,,160089,6,,,1,80,,160090,6,0,7 18 9,1,20,,160091,6,,,1,80,,160092,6,,,1,100,,160093,6,,,1,73,,160094,6,0,7 18 9,1,95,,160095,6,,,1,35,,160096,6,,,1,102,,160097,6,,,1
3000,'20260615',442,,160098,6,,,1,188,,160099,6,,,1,97,,160100,6,,,1,92,,160101,6,,,1,110,,160102,6,,,1,102,,160103,6,,,1,105,,160104,6,,,1,100,,160105,6,,,1,95,,160106,6,,,1,95,,160107,6,,,1,223,,160110,6,0,7 18 9,1,5,,160111,6,,,1,70,,160112,6,,,1,102,,160113,6,0,7 18 9,1,5,,160114,6,,,1,100,,160115,6,0,7 18 9,1,5,,160116,6,,,1,100,,160117,6,,,1,166,,160118,6,,,1
3000,'20260616',442,,160119,6,,,1,188,,160120,6,,,1,97,,160121,6,,,1,92,,160122,6,,,1,110,,160123,6,,,1,102,,160124,6,,,1,105,,160125,6,,,1,100,,160126,6,,,1,95,,160127,6,,,1,95,,160128,6,,,1,223,,160131,6,0,7 18 9,1,5,,160132,6,,,1,70,,160133,6,,,1,102,,160134,6,0,7 18 9,1,5,,160135,6,,,1,100,,160136,6,0,7 18 9,1,5,,160137,6,,,1,100,,160138,6,,,1,166,,160139,6,,,1
3000,'20260617',442,,160140,6,,,1,188,,160141,6,,,1,97,,160142,6,,,1,92,,160143,6,,,1,110,,160144,6,,,1,102,,160145,6,,,1,105,,160146,6,,,1,100,,160147,6,,,1,95,,160148,6,,,1,95,,160149,6,,,1,223,,160152,6,0,7 18 9,1,5,,160153,6,,,1,70,,160154,6,,,1,102,,160155,6,0,7 18 9,1,5,,160156,6,,,1,100,,160157,6,0,7 18 9,1,5,,160158,6,,,1,100,,160159,6,,,1,166,,160160,6,,,1
3000,'20260618',442,,160161,6,,,1,188,,160162,6,,,1,97,,160163,6,,,1,92,,160164,6,,,1,110,,160165,6,,,1,102,,160166,6,,,1,105,,160167,6,,,1,95,,160168,6,0,7 18 9,1,5,,160169,6,,,1,80,,160170,6,0,7 18 9,1,15,,160171,6,,,1,95,,160172,6,,,1,218,,160176,6,,,1,5,,160177,6,0,7 18 9,1,5,,160178,6,,,1,60,,160179,6,0,7 18 9,1,10,,160180,6,,,1,97,,160181,6,0,7 18 9,1,5,,160182,6,0,7 18 9,1,5,,160183,6,,,1,100,,160184,6,0,7 18 9,1,5,,160185,6,,,1,100,,160186,6,,,1,166,,160187,6,,,1
3000,'20260619',442,,160188,6,,,1,188,,160189,6,,,1,97,,160190,6,,,1,92,,160191,6,,,1,110,,160192,6,,,1,102,,160193,6,,,1,105,,160194,6,,,1,95,,160195,6,0,7 18 9,1,5,,160196,6,,,1,80,,160197,6,0,7 18 9,1,15,,160198,6,,,1,90,,160199,6,0,7 18 9,1,5,,160200,6,,,1,218,,160204,6,,,1,5,,160205,6,0,7 18 9,1,5,,160206,6,,,1,60,,160207,6,0,7 18 9,1,10,,160208,6,,,1,97,,160209,6,0,7 18 9,1,5,,160210,6,0,7 18 9,1,5,,160211,6,,,1,100,,160212,6,0,7 18 9,1,5,,160213,6,,,1,71,,160214,6,0,7 18 9,1,29,,160215,6,,,1,166,,160216,6,,,1
3000,'20260620',641,,160217,6,0,7 18 9,1,5,,160218,6,,,1,190,,160219,6,0,7 18 9,1,5,,160220,6,,,1,95,,160222,6,0,7 18 9,1,5,,160223,6,,,1,92,,160225,6,0,7 18 9,1,5,,160226,6,,,1,95,,160228,6,0,7 18 9,1,5,,160229,6,,,1,90,,160231,6,0,7 18 9,1,5,,160232,6,,,1,95,,160234,6,0,7 18 9,1,5,,160235,6,,,1,90,,160237,6,0,7 18 9,1,5,,160238,6,,,1,210,,160240,6,0,7 18 9,1,20,,160241,6,,,1,80,,160242,6,0,7 18 9,1,20,,160243,6,,,1,80,,160244,6,,,1,100,,160245,6,,,1,73,,160246,6,0,7 18 9,1,95,,160247,6,,,1,35,,160248,6,,,1,102,,160249,6,,,1
3000,'20260621',646,,160250,6,,,1,190,,160251,6,0,7 18 9,1,5,,160252,6,,,1,95,,160253,6,0,7 18 9,1,5,,160254,6,,,1,92,,160255,6,0,7 18 9,1,5,,160256,6,,,1,95,,160257,6,0,7 18 9,1,5,,160258,6,,,1,90,,160259,6,0,7 18 9,1,5,,160260,6,,,1,95,,160261,6,0,7 18 9,1,5,,160262,6,,,1,90,,160263,6,0,7 18 9,1,5,,160264,6,,,1,210,,160265,6,0,7 18 9,1,20,,160266,6,,,1,80,,160267,6,0,7 18 9,1,20,,160268,6,,,1,80,,160269,6,,,1,100,,160270,6,,,1,73,,160271,6,0,7 18 9,1,95,,160272,6,,,1,35,,160273,6,,,1,102,,160274,6,,,1
3000,'20260622',442,,160275,6,,,1,188,,160276,6,,,1,97,,160277,6,,,1,92,,160278,6,,,1,110,,160279,6,,,1,102,,160280,6,,,1,105,,160281,6,,,1,100,,160282,6,,,1,95,,160283,6,,,1,95,,160284,6,,,1,223,,160287,6,0,7 18 9,1,5,,160288,6,,,1,70,,160289,6,,,1,102,,160290,6,0,7 18 9,1,5,,160291,6,,,1,100,,160292,6,0,7 18 9,1,5,,160293,6,,,1,100,,160294,6,,,1,166,,160295,6,,,1
3000,'20260623',442,,160296,6,,,1,188,,160297,6,,,1,97,,160298,6,,,1,92,,160299,6,,,1,110,,160300,6,,,1,102,,160301,6,,,1,105,,160302,6,,,1,100,,160303,6,,,1,95,,160304,6,,,1,95,,160305,6,,,1,223,,160308,6,0,7 18 9,1,5,,160309,6,,,1,70,,160310,6,,,1,102,,160311,6,0,7 18 9,1,5,,160312,6,,,1,100,,160313,6,0,7 18 9,1,5,,160314,6,,,1,100,,160315,6,,,1,166,,160316,6,,,1
3000,'20260624',442,,160317,6,,,1,188,,160318,6,,,1,97,,160319,6,,,1,92,,160320,6,,,1,110,,160321,6,,,1,102,,160322,6,,,1,105,,160323,6,,,1,100,,160324,6,,,1,95,,160325,6,,,1,95,,160326,6,,,1,223,,160329,6,0,7 18 9,1,5,,160330,6,,,1,70,,160331,6,,,1,102,,160332,6,0,7 18 9,1,5,,160333,6,,,1,100,,160334,6,0,7 18 9,1,5,,160335,6,,,1,100,,160336,6,,,1,166,,160337,6,,,1
3000,'20260625',442,,160338,6,,,1,188,,160339,6,,,1,97,,160340,6,,,1,92,,160341,6,,,1,110,,160342,6,,,1,102,,160343,6,,,1,105,,160344,6,,,1,95,,160345,6,0,7 18 9,1,5,,160346,6,,,1,80,,160347,6,0,7 18 9,1,15,,160348,6,,,1,95,,160349,6,,,1,218,,160353,6,,,1,5,,160354,6,0,7 18 9,1,5,,160355,6,,,1,60,,160356,6,0,7 18 9,1,10,,160357,6,,,1,97,,160358,6,0,7 18 9,1,5,,160359,6,0,7 18 9,1,5,,160360,6,,,1,100,,160361,6,0,7 18 9,1,5,,160362,6,,,1,100,,160363,6,,,1,166,,160364,6,,,1
3000,'20260626',442,,160365,6,,,1,188,,160366,6,,,1,97,,160367,6,,,1,92,,160368,6,,,1,110,,160369,6,,,1,102,,160370,6,,,1,105,,160371,6,,,1,95,,160372,6,0,7 18 9,1,5,,160373,6,,,1,80,,160374,6,0,7 18 9,1,15,,160375,6,,,1,90,,160376,6,0,7 18 9,1,5,,160377,6,,,1,218,,160381,6,,,1,5,,160382,6,0,7 18 9,1,5,,160383,6,,,1,60,,160384,6,0,7 18 9,1,10,,160385,6,,,1,97,,160386,6,0,7 18 9,1,5,,160387,6,0,7 18 9,1,5,,160388,6,,,1,100,,160389,6,0,7 18 9,1,5,,160390,6,,,1,71,,160391,6,0,7 18 9,1,29,,160392,6,,,1,166,,160393,6,,,1
3000,'20260627',641,,160394,6,0,7 18 9,1,5,,160395,6,,,1,190,,160396,6,0,7 18 9,1,5,,160397,6,,,1,95,,160399,6,0,7 18 9,1,5,,160400,6,,,1,92,,160402,6,0,7 18 9,1,5,,160403,6,,,1,95,,160405,6,0,7 18 9,1,5,,160406,6,,,1,90,,160408,6,0,7 18 9,1,5,,160409,6,,,1,95,,160411,6,0,7 18 9,1,5,,160412,6,,,1,90,,160414,6,0,7 18 9,1,5,,160415,6,,,1,210,,160417,6,0,7 18 9,1,20,,160418,6,,,1,80,,160419,6,0,7 18 9,1,20,,160420,6,,,1,80,,160421,6,,,1,100,,160422,6,,,1,73,,160423,6,0,7 18 9,1,95,,160424,6,,,1,35,,160425,6,,,1,102,,160426,6,,,1
3000,'20260628',646,,160427,6,,,1,190,,160428,6,0,7 18 9,1,5,,160429,6,,,1,95,,160430,6,0,7 18 9,1,5,,160431,6,,,1,92,,160432,6,0,7 18 9,1,5,,160433,6,,,1,95,,160434,6,0,7 18 9,1,5,,160435,6,,,1,90,,160436,6,0,7 18 9,1,5,,160437,6,,,1,95,,160438,6,0,7 18 9,1,5,,160439,6,,,1,90,,160440,6,0,7 18 9,1,5,,160441,6,,,1,210,,160442,6,0,7 18 9,1,20,,160443,6,,,1,80,,160444,6,0,7 18 9,1,20,,160445,6,,,1,80,,160446,6,,,1,100,,160447,6,,,1,73,,160448,6,0,7 18 9,1,95,,160449,6,,,1,35,,160450,6,,,1,102,,160451,6,,,1
3000,'20260629',442,,160452,6,,,1,188,,160453,6,,,1,97,,160454,6,,,1,92,,160455,6,,,1,110,,160456,6,,,1,102,,160457,6,,,1,105,,160458,6,,,1,100,,160459,6,,,1,95,,160460,6,,,1,95,,160461,6,,,1,223,,160464,6,0,7 18 9,1,5,,160465,6,,,1,70,,160466,6,,,1,102,,160467,6,0,7 18 9,1,5,,160468,6,,,1,100,,160469,6,0,7 18 9,1,5,,160470,6,,,1,100,,160471,6,,,1,166,,160472,6,,,1
3000,'20260630',442,,160473,6,,,1,188,,160474,6,,,1,97,,160475,6,,,1,92,,160476,6,,,1,110,,160477,6,,,1,102,,160478,6,,,1,105,,160479,6,,,1,100,,160480,6,,,1,95,,160481,6,,,1,95,,160482,6,,,1,223,,160485,6,0,7 18 9,1,5,,160486,6,,,1,70,,160487,6,,,1,102,,160488,6,0,7 18 9,1,5,,160489,6,,,1,100,,160490,6,0,7 18 9,1,5,,160491,6,,,1,100,,160492,6,,,1,166,,160493,6,,,1
3000,'20260701',641,,160494,6,0,7 18 9,1,5,,160495,6,,,1,190,,160496,6,0,7 18 9,1,5,,160497,6,,,1,95,,160499,6,0,7 18 9,1,5,,160500,6,,,1,92,,160502,6,0,7 18 9,1,5,,160503,6,,,1,95,,160505,6,0,7 18 9,1,5,,160506,6,,,1,90,,160508,6,0,7 18 9,1,5,,160509,6,,,1,95,,160511,6,0,7 18 9,1,5,,160512,6,,,1,90,,160514,6,0,7 18 9,1,5,,160515,6,,,1,210,,160517,6,0,7 18 9,1,20,,160518,6,,,1,80,,160519,6,0,7 18 9,1,20,,160520,6,,,1,80,,160521,6,,,1,100,,160522,6,,,1,73,,160523,6,0,7 18 9,1,95,,160524,6,,,1,35,,160525,6,,,1,102,,160526,6,,,1
3000,'20260702',442,,160527,6,,,1,188,,160528,6,,,1,97,,160529,6,,,1,92,,160530,6,,,1,110,,160531,6,,,1,102,,160532,6,,,1,105,,160533,6,,,1,95,,160534,6,0,7 18 9,1,5,,160535,6,,,1,80,,160536,6,0,7 18 9,1,15,,160537,6,,,1,95,,160538,6,,,1,218,,160542,6,,,1,5,,160543,6,0,7 18 9,1,5,,160544,6,,,1,60,,160545,6,0,7 18 9,1,10,,160546,6,,,1,97,,160547,6,0,7 18 9,1,5,,160548,6,0,7 18 9,1,5,,160549,6,,,1,100,,160550,6,0,7 18 9,1,5,,160551,6,,,1,100,,160552,6,,,1,166,,160553,6,,,1
3000,'20260703',442,,160554,6,,,1,188,,160555,6,,,1,97,,160556,6,,,1,92,,160557,6,,,1,110,,160558,6,,,1,102,,160559,6,,,1,105,,160560,6,,,1,95,,160561,6,0,7 18 9,1,5,,160562,6,,,1,80,,160563,6,0,7 18 9,1,15,,160564,6,,,1,90,,160565,6,0,7 18 9,1,5,,160566,6,,,1,218,,160570,6,,,1,5,,160571,6,0,7 18 9,1,5,,160572,6,,,1,60,,160573,6,0,7 18 9,1,10,,160574,6,,,1,97,,160575,6,0,7 18 9,1,5,,160576,6,0,7 18 9,1,5,,160577,6,,,1,100,,160578,6,0,7 18 9,1,5,,160579,6,,,1,71,,160580,6,0,7 18 9,1,29,,160581,6,,,1,166,,160582,6,,,1
3000,'20260704',641,,160583,6,0,7 18 9,1,5,,160584,6,,,1,190,,160585,6,0,7 18 9,1,5,,160586,6,,,1,95,,160588,6,0,7 18 9,1,5,,160589,6,,,1,92,,160591,6,0,7 18 9,1,5,,160592,6,,,1,95,,160594,6,0,7 18 9,1,5,,160595,6,,,1,90,,160597,6,0,7 18 9,1,5,,160598,6,,,1,95,,160600,6,0,7 18 9,1,5,,160601,6,,,1,90,,160603,6,0,7 18 9,1,5,,160604,6,,,1,210,,160606,6,0,7 18 9,1,20,,160607,6,,,1,80,,160608,6,0,7 18 9,1,20,,160609,6,,,1,80,,160610,6,,,1,100,,160611,6,,,1,73,,160612,6,0,7 18 9,1,95,,160613,6,,,1,35,,160614,6,,,1,102,,160615,6,,,1
3000,'20260705',646,,160616,6,,,1,190,,160617,6,0,7 18 9,1,5,,160618,6,,,1,95,,160619,6,0,7 18 9,1,5,,160620,6,,,1,92,,160621,6,0,7 18 9,1,5,,160622,6,,,1,95,,160623,6,0,7 18 9,1,5,,160624,6,,,1,90,,160625,6,0,7 18 9,1,5,,160626,6,,,1,95,,160627,6,0,7 18 9,1,5,,160628,6,,,1,90,,160629,6,0,7 18 9,1,5,,160630,6,,,1,210,,160631,6,0,7 18 9,1,20,,160632,6,,,1,80,,160633,6,0,7 18 9,1,20,,160634,6,,,1,80,,160635,6,,,1,100,,160636,6,,,1,73,,160637,6,0,7 18 9,1,95,,160638,6,,,1,35,,160639,6,,,1,102,,160640,6,,,1
3000,'20260706',442,,160641,6,,,1,188,,160642,6,,,1,97,,160643,6,,,1,92,,160644,6,,,1,110,,160645,6,,,1,102,,160646,6,,,1,105,,160647,6,,,1,100,,160648,6,,,1,95,,160649,6,,,1,95,,160650,6,,,1,223,,160653,6,0,7 18 9,1,5,,160654,6,,,1,70,,160655,6,,,1,102,,160656,6,0,7 18 9,1,5,,160657,6,,,1,100,,160658,6,0,7 18 9,1,5,,160659,6,,,1,100,,160660,6,,,1,166,,160661,6,,,1
3000,'20260707',442,,160662,6,,,1,188,,160663,6,,,1,97,,160664,6,,,1,92,,160665,6,,,1,110,,160666,6,,,1,102,,160667,6,,,1,105,,160668,6,,,1,100,,160669,6,,,1,95,,160670,6,,,1,95,,160671,6,,,1,223,,160674,6,0,7 18 9,1,5,,160675,6,,,1,70,,160676,6,,,1,102,,160677,6,0,7 18 9,1,5,,160678,6,,,1,100,,160679,6,0,7 18 9,1,5,,160680,6,,,1,100,,160681,6,,,1,166,,160682,6,,,1
3000,'20260708',442,,160683,6,,,1,188,,160684,6,,,1,97,,160685,6,,,1,92,,160686,6,,,1,110,,160687,6,,,1,102,,160688,6,,,1,105,,160689,6,,,1,100,,160690,6,,,1,95,,160691,6,,,1,95,,160692,6,,,1,223,,160695,6,0,7 18 9,1,5,,160696,6,,,1,70,,160697,6,,,1,102,,160698,6,0,7 18 9,1,5,,160699,6,,,1,100,,160700,6,0,7 18 9,1,5,,160701,6,,,1,100,,160702,6,,,1,166,,160703,6,,,1
3000,'20260709',442,,160704,6,,,1,188,,160705,6,,,1,97,,160706,6,,,1,92,,160707,6,,,1,110,,160708,6,,,1,102,,160709,6,,,1,105,,160710,6,,,1,95,,160711,6,0,7 18 9,1,5,,160712,6,,,1,80,,160713,6,0,7 18 9,1,15,,160714,6,,,1,95,,160715,6,,,1,218,,160719,6,,,1,5,,160720,6,0,7 18 9,1,5,,160721,6,,,1,60,,160722,6,0,7 18 9,1,10,,160723,6,,,1,97,,160724,6,0,7 18 9,1,5,,160725,6,0,7 18 9,1,5,,160726,6,,,1,100,,160727,6,0,7 18 9,1,5,,160728,6,,,1,100,,160729,6,,,1,166,,160730,6,,,1
3000,'20260710',442,,160731,6,,,1,188,,160732,6,,,1,97,,160733,6,,,1,92,,160734,6,,,1,110,,160735,6,,,1,102,,160736,6,,,1,105,,160737,6,,,1,95,,160738,6,0,7 18 9,1,5,,160739,6,,,1,80,,160740,6,0,7 18 9,1,15,,160741,6,,,1,90,,160742,6,0,7 18 9,1,5,,160743,6,,,1,218,,160747,6,,,1,5,,160748,6,0,7 18 9,1,5,,160749,6,,,1,60,,160750,6,0,7 18 9,1,10,,160751,6,,,1,97,,160752,6,0,7 18 9,1,5,,160753,6,0,7 18 9,1,5,,160754,6,,,1,100,,160755,6,0,7 18 9,1,5,,160756,6,,,1,71,,160757,6,0,7 18 9,1,29,,160758,6,,,1,166,,160759,6,,,1
3000,'20260711',641,,160760,6,0,7 18 9,1,5,,160761,6,,,1,190,,160762,6,0,7 18 9,1,5,,160763,6,,,1,95,,160765,6,0,7 18 9,1,5,,160766,6,,,1,92,,160768,6,0,7 18 9,1,5,,160769,6,,,1,95,,160771,6,0,7 18 9,1,5,,160772,6,,,1,90,,160774,6,0,7 18 9,1,5,,160775,6,,,1,95,,160777,6,0,7 18 9,1,5,,160778,6,,,1,90,,160780,6,0,7 18 9,1,5,,160781,6,,,1,210,,160783,6,0,7 18 9,1,20,,160784,6,,,1,80,,160785,6,0,7 18 9,1,20,,160786,6,,,1,80,,160787,6,,,1,100,,160788,6,,,1,73,,160789,6,0,7 18 9,1,95,,160790,6,,,1,35,,160791,6,,,1,102,,160792,6,,,1
3000,'20260712',646,,160793,6,,,1,190,,160794,6,0,7 18 9,1,5,,160795,6,,,1,95,,160796,6,0,7 18 9,1,5,,160797,6,,,1,92,,160798,6,0,7 18 9,1,5,,160799,6,,,1,95,,160800,6,0,7 18 9,1,5,,160801,6,,,1,90,,160802,6,0,7 18 9,1,5,,160803,6,,,1,95,,160804,6,0,7 18 9,1,5,,160805,6,,,1,90,,160806,6,0,7 18 9,1,5,,160807,6,,,1,210,,160808,6,0,7 18 9,1,20,,160809,6,,,1,80,,160810,6,0,7 18 9,1,20,,160811,6,,,1,80,,160812,6,,,1,100,,160813,6,,,1,73,,160814,6,0,7 18 9,1,95,,160815,6,,,1,35,,160816,6,,,1,102,,160817,6,,,1
3000,'20260713',442,,160818,6,,,1,188,,160819,6,,,1,97,,160820,6,,,1,92,,160821,6,,,1,110,,160822,6,,,1,102,,160823,6,,,1,105,,160824,6,,,1,100,,160825,6,,,1,95,,160826,6,,,1,95,,160827,6,,,1,223,,160830,6,0,7 18 9,1,5,,160831,6,,,1,70,,160832,6,,,1,102,,160833,6,0,7 18 9,1,5,,160834,6,,,1,100,,160835,6,0,7 18 9,1,5,,160836,6,,,1,100,,160837,6,,,1,166,,160838,6,,,1
3000,'20260714',442,,160839,6,,,1,188,,160840,6,,,1,97,,160841,6,,,1,92,,160842,6,,,1,110,,160843,6,,,1,102,,160844,6,,,1,105,,160845,6,,,1,100,,160846,6,,,1,95,,160847,6,,,1,95,,160848,6,,,1,223,,160851,6,0,7 18 9,1,5,,160852,6,,,1,70,,160853,6,,,1,102,,160854,6,0,7 18 9,1,5,,160855,6,,,1,100,,160856,6,0,7 18 9,1,5,,160857,6,,,1,100,,160858,6,,,1,166,,160859,6,,,1
3000,'20260715',442,,160860,6,,,1,188,,160861,6,,,1,97,,160862,6,,,1,92,,160863,6,,,1,110,,160864,6,,,1,102,,160865,6,,,1,105,,160866,6,,,1,100,,160867,6,,,1,95,,160868,6,,,1,95,,160869,6,,,1,223,,160872,6,0,7 18 9,1,5,,160873,6,,,1,70,,160874,6,,,1,102,,160875,6,0,7 18 9,1,5,,160876,6,,,1,100,,160877,6,0,7 18 9,1,5,,160878,6,,,1,100,,160879,6,,,1,166,,160880,6,,,1
3000,'20260716',442,,160881,6,,,1,188,,160882,6,,,1,97,,160883,6,,,1,92,,160884,6,,,1,110,,160885,6,,,1,102,,160886,6,,,1,105,,160887,6,,,1,95,,160888,6,0,7 18 9,1,5,,160889,6,,,1,80,,160890,6,0,7 18 9,1,15,,160891,6,,,1,95,,160892,6,,,1,218,,160896,6,,,1,5,,160897,6,0,7 18 9,1,5,,160898,6,,,1,60,,160899,6,0,7 18 9,1,10,,160900,6,,,1,97,,160901,6,0,7 18 9,1,5,,160902,6,0,7 18 9,1,5,,160903,6,,,1,100,,160904,6,0,7 18 9,1,5,,160905,6,,,1,100,,160906,6,,,1,166,,160907,6,,,1
3000,'20260717',442,,160908,6,,,1,188,,160909,6,,,1,97,,160910,6,,,1,92,,160911,6,,,1,110,,160912,6,,,1,102,,160913,6,,,1,105,,160914,6,,,1,95,,160915,6,0,7 18 9,1,5,,160916,6,,,1,80,,160917,6,0,7 18 9,1,15,,160918,6,,,1,90,,160919,6,0,7 18 9,1,5,,160920,6,,,1,218,,160924,6,,,1,5,,160925,6,0,7 18 9,1,5,,160926,6,,,1,60,,160927,6,0,7 18 9,1,10,,160928,6,,,1,97,,160929,6,0,7 18 9,1,5,,160930,6,0,7 18 9,1,5,,160931,6,,,1,100,,160932,6,0,7 18 9,1,5,,160933,6,,,1,71,,160934,6,0,7 18 9,1,29,,160935,6,,,1,166,,160936,6,,,1
3000,'20260718',641,,160937,6,0,7 18 9,1,5,,160938,6,,,1,190,,160939,6,0,7 18 9,1,5,,160940,6,,,1,95,,160942,6,0,7 18 9,1,5,,160943,6,,,1,92,,160945,6,0,7 18 9,1,5,,160946,6,,,1,95,,160948,6,0,7 18 9,1,5,,160949,6,,,1,90,,160951,6,0,7 18 9,1,5,,160952,6,,,1,95,,160954,6,0,7 18 9,1,5,,160955,6,,,1,90,,160957,6,0,7 18 9,1,5,,160958,6,,,1,210,,160960,6,0,7 18 9,1,20,,160961,6,,,1,80,,160962,6,0,7 18 9,1,20,,160963,6,,,1,80,,160964,6,,,1,100,,160965,6,,,1,73,,160966,6,0,7 18 9,1,95,,160967,6,,,1,35,,160968,6,,,1,102,,160969,6,,,1
3000,'20260719',646,,160970,6,,,1,190,,160971,6,0,7 18 9,1,5,,160972,6,,,1,95,,160973,6,0,7 18 9,1,5,,160974,6,,,1,92,,160975,6,0,7 18 9,1,5,,160976,6,,,1,95,,160977,6,0,7 18 9,1,5,,160978,6,,,1,90,,160979,6,0,7 18 9,1,5,,160980,6,,,1,95,,160981,6,0,7 18 9,1,5,,160982,6,,,1,90,,160983,6,0,7 18 9,1,5,,160984,6,,,1,210,,160985,6,0,7 18 9,1,20,,160986,6,,,1,80,,160987,6,0,7 18 9,1,20,,160988,6,,,1,80,,160989,6,,,1,100,,160990,6,,,1,73,,160991,6,0,7 18 9,1,95,,160992,6,,,1,35,,160993,6,,,1,102,,160994,6,,,1
3000,'20260720',442,,160995,6,,,1,188,,160996,6,,,1,97,,160997,6,,,1,92,,160998,6,,,1,110,,160999,6,,,1,102,,161000,6,,,1,105,,161001,6,,,1,100,,161002,6,,,1,95,,161003,6,,,1,95,,161004,6,,,1,223,,161007,6,0,7 18 9,1,5,,161008,6,,,1,70,,161009,6,,,1,102,,161010,6,0,7 18 9,1,5,,161011,6,,,1,100,,161012,6,0,7 18 9,1,5,,161013,6,,,1,100,,161014,6,,,1,166,,161015,6,,,1
3000,'20260721',442,,161016,6,,,1,188,,161017,6,,,1,97,,161018,6,,,1,92,,161019,6,,,1,110,,161020,6,,,1,102,,161021,6,,,1,105,,161022,6,,,1,100,,161023,6,,,1,95,,161024,6,,,1,95,,161025,6,,,1,223,,161028,6,0,7 18 9,1,5,,161029,6,,,1,70,,161030,6,,,1,102,,161031,6,0,7 18 9,1,5,,161032,6,,,1,100,,161033,6,0,7 18 9,1,5,,161034,6,,,1,100,,161035,6,,,1,166,,161036,6,,,1
3000,'20260722',442,,161037,6,,,1,188,,161038,6,,,1,97,,161039,6,,,1,92,,161040,6,,,1,110,,161041,6,,,1,102,,161042,6,,,1,105,,161043,6,,,1,100,,161044,6,,,1,95,,161045,6,,,1,95,,161046,6,,,1,223,,161049,6,0,7 18 9,1,5,,161050,6,,,1,70,,161051,6,,,1,102,,161052,6,0,7 18 9,1,5,,161053,6,,,1,100,,161054,6,0,7 18 9,1,5,,161055,6,,,1,100,,161056,6,,,1,166,,161057,6,,,1
3000,'20260723',442,,161058,6,,,1,188,,161059,6,,,1,97,,161060,6,,,1,92,,161061,6,,,1,110,,161062,6,,,1,102,,161063,6,,,1,105,,161064,6,,,1,95,,161065,6,0,7 18 9,1,5,,161066,6,,,1,80,,161067,6,0,7 18 9,1,15,,161068,6,,,1,95,,161069,6,,,1,218,,161073,6,,,1,5,,161074,6,0,7 18 9,1,5,,161075,6,,,1,60,,161076,6,0,7 18 9,1,10,,161077,6,,,1,97,,161078,6,0,7 18 9,1,5,,161079,6,0,7 18 9,1,5,,161080,6,,,1,100,,161081,6,0,7 18 9,1,5,,161082,6,,,1,100,,161083,6,,,1,166,,161084,6,,,1
3000,'20260724',442,,161085,6,,,1,188,,161086,6,,,1,97,,161087,6,,,1,92,,161088,6,,,1,110,,161089,6,,,1,102,,161090,6,,,1,105,,161091,6,,,1,95,,161092,6,0,7 18 9,1,5,,161093,6,,,1,80,,161094,6,0,7 18 9,1,15,,161095,6,,,1,90,,161096,6,0,7 18 9,1,5,,161097,6,,,1,218,,161101,6,,,1,5,,161102,6,0,7 18 9,1,5,,161103,6,,,1,60,,161104,6,0,7 18 9,1,10,,161105,6,,,1,97,,161106,6,0,7 18 9,1,5,,161107,6,0,7 18 9,1,5,,161108,6,,,1,100,,161109,6,0,7 18 9,1,5,,161110,6,,,1,71,,161111,6,0,7 18 9,1,29,,161112,6,,,1,166,,161113,6,,,1
3000,'20260725',641,,161114,6,0,7 18 9,1,5,,161115,6,,,1,190,,161116,6,0,7 18 9,1,5,,161117,6,,,1,95,,161119,6,0,7 18 9,1,5,,161120,6,,,1,92,,161122,6,0,7 18 9,1,5,,161123,6,,,1,95,,161125,6,0,7 18 9,1,5,,161126,6,,,1,90,,161128,6,0,7 18 9,1,5,,161129,6,,,1,95,,161131,6,0,7 18 9,1,5,,161132,6,,,1,90,,161134,6,0,7 18 9,1,5,,161135,6,,,1,210,,161137,6,0,7 18 9,1,20,,161138,6,,,1,80,,161139,6,0,7 18 9,1,20,,161140,6,,,1,80,,161141,6,,,1,100,,161142,6,,,1,73,,161143,6,0,7 18 9,1,95,,161144,6,,,1,35,,161145,6,,,1,102,,161146,6,,,1
3000,'20260726',646,,161147,6,,,1,190,,161148,6,0,7 18 9,1,5,,161149,6,,,1,95,,161150,6,0,7 18 9,1,5,,161151,6,,,1,92,,161152,6,0,7 18 9,1,5,,161153,6,,,1,95,,161154,6,0,7 18 9,1,5,,161155,6,,,1,90,,161156,6,0,7 18 9,1,5,,161157,6,,,1,95,,161158,6,0,7 18 9,1,5,,161159,6,,,1,90,,161160,6,0,7 18 9,1,5,,161161,6,,,1,210,,161162,6,0,7 18 9,1,20,,161163,6,,,1,80,,161164,6,0,7 18 9,1,20,,161165,6,,,1,80,,161166,6,,,1,100,,161167,6,,,1,73,,161168,6,0,7 18 9,1,95,,161169,6,,,1,35,,161170,6,,,1,102,,161171,6,,,1
3000,'20260727',442,,161172,6,,,1,188,,161173,6,,,1,97,,161174,6,,,1,92,,161175,6,,,1,110,,161176,6,,,1,102,,161177,6,,,1,105,,161178,6,,,1,100,,161179,6,,,1,95,,161180,6,,,1,95,,161181,6,,,1,223,,161184,6,0,7 18 9,1,5,,161185,6,,,1,70,,161186,6,,,1,102,,161187,6,0,7 18 9,1,5,,161188,6,,,1,100,,161189,6,0,7 18 9,1,5,,161190,6,,,1,100,,161191,6,,,1,166,,161192,6,,,1
3000,'20260728',442,,161193,6,,,1,188,,161194,6,,,1,97,,161195,6,,,1,92,,161196,6,,,1,110,,161197,6,,,1,102,,161198,6,,,1,105,,161199,6,,,1,100,,161200,6,,,1,95,,161201,6,,,1,95,,161202,6,,,1,223,,161205,6,0,7 18 9,1,5,,161206,6,,,1,70,,161207,6,,,1,102,,161208,6,0,7 18 9,1,5,,161209,6,,,1,100,,161210,6,0,7 18 9,1,5,,161211,6,,,1,100,,161212,6,,,1,166,,161213,6,,,1
3000,'20260729',442,,161214,6,,,1,188,,161215,6,,,1,97,,161216,6,,,1,92,,161217,6,,,1,110,,161218,6,,,1,102,,161219,6,,,1,105,,161220,6,,,1,100,,161221,6,,,1,95,,161222,6,,,1,95,,161223,6,,,1,223,,161226,6,0,7 18 9,1,5,,161227,6,,,1,70,,161228,6,,,1,102,,161229,6,0,7 18 9,1,5,,161230,6,,,1,100,,161231,6,0,7 18 9,1,5,,161232,6,,,1,100,,161233,6,,,1,166,,161234,6,,,1
3000,'20260730',442,,161235,6,,,1,188,,161236,6,,,1,97,,161237,6,,,1,92,,161238,6,,,1,110,,161239,6,,,1,102,,161240,6,,,1,105,,161241,6,,,1,95,,161242,6,0,7 18 9,1,5,,161243,6,,,1,80,,161244,6,0,7 18 9,1,15,,161245,6,,,1,95,,161246,6,,,1,218,,161250,6,,,1,5,,161251,6,0,7 18 9,1,5,,161252,6,,,1,60,,161253,6,0,7 18 9,1,10,,161254,6,,,1,97,,161255,6,0,7 18 9,1,5,,161256,6,0,7 18 9,1,5,,161257,6,,,1,100,,161258,6,0,7 18 9,1,5,,161259,6,,,1,100,,161260,6,,,1,166,,161261,6,,,1
3000,'20260731',442,,161262,6,,,1,188,,161263,6,,,1,97,,161264,6,,,1,92,,161265,6,,,1,110,,161266,6,,,1,102,,161267,6,,,1,105,,161268,6,,,1,95,,161269,6,0,7 18 9,1,5,,161270,6,,,1,80,,161271,6,0,7 18 9,1,15,,161272,6,,,1,90,,161273,6,0,7 18 9,1,5,,161274,6,,,1,218,,161278,6,,,1,5,,161279,6,0,7 18 9,1,5,,161280,6,,,1,60,,161281,6,0,7 18 9,1,10,,161282,6,,,1,97,,161283,6,0,7 18 9,1,5,,161284,6,0,7 18 9,1,5,,161285,6,,,1,100,,161286,6,0,7 18 9,1,5,,161287,6,,,1,71,,161288,6,0,7 18 9,1,29,,161289,6,,,1,166,,161290,6,,,1
3000,'20260801',641,,161291,6,0,7 18 9,1,5,,161292,6,,,1,190,,161293,6,0,7 18 9,1,5,,161294,6,,,1,95,,161296,6,0,7 18 9,1,5,,161297,6,,,1,92,,161299,6,0,7 18 9,1,5,,161300,6,,,1,95,,161302,6,0,7 18 9,1,5,,161303,6,,,1,90,,161305,6,0,7 18 9,1,5,,161306,6,,,1,95,,161308,6,0,7 18 9,1,5,,161309,6,,,1,90,,161311,6,0,7 18 9,1,5,,161312,6,,,1,210,,161314,6,0,7 18 9,1,20,,161315,6,,,1,80,,161316,6,0,7 18 9,1,20,,161317,6,,,1,80,,161318,6,,,1,100,,161319,6,,,1,73,,161320,6,0,7 18 9,1,95,,161321,6,,,1,35,,161322,6,,,1,102,,161323,6,,,1
3000,'20260802',646,,161324,6,,,1,190,,161325,6,0,7 18 9,1,5,,161326,6,,,1,95,,161327,6,0,7 18 9,1,5,,161328,6,,,1,92,,161329,6,0,7 18 9,1,5,,161330,6,,,1,95,,161331,6,0,7 18 9,1,5,,161332,6,,,1,90,,161333,6,0,7 18 9,1,5,,161334,6,,,1,95,,161335,6,0,7 18 9,1,5,,161336,6,,,1,90,,161337,6,0,7 18 9,1,5,,161338,6,,,1,210,,161339,6,0,7 18 9,1,20,,161340,6,,,1,80,,161341,6,0,7 18 9,1,20,,161342,6,,,1,80,,161343,6,,,1,100,,161344,6,,,1,73,,161345,6,0,7 18 9,1,95,,161346,6,,,1,35,,161347,6,,,1,102,,161348,6,,,1
3000,'20260803',641,,161349,6,0,7 18 9,1,5,,161350,6,,,1,190,,161351,6,0,7 18 9,1,5,,161352,6,,,1,95,,161354,6,0,7 18 9,1,5,,161355,6,,,1,92,,161357,6,0,7 18 9,1,5,,161358,6,,,1,95,,161360,6,0,7 18 9,1,5,,161361,6,,,1,90,,161363,6,0,7 18 9,1,5,,161364,6,,,1,95,,161366,6,0,7 18 9,1,5,,161367,6,,,1,90,,161369,6,0,7 18 9,1,5,,161370,6,,,1,210,,161372,6,0,7 18 9,1,20,,161373,6,,,1,80,,161374,6,0,7 18 9,1,20,,161375,6,,,1,80,,161376,6,,,1,100,,161377,6,,,1,73,,161378,6,0,7 18 9,1,95,,161379,6,,,1,35,,161380,6,,,1,102,,161381,6,,,1
3000,'20260804',442,,161382,6,,,1,188,,161383,6,,,1,97,,161384,6,,,1,92,,161385,6,,,1,110,,161386,6,,,1,102,,161387,6,,,1,105,,161388,6,,,1,100,,161389,6,,,1,95,,161390,6,,,1,95,,161391,6,,,1,223,,161394,6,0,7 18 9,1,5,,161395,6,,,1,70,,161396,6,,,1,102,,161397,6,0,7 18 9,1,5,,161398,6,,,1,100,,161399,6,0,7 18 9,1,5,,161400,6,,,1,100,,161401,6,,,1,166,,161402,6,,,1
3000,'20260805',442,,161403,6,,,1,188,,161404,6,,,1,97,,161405,6,,,1,92,,161406,6,,,1,110,,161407,6,,,1,102,,161408,6,,,1,105,,161409,6,,,1,100,,161410,6,,,1,95,,161411,6,,,1,95,,161412,6,,,1,223,,161415,6,0,7 18 9,1,5,,161416,6,,,1,70,,161417,6,,,1,102,,161418,6,0,7 18 9,1,5,,161419,6,,,1,100,,161420,6,0,7 18 9,1,5,,161421,6,,,1,100,,161422,6,,,1,166,,161423,6,,,1
3000,'20260806',442,,161424,6,,,1,188,,161425,6,,,1,97,,161426,6,,,1,92,,161427,6,,,1,110,,161428,6,,,1,102,,161429,6,,,1,105,,161430,6,,,1,95,,161431,6,0,7 18 9,1,5,,161432,6,,,1,80,,161433,6,0,7 18 9,1,15,,161434,6,,,1,95,,161435,6,,,1,218,,161439,6,,,1,5,,161440,6,0,7 18 9,1,5,,161441,6,,,1,60,,161442,6,0,7 18 9,1,10,,161443,6,,,1,97,,161444,6,0,7 18 9,1,5,,161445,6,0,7 18 9,1,5,,161446,6,,,1,100,,161447,6,0,7 18 9,1,5,,161448,6,,,1,100,,161449,6,,,1,166,,161450,6,,,1
3000,'20260807',442,,161451,6,,,1,188,,161452,6,,,1,97,,161453,6,,,1,92,,161454,6,,,1,110,,161455,6,,,1,102,,161456,6,,,1,105,,161457,6,,,1,95,,161458,6,0,7 18 9,1,5,,161459,6,,,1,80,,161460,6,0,7 18 9,1,15,,161461,6,,,1,90,,161462,6,0,7 18 9,1,5,,161463,6,,,1,218,,161467,6,,,1,5,,161468,6,0,7 18 9,1,5,,161469,6,,,1,60,,161470,6,0,7 18 9,1,10,,161471,6,,,1,97,,161472,6,0,7 18 9,1,5,,161473,6,0,7 18 9,1,5,,161474,6,,,1,100,,161475,6,0,7 18 9,1,5,,161476,6,,,1,71,,161477,6,0,7 18 9,1,29,,161478,6,,,1,166,,161479,6,,,1
3000,'20260808',641,,161480,6,0,7 18 9,1,5,,161481,6,,,1,190,,161482,6,0,7 18 9,1,5,,161483,6,,,1,95,,161485,6,0,7 18 9,1,5,,161486,6,,,1,92,,161488,6,0,7 18 9,1,5,,161489,6,,,1,95,,161491,6,0,7 18 9,1,5,,161492,6,,,1,90,,161494,6,0,7 18 9,1,5,,161495,6,,,1,95,,161497,6,0,7 18 9,1,5,,161498,6,,,1,90,,161500,6,0,7 18 9,1,5,,161501,6,,,1,210,,161503,6,0,7 18 9,1,20,,161504,6,,,1,80,,161505,6,0,7 18 9,1,20,,161506,6,,,1,80,,161507,6,,,1,100,,161508,6,,,1,73,,161509,6,0,7 18 9,1,95,,161510,6,,,1,35,,161511,6,,,1,102,,161512,6,,,1
3000,'20260809',646,,161513,6,,,1,190,,161514,6,0,7 18 9,1,5,,161515,6,,,1,95,,161516,6,0,7 18 9,1,5,,161517,6,,,1,92,,161518,6,0,7 18 9,1,5,,161519,6,,,1,95,,161520,6,0,7 18 9,1,5,,161521,6,,,1,90,,161522,6,0,7 18 9,1,5,,161523,6,,,1,95,,161524,6,0,7 18 9,1,5,,161525,6,,,1,90,,161526,6,0,7 18 9,1,5,,161527,6,,,1,210,,161528,6,0,7 18 9,1,20,,161529,6,,,1,80,,161530,6,0,7 18 9,1,20,,161531,6,,,1,80,,161532,6,,,1,100,,161533,6,,,1,73,,161534,6,0,7 18 9,1,95,,161535,6,,,1,35,,161536,6,,,1,102,,161537,6,,,1
3000,'20260810',442,,161538,6,,,1,188,,161539,6,,,1,97,,161540,6,,,1,92,,161541,6,,,1,110,,161542,6,,,1,102,,161543,6,,,1,105,,161544,6,,,1,100,,161545,6,,,1,95,,161546,6,,,1,95,,161547,6,,,1,223,,161550,6,0,7 18 9,1,5,,161551,6,,,1,70,,161552,6,,,1,102,,161553,6,0,7 18 9,1,5,,161554,6,,,1,100,,161555,6,0,7 18 9,1,5,,161556,6,,,1,100,,161557,6,,,1,166,,161558,6,,,1
3000,'20260811',442,,161559,6,,,1,188,,161560,6,,,1,97,,161561,6,,,1,92,,161562,6,,,1,110,,161563,6,,,1,102,,161564,6,,,1,105,,161565,6,,,1,100,,161566,6,,,1,95,,161567,6,,,1,95,,161568,6,,,1,223,,161571,6,0,7 18 9,1,5,,161572,6,,,1,70,,161573,6,,,1,102,,161574,6,0,7 18 9,1,5,,161575,6,,,1,100,,161576,6,0,7 18 9,1,5,,161577,6,,,1,100,,161578,6,,,1,166,,161579,6,,,1
3000,'20260812',442,,161580,6,,,1,188,,161581,6,,,1,97,,161582,6,,,1,92,,161583,6,,,1,110,,161584,6,,,1,102,,161585,6,,,1,105,,161586,6,,,1,100,,161587,6,,,1,95,,161588,6,,,1,95,,161589,6,,,1,223,,161592,6,0,7 18 9,1,5,,161593,6,,,1,70,,161594,6,,,1,102,,161595,6,0,7 18 9,1,5,,161596,6,,,1,100,,161597,6,0,7 18 9,1,5,,161598,6,,,1,100,,161599,6,,,1,166,,161600,6,,,1
3000,'20260813',442,,161601,6,,,1,188,,161602,6,,,1,97,,161603,6,,,1,92,,161604,6,,,1,110,,161605,6,,,1,102,,161606,6,,,1,105,,161607,6,,,1,95,,161608,6,0,7 18 9,1,5,,161609,6,,,1,80,,161610,6,0,7 18 9,1,15,,161611,6,,,1,95,,161612,6,,,1,218,,161616,6,,,1,5,,161617,6,0,7 18 9,1,5,,161618,6,,,1,60,,161619,6,0,7 18 9,1,10,,161620,6,,,1,97,,161621,6,0,7 18 9,1,5,,161622,6,0,7 18 9,1,5,,161623,6,,,1,100,,161624,6,0,7 18 9,1,5,,161625,6,,,1,100,,161626,6,,,1,166,,161627,6,,,1
3000,'20260814',442,,161628,6,,,1,188,,161629,6,,,1,97,,161630,6,,,1,92,,161631,6,,,1,110,,161632,6,,,1,102,,161633,6,,,1,105,,161634,6,,,1,95,,161635,6,0,7 18 9,1,5,,161636,6,,,1,80,,161637,6,0,7 18 9,1,15,,161638,6,,,1,90,,161639,6,0,7 18 9,1,5,,161640,6,,,1,218,,161644,6,,,1,5,,161645,6,0,7 18 9,1,5,,161646,6,,,1,60,,161647,6,0,7 18 9,1,10,,161648,6,,,1,97,,161649,6,0,7 18 9,1,5,,161650,6,0,7 18 9,1,5,,161651,6,,,1,100,,161652,6,0,7 18 9,1,5,,161653,6,,,1,71,,161654,6,0,7 18 9,1,29,,161655,6,,,1,166,,161656,6,,,1
3000,'20260815',641,,161657,6,0,7 18 9,1,5,,161658,6,,,1,190,,161659,6,0,7 18 9,1,5,,161660,6,,,1,95,,161662,6,0,7 18 9,1,5,,161663,6,,,1,92,,161665,6,0,7 18 9,1,5,,161666,6,,,1,95,,161668,6,0,7 18 9,1,5,,161669,6,,,1,90,,161671,6,0,7 18 9,1,5,,161672,6,,,1,95,,161674,6,0,7 18 9,1,5,,161675,6,,,1,90,,161677,6,0,7 18 9,1,5,,161678,6,,,1,210,,161680,6,0,7 18 9,1,20,,161681,6,,,1,80,,161682,6,0,7 18 9,1,20,,161683,6,,,1,80,,161684,6,,,1,100,,161685,6,,,1,73,,161686,6,0,7 18 9,1,95,,161687,6,,,1,35,,161688,6,,,1,102,,161689,6,,,1
3000,'20260816',646,,161690,6,,,1,190,,161691,6,0,7 18 9,1,5,,161692,6,,,1,95,,161693,6,0,7 18 9,1,5,,161694,6,,,1,92,,161695,6,0,7 18 9,1,5,,161696,6,,,1,95,,161697,6,0,7 18 9,1,5,,161698,6,,,1,90,,161699,6,0,7 18 9,1,5,,161700,6,,,1,95,,161701,6,0,7 18 9,1,5,,161702,6,,,1,90,,161703,6,0,7 18 9,1,5,,161704,6,,,1,210,,161705,6,0,7 18 9,1,20,,161706,6,,,1,80,,161707,6,0,7 18 9,1,20,,161708,6,,,1,80,,161709,6,,,1,100,,161710,6,,,1,73,,161711,6,0,7 18 9,1,95,,161712,6,,,1,35,,161713,6,,,1,102,,161714,6,,,1
3000,'20260817',442,,161715,6,,,1,188,,161716,6,,,1,97,,161717,6,,,1,92,,161718,6,,,1,110,,161719,6,,,1,102,,161720,6,,,1,105,,161721,6,,,1,100,,161722,6,,,1,95,,161723,6,,,1,95,,161724,6,,,1,223,,161727,6,0,7 18 9,1,5,,161728,6,,,1,70,,161729,6,,,1,102,,161730,6,0,7 18 9,1,5,,161731,6,,,1,100,,161732,6,0,7 18 9,1,5,,161733,6,,,1,100,,161734,6,,,1,166,,161735,6,,,1
3000,'20260818',442,,161736,6,,,1,188,,161737,6,,,1,97,,161738,6,,,1,92,,161739,6,,,1,110,,161740,6,,,1,102,,161741,6,,,1,105,,161742,6,,,1,100,,161743,6,,,1,95,,161744,6,,,1,95,,161745,6,,,1,223,,161748,6,0,7 18 9,1,5,,161749,6,,,1,70,,161750,6,,,1,102,,161751,6,0,7 18 9,1,5,,161752,6,,,1,100,,161753,6,0,7 18 9,1,5,,161754,6,,,1,100,,161755,6,,,1,166,,161756,6,,,1
3000,'20260819',442,,161757,6,,,1,188,,161758,6,,,1,97,,161759,6,,,1,92,,161760,6,,,1,110,,161761,6,,,1,102,,161762,6,,,1,105,,161763,6,,,1,100,,161764,6,,,1,95,,161765,6,,,1,95,,161766,6,,,1,223,,161769,6,0,7 18 9,1,5,,161770,6,,,1,70,,161771,6,,,1,102,,161772,6,0,7 18 9,1,5,,161773,6,,,1,100,,161774,6,0,7 18 9,1,5,,161775,6,,,1,100,,161776,6,,,1,166,,161777,6,,,1
3000,'20260820',442,,161778,6,,,1,188,,161779,6,,,1,97,,161780,6,,,1,92,,161781,6,,,1,110,,161782,6,,,1,102,,161783,6,,,1,105,,161784,6,,,1,95,,161785,6,0,7 18 9,1,5,,161786,6,,,1,80,,161787,6,0,7 18 9,1,15,,161788,6,,,1,95,,161789,6,,,1,218,,161793,6,,,1,5,,161794,6,0,7 18 9,1,5,,161795,6,,,1,60,,161796,6,0,7 18 9,1,10,,161797,6,,,1,97,,161798,6,0,7 18 9,1,5,,161799,6,0,7 18 9,1,5,,161800,6,,,1,100,,161801,6,0,7 18 9,1,5,,161802,6,,,1,100,,161803,6,,,1,166,,161804,6,,,1
3000,'20260821',442,,161805,6,,,1,188,,161806,6,,,1,97,,161807,6,,,1,92,,161808,6,,,1,110,,161809,6,,,1,102,,161810,6,,,1,105,,161811,6,,,1,95,,161812,6,0,7 18 9,1,5,,161813,6,,,1,80,,161814,6,0,7 18 9,1,15,,161815,6,,,1,90,,161816,6,0,7 18 9,1,5,,161817,6,,,1,218,,161821,6,,,1,5,,161822,6,0,7 18 9,1,5,,161823,6,,,1,60,,161824,6,0,7 18 9,1,10,,161825,6,,,1,97,,161826,6,0,7 18 9,1,5,,161827,6,0,7 18 9,1,5,,161828,6,,,1,100,,161829,6,0,7 18 9,1,5,,161830,6,,,1,71,,161831,6,0,7 18 9,1,29,,161832,6,,,1,166,,161833,6,,,1
3000,'20260822',641,,161834,6,0,7 18 9,1,5,,161835,6,,,1,190,,161836,6,0,7 18 9,1,5,,161837,6,,,1,95,,161839,6,0,7 18 9,1,5,,161840,6,,,1,92,,161842,6,0,7 18 9,1,5,,161843,6,,,1,95,,161845,6,0,7 18 9,1,5,,161846,6,,,1,90,,161848,6,0,7 18 9,1,5,,161849,6,,,1,95,,161851,6,0,7 18 9,1,5,,161852,6,,,1,90,,161854,6,0,7 18 9,1,5,,161855,6,,,1,210,,161857,6,0,7 18 9,1,20,,161858,6,,,1,80,,161859,6,0,7 18 9,1,20,,161860,6,,,1,80,,161861,6,,,1,100,,161862,6,,,1,73,,161863,6,0,7 18 9,1,95,,161864,6,,,1,35,,161865,6,,,1,102,,161866,6,,,1
3000,'20260823',646,,161867,6,,,1,190,,161868,6,0,7 18 9,1,5,,161869,6,,,1,95,,161870,6,0,7 18 9,1,5,,161871,6,,,1,92,,161872,6,0,7 18 9,1,5,,161873,6,,,1,95,,161874,6,0,7 18 9,1,5,,161875,6,,,1,90,,161876,6,0,7 18 9,1,5,,161877,6,,,1,95,,161878,6,0,7 18 9,1,5,,161879,6,,,1,90,,161880,6,0,7 18 9,1,5,,161881,6,,,1,210,,161882,6,0,7 18 9,1,20,,161883,6,,,1,80,,161884,6,0,7 18 9,1,20,,161885,6,,,1,80,,161886,6,,,1,100,,161887,6,,,1,73,,161888,6,0,7 18 9,1,95,,161889,6,,,1,35,,161890,6,,,1,102,,161891,6,,,1
3000,'20260824',442,,161892,6,,,1,188,,161893,6,,,1,97,,161894,6,,,1,92,,161895,6,,,1,110,,161896,6,,,1,102,,161897,6,,,1,105,,161898,6,,,1,100,,161899,6,,,1,95,,161900,6,,,1,95,,161901,6,,,1,223,,161904,6,0,7 18 9,1,5,,161905,6,,,1,70,,161906,6,,,1,102,,161907,6,0,7 18 9,1,5,,161908,6,,,1,100,,161909,6,0,7 18 9,1,5,,161910,6,,,1,100,,161911,6,,,1,166,,161912,6,,,1
3000,'20260825',442,,161913,6,,,1,188,,161914,6,,,1,97,,161915,6,,,1,92,,161916,6,,,1,110,,161917,6,,,1,102,,161918,6,,,1,105,,161919,6,,,1,100,,161920,6,,,1,95,,161921,6,,,1,95,,161922,6,,,1,223,,161925,6,0,7 18 9,1,5,,161926,6,,,1,70,,161927,6,,,1,102,,161928,6,0,7 18 9,1,5,,161929,6,,,1,100,,161930,6,0,7 18 9,1,5,,161931,6,,,1,100,,161932,6,,,1,166,,161933,6,,,1
3000,'20260826',442,,161934,6,,,1,188,,161935,6,,,1,97,,161936,6,,,1,92,,161937,6,,,1,110,,161938,6,,,1,102,,161939,6,,,1,105,,161940,6,,,1,100,,161941,6,,,1,95,,161942,6,,,1,95,,161943,6,,,1,223,,161946,6,0,7 18 9,1,5,,161947,6,,,1,70,,161948,6,,,1,102,,161949,6,0,7 18 9,1,5,,161950,6,,,1,100,,161951,6,0,7 18 9,1,5,,161952,6,,,1,100,,161953,6,,,1,166,,161954,6,,,1
3000,'20260827',442,,161955,6,,,1,188,,161956,6,,,1,97,,161957,6,,,1,92,,161958,6,,,1,110,,161959,6,,,1,102,,161960,6,,,1,105,,161961,6,,,1,95,,161962,6,0,7 18 9,1,5,,161963,6,,,1,80,,161964,6,0,7 18 9,1,15,,161965,6,,,1,95,,161966,6,,,1,218,,161970,6,,,1,5,,161971,6,0,7 18 9,1,5,,161972,6,,,1,60,,161973,6,0,7 18 9,1,10,,161974,6,,,1,97,,161975,6,0,7 18 9,1,5,,161976,6,0,7 18 9,1,5,,161977,6,,,1,100,,161978,6,0,7 18 9,1,5,,161979,6,,,1,100,,161980,6,,,1,166,,161981,6,,,1
3000,'20260828',442,,161982,6,,,1,188,,161983,6,,,1,97,,161984,6,,,1,92,,161985,6,,,1,110,,161986,6,,,1,102,,161987,6,,,1,105,,161988,6,,,1,95,,161989,6,0,7 18 9,1,5,,161990,6,,,1,80,,161991,6,0,7 18 9,1,15,,161992,6,,,1,90,,161993,6,0,7 18 9,1,5,,161994,6,,,1,218,,161998,6,,,1,5,,161999,6,0,7 18 9,1,5,,162000,6,,,1,60,,162001,6,0,7 18 9,1,10,,162002,6,,,1,97,,162003,6,0,7 18 9,1,5,,162004,6,0,7 18 9,1,5,,162005,6,,,1,100,,162006,6,0,7 18 9,1,5,,162007,6,,,1,71,,162008,6,0,7 18 9,1,29,,162009,6,,,1,166,,162010,6,,,1
3000,'20260829',641,,162011,6,0,7 18 9,1,5,,162012,6,,,1,190,,162013,6,0,7 18 9,1,5,,162014,6,,,1,95,,162016,6,0,7 18 9,1,5,,162017,6,,,1,92,,162019,6,0,7 18 9,1,5,,162020,6,,,1,95,,162022,6,0,7 18 9,1,5,,162023,6,,,1,90,,162025,6,0,7 18 9,1,5,,162026,6,,,1,95,,162028,6,0,7 18 9,1,5,,162029,6,,,1,90,,162031,6,0,7 18 9,1,5,,162032,6,,,1,210,,162034,6,0,7 18 9,1,20,,162035,6,,,1,80,,162036,6,0,7 18 9,1,20,,162037,6,,,1,80,,162038,6,,,1,100,,162039,6,,,1,73,,162040,6,0,7 18 9,1,95,,162041,6,,,1,35,,162042,6,,,1,102,,162043,6,,,1
3000,'20260830',646,,162044,6,,,1,190,,162045,6,0,7 18 9,1,5,,162046,6,,,1,95,,162047,6,0,7 18 9,1,5,,162048,6,,,1,92,,162049,6,0,7 18 9,1,5,,162050,6,,,1,95,,162051,6,0,7 18 9,1,5,,162052,6,,,1,90,,162053,6,0,7 18 9,1,5,,162054,6,,,1,95,,162055,6,0,7 18 9,1,5,,162056,6,,,1,90,,162057,6,0,7 18 9,1,5,,162058,6,,,1,210,,162059,6,0,7 18 9,1,20,,162060,6,,,1,80,,162061,6,0,7 18 9,1,20,,162062,6,,,1,80,,162063,6,,,1,100,,162064,6,,,1,73,,162065,6,0,7 18 9,1,95,,162066,6,,,1,35,,162067,6,,,1,102,,162068,6,,,1
3000,'20260831',442,,162069,6,,,1,188,,162070,6,,,1,97,,162071,6,,,1,92,,162072,6,,,1,110,,162073,6,,,1,102,,162074,6,,,1,105,,162075,6,,,1,100,,162076,6,,,1,95,,162077,6,,,1,95,,162078,6,,,1,223,,162081,6,0,7 18 9,1,5,,162082,6,,,1,70,,162083,6,,,1,102,,162084,6,0,7 18 9,1,5,,162085,6,,,1,100,,162086,6,0,7 18 9,1,5,,162087,6,,,1,100,,162088,6,,,1,166,,162089,6,,,1
3000,'20260901',442,,162090,6,,,1,188,,162091,6,,,1,97,,162092,6,,,1,92,,162093,6,,,1,110,,162094,6,,,1,102,,162095,6,,,1,105,,162096,6,,,1,100,,162097,6,,,1,95,,162098,6,,,1,95,,162099,6,,,1,223,,162102,6,0,7 18 9,1,5,,162103,6,,,1,70,,162104,6,,,1,102,,162105,6,0,7 18 9,1,5,,162106,6,,,1,100,,162107,6,0,7 18 9,1,5,,162108,6,,,1,100,,162109,6,,,1,166,,162110,6,,,1
3000,'20260902',442,,162111,6,,,1,188,,162112,6,,,1,97,,162113,6,,,1,92,,162114,6,,,1,110,,162115,6,,,1,102,,162116,6,,,1,105,,162117,6,,,1,100,,162118,6,,,1,95,,162119,6,,,1,95,,162120,6,,,1,223,,162123,6,0,7 18 9,1,5,,162124,6,,,1,70,,162125,6,,,1,102,,162126,6,0,7 18 9,1,5,,162127,6,,,1,100,,162128,6,0,7 18 9,1,5,,162129,6,,,1,100,,162130,6,,,1,166,,162131,6,,,1
3000,'20260903',442,,162132,6,,,1,188,,162133,6,,,1,97,,162134,6,,,1,92,,162135,6,,,1,110,,162136,6,,,1,102,,162137,6,,,1,105,,162138,6,,,1,95,,162139,6,0,7 18 9,1,5,,162140,6,,,1,80,,162141,6,0,7 18 9,1,15,,162142,6,,,1,95,,162143,6,,,1,218,,162147,6,,,1,5,,162148,6,0,7 18 9,1,5,,162149,6,,,1,60,,162150,6,0,7 18 9,1,10,,162151,6,,,1,97,,162152,6,0,7 18 9,1,5,,162153,6,0,7 18 9,1,5,,162154,6,,,1,100,,162155,6,0,7 18 9,1,5,,162156,6,,,1,100,,162157,6,,,1,166,,162158,6,,,1
3000,'20260904',442,,162159,6,,,1,188,,162160,6,,,1,97,,162161,6,,,1,92,,162162,6,,,1,110,,162163,6,,,1,102,,162164,6,,,1,105,,162165,6,,,1,95,,162166,6,0,7 18 9,1,5,,162167,6,,,1,80,,162168,6,0,7 18 9,1,15,,162169,6,,,1,90,,162170,6,0,7 18 9,1,5,,162171,6,,,1,218,,162175,6,,,1,5,,162176,6,0,7 18 9,1,5,,162177,6,,,1,60,,162178,6,0,7 18 9,1,10,,162179,6,,,1,97,,162180,6,0,7 18 9,1,5,,162181,6,0,7 18 9,1,5,,162182,6,,,1,100,,162183,6,0,7 18 9,1,5,,162184,6,,,1,71,,162185,6,0,7 18 9,1,29,,162186,6,,,1,166,,162187,6,,,1
