2100,'20260409',416,,12371,24,,,1,35,,12372,24,,,1,65,,12373,24,,,1,425,,12376,24,0,7 29 30,1,70,,12378,24,0,7 29 30,1,35,,12381,24,0,7 29 30,1,70,,12383,24,0,7 29 30,1,35,,12386,24,0,7 29 30,1,100,,12389,24,0,7 29 30,1,100,,12392,24,0,7 29 30,1,95,,12395,24,0,7 29 30,1,102,,12398,24,0,7 29 30,1,105,,12402,24,,,1,100,,12403,24,,,1,100,,12404,24,,,1,100,,12405,24,,,1,99,,12406,24,,,1,101,,12407,24,,,1,99,,12408,24,,,1,105,,12409,24,,,1,99,,12410,24,,,1
2100,'20260410',416,,12411,24,,,1,35,,12412,24,,,1,65,,12413,24,,,1,425,,12416,24,0,7 29 30,1,70,,12418,24,0,7 29 30,1,35,,12421,24,0,7 29 30,1,70,,12423,24,0,7 29 30,1,35,,12426,24,0,7 29 30,1,100,,12429,24,0,7 29 30,1,100,,12432,24,0,7 29 30,1,95,,12435,24,0,7 29 30,1,102,,12438,24,0,7 29 30,1,105,,12442,24,,,1,100,,12443,24,,,1,100,,12444,24,,,1,100,,12445,24,,,1,99,,12446,24,,,1,101,,12447,24,,,1,99,,12448,24,,,1,105,,12449,24,,,1,99,,12450,24,,,1
2100,'20260411',517,,12451,24,0,57 29 30,1,100,,12452,24,0,57 29 30,1,34,,12453,24,0,57 29 30,1,105,,12454,24,0,7 29 30,1,45,,12455,2,0,34 29 30,1,55,,12457,24,0,7 29 30,1,45,,12459,2,0,34 29 30,1,55,,12461,24,0,7 29 30,1,45,,12463,2,0,34 29 30,1,52,,12465,24,0,7 29 30,1,48,,12467,2,0,34 29 30,1,53,,12469,24,0,7 29 30,1,47,,12470,2,0,34 29 30,1,55,,12472,24,0,7 29 30,1,45,,12473,2,0,34 29 30,1,55,,12475,24,0,7 29 30,1,45,,12476,2,0,34 29 30,1,55,,12478,24,0,7 29 30,1,45,,12479,2,0,34 29 30,1,55,,12481,24,0,7 29 30,1,45,,12482,2,0,34 29 30,1,51,,12484,24,0,7 29 30,1,49,,12485,2,0,34 29 30,1,48,,12487,24,0,7 29 30,1,52,,12488,2,0,34 29 30,1,53,,12489,24,0,7 29 30,1,47,,12490,2,0,34 29 30,1,53,,12491,24,0,57 29 30,1,95,,12492,24,0,57 29 30,1,100,,12493,24,0,57 29 30,1,100,,12494,24,0,57 29 30,1,102,,12495,24,0,57 29 30,1,100,,12496,24,0,57 29 30,1
2100,'20260412',517,,12497,24,0,57 29 30,1,100,,12498,24,0,57 29 30,1,34,,12499,24,0,57 29 30,1,105,,12500,24,0,7 29 30,1,45,,12501,2,0,34 29 30,1,55,,12503,24,0,7 29 30,1,45,,12505,2,0,34 29 30,1,55,,12507,24,0,7 29 30,1,45,,12509,2,0,34 29 30,1,52,,12511,24,0,7 29 30,1,48,,12513,2,0,34 29 30,1,53,,12515,24,0,7 29 30,1,47,,12516,2,0,34 29 30,1,55,,12518,24,0,7 29 30,1,45,,12519,2,0,34 29 30,1,55,,12521,24,0,7 29 30,1,45,,12522,2,0,34 29 30,1,55,,12524,24,0,7 29 30,1,45,,12525,2,0,34 29 30,1,55,,12527,24,0,7 29 30,1,45,,12528,2,0,34 29 30,1,51,,12530,24,0,7 29 30,1,49,,12531,2,0,34 29 30,1,48,,12533,24,0,7 29 30,1,52,,12534,2,0,34 29 30,1,53,,12535,24,0,7 29 30,1,47,,12536,2,0,34 29 30,1,53,,12537,24,0,57 29 30,1,95,,12538,24,0,57 29 30,1,100,,12539,24,0,57 29 30,1,100,,12540,24,0,57 29 30,1,102,,12541,24,0,57 29 30,1,100,,12542,24,0,57 29 30,1
2100,'20260413',416,,12543,24,,,1,35,,12544,24,,,1,65,,12545,24,,,1,425,,12548,24,0,7 29 30,1,70,,12550,24,0,7 29 30,1,35,,12553,24,0,7 29 30,1,70,,12555,24,0,7 29 30,1,35,,12558,24,0,7 29 30,1,100,,12561,24,0,7 29 30,1,100,,12564,24,0,7 29 30,1,95,,12567,24,0,7 29 30,1,102,,12570,24,0,7 29 30,1,105,,12574,24,,,1,100,,12575,24,,,1,100,,12576,24,,,1,100,,12577,24,,,1,99,,12578,24,,,1,101,,12579,24,,,1,99,,12580,24,,,1,105,,12581,24,,,1,99,,12582,24,,,1
2100,'20260414',416,,12583,24,,,1,35,,12584,24,,,1,65,,12585,24,,,1,425,,12588,24,0,7 29 30,1,70,,12590,24,0,7 29 30,1,35,,12593,24,0,7 29 30,1,70,,12595,24,0,7 29 30,1,35,,12598,24,0,7 29 30,1,100,,12601,24,0,7 29 30,1,100,,12604,24,0,7 29 30,1,95,,12607,24,0,7 29 30,1,102,,12610,24,0,7 29 30,1,105,,12614,24,,,1,100,,12615,24,,,1,100,,12616,24,,,1,100,,12617,24,,,1,99,,12618,24,,,1,101,,12619,24,,,1,99,,12620,24,,,1,105,,12621,24,,,1,99,,12622,24,,,1
2100,'20260415',416,,12623,24,,,1,35,,12624,24,,,1,65,,12625,24,,,1,425,,12628,24,0,7 29 30,1,70,,12630,24,0,7 29 30,1,35,,12633,24,0,7 29 30,1,70,,12635,24,0,7 29 30,1,35,,12638,24,0,7 29 30,1,100,,12641,24,0,7 29 30,1,100,,12644,24,0,7 29 30,1,95,,12647,24,0,7 29 30,1,102,,12650,24,0,7 29 30,1,105,,12654,24,,,1,100,,12655,24,,,1,100,,12656,24,,,1,100,,12657,24,,,1,99,,12658,24,,,1,101,,12659,24,,,1,99,,12660,24,,,1,105,,12661,24,,,1,99,,12662,24,,,1
2100,'20260416',416,,12663,24,,,1,35,,12664,24,,,1,65,,12665,24,,,1,425,,12668,24,0,7 29 30,1,70,,12670,24,0,7 29 30,1,35,,12673,24,0,7 29 30,1,70,,12675,24,0,7 29 30,1,35,,12678,24,0,7 29 30,1,100,,12681,24,0,7 29 30,1,100,,12684,24,0,7 29 30,1,95,,12687,24,0,7 29 30,1,102,,12690,24,0,7 29 30,1,105,,12694,24,,,1,100,,12695,24,,,1,100,,12696,24,,,1,100,,12697,24,,,1,99,,12698,24,,,1,101,,12699,24,,,1,99,,12700,24,,,1,105,,12701,24,,,1,99,,12702,24,,,1
2100,'20260417',416,,12703,24,,,1,35,,12704,24,,,1,65,,12705,24,,,1,425,,12708,24,0,7 29 30,1,70,,12710,24,0,7 29 30,1,35,,12713,24,0,7 29 30,1,70,,12715,24,0,7 29 30,1,35,,12718,24,0,7 29 30,1,100,,12721,24,0,7 29 30,1,100,,12724,24,0,7 29 30,1,95,,12727,24,0,7 29 30,1,102,,12730,24,0,7 29 30,1,105,,12734,24,,,1,100,,12735,24,,,1,100,,12736,24,,,1,100,,12737,24,,,1,99,,12738,24,,,1,101,,12739,24,,,1,99,,12740,24,,,1,105,,12741,24,,,1,99,,12742,24,,,1
2100,'20260418',517,,12743,24,0,57 29 30,1,100,,12744,24,0,57 29 30,1,34,,12745,24,0,57 29 30,1,105,,12746,24,0,7 29 30,1,45,,12747,2,0,34 29 30,1,55,,12749,24,0,7 29 30,1,45,,12751,2,0,34 29 30,1,55,,12753,24,0,7 29 30,1,45,,12755,2,0,34 29 30,1,52,,12757,24,0,7 29 30,1,48,,12759,2,0,34 29 30,1,53,,12761,24,0,7 29 30,1,47,,12762,2,0,34 29 30,1,55,,12764,24,0,7 29 30,1,45,,12765,2,0,34 29 30,1,55,,12767,24,0,7 29 30,1,45,,12768,2,0,34 29 30,1,55,,12770,24,0,7 29 30,1,45,,12771,2,0,34 29 30,1,55,,12773,24,0,7 29 30,1,45,,12774,2,0,34 29 30,1,51,,12776,24,0,7 29 30,1,49,,12777,2,0,34 29 30,1,48,,12779,24,0,7 29 30,1,52,,12780,2,0,34 29 30,1,53,,12781,24,0,7 29 30,1,47,,12782,2,0,34 29 30,1,53,,12783,24,0,57 29 30,1,95,,12784,24,0,57 29 30,1,100,,12785,24,0,57 29 30,1,100,,12786,24,0,57 29 30,1,102,,12787,24,0,57 29 30,1,100,,12788,24,0,57 29 30,1
2100,'20260419',517,,12789,24,0,57 29 30,1,100,,12790,24,0,57 29 30,1,34,,12791,24,0,57 29 30,1,105,,12792,24,0,7 29 30,1,45,,12793,2,0,34 29 30,1,55,,12795,24,0,7 29 30,1,45,,12797,2,0,34 29 30,1,55,,12799,24,0,7 29 30,1,45,,12801,2,0,34 29 30,1,52,,12803,24,0,7 29 30,1,48,,12805,2,0,34 29 30,1,53,,12807,24,0,7 29 30,1,47,,12808,2,0,34 29 30,1,55,,12810,24,0,7 29 30,1,45,,12811,2,0,34 29 30,1,55,,12813,24,0,7 29 30,1,45,,12814,2,0,34 29 30,1,55,,12816,24,0,7 29 30,1,45,,12817,2,0,34 29 30,1,55,,12819,24,0,7 29 30,1,45,,12820,2,0,34 29 30,1,51,,12822,24,0,7 29 30,1,49,,12823,2,0,34 29 30,1,48,,12825,24,0,7 29 30,1,52,,12826,2,0,34 29 30,1,53,,12827,24,0,7 29 30,1,47,,12828,2,0,34 29 30,1,53,,12829,24,0,57 29 30,1,95,,12830,24,0,57 29 30,1,100,,12831,24,0,57 29 30,1,100,,12832,24,0,57 29 30,1,102,,12833,24,0,57 29 30,1,100,,12834,24,0,57 29 30,1
2100,'20260420',416,,12835,24,,,1,35,,12836,24,,,1,65,,12837,24,,,1,425,,12840,24,0,7 29 30,1,70,,12842,24,0,7 29 30,1,35,,12845,24,0,7 29 30,1,70,,12847,24,0,7 29 30,1,35,,12850,24,0,7 29 30,1,100,,12853,24,0,7 29 30,1,100,,12856,24,0,7 29 30,1,95,,12859,24,0,7 29 30,1,102,,12862,24,0,7 29 30,1,105,,12866,24,,,1,100,,12867,24,,,1,100,,12868,24,,,1,100,,12869,24,,,1,99,,12870,24,,,1,101,,12871,24,,,1,99,,12872,24,,,1,105,,12873,24,,,1,99,,12874,24,,,1
2100,'20260421',416,,12875,24,,,1,35,,12876,24,,,1,65,,12877,24,,,1,425,,12880,24,0,7 29 30,1,70,,12882,24,0,7 29 30,1,35,,12885,24,0,7 29 30,1,70,,12887,24,0,7 29 30,1,35,,12890,24,0,7 29 30,1,100,,12893,24,0,7 29 30,1,100,,12896,24,0,7 29 30,1,95,,12899,24,0,7 29 30,1,102,,12902,24,0,7 29 30,1,105,,12906,24,,,1,100,,12907,24,,,1,100,,12908,24,,,1,100,,12909,24,,,1,99,,12910,24,,,1,101,,12911,24,,,1,99,,12912,24,,,1,105,,12913,24,,,1,99,,12914,24,,,1
2100,'20260422',416,,12915,24,,,1,35,,12916,24,,,1,65,,12917,24,,,1,425,,12920,24,0,7 29 30,1,70,,12922,24,0,7 29 30,1,35,,12925,24,0,7 29 30,1,70,,12927,24,0,7 29 30,1,35,,12930,24,0,7 29 30,1,100,,12933,24,0,7 29 30,1,100,,12936,24,0,7 29 30,1,95,,12939,24,0,7 29 30,1,102,,12942,24,0,7 29 30,1,105,,12946,24,,,1,100,,12947,24,,,1,100,,12948,24,,,1,100,,12949,24,,,1,99,,12950,24,,,1,101,,12951,24,,,1,99,,12952,24,,,1,105,,12953,24,,,1,99,,12954,24,,,1
2100,'20260423',416,,12955,24,,,1,35,,12956,24,,,1,65,,12957,24,,,1,425,,12960,24,0,7 29 30,1,70,,12962,24,0,7 29 30,1,35,,12965,24,0,7 29 30,1,70,,12967,24,0,7 29 30,1,35,,12970,24,0,7 29 30,1,100,,12973,24,0,7 29 30,1,100,,12976,24,0,7 29 30,1,95,,12979,24,0,7 29 30,1,102,,12982,24,0,7 29 30,1,105,,12986,24,,,1,100,,12987,24,,,1,100,,12988,24,,,1,100,,12989,24,,,1,99,,12990,24,,,1,101,,12991,24,,,1,99,,12992,24,,,1,105,,12993,24,,,1,99,,12994,24,,,1
2100,'20260424',416,,12995,24,,,1,35,,12996,24,,,1,65,,12997,24,,,1,425,,13000,24,0,7 29 30,1,70,,13002,24,0,7 29 30,1,35,,13005,24,0,7 29 30,1,70,,13007,24,0,7 29 30,1,35,,13010,24,0,7 29 30,1,100,,13013,24,0,7 29 30,1,100,,13016,24,0,7 29 30,1,95,,13019,24,0,7 29 30,1,102,,13022,24,0,7 29 30,1,105,,13026,24,,,1,100,,13027,24,,,1,100,,13028,24,,,1,100,,13029,24,,,1,99,,13030,24,,,1,101,,13031,24,,,1,99,,13032,24,,,1,105,,13033,24,,,1,99,,13034,24,,,1
2700,'20260409',531,,19020,24,0,7 6,1,20,,19021,2,0,5 6,1,65,,19022,24,0,7 6,1,22,,19023,24,0,7 6,1,18,,19024,24,0,7 6,1,65,,19025,24,0,7 6,1,25,,19026,24,0,7 6,1,70,,19027,24,0,7 6,1,35,,19028,24,0,7 6,1,105,,19029,24,0,7 6,1,100,,19030,24,0,7 6,1,100,,19031,2,0,5 6,1,100,,19032,2,0,5 6,1,100,,19033,2,0,5 6,1,95,,19034,2,0,5 6,1,65,,19035,24,0,7 6,1,35,,19036,24,0,7 6,1,65,,19037,24,0,7 6,1,20,,19038,2,0,5 6,1,15,,19039,24,0,7 6,1,75,,19040,24,0,7 6,1,80,,19041,24,0,7 6,1,50,,19042,24,0,7 6,1,145,,19043,2,0,5 6,1,100,,19044,2,0,5 6,1,200,,19045,2,0,5 6,1
2700,'20260410',531,,19046,24,0,7 6,1,85,,19047,24,0,7 6,1,22,,19048,24,0,7 6,1,18,,19049,24,0,7 6,1,65,,19050,24,0,7 6,1,25,,19051,24,0,7 6,1,70,,19052,24,0,7 6,1,35,,19053,24,0,7 6,1,105,,19054,24,0,7 6,1,100,,19055,24,0,7 6,1,100,,19056,2,0,5 6,1,100,,19057,2,0,5 6,1,100,,19058,2,0,5 6,1,95,,19059,2,0,5 6,1,65,,19060,24,0,7 6,1,35,,19061,24,0,7 6,1,65,,19062,24,0,7 6,1,35,,19063,24,0,7 6,1,75,,19064,24,0,7 6,1,80,,19065,24,0,7 6,1,50,,19066,24,0,7 6,1,145,,19067,2,0,5 6,1,100,,19068,2,0,5 6,1,200,,19069,2,0,5 6,1
2700,'20260411',557,,19070,24,0,7 6,1,144,,19071,2,0,5 6,1,100,,19072,2,0,5 6,1,100,,19073,2,0,5 6,1,100,,19074,2,0,5 6,1,100,,19075,2,0,5 6,1,100,,19076,2,0,5 6,1,100,,19077,2,0,5 6,1,100,,19078,2,0,5 6,1,100,,19079,2,0,5 6,1,100,,19080,2,0,5 6,1,100,,19081,2,0,5 6,1,100,,19082,2,0,5 6,1,100,,19083,2,0,5 6,1,100,,19084,2,0,5 6,1,100,,19085,2,0,5 6,1,200,,19086,2,0,5 6,1
2700,'20260412',557,,19087,24,0,7 6,1,144,,19088,2,0,5 6,1,100,,19089,2,0,5 6,1,100,,19090,2,0,5 6,1,100,,19091,2,0,5 6,1,100,,19092,2,0,5 6,1,100,,19093,2,0,5 6,1,100,,19094,2,0,5 6,1,100,,19095,2,0,5 6,1,100,,19096,2,0,5 6,1,100,,19097,2,0,5 6,1,100,,19098,2,0,5 6,1,100,,19099,2,0,5 6,1,100,,19100,2,0,5 6,1,100,,19101,2,0,5 6,1,100,,19102,2,0,5 6,1,200,,19103,2,0,5 6,1
2700,'20260413',531,,19104,24,0,7 6,1,20,,19105,2,0,5 6,1,65,,19106,24,0,7 6,1,22,,19107,24,0,7 6,1,18,,19108,24,0,7 6,1,65,,19109,24,0,7 6,1,25,,19110,24,0,7 6,1,70,,19111,24,0,7 6,1,35,,19112,24,0,7 6,1,105,,19113,24,0,7 6,1,100,,19114,24,0,7 6,1,100,,19115,2,0,5 6,1,100,,19116,2,0,5 6,1,100,,19117,2,0,5 6,1,95,,19118,2,0,5 6,1,65,,19119,24,0,7 6,1,35,,19120,24,0,7 6,1,65,,19121,24,0,7 6,1,20,,19122,2,0,5 6,1,15,,19123,24,0,7 6,1,75,,19124,24,0,7 6,1,80,,19125,24,0,7 6,1,50,,19126,24,0,7 6,1,145,,19127,2,0,5 6,1,100,,19128,2,0,5 6,1,200,,19129,2,0,5 6,1
2700,'20260414',531,,19130,24,0,7 6,1,20,,19131,2,0,5 6,1,65,,19132,24,0,7 6,1,22,,19133,24,0,7 6,1,18,,19134,24,0,7 6,1,65,,19135,24,0,7 6,1,25,,19136,24,0,7 6,1,70,,19137,24,0,7 6,1,35,,19138,24,0,7 6,1,105,,19139,24,0,7 6,1,100,,19140,24,0,7 6,1,100,,19141,2,0,5 6,1,100,,19142,2,0,5 6,1,100,,19143,2,0,5 6,1,95,,19144,2,0,5 6,1,65,,19145,24,0,7 6,1,35,,19146,24,0,7 6,1,65,,19147,24,0,7 6,1,20,,19148,2,0,5 6,1,15,,19149,24,0,7 6,1,75,,19150,24,0,7 6,1,80,,19151,24,0,7 6,1,50,,19152,24,0,7 6,1,145,,19153,2,0,5 6,1,100,,19154,2,0,5 6,1,200,,19155,2,0,5 6,1
2700,'20260415',531,,19156,24,0,7 6,1,20,,19157,2,0,5 6,1,65,,19158,24,0,7 6,1,22,,19159,24,0,7 6,1,18,,19160,24,0,7 6,1,65,,19161,24,0,7 6,1,25,,19162,24,0,7 6,1,70,,19163,24,0,7 6,1,35,,19164,24,0,7 6,1,105,,19165,24,0,7 6,1,100,,19166,24,0,7 6,1,100,,19167,2,0,5 6,1,100,,19168,2,0,5 6,1,100,,19169,2,0,5 6,1,95,,19170,2,0,5 6,1,65,,19171,24,0,7 6,1,35,,19172,24,0,7 6,1,65,,19173,24,0,7 6,1,20,,19174,2,0,5 6,1,15,,19175,24,0,7 6,1,75,,19176,24,0,7 6,1,80,,19177,24,0,7 6,1,50,,19178,24,0,7 6,1,145,,19179,2,0,5 6,1,100,,19180,2,0,5 6,1,200,,19181,2,0,5 6,1
2700,'20260416',531,,19182,24,0,7 6,1,20,,19183,2,0,5 6,1,65,,19184,24,0,7 6,1,22,,19185,24,0,7 6,1,18,,19186,24,0,7 6,1,65,,19187,24,0,7 6,1,25,,19188,24,0,7 6,1,70,,19189,24,0,7 6,1,35,,19190,24,0,7 6,1,105,,19191,24,0,7 6,1,100,,19192,24,0,7 6,1,100,,19193,2,0,5 6,1,100,,19194,2,0,5 6,1,100,,19195,2,0,5 6,1,95,,19196,2,0,5 6,1,65,,19197,24,0,7 6,1,35,,19198,24,0,7 6,1,65,,19199,24,0,7 6,1,20,,19200,2,0,5 6,1,15,,19201,24,0,7 6,1,75,,19202,24,0,7 6,1,80,,19203,24,0,7 6,1,50,,19204,24,0,7 6,1,145,,19205,2,0,5 6,1,100,,19206,2,0,5 6,1,200,,19207,2,0,5 6,1
2700,'20260417',531,,19208,24,0,7 6,1,85,,19209,24,0,7 6,1,22,,19210,24,0,7 6,1,18,,19211,24,0,7 6,1,65,,19212,24,0,7 6,1,25,,19213,24,0,7 6,1,70,,19214,24,0,7 6,1,35,,19215,24,0,7 6,1,105,,19216,24,0,7 6,1,100,,19217,24,0,7 6,1,100,,19218,2,0,5 6,1,100,,19219,2,0,5 6,1,100,,19220,2,0,5 6,1,95,,19221,2,0,5 6,1,65,,19222,24,0,7 6,1,35,,19223,24,0,7 6,1,65,,19224,24,0,7 6,1,35,,19225,24,0,7 6,1,75,,19226,24,0,7 6,1,80,,19227,24,0,7 6,1,50,,19228,24,0,7 6,1,145,,19229,2,0,5 6,1,100,,19230,2,0,5 6,1,200,,19231,2,0,5 6,1
2700,'20260418',557,,19232,24,0,7 6,1,144,,19233,2,0,5 6,1,100,,19234,2,0,5 6,1,100,,19235,2,0,5 6,1,100,,19236,2,0,5 6,1,100,,19237,2,0,5 6,1,100,,19238,2,0,5 6,1,100,,19239,2,0,5 6,1,100,,19240,2,0,5 6,1,100,,19241,2,0,5 6,1,100,,19242,2,0,5 6,1,100,,19243,2,0,5 6,1,100,,19244,2,0,5 6,1,100,,19245,2,0,5 6,1,100,,19246,2,0,5 6,1,100,,19247,2,0,5 6,1,200,,19248,2,0,5 6,1
2700,'20260419',557,,19249,24,0,7 6,1,144,,19250,2,0,5 6,1,100,,19251,2,0,5 6,1,100,,19252,2,0,5 6,1,100,,19253,2,0,5 6,1,100,,19254,2,0,5 6,1,100,,19255,2,0,5 6,1,100,,19256,2,0,5 6,1,100,,19257,2,0,5 6,1,100,,19258,2,0,5 6,1,100,,19259,2,0,5 6,1,100,,19260,2,0,5 6,1,100,,19261,2,0,5 6,1,100,,19262,2,0,5 6,1,100,,19263,2,0,5 6,1,100,,19264,2,0,5 6,1,200,,19265,2,0,5 6,1
2700,'20260420',531,,19266,24,0,7 6,1,20,,19267,2,0,5 6,1,65,,19268,24,0,7 6,1,22,,19269,24,0,7 6,1,18,,19270,24,0,7 6,1,65,,19271,24,0,7 6,1,25,,19272,24,0,7 6,1,70,,19273,24,0,7 6,1,35,,19274,24,0,7 6,1,105,,19275,24,0,7 6,1,100,,19276,24,0,7 6,1,100,,19277,2,0,5 6,1,100,,19278,2,0,5 6,1,100,,19279,2,0,5 6,1,95,,19280,2,0,5 6,1,65,,19281,24,0,7 6,1,35,,19282,24,0,7 6,1,65,,19283,24,0,7 6,1,20,,19284,2,0,5 6,1,15,,19285,24,0,7 6,1,75,,19286,24,0,7 6,1,80,,19287,24,0,7 6,1,50,,19288,24,0,7 6,1,145,,19289,2,0,5 6,1,100,,19290,2,0,5 6,1,200,,19291,2,0,5 6,1
2700,'20260421',531,,19292,24,0,7 6,1,20,,19293,2,0,5 6,1,65,,19294,24,0,7 6,1,22,,19295,24,0,7 6,1,18,,19296,24,0,7 6,1,65,,19297,24,0,7 6,1,25,,19298,24,0,7 6,1,70,,19299,24,0,7 6,1,35,,19300,24,0,7 6,1,105,,19301,24,0,7 6,1,100,,19302,24,0,7 6,1,100,,19303,2,0,5 6,1,100,,19304,2,0,5 6,1,100,,19305,2,0,5 6,1,95,,19306,2,0,5 6,1,65,,19307,24,0,7 6,1,35,,19308,24,0,7 6,1,65,,19309,24,0,7 6,1,20,,19310,2,0,5 6,1,15,,19311,24,0,7 6,1,75,,19312,24,0,7 6,1,80,,19313,24,0,7 6,1,50,,19314,24,0,7 6,1,145,,19315,2,0,5 6,1,100,,19316,2,0,5 6,1,200,,19317,2,0,5 6,1
2700,'20260422',531,,19318,24,0,7 6,1,20,,19319,2,0,5 6,1,65,,19320,24,0,7 6,1,22,,19321,24,0,7 6,1,18,,19322,24,0,7 6,1,65,,19323,24,0,7 6,1,25,,19324,24,0,7 6,1,70,,19325,24,0,7 6,1,35,,19326,24,0,7 6,1,105,,19327,24,0,7 6,1,100,,19328,24,0,7 6,1,100,,19329,2,0,5 6,1,100,,19330,2,0,5 6,1,100,,19331,2,0,5 6,1,95,,19332,2,0,5 6,1,65,,19333,24,0,7 6,1,35,,19334,24,0,7 6,1,65,,19335,24,0,7 6,1,20,,19336,2,0,5 6,1,15,,19337,24,0,7 6,1,75,,19338,24,0,7 6,1,80,,19339,24,0,7 6,1,50,,19340,24,0,7 6,1,145,,19341,2,0,5 6,1,100,,19342,2,0,5 6,1,200,,19343,2,0,5 6,1
2700,'20260423',531,,19344,24,0,7 6,1,20,,19345,2,0,5 6,1,65,,19346,24,0,7 6,1,22,,19347,24,0,7 6,1,18,,19348,24,0,7 6,1,65,,19349,24,0,7 6,1,25,,19350,24,0,7 6,1,70,,19351,24,0,7 6,1,35,,19352,24,0,7 6,1,105,,19353,24,0,7 6,1,100,,19354,24,0,7 6,1,100,,19355,2,0,5 6,1,100,,19356,2,0,5 6,1,100,,19357,2,0,5 6,1,95,,19358,2,0,5 6,1,65,,19359,24,0,7 6,1,35,,19360,24,0,7 6,1,65,,19361,24,0,7 6,1,20,,19362,2,0,5 6,1,15,,19363,24,0,7 6,1,75,,19364,24,0,7 6,1,80,,19365,24,0,7 6,1,50,,19366,24,0,7 6,1,145,,19367,2,0,5 6,1,100,,19368,2,0,5 6,1,200,,19369,2,0,5 6,1
2700,'20260424',531,,19370,24,0,7 6,1,85,,19371,24,0,7 6,1,22,,19372,24,0,7 6,1,18,,19373,24,0,7 6,1,65,,19374,24,0,7 6,1,25,,19375,24,0,7 6,1,70,,19376,24,0,7 6,1,35,,19377,24,0,7 6,1,105,,19378,24,0,7 6,1,100,,19379,24,0,7 6,1,100,,19380,2,0,5 6,1,100,,19381,2,0,5 6,1,100,,19382,2,0,5 6,1,95,,19383,2,0,5 6,1,65,,19384,24,0,7 6,1,35,,19385,24,0,7 6,1,65,,19386,24,0,7 6,1,35,,19387,24,0,7 6,1,75,,19388,24,0,7 6,1,80,,19389,24,0,7 6,1,50,,19390,24,0,7 6,1,145,,19391,2,0,5 6,1,100,,19392,2,0,5 6,1,200,,19393,2,0,5 6,1
4800,'20260409',541,,45719,24,,,1,93,,45720,24,,,1,98,,45721,24,,,1,95,,45722,24,,,1,104,,45723,24,,,1,105,,45724,24,,,1,100,,45725,24,,,1,100,,45726,24,,,1,100,,45727,24,,,1,100,,45728,24,,,1,88,,45729,24,,,1,95,,45730,24,,,1,105,,45731,24,,,1,110,,45732,24,,,1,100,,45733,24,,,1,205,,45734,24,,,1,205,,45735,24,,,1
4800,'20260410',541,,45736,24,,,1,93,,45737,24,,,1,98,,45738,24,,,1,95,,45739,24,,,1,104,,45740,24,,,1,105,,45741,24,,,1,100,,45742,24,,,1,100,,45743,24,,,1,100,,45744,24,,,1,100,,45745,24,,,1,88,,45746,24,,,1,95,,45747,24,,,1,105,,45748,24,,,1,110,,45749,24,,,1,100,,45750,24,,,1,205,,45751,24,,,1,205,,45752,24,,,1
4800,'20260413',541,,45753,24,,,1,93,,45754,24,,,1,98,,45755,24,,,1,95,,45756,24,,,1,104,,45757,24,,,1,105,,45758,24,,,1,100,,45759,24,,,1,100,,45760,24,,,1,100,,45761,24,,,1,100,,45762,24,,,1,88,,45763,24,,,1,95,,45764,24,,,1,105,,45765,24,,,1,110,,45766,24,,,1,100,,45767,24,,,1,205,,45768,24,,,1,205,,45769,24,,,1
4800,'20260414',541,,45770,24,,,1,93,,45771,24,,,1,98,,45772,24,,,1,95,,45773,24,,,1,104,,45774,24,,,1,105,,45775,24,,,1,100,,45776,24,,,1,100,,45777,24,,,1,100,,45778,24,,,1,100,,45779,24,,,1,88,,45780,24,,,1,95,,45781,24,,,1,105,,45782,24,,,1,110,,45783,24,,,1,100,,45784,24,,,1,205,,45785,24,,,1,205,,45786,24,,,1
4800,'20260415',541,,45787,24,,,1,93,,45788,24,,,1,98,,45789,24,,,1,95,,45790,24,,,1,104,,45791,24,,,1,105,,45792,24,,,1,100,,45793,24,,,1,100,,45794,24,,,1,100,,45795,24,,,1,100,,45796,24,,,1,88,,45797,24,,,1,95,,45798,24,,,1,105,,45799,24,,,1,110,,45800,24,,,1,100,,45801,24,,,1,205,,45802,24,,,1,205,,45803,24,,,1
4800,'20260416',541,,45804,24,,,1,93,,45805,24,,,1,98,,45806,24,,,1,95,,45807,24,,,1,104,,45808,24,,,1,105,,45809,24,,,1,100,,45810,24,,,1,100,,45811,24,,,1,100,,45812,24,,,1,100,,45813,24,,,1,88,,45814,24,,,1,95,,45815,24,,,1,105,,45816,24,,,1,110,,45817,24,,,1,100,,45818,24,,,1,205,,45819,24,,,1,205,,45820,24,,,1
4800,'20260417',541,,45821,24,,,1,93,,45822,24,,,1,98,,45823,24,,,1,95,,45824,24,,,1,104,,45825,24,,,1,105,,45826,24,,,1,100,,45827,24,,,1,100,,45828,24,,,1,100,,45829,24,,,1,100,,45830,24,,,1,88,,45831,24,,,1,95,,45832,24,,,1,105,,45833,24,,,1,110,,45834,24,,,1,100,,45835,24,,,1,205,,45836,24,,,1,205,,45837,24,,,1
4800,'20260420',541,,45838,24,,,1,93,,45839,24,,,1,98,,45840,24,,,1,95,,45841,24,,,1,104,,45842,24,,,1,105,,45843,24,,,1,100,,45844,24,,,1,100,,45845,24,,,1,100,,45846,24,,,1,100,,45847,24,,,1,88,,45848,24,,,1,95,,45849,24,,,1,105,,45850,24,,,1,110,,45851,24,,,1,100,,45852,24,,,1,205,,45853,24,,,1,205,,45854,24,,,1
4800,'20260421',541,,45855,24,,,1,93,,45856,24,,,1,98,,45857,24,,,1,95,,45858,24,,,1,104,,45859,24,,,1,105,,45860,24,,,1,100,,45861,24,,,1,100,,45862,24,,,1,100,,45863,24,,,1,100,,45864,24,,,1,88,,45865,24,,,1,95,,45866,24,,,1,105,,45867,24,,,1,110,,45868,24,,,1,100,,45869,24,,,1,205,,45870,24,,,1,205,,45871,24,,,1
4800,'20260422',541,,45872,24,,,1,93,,45873,24,,,1,98,,45874,24,,,1,95,,45875,24,,,1,104,,45876,24,,,1,105,,45877,24,,,1,100,,45878,24,,,1,100,,45879,24,,,1,100,,45880,24,,,1,100,,45881,24,,,1,88,,45882,24,,,1,95,,45883,24,,,1,105,,45884,24,,,1,110,,45885,24,,,1,100,,45886,24,,,1,205,,45887,24,,,1,205,,45888,24,,,1
4800,'20260423',541,,45889,24,,,1,93,,45890,24,,,1,98,,45891,24,,,1,95,,45892,24,,,1,104,,45893,24,,,1,105,,45894,24,,,1,100,,45895,24,,,1,100,,45896,24,,,1,100,,45897,24,,,1,100,,45898,24,,,1,88,,45899,24,,,1,95,,45900,24,,,1,105,,45901,24,,,1,110,,45902,24,,,1,100,,45903,24,,,1,205,,45904,24,,,1,205,,45905,24,,,1
4800,'20260424',541,,45906,24,,,1,93,,45907,24,,,1,98,,45908,24,,,1,95,,45909,24,,,1,104,,45910,24,,,1,105,,45911,24,,,1,100,,45912,24,,,1,100,,45913,24,,,1,100,,45914,24,,,1,100,,45915,24,,,1,88,,45916,24,,,1,95,,45917,24,,,1,105,,45918,24,,,1,110,,45919,24,,,1,100,,45920,24,,,1,205,,45921,24,,,1,205,,45922,24,,,1
