3700,'20260707',551,,175828,4,0,7 81 82,1,156,,175829,4,0,7 81 82,1,629,,175830,4,,,1,302,,175831,4,,,1,108,,175832,4,,,1,101,,175833,4,,,1,188,,175834,4,,,1
3700,'20260708',551,,175835,4,0,7 81 82,1,156,,175836,4,0,7 81 82,1,629,,175837,4,,,1,302,,175838,4,,,1,108,,175839,4,,,1,101,,175840,4,,,1,188,,175841,4,,,1
3700,'20260709',551,,175842,4,0,7 81 82,1,156,,175843,4,0,7 81 82,1,629,,175844,4,,,1,302,,175845,4,,,1,108,,175846,4,,,1,101,,175847,4,,,1,188,,175848,4,,,1
3700,'20260710',551,,175849,4,0,7 81 82,1,156,,175850,4,0,7 81 82,1,629,,175851,4,,,1,302,,175852,4,,,1,108,,175853,4,,,1,101,,175854,4,,,1,188,,175855,4,,,1
3700,'20260713',551,,175856,4,0,7 81 82,1,156,,175857,4,0,7 81 82,1,629,,175858,4,,,1,302,,175859,4,,,1,108,,175860,4,,,1,101,,175861,4,,,1,188,,175862,4,,,1
3700,'20260714',551,,175863,4,0,7 81 82,1,156,,175864,4,0,7 81 82,1,629,,175865,4,,,1,302,,175866,4,,,1,108,,175867,4,,,1,101,,175868,4,,,1,188,,175869,4,,,1
3700,'20260715',551,,175870,4,0,7 81 82,1,156,,175871,4,0,7 81 82,1,629,,175872,4,,,1,302,,175873,4,,,1,108,,175874,4,,,1,101,,175875,4,,,1,188,,175876,4,,,1
3700,'20260716',551,,175877,4,0,7 81 82,1,156,,175878,4,0,7 81 82,1,629,,175879,4,,,1,302,,175880,4,,,1,108,,175881,4,,,1,101,,175882,4,,,1,188,,175883,4,,,1
3700,'20260717',551,,175884,4,0,7 81 82,1,156,,175885,4,0,7 81 82,1,629,,175886,4,,,1,302,,175887,4,,,1,108,,175888,4,,,1,101,,175889,4,,,1,188,,175890,4,,,1
3700,'20260720',551,,175891,4,0,7 81 82,1,156,,175892,4,0,7 81 82,1,629,,175893,4,,,1,302,,175894,4,,,1,108,,175895,4,,,1,101,,175896,4,,,1,188,,175897,4,,,1
3700,'20260721',551,,175898,4,0,7 81 82,1,156,,175899,4,0,7 81 82,1,629,,175900,4,,,1,302,,175901,4,,,1,108,,175902,4,,,1,101,,175903,4,,,1,188,,175904,4,,,1
3700,'20260722',551,,175905,4,0,7 81 82,1,156,,175906,4,0,7 81 82,1,629,,175907,4,,,1,302,,175908,4,,,1,108,,175909,4,,,1,101,,175910,4,,,1,188,,175911,4,,,1
3700,'20260723',551,,175912,4,0,7 81 82,1,156,,175913,4,0,7 81 82,1,629,,175914,4,,,1,302,,175915,4,,,1,108,,175916,4,,,1,101,,175917,4,,,1,188,,175918,4,,,1
3700,'20260724',551,,175919,4,0,7 81 82,1,156,,175920,4,0,7 81 82,1,629,,175921,4,,,1,302,,175922,4,,,1,108,,175923,4,,,1,101,,175924,4,,,1,188,,175925,4,,,1
3700,'20260727',551,,175926,4,0,7 81 82,1,156,,175927,4,0,7 81 82,1,629,,175928,4,,,1,302,,175929,4,,,1,108,,175930,4,,,1,101,,175931,4,,,1,188,,175932,4,,,1
3700,'20260728',551,,175933,4,0,7 81 82,1,156,,175934,4,0,7 81 82,1,629,,175935,4,,,1,302,,175936,4,,,1,108,,175937,4,,,1,101,,175938,4,,,1,188,,175939,4,,,1
3700,'20260729',551,,175940,4,0,7 81 82,1,156,,175941,4,0,7 81 82,1,629,,175942,4,,,1,302,,175943,4,,,1,108,,175944,4,,,1,101,,175945,4,,,1,188,,175946,4,,,1
3700,'20260730',551,,175947,4,0,7 81 82,1,156,,175948,4,0,7 81 82,1,629,,175949,4,,,1,302,,175950,4,,,1,108,,175951,4,,,1,101,,175952,4,,,1,188,,175953,4,,,1
3700,'20260731',551,,175954,4,0,7 81 82,1,156,,175955,4,0,7 81 82,1,629,,175956,4,,,1,302,,175957,4,,,1,108,,175958,4,,,1,101,,175959,4,,,1,188,,175960,4,,,1
3700,'20260804',551,,175961,4,0,7 81 82,1,156,,175962,4,0,7 81 82,1,629,,175963,4,,,1,302,,175964,4,,,1,108,,175965,4,,,1,101,,175966,4,,,1,188,,175967,4,,,1
3700,'20260805',551,,175968,4,0,7 81 82,1,156,,175969,4,0,7 81 82,1,629,,175970,4,,,1,302,,175971,4,,,1,108,,175972,4,,,1,101,,175973,4,,,1,188,,175974,4,,,1
3700,'20260806',551,,175975,4,0,7 81 82,1,156,,175976,4,0,7 81 82,1,629,,175977,4,,,1,302,,175978,4,,,1,108,,175979,4,,,1,101,,175980,4,,,1,188,,175981,4,,,1
3700,'20260807',551,,175982,4,0,7 81 82,1,156,,175983,4,0,7 81 82,1,629,,175984,4,,,1,302,,175985,4,,,1,108,,175986,4,,,1,101,,175987,4,,,1,188,,175988,4,,,1
3700,'20260810',551,,175989,4,0,7 81 82,1,156,,175990,4,0,7 81 82,1,629,,175991,4,,,1,302,,175992,4,,,1,108,,175993,4,,,1,101,,175994,4,,,1,188,,175995,4,,,1
3700,'20260811',551,,175996,4,0,7 81 82,1,156,,175997,4,0,7 81 82,1,629,,175998,4,,,1,302,,175999,4,,,1,108,,176000,4,,,1,101,,176001,4,,,1,188,,176002,4,,,1
3700,'20260812',551,,176003,4,0,7 81 82,1,156,,176004,4,0,7 81 82,1,629,,176005,4,,,1,302,,176006,4,,,1,108,,176007,4,,,1,101,,176008,4,,,1,188,,176009,4,,,1
3700,'20260813',551,,176010,4,0,7 81 82,1,156,,176011,4,0,7 81 82,1,629,,176012,4,,,1,302,,176013,4,,,1,108,,176014,4,,,1,101,,176015,4,,,1,188,,176016,4,,,1
3700,'20260814',551,,176017,4,0,7 81 82,1,156,,176018,4,0,7 81 82,1,629,,176019,4,,,1,302,,176020,4,,,1,108,,176021,4,,,1,101,,176022,4,,,1,188,,176023,4,,,1
3700,'20260817',551,,176024,4,0,7 81 82,1,156,,176025,4,0,7 81 82,1,629,,176026,4,,,1,302,,176027,4,,,1,108,,176028,4,,,1,101,,176029,4,,,1,188,,176030,4,,,1
3700,'20260818',551,,176031,4,0,7 81 82,1,156,,176032,4,0,7 81 82,1,629,,176033,4,,,1,302,,176034,4,,,1,108,,176035,4,,,1,101,,176036,4,,,1,188,,176037,4,,,1
3700,'20260819',551,,176038,4,0,7 81 82,1,156,,176039,4,0,7 81 82,1,629,,176040,4,,,1,302,,176041,4,,,1,108,,176042,4,,,1,101,,176043,4,,,1,188,,176044,4,,,1
3700,'20260820',551,,176045,4,0,7 81 82,1,156,,176046,4,0,7 81 82,1,629,,176047,4,,,1,302,,176048,4,,,1,108,,176049,4,,,1,101,,176050,4,,,1,188,,176051,4,,,1
3700,'20260821',551,,176052,4,0,7 81 82,1,156,,176053,4,0,7 81 82,1,629,,176054,4,,,1,302,,176055,4,,,1,108,,176056,4,,,1,101,,176057,4,,,1,188,,176058,4,,,1
3700,'20260824',551,,176059,4,0,7 81 82,1,156,,176060,4,0,7 81 82,1,629,,176061,4,,,1,302,,176062,4,,,1,108,,176063,4,,,1,101,,176064,4,,,1,188,,176065,4,,,1
3700,'20260825',551,,176066,4,0,7 81 82,1,156,,176067,4,0,7 81 82,1,629,,176068,4,,,1,302,,176069,4,,,1,108,,176070,4,,,1,101,,176071,4,,,1,188,,176072,4,,,1
3700,'20260826',551,,176073,4,0,7 81 82,1,156,,176074,4,0,7 81 82,1,629,,176075,4,,,1,302,,176076,4,,,1,108,,176077,4,,,1,101,,176078,4,,,1,188,,176079,4,,,1
3700,'20260827',551,,176080,4,0,7 81 82,1,156,,176081,4,0,7 81 82,1,629,,176082,4,,,1,302,,176083,4,,,1,108,,176084,4,,,1,101,,176085,4,,,1,188,,176086,4,,,1
3700,'20260828',551,,176087,4,0,7 81 82,1,156,,176088,4,0,7 81 82,1,629,,176089,4,,,1,302,,176090,4,,,1,108,,176091,4,,,1,101,,176092,4,,,1,188,,176093,4,,,1
3700,'20260831',551,,176094,4,0,7 81 82,1,156,,176095,4,0,7 81 82,1,629,,176096,4,,,1,302,,176097,4,,,1,108,,176098,4,,,1,101,,176099,4,,,1,188,,176100,4,,,1
3700,'20260901',551,,176101,4,0,7 81 82,1,156,,176102,4,0,7 81 82,1,629,,176103,4,,,1,302,,176104,4,,,1,108,,176105,4,,,1,101,,176106,4,,,1,188,,176107,4,,,1
3700,'20260902',551,,176108,4,0,7 81 82,1,156,,176109,4,0,7 81 82,1,629,,176110,4,,,1,302,,176111,4,,,1,108,,176112,4,,,1,101,,176113,4,,,1,188,,176114,4,,,1
3700,'20260903',551,,176115,4,0,7 81 82,1,156,,176116,4,0,7 81 82,1,629,,176117,4,,,1,302,,176118,4,,,1,108,,176119,4,,,1,101,,176120,4,,,1,188,,176121,4,,,1
3700,'20260904',551,,176122,4,0,7 81 82,1,156,,176123,4,0,7 81 82,1,629,,176124,4,,,1,302,,176125,4,,,1,108,,176126,4,,,1,101,,176127,4,,,1,188,,176128,4,,,1
