3100,'20260506',431,,86365,21,0,16 29 30,1,80,,86366,21,0,57 29 30,1,1131,,86368,47,0,5 18 9,1,100,,86369,47,0,5 18 9,1,73,,86370,47,0,5 18 9,1,591,,86371,21,0,16 29 30,1,100,,86372,21,0,16 29 30,1
3100,'20260507',431,,86373,21,0,16 29 30,1,80,,86374,21,0,57 29 30,1,1131,,86376,47,0,5 18 9,1,100,,86377,47,0,5 18 9,1,73,,86378,47,0,5 18 9,1,591,,86379,21,0,16 29 30,1,100,,86380,21,0,16 29 30,1
3100,'20260508',431,,86381,21,0,16 29 30,1,80,,86382,21,0,57 29 30,1,1131,,86384,47,0,5 18 9,1,100,,86385,47,0,5 18 9,1,73,,86386,47,0,5 18 9,1,591,,86387,21,0,16 29 30,1,100,,86388,21,0,16 29 30,1
3100,'20260509',531,,86389,21,0,16 29 30,1,20,,86390,9,0,77 29 30,1,55,,86391,9,0,78 29 30,1,25,,86392,21,0,57 29 30,1,15,,86393,9,0,77 29 30,1,55,,86395,9,0,77 29 30,1,1635,,86396,21,0,16 29 30,1,100,,86397,21,0,16 29 30,1
3100,'20260510',531,,86398,21,0,16 29 30,1,20,,86399,9,0,77 29 30,1,55,,86400,9,0,78 29 30,1,25,,86401,21,0,57 29 30,1,15,,86402,9,0,77 29 30,1,55,,86404,9,0,77 29 30,1,1635,,86405,21,0,16 29 30,1,100,,86406,21,0,16 29 30,1
3100,'20260511',431,,86407,21,0,16 29 30,1,80,,86408,21,0,57 29 30,1,1131,,86410,47,0,5 18 9,1,100,,86411,47,0,5 18 9,1,73,,86412,47,0,5 18 9,1,591,,86413,21,0,16 29 30,1,100,,86414,21,0,16 29 30,1
3100,'20260512',431,,86415,21,0,16 29 30,1,80,,86416,21,0,57 29 30,1,1131,,86418,47,0,5 18 9,1,100,,86419,47,0,5 18 9,1,73,,86420,47,0,5 18 9,1,591,,86421,21,0,16 29 30,1,100,,86422,21,0,16 29 30,1
3100,'20260513',431,,86423,21,0,16 29 30,1,80,,86424,21,0,57 29 30,1,1131,,86426,47,0,5 18 9,1,100,,86427,47,0,5 18 9,1,73,,86428,47,0,5 18 9,1,591,,86429,21,0,16 29 30,1,100,,86430,21,0,16 29 30,1
3100,'20260514',431,,86431,21,0,16 29 30,1,80,,86432,21,0,57 29 30,1,1131,,86434,47,0,5 18 9,1,100,,86435,47,0,5 18 9,1,73,,86436,47,0,5 18 9,1,591,,86437,21,0,16 29 30,1,100,,86438,21,0,16 29 30,1
3100,'20260515',431,,86439,21,0,16 29 30,1,80,,86440,21,0,57 29 30,1,1131,,86442,47,0,5 18 9,1,100,,86443,47,0,5 18 9,1,73,,86444,47,0,5 18 9,1,591,,86445,21,0,16 29 30,1,100,,86446,21,0,16 29 30,1
3100,'20260516',531,,86447,21,0,16 29 30,1,20,,86448,9,0,77 29 30,1,55,,86449,9,0,78 29 30,1,25,,86450,21,0,57 29 30,1,15,,86451,9,0,77 29 30,1,55,,86453,9,0,77 29 30,1,1635,,86504,21,0,16 29 30,1,100,,86505,21,0,16 29 30,1
3100,'20260517',531,,86506,21,0,16 29 30,1,20,,86507,9,0,77 29 30,1,55,,86508,9,0,78 29 30,1,25,,86509,21,0,57 29 30,1,15,,86510,9,0,77 29 30,1,55,,86512,9,0,77 29 30,1,1635,,86563,21,0,16 29 30,1,100,,86564,21,0,16 29 30,1
3100,'20260518',531,,86565,21,0,16 29 30,1,20,,86566,9,0,77 29 30,1,55,,86567,9,0,78 29 30,1,25,,86568,21,0,57 29 30,1,15,,86569,9,0,77 29 30,1,55,,86571,9,0,77 29 30,1,1635,,86622,21,0,16 29 30,1,100,,86623,21,0,16 29 30,1
3100,'20260519',431,,86624,21,0,16 29 30,1,80,,86625,21,0,57 29 30,1,1131,,86627,47,0,5 18 9,1,100,,86628,47,0,5 18 9,1,73,,86629,47,0,5 18 9,1,591,,86630,21,0,16 29 30,1,100,,86631,21,0,16 29 30,1
3100,'20260520',431,,86632,21,0,16 29 30,1,80,,86633,21,0,57 29 30,1,1131,,86635,47,0,5 18 9,1,100,,86636,47,0,5 18 9,1,73,,86637,47,0,5 18 9,1,591,,86638,21,0,16 29 30,1,100,,86639,21,0,16 29 30,1
3100,'20260521',431,,86640,21,0,16 29 30,1,80,,86641,21,0,57 29 30,1,1131,,86643,47,0,5 18 9,1,100,,86644,47,0,5 18 9,1,73,,86645,47,0,5 18 9,1,591,,86646,21,0,16 29 30,1,100,,86647,21,0,16 29 30,1
3100,'20260522',431,,86648,21,0,16 29 30,1,80,,86649,21,0,57 29 30,1,1131,,86651,47,0,5 18 9,1,100,,86652,47,0,5 18 9,1,73,,86653,47,0,5 18 9,1,591,,86654,21,0,16 29 30,1,100,,86655,21,0,16 29 30,1
3100,'20260523',531,,86656,21,0,16 29 30,1,20,,86657,9,0,77 29 30,1,55,,86658,9,0,78 29 30,1,25,,86659,21,0,57 29 30,1,15,,86660,9,0,77 29 30,1,55,,86662,9,0,77 29 30,1,1635,,86663,21,0,16 29 30,1,100,,86664,21,0,16 29 30,1
3100,'20260524',531,,86665,21,0,16 29 30,1,20,,86666,9,0,77 29 30,1,55,,86667,9,0,78 29 30,1,25,,86668,21,0,57 29 30,1,15,,86669,9,0,77 29 30,1,55,,86671,9,0,77 29 30,1,1635,,86672,21,0,16 29 30,1,100,,86673,21,0,16 29 30,1
3100,'20260525',431,,86674,21,0,16 29 30,1,80,,86675,21,0,57 29 30,1,1131,,86677,47,0,5 18 9,1,100,,86678,47,0,5 18 9,1,73,,86679,47,0,5 18 9,1,591,,86680,21,0,16 29 30,1,100,,86681,21,0,16 29 30,1
3100,'20260526',431,,86682,21,0,16 29 30,1,80,,86683,21,0,57 29 30,1,1131,,86685,47,0,5 18 9,1,100,,86686,47,0,5 18 9,1,73,,86687,47,0,5 18 9,1,591,,86688,21,0,16 29 30,1,100,,86689,21,0,16 29 30,1
3100,'20260527',431,,86690,21,0,16 29 30,1,80,,86691,21,0,57 29 30,1,1131,,86693,47,0,5 18 9,1,100,,86694,47,0,5 18 9,1,73,,86695,47,0,5 18 9,1,591,,86696,21,0,16 29 30,1,100,,86697,21,0,16 29 30,1
3100,'20260528',431,,86698,21,0,16 29 30,1,80,,86699,21,0,57 29 30,1,1131,,86701,47,0,5 18 9,1,100,,86702,47,0,5 18 9,1,73,,86703,47,0,5 18 9,1,591,,86704,21,0,16 29 30,1,100,,86705,21,0,16 29 30,1
3100,'20260529',431,,86706,21,0,16 29 30,1,80,,86707,21,0,57 29 30,1,1131,,86709,47,0,5 18 9,1,100,,86710,47,0,5 18 9,1,73,,86711,47,0,5 18 9,1,591,,86712,21,0,16 29 30,1,100,,86713,21,0,16 29 30,1
3100,'20260530',531,,86714,21,0,16 29 30,1,20,,86715,9,0,77 29 30,1,55,,86716,9,0,78 29 30,1,25,,86717,21,0,57 29 30,1,15,,86718,9,0,77 29 30,1,55,,86720,9,0,77 29 30,1,1635,,86721,21,0,16 29 30,1,100,,86722,21,0,16 29 30,1
3100,'20260531',531,,86723,21,0,16 29 30,1,20,,86724,9,0,77 29 30,1,55,,86725,9,0,78 29 30,1,25,,86726,21,0,57 29 30,1,15,,86727,9,0,77 29 30,1,55,,86729,9,0,77 29 30,1,1635,,86730,21,0,16 29 30,1,100,,86731,21,0,16 29 30,1
3100,'20260601',431,,86732,21,0,16 29 30,1,80,,86733,21,0,57 29 30,1,1131,,86735,47,0,5 18 9,1,100,,86736,47,0,5 18 9,1,73,,86737,47,0,5 18 9,1,591,,86738,21,0,16 29 30,1,100,,86739,21,0,16 29 30,1
3100,'20260602',431,,86740,21,0,16 29 30,1,80,,86741,21,0,57 29 30,1,1131,,86743,47,0,5 18 9,1,100,,86744,47,0,5 18 9,1,73,,86745,47,0,5 18 9,1,591,,86746,21,0,16 29 30,1,100,,86747,21,0,16 29 30,1
3100,'20260603',431,,86748,21,0,16 29 30,1,80,,86749,21,0,57 29 30,1,1131,,86751,47,0,5 18 9,1,100,,86752,47,0,5 18 9,1,73,,86753,47,0,5 18 9,1,591,,86754,21,0,16 29 30,1,100,,86755,21,0,16 29 30,1
3100,'20260604',431,,86756,21,0,16 29 30,1,80,,86757,21,0,57 29 30,1,1131,,86759,47,0,5 18 9,1,100,,86760,47,0,5 18 9,1,73,,86761,47,0,5 18 9,1,591,,86762,21,0,16 29 30,1,100,,86763,21,0,16 29 30,1
3100,'20260605',431,,86764,21,0,16 29 30,1,80,,86765,21,0,57 29 30,1,1131,,86767,47,0,5 18 9,1,100,,86768,47,0,5 18 9,1,73,,86769,47,0,5 18 9,1,591,,86770,21,0,16 29 30,1,100,,86771,21,0,16 29 30,1
3100,'20260606',531,,86772,21,0,16 29 30,1,20,,86773,9,0,77 29 30,1,55,,86774,9,0,78 29 30,1,25,,86775,21,0,57 29 30,1,15,,86776,9,0,77 29 30,1,55,,86778,9,0,77 29 30,1,1635,,86779,21,0,16 29 30,1,100,,86780,21,0,16 29 30,1
3100,'20260607',531,,86781,21,0,16 29 30,1,20,,86782,9,0,77 29 30,1,55,,86783,9,0,78 29 30,1,25,,86784,21,0,57 29 30,1,15,,86785,9,0,77 29 30,1,55,,86787,9,0,77 29 30,1,1635,,86788,21,0,16 29 30,1,100,,86789,21,0,16 29 30,1
3100,'20260608',431,,86790,21,0,16 29 30,1,80,,86791,21,0,57 29 30,1,1131,,86793,47,0,5 18 9,1,100,,86794,47,0,5 18 9,1,73,,86795,47,0,5 18 9,1,591,,86796,21,0,16 29 30,1,100,,86797,21,0,16 29 30,1
3100,'20260609',431,,86798,21,0,16 29 30,1,80,,86799,21,0,57 29 30,1,1131,,86801,47,0,5 18 9,1,100,,86802,47,0,5 18 9,1,73,,86803,47,0,5 18 9,1,591,,86804,21,0,16 29 30,1,100,,86805,21,0,16 29 30,1
3100,'20260610',431,,86806,21,0,16 29 30,1,80,,86807,21,0,57 29 30,1,1131,,86809,47,0,5 18 9,1,100,,86810,47,0,5 18 9,1,73,,86811,47,0,5 18 9,1,591,,86812,21,0,16 29 30,1,100,,86813,21,0,16 29 30,1
3100,'20260611',431,,86814,21,0,16 29 30,1,80,,86815,21,0,57 29 30,1,1131,,86817,47,0,5 18 9,1,100,,86818,47,0,5 18 9,1,73,,86819,47,0,5 18 9,1,591,,86820,21,0,16 29 30,1,100,,86821,21,0,16 29 30,1
3100,'20260612',431,,86822,21,0,16 29 30,1,80,,86823,21,0,57 29 30,1,1131,,86825,47,0,5 18 9,1,100,,86826,47,0,5 18 9,1,73,,86827,47,0,5 18 9,1,591,,86828,21,0,16 29 30,1,100,,86829,21,0,16 29 30,1
3300,'20260506',530,,89147,21,0,16 24 25,1,22,,89148,9,0,5 24 25,1,60,,89149,9,0,5 24 25,1,15,,89150,9,0,5 24 25,1,15,,89151,21,0,16 24 25,1,15,,89152,9,0,5 24 25,1,55,,89153,9,0,5 24 25,1,10,,89154,47,,,1,10,,89155,9,0,5 24 25,1,15,,89156,9,0,5 24 25,1,70,,89157,21,0,16 24 25,1,95,,89158,47,,,1,25,,89159,9,0,5 24 25,1,70,,89160,9,0,5 24 25,1,100,,89162,9,0,5 24 25,1,100,,89163,9,0,5 24 25,1,100,,89165,9,0,5 24 25,1,95,,89166,9,0,5 24 25,1,100,,89168,9,0,5 24 25,1,105,,89170,9,0,5 24 25,1,40,,89171,2,0,7 24 25,1,70,,89172,2,0,7 24 25,1,30,,89173,2,0,7 24 25,1,101,,89174,47,,,1,161,,89176,9,0,5 24 25,1,100,,89178,9,0,5 24 25,1,98,,89180,9,0,5 24 25,1,51,,89181,21,0,52 18 9,1
3300,'20260507',530,,89182,21,0,16 24 25,1,22,,89183,9,0,5 24 25,1,60,,89184,9,0,5 24 25,1,15,,89185,9,0,5 24 25,1,15,,89186,21,0,16 24 25,1,15,,89187,9,0,5 24 25,1,55,,89188,9,0,5 24 25,1,10,,89189,47,,,1,10,,89190,9,0,5 24 25,1,15,,89191,9,0,5 24 25,1,70,,89192,21,0,16 24 25,1,95,,89193,47,,,1,25,,89194,9,0,5 24 25,1,70,,89195,9,0,5 24 25,1,100,,89197,9,0,5 24 25,1,100,,89198,9,0,5 24 25,1,100,,89200,9,0,5 24 25,1,95,,89201,9,0,5 24 25,1,100,,89203,9,0,5 24 25,1,105,,89205,9,0,5 24 25,1,40,,89206,2,0,7 24 25,1,70,,89207,2,0,7 24 25,1,30,,89208,2,0,7 24 25,1,101,,89209,47,,,1,161,,89211,9,0,5 24 25,1,100,,89213,9,0,5 24 25,1,98,,89215,9,0,5 24 25,1,51,,89216,21,0,52 18 9,1
3300,'20260508',530,,89217,21,0,16 24 25,1,22,,89218,9,0,5 24 25,1,60,,89219,9,0,5 24 25,1,15,,89220,9,0,5 24 25,1,15,,89221,21,0,16 24 25,1,15,,89222,9,0,5 24 25,1,55,,89223,9,0,5 24 25,1,10,,89224,47,,,1,10,,89225,9,0,5 24 25,1,15,,89226,9,0,5 24 25,1,70,,89227,21,0,16 24 25,1,95,,89228,47,,,1,25,,89229,9,0,5 24 25,1,70,,89230,9,0,5 24 25,1,100,,89232,9,0,5 24 25,1,100,,89233,9,0,5 24 25,1,100,,89235,9,0,5 24 25,1,95,,89236,9,0,5 24 25,1,100,,89238,9,0,5 24 25,1,105,,89240,9,0,5 24 25,1,40,,89241,2,0,7 24 25,1,70,,89242,2,0,7 24 25,1,30,,89243,2,0,7 24 25,1,101,,89244,47,,,1,161,,89246,9,0,5 24 25,1,100,,89248,9,0,5 24 25,1,98,,89250,9,0,5 24 25,1,51,,89251,21,0,52 18 9,1
3300,'20260509',754,,89252,47,,,1,198,,89253,47,,,1,202,,89255,47,,,1,203,,89256,47,,,1,200,,89257,47,,,1,197,,89258,47,,,1,200,,89260,47,,,1,200,,89261,47,,,1
3300,'20260510',754,,89263,47,,,1,198,,89264,47,,,1,202,,89266,47,,,1,203,,89267,47,,,1,200,,89268,47,,,1,197,,89269,47,,,1,200,,89271,47,,,1,200,,89272,47,,,1
3300,'20260511',530,,89274,21,0,16 24 25,1,22,,89275,9,0,5 24 25,1,60,,89276,9,0,5 24 25,1,15,,89277,9,0,5 24 25,1,15,,89278,21,0,16 24 25,1,15,,89279,9,0,5 24 25,1,55,,89280,9,0,5 24 25,1,10,,89281,47,,,1,10,,89282,9,0,5 24 25,1,15,,89283,9,0,5 24 25,1,70,,89284,21,0,16 24 25,1,95,,89285,47,,,1,25,,89286,9,0,5 24 25,1,70,,89287,9,0,5 24 25,1,100,,89289,9,0,5 24 25,1,100,,89290,9,0,5 24 25,1,100,,89292,9,0,5 24 25,1,95,,89293,9,0,5 24 25,1,100,,89295,9,0,5 24 25,1,105,,89297,9,0,5 24 25,1,40,,89298,2,0,7 24 25,1,70,,89299,2,0,7 24 25,1,30,,89300,2,0,7 24 25,1,101,,89301,47,,,1,161,,89303,9,0,5 24 25,1,100,,89305,9,0,5 24 25,1,98,,89307,9,0,5 24 25,1,51,,89308,21,0,52 18 9,1
3300,'20260512',530,,89309,21,0,16 24 25,1,22,,89310,9,0,5 24 25,1,60,,89311,9,0,5 24 25,1,15,,89312,9,0,5 24 25,1,15,,89313,21,0,16 24 25,1,15,,89314,9,0,5 24 25,1,55,,89315,9,0,5 24 25,1,10,,89316,47,,,1,10,,89317,9,0,5 24 25,1,15,,89318,9,0,5 24 25,1,70,,89319,21,0,16 24 25,1,95,,89320,47,,,1,25,,89321,9,0,5 24 25,1,70,,89322,9,0,5 24 25,1,100,,89324,9,0,5 24 25,1,100,,89325,9,0,5 24 25,1,100,,89327,9,0,5 24 25,1,95,,89328,9,0,5 24 25,1,100,,89330,9,0,5 24 25,1,105,,89332,9,0,5 24 25,1,40,,89333,2,0,7 24 25,1,70,,89334,2,0,7 24 25,1,30,,89335,2,0,7 24 25,1,101,,89336,47,,,1,161,,89338,9,0,5 24 25,1,100,,89340,9,0,5 24 25,1,98,,89342,9,0,5 24 25,1,51,,89343,21,0,52 18 9,1
3300,'20260513',530,,89344,21,0,16 24 25,1,22,,89345,9,0,5 24 25,1,60,,89346,9,0,5 24 25,1,15,,89347,9,0,5 24 25,1,15,,89348,21,0,16 24 25,1,15,,89349,9,0,5 24 25,1,55,,89350,9,0,5 24 25,1,10,,89351,47,,,1,10,,89352,9,0,5 24 25,1,15,,89353,9,0,5 24 25,1,70,,89354,21,0,16 24 25,1,95,,89355,47,,,1,25,,89356,9,0,5 24 25,1,70,,89357,9,0,5 24 25,1,100,,89359,9,0,5 24 25,1,100,,89360,9,0,5 24 25,1,100,,89362,9,0,5 24 25,1,95,,89363,9,0,5 24 25,1,100,,89365,9,0,5 24 25,1,105,,89367,9,0,5 24 25,1,40,,89368,2,0,7 24 25,1,70,,89369,2,0,7 24 25,1,30,,89370,2,0,7 24 25,1,101,,89371,47,,,1,161,,89373,9,0,5 24 25,1,100,,89375,9,0,5 24 25,1,98,,89377,9,0,5 24 25,1,51,,89378,21,0,52 18 9,1
3300,'20260514',530,,89379,21,0,16 24 25,1,22,,89380,9,0,5 24 25,1,60,,89381,9,0,5 24 25,1,15,,89382,9,0,5 24 25,1,15,,89383,21,0,16 24 25,1,15,,89384,9,0,5 24 25,1,55,,89385,9,0,5 24 25,1,10,,89386,47,,,1,10,,89387,9,0,5 24 25,1,15,,89388,9,0,5 24 25,1,70,,89389,21,0,16 24 25,1,95,,89390,47,,,1,25,,89391,9,0,5 24 25,1,70,,89392,9,0,5 24 25,1,100,,89394,9,0,5 24 25,1,100,,89395,9,0,5 24 25,1,100,,89397,9,0,5 24 25,1,95,,89398,9,0,5 24 25,1,100,,89400,9,0,5 24 25,1,105,,89402,9,0,5 24 25,1,40,,89403,2,0,7 24 25,1,70,,89404,2,0,7 24 25,1,30,,89405,2,0,7 24 25,1,101,,89406,47,,,1,161,,89408,9,0,5 24 25,1,100,,89410,9,0,5 24 25,1,98,,89412,9,0,5 24 25,1,51,,89413,21,0,52 18 9,1
3300,'20260515',530,,89414,21,0,16 24 25,1,22,,89415,9,0,5 24 25,1,60,,89416,9,0,5 24 25,1,15,,89417,9,0,5 24 25,1,15,,89418,21,0,16 24 25,1,15,,89419,9,0,5 24 25,1,55,,89420,9,0,5 24 25,1,10,,89421,47,,,1,10,,89422,9,0,5 24 25,1,15,,89423,9,0,5 24 25,1,70,,89424,21,0,16 24 25,1,95,,89425,47,,,1,25,,89426,9,0,5 24 25,1,70,,89427,9,0,5 24 25,1,100,,89429,9,0,5 24 25,1,100,,89430,9,0,5 24 25,1,100,,89432,9,0,5 24 25,1,95,,89433,9,0,5 24 25,1,100,,89435,9,0,5 24 25,1,105,,89437,9,0,5 24 25,1,40,,89438,2,0,7 24 25,1,70,,89439,2,0,7 24 25,1,30,,89440,2,0,7 24 25,1,101,,89441,47,,,1,161,,89443,9,0,5 24 25,1,100,,89445,9,0,5 24 25,1,98,,89447,9,0,5 24 25,1,51,,89448,21,0,52 18 9,1
3300,'20260516',754,,89449,47,,,1,198,,89450,47,,,1,202,,89452,47,,,1,203,,89453,47,,,1,200,,89454,47,,,1,197,,89455,47,,,1,200,,89457,47,,,1,200,,89458,47,,,1
3300,'20260517',754,,89460,47,,,1,198,,89461,47,,,1,202,,89463,47,,,1,203,,89464,47,,,1,200,,89465,47,,,1,197,,89466,47,,,1,200,,89468,47,,,1,200,,89469,47,,,1
3300,'20260518',754,,89471,47,,,1,198,,89472,47,,,1,202,,89474,47,,,1,203,,89475,47,,,1,200,,89476,47,,,1,197,,89477,47,,,1,200,,89479,47,,,1,200,,89480,47,,,1
3300,'20260519',530,,89482,21,0,16 24 25,1,22,,89483,9,0,5 24 25,1,60,,89484,9,0,5 24 25,1,15,,89485,9,0,5 24 25,1,15,,89486,21,0,16 24 25,1,15,,89487,9,0,5 24 25,1,55,,89488,9,0,5 24 25,1,10,,89489,47,,,1,10,,89490,9,0,5 24 25,1,15,,89491,9,0,5 24 25,1,70,,89492,21,0,16 24 25,1,95,,89493,47,,,1,25,,89494,9,0,5 24 25,1,70,,89495,9,0,5 24 25,1,100,,89497,9,0,5 24 25,1,100,,89498,9,0,5 24 25,1,100,,89500,9,0,5 24 25,1,95,,89501,9,0,5 24 25,1,100,,89503,9,0,5 24 25,1,105,,89505,9,0,5 24 25,1,40,,89506,2,0,7 24 25,1,70,,89507,2,0,7 24 25,1,30,,89508,2,0,7 24 25,1,101,,89509,47,,,1,161,,89511,9,0,5 24 25,1,100,,89513,9,0,5 24 25,1,98,,89515,9,0,5 24 25,1,51,,89516,21,0,52 18 9,1
3300,'20260520',530,,89517,21,0,16 24 25,1,22,,89518,9,0,5 24 25,1,60,,89519,9,0,5 24 25,1,15,,89520,9,0,5 24 25,1,15,,89521,21,0,16 24 25,1,15,,89522,9,0,5 24 25,1,55,,89523,9,0,5 24 25,1,10,,89524,47,,,1,10,,89525,9,0,5 24 25,1,15,,89526,9,0,5 24 25,1,70,,89527,21,0,16 24 25,1,95,,89528,47,,,1,25,,89529,9,0,5 24 25,1,70,,89530,9,0,5 24 25,1,100,,89532,9,0,5 24 25,1,100,,89533,9,0,5 24 25,1,100,,89535,9,0,5 24 25,1,95,,89536,9,0,5 24 25,1,100,,89538,9,0,5 24 25,1,105,,89540,9,0,5 24 25,1,40,,89541,2,0,7 24 25,1,70,,89542,2,0,7 24 25,1,30,,89543,2,0,7 24 25,1,101,,89544,47,,,1,161,,89546,9,0,5 24 25,1,100,,89548,9,0,5 24 25,1,98,,89550,9,0,5 24 25,1,51,,89551,21,0,52 18 9,1
3300,'20260521',530,,89552,21,0,16 24 25,1,22,,89553,9,0,5 24 25,1,60,,89554,9,0,5 24 25,1,15,,89555,9,0,5 24 25,1,15,,89556,21,0,16 24 25,1,15,,89557,9,0,5 24 25,1,55,,89558,9,0,5 24 25,1,10,,89559,47,,,1,10,,89560,9,0,5 24 25,1,15,,89561,9,0,5 24 25,1,70,,89562,21,0,16 24 25,1,95,,89563,47,,,1,25,,89564,9,0,5 24 25,1,70,,89565,9,0,5 24 25,1,100,,89567,9,0,5 24 25,1,100,,89568,9,0,5 24 25,1,100,,89570,9,0,5 24 25,1,95,,89571,9,0,5 24 25,1,100,,89573,9,0,5 24 25,1,105,,89575,9,0,5 24 25,1,40,,89576,2,0,7 24 25,1,70,,89577,2,0,7 24 25,1,30,,89578,2,0,7 24 25,1,101,,89579,47,,,1,161,,89581,9,0,5 24 25,1,100,,89583,9,0,5 24 25,1,98,,89585,9,0,5 24 25,1,51,,89586,21,0,52 18 9,1
3300,'20260522',530,,89587,21,0,16 24 25,1,22,,89588,9,0,5 24 25,1,60,,89589,9,0,5 24 25,1,15,,89590,9,0,5 24 25,1,15,,89591,21,0,16 24 25,1,15,,89592,9,0,5 24 25,1,55,,89593,9,0,5 24 25,1,10,,89594,47,,,1,10,,89595,9,0,5 24 25,1,15,,89596,9,0,5 24 25,1,70,,89597,21,0,16 24 25,1,95,,89598,47,,,1,25,,89599,9,0,5 24 25,1,70,,89600,9,0,5 24 25,1,100,,89602,9,0,5 24 25,1,100,,89603,9,0,5 24 25,1,100,,89605,9,0,5 24 25,1,95,,89606,9,0,5 24 25,1,100,,89608,9,0,5 24 25,1,105,,89610,9,0,5 24 25,1,40,,89611,2,0,7 24 25,1,70,,89612,2,0,7 24 25,1,30,,89613,2,0,7 24 25,1,101,,89614,47,,,1,161,,89616,9,0,5 24 25,1,100,,89618,9,0,5 24 25,1,98,,89620,9,0,5 24 25,1,51,,89621,21,0,52 18 9,1
3300,'20260523',754,,89622,47,,,1,198,,89623,47,,,1,202,,89625,47,,,1,203,,89626,47,,,1,200,,89627,47,,,1,197,,89628,47,,,1,200,,89630,47,,,1,200,,89631,47,,,1
3300,'20260524',754,,89633,47,,,1,198,,89634,47,,,1,202,,89636,47,,,1,203,,89637,47,,,1,200,,89638,47,,,1,197,,89639,47,,,1,200,,89641,47,,,1,200,,89642,47,,,1
3300,'20260525',530,,89644,21,0,16 24 25,1,22,,89645,9,0,5 24 25,1,60,,89646,9,0,5 24 25,1,15,,89647,9,0,5 24 25,1,15,,89648,21,0,16 24 25,1,15,,89649,9,0,5 24 25,1,55,,89650,9,0,5 24 25,1,10,,89651,47,,,1,10,,89652,9,0,5 24 25,1,15,,89653,9,0,5 24 25,1,70,,89654,21,0,16 24 25,1,95,,89655,47,,,1,25,,89656,9,0,5 24 25,1,70,,89657,9,0,5 24 25,1,100,,89659,9,0,5 24 25,1,100,,89660,9,0,5 24 25,1,100,,89662,9,0,5 24 25,1,95,,89663,9,0,5 24 25,1,100,,89665,9,0,5 24 25,1,105,,89667,9,0,5 24 25,1,40,,89668,2,0,7 24 25,1,70,,89669,2,0,7 24 25,1,30,,89670,2,0,7 24 25,1,101,,89671,47,,,1,161,,89673,9,0,5 24 25,1,100,,89675,9,0,5 24 25,1,98,,89677,9,0,5 24 25,1,51,,89678,21,0,52 18 9,1
3300,'20260526',530,,89679,21,0,16 24 25,1,22,,89680,9,0,5 24 25,1,60,,89681,9,0,5 24 25,1,15,,89682,9,0,5 24 25,1,15,,89683,21,0,16 24 25,1,15,,89684,9,0,5 24 25,1,55,,89685,9,0,5 24 25,1,10,,89686,47,,,1,10,,89687,9,0,5 24 25,1,15,,89688,9,0,5 24 25,1,70,,89689,21,0,16 24 25,1,95,,89690,47,,,1,25,,89691,9,0,5 24 25,1,70,,89692,9,0,5 24 25,1,100,,89694,9,0,5 24 25,1,100,,89695,9,0,5 24 25,1,100,,89697,9,0,5 24 25,1,95,,89698,9,0,5 24 25,1,100,,89700,9,0,5 24 25,1,105,,89702,9,0,5 24 25,1,40,,89703,2,0,7 24 25,1,70,,89704,2,0,7 24 25,1,30,,89705,2,0,7 24 25,1,101,,89706,47,,,1,161,,89708,9,0,5 24 25,1,100,,89710,9,0,5 24 25,1,98,,89712,9,0,5 24 25,1,51,,89713,21,0,52 18 9,1
3300,'20260527',530,,89714,21,0,16 24 25,1,22,,89715,9,0,5 24 25,1,60,,89716,9,0,5 24 25,1,15,,89717,9,0,5 24 25,1,15,,89718,21,0,16 24 25,1,15,,89719,9,0,5 24 25,1,55,,89720,9,0,5 24 25,1,10,,89721,47,,,1,10,,89722,9,0,5 24 25,1,15,,89723,9,0,5 24 25,1,70,,89724,21,0,16 24 25,1,95,,89725,47,,,1,25,,89726,9,0,5 24 25,1,70,,89727,9,0,5 24 25,1,100,,89729,9,0,5 24 25,1,100,,89730,9,0,5 24 25,1,100,,89732,9,0,5 24 25,1,95,,89733,9,0,5 24 25,1,100,,89735,9,0,5 24 25,1,105,,89737,9,0,5 24 25,1,40,,89738,2,0,7 24 25,1,70,,89739,2,0,7 24 25,1,30,,89740,2,0,7 24 25,1,101,,89741,47,,,1,161,,89743,9,0,5 24 25,1,100,,89745,9,0,5 24 25,1,98,,89747,9,0,5 24 25,1,51,,89748,21,0,52 18 9,1
3300,'20260528',530,,89749,21,0,16 24 25,1,22,,89750,9,0,5 24 25,1,60,,89751,9,0,5 24 25,1,15,,89752,9,0,5 24 25,1,15,,89753,21,0,16 24 25,1,15,,89754,9,0,5 24 25,1,55,,89755,9,0,5 24 25,1,10,,89756,47,,,1,10,,89757,9,0,5 24 25,1,15,,89758,9,0,5 24 25,1,70,,89759,21,0,16 24 25,1,95,,89760,47,,,1,25,,89761,9,0,5 24 25,1,70,,89762,9,0,5 24 25,1,100,,89764,9,0,5 24 25,1,100,,89765,9,0,5 24 25,1,100,,89767,9,0,5 24 25,1,95,,89768,9,0,5 24 25,1,100,,89770,9,0,5 24 25,1,105,,89772,9,0,5 24 25,1,40,,89773,2,0,7 24 25,1,70,,89774,2,0,7 24 25,1,30,,89775,2,0,7 24 25,1,101,,89776,47,,,1,161,,89778,9,0,5 24 25,1,100,,89780,9,0,5 24 25,1,98,,89782,9,0,5 24 25,1,51,,89783,21,0,52 18 9,1
3300,'20260529',530,,89784,21,0,16 24 25,1,22,,89785,9,0,5 24 25,1,60,,89786,9,0,5 24 25,1,15,,89787,9,0,5 24 25,1,15,,89788,21,0,16 24 25,1,15,,89789,9,0,5 24 25,1,55,,89790,9,0,5 24 25,1,10,,89791,47,,,1,10,,89792,9,0,5 24 25,1,15,,89793,9,0,5 24 25,1,70,,89794,21,0,16 24 25,1,95,,89795,47,,,1,25,,89796,9,0,5 24 25,1,70,,89797,9,0,5 24 25,1,100,,89799,9,0,5 24 25,1,100,,89800,9,0,5 24 25,1,100,,89802,9,0,5 24 25,1,95,,89803,9,0,5 24 25,1,100,,89805,9,0,5 24 25,1,105,,89807,9,0,5 24 25,1,40,,89808,2,0,7 24 25,1,70,,89809,2,0,7 24 25,1,30,,89810,2,0,7 24 25,1,101,,89811,47,,,1,161,,89813,9,0,5 24 25,1,100,,89815,9,0,5 24 25,1,98,,89817,9,0,5 24 25,1,51,,89818,21,0,52 18 9,1
3300,'20260530',754,,89819,47,,,1,198,,89820,47,,,1,202,,89822,47,,,1,203,,89823,47,,,1,200,,89824,47,,,1,197,,89825,47,,,1,200,,89827,47,,,1,200,,89828,47,,,1
3300,'20260531',754,,89830,47,,,1,198,,89831,47,,,1,202,,89833,47,,,1,203,,89834,47,,,1,200,,89835,47,,,1,197,,89836,47,,,1,200,,89838,47,,,1,200,,89839,47,,,1
3300,'20260601',530,,89841,21,0,16 24 25,1,22,,89842,9,0,5 24 25,1,60,,89843,9,0,5 24 25,1,15,,89844,9,0,5 24 25,1,15,,89845,21,0,16 24 25,1,15,,89846,9,0,5 24 25,1,55,,89847,9,0,5 24 25,1,10,,89848,47,,,1,10,,89849,9,0,5 24 25,1,15,,89850,9,0,5 24 25,1,70,,89851,21,0,16 24 25,1,95,,89852,47,,,1,25,,89853,9,0,5 24 25,1,70,,89854,9,0,5 24 25,1,100,,89856,9,0,5 24 25,1,100,,89857,9,0,5 24 25,1,100,,89859,9,0,5 24 25,1,95,,89860,9,0,5 24 25,1,100,,89862,9,0,5 24 25,1,105,,89864,9,0,5 24 25,1,40,,89865,2,0,7 24 25,1,70,,89866,2,0,7 24 25,1,30,,89867,2,0,7 24 25,1,101,,89868,47,,,1,161,,89870,9,0,5 24 25,1,100,,89872,9,0,5 24 25,1,98,,89874,9,0,5 24 25,1,51,,89875,21,0,52 18 9,1
3300,'20260602',530,,89876,21,0,16 24 25,1,22,,89877,9,0,5 24 25,1,60,,89878,9,0,5 24 25,1,15,,89879,9,0,5 24 25,1,15,,89880,21,0,16 24 25,1,15,,89881,9,0,5 24 25,1,55,,89882,9,0,5 24 25,1,10,,89883,47,,,1,10,,89884,9,0,5 24 25,1,15,,89885,9,0,5 24 25,1,70,,89886,21,0,16 24 25,1,95,,89887,47,,,1,25,,89888,9,0,5 24 25,1,70,,89889,9,0,5 24 25,1,100,,89891,9,0,5 24 25,1,100,,89892,9,0,5 24 25,1,100,,89894,9,0,5 24 25,1,95,,89895,9,0,5 24 25,1,100,,89897,9,0,5 24 25,1,105,,89899,9,0,5 24 25,1,40,,89900,2,0,7 24 25,1,70,,89901,2,0,7 24 25,1,30,,89902,2,0,7 24 25,1,101,,89903,47,,,1,161,,89905,9,0,5 24 25,1,100,,89907,9,0,5 24 25,1,98,,89909,9,0,5 24 25,1,51,,89910,21,0,52 18 9,1
3300,'20260603',530,,89911,21,0,16 24 25,1,22,,89912,9,0,5 24 25,1,60,,89913,9,0,5 24 25,1,15,,89914,9,0,5 24 25,1,15,,89915,21,0,16 24 25,1,15,,89916,9,0,5 24 25,1,55,,89917,9,0,5 24 25,1,10,,89918,47,,,1,10,,89919,9,0,5 24 25,1,15,,89920,9,0,5 24 25,1,70,,89921,21,0,16 24 25,1,95,,89922,47,,,1,25,,89923,9,0,5 24 25,1,70,,89924,9,0,5 24 25,1,100,,89926,9,0,5 24 25,1,100,,89927,9,0,5 24 25,1,100,,89929,9,0,5 24 25,1,95,,89930,9,0,5 24 25,1,100,,89932,9,0,5 24 25,1,105,,89934,9,0,5 24 25,1,40,,89935,2,0,7 24 25,1,70,,89936,2,0,7 24 25,1,30,,89937,2,0,7 24 25,1,101,,89938,47,,,1,161,,89940,9,0,5 24 25,1,100,,89942,9,0,5 24 25,1,98,,89944,9,0,5 24 25,1,51,,89945,21,0,52 18 9,1
3300,'20260604',530,,89946,21,0,16 24 25,1,22,,89947,9,0,5 24 25,1,60,,89948,9,0,5 24 25,1,15,,89949,9,0,5 24 25,1,15,,89950,21,0,16 24 25,1,15,,89951,9,0,5 24 25,1,55,,89952,9,0,5 24 25,1,10,,89953,47,,,1,10,,89954,9,0,5 24 25,1,15,,89955,9,0,5 24 25,1,70,,89956,21,0,16 24 25,1,95,,89957,47,,,1,25,,89958,9,0,5 24 25,1,70,,89959,9,0,5 24 25,1,100,,89961,9,0,5 24 25,1,100,,89962,9,0,5 24 25,1,100,,89964,9,0,5 24 25,1,95,,89965,9,0,5 24 25,1,100,,89967,9,0,5 24 25,1,105,,89969,9,0,5 24 25,1,40,,89970,2,0,7 24 25,1,70,,89971,2,0,7 24 25,1,30,,89972,2,0,7 24 25,1,101,,89973,47,,,1,161,,89975,9,0,5 24 25,1,100,,89977,9,0,5 24 25,1,98,,89979,9,0,5 24 25,1,51,,89980,21,0,52 18 9,1
3300,'20260605',530,,89981,21,0,16 24 25,1,22,,89982,9,0,5 24 25,1,60,,89983,9,0,5 24 25,1,15,,89984,9,0,5 24 25,1,15,,89985,21,0,16 24 25,1,15,,89986,9,0,5 24 25,1,55,,89987,9,0,5 24 25,1,10,,89988,47,,,1,10,,89989,9,0,5 24 25,1,15,,89990,9,0,5 24 25,1,70,,89991,21,0,16 24 25,1,95,,89992,47,,,1,25,,89993,9,0,5 24 25,1,70,,89994,9,0,5 24 25,1,100,,89996,9,0,5 24 25,1,100,,89997,9,0,5 24 25,1,100,,89999,9,0,5 24 25,1,95,,90000,9,0,5 24 25,1,100,,90002,9,0,5 24 25,1,105,,90004,9,0,5 24 25,1,40,,90005,2,0,7 24 25,1,70,,90006,2,0,7 24 25,1,30,,90007,2,0,7 24 25,1,101,,90008,47,,,1,161,,90010,9,0,5 24 25,1,100,,90012,9,0,5 24 25,1,98,,90014,9,0,5 24 25,1,51,,90015,21,0,52 18 9,1
3300,'20260606',754,,90016,47,,,1,198,,90017,47,,,1,202,,90019,47,,,1,203,,90020,47,,,1,200,,90021,47,,,1,197,,90022,47,,,1,200,,90024,47,,,1,200,,90025,47,,,1
3300,'20260607',754,,90027,47,,,1,198,,90028,47,,,1,202,,90030,47,,,1,203,,90031,47,,,1,200,,90032,47,,,1,197,,90033,47,,,1,200,,90035,47,,,1,200,,90036,47,,,1
3300,'20260608',530,,90038,21,0,16 24 25,1,22,,90039,9,0,5 24 25,1,60,,90040,9,0,5 24 25,1,15,,90041,9,0,5 24 25,1,15,,90042,21,0,16 24 25,1,15,,90043,9,0,5 24 25,1,55,,90044,9,0,5 24 25,1,10,,90045,47,,,1,10,,90046,9,0,5 24 25,1,15,,90047,9,0,5 24 25,1,70,,90048,21,0,16 24 25,1,95,,90049,47,,,1,25,,90050,9,0,5 24 25,1,70,,90051,9,0,5 24 25,1,100,,90053,9,0,5 24 25,1,100,,90054,9,0,5 24 25,1,100,,90056,9,0,5 24 25,1,95,,90057,9,0,5 24 25,1,100,,90059,9,0,5 24 25,1,105,,90061,9,0,5 24 25,1,40,,90062,2,0,7 24 25,1,70,,90063,2,0,7 24 25,1,30,,90064,2,0,7 24 25,1,101,,90065,47,,,1,161,,90067,9,0,5 24 25,1,100,,90069,9,0,5 24 25,1,98,,90071,9,0,5 24 25,1,51,,90072,21,0,52 18 9,1
3300,'20260609',530,,90073,21,0,16 24 25,1,22,,90074,9,0,5 24 25,1,60,,90075,9,0,5 24 25,1,15,,90076,9,0,5 24 25,1,15,,90077,21,0,16 24 25,1,15,,90078,9,0,5 24 25,1,55,,90079,9,0,5 24 25,1,10,,90080,47,,,1,10,,90081,9,0,5 24 25,1,15,,90082,9,0,5 24 25,1,70,,90083,21,0,16 24 25,1,95,,90084,47,,,1,25,,90085,9,0,5 24 25,1,70,,90086,9,0,5 24 25,1,100,,90088,9,0,5 24 25,1,100,,90089,9,0,5 24 25,1,100,,90091,9,0,5 24 25,1,95,,90092,9,0,5 24 25,1,100,,90094,9,0,5 24 25,1,105,,90096,9,0,5 24 25,1,40,,90097,2,0,7 24 25,1,70,,90098,2,0,7 24 25,1,30,,90099,2,0,7 24 25,1,101,,90100,47,,,1,161,,90102,9,0,5 24 25,1,100,,90104,9,0,5 24 25,1,98,,90106,9,0,5 24 25,1,51,,90107,21,0,52 18 9,1
3300,'20260610',530,,90108,21,0,16 24 25,1,22,,90109,9,0,5 24 25,1,60,,90110,9,0,5 24 25,1,15,,90111,9,0,5 24 25,1,15,,90112,21,0,16 24 25,1,15,,90113,9,0,5 24 25,1,55,,90114,9,0,5 24 25,1,10,,90115,47,,,1,10,,90116,9,0,5 24 25,1,15,,90117,9,0,5 24 25,1,70,,90118,21,0,16 24 25,1,95,,90119,47,,,1,25,,90120,9,0,5 24 25,1,70,,90121,9,0,5 24 25,1,100,,90123,9,0,5 24 25,1,100,,90124,9,0,5 24 25,1,100,,90126,9,0,5 24 25,1,95,,90127,9,0,5 24 25,1,100,,90129,9,0,5 24 25,1,105,,90131,9,0,5 24 25,1,40,,90132,2,0,7 24 25,1,70,,90133,2,0,7 24 25,1,30,,90134,2,0,7 24 25,1,101,,90135,47,,,1,161,,90137,9,0,5 24 25,1,100,,90139,9,0,5 24 25,1,98,,90141,9,0,5 24 25,1,51,,90142,21,0,52 18 9,1
3300,'20260611',530,,90143,21,0,16 24 25,1,22,,90144,9,0,5 24 25,1,60,,90145,9,0,5 24 25,1,15,,90146,9,0,5 24 25,1,15,,90147,21,0,16 24 25,1,15,,90148,9,0,5 24 25,1,55,,90149,9,0,5 24 25,1,10,,90150,47,,,1,10,,90151,9,0,5 24 25,1,15,,90152,9,0,5 24 25,1,70,,90153,21,0,16 24 25,1,95,,90154,47,,,1,25,,90155,9,0,5 24 25,1,70,,90156,9,0,5 24 25,1,100,,90158,9,0,5 24 25,1,100,,90159,9,0,5 24 25,1,100,,90161,9,0,5 24 25,1,95,,90162,9,0,5 24 25,1,100,,90164,9,0,5 24 25,1,105,,90166,9,0,5 24 25,1,40,,90167,2,0,7 24 25,1,70,,90168,2,0,7 24 25,1,30,,90169,2,0,7 24 25,1,101,,90170,47,,,1,161,,90172,9,0,5 24 25,1,100,,90174,9,0,5 24 25,1,98,,90176,9,0,5 24 25,1,51,,90177,21,0,52 18 9,1
3300,'20260612',530,,90178,21,0,16 24 25,1,22,,90179,9,0,5 24 25,1,60,,90180,9,0,5 24 25,1,15,,90181,9,0,5 24 25,1,15,,90182,21,0,16 24 25,1,15,,90183,9,0,5 24 25,1,55,,90184,9,0,5 24 25,1,10,,90185,47,,,1,10,,90186,9,0,5 24 25,1,15,,90187,9,0,5 24 25,1,70,,90188,21,0,16 24 25,1,95,,90189,47,,,1,25,,90190,9,0,5 24 25,1,70,,90191,9,0,5 24 25,1,100,,90193,9,0,5 24 25,1,100,,90194,9,0,5 24 25,1,100,,90196,9,0,5 24 25,1,95,,90197,9,0,5 24 25,1,100,,90199,9,0,5 24 25,1,105,,90201,9,0,5 24 25,1,40,,90202,2,0,7 24 25,1,70,,90203,2,0,7 24 25,1,30,,90204,2,0,7 24 25,1,101,,90205,47,,,1,161,,90207,9,0,5 24 25,1,100,,90209,9,0,5 24 25,1,98,,90211,9,0,5 24 25,1,51,,90212,21,0,52 18 9,1
