3700,'20260625',557,,175779,6,0,7 81 82,1,157,,175780,6,0,7 81 82,1,630,,175781,6,,,1,303,,175782,6,,,1,108,,175783,6,,,1,101,,175784,6,,,1,185,,175785,6,,,1
3700,'20260626',557,,175786,6,0,7 81 82,1,157,,175787,6,0,7 81 82,1,630,,175788,6,,,1,303,,175789,6,,,1,108,,175790,6,,,1,101,,175791,6,,,1,185,,175792,6,,,1
3700,'20260629',557,,175793,6,0,7 81 82,1,157,,175794,6,0,7 81 82,1,630,,175795,6,,,1,303,,175796,6,,,1,108,,175797,6,,,1,101,,175798,6,,,1,185,,175799,6,,,1
3700,'20260630',557,,175800,6,0,7 81 82,1,157,,175801,6,0,7 81 82,1,630,,175802,6,,,1,303,,175803,6,,,1,108,,175804,6,,,1,101,,175805,6,,,1,185,,175806,6,,,1
3700,'20260702',557,,175807,6,0,7 81 82,1,157,,175808,6,0,7 81 82,1,630,,175809,6,,,1,303,,175810,6,,,1,108,,175811,6,,,1,101,,175812,6,,,1,185,,175813,6,,,1
3700,'20260703',557,,175814,6,0,7 81 82,1,157,,175815,6,0,7 81 82,1,630,,175816,6,,,1,303,,175817,6,,,1,108,,175818,6,,,1,101,,175819,6,,,1,185,,175820,6,,,1
3700,'20260706',557,,175821,6,0,7 81 82,1,157,,175822,6,0,7 81 82,1,630,,175823,6,,,1,303,,175824,6,,,1,108,,175825,6,,,1,101,,175826,6,,,1,185,,175827,6,,,1
3700,'20260707',557,,175828,6,0,7 81 82,1,157,,175829,6,0,7 81 82,1,630,,175830,6,,,1,303,,175831,6,,,1,108,,175832,6,,,1,101,,175833,6,,,1,185,,175834,6,,,1
3700,'20260708',557,,175835,6,0,7 81 82,1,157,,175836,6,0,7 81 82,1,630,,175837,6,,,1,303,,175838,6,,,1,108,,175839,6,,,1,101,,175840,6,,,1,185,,175841,6,,,1
3700,'20260709',557,,175842,6,0,7 81 82,1,157,,175843,6,0,7 81 82,1,630,,175844,6,,,1,303,,175845,6,,,1,108,,175846,6,,,1,101,,175847,6,,,1,185,,175848,6,,,1
3700,'20260710',557,,175849,6,0,7 81 82,1,157,,175850,6,0,7 81 82,1,630,,175851,6,,,1,303,,175852,6,,,1,108,,175853,6,,,1,101,,175854,6,,,1,185,,175855,6,,,1
3700,'20260713',557,,175856,6,0,7 81 82,1,157,,175857,6,0,7 81 82,1,630,,175858,6,,,1,303,,175859,6,,,1,108,,175860,6,,,1,101,,175861,6,,,1,185,,175862,6,,,1
3700,'20260714',557,,175863,6,0,7 81 82,1,157,,175864,6,0,7 81 82,1,630,,175865,6,,,1,303,,175866,6,,,1,108,,175867,6,,,1,101,,175868,6,,,1,185,,175869,6,,,1
3700,'20260715',557,,175870,6,0,7 81 82,1,157,,175871,6,0,7 81 82,1,630,,175872,6,,,1,303,,175873,6,,,1,108,,175874,6,,,1,101,,175875,6,,,1,185,,175876,6,,,1
3700,'20260716',557,,175877,6,0,7 81 82,1,157,,175878,6,0,7 81 82,1,630,,175879,6,,,1,303,,175880,6,,,1,108,,175881,6,,,1,101,,175882,6,,,1,185,,175883,6,,,1
3700,'20260717',557,,175884,6,0,7 81 82,1,157,,175885,6,0,7 81 82,1,630,,175886,6,,,1,303,,175887,6,,,1,108,,175888,6,,,1,101,,175889,6,,,1,185,,175890,6,,,1
3700,'20260720',557,,175891,6,0,7 81 82,1,157,,175892,6,0,7 81 82,1,630,,175893,6,,,1,303,,175894,6,,,1,108,,175895,6,,,1,101,,175896,6,,,1,185,,175897,6,,,1
3700,'20260721',557,,175898,6,0,7 81 82,1,157,,175899,6,0,7 81 82,1,630,,175900,6,,,1,303,,175901,6,,,1,108,,175902,6,,,1,101,,175903,6,,,1,185,,175904,6,,,1
3700,'20260722',557,,175905,6,0,7 81 82,1,157,,175906,6,0,7 81 82,1,630,,175907,6,,,1,303,,175908,6,,,1,108,,175909,6,,,1,101,,175910,6,,,1,185,,175911,6,,,1
3700,'20260723',557,,175912,6,0,7 81 82,1,157,,175913,6,0,7 81 82,1,630,,175914,6,,,1,303,,175915,6,,,1,108,,175916,6,,,1,101,,175917,6,,,1,185,,175918,6,,,1
3700,'20260724',557,,175919,6,0,7 81 82,1,157,,175920,6,0,7 81 82,1,630,,175921,6,,,1,303,,175922,6,,,1,108,,175923,6,,,1,101,,175924,6,,,1,185,,175925,6,,,1
3700,'20260727',557,,175926,6,0,7 81 82,1,157,,175927,6,0,7 81 82,1,630,,175928,6,,,1,303,,175929,6,,,1,108,,175930,6,,,1,101,,175931,6,,,1,185,,175932,6,,,1
3700,'20260728',557,,175933,6,0,7 81 82,1,157,,175934,6,0,7 81 82,1,630,,175935,6,,,1,303,,175936,6,,,1,108,,175937,6,,,1,101,,175938,6,,,1,185,,175939,6,,,1
3700,'20260729',557,,175940,6,0,7 81 82,1,157,,175941,6,0,7 81 82,1,630,,175942,6,,,1,303,,175943,6,,,1,108,,175944,6,,,1,101,,175945,6,,,1,185,,175946,6,,,1
3700,'20260730',557,,175947,6,0,7 81 82,1,157,,175948,6,0,7 81 82,1,630,,175949,6,,,1,303,,175950,6,,,1,108,,175951,6,,,1,101,,175952,6,,,1,185,,175953,6,,,1
3700,'20260731',557,,175954,6,0,7 81 82,1,157,,175955,6,0,7 81 82,1,630,,175956,6,,,1,303,,175957,6,,,1,108,,175958,6,,,1,101,,175959,6,,,1,185,,175960,6,,,1
3700,'20260804',557,,175961,6,0,7 81 82,1,157,,175962,6,0,7 81 82,1,630,,175963,6,,,1,303,,175964,6,,,1,108,,175965,6,,,1,101,,175966,6,,,1,185,,175967,6,,,1
3700,'20260805',557,,175968,6,0,7 81 82,1,157,,175969,6,0,7 81 82,1,630,,175970,6,,,1,303,,175971,6,,,1,108,,175972,6,,,1,101,,175973,6,,,1,185,,175974,6,,,1
3700,'20260806',557,,175975,6,0,7 81 82,1,157,,175976,6,0,7 81 82,1,630,,175977,6,,,1,303,,175978,6,,,1,108,,175979,6,,,1,101,,175980,6,,,1,185,,175981,6,,,1
3700,'20260807',557,,175982,6,0,7 81 82,1,157,,175983,6,0,7 81 82,1,630,,175984,6,,,1,303,,175985,6,,,1,108,,175986,6,,,1,101,,175987,6,,,1,185,,175988,6,,,1
3700,'20260810',557,,175989,6,0,7 81 82,1,157,,175990,6,0,7 81 82,1,630,,175991,6,,,1,303,,175992,6,,,1,108,,175993,6,,,1,101,,175994,6,,,1,185,,175995,6,,,1
3700,'20260811',557,,175996,6,0,7 81 82,1,157,,175997,6,0,7 81 82,1,630,,175998,6,,,1,303,,175999,6,,,1,108,,176000,6,,,1,101,,176001,6,,,1,185,,176002,6,,,1
3700,'20260812',557,,176003,6,0,7 81 82,1,157,,176004,6,0,7 81 82,1,630,,176005,6,,,1,303,,176006,6,,,1,108,,176007,6,,,1,101,,176008,6,,,1,185,,176009,6,,,1
3700,'20260813',557,,176010,6,0,7 81 82,1,157,,176011,6,0,7 81 82,1,630,,176012,6,,,1,303,,176013,6,,,1,108,,176014,6,,,1,101,,176015,6,,,1,185,,176016,6,,,1
3700,'20260814',557,,176017,6,0,7 81 82,1,157,,176018,6,0,7 81 82,1,630,,176019,6,,,1,303,,176020,6,,,1,108,,176021,6,,,1,101,,176022,6,,,1,185,,176023,6,,,1
3700,'20260817',557,,176024,6,0,7 81 82,1,157,,176025,6,0,7 81 82,1,630,,176026,6,,,1,303,,176027,6,,,1,108,,176028,6,,,1,101,,176029,6,,,1,185,,176030,6,,,1
3700,'20260818',557,,176031,6,0,7 81 82,1,157,,176032,6,0,7 81 82,1,630,,176033,6,,,1,303,,176034,6,,,1,108,,176035,6,,,1,101,,176036,6,,,1,185,,176037,6,,,1
3700,'20260819',557,,176038,6,0,7 81 82,1,157,,176039,6,0,7 81 82,1,630,,176040,6,,,1,303,,176041,6,,,1,108,,176042,6,,,1,101,,176043,6,,,1,185,,176044,6,,,1
3700,'20260820',557,,176045,6,0,7 81 82,1,157,,176046,6,0,7 81 82,1,630,,176047,6,,,1,303,,176048,6,,,1,108,,176049,6,,,1,101,,176050,6,,,1,185,,176051,6,,,1
3700,'20260821',557,,176052,6,0,7 81 82,1,157,,176053,6,0,7 81 82,1,630,,176054,6,,,1,303,,176055,6,,,1,108,,176056,6,,,1,101,,176057,6,,,1,185,,176058,6,,,1
3700,'20260824',557,,176059,6,0,7 81 82,1,157,,176060,6,0,7 81 82,1,630,,176061,6,,,1,303,,176062,6,,,1,108,,176063,6,,,1,101,,176064,6,,,1,185,,176065,6,,,1
3700,'20260825',557,,176066,6,0,7 81 82,1,157,,176067,6,0,7 81 82,1,630,,176068,6,,,1,303,,176069,6,,,1,108,,176070,6,,,1,101,,176071,6,,,1,185,,176072,6,,,1
3700,'20260826',557,,176073,6,0,7 81 82,1,157,,176074,6,0,7 81 82,1,630,,176075,6,,,1,303,,176076,6,,,1,108,,176077,6,,,1,101,,176078,6,,,1,185,,176079,6,,,1
3700,'20260827',557,,176080,6,0,7 81 82,1,157,,176081,6,0,7 81 82,1,630,,176082,6,,,1,303,,176083,6,,,1,108,,176084,6,,,1,101,,176085,6,,,1,185,,176086,6,,,1
3700,'20260828',557,,176087,6,0,7 81 82,1,157,,176088,6,0,7 81 82,1,630,,176089,6,,,1,303,,176090,6,,,1,108,,176091,6,,,1,101,,176092,6,,,1,185,,176093,6,,,1
3700,'20260831',557,,176094,6,0,7 81 82,1,157,,176095,6,0,7 81 82,1,630,,176096,6,,,1,303,,176097,6,,,1,108,,176098,6,,,1,101,,176099,6,,,1,185,,176100,6,,,1
3700,'20260901',557,,176101,6,0,7 81 82,1,157,,176102,6,0,7 81 82,1,630,,176103,6,,,1,303,,176104,6,,,1,108,,176105,6,,,1,101,,176106,6,,,1,185,,176107,6,,,1
3700,'20260902',557,,176108,6,0,7 81 82,1,157,,176109,6,0,7 81 82,1,630,,176110,6,,,1,303,,176111,6,,,1,108,,176112,6,,,1,101,,176113,6,,,1,185,,176114,6,,,1
3700,'20260903',557,,176115,6,0,7 81 82,1,157,,176116,6,0,7 81 82,1,630,,176117,6,,,1,303,,176118,6,,,1,108,,176119,6,,,1,101,,176120,6,,,1,185,,176121,6,,,1
3700,'20260904',557,,176122,6,0,7 81 82,1,157,,176123,6,0,7 81 82,1,630,,176124,6,,,1,303,,176125,6,,,1,108,,176126,6,,,1,101,,176127,6,,,1,185,,176128,6,,,1
