2100,'20260716',346,,141491,4,,,1,75,,141492,4,,,1,25,,141493,4,,,1,456,,141495,4,0,7 29 30,1,20,,141498,4,0,7 29 30,1,20,,141500,4,0,7 29 30,1,60,,141501,4,0,7 29 30,1,20,,141504,4,0,7 29 30,1,20,,141506,4,0,7 29 30,1,60,,141507,4,0,7 29 30,1,20,,141510,4,0,7 29 30,1,30,,141511,4,0,7 29 30,1,70,,141514,4,0,7 29 30,1,30,,141515,4,0,7 29 30,1,70,,141518,4,0,7 29 30,1,95,,141521,4,0,7 29 30,1,100,,141523,4,0,7 29 30,1,95,,141527,4,,,1,105,,141528,4,,,1,95,,141529,4,,,1,100,,141530,4,,,1,100,,141531,4,,,1,105,,141532,4,,,1,100,,141533,4,,,1,100,,141534,4,,,1,109,,141535,4,,,1
2100,'20260717',346,,141536,4,,,1,75,,141537,4,,,1,25,,141538,4,,,1,456,,141540,4,0,7 29 30,1,20,,141543,4,0,7 29 30,1,20,,141545,4,0,7 29 30,1,60,,141546,4,0,7 29 30,1,20,,141549,4,0,7 29 30,1,20,,141551,4,0,7 29 30,1,60,,141552,4,0,7 29 30,1,20,,141555,4,0,7 29 30,1,30,,141556,4,0,7 29 30,1,70,,141559,4,0,7 29 30,1,30,,141560,4,0,7 29 30,1,70,,141563,4,0,7 29 30,1,95,,141566,4,0,7 29 30,1,100,,141568,4,0,7 29 30,1,95,,141572,4,,,1,105,,141573,4,,,1,95,,141574,4,,,1,100,,141575,4,,,1,100,,141576,4,,,1,105,,141577,4,,,1,100,,141578,4,,,1,100,,141579,4,,,1,109,,141580,4,,,1
2100,'20260718',456,,141581,4,0,57 29 30,1,100,,141582,4,0,57 29 30,1,71,,141583,4,0,57 29 30,1,105,,141585,4,0,7 29 30,1,100,,141588,4,0,7 29 30,1,100,,141592,4,0,7 29 30,1,90,,141596,4,0,7 29 30,1,105,,141600,4,0,7 29 30,1,100,,141603,4,0,7 29 30,1,100,,141606,4,0,7 29 30,1,100,,141609,4,0,7 29 30,1,100,,141612,4,0,7 29 30,1,95,,141615,4,0,7 29 30,1,100,,141618,4,0,7 29 30,1,105,,141620,4,0,7 29 30,1,100,,141623,4,0,57 29 30,1,95,,141624,4,0,57 29 30,1,105,,141625,4,0,57 29 30,1,100,,141626,4,0,57 29 30,1,104,,141627,4,0,57 29 30,1,100,,141628,4,0,57 29 30,1
2100,'20260719',456,,141629,4,0,57 29 30,1,100,,141630,4,0,57 29 30,1,71,,141631,4,0,57 29 30,1,105,,141632,4,0,7 29 30,1,100,,141634,4,0,7 29 30,1,100,,141637,4,0,7 29 30,1,90,,141640,4,0,7 29 30,1,105,,141644,4,0,7 29 30,1,100,,141647,4,0,7 29 30,1,100,,141650,4,0,7 29 30,1,100,,141653,4,0,7 29 30,1,100,,141656,4,0,7 29 30,1,95,,141659,4,0,7 29 30,1,100,,141662,4,0,7 29 30,1,105,,141664,4,0,7 29 30,1,100,,141666,4,0,57 29 30,1,95,,141667,4,0,57 29 30,1,105,,141668,4,0,57 29 30,1,100,,141669,4,0,57 29 30,1,104,,141670,4,0,57 29 30,1,100,,141671,4,0,57 29 30,1
2100,'20260720',346,,141672,4,,,1,75,,141673,4,,,1,25,,141674,4,,,1,456,,141676,4,0,7 29 30,1,20,,141679,4,0,7 29 30,1,20,,141681,4,0,7 29 30,1,60,,141682,4,0,7 29 30,1,20,,141685,4,0,7 29 30,1,20,,141687,4,0,7 29 30,1,60,,141688,4,0,7 29 30,1,20,,141691,4,0,7 29 30,1,30,,141692,4,0,7 29 30,1,70,,141695,4,0,7 29 30,1,30,,141696,4,0,7 29 30,1,70,,141699,4,0,7 29 30,1,95,,141702,4,0,7 29 30,1,100,,141704,4,0,7 29 30,1,95,,141708,4,,,1,105,,141709,4,,,1,95,,141710,4,,,1,100,,141711,4,,,1,100,,141712,4,,,1,105,,141713,4,,,1,100,,141714,4,,,1,100,,141715,4,,,1,109,,141716,4,,,1
2100,'20260721',346,,141717,4,,,1,75,,141718,4,,,1,25,,141719,4,,,1,456,,141721,4,0,7 29 30,1,20,,141724,4,0,7 29 30,1,20,,141726,4,0,7 29 30,1,60,,141727,4,0,7 29 30,1,20,,141730,4,0,7 29 30,1,20,,141732,4,0,7 29 30,1,60,,141733,4,0,7 29 30,1,20,,141736,4,0,7 29 30,1,30,,141737,4,0,7 29 30,1,70,,141740,4,0,7 29 30,1,30,,141741,4,0,7 29 30,1,70,,141744,4,0,7 29 30,1,95,,141747,4,0,7 29 30,1,100,,141749,4,0,7 29 30,1,95,,141753,4,,,1,105,,141754,4,,,1,95,,141755,4,,,1,100,,141756,4,,,1,100,,141757,4,,,1,105,,141758,4,,,1,100,,141759,4,,,1,100,,141760,4,,,1,109,,141761,4,,,1
2100,'20260722',346,,141762,4,,,1,75,,141763,4,,,1,25,,141764,4,,,1,456,,141766,4,0,7 29 30,1,20,,141769,4,0,7 29 30,1,20,,141771,4,0,7 29 30,1,60,,141772,4,0,7 29 30,1,20,,141775,4,0,7 29 30,1,20,,141777,4,0,7 29 30,1,60,,141778,4,0,7 29 30,1,20,,141781,4,0,7 29 30,1,30,,141782,4,0,7 29 30,1,70,,141785,4,0,7 29 30,1,30,,141786,4,0,7 29 30,1,70,,141789,4,0,7 29 30,1,95,,141792,4,0,7 29 30,1,100,,141794,4,0,7 29 30,1,95,,141798,4,,,1,105,,141799,4,,,1,95,,141800,4,,,1,100,,141801,4,,,1,100,,141802,4,,,1,105,,141803,4,,,1,100,,141804,4,,,1,100,,141805,4,,,1,109,,141806,4,,,1
2100,'20260723',346,,141807,4,,,1,75,,141808,4,,,1,25,,141809,4,,,1,456,,141811,4,0,7 29 30,1,20,,141814,4,0,7 29 30,1,20,,141816,4,0,7 29 30,1,60,,141817,4,0,7 29 30,1,20,,141820,4,0,7 29 30,1,20,,141822,4,0,7 29 30,1,60,,141823,4,0,7 29 30,1,20,,141826,4,0,7 29 30,1,30,,141827,4,0,7 29 30,1,70,,141830,4,0,7 29 30,1,30,,141831,4,0,7 29 30,1,70,,141834,4,0,7 29 30,1,95,,141837,4,0,7 29 30,1,100,,141839,4,0,7 29 30,1,95,,141843,4,,,1,105,,141844,4,,,1,95,,141845,4,,,1,100,,141846,4,,,1,100,,141847,4,,,1,105,,141848,4,,,1,100,,141849,4,,,1,100,,141850,4,,,1,109,,141851,4,,,1
2100,'20260724',346,,141852,4,,,1,75,,141853,4,,,1,25,,141854,4,,,1,456,,141856,4,0,7 29 30,1,20,,141859,4,0,7 29 30,1,20,,141861,4,0,7 29 30,1,60,,141862,4,0,7 29 30,1,20,,141865,4,0,7 29 30,1,20,,141867,4,0,7 29 30,1,60,,141868,4,0,7 29 30,1,20,,141871,4,0,7 29 30,1,30,,141872,4,0,7 29 30,1,70,,141875,4,0,7 29 30,1,30,,141876,4,0,7 29 30,1,70,,141879,4,0,7 29 30,1,95,,141882,4,0,7 29 30,1,100,,141884,4,0,7 29 30,1,95,,141888,4,,,1,105,,141889,4,,,1,95,,141890,4,,,1,100,,141891,4,,,1,100,,141892,4,,,1,105,,141893,4,,,1,100,,141894,4,,,1,100,,141895,4,,,1,109,,141896,4,,,1
2100,'20260725',456,,141897,4,0,57 29 30,1,100,,141898,4,0,57 29 30,1,71,,141899,4,0,57 29 30,1,105,,141901,4,0,7 29 30,1,100,,141904,4,0,7 29 30,1,100,,141908,4,0,7 29 30,1,90,,141912,4,0,7 29 30,1,105,,141916,4,0,7 29 30,1,100,,141919,4,0,7 29 30,1,100,,141922,4,0,7 29 30,1,100,,141925,4,0,7 29 30,1,100,,141928,4,0,7 29 30,1,95,,141931,4,0,7 29 30,1,100,,141934,4,0,7 29 30,1,105,,141936,4,0,7 29 30,1,100,,141939,4,0,57 29 30,1,95,,141940,4,0,57 29 30,1,105,,141941,4,0,57 29 30,1,100,,141942,4,0,57 29 30,1,104,,141943,4,0,57 29 30,1,100,,141944,4,0,57 29 30,1
2100,'20260726',456,,141945,4,0,57 29 30,1,100,,141946,4,0,57 29 30,1,71,,141947,4,0,57 29 30,1,105,,141948,4,0,7 29 30,1,100,,141950,4,0,7 29 30,1,100,,141953,4,0,7 29 30,1,90,,141956,4,0,7 29 30,1,105,,141960,4,0,7 29 30,1,100,,141963,4,0,7 29 30,1,100,,141966,4,0,7 29 30,1,100,,141969,4,0,7 29 30,1,100,,141972,4,0,7 29 30,1,95,,141975,4,0,7 29 30,1,100,,141978,4,0,7 29 30,1,105,,141980,4,0,7 29 30,1,100,,141982,4,0,57 29 30,1,95,,141983,4,0,57 29 30,1,105,,141984,4,0,57 29 30,1,100,,141985,4,0,57 29 30,1,104,,141986,4,0,57 29 30,1,100,,141987,4,0,57 29 30,1
2100,'20260727',346,,141988,4,,,1,75,,141989,4,,,1,25,,141990,4,,,1,456,,141992,4,0,7 29 30,1,20,,141995,4,0,7 29 30,1,20,,141997,4,0,7 29 30,1,60,,141998,4,0,7 29 30,1,20,,142001,4,0,7 29 30,1,20,,142003,4,0,7 29 30,1,60,,142004,4,0,7 29 30,1,20,,142007,4,0,7 29 30,1,30,,142008,4,0,7 29 30,1,70,,142011,4,0,7 29 30,1,30,,142012,4,0,7 29 30,1,70,,142015,4,0,7 29 30,1,95,,142018,4,0,7 29 30,1,100,,142020,4,0,7 29 30,1,95,,142024,4,,,1,105,,142025,4,,,1,95,,142026,4,,,1,100,,142027,4,,,1,100,,142028,4,,,1,105,,142029,4,,,1,100,,142030,4,,,1,100,,142031,4,,,1,109,,142032,4,,,1
2100,'20260728',346,,142033,4,,,1,75,,142034,4,,,1,25,,142035,4,,,1,456,,142037,4,0,7 29 30,1,20,,142040,4,0,7 29 30,1,20,,142042,4,0,7 29 30,1,60,,142043,4,0,7 29 30,1,20,,142046,4,0,7 29 30,1,20,,142048,4,0,7 29 30,1,60,,142049,4,0,7 29 30,1,20,,142052,4,0,7 29 30,1,30,,142053,4,0,7 29 30,1,70,,142056,4,0,7 29 30,1,30,,142057,4,0,7 29 30,1,70,,142060,4,0,7 29 30,1,95,,142063,4,0,7 29 30,1,100,,142065,4,0,7 29 30,1,95,,142069,4,,,1,105,,142070,4,,,1,95,,142071,4,,,1,100,,142072,4,,,1,100,,142073,4,,,1,105,,142074,4,,,1,100,,142075,4,,,1,100,,142076,4,,,1,109,,142077,4,,,1
2100,'20260729',346,,142078,4,,,1,75,,142079,4,,,1,25,,142080,4,,,1,456,,142082,4,0,7 29 30,1,20,,142085,4,0,7 29 30,1,20,,142087,4,0,7 29 30,1,60,,142088,4,0,7 29 30,1,20,,142091,4,0,7 29 30,1,20,,142093,4,0,7 29 30,1,60,,142094,4,0,7 29 30,1,20,,142097,4,0,7 29 30,1,30,,142098,4,0,7 29 30,1,70,,142101,4,0,7 29 30,1,30,,142102,4,0,7 29 30,1,70,,142105,4,0,7 29 30,1,95,,142108,4,0,7 29 30,1,100,,142110,4,0,7 29 30,1,95,,142114,4,,,1,105,,142115,4,,,1,95,,142116,4,,,1,100,,142117,4,,,1,100,,142118,4,,,1,105,,142119,4,,,1,100,,142120,4,,,1,100,,142121,4,,,1,109,,142122,4,,,1
2100,'20260730',346,,142123,4,,,1,75,,142124,4,,,1,25,,142125,4,,,1,456,,142127,4,0,7 29 30,1,20,,142130,4,0,7 29 30,1,20,,142132,4,0,7 29 30,1,60,,142133,4,0,7 29 30,1,20,,142136,4,0,7 29 30,1,20,,142138,4,0,7 29 30,1,60,,142139,4,0,7 29 30,1,20,,142142,4,0,7 29 30,1,30,,142143,4,0,7 29 30,1,70,,142146,4,0,7 29 30,1,30,,142147,4,0,7 29 30,1,70,,142150,4,0,7 29 30,1,95,,142153,4,0,7 29 30,1,100,,142155,4,0,7 29 30,1,95,,142159,4,,,1,105,,142160,4,,,1,95,,142161,4,,,1,100,,142162,4,,,1,100,,142163,4,,,1,105,,142164,4,,,1,100,,142165,4,,,1,100,,142166,4,,,1,109,,142167,4,,,1
2100,'20260731',346,,142168,4,,,1,75,,142169,4,,,1,25,,142170,4,,,1,456,,142172,4,0,7 29 30,1,20,,142175,4,0,7 29 30,1,20,,142177,4,0,7 29 30,1,60,,142178,4,0,7 29 30,1,20,,142181,4,0,7 29 30,1,20,,142183,4,0,7 29 30,1,60,,142184,4,0,7 29 30,1,20,,142187,4,0,7 29 30,1,30,,142188,4,0,7 29 30,1,70,,142191,4,0,7 29 30,1,30,,142192,4,0,7 29 30,1,70,,142195,4,0,7 29 30,1,95,,142198,4,0,7 29 30,1,100,,142200,4,0,7 29 30,1,95,,142204,4,,,1,105,,142205,4,,,1,95,,142206,4,,,1,100,,142207,4,,,1,100,,142208,4,,,1,105,,142209,4,,,1,100,,142210,4,,,1,100,,142211,4,,,1,109,,142212,4,,,1
2100,'20260801',456,,142213,4,0,57 29 30,1,100,,142214,4,0,57 29 30,1,71,,142215,4,0,57 29 30,1,105,,142217,4,0,7 29 30,1,100,,142220,4,0,7 29 30,1,100,,142224,4,0,7 29 30,1,90,,142228,4,0,7 29 30,1,105,,142232,4,0,7 29 30,1,100,,142235,4,0,7 29 30,1,100,,142238,4,0,7 29 30,1,100,,142241,4,0,7 29 30,1,100,,142244,4,0,7 29 30,1,95,,142247,4,0,7 29 30,1,100,,142250,4,0,7 29 30,1,105,,142252,4,0,7 29 30,1,100,,142255,4,0,57 29 30,1,95,,142256,4,0,57 29 30,1,105,,142257,4,0,57 29 30,1,100,,142258,4,0,57 29 30,1,104,,142259,4,0,57 29 30,1,100,,142260,4,0,57 29 30,1
2100,'20260802',456,,142261,4,0,57 29 30,1,100,,142262,4,0,57 29 30,1,71,,142263,4,0,57 29 30,1,105,,142264,4,0,7 29 30,1,100,,142266,4,0,7 29 30,1,100,,142269,4,0,7 29 30,1,90,,142272,4,0,7 29 30,1,105,,142276,4,0,7 29 30,1,100,,142279,4,0,7 29 30,1,100,,142282,4,0,7 29 30,1,100,,142285,4,0,7 29 30,1,100,,142288,4,0,7 29 30,1,95,,142291,4,0,7 29 30,1,100,,142294,4,0,7 29 30,1,105,,142296,4,0,7 29 30,1,100,,142298,4,0,57 29 30,1,95,,142299,4,0,57 29 30,1,105,,142300,4,0,57 29 30,1,100,,142301,4,0,57 29 30,1,104,,142302,4,0,57 29 30,1,100,,142303,4,0,57 29 30,1
2100,'20260803',456,,142304,4,0,57 29 30,1,100,,142305,4,0,57 29 30,1,71,,142306,4,0,57 29 30,1,105,,142308,4,0,7 29 30,1,100,,142311,4,0,7 29 30,1,100,,142315,4,0,7 29 30,1,90,,142319,4,0,7 29 30,1,105,,142323,4,0,7 29 30,1,100,,142326,4,0,7 29 30,1,100,,142329,4,0,7 29 30,1,100,,142332,4,0,7 29 30,1,100,,142335,4,0,7 29 30,1,95,,142338,4,0,7 29 30,1,100,,142341,4,0,7 29 30,1,105,,142343,4,0,7 29 30,1,100,,142346,4,0,57 29 30,1,95,,142347,4,0,57 29 30,1,105,,142348,4,0,57 29 30,1,100,,142349,4,0,57 29 30,1,104,,142350,4,0,57 29 30,1,100,,142351,4,0,57 29 30,1
2100,'20260804',346,,142352,4,,,1,75,,142353,4,,,1,25,,142354,4,,,1,456,,142356,4,0,7 29 30,1,20,,142359,4,0,7 29 30,1,20,,142361,4,0,7 29 30,1,60,,142362,4,0,7 29 30,1,20,,142365,4,0,7 29 30,1,20,,142367,4,0,7 29 30,1,60,,142368,4,0,7 29 30,1,20,,142371,4,0,7 29 30,1,30,,142372,4,0,7 29 30,1,70,,142375,4,0,7 29 30,1,30,,142376,4,0,7 29 30,1,70,,142379,4,0,7 29 30,1,95,,142382,4,0,7 29 30,1,100,,142384,4,0,7 29 30,1,95,,142388,4,,,1,105,,142389,4,,,1,95,,142390,4,,,1,100,,142391,4,,,1,100,,142392,4,,,1,105,,142393,4,,,1,100,,142394,4,,,1,100,,142395,4,,,1,109,,142396,4,,,1
2100,'20260805',346,,142397,4,,,1,75,,142398,4,,,1,25,,142399,4,,,1,456,,142401,4,0,7 29 30,1,20,,142404,4,0,7 29 30,1,20,,142406,4,0,7 29 30,1,60,,142407,4,0,7 29 30,1,20,,142410,4,0,7 29 30,1,20,,142412,4,0,7 29 30,1,60,,142413,4,0,7 29 30,1,20,,142416,4,0,7 29 30,1,30,,142417,4,0,7 29 30,1,70,,142420,4,0,7 29 30,1,30,,142421,4,0,7 29 30,1,70,,142424,4,0,7 29 30,1,95,,142427,4,0,7 29 30,1,100,,142429,4,0,7 29 30,1,95,,142433,4,,,1,105,,142434,4,,,1,95,,142435,4,,,1,100,,142436,4,,,1,100,,142437,4,,,1,105,,142438,4,,,1,100,,142439,4,,,1,100,,142440,4,,,1,109,,142441,4,,,1
2100,'20260806',346,,142442,4,,,1,75,,142443,4,,,1,25,,142444,4,,,1,456,,142446,4,0,7 29 30,1,20,,142449,4,0,7 29 30,1,20,,142451,4,0,7 29 30,1,60,,142452,4,0,7 29 30,1,20,,142455,4,0,7 29 30,1,20,,142457,4,0,7 29 30,1,60,,142458,4,0,7 29 30,1,20,,142461,4,0,7 29 30,1,30,,142462,4,0,7 29 30,1,70,,142465,4,0,7 29 30,1,30,,142466,4,0,7 29 30,1,70,,142469,4,0,7 29 30,1,95,,142472,4,0,7 29 30,1,100,,142474,4,0,7 29 30,1,95,,142478,4,,,1,105,,142479,4,,,1,95,,142480,4,,,1,100,,142481,4,,,1,100,,142482,4,,,1,105,,142483,4,,,1,100,,142484,4,,,1,100,,142485,4,,,1,109,,142486,4,,,1
2100,'20260807',346,,142487,4,,,1,75,,142488,4,,,1,25,,142489,4,,,1,456,,142491,4,0,7 29 30,1,20,,142494,4,0,7 29 30,1,20,,142496,4,0,7 29 30,1,60,,142497,4,0,7 29 30,1,20,,142500,4,0,7 29 30,1,20,,142502,4,0,7 29 30,1,60,,142503,4,0,7 29 30,1,20,,142506,4,0,7 29 30,1,30,,142507,4,0,7 29 30,1,70,,142510,4,0,7 29 30,1,30,,142511,4,0,7 29 30,1,70,,142514,4,0,7 29 30,1,95,,142517,4,0,7 29 30,1,100,,142519,4,0,7 29 30,1,95,,142523,4,,,1,105,,142524,4,,,1,95,,142525,4,,,1,100,,142526,4,,,1,100,,142527,4,,,1,105,,142528,4,,,1,100,,142529,4,,,1,100,,142530,4,,,1,109,,142531,4,,,1
2100,'20260808',456,,142532,4,0,57 29 30,1,100,,142533,4,0,57 29 30,1,71,,142534,4,0,57 29 30,1,105,,142536,4,0,7 29 30,1,100,,142539,4,0,7 29 30,1,100,,142543,4,0,7 29 30,1,90,,142547,4,0,7 29 30,1,105,,142551,4,0,7 29 30,1,100,,142554,4,0,7 29 30,1,100,,142557,4,0,7 29 30,1,100,,142560,4,0,7 29 30,1,100,,142563,4,0,7 29 30,1,95,,142566,4,0,7 29 30,1,100,,142569,4,0,7 29 30,1,105,,142571,4,0,7 29 30,1,100,,142574,4,0,57 29 30,1,95,,142575,4,0,57 29 30,1,105,,142576,4,0,57 29 30,1,100,,142577,4,0,57 29 30,1,104,,142578,4,0,57 29 30,1,100,,142579,4,0,57 29 30,1
2100,'20260809',456,,142580,4,0,57 29 30,1,100,,142581,4,0,57 29 30,1,71,,142582,4,0,57 29 30,1,105,,142583,4,0,7 29 30,1,100,,142585,4,0,7 29 30,1,100,,142588,4,0,7 29 30,1,90,,142591,4,0,7 29 30,1,105,,142595,4,0,7 29 30,1,100,,142598,4,0,7 29 30,1,100,,142601,4,0,7 29 30,1,100,,142604,4,0,7 29 30,1,100,,142607,4,0,7 29 30,1,95,,142610,4,0,7 29 30,1,100,,142613,4,0,7 29 30,1,105,,142615,4,0,7 29 30,1,100,,142617,4,0,57 29 30,1,95,,142618,4,0,57 29 30,1,105,,142619,4,0,57 29 30,1,100,,142620,4,0,57 29 30,1,104,,142621,4,0,57 29 30,1,100,,142622,4,0,57 29 30,1
2100,'20260810',346,,142623,4,,,1,75,,142624,4,,,1,25,,142625,4,,,1,456,,142627,4,0,7 29 30,1,20,,142630,4,0,7 29 30,1,20,,142632,4,0,7 29 30,1,60,,142633,4,0,7 29 30,1,20,,142636,4,0,7 29 30,1,20,,142638,4,0,7 29 30,1,60,,142639,4,0,7 29 30,1,20,,142642,4,0,7 29 30,1,30,,142643,4,0,7 29 30,1,70,,142646,4,0,7 29 30,1,30,,142647,4,0,7 29 30,1,70,,142650,4,0,7 29 30,1,95,,142653,4,0,7 29 30,1,100,,142655,4,0,7 29 30,1,95,,142659,4,,,1,105,,142660,4,,,1,95,,142661,4,,,1,100,,142662,4,,,1,100,,142663,4,,,1,105,,142664,4,,,1,100,,142665,4,,,1,100,,142666,4,,,1,109,,142667,4,,,1
2100,'20260811',346,,142668,4,,,1,75,,142669,4,,,1,25,,142670,4,,,1,456,,142672,4,0,7 29 30,1,20,,142675,4,0,7 29 30,1,20,,142677,4,0,7 29 30,1,60,,142678,4,0,7 29 30,1,20,,142681,4,0,7 29 30,1,20,,142683,4,0,7 29 30,1,60,,142684,4,0,7 29 30,1,20,,142687,4,0,7 29 30,1,30,,142688,4,0,7 29 30,1,70,,142691,4,0,7 29 30,1,30,,142692,4,0,7 29 30,1,70,,142695,4,0,7 29 30,1,95,,142698,4,0,7 29 30,1,100,,142700,4,0,7 29 30,1,95,,142704,4,,,1,105,,142705,4,,,1,95,,142706,4,,,1,100,,142707,4,,,1,100,,142708,4,,,1,105,,142709,4,,,1,100,,142710,4,,,1,100,,142711,4,,,1,109,,142712,4,,,1
2100,'20260812',346,,142713,4,,,1,75,,142714,4,,,1,25,,142715,4,,,1,456,,142717,4,0,7 29 30,1,20,,142720,4,0,7 29 30,1,20,,142722,4,0,7 29 30,1,60,,142723,4,0,7 29 30,1,20,,142726,4,0,7 29 30,1,20,,142728,4,0,7 29 30,1,60,,142729,4,0,7 29 30,1,20,,142732,4,0,7 29 30,1,30,,142733,4,0,7 29 30,1,70,,142736,4,0,7 29 30,1,30,,142737,4,0,7 29 30,1,70,,142740,4,0,7 29 30,1,95,,142743,4,0,7 29 30,1,100,,142745,4,0,7 29 30,1,95,,142749,4,,,1,105,,142750,4,,,1,95,,142751,4,,,1,100,,142752,4,,,1,100,,142753,4,,,1,105,,142754,4,,,1,100,,142755,4,,,1,100,,142756,4,,,1,109,,142757,4,,,1
2100,'20260813',346,,142758,4,,,1,75,,142759,4,,,1,25,,142760,4,,,1,456,,142762,4,0,7 29 30,1,20,,142765,4,0,7 29 30,1,20,,142767,4,0,7 29 30,1,60,,142768,4,0,7 29 30,1,20,,142771,4,0,7 29 30,1,20,,142773,4,0,7 29 30,1,60,,142774,4,0,7 29 30,1,20,,142777,4,0,7 29 30,1,30,,142778,4,0,7 29 30,1,70,,142781,4,0,7 29 30,1,30,,142782,4,0,7 29 30,1,70,,142785,4,0,7 29 30,1,95,,142788,4,0,7 29 30,1,100,,142790,4,0,7 29 30,1,95,,142794,4,,,1,105,,142795,4,,,1,95,,142796,4,,,1,100,,142797,4,,,1,100,,142798,4,,,1,105,,142799,4,,,1,100,,142800,4,,,1,100,,142801,4,,,1,109,,142802,4,,,1
2100,'20260814',346,,142803,4,,,1,75,,142804,4,,,1,25,,142805,4,,,1,456,,142807,4,0,7 29 30,1,20,,142810,4,0,7 29 30,1,20,,142812,4,0,7 29 30,1,60,,142813,4,0,7 29 30,1,20,,142816,4,0,7 29 30,1,20,,142818,4,0,7 29 30,1,60,,142819,4,0,7 29 30,1,20,,142822,4,0,7 29 30,1,30,,142823,4,0,7 29 30,1,70,,142826,4,0,7 29 30,1,30,,142827,4,0,7 29 30,1,70,,142830,4,0,7 29 30,1,95,,142833,4,0,7 29 30,1,100,,142835,4,0,7 29 30,1,95,,142839,4,,,1,105,,142840,4,,,1,95,,142841,4,,,1,100,,142842,4,,,1,100,,142843,4,,,1,105,,142844,4,,,1,100,,142845,4,,,1,100,,142846,4,,,1,109,,142847,4,,,1
2100,'20260815',456,,142848,4,0,57 29 30,1,100,,142849,4,0,57 29 30,1,71,,142850,4,0,57 29 30,1,105,,142852,4,0,7 29 30,1,100,,142855,4,0,7 29 30,1,100,,142859,4,0,7 29 30,1,90,,142863,4,0,7 29 30,1,105,,142867,4,0,7 29 30,1,100,,142870,4,0,7 29 30,1,100,,142873,4,0,7 29 30,1,100,,142876,4,0,7 29 30,1,100,,142879,4,0,7 29 30,1,95,,142882,4,0,7 29 30,1,100,,142885,4,0,7 29 30,1,105,,142887,4,0,7 29 30,1,100,,142890,4,0,57 29 30,1,95,,142891,4,0,57 29 30,1,105,,142892,4,0,57 29 30,1,100,,142893,4,0,57 29 30,1,104,,142894,4,0,57 29 30,1,100,,142895,4,0,57 29 30,1
2100,'20260816',456,,142896,4,0,57 29 30,1,100,,142897,4,0,57 29 30,1,71,,142898,4,0,57 29 30,1,105,,142899,4,0,7 29 30,1,100,,142901,4,0,7 29 30,1,100,,142904,4,0,7 29 30,1,90,,142907,4,0,7 29 30,1,105,,142911,4,0,7 29 30,1,100,,142914,4,0,7 29 30,1,100,,142917,4,0,7 29 30,1,100,,142920,4,0,7 29 30,1,100,,142923,4,0,7 29 30,1,95,,142926,4,0,7 29 30,1,100,,142929,4,0,7 29 30,1,105,,142931,4,0,7 29 30,1,100,,142933,4,0,57 29 30,1,95,,142934,4,0,57 29 30,1,105,,142935,4,0,57 29 30,1,100,,142936,4,0,57 29 30,1,104,,142937,4,0,57 29 30,1,100,,142938,4,0,57 29 30,1
2100,'20260817',346,,142939,4,,,1,75,,142940,4,,,1,25,,142941,4,,,1,456,,142943,4,0,7 29 30,1,20,,142946,4,0,7 29 30,1,20,,142948,4,0,7 29 30,1,60,,142949,4,0,7 29 30,1,20,,142952,4,0,7 29 30,1,20,,142954,4,0,7 29 30,1,60,,142955,4,0,7 29 30,1,20,,142958,4,0,7 29 30,1,30,,142959,4,0,7 29 30,1,70,,142962,4,0,7 29 30,1,30,,142963,4,0,7 29 30,1,70,,142966,4,0,7 29 30,1,95,,142969,4,0,7 29 30,1,100,,142971,4,0,7 29 30,1,95,,142975,4,,,1,105,,142976,4,,,1,95,,142977,4,,,1,100,,142978,4,,,1,100,,142979,4,,,1,105,,142980,4,,,1,100,,142981,4,,,1,100,,142982,4,,,1,109,,142983,4,,,1
2100,'20260818',346,,142984,4,,,1,75,,142985,4,,,1,25,,142986,4,,,1,456,,142988,4,0,7 29 30,1,20,,142991,4,0,7 29 30,1,20,,142993,4,0,7 29 30,1,60,,142994,4,0,7 29 30,1,20,,142997,4,0,7 29 30,1,20,,142999,4,0,7 29 30,1,60,,143000,4,0,7 29 30,1,20,,143003,4,0,7 29 30,1,30,,143004,4,0,7 29 30,1,70,,143007,4,0,7 29 30,1,30,,143008,4,0,7 29 30,1,70,,143011,4,0,7 29 30,1,95,,143014,4,0,7 29 30,1,100,,143016,4,0,7 29 30,1,95,,143020,4,,,1,105,,143021,4,,,1,95,,143022,4,,,1,100,,143023,4,,,1,100,,143024,4,,,1,105,,143025,4,,,1,100,,143026,4,,,1,100,,143027,4,,,1,109,,143028,4,,,1
2100,'20260819',346,,143029,4,,,1,75,,143030,4,,,1,25,,143031,4,,,1,456,,143033,4,0,7 29 30,1,20,,143036,4,0,7 29 30,1,20,,143038,4,0,7 29 30,1,60,,143039,4,0,7 29 30,1,20,,143042,4,0,7 29 30,1,20,,143044,4,0,7 29 30,1,60,,143045,4,0,7 29 30,1,20,,143048,4,0,7 29 30,1,30,,143049,4,0,7 29 30,1,70,,143052,4,0,7 29 30,1,30,,143053,4,0,7 29 30,1,70,,143056,4,0,7 29 30,1,95,,143059,4,0,7 29 30,1,100,,143061,4,0,7 29 30,1,95,,143065,4,,,1,105,,143066,4,,,1,95,,143067,4,,,1,100,,143068,4,,,1,100,,143069,4,,,1,105,,143070,4,,,1,100,,143071,4,,,1,100,,143072,4,,,1,109,,143073,4,,,1
2100,'20260820',346,,143074,4,,,1,75,,143075,4,,,1,25,,143076,4,,,1,456,,143078,4,0,7 29 30,1,20,,143081,4,0,7 29 30,1,20,,143083,4,0,7 29 30,1,60,,143084,4,0,7 29 30,1,20,,143087,4,0,7 29 30,1,20,,143089,4,0,7 29 30,1,60,,143090,4,0,7 29 30,1,20,,143093,4,0,7 29 30,1,30,,143094,4,0,7 29 30,1,70,,143097,4,0,7 29 30,1,30,,143098,4,0,7 29 30,1,70,,143101,4,0,7 29 30,1,95,,143104,4,0,7 29 30,1,100,,143106,4,0,7 29 30,1,95,,143110,4,,,1,105,,143111,4,,,1,95,,143112,4,,,1,100,,143113,4,,,1,100,,143114,4,,,1,105,,143115,4,,,1,100,,143116,4,,,1,100,,143117,4,,,1,109,,143118,4,,,1
2100,'20260821',346,,143119,4,,,1,75,,143120,4,,,1,25,,143121,4,,,1,456,,143123,4,0,7 29 30,1,20,,143126,4,0,7 29 30,1,20,,143128,4,0,7 29 30,1,60,,143129,4,0,7 29 30,1,20,,143132,4,0,7 29 30,1,20,,143134,4,0,7 29 30,1,60,,143135,4,0,7 29 30,1,20,,143138,4,0,7 29 30,1,30,,143139,4,0,7 29 30,1,70,,143142,4,0,7 29 30,1,30,,143143,4,0,7 29 30,1,70,,143146,4,0,7 29 30,1,95,,143149,4,0,7 29 30,1,100,,143151,4,0,7 29 30,1,95,,143155,4,,,1,105,,143156,4,,,1,95,,143157,4,,,1,100,,143158,4,,,1,100,,143159,4,,,1,105,,143160,4,,,1,100,,143161,4,,,1,100,,143162,4,,,1,109,,143163,4,,,1
2100,'20260822',456,,143164,4,0,57 29 30,1,100,,143165,4,0,57 29 30,1,71,,143166,4,0,57 29 30,1,105,,143168,4,0,7 29 30,1,100,,143171,4,0,7 29 30,1,100,,143175,4,0,7 29 30,1,90,,143179,4,0,7 29 30,1,105,,143183,4,0,7 29 30,1,100,,143186,4,0,7 29 30,1,100,,143189,4,0,7 29 30,1,100,,143192,4,0,7 29 30,1,100,,143195,4,0,7 29 30,1,95,,143198,4,0,7 29 30,1,100,,143201,4,0,7 29 30,1,105,,143203,4,0,7 29 30,1,100,,143206,4,0,57 29 30,1,95,,143207,4,0,57 29 30,1,105,,143208,4,0,57 29 30,1,100,,143209,4,0,57 29 30,1,104,,143210,4,0,57 29 30,1,100,,143211,4,0,57 29 30,1
2100,'20260823',456,,143212,4,0,57 29 30,1,100,,143213,4,0,57 29 30,1,71,,143214,4,0,57 29 30,1,105,,143215,4,0,7 29 30,1,100,,143217,4,0,7 29 30,1,100,,143220,4,0,7 29 30,1,90,,143223,4,0,7 29 30,1,105,,143227,4,0,7 29 30,1,100,,143230,4,0,7 29 30,1,100,,143233,4,0,7 29 30,1,100,,143236,4,0,7 29 30,1,100,,143239,4,0,7 29 30,1,95,,143242,4,0,7 29 30,1,100,,143245,4,0,7 29 30,1,105,,143247,4,0,7 29 30,1,100,,143249,4,0,57 29 30,1,95,,143250,4,0,57 29 30,1,105,,143251,4,0,57 29 30,1,100,,143252,4,0,57 29 30,1,104,,143253,4,0,57 29 30,1,100,,143254,4,0,57 29 30,1
2100,'20260824',346,,143255,4,,,1,75,,143256,4,,,1,25,,143257,4,,,1,456,,143259,4,0,7 29 30,1,20,,143262,4,0,7 29 30,1,20,,143264,4,0,7 29 30,1,60,,143265,4,0,7 29 30,1,20,,143268,4,0,7 29 30,1,20,,143270,4,0,7 29 30,1,60,,143271,4,0,7 29 30,1,20,,143274,4,0,7 29 30,1,30,,143275,4,0,7 29 30,1,70,,143278,4,0,7 29 30,1,30,,143279,4,0,7 29 30,1,70,,143282,4,0,7 29 30,1,95,,143285,4,0,7 29 30,1,100,,143287,4,0,7 29 30,1,95,,143291,4,,,1,105,,143292,4,,,1,95,,143293,4,,,1,100,,143294,4,,,1,100,,143295,4,,,1,105,,143296,4,,,1,100,,143297,4,,,1,100,,143298,4,,,1,109,,143299,4,,,1
2100,'20260825',346,,143300,4,,,1,75,,143301,4,,,1,25,,143302,4,,,1,456,,143304,4,0,7 29 30,1,20,,143307,4,0,7 29 30,1,20,,143309,4,0,7 29 30,1,60,,143310,4,0,7 29 30,1,20,,143313,4,0,7 29 30,1,20,,143315,4,0,7 29 30,1,60,,143316,4,0,7 29 30,1,20,,143319,4,0,7 29 30,1,30,,143320,4,0,7 29 30,1,70,,143323,4,0,7 29 30,1,30,,143324,4,0,7 29 30,1,70,,143327,4,0,7 29 30,1,95,,143330,4,0,7 29 30,1,100,,143332,4,0,7 29 30,1,95,,143336,4,,,1,105,,143337,4,,,1,95,,143338,4,,,1,100,,143339,4,,,1,100,,143340,4,,,1,105,,143341,4,,,1,100,,143342,4,,,1,100,,143343,4,,,1,109,,143344,4,,,1
2100,'20260826',346,,143345,4,,,1,75,,143346,4,,,1,25,,143347,4,,,1,456,,143349,4,0,7 29 30,1,20,,143352,4,0,7 29 30,1,20,,143354,4,0,7 29 30,1,60,,143355,4,0,7 29 30,1,20,,143358,4,0,7 29 30,1,20,,143360,4,0,7 29 30,1,60,,143361,4,0,7 29 30,1,20,,143364,4,0,7 29 30,1,30,,143365,4,0,7 29 30,1,70,,143368,4,0,7 29 30,1,30,,143369,4,0,7 29 30,1,70,,143372,4,0,7 29 30,1,95,,143375,4,0,7 29 30,1,100,,143377,4,0,7 29 30,1,95,,143381,4,,,1,105,,143382,4,,,1,95,,143383,4,,,1,100,,143384,4,,,1,100,,143385,4,,,1,105,,143386,4,,,1,100,,143387,4,,,1,100,,143388,4,,,1,109,,143389,4,,,1
2100,'20260827',346,,143390,4,,,1,75,,143391,4,,,1,25,,143392,4,,,1,456,,143394,4,0,7 29 30,1,20,,143397,4,0,7 29 30,1,20,,143399,4,0,7 29 30,1,60,,143400,4,0,7 29 30,1,20,,143403,4,0,7 29 30,1,20,,143405,4,0,7 29 30,1,60,,143406,4,0,7 29 30,1,20,,143409,4,0,7 29 30,1,30,,143410,4,0,7 29 30,1,70,,143413,4,0,7 29 30,1,30,,143414,4,0,7 29 30,1,70,,143417,4,0,7 29 30,1,95,,143420,4,0,7 29 30,1,100,,143422,4,0,7 29 30,1,95,,143426,4,,,1,105,,143427,4,,,1,95,,143428,4,,,1,100,,143429,4,,,1,100,,143430,4,,,1,105,,143431,4,,,1,100,,143432,4,,,1,100,,143433,4,,,1,109,,143434,4,,,1
2100,'20260828',346,,143435,4,,,1,75,,143436,4,,,1,25,,143437,4,,,1,456,,143439,4,0,7 29 30,1,20,,143442,4,0,7 29 30,1,20,,143444,4,0,7 29 30,1,60,,143445,4,0,7 29 30,1,20,,143448,4,0,7 29 30,1,20,,143450,4,0,7 29 30,1,60,,143451,4,0,7 29 30,1,20,,143454,4,0,7 29 30,1,30,,143455,4,0,7 29 30,1,70,,143458,4,0,7 29 30,1,30,,143459,4,0,7 29 30,1,70,,143462,4,0,7 29 30,1,95,,143465,4,0,7 29 30,1,100,,143467,4,0,7 29 30,1,95,,143471,4,,,1,105,,143472,4,,,1,95,,143473,4,,,1,100,,143474,4,,,1,100,,143475,4,,,1,105,,143476,4,,,1,100,,143477,4,,,1,100,,143478,4,,,1,109,,143479,4,,,1
2100,'20260829',456,,143480,4,0,57 29 30,1,100,,143481,4,0,57 29 30,1,71,,143482,4,0,57 29 30,1,105,,143484,4,0,7 29 30,1,100,,143487,4,0,7 29 30,1,100,,143491,4,0,7 29 30,1,90,,143495,4,0,7 29 30,1,105,,143499,4,0,7 29 30,1,100,,143502,4,0,7 29 30,1,100,,143505,4,0,7 29 30,1,100,,143508,4,0,7 29 30,1,100,,143511,4,0,7 29 30,1,95,,143514,4,0,7 29 30,1,100,,143517,4,0,7 29 30,1,105,,143519,4,0,7 29 30,1,100,,143522,4,0,57 29 30,1,95,,143523,4,0,57 29 30,1,105,,143524,4,0,57 29 30,1,100,,143525,4,0,57 29 30,1,104,,143526,4,0,57 29 30,1,100,,143527,4,0,57 29 30,1
2100,'20260830',456,,143528,4,0,57 29 30,1,100,,143529,4,0,57 29 30,1,71,,143530,4,0,57 29 30,1,105,,143531,4,0,7 29 30,1,100,,143533,4,0,7 29 30,1,100,,143536,4,0,7 29 30,1,90,,143539,4,0,7 29 30,1,105,,143543,4,0,7 29 30,1,100,,143546,4,0,7 29 30,1,100,,143549,4,0,7 29 30,1,100,,143552,4,0,7 29 30,1,100,,143555,4,0,7 29 30,1,95,,143558,4,0,7 29 30,1,100,,143561,4,0,7 29 30,1,105,,143563,4,0,7 29 30,1,100,,143565,4,0,57 29 30,1,95,,143566,4,0,57 29 30,1,105,,143567,4,0,57 29 30,1,100,,143568,4,0,57 29 30,1,104,,143569,4,0,57 29 30,1,100,,143570,4,0,57 29 30,1
2100,'20260831',346,,143571,4,,,1,75,,143572,4,,,1,25,,143573,4,,,1,456,,143575,4,0,7 29 30,1,20,,143578,4,0,7 29 30,1,20,,143580,4,0,7 29 30,1,60,,143581,4,0,7 29 30,1,20,,143584,4,0,7 29 30,1,20,,143586,4,0,7 29 30,1,60,,143587,4,0,7 29 30,1,20,,143590,4,0,7 29 30,1,30,,143591,4,0,7 29 30,1,70,,143594,4,0,7 29 30,1,30,,143595,4,0,7 29 30,1,70,,143598,4,0,7 29 30,1,95,,143601,4,0,7 29 30,1,100,,143603,4,0,7 29 30,1,95,,143607,4,,,1,105,,143608,4,,,1,95,,143609,4,,,1,100,,143610,4,,,1,100,,143611,4,,,1,105,,143612,4,,,1,100,,143613,4,,,1,100,,143614,4,,,1,109,,143615,4,,,1
2100,'20260901',346,,143616,4,,,1,75,,143617,4,,,1,25,,143618,4,,,1,456,,143620,4,0,7 29 30,1,20,,143623,4,0,7 29 30,1,20,,143625,4,0,7 29 30,1,60,,143626,4,0,7 29 30,1,20,,143629,4,0,7 29 30,1,20,,143631,4,0,7 29 30,1,60,,143632,4,0,7 29 30,1,20,,143635,4,0,7 29 30,1,30,,143636,4,0,7 29 30,1,70,,143639,4,0,7 29 30,1,30,,143640,4,0,7 29 30,1,70,,143643,4,0,7 29 30,1,95,,143646,4,0,7 29 30,1,100,,143648,4,0,7 29 30,1,95,,143652,4,,,1,105,,143653,4,,,1,95,,143654,4,,,1,100,,143655,4,,,1,100,,143656,4,,,1,105,,143657,4,,,1,100,,143658,4,,,1,100,,143659,4,,,1,109,,143660,4,,,1
2100,'20260902',346,,143661,4,,,1,75,,143662,4,,,1,25,,143663,4,,,1,456,,143665,4,0,7 29 30,1,20,,143668,4,0,7 29 30,1,20,,143670,4,0,7 29 30,1,60,,143671,4,0,7 29 30,1,20,,143674,4,0,7 29 30,1,20,,143676,4,0,7 29 30,1,60,,143677,4,0,7 29 30,1,20,,143680,4,0,7 29 30,1,30,,143681,4,0,7 29 30,1,70,,143684,4,0,7 29 30,1,30,,143685,4,0,7 29 30,1,70,,143688,4,0,7 29 30,1,95,,143691,4,0,7 29 30,1,100,,143693,4,0,7 29 30,1,95,,143697,4,,,1,105,,143698,4,,,1,95,,143699,4,,,1,100,,143700,4,,,1,100,,143701,4,,,1,105,,143702,4,,,1,100,,143703,4,,,1,100,,143704,4,,,1,109,,143705,4,,,1
2100,'20260903',346,,143706,4,,,1,75,,143707,4,,,1,25,,143708,4,,,1,456,,143710,4,0,7 29 30,1,20,,143713,4,0,7 29 30,1,20,,143715,4,0,7 29 30,1,60,,143716,4,0,7 29 30,1,20,,143719,4,0,7 29 30,1,20,,143721,4,0,7 29 30,1,60,,143722,4,0,7 29 30,1,20,,143725,4,0,7 29 30,1,30,,143726,4,0,7 29 30,1,70,,143729,4,0,7 29 30,1,30,,143730,4,0,7 29 30,1,70,,143733,4,0,7 29 30,1,95,,143736,4,0,7 29 30,1,100,,143738,4,0,7 29 30,1,95,,143742,4,,,1,105,,143743,4,,,1,95,,143744,4,,,1,100,,143745,4,,,1,100,,143746,4,,,1,105,,143747,4,,,1,100,,143748,4,,,1,100,,143749,4,,,1,109,,143750,4,,,1
2100,'20260904',346,,143751,4,,,1,75,,143752,4,,,1,25,,143753,4,,,1,456,,143755,4,0,7 29 30,1,20,,143758,4,0,7 29 30,1,20,,143760,4,0,7 29 30,1,60,,143761,4,0,7 29 30,1,20,,143764,4,0,7 29 30,1,20,,143766,4,0,7 29 30,1,60,,143767,4,0,7 29 30,1,20,,143770,4,0,7 29 30,1,30,,143771,4,0,7 29 30,1,70,,143774,4,0,7 29 30,1,30,,143775,4,0,7 29 30,1,70,,143778,4,0,7 29 30,1,95,,143781,4,0,7 29 30,1,100,,143783,4,0,7 29 30,1,95,,143787,4,,,1,105,,143788,4,,,1,95,,143789,4,,,1,100,,143790,4,,,1,100,,143791,4,,,1,105,,143792,4,,,1,100,,143793,4,,,1,100,,143794,4,,,1,109,,143795,4,,,1
2201,'20260716',706,,148160,5,,,1,97,,148161,5,,,1,205,,148162,5,,,1,200,,148163,5,,,1,200,,148164,5,,,1,200,,148165,5,,,1,199,,148166,5,,,1,200,,148167,5,,,1
2201,'20260717',706,,148168,5,,,1,97,,148169,5,,,1,205,,148170,5,,,1,200,,148171,5,,,1,200,,148172,5,,,1,200,,148173,5,,,1,199,,148174,5,,,1,200,,148175,5,,,1
2201,'20260720',706,,148176,5,,,1,97,,148177,5,,,1,205,,148178,5,,,1,200,,148179,5,,,1,200,,148180,5,,,1,200,,148181,5,,,1,199,,148182,5,,,1,200,,148183,5,,,1
2201,'20260721',706,,148184,5,,,1,97,,148185,5,,,1,205,,148186,5,,,1,200,,148187,5,,,1,200,,148188,5,,,1,200,,148189,5,,,1,199,,148190,5,,,1,200,,148191,5,,,1
2201,'20260722',706,,148192,5,,,1,97,,148193,5,,,1,205,,148194,5,,,1,200,,148195,5,,,1,200,,148196,5,,,1,200,,148197,5,,,1,199,,148198,5,,,1,200,,148199,5,,,1
2201,'20260723',706,,148200,5,,,1,97,,148201,5,,,1,205,,148202,5,,,1,200,,148203,5,,,1,200,,148204,5,,,1,200,,148205,5,,,1,199,,148206,5,,,1,200,,148207,5,,,1
2201,'20260724',706,,148208,5,,,1,97,,148209,5,,,1,205,,148210,5,,,1,200,,148211,5,,,1,200,,148212,5,,,1,200,,148213,5,,,1,199,,148214,5,,,1,200,,148215,5,,,1
2201,'20260727',706,,148216,5,,,1,97,,148217,5,,,1,205,,148218,5,,,1,200,,148219,5,,,1,200,,148220,5,,,1,200,,148221,5,,,1,199,,148222,5,,,1,200,,148223,5,,,1
2201,'20260728',706,,148224,5,,,1,97,,148225,5,,,1,205,,148226,5,,,1,200,,148227,5,,,1,200,,148228,5,,,1,200,,148229,5,,,1,199,,148230,5,,,1,200,,148231,5,,,1
2201,'20260729',706,,148232,5,,,1,97,,148233,5,,,1,205,,148234,5,,,1,200,,148235,5,,,1,200,,148236,5,,,1,200,,148237,5,,,1,199,,148238,5,,,1,200,,148239,5,,,1
2201,'20260730',706,,148240,5,,,1,97,,148241,5,,,1,205,,148242,5,,,1,200,,148243,5,,,1,200,,148244,5,,,1,200,,148245,5,,,1,199,,148246,5,,,1,200,,148247,5,,,1
2201,'20260731',706,,148248,5,,,1,97,,148249,5,,,1,205,,148250,5,,,1,200,,148251,5,,,1,200,,148252,5,,,1,200,,148253,5,,,1,199,,148254,5,,,1,200,,148255,5,,,1
2201,'20260804',706,,148256,5,,,1,97,,148257,5,,,1,205,,148258,5,,,1,200,,148259,5,,,1,200,,148260,5,,,1,200,,148261,5,,,1,199,,148262,5,,,1,200,,148263,5,,,1
2201,'20260805',706,,148264,5,,,1,97,,148265,5,,,1,205,,148266,5,,,1,200,,148267,5,,,1,200,,148268,5,,,1,200,,148269,5,,,1,199,,148270,5,,,1,200,,148271,5,,,1
2201,'20260806',706,,148272,5,,,1,97,,148273,5,,,1,205,,148274,5,,,1,200,,148275,5,,,1,200,,148276,5,,,1,200,,148277,5,,,1,199,,148278,5,,,1,200,,148279,5,,,1
2201,'20260807',706,,148280,5,,,1,97,,148281,5,,,1,205,,148282,5,,,1,200,,148283,5,,,1,200,,148284,5,,,1,200,,148285,5,,,1,199,,148286,5,,,1,200,,148287,5,,,1
2201,'20260810',706,,148288,5,,,1,97,,148289,5,,,1,205,,148290,5,,,1,200,,148291,5,,,1,200,,148292,5,,,1,200,,148293,5,,,1,199,,148294,5,,,1,200,,148295,5,,,1
2201,'20260811',706,,148296,5,,,1,97,,148297,5,,,1,205,,148298,5,,,1,200,,148299,5,,,1,200,,148300,5,,,1,200,,148301,5,,,1,199,,148302,5,,,1,200,,148303,5,,,1
2201,'20260812',706,,148304,5,,,1,97,,148305,5,,,1,205,,148306,5,,,1,200,,148307,5,,,1,200,,148308,5,,,1,200,,148309,5,,,1,199,,148310,5,,,1,200,,148311,5,,,1
2201,'20260813',706,,148312,5,,,1,97,,148313,5,,,1,205,,148314,5,,,1,200,,148315,5,,,1,200,,148316,5,,,1,200,,148317,5,,,1,199,,148318,5,,,1,200,,148319,5,,,1
2201,'20260814',706,,148320,5,,,1,97,,148321,5,,,1,205,,148322,5,,,1,200,,148323,5,,,1,200,,148324,5,,,1,200,,148325,5,,,1,199,,148326,5,,,1,200,,148327,5,,,1
2201,'20260817',706,,148328,5,,,1,97,,148329,5,,,1,205,,148330,5,,,1,200,,148331,5,,,1,200,,148332,5,,,1,200,,148333,5,,,1,199,,148334,5,,,1,200,,148335,5,,,1
2201,'20260818',706,,148336,5,,,1,97,,148337,5,,,1,205,,148338,5,,,1,200,,148339,5,,,1,200,,148340,5,,,1,200,,148341,5,,,1,199,,148342,5,,,1,200,,148343,5,,,1
2201,'20260819',706,,148344,5,,,1,97,,148345,5,,,1,205,,148346,5,,,1,200,,148347,5,,,1,200,,148348,5,,,1,200,,148349,5,,,1,199,,148350,5,,,1,200,,148351,5,,,1
2201,'20260820',706,,148352,5,,,1,97,,148353,5,,,1,205,,148354,5,,,1,200,,148355,5,,,1,200,,148356,5,,,1,200,,148357,5,,,1,199,,148358,5,,,1,200,,148359,5,,,1
2201,'20260821',706,,148360,5,,,1,97,,148361,5,,,1,205,,148362,5,,,1,200,,148363,5,,,1,200,,148364,5,,,1,200,,148365,5,,,1,199,,148366,5,,,1,200,,148367,5,,,1
2201,'20260824',706,,148368,5,,,1,97,,148369,5,,,1,205,,148370,5,,,1,200,,148371,5,,,1,200,,148372,5,,,1,200,,148373,5,,,1,199,,148374,5,,,1,200,,148375,5,,,1
2201,'20260825',706,,148376,5,,,1,97,,148377,5,,,1,205,,148378,5,,,1,200,,148379,5,,,1,200,,148380,5,,,1,200,,148381,5,,,1,199,,148382,5,,,1,200,,148383,5,,,1
2201,'20260826',706,,148384,5,,,1,97,,148385,5,,,1,205,,148386,5,,,1,200,,148387,5,,,1,200,,148388,5,,,1,200,,148389,5,,,1,199,,148390,5,,,1,200,,148391,5,,,1
2201,'20260827',706,,148392,5,,,1,97,,148393,5,,,1,205,,148394,5,,,1,200,,148395,5,,,1,200,,148396,5,,,1,200,,148397,5,,,1,199,,148398,5,,,1,200,,148399,5,,,1
2201,'20260828',706,,148400,5,,,1,97,,148401,5,,,1,205,,148402,5,,,1,200,,148403,5,,,1,200,,148404,5,,,1,200,,148405,5,,,1,199,,148406,5,,,1,200,,148407,5,,,1
2201,'20260831',706,,148408,5,,,1,97,,148409,5,,,1,205,,148410,5,,,1,200,,148411,5,,,1,200,,148412,5,,,1,200,,148413,5,,,1,199,,148414,5,,,1,200,,148415,5,,,1
2201,'20260901',706,,148416,5,,,1,97,,148417,5,,,1,205,,148418,5,,,1,200,,148419,5,,,1,200,,148420,5,,,1,200,,148421,5,,,1,199,,148422,5,,,1,200,,148423,5,,,1
2201,'20260902',706,,148424,5,,,1,97,,148425,5,,,1,205,,148426,5,,,1,200,,148427,5,,,1,200,,148428,5,,,1,200,,148429,5,,,1,199,,148430,5,,,1,200,,148431,5,,,1
2201,'20260903',706,,148432,5,,,1,97,,148433,5,,,1,205,,148434,5,,,1,200,,148435,5,,,1,200,,148436,5,,,1,200,,148437,5,,,1,199,,148438,5,,,1,200,,148439,5,,,1
2201,'20260904',706,,148440,5,,,1,97,,148441,5,,,1,205,,148442,5,,,1,200,,148443,5,,,1,200,,148444,5,,,1,200,,148445,5,,,1,199,,148446,5,,,1,200,,148447,5,,,1
2700,'20260716',507,,154143,4,0,7 6,1,20,,154144,4,0,7 6,1,25,,154145,4,0,57 6,1,60,,154146,4,0,57 6,1,15,,154147,4,0,57 6,1,25,,154148,4,0,57 6,1,65,,154149,4,0,57 6,1,30,,154150,4,0,57 6,1,70,,154151,4,0,7 6,1,110,,154152,4,0,7 6,1,100,,154153,4,0,7 6,1,421,,154158,4,0,57 6,1,75,,154159,4,0,57 6,1,25,,154160,4,0,57 6,1,75,,154162,4,0,57 6,1,35,,154164,4,0,57 6,1,80,,154165,4,0,57 6,1,90,,154166,4,0,7 6,1
2700,'20260717',507,,154170,4,0,7 6,1,20,,154171,4,0,7 6,1,25,,154172,4,0,57 6,1,60,,154173,4,0,57 6,1,15,,154174,4,0,57 6,1,25,,154175,4,0,57 6,1,65,,154176,4,0,57 6,1,30,,154177,4,0,57 6,1,70,,154178,4,0,7 6,1,110,,154179,4,0,7 6,1,100,,154180,4,0,7 6,1,421,,154185,4,0,57 6,1,75,,154186,4,0,57 6,1,25,,154187,4,0,57 6,1,75,,154189,4,0,57 6,1,35,,154191,4,0,57 6,1,80,,154192,4,0,57 6,1,90,,154193,4,0,7 6,1
2700,'20260718',536,,154197,4,0,7 6,1
2700,'20260719',536,,154214,4,0,7 6,1
2700,'20260720',507,,154231,4,0,7 6,1,20,,154232,4,0,7 6,1,25,,154233,4,0,57 6,1,60,,154234,4,0,57 6,1,15,,154235,4,0,57 6,1,25,,154236,4,0,57 6,1,65,,154237,4,0,57 6,1,30,,154238,4,0,57 6,1,70,,154239,4,0,7 6,1,110,,154240,4,0,7 6,1,100,,154241,4,0,7 6,1,421,,154246,4,0,57 6,1,75,,154247,4,0,57 6,1,25,,154248,4,0,57 6,1,75,,154250,4,0,57 6,1,35,,154252,4,0,57 6,1,80,,154253,4,0,57 6,1,90,,154254,4,0,7 6,1
2700,'20260721',507,,154258,4,0,7 6,1,20,,154259,4,0,7 6,1,25,,154260,4,0,57 6,1,60,,154261,4,0,57 6,1,15,,154262,4,0,57 6,1,25,,154263,4,0,57 6,1,65,,154264,4,0,57 6,1,30,,154265,4,0,57 6,1,70,,154266,4,0,7 6,1,110,,154267,4,0,7 6,1,100,,154268,4,0,7 6,1,421,,154273,4,0,57 6,1,75,,154274,4,0,57 6,1,25,,154275,4,0,57 6,1,75,,154277,4,0,57 6,1,35,,154279,4,0,57 6,1,80,,154280,4,0,57 6,1,90,,154281,4,0,7 6,1
2700,'20260722',507,,154285,4,0,7 6,1,20,,154286,4,0,7 6,1,25,,154287,4,0,57 6,1,60,,154288,4,0,57 6,1,15,,154289,4,0,57 6,1,25,,154290,4,0,57 6,1,65,,154291,4,0,57 6,1,30,,154292,4,0,57 6,1,70,,154293,4,0,7 6,1,110,,154294,4,0,7 6,1,100,,154295,4,0,7 6,1,421,,154300,4,0,57 6,1,75,,154301,4,0,57 6,1,25,,154302,4,0,57 6,1,75,,154304,4,0,57 6,1,35,,154306,4,0,57 6,1,80,,154307,4,0,57 6,1,90,,154308,4,0,7 6,1
2700,'20260723',507,,154312,4,0,7 6,1,20,,154313,4,0,7 6,1,25,,154314,4,0,57 6,1,60,,154315,4,0,57 6,1,15,,154316,4,0,57 6,1,25,,154317,4,0,57 6,1,65,,154318,4,0,57 6,1,30,,154319,4,0,57 6,1,70,,154320,4,0,7 6,1,110,,154321,4,0,7 6,1,100,,154322,4,0,7 6,1,421,,154327,4,0,57 6,1,75,,154328,4,0,57 6,1,25,,154329,4,0,57 6,1,75,,154331,4,0,57 6,1,35,,154333,4,0,57 6,1,80,,154334,4,0,57 6,1,90,,154335,4,0,7 6,1
2700,'20260724',507,,154339,4,0,7 6,1,20,,154340,4,0,7 6,1,25,,154341,4,0,57 6,1,60,,154342,4,0,57 6,1,15,,154343,4,0,57 6,1,25,,154344,4,0,57 6,1,65,,154345,4,0,57 6,1,30,,154346,4,0,57 6,1,70,,154347,4,0,7 6,1,110,,154348,4,0,7 6,1,100,,154349,4,0,7 6,1,421,,154354,4,0,57 6,1,75,,154355,4,0,57 6,1,25,,154356,4,0,57 6,1,75,,154358,4,0,57 6,1,35,,154360,4,0,57 6,1,80,,154361,4,0,57 6,1,90,,154362,4,0,7 6,1
2700,'20260725',536,,154366,4,0,7 6,1
2700,'20260726',536,,154383,4,0,7 6,1
2700,'20260727',507,,154400,4,0,7 6,1,20,,154401,4,0,7 6,1,25,,154402,4,0,57 6,1,60,,154403,4,0,57 6,1,15,,154404,4,0,57 6,1,25,,154405,4,0,57 6,1,65,,154406,4,0,57 6,1,30,,154407,4,0,57 6,1,70,,154408,4,0,7 6,1,110,,154409,4,0,7 6,1,100,,154410,4,0,7 6,1,421,,154415,4,0,57 6,1,75,,154416,4,0,57 6,1,25,,154417,4,0,57 6,1,75,,154419,4,0,57 6,1,35,,154421,4,0,57 6,1,80,,154422,4,0,57 6,1,90,,154423,4,0,7 6,1
2700,'20260728',507,,154427,4,0,7 6,1,20,,154428,4,0,7 6,1,25,,154429,4,0,57 6,1,60,,154430,4,0,57 6,1,15,,154431,4,0,57 6,1,25,,154432,4,0,57 6,1,65,,154433,4,0,57 6,1,30,,154434,4,0,57 6,1,70,,154435,4,0,7 6,1,110,,154436,4,0,7 6,1,100,,154437,4,0,7 6,1,421,,154442,4,0,57 6,1,75,,154443,4,0,57 6,1,25,,154444,4,0,57 6,1,75,,154446,4,0,57 6,1,35,,154448,4,0,57 6,1,80,,154449,4,0,57 6,1,90,,154450,4,0,7 6,1
2700,'20260729',507,,154454,4,0,7 6,1,20,,154455,4,0,7 6,1,25,,154456,4,0,57 6,1,60,,154457,4,0,57 6,1,15,,154458,4,0,57 6,1,25,,154459,4,0,57 6,1,65,,154460,4,0,57 6,1,30,,154461,4,0,57 6,1,70,,154462,4,0,7 6,1,110,,154463,4,0,7 6,1,100,,154464,4,0,7 6,1,421,,154469,4,0,57 6,1,75,,154470,4,0,57 6,1,25,,154471,4,0,57 6,1,75,,154473,4,0,57 6,1,35,,154475,4,0,57 6,1,80,,154476,4,0,57 6,1,90,,154477,4,0,7 6,1
2700,'20260730',507,,154481,4,0,7 6,1,20,,154482,4,0,7 6,1,25,,154483,4,0,57 6,1,60,,154484,4,0,57 6,1,15,,154485,4,0,57 6,1,25,,154486,4,0,57 6,1,65,,154487,4,0,57 6,1,30,,154488,4,0,57 6,1,70,,154489,4,0,7 6,1,110,,154490,4,0,7 6,1,100,,154491,4,0,7 6,1,421,,154496,4,0,57 6,1,75,,154497,4,0,57 6,1,25,,154498,4,0,57 6,1,75,,154500,4,0,57 6,1,35,,154502,4,0,57 6,1,80,,154503,4,0,57 6,1,90,,154504,4,0,7 6,1
2700,'20260731',507,,154508,4,0,7 6,1,20,,154509,4,0,7 6,1,25,,154510,4,0,57 6,1,60,,154511,4,0,57 6,1,15,,154512,4,0,57 6,1,25,,154513,4,0,57 6,1,65,,154514,4,0,57 6,1,30,,154515,4,0,57 6,1,70,,154516,4,0,7 6,1,110,,154517,4,0,7 6,1,100,,154518,4,0,7 6,1,421,,154523,4,0,57 6,1,75,,154524,4,0,57 6,1,25,,154525,4,0,57 6,1,75,,154527,4,0,57 6,1,35,,154529,4,0,57 6,1,80,,154530,4,0,57 6,1,90,,154531,4,0,7 6,1
2700,'20260801',536,,154535,4,0,7 6,1
2700,'20260802',536,,154552,4,0,7 6,1
2700,'20260803',536,,154569,4,0,7 6,1
2700,'20260804',507,,154586,4,0,7 6,1,20,,154587,4,0,7 6,1,25,,154588,4,0,57 6,1,60,,154589,4,0,57 6,1,15,,154590,4,0,57 6,1,25,,154591,4,0,57 6,1,65,,154592,4,0,57 6,1,30,,154593,4,0,57 6,1,70,,154594,4,0,7 6,1,110,,154595,4,0,7 6,1,100,,154596,4,0,7 6,1,421,,154601,4,0,57 6,1,75,,154602,4,0,57 6,1,25,,154603,4,0,57 6,1,75,,154605,4,0,57 6,1,35,,154607,4,0,57 6,1,80,,154608,4,0,57 6,1,90,,154609,4,0,7 6,1
2700,'20260805',507,,154613,4,0,7 6,1,20,,154614,4,0,7 6,1,25,,154615,4,0,57 6,1,60,,154616,4,0,57 6,1,15,,154617,4,0,57 6,1,25,,154618,4,0,57 6,1,65,,154619,4,0,57 6,1,30,,154620,4,0,57 6,1,70,,154621,4,0,7 6,1,110,,154622,4,0,7 6,1,100,,154623,4,0,7 6,1,421,,154628,4,0,57 6,1,75,,154629,4,0,57 6,1,25,,154630,4,0,57 6,1,75,,154632,4,0,57 6,1,35,,154634,4,0,57 6,1,80,,154635,4,0,57 6,1,90,,154636,4,0,7 6,1
2700,'20260806',507,,154640,4,0,7 6,1,20,,154641,4,0,7 6,1,25,,154642,4,0,57 6,1,60,,154643,4,0,57 6,1,15,,154644,4,0,57 6,1,25,,154645,4,0,57 6,1,65,,154646,4,0,57 6,1,30,,154647,4,0,57 6,1,70,,154648,4,0,7 6,1,110,,154649,4,0,7 6,1,100,,154650,4,0,7 6,1,421,,154655,4,0,57 6,1,75,,154656,4,0,57 6,1,25,,154657,4,0,57 6,1,75,,154659,4,0,57 6,1,35,,154661,4,0,57 6,1,80,,154662,4,0,57 6,1,90,,154663,4,0,7 6,1
2700,'20260807',507,,154667,4,0,7 6,1,20,,154668,4,0,7 6,1,25,,154669,4,0,57 6,1,60,,154670,4,0,57 6,1,15,,154671,4,0,57 6,1,25,,154672,4,0,57 6,1,65,,154673,4,0,57 6,1,30,,154674,4,0,57 6,1,70,,154675,4,0,7 6,1,110,,154676,4,0,7 6,1,100,,154677,4,0,7 6,1,421,,154682,4,0,57 6,1,75,,154683,4,0,57 6,1,25,,154684,4,0,57 6,1,75,,154686,4,0,57 6,1,35,,154688,4,0,57 6,1,80,,154689,4,0,57 6,1,90,,154690,4,0,7 6,1
2700,'20260808',536,,154694,4,0,7 6,1
2700,'20260809',536,,154711,4,0,7 6,1
2700,'20260810',507,,154728,4,0,7 6,1,20,,154729,4,0,7 6,1,25,,154730,4,0,57 6,1,60,,154731,4,0,57 6,1,15,,154732,4,0,57 6,1,25,,154733,4,0,57 6,1,65,,154734,4,0,57 6,1,30,,154735,4,0,57 6,1,70,,154736,4,0,7 6,1,110,,154737,4,0,7 6,1,100,,154738,4,0,7 6,1,421,,154743,4,0,57 6,1,75,,154744,4,0,57 6,1,25,,154745,4,0,57 6,1,75,,154747,4,0,57 6,1,35,,154749,4,0,57 6,1,80,,154750,4,0,57 6,1,90,,154751,4,0,7 6,1
2700,'20260811',507,,154755,4,0,7 6,1,20,,154756,4,0,7 6,1,25,,154757,4,0,57 6,1,60,,154758,4,0,57 6,1,15,,154759,4,0,57 6,1,25,,154760,4,0,57 6,1,65,,154761,4,0,57 6,1,30,,154762,4,0,57 6,1,70,,154763,4,0,7 6,1,110,,154764,4,0,7 6,1,100,,154765,4,0,7 6,1,421,,154770,4,0,57 6,1,75,,154771,4,0,57 6,1,25,,154772,4,0,57 6,1,75,,154774,4,0,57 6,1,35,,154776,4,0,57 6,1,80,,154777,4,0,57 6,1,90,,154778,4,0,7 6,1
2700,'20260812',507,,154782,4,0,7 6,1,20,,154783,4,0,7 6,1,25,,154784,4,0,57 6,1,60,,154785,4,0,57 6,1,15,,154786,4,0,57 6,1,25,,154787,4,0,57 6,1,65,,154788,4,0,57 6,1,30,,154789,4,0,57 6,1,70,,154790,4,0,7 6,1,110,,154791,4,0,7 6,1,100,,154792,4,0,7 6,1,421,,154797,4,0,57 6,1,75,,154798,4,0,57 6,1,25,,154799,4,0,57 6,1,75,,154801,4,0,57 6,1,35,,154803,4,0,57 6,1,80,,154804,4,0,57 6,1,90,,154805,4,0,7 6,1
2700,'20260813',507,,154809,4,0,7 6,1,20,,154810,4,0,7 6,1,25,,154811,4,0,57 6,1,60,,154812,4,0,57 6,1,15,,154813,4,0,57 6,1,25,,154814,4,0,57 6,1,65,,154815,4,0,57 6,1,30,,154816,4,0,57 6,1,70,,154817,4,0,7 6,1,110,,154818,4,0,7 6,1,100,,154819,4,0,7 6,1,421,,154824,4,0,57 6,1,75,,154825,4,0,57 6,1,25,,154826,4,0,57 6,1,75,,154828,4,0,57 6,1,35,,154830,4,0,57 6,1,80,,154831,4,0,57 6,1,90,,154832,4,0,7 6,1
2700,'20260814',507,,154836,4,0,7 6,1,20,,154837,4,0,7 6,1,25,,154838,4,0,57 6,1,60,,154839,4,0,57 6,1,15,,154840,4,0,57 6,1,25,,154841,4,0,57 6,1,65,,154842,4,0,57 6,1,30,,154843,4,0,57 6,1,70,,154844,4,0,7 6,1,110,,154845,4,0,7 6,1,100,,154846,4,0,7 6,1,421,,154851,4,0,57 6,1,75,,154852,4,0,57 6,1,25,,154853,4,0,57 6,1,75,,154855,4,0,57 6,1,35,,154857,4,0,57 6,1,80,,154858,4,0,57 6,1,90,,154859,4,0,7 6,1
2700,'20260815',536,,154863,4,0,7 6,1
2700,'20260816',536,,154880,4,0,7 6,1
2700,'20260817',507,,154897,4,0,7 6,1,20,,154898,4,0,7 6,1,25,,154899,4,0,57 6,1,60,,154900,4,0,57 6,1,15,,154901,4,0,57 6,1,25,,154902,4,0,57 6,1,65,,154903,4,0,57 6,1,30,,154904,4,0,57 6,1,70,,154905,4,0,7 6,1,110,,154906,4,0,7 6,1,100,,154907,4,0,7 6,1,421,,154912,4,0,57 6,1,75,,154913,4,0,57 6,1,25,,154914,4,0,57 6,1,75,,154916,4,0,57 6,1,35,,154918,4,0,57 6,1,80,,154919,4,0,57 6,1,90,,154920,4,0,7 6,1
2700,'20260818',507,,154924,4,0,7 6,1,20,,154925,4,0,7 6,1,25,,154926,4,0,57 6,1,60,,154927,4,0,57 6,1,15,,154928,4,0,57 6,1,25,,154929,4,0,57 6,1,65,,154930,4,0,57 6,1,30,,154931,4,0,57 6,1,70,,154932,4,0,7 6,1,110,,154933,4,0,7 6,1,100,,154934,4,0,7 6,1,421,,154939,4,0,57 6,1,75,,154940,4,0,57 6,1,25,,154941,4,0,57 6,1,75,,154943,4,0,57 6,1,35,,154945,4,0,57 6,1,80,,154946,4,0,57 6,1,90,,154947,4,0,7 6,1
2700,'20260819',507,,154951,4,0,7 6,1,20,,154952,4,0,7 6,1,25,,154953,4,0,57 6,1,60,,154954,4,0,57 6,1,15,,154955,4,0,57 6,1,25,,154956,4,0,57 6,1,65,,154957,4,0,57 6,1,30,,154958,4,0,57 6,1,70,,154959,4,0,7 6,1,110,,154960,4,0,7 6,1,100,,154961,4,0,7 6,1,421,,154966,4,0,57 6,1,75,,154967,4,0,57 6,1,25,,154968,4,0,57 6,1,75,,154970,4,0,57 6,1,35,,154972,4,0,57 6,1,80,,154973,4,0,57 6,1,90,,154974,4,0,7 6,1
2700,'20260820',507,,154978,4,0,7 6,1,20,,154979,4,0,7 6,1,25,,154980,4,0,57 6,1,60,,154981,4,0,57 6,1,15,,154982,4,0,57 6,1,25,,154983,4,0,57 6,1,65,,154984,4,0,57 6,1,30,,154985,4,0,57 6,1,70,,154986,4,0,7 6,1,110,,154987,4,0,7 6,1,100,,154988,4,0,7 6,1,421,,154993,4,0,57 6,1,75,,154994,4,0,57 6,1,25,,154995,4,0,57 6,1,75,,154997,4,0,57 6,1,35,,154999,4,0,57 6,1,80,,155000,4,0,57 6,1,90,,155001,4,0,7 6,1
2700,'20260821',507,,155005,4,0,7 6,1,20,,155006,4,0,7 6,1,25,,155007,4,0,57 6,1,60,,155008,4,0,57 6,1,15,,155009,4,0,57 6,1,25,,155010,4,0,57 6,1,65,,155011,4,0,57 6,1,30,,155012,4,0,57 6,1,70,,155013,4,0,7 6,1,110,,155014,4,0,7 6,1,100,,155015,4,0,7 6,1,421,,155020,4,0,57 6,1,75,,155021,4,0,57 6,1,25,,155022,4,0,57 6,1,75,,155024,4,0,57 6,1,35,,155026,4,0,57 6,1,80,,155027,4,0,57 6,1,90,,155028,4,0,7 6,1
2700,'20260822',536,,155032,4,0,7 6,1
2700,'20260823',536,,155049,4,0,7 6,1
2700,'20260824',507,,155066,4,0,7 6,1,20,,155067,4,0,7 6,1,25,,155068,4,0,57 6,1,60,,155069,4,0,57 6,1,15,,155070,4,0,57 6,1,25,,155071,4,0,57 6,1,65,,155072,4,0,57 6,1,30,,155073,4,0,57 6,1,70,,155074,4,0,7 6,1,110,,155075,4,0,7 6,1,100,,155076,4,0,7 6,1,421,,155081,4,0,57 6,1,75,,155082,4,0,57 6,1,25,,155083,4,0,57 6,1,75,,155085,4,0,57 6,1,35,,155087,4,0,57 6,1,80,,155088,4,0,57 6,1,90,,155089,4,0,7 6,1
2700,'20260825',507,,155093,4,0,7 6,1,20,,155094,4,0,7 6,1,25,,155095,4,0,57 6,1,60,,155096,4,0,57 6,1,15,,155097,4,0,57 6,1,25,,155098,4,0,57 6,1,65,,155099,4,0,57 6,1,30,,155100,4,0,57 6,1,70,,155101,4,0,7 6,1,110,,155102,4,0,7 6,1,100,,155103,4,0,7 6,1,421,,155108,4,0,57 6,1,75,,155109,4,0,57 6,1,25,,155110,4,0,57 6,1,75,,155112,4,0,57 6,1,35,,155114,4,0,57 6,1,80,,155115,4,0,57 6,1,90,,155116,4,0,7 6,1
2700,'20260826',507,,155120,4,0,7 6,1,20,,155121,4,0,7 6,1,25,,155122,4,0,57 6,1,60,,155123,4,0,57 6,1,15,,155124,4,0,57 6,1,25,,155125,4,0,57 6,1,65,,155126,4,0,57 6,1,30,,155127,4,0,57 6,1,70,,155128,4,0,7 6,1,110,,155129,4,0,7 6,1,100,,155130,4,0,7 6,1,421,,155135,4,0,57 6,1,75,,155136,4,0,57 6,1,25,,155137,4,0,57 6,1,75,,155139,4,0,57 6,1,35,,155141,4,0,57 6,1,80,,155142,4,0,57 6,1,90,,155143,4,0,7 6,1
2700,'20260827',507,,155147,4,0,7 6,1,20,,155148,4,0,7 6,1,25,,155149,4,0,57 6,1,60,,155150,4,0,57 6,1,15,,155151,4,0,57 6,1,25,,155152,4,0,57 6,1,65,,155153,4,0,57 6,1,30,,155154,4,0,57 6,1,70,,155155,4,0,7 6,1,110,,155156,4,0,7 6,1,100,,155157,4,0,7 6,1,421,,155162,4,0,57 6,1,75,,155163,4,0,57 6,1,25,,155164,4,0,57 6,1,75,,155166,4,0,57 6,1,35,,155168,4,0,57 6,1,80,,155169,4,0,57 6,1,90,,155170,4,0,7 6,1
2700,'20260828',507,,155174,4,0,7 6,1,20,,155175,4,0,7 6,1,25,,155176,4,0,57 6,1,60,,155177,4,0,57 6,1,15,,155178,4,0,57 6,1,25,,155179,4,0,57 6,1,65,,155180,4,0,57 6,1,30,,155181,4,0,57 6,1,70,,155182,4,0,7 6,1,110,,155183,4,0,7 6,1,100,,155184,4,0,7 6,1,421,,155189,4,0,57 6,1,75,,155190,4,0,57 6,1,25,,155191,4,0,57 6,1,75,,155193,4,0,57 6,1,35,,155195,4,0,57 6,1,80,,155196,4,0,57 6,1,90,,155197,4,0,7 6,1
2700,'20260829',536,,155201,4,0,7 6,1
2700,'20260830',536,,155218,4,0,7 6,1
2700,'20260831',507,,155235,4,0,7 6,1,20,,155236,4,0,7 6,1,25,,155237,4,0,57 6,1,60,,155238,4,0,57 6,1,15,,155239,4,0,57 6,1,25,,155240,4,0,57 6,1,65,,155241,4,0,57 6,1,30,,155242,4,0,57 6,1,70,,155243,4,0,7 6,1,110,,155244,4,0,7 6,1,100,,155245,4,0,7 6,1,421,,155250,4,0,57 6,1,75,,155251,4,0,57 6,1,25,,155252,4,0,57 6,1,75,,155254,4,0,57 6,1,35,,155256,4,0,57 6,1,80,,155257,4,0,57 6,1,90,,155258,4,0,7 6,1
2700,'20260901',507,,155262,4,0,7 6,1,20,,155263,4,0,7 6,1,25,,155264,4,0,57 6,1,60,,155265,4,0,57 6,1,15,,155266,4,0,57 6,1,25,,155267,4,0,57 6,1,65,,155268,4,0,57 6,1,30,,155269,4,0,57 6,1,70,,155270,4,0,7 6,1,110,,155271,4,0,7 6,1,100,,155272,4,0,7 6,1,421,,155277,4,0,57 6,1,75,,155278,4,0,57 6,1,25,,155279,4,0,57 6,1,75,,155281,4,0,57 6,1,35,,155283,4,0,57 6,1,80,,155284,4,0,57 6,1,90,,155285,4,0,7 6,1
2700,'20260902',507,,155289,4,0,7 6,1,20,,155290,4,0,7 6,1,25,,155291,4,0,57 6,1,60,,155292,4,0,57 6,1,15,,155293,4,0,57 6,1,25,,155294,4,0,57 6,1,65,,155295,4,0,57 6,1,30,,155296,4,0,57 6,1,70,,155297,4,0,7 6,1,110,,155298,4,0,7 6,1,100,,155299,4,0,7 6,1,421,,155304,4,0,57 6,1,75,,155305,4,0,57 6,1,25,,155306,4,0,57 6,1,75,,155308,4,0,57 6,1,35,,155310,4,0,57 6,1,80,,155311,4,0,57 6,1,90,,155312,4,0,7 6,1
2700,'20260903',507,,155316,4,0,7 6,1,20,,155317,4,0,7 6,1,25,,155318,4,0,57 6,1,60,,155319,4,0,57 6,1,15,,155320,4,0,57 6,1,25,,155321,4,0,57 6,1,65,,155322,4,0,57 6,1,30,,155323,4,0,57 6,1,70,,155324,4,0,7 6,1,110,,155325,4,0,7 6,1,100,,155326,4,0,7 6,1,421,,155331,4,0,57 6,1,75,,155332,4,0,57 6,1,25,,155333,4,0,57 6,1,75,,155335,4,0,57 6,1,35,,155337,4,0,57 6,1,80,,155338,4,0,57 6,1,90,,155339,4,0,7 6,1
2700,'20260904',507,,155343,4,0,7 6,1,20,,155344,4,0,7 6,1,25,,155345,4,0,57 6,1,60,,155346,4,0,57 6,1,15,,155347,4,0,57 6,1,25,,155348,4,0,57 6,1,65,,155349,4,0,57 6,1,30,,155350,4,0,57 6,1,70,,155351,4,0,7 6,1,110,,155352,4,0,7 6,1,100,,155353,4,0,7 6,1,421,,155358,4,0,57 6,1,75,,155359,4,0,57 6,1,25,,155360,4,0,57 6,1,75,,155362,4,0,57 6,1,35,,155364,4,0,57 6,1,80,,155365,4,0,57 6,1,90,,155366,4,0,7 6,1
