3101,'20260716',709,,165401,28,0,37 43 44 47,1,20,,165402,28,0,37 43 44 47,1,21,,165403,38,0,43 44 47,1,64,,165404,28,0,37 43 44 47,1,35,,165405,36,0,5 43 44 47,1,100,,165406,36,0,5 43 44 47,1,1663,,165410,36,0,7 43 44 47,1
3101,'20260717',709,,165413,28,0,37 43 44 47,1,20,,165414,28,0,37 43 44 47,1,21,,165415,38,0,43 44 47,1,64,,165416,28,0,37 43 44 47,1,35,,165417,36,0,5 43 44 47,1,100,,165418,36,0,5 43 44 47,1,1663,,165422,36,0,7 43 44 47,1
3101,'20260718',926,,165425,36,0,7 43 44 47,1
3101,'20260719',926,,165433,36,0,7 43 44 47,1
3101,'20260720',709,,165439,28,0,37 43 44 47,1,20,,165440,28,0,37 43 44 47,1,21,,165441,38,0,43 44 47,1,64,,165442,28,0,37 43 44 47,1,35,,165443,36,0,5 43 44 47,1,100,,165444,36,0,5 43 44 47,1,1663,,165448,36,0,7 43 44 47,1
3101,'20260721',709,,165451,28,0,37 43 44 47,1,20,,165452,28,0,37 43 44 47,1,21,,165453,38,0,43 44 47,1,64,,165454,28,0,37 43 44 47,1,35,,165455,36,0,5 43 44 47,1,100,,165456,36,0,5 43 44 47,1,1663,,165460,36,0,7 43 44 47,1
3101,'20260722',709,,165463,28,0,37 43 44 47,1,20,,165464,28,0,37 43 44 47,1,21,,165465,38,0,43 44 47,1,64,,165466,28,0,37 43 44 47,1,35,,165467,36,0,5 43 44 47,1,100,,165468,36,0,5 43 44 47,1,1663,,165472,36,0,7 43 44 47,1
3101,'20260723',709,,165475,28,0,37 43 44 47,1,20,,165476,28,0,37 43 44 47,1,21,,165477,38,0,43 44 47,1,64,,165478,28,0,37 43 44 47,1,35,,165479,36,0,5 43 44 47,1,100,,165480,36,0,5 43 44 47,1,1663,,165484,36,0,7 43 44 47,1
3101,'20260724',709,,165487,28,0,37 43 44 47,1,20,,165488,28,0,37 43 44 47,1,21,,165489,38,0,43 44 47,1,64,,165490,28,0,37 43 44 47,1,35,,165491,36,0,5 43 44 47,1,100,,165492,36,0,5 43 44 47,1,1353,,219543,9,0,105 101 9,1,310,,165496,36,0,7 43 44 47,1
3101,'20260725',926,,165499,36,0,7 43 44 47,1,94,,219548,30,0,61 103 104,1,10,,219549,30,0,71 101 9,1,802,,219550,30,0,71 101 9,1,590,,219551,30,0,71 101 9,1
3101,'20260726',926,,165507,36,0,7 43 44 47,1,94,,219552,30,0,61 103 104,1,10,,219553,30,0,71 101 9,1,802,,219554,30,0,71 101 9,1,590,,219555,30,0,71 101 9,1
3101,'20260727',709,,165513,28,0,37 43 44 47,1,20,,165514,28,0,37 43 44 47,1,21,,165515,38,0,43 44 47,1,64,,165516,28,0,37 43 44 47,1,35,,165517,36,0,5 43 44 47,1,100,,165518,36,0,5 43 44 47,1,1663,,165522,36,0,7 43 44 47,1
3101,'20260728',709,,165525,28,0,37 43 44 47,1,20,,165526,28,0,37 43 44 47,1,21,,165527,38,0,43 44 47,1,64,,165528,28,0,37 43 44 47,1,35,,165529,36,0,5 43 44 47,1,100,,165530,36,0,5 43 44 47,1,1663,,165534,36,0,7 43 44 47,1
3101,'20260729',709,,165537,28,0,37 43 44 47,1,20,,165538,28,0,37 43 44 47,1,21,,165539,38,0,43 44 47,1,64,,165540,28,0,37 43 44 47,1,35,,165541,36,0,5 43 44 47,1,100,,165542,36,0,5 43 44 47,1,1663,,165546,36,0,7 43 44 47,1
3101,'20260730',709,,165549,28,0,37 43 44 47,1,20,,165550,28,0,37 43 44 47,1,21,,165551,38,0,43 44 47,1,64,,165552,28,0,37 43 44 47,1,35,,165553,36,0,5 43 44 47,1,100,,165554,36,0,5 43 44 47,1,1663,,165558,36,0,7 43 44 47,1
3101,'20260731',709,,165561,28,0,37 43 44 47,1,20,,165562,28,0,37 43 44 47,1,21,,165563,38,0,43 44 47,1,64,,165564,28,0,37 43 44 47,1,35,,165565,36,0,5 43 44 47,1,100,,165566,36,0,5 43 44 47,1,1663,,165570,36,0,7 43 44 47,1
3101,'20260801',926,,165573,36,0,7 43 44 47,1
3101,'20260802',926,,165581,36,0,7 43 44 47,1
3101,'20260803',926,,165587,36,0,7 43 44 47,1
3101,'20260804',709,,165595,28,0,37 43 44 47,1,20,,165596,28,0,37 43 44 47,1,21,,165597,38,0,43 44 47,1,64,,165598,28,0,37 43 44 47,1,35,,165599,36,0,5 43 44 47,1,100,,165600,36,0,5 43 44 47,1,1663,,165604,36,0,7 43 44 47,1
3101,'20260805',709,,165607,28,0,37 43 44 47,1,20,,165608,28,0,37 43 44 47,1,21,,165609,38,0,43 44 47,1,64,,165610,28,0,37 43 44 47,1,35,,165611,36,0,5 43 44 47,1,100,,165612,36,0,5 43 44 47,1,1663,,165616,36,0,7 43 44 47,1
3101,'20260806',709,,165619,28,0,37 43 44 47,1,20,,165620,28,0,37 43 44 47,1,21,,165621,38,0,43 44 47,1,64,,165622,28,0,37 43 44 47,1,35,,165623,36,0,5 43 44 47,1,100,,165624,36,0,5 43 44 47,1,1663,,165628,36,0,7 43 44 47,1
3101,'20260807',709,,165631,28,0,37 43 44 47,1,20,,165632,28,0,37 43 44 47,1,21,,165633,38,0,43 44 47,1,64,,165634,28,0,37 43 44 47,1,35,,165635,36,0,5 43 44 47,1,100,,165636,36,0,5 43 44 47,1,1663,,165640,36,0,7 43 44 47,1
3101,'20260808',926,,165643,36,0,7 43 44 47,1
3101,'20260809',926,,165651,36,0,7 43 44 47,1
3101,'20260810',709,,165657,28,0,37 43 44 47,1,20,,165658,28,0,37 43 44 47,1,21,,165659,38,0,43 44 47,1,64,,165660,28,0,37 43 44 47,1,35,,165661,36,0,5 43 44 47,1,100,,165662,36,0,5 43 44 47,1,1663,,165666,36,0,7 43 44 47,1
3101,'20260811',709,,165669,28,0,37 43 44 47,1,20,,165670,28,0,37 43 44 47,1,21,,165671,38,0,43 44 47,1,64,,165672,28,0,37 43 44 47,1,35,,165673,36,0,5 43 44 47,1,100,,165674,36,0,5 43 44 47,1,1663,,165678,36,0,7 43 44 47,1
3101,'20260812',709,,165681,28,0,37 43 44 47,1,20,,165682,28,0,37 43 44 47,1,21,,165683,38,0,43 44 47,1,64,,165684,28,0,37 43 44 47,1,35,,165685,36,0,5 43 44 47,1,100,,165686,36,0,5 43 44 47,1,1663,,165690,36,0,7 43 44 47,1
3101,'20260813',709,,165693,28,0,37 43 44 47,1,20,,165694,28,0,37 43 44 47,1,21,,165695,38,0,43 44 47,1,64,,165696,28,0,37 43 44 47,1,35,,165697,36,0,5 43 44 47,1,100,,165698,36,0,5 43 44 47,1,1663,,165702,36,0,7 43 44 47,1
3101,'20260814',709,,165705,28,0,37 43 44 47,1,20,,165706,28,0,37 43 44 47,1,21,,165707,38,0,43 44 47,1,64,,165708,28,0,37 43 44 47,1,35,,165709,36,0,5 43 44 47,1,100,,165710,36,0,5 43 44 47,1,1663,,165714,36,0,7 43 44 47,1
3101,'20260815',926,,165717,36,0,7 43 44 47,1
3101,'20260816',926,,165725,36,0,7 43 44 47,1
3101,'20260817',709,,165731,28,0,37 43 44 47,1,20,,165732,28,0,37 43 44 47,1,21,,165733,38,0,43 44 47,1,64,,165734,28,0,37 43 44 47,1,35,,165735,36,0,5 43 44 47,1,100,,165736,36,0,5 43 44 47,1,1663,,165740,36,0,7 43 44 47,1
3101,'20260818',709,,165743,28,0,37 43 44 47,1,20,,165744,28,0,37 43 44 47,1,21,,165745,38,0,43 44 47,1,64,,165746,28,0,37 43 44 47,1,35,,165747,36,0,5 43 44 47,1,100,,165748,36,0,5 43 44 47,1,1663,,165752,36,0,7 43 44 47,1
3101,'20260819',709,,165755,28,0,37 43 44 47,1,20,,165756,28,0,37 43 44 47,1,21,,165757,38,0,43 44 47,1,64,,165758,28,0,37 43 44 47,1,35,,165759,36,0,5 43 44 47,1,100,,165760,36,0,5 43 44 47,1,1663,,165764,36,0,7 43 44 47,1
3101,'20260820',709,,165767,28,0,37 43 44 47,1,20,,165768,28,0,37 43 44 47,1,21,,165769,38,0,43 44 47,1,64,,165770,28,0,37 43 44 47,1,35,,165771,36,0,5 43 44 47,1,100,,165772,36,0,5 43 44 47,1,1663,,165776,36,0,7 43 44 47,1
3101,'20260821',709,,165779,28,0,37 43 44 47,1,20,,165780,28,0,37 43 44 47,1,21,,165781,38,0,43 44 47,1,64,,165782,28,0,37 43 44 47,1,35,,165783,36,0,5 43 44 47,1,100,,165784,36,0,5 43 44 47,1,1663,,165788,36,0,7 43 44 47,1
3101,'20260822',926,,165791,36,0,7 43 44 47,1
3101,'20260823',926,,165799,36,0,7 43 44 47,1
3101,'20260824',709,,165805,28,0,37 43 44 47,1,20,,165806,28,0,37 43 44 47,1,21,,165807,38,0,43 44 47,1,64,,165808,28,0,37 43 44 47,1,35,,165809,36,0,5 43 44 47,1,100,,165810,36,0,5 43 44 47,1,1663,,165814,36,0,7 43 44 47,1
3101,'20260825',709,,165817,28,0,37 43 44 47,1,20,,165818,28,0,37 43 44 47,1,21,,165819,38,0,43 44 47,1,64,,165820,28,0,37 43 44 47,1,35,,165821,36,0,5 43 44 47,1,100,,165822,36,0,5 43 44 47,1,1663,,165826,36,0,7 43 44 47,1
3101,'20260826',709,,165829,28,0,37 43 44 47,1,20,,165830,28,0,37 43 44 47,1,21,,165831,38,0,43 44 47,1,64,,165832,28,0,37 43 44 47,1,35,,165833,36,0,5 43 44 47,1,100,,165834,36,0,5 43 44 47,1,1663,,165838,36,0,7 43 44 47,1
3101,'20260827',709,,165841,28,0,37 43 44 47,1,20,,165842,28,0,37 43 44 47,1,21,,165843,38,0,43 44 47,1,64,,165844,28,0,37 43 44 47,1,35,,165845,36,0,5 43 44 47,1,100,,165846,36,0,5 43 44 47,1,1663,,165850,36,0,7 43 44 47,1
3101,'20260828',709,,165853,28,0,37 43 44 47,1,20,,165854,28,0,37 43 44 47,1,21,,165855,38,0,43 44 47,1,64,,165856,28,0,37 43 44 47,1,35,,165857,36,0,5 43 44 47,1,100,,165858,36,0,5 43 44 47,1,1663,,165862,36,0,7 43 44 47,1
3101,'20260829',926,,165865,36,0,7 43 44 47,1
3101,'20260830',926,,165873,36,0,7 43 44 47,1
3101,'20260831',709,,165879,28,0,37 43 44 47,1,20,,165880,28,0,37 43 44 47,1,21,,165881,38,0,43 44 47,1,64,,165882,28,0,37 43 44 47,1,35,,165883,36,0,5 43 44 47,1,100,,165884,36,0,5 43 44 47,1,1663,,165888,36,0,7 43 44 47,1
3101,'20260901',709,,165891,28,0,37 43 44 47,1,20,,165892,28,0,37 43 44 47,1,21,,165893,38,0,43 44 47,1,64,,165894,28,0,37 43 44 47,1,35,,165895,36,0,5 43 44 47,1,100,,165896,36,0,5 43 44 47,1,1663,,165900,36,0,7 43 44 47,1
3101,'20260902',709,,165903,28,0,37 43 44 47,1,20,,165904,28,0,37 43 44 47,1,21,,165905,38,0,43 44 47,1,64,,165906,28,0,37 43 44 47,1,35,,165907,36,0,5 43 44 47,1,100,,165908,36,0,5 43 44 47,1,1663,,165912,36,0,7 43 44 47,1
3101,'20260903',709,,165915,28,0,37 43 44 47,1,20,,165916,28,0,37 43 44 47,1,21,,165917,38,0,43 44 47,1,64,,165918,28,0,37 43 44 47,1,35,,165919,36,0,5 43 44 47,1,100,,165920,36,0,5 43 44 47,1,1663,,165924,36,0,7 43 44 47,1
3101,'20260904',709,,165927,28,0,37 43 44 47,1,20,,165928,28,0,37 43 44 47,1,21,,165929,38,0,43 44 47,1,64,,165930,28,0,37 43 44 47,1,35,,165931,36,0,5 43 44 47,1,100,,165932,36,0,5 43 44 47,1,1663,,165936,36,0,7 43 44 47,1
3301,'20260716',1027,,171413,40,,,1,100,,171414,40,,,1,100,,171415,40,,,1,102,,171416,40,,,1,108,,171417,40,,,1,105,,171418,40,,,1,100,,171420,40,,,1,112,,171423,40,,,1,93,,171425,40,,,1,191,,171432,40,,,1,185,,171436,40,,,1,189,,171440,40,,,1
3301,'20260717',1027,,171445,40,,,1,100,,171446,40,,,1,100,,171447,40,,,1,102,,171448,40,,,1,108,,171449,40,,,1,105,,171450,40,,,1,100,,171452,40,,,1,112,,171455,40,,,1,93,,171457,40,,,1,191,,171464,40,,,1,185,,171468,40,,,1,189,,171472,40,,,1
3301,'20260718',1124,,171476,40,,,1,205,,171478,40,,,1,197,,171480,40,,,1,200,,171482,40,,,1,196,,171483,40,,,1,200,,171484,40,,,1,200,,171485,40,,,1,199,,171486,40,,,1
3301,'20260719',1124,,171488,40,,,1,205,,171490,40,,,1,197,,171492,40,,,1,200,,171494,40,,,1,196,,171495,40,,,1,200,,171496,40,,,1,200,,171497,40,,,1,199,,171498,40,,,1
3301,'20260720',1027,,171501,40,,,1,100,,171502,40,,,1,100,,171503,40,,,1,102,,171504,40,,,1,108,,171505,40,,,1,105,,171506,40,,,1,100,,171508,40,,,1,112,,171511,40,,,1,93,,171513,40,,,1,191,,171520,40,,,1,185,,171524,40,,,1,189,,171528,40,,,1
3301,'20260721',1027,,171533,40,,,1,100,,171534,40,,,1,100,,171535,40,,,1,102,,171536,40,,,1,108,,171537,40,,,1,105,,171538,40,,,1,100,,171540,40,,,1,112,,171543,40,,,1,93,,171545,40,,,1,191,,171552,40,,,1,185,,171556,40,,,1,189,,171560,40,,,1
3301,'20260722',1027,,171565,40,,,1,100,,171566,40,,,1,100,,171567,40,,,1,102,,171568,40,,,1,108,,171569,40,,,1,105,,171570,40,,,1,100,,171572,40,,,1,112,,171575,40,,,1,93,,171577,40,,,1,191,,171584,40,,,1,185,,171588,40,,,1,189,,171592,40,,,1
3301,'20260723',1027,,171597,40,,,1,100,,171598,40,,,1,100,,171599,40,,,1,102,,171600,40,,,1,108,,171601,40,,,1,105,,171602,40,,,1,100,,171604,40,,,1,112,,171607,40,,,1,93,,171609,40,,,1,191,,171616,40,,,1,185,,171620,40,,,1,189,,171624,40,,,1
3301,'20260724',1027,,171629,40,,,1,100,,171630,40,,,1,100,,171631,40,,,1,102,,171632,40,,,1,108,,171633,40,,,1,105,,171634,40,,,1,100,,171636,40,,,1,112,,171639,40,,,1,93,,171641,40,,,1,191,,171648,40,,,1,185,,171652,40,,,1,189,,171656,40,,,1
3301,'20260725',1124,,171660,40,,,1,205,,171662,40,,,1,197,,171664,40,,,1,200,,171666,40,,,1,196,,171667,40,,,1,200,,171668,40,,,1,200,,171669,40,,,1,199,,171670,40,,,1
3301,'20260726',1124,,171672,40,,,1,205,,171674,40,,,1,197,,171676,40,,,1,200,,171678,40,,,1,196,,171679,40,,,1,200,,171680,40,,,1,200,,171681,40,,,1,199,,171682,40,,,1
3301,'20260727',1027,,171685,40,,,1,100,,171686,40,,,1,100,,171687,40,,,1,102,,171688,40,,,1,108,,171689,40,,,1,105,,171690,40,,,1,100,,171692,40,,,1,112,,171695,40,,,1,93,,171697,40,,,1,191,,171704,40,,,1,185,,171708,40,,,1,189,,171712,40,,,1
3301,'20260728',1027,,171717,40,,,1,100,,171718,40,,,1,100,,171719,40,,,1,102,,171720,40,,,1,108,,171721,40,,,1,105,,171722,40,,,1,100,,171724,40,,,1,112,,171727,40,,,1,93,,171729,40,,,1,191,,171736,40,,,1,185,,171740,40,,,1,189,,171744,40,,,1
3301,'20260729',1027,,171749,40,,,1,100,,171750,40,,,1,100,,171751,40,,,1,102,,171752,40,,,1,108,,171753,40,,,1,105,,171754,40,,,1,100,,171756,40,,,1,112,,171759,40,,,1,93,,171761,40,,,1,191,,171768,40,,,1,185,,171772,40,,,1,189,,171776,40,,,1
3301,'20260730',1027,,171781,40,,,1,100,,171782,40,,,1,100,,171783,40,,,1,102,,171784,40,,,1,108,,171785,40,,,1,105,,171786,40,,,1,100,,171788,40,,,1,112,,171791,40,,,1,93,,171793,40,,,1,191,,171800,40,,,1,185,,171804,40,,,1,189,,171808,40,,,1
3301,'20260731',1027,,171813,40,,,1,100,,171814,40,,,1,100,,171815,40,,,1,102,,171816,40,,,1,108,,171817,40,,,1,105,,171818,40,,,1,100,,171820,40,,,1,112,,171823,40,,,1,93,,171825,40,,,1,191,,171832,40,,,1,185,,171836,40,,,1,189,,171840,40,,,1
3301,'20260801',1124,,171844,40,,,1,205,,171846,40,,,1,197,,171848,40,,,1,200,,171850,40,,,1,196,,171851,40,,,1,200,,171852,40,,,1,200,,171853,40,,,1,199,,171854,40,,,1
3301,'20260802',1124,,171856,40,,,1,205,,171858,40,,,1,197,,171860,40,,,1,200,,171862,40,,,1,196,,171863,40,,,1,200,,171864,40,,,1,200,,171865,40,,,1,199,,171866,40,,,1
3301,'20260803',1124,,171868,40,,,1,205,,171870,40,,,1,197,,171872,40,,,1,200,,171874,40,,,1,196,,171875,40,,,1,200,,171876,40,,,1,200,,171877,40,,,1,199,,171878,40,,,1
3301,'20260804',1027,,171881,40,,,1,100,,171882,40,,,1,100,,171883,40,,,1,102,,171884,40,,,1,108,,171885,40,,,1,105,,171886,40,,,1,100,,171888,40,,,1,112,,171891,40,,,1,93,,171893,40,,,1,191,,171900,40,,,1,185,,171904,40,,,1,189,,171908,40,,,1
3301,'20260805',1027,,171913,40,,,1,100,,171914,40,,,1,100,,171915,40,,,1,102,,171916,40,,,1,108,,171917,40,,,1,105,,171918,40,,,1,100,,171920,40,,,1,112,,171923,40,,,1,93,,171925,40,,,1,191,,171932,40,,,1,185,,171936,40,,,1,189,,171940,40,,,1
3301,'20260806',1027,,171945,40,,,1,100,,171946,40,,,1,100,,171947,40,,,1,102,,171948,40,,,1,108,,171949,40,,,1,105,,171950,40,,,1,100,,171952,40,,,1,112,,171955,40,,,1,93,,171957,40,,,1,191,,171964,40,,,1,185,,171968,40,,,1,189,,171972,40,,,1
3301,'20260807',1027,,171977,40,,,1,100,,171978,40,,,1,100,,171979,40,,,1,102,,171980,40,,,1,108,,171981,40,,,1,105,,171982,40,,,1,100,,171984,40,,,1,112,,171987,40,,,1,93,,171989,40,,,1,191,,171996,40,,,1,185,,172000,40,,,1,189,,172004,40,,,1
3301,'20260808',1124,,172008,40,,,1,205,,172010,40,,,1,197,,172012,40,,,1,200,,172014,40,,,1,196,,172015,40,,,1,200,,172016,40,,,1,200,,172017,40,,,1,199,,172018,40,,,1
3301,'20260809',1124,,172020,40,,,1,205,,172022,40,,,1,197,,172024,40,,,1,200,,172026,40,,,1,196,,172027,40,,,1,200,,172028,40,,,1,200,,172029,40,,,1,199,,172030,40,,,1
3301,'20260810',1027,,172033,40,,,1,100,,172034,40,,,1,100,,172035,40,,,1,102,,172036,40,,,1,108,,172037,40,,,1,105,,172038,40,,,1,100,,172040,40,,,1,112,,172043,40,,,1,93,,172045,40,,,1,191,,172052,40,,,1,185,,172056,40,,,1,189,,172060,40,,,1
3301,'20260811',1027,,172065,40,,,1,100,,172066,40,,,1,100,,172067,40,,,1,102,,172068,40,,,1,108,,172069,40,,,1,105,,172070,40,,,1,100,,172072,40,,,1,112,,172075,40,,,1,93,,172077,40,,,1,191,,172084,40,,,1,185,,172088,40,,,1,189,,172092,40,,,1
3301,'20260812',1027,,172097,40,,,1,100,,172098,40,,,1,100,,172099,40,,,1,102,,172100,40,,,1,108,,172101,40,,,1,105,,172102,40,,,1,100,,172104,40,,,1,112,,172107,40,,,1,93,,172109,40,,,1,191,,172116,40,,,1,185,,172120,40,,,1,189,,172124,40,,,1
3301,'20260813',1027,,172129,40,,,1,100,,172130,40,,,1,100,,172131,40,,,1,102,,172132,40,,,1,108,,172133,40,,,1,105,,172134,40,,,1,100,,172136,40,,,1,112,,172139,40,,,1,93,,172141,40,,,1,191,,172148,40,,,1,185,,172152,40,,,1,189,,172156,40,,,1
3301,'20260814',1027,,172161,40,,,1,100,,172162,40,,,1,100,,172163,40,,,1,102,,172164,40,,,1,108,,172165,40,,,1,105,,172166,40,,,1,100,,172168,40,,,1,112,,172171,40,,,1,93,,172173,40,,,1,191,,172180,40,,,1,185,,172184,40,,,1,189,,172188,40,,,1
3301,'20260815',1124,,172192,40,,,1,205,,172194,40,,,1,197,,172196,40,,,1,200,,172198,40,,,1,196,,172199,40,,,1,200,,172200,40,,,1,200,,172201,40,,,1,199,,172202,40,,,1
3301,'20260816',1124,,172204,40,,,1,205,,172206,40,,,1,197,,172208,40,,,1,200,,172210,40,,,1,196,,172211,40,,,1,200,,172212,40,,,1,200,,172213,40,,,1,199,,172214,40,,,1
3301,'20260817',1027,,172217,40,,,1,100,,172218,40,,,1,100,,172219,40,,,1,102,,172220,40,,,1,108,,172221,40,,,1,105,,172222,40,,,1,100,,172224,40,,,1,112,,172227,40,,,1,93,,172229,40,,,1,191,,172236,40,,,1,185,,172240,40,,,1,189,,172244,40,,,1
3301,'20260818',1027,,172249,40,,,1,100,,172250,40,,,1,100,,172251,40,,,1,102,,172252,40,,,1,108,,172253,40,,,1,105,,172254,40,,,1,100,,172256,40,,,1,112,,172259,40,,,1,93,,172261,40,,,1,191,,172268,40,,,1,185,,172272,40,,,1,189,,172276,40,,,1
3301,'20260819',1027,,172281,40,,,1,100,,172282,40,,,1,100,,172283,40,,,1,102,,172284,40,,,1,108,,172285,40,,,1,105,,172286,40,,,1,100,,172288,40,,,1,112,,172291,40,,,1,93,,172293,40,,,1,191,,172300,40,,,1,185,,172304,40,,,1,189,,172308,40,,,1
3301,'20260820',1027,,172313,40,,,1,100,,172314,40,,,1,100,,172315,40,,,1,102,,172316,40,,,1,108,,172317,40,,,1,105,,172318,40,,,1,100,,172320,40,,,1,112,,172323,40,,,1,93,,172325,40,,,1,191,,172332,40,,,1,185,,172336,40,,,1,189,,172340,40,,,1
3301,'20260821',1027,,172345,40,,,1,100,,172346,40,,,1,100,,172347,40,,,1,102,,172348,40,,,1,108,,172349,40,,,1,105,,172350,40,,,1,100,,172352,40,,,1,112,,172355,40,,,1,93,,172357,40,,,1,191,,172364,40,,,1,185,,172368,40,,,1,189,,172372,40,,,1
3301,'20260822',1124,,172376,40,,,1,205,,172378,40,,,1,197,,172380,40,,,1,200,,172382,40,,,1,196,,172383,40,,,1,200,,172384,40,,,1,200,,172385,40,,,1,199,,172386,40,,,1
3301,'20260823',1124,,172388,40,,,1,205,,172390,40,,,1,197,,172392,40,,,1,200,,172394,40,,,1,196,,172395,40,,,1,200,,172396,40,,,1,200,,172397,40,,,1,199,,172398,40,,,1
3301,'20260824',1027,,172401,40,,,1,100,,172402,40,,,1,100,,172403,40,,,1,102,,172404,40,,,1,108,,172405,40,,,1,105,,172406,40,,,1,100,,172408,40,,,1,112,,172411,40,,,1,93,,172413,40,,,1,191,,172420,40,,,1,185,,172424,40,,,1,189,,172428,40,,,1
3301,'20260825',1027,,172433,40,,,1,100,,172434,40,,,1,100,,172435,40,,,1,102,,172436,40,,,1,108,,172437,40,,,1,105,,172438,40,,,1,100,,172440,40,,,1,112,,172443,40,,,1,93,,172445,40,,,1,191,,172452,40,,,1,185,,172456,40,,,1,189,,172460,40,,,1
3301,'20260826',1027,,172465,40,,,1,100,,172466,40,,,1,100,,172467,40,,,1,102,,172468,40,,,1,108,,172469,40,,,1,105,,172470,40,,,1,100,,172472,40,,,1,112,,172475,40,,,1,93,,172477,40,,,1,191,,172484,40,,,1,185,,172488,40,,,1,189,,172492,40,,,1
3301,'20260827',1027,,172497,40,,,1,100,,172498,40,,,1,100,,172499,40,,,1,102,,172500,40,,,1,108,,172501,40,,,1,105,,172502,40,,,1,100,,172504,40,,,1,112,,172507,40,,,1,93,,172509,40,,,1,191,,172516,40,,,1,185,,172520,40,,,1,189,,172524,40,,,1
3301,'20260828',1027,,172529,40,,,1,100,,172530,40,,,1,100,,172531,40,,,1,102,,172532,40,,,1,108,,172533,40,,,1,105,,172534,40,,,1,100,,172536,40,,,1,112,,172539,40,,,1,93,,172541,40,,,1,191,,172548,40,,,1,185,,172552,40,,,1,189,,172556,40,,,1
3301,'20260829',1124,,172560,40,,,1,205,,172562,40,,,1,197,,172564,40,,,1,200,,172566,40,,,1,196,,172567,40,,,1,200,,172568,40,,,1,200,,172569,40,,,1,199,,172570,40,,,1
3301,'20260830',1124,,172572,40,,,1,205,,172574,40,,,1,197,,172576,40,,,1,200,,172578,40,,,1,196,,172579,40,,,1,200,,172580,40,,,1,200,,172581,40,,,1,199,,172582,40,,,1
3301,'20260831',1027,,172585,40,,,1,100,,172586,40,,,1,100,,172587,40,,,1,102,,172588,40,,,1,108,,172589,40,,,1,105,,172590,40,,,1,100,,172592,40,,,1,112,,172595,40,,,1,93,,172597,40,,,1,191,,172604,40,,,1,185,,172608,40,,,1,189,,172612,40,,,1
3301,'20260901',1027,,172617,40,,,1,100,,172618,40,,,1,100,,172619,40,,,1,102,,172620,40,,,1,108,,172621,40,,,1,105,,172622,40,,,1,100,,172624,40,,,1,112,,172627,40,,,1,93,,172629,40,,,1,191,,172636,40,,,1,185,,172640,40,,,1,189,,172644,40,,,1
3301,'20260902',1027,,172649,40,,,1,100,,172650,40,,,1,100,,172651,40,,,1,102,,172652,40,,,1,108,,172653,40,,,1,105,,172654,40,,,1,100,,172656,40,,,1,112,,172659,40,,,1,93,,172661,40,,,1,191,,172668,40,,,1,185,,172672,40,,,1,189,,172676,40,,,1
3301,'20260903',1027,,172681,40,,,1,100,,172682,40,,,1,100,,172683,40,,,1,102,,172684,40,,,1,108,,172685,40,,,1,105,,172686,40,,,1,100,,172688,40,,,1,112,,172691,40,,,1,93,,172693,40,,,1,191,,172700,40,,,1,185,,172704,40,,,1,189,,172708,40,,,1
3301,'20260904',1027,,172713,40,,,1,100,,172714,40,,,1,100,,172715,40,,,1,102,,172716,40,,,1,108,,172717,40,,,1,105,,172718,40,,,1,100,,172720,40,,,1,112,,172723,40,,,1,93,,172725,40,,,1,191,,172732,40,,,1,185,,172736,40,,,1,189,,172740,40,,,1
