9201,'20260514',417,,115384,8,,,1,25,,115385,8,,,1,97,,115386,8,,,1,95,,115389,8,,,1,100,,115390,8,,,1,100,,115392,8,,,1,100,,115393,8,,,1,100,,115394,8,,,1,100,,115395,8,,,1,102,,115396,8,,,1,100,,115397,8,,,1,100,,115398,8,,,1,100,,115399,8,,,1,100,,115400,8,,,1,100,,115401,8,,,1,103,,115402,8,,,1,205,,115403,8,,,1,205,,115404,8,,,1,205,,115405,8,,,1
9201,'20260515',417,,115406,8,,,1,25,,115407,8,,,1,97,,115408,8,,,1,95,,115411,8,,,1,100,,115412,8,,,1,100,,115414,8,,,1,100,,115415,8,,,1,100,,115416,8,,,1,100,,115417,8,,,1,102,,115418,8,,,1,100,,115419,8,,,1,100,,115420,8,,,1,100,,115421,8,,,1,100,,115422,8,,,1,100,,115423,8,,,1,103,,115424,8,,,1,205,,115425,8,,,1,205,,115426,8,,,1,205,,115427,8,,,1
9201,'20260516',534,,115428,8,,,1,100,,115429,8,,,1,100,,115430,8,,,1,95,,115431,8,,,1,95,,115432,8,,,1,95,,115433,8,,,1,95,,115434,8,,,1,100,,115435,8,,,1,100,,115436,8,,,1,100,,115437,8,,,1,105,,115438,8,,,1,105,,115439,8,,,1,100,,115440,8,,,1,100,,115441,8,,,1,110,,115442,8,,,1,205,,115443,8,,,1,200,,115444,8,,,1
9201,'20260517',534,,115445,8,,,1,100,,115446,8,,,1,100,,115447,8,,,1,95,,115448,8,,,1,95,,115449,8,,,1,95,,115450,8,,,1,95,,115451,8,,,1,100,,115452,8,,,1,100,,115453,8,,,1,100,,115454,8,,,1,105,,115455,8,,,1,105,,115456,8,,,1,100,,115457,8,,,1,100,,115458,8,,,1,110,,115459,8,,,1,205,,115460,8,,,1,200,,115461,8,,,1
9201,'20260518',534,,115462,8,,,1,100,,115463,8,,,1,100,,115464,8,,,1,95,,115465,8,,,1,95,,115466,8,,,1,95,,115467,8,,,1,95,,115468,8,,,1,100,,115469,8,,,1,100,,115470,8,,,1,100,,115471,8,,,1,105,,115472,8,,,1,105,,115473,8,,,1,100,,115474,8,,,1,100,,115475,8,,,1,110,,115476,8,,,1,205,,115477,8,,,1,200,,115478,8,,,1
9201,'20260519',417,,115479,8,,,1,25,,115480,8,,,1,97,,115481,8,,,1,95,,115484,8,,,1,100,,115485,8,,,1,100,,115487,8,,,1,100,,115488,8,,,1,100,,115489,8,,,1,100,,115490,8,,,1,102,,115491,8,,,1,100,,115492,8,,,1,100,,115493,8,,,1,100,,115494,8,,,1,100,,115495,8,,,1,100,,115496,8,,,1,103,,115497,8,,,1,205,,115498,8,,,1,205,,115499,8,,,1,205,,115500,8,,,1
9201,'20260520',417,,115501,8,,,1,25,,115502,8,,,1,97,,115503,8,,,1,95,,115506,8,,,1,100,,115507,8,,,1,100,,115509,8,,,1,100,,115510,8,,,1,100,,115511,8,,,1,100,,115512,8,,,1,102,,115513,8,,,1,100,,115514,8,,,1,100,,115515,8,,,1,100,,115516,8,,,1,100,,115517,8,,,1,100,,115518,8,,,1,103,,115519,8,,,1,205,,115520,8,,,1,205,,115521,8,,,1,205,,115522,8,,,1
9201,'20260521',417,,115523,8,,,1,25,,115524,8,,,1,97,,115525,8,,,1,95,,115528,8,,,1,100,,115529,8,,,1,100,,115531,8,,,1,100,,115532,8,,,1,100,,115533,8,,,1,100,,115534,8,,,1,102,,115535,8,,,1,100,,115536,8,,,1,100,,115537,8,,,1,100,,115538,8,,,1,100,,115539,8,,,1,100,,115540,8,,,1,103,,115541,8,,,1,205,,115542,8,,,1,205,,115543,8,,,1,205,,115544,8,,,1
9201,'20260522',417,,115545,8,,,1,25,,115546,8,,,1,97,,115547,8,,,1,95,,115550,8,,,1,100,,115551,8,,,1,100,,115553,8,,,1,100,,115554,8,,,1,100,,115555,8,,,1,100,,115556,8,,,1,102,,115557,8,,,1,100,,115558,8,,,1,100,,115559,8,,,1,100,,115560,8,,,1,100,,115561,8,,,1,100,,115562,8,,,1,103,,115563,8,,,1,205,,115564,8,,,1,205,,115565,8,,,1,205,,115566,8,,,1
9201,'20260523',534,,115567,8,,,1,100,,115568,8,,,1,100,,115569,8,,,1,95,,115570,8,,,1,95,,115571,8,,,1,95,,115572,8,,,1,95,,115573,8,,,1,100,,115574,8,,,1,100,,115575,8,,,1,100,,115576,8,,,1,105,,115577,8,,,1,105,,115578,8,,,1,100,,115579,8,,,1,100,,115580,8,,,1,110,,115581,8,,,1,205,,115582,8,,,1,200,,115583,8,,,1
9201,'20260524',534,,115584,8,,,1,100,,115585,8,,,1,100,,115586,8,,,1,95,,115587,8,,,1,95,,115588,8,,,1,95,,115589,8,,,1,95,,115590,8,,,1,100,,115591,8,,,1,100,,115592,8,,,1,100,,115593,8,,,1,105,,115594,8,,,1,105,,115595,8,,,1,100,,115596,8,,,1,100,,115597,8,,,1,110,,115598,8,,,1,205,,115599,8,,,1,200,,115600,8,,,1
9201,'20260525',417,,115601,8,,,1,25,,115602,8,,,1,97,,115603,8,,,1,95,,115606,8,,,1,100,,115607,8,,,1,100,,115609,8,,,1,100,,115610,8,,,1,100,,115611,8,,,1,100,,115612,8,,,1,102,,115613,8,,,1,100,,115614,8,,,1,100,,115615,8,,,1,100,,115616,8,,,1,100,,115617,8,,,1,100,,115618,8,,,1,103,,115619,8,,,1,205,,115620,8,,,1,205,,115621,8,,,1,205,,115622,8,,,1
9201,'20260526',417,,115623,8,,,1,25,,115624,8,,,1,97,,115625,8,,,1,95,,115628,8,,,1,100,,115629,8,,,1,100,,115631,8,,,1,100,,115632,8,,,1,100,,115633,8,,,1,100,,115634,8,,,1,102,,115635,8,,,1,100,,115636,8,,,1,100,,115637,8,,,1,100,,115638,8,,,1,100,,115639,8,,,1,100,,115640,8,,,1,103,,115641,8,,,1,205,,115642,8,,,1,205,,115643,8,,,1,205,,115644,8,,,1
9201,'20260527',417,,115645,8,,,1,25,,115646,8,,,1,97,,115647,8,,,1,95,,115650,8,,,1,100,,115651,8,,,1,100,,115653,8,,,1,100,,115654,8,,,1,100,,115655,8,,,1,100,,115656,8,,,1,102,,115657,8,,,1,100,,115658,8,,,1,100,,115659,8,,,1,100,,115660,8,,,1,100,,115661,8,,,1,100,,115662,8,,,1,103,,115663,8,,,1,205,,115664,8,,,1,205,,115665,8,,,1,205,,115666,8,,,1
9201,'20260528',417,,115667,8,,,1,25,,115668,8,,,1,97,,115669,8,,,1,95,,115672,8,,,1,100,,115673,8,,,1,100,,115675,8,,,1,100,,115676,8,,,1,100,,115677,8,,,1,100,,115678,8,,,1,102,,115679,8,,,1,100,,115680,8,,,1,100,,115681,8,,,1,100,,115682,8,,,1,100,,115683,8,,,1,100,,115684,8,,,1,103,,115685,8,,,1,205,,115686,8,,,1,205,,115687,8,,,1,205,,115688,8,,,1
9201,'20260529',417,,115689,8,,,1,25,,115690,8,,,1,97,,115691,8,,,1,95,,115694,8,,,1,100,,115695,8,,,1,100,,115697,8,,,1,100,,115698,8,,,1,100,,115699,8,,,1,100,,115700,8,,,1,102,,115701,8,,,1,100,,115702,8,,,1,100,,115703,8,,,1,100,,115704,8,,,1,100,,115705,8,,,1,100,,115706,8,,,1,103,,115707,8,,,1,205,,115708,8,,,1,205,,115709,8,,,1,205,,115710,8,,,1
9201,'20260530',534,,115711,8,,,1,100,,115712,8,,,1,100,,115713,8,,,1,95,,115714,8,,,1,95,,115715,8,,,1,95,,115716,8,,,1,95,,115717,8,,,1,100,,115718,8,,,1,100,,115719,8,,,1,100,,115720,8,,,1,105,,115721,8,,,1,105,,115722,8,,,1,100,,115723,8,,,1,100,,115724,8,,,1,110,,115725,8,,,1,205,,115726,8,,,1,200,,115727,8,,,1
9201,'20260531',534,,115728,8,,,1,100,,115729,8,,,1,100,,115730,8,,,1,95,,115731,8,,,1,95,,115732,8,,,1,95,,115733,8,,,1,95,,115734,8,,,1,100,,115735,8,,,1,100,,115736,8,,,1,100,,115737,8,,,1,105,,115738,8,,,1,105,,115739,8,,,1,100,,115740,8,,,1,100,,115741,8,,,1,110,,115742,8,,,1,205,,115743,8,,,1,200,,115744,8,,,1
9201,'20260601',417,,115745,8,,,1,25,,115746,8,,,1,97,,115747,8,,,1,95,,115750,8,,,1,100,,115751,8,,,1,100,,115753,8,,,1,100,,115754,8,,,1,100,,115755,8,,,1,100,,115756,8,,,1,102,,115757,8,,,1,100,,115758,8,,,1,100,,115759,8,,,1,100,,115760,8,,,1,100,,115761,8,,,1,100,,115762,8,,,1,103,,115763,8,,,1,205,,115764,8,,,1,205,,115765,8,,,1,205,,115766,8,,,1
9201,'20260602',417,,115767,8,,,1,25,,115768,8,,,1,97,,115769,8,,,1,95,,115772,8,,,1,100,,115773,8,,,1,100,,115775,8,,,1,100,,115776,8,,,1,100,,115777,8,,,1,100,,115778,8,,,1,102,,115779,8,,,1,100,,115780,8,,,1,100,,115781,8,,,1,100,,115782,8,,,1,100,,115783,8,,,1,100,,115784,8,,,1,103,,115785,8,,,1,205,,115786,8,,,1,205,,115787,8,,,1,205,,115788,8,,,1
9201,'20260603',417,,115789,8,,,1,25,,115790,8,,,1,97,,115791,8,,,1,95,,115794,8,,,1,100,,115795,8,,,1,100,,115797,8,,,1,100,,115798,8,,,1,100,,115799,8,,,1,100,,115800,8,,,1,102,,115801,8,,,1,100,,115802,8,,,1,100,,115803,8,,,1,100,,115804,8,,,1,100,,115805,8,,,1,100,,115806,8,,,1,103,,115807,8,,,1,205,,115808,8,,,1,205,,115809,8,,,1,205,,115810,8,,,1
9201,'20260604',417,,115811,8,,,1,25,,115812,8,,,1,97,,115813,8,,,1,95,,115816,8,,,1,100,,115817,8,,,1,100,,115819,8,,,1,100,,115820,8,,,1,100,,115821,8,,,1,100,,115822,8,,,1,102,,115823,8,,,1,100,,115824,8,,,1,100,,115825,8,,,1,100,,115826,8,,,1,100,,115827,8,,,1,100,,115828,8,,,1,103,,115829,8,,,1,205,,115830,8,,,1,205,,115831,8,,,1,205,,115832,8,,,1
9201,'20260605',417,,115833,8,,,1,25,,115834,8,,,1,97,,115835,8,,,1,95,,115838,8,,,1,100,,115839,8,,,1,100,,115841,8,,,1,100,,115842,8,,,1,100,,115843,8,,,1,100,,115844,8,,,1,102,,115845,8,,,1,100,,115846,8,,,1,100,,115847,8,,,1,100,,115848,8,,,1,100,,115849,8,,,1,100,,115850,8,,,1,103,,115851,8,,,1,205,,115852,8,,,1,205,,115853,8,,,1,205,,115854,8,,,1
9201,'20260606',534,,115855,8,,,1,100,,115856,8,,,1,100,,115857,8,,,1,95,,115858,8,,,1,95,,115859,8,,,1,95,,115860,8,,,1,95,,115861,8,,,1,100,,115862,8,,,1,100,,115863,8,,,1,100,,115864,8,,,1,105,,115865,8,,,1,105,,115866,8,,,1,100,,115867,8,,,1,100,,115868,8,,,1,110,,115869,8,,,1,205,,115870,8,,,1,200,,115871,8,,,1
9201,'20260607',534,,115872,8,,,1,100,,115873,8,,,1,100,,115874,8,,,1,95,,115875,8,,,1,95,,115876,8,,,1,95,,115877,8,,,1,95,,115878,8,,,1,100,,115879,8,,,1,100,,115880,8,,,1,100,,115881,8,,,1,105,,115882,8,,,1,105,,115883,8,,,1,100,,115884,8,,,1,100,,115885,8,,,1,110,,115886,8,,,1,205,,115887,8,,,1,200,,115888,8,,,1
9201,'20260608',417,,115889,8,,,1,25,,115890,8,,,1,97,,115891,8,,,1,95,,115894,8,,,1,100,,115895,8,,,1,100,,115897,8,,,1,100,,115898,8,,,1,100,,115899,8,,,1,100,,115900,8,,,1,102,,115901,8,,,1,100,,115902,8,,,1,100,,115903,8,,,1,100,,115904,8,,,1,100,,115905,8,,,1,100,,115906,8,,,1,103,,115907,8,,,1,205,,115908,8,,,1,205,,115909,8,,,1,205,,115910,8,,,1
9201,'20260609',417,,115911,8,,,1,25,,115912,8,,,1,97,,115913,8,,,1,95,,115916,8,,,1,100,,115917,8,,,1,100,,115919,8,,,1,100,,115920,8,,,1,100,,115921,8,,,1,100,,115922,8,,,1,102,,115923,8,,,1,100,,115924,8,,,1,100,,115925,8,,,1,100,,115926,8,,,1,100,,115927,8,,,1,100,,115928,8,,,1,103,,115929,8,,,1,205,,115930,8,,,1,205,,115931,8,,,1,205,,115932,8,,,1
9201,'20260610',417,,115933,8,,,1,25,,115934,8,,,1,97,,115935,8,,,1,95,,115938,8,,,1,100,,115939,8,,,1,100,,115941,8,,,1,100,,115942,8,,,1,100,,115943,8,,,1,100,,115944,8,,,1,102,,115945,8,,,1,100,,115946,8,,,1,100,,115947,8,,,1,100,,115948,8,,,1,100,,115949,8,,,1,100,,115950,8,,,1,103,,115951,8,,,1,205,,115952,8,,,1,205,,115953,8,,,1,205,,115954,8,,,1
9201,'20260611',417,,115955,8,,,1,25,,115956,8,,,1,97,,115957,8,,,1,95,,115960,8,,,1,100,,115961,8,,,1,100,,115963,8,,,1,100,,115964,8,,,1,100,,115965,8,,,1,100,,115966,8,,,1,102,,115967,8,,,1,100,,115968,8,,,1,100,,115969,8,,,1,100,,115970,8,,,1,100,,115971,8,,,1,100,,115972,8,,,1,103,,115973,8,,,1,205,,115974,8,,,1,205,,115975,8,,,1,205,,115976,8,,,1
9201,'20260612',417,,115977,8,,,1,25,,115978,8,,,1,97,,115979,8,,,1,95,,115982,8,,,1,100,,115983,8,,,1,100,,115985,8,,,1,100,,115986,8,,,1,100,,115987,8,,,1,100,,115988,8,,,1,102,,115989,8,,,1,100,,115990,8,,,1,100,,115991,8,,,1,100,,115992,8,,,1,100,,115993,8,,,1,100,,115994,8,,,1,103,,115995,8,,,1,205,,115996,8,,,1,205,,115997,8,,,1,205,,115998,8,,,1
9201,'20260613',534,,212015,8,,,1,100,,212016,8,,,1,100,,212017,8,,,1,95,,212018,8,,,1,95,,212019,8,,,1,95,,212020,8,,,1,95,,212021,8,,,1,100,,212022,8,,,1,100,,212023,8,,,1,100,,212024,8,,,1,105,,212025,8,,,1,105,,212026,8,,,1,100,,212027,8,,,1,100,,212028,8,,,1,110,,212029,8,,,1,205,,212030,8,,,1,200,,212031,8,,,1
9201,'20260614',534,,212032,8,,,1,100,,212033,8,,,1,100,,212034,8,,,1,95,,212035,8,,,1,95,,212036,8,,,1,95,,212037,8,,,1,95,,212038,8,,,1,100,,212039,8,,,1,100,,212040,8,,,1,100,,212041,8,,,1,105,,212042,8,,,1,105,,212043,8,,,1,100,,212044,8,,,1,100,,212045,8,,,1,110,,212046,8,,,1,205,,212047,8,,,1,200,,212048,8,,,1
9201,'20260615',417,,212049,8,,,1,25,,212050,8,,,1,97,,212051,8,,,1,95,,212054,8,,,1,100,,212055,8,,,1,100,,212057,8,,,1,100,,212058,8,,,1,100,,212059,8,,,1,100,,212060,8,,,1,102,,212061,8,,,1,100,,212062,8,,,1,100,,212063,8,,,1,100,,212064,8,,,1,100,,212065,8,,,1,100,,212066,8,,,1,103,,212067,8,,,1,205,,212068,8,,,1,205,,212069,8,,,1,205,,212070,8,,,1
9201,'20260616',417,,212071,8,,,1,25,,212072,8,,,1,97,,212073,8,,,1,95,,212076,8,,,1,100,,212077,8,,,1,100,,212079,8,,,1,100,,212080,8,,,1,100,,212081,8,,,1,100,,212082,8,,,1,102,,212083,8,,,1,100,,212084,8,,,1,100,,212085,8,,,1,100,,212086,8,,,1,100,,212087,8,,,1,100,,212088,8,,,1,103,,212089,8,,,1,205,,212090,8,,,1,205,,212091,8,,,1,205,,212092,8,,,1
9201,'20260617',417,,212093,8,,,1,25,,212094,8,,,1,97,,212095,8,,,1,95,,212098,8,,,1,100,,212099,8,,,1,100,,212101,8,,,1,100,,212102,8,,,1,100,,212103,8,,,1,100,,212104,8,,,1,102,,212105,8,,,1,100,,212106,8,,,1,100,,212107,8,,,1,100,,212108,8,,,1,100,,212109,8,,,1,100,,212110,8,,,1,103,,212111,8,,,1,205,,212112,8,,,1,205,,212113,8,,,1,205,,212114,8,,,1
9201,'20260618',417,,212115,8,,,1,25,,212116,8,,,1,97,,212117,8,,,1,95,,212120,8,,,1,100,,212121,8,,,1,100,,212123,8,,,1,100,,212124,8,,,1,100,,212125,8,,,1,100,,212126,8,,,1,102,,212127,8,,,1,100,,212128,8,,,1,100,,212129,8,,,1,100,,212130,8,,,1,100,,212131,8,,,1,100,,212132,8,,,1,103,,212133,8,,,1,205,,212134,8,,,1,205,,212135,8,,,1,205,,212136,8,,,1
9201,'20260619',417,,212137,8,,,1,25,,212138,8,,,1,97,,212139,8,,,1,95,,212142,8,,,1,100,,212143,8,,,1,100,,212145,8,,,1,100,,212146,8,,,1,100,,212147,8,,,1,100,,212148,8,,,1,102,,212149,8,,,1,100,,212150,8,,,1,100,,212151,8,,,1,100,,212152,8,,,1,100,,212153,8,,,1,100,,212154,8,,,1,103,,212155,8,,,1,205,,212156,8,,,1,205,,212157,8,,,1,205,,212158,8,,,1
9201,'20260620',534,,212159,8,,,1,100,,212160,8,,,1,100,,212161,8,,,1,95,,212162,8,,,1,95,,212163,8,,,1,95,,212164,8,,,1,95,,212165,8,,,1,100,,212166,8,,,1,100,,212167,8,,,1,100,,212168,8,,,1,105,,212169,8,,,1,105,,212170,8,,,1,100,,212171,8,,,1,100,,212172,8,,,1,110,,212173,8,,,1,205,,212174,8,,,1,200,,212175,8,,,1
9201,'20260621',534,,212176,8,,,1,100,,212177,8,,,1,100,,212178,8,,,1,95,,212179,8,,,1,95,,212180,8,,,1,95,,212181,8,,,1,95,,212182,8,,,1,100,,212183,8,,,1,100,,212184,8,,,1,100,,212185,8,,,1,105,,212186,8,,,1,105,,212187,8,,,1,100,,212188,8,,,1,100,,212189,8,,,1,110,,212190,8,,,1,205,,212191,8,,,1,200,,212192,8,,,1
9201,'20260622',417,,212193,8,,,1,25,,212194,8,,,1,97,,212195,8,,,1,95,,212198,8,,,1,100,,212199,8,,,1,100,,212201,8,,,1,100,,212202,8,,,1,100,,212203,8,,,1,100,,212204,8,,,1,102,,212205,8,,,1,100,,212206,8,,,1,100,,212207,8,,,1,100,,212208,8,,,1,100,,212209,8,,,1,100,,212210,8,,,1,103,,212211,8,,,1,205,,212212,8,,,1,205,,212213,8,,,1,205,,212214,8,,,1
9201,'20260623',417,,212215,8,,,1,25,,212216,8,,,1,97,,212217,8,,,1,95,,212220,8,,,1,100,,212221,8,,,1,100,,212223,8,,,1,100,,212224,8,,,1,100,,212225,8,,,1,100,,212226,8,,,1,102,,212227,8,,,1,100,,212228,8,,,1,100,,212229,8,,,1,100,,212230,8,,,1,100,,212231,8,,,1,100,,212232,8,,,1,103,,212233,8,,,1,205,,212234,8,,,1,205,,212235,8,,,1,205,,212236,8,,,1
9201,'20260624',417,,212237,8,,,1,25,,212238,8,,,1,97,,212239,8,,,1,95,,212242,8,,,1,100,,212243,8,,,1,100,,212245,8,,,1,100,,212246,8,,,1,100,,212247,8,,,1,100,,212248,8,,,1,102,,212249,8,,,1,100,,212250,8,,,1,100,,212251,8,,,1,100,,212252,8,,,1,100,,212253,8,,,1,100,,212254,8,,,1,103,,212255,8,,,1,205,,212256,8,,,1,205,,212257,8,,,1,205,,212258,8,,,1
9201,'20260625',417,,212259,8,,,1,25,,212260,8,,,1,97,,212261,8,,,1,95,,212264,8,,,1,100,,212265,8,,,1,100,,212267,8,,,1,100,,212268,8,,,1,100,,212269,8,,,1,100,,212270,8,,,1,102,,212271,8,,,1,100,,212272,8,,,1,100,,212273,8,,,1,100,,212274,8,,,1,100,,212275,8,,,1,100,,212276,8,,,1,103,,212277,8,,,1,205,,212278,8,,,1,205,,212279,8,,,1,205,,212280,8,,,1
9201,'20260626',417,,212281,8,,,1,25,,212282,8,,,1,97,,212283,8,,,1,95,,212286,8,,,1,100,,212287,8,,,1,100,,212289,8,,,1,100,,212290,8,,,1,100,,212291,8,,,1,100,,212292,8,,,1,102,,212293,8,,,1,100,,212294,8,,,1,100,,212295,8,,,1,100,,212296,8,,,1,100,,212297,8,,,1,100,,212298,8,,,1,103,,212299,8,,,1,205,,212300,8,,,1,205,,212301,8,,,1,205,,212302,8,,,1
9201,'20260627',534,,212303,8,,,1,100,,212304,8,,,1,100,,212305,8,,,1,95,,212306,8,,,1,95,,212307,8,,,1,95,,212308,8,,,1,95,,212309,8,,,1,100,,212310,8,,,1,100,,212311,8,,,1,100,,212312,8,,,1,105,,212313,8,,,1,105,,212314,8,,,1,100,,212315,8,,,1,100,,212316,8,,,1,110,,212317,8,,,1,205,,212318,8,,,1,200,,212319,8,,,1
9201,'20260628',534,,212320,8,,,1,100,,212321,8,,,1,100,,212322,8,,,1,95,,212323,8,,,1,95,,212324,8,,,1,95,,212325,8,,,1,95,,212326,8,,,1,100,,212327,8,,,1,100,,212328,8,,,1,100,,212329,8,,,1,105,,212330,8,,,1,105,,212331,8,,,1,100,,212332,8,,,1,100,,212333,8,,,1,110,,212334,8,,,1,205,,212335,8,,,1,200,,212336,8,,,1
9201,'20260629',417,,212337,8,,,1,25,,212338,8,,,1,97,,212339,8,,,1,95,,212342,8,,,1,100,,212343,8,,,1,100,,212345,8,,,1,100,,212346,8,,,1,100,,212347,8,,,1,100,,212348,8,,,1,102,,212349,8,,,1,100,,212350,8,,,1,100,,212351,8,,,1,100,,212352,8,,,1,100,,212353,8,,,1,100,,212354,8,,,1,103,,212355,8,,,1,205,,212356,8,,,1,205,,212357,8,,,1,205,,212358,8,,,1
9201,'20260630',417,,212359,8,,,1,25,,212360,8,,,1,97,,212361,8,,,1,95,,212364,8,,,1,100,,212365,8,,,1,100,,212367,8,,,1,100,,212368,8,,,1,100,,212369,8,,,1,100,,212370,8,,,1,102,,212371,8,,,1,100,,212372,8,,,1,100,,212373,8,,,1,100,,212374,8,,,1,100,,212375,8,,,1,100,,212376,8,,,1,103,,212377,8,,,1,205,,212378,8,,,1,205,,212379,8,,,1,205,,212380,8,,,1
9201,'20260701',534,,212381,8,,,1,100,,212382,8,,,1,100,,212383,8,,,1,95,,212384,8,,,1,95,,212385,8,,,1,95,,212386,8,,,1,95,,212387,8,,,1,100,,212388,8,,,1,100,,212389,8,,,1,100,,212390,8,,,1,105,,212391,8,,,1,105,,212392,8,,,1,100,,212393,8,,,1,100,,212394,8,,,1,110,,212395,8,,,1,205,,212396,8,,,1,200,,212397,8,,,1
9201,'20260702',417,,212398,8,,,1,25,,212399,8,,,1,97,,212400,8,,,1,95,,212403,8,,,1,100,,212404,8,,,1,100,,212406,8,,,1,100,,212407,8,,,1,100,,212408,8,,,1,100,,212409,8,,,1,102,,212410,8,,,1,100,,212411,8,,,1,100,,212412,8,,,1,100,,212413,8,,,1,100,,212414,8,,,1,100,,212415,8,,,1,103,,212416,8,,,1,205,,212417,8,,,1,205,,212418,8,,,1,205,,212419,8,,,1
9201,'20260703',417,,212420,8,,,1,25,,212421,8,,,1,97,,212422,8,,,1,95,,212425,8,,,1,100,,212426,8,,,1,100,,212428,8,,,1,100,,212429,8,,,1,100,,212430,8,,,1,100,,212431,8,,,1,102,,212432,8,,,1,100,,212433,8,,,1,100,,212434,8,,,1,100,,212435,8,,,1,100,,212436,8,,,1,100,,212437,8,,,1,103,,212438,8,,,1,205,,212439,8,,,1,205,,212440,8,,,1,205,,212441,8,,,1
9201,'20260704',534,,212442,8,,,1,100,,212443,8,,,1,100,,212444,8,,,1,95,,212445,8,,,1,95,,212446,8,,,1,95,,212447,8,,,1,95,,212448,8,,,1,100,,212449,8,,,1,100,,212450,8,,,1,100,,212451,8,,,1,105,,212452,8,,,1,105,,212453,8,,,1,100,,212454,8,,,1,100,,212455,8,,,1,110,,212456,8,,,1,205,,212457,8,,,1,200,,212458,8,,,1
9201,'20260705',534,,212459,8,,,1,100,,212460,8,,,1,100,,212461,8,,,1,95,,212462,8,,,1,95,,212463,8,,,1,95,,212464,8,,,1,95,,212465,8,,,1,100,,212466,8,,,1,100,,212467,8,,,1,100,,212468,8,,,1,105,,212469,8,,,1,105,,212470,8,,,1,100,,212471,8,,,1,100,,212472,8,,,1,110,,212473,8,,,1,205,,212474,8,,,1,200,,212475,8,,,1
9201,'20260706',417,,212476,8,,,1,25,,212477,8,,,1,97,,212478,8,,,1,95,,212481,8,,,1,100,,212482,8,,,1,100,,212484,8,,,1,100,,212485,8,,,1,100,,212486,8,,,1,100,,212487,8,,,1,102,,212488,8,,,1,100,,212489,8,,,1,100,,212490,8,,,1,100,,212491,8,,,1,100,,212492,8,,,1,100,,212493,8,,,1,103,,212494,8,,,1,205,,212495,8,,,1,205,,212496,8,,,1,205,,212497,8,,,1
9201,'20260707',417,,212498,8,,,1,25,,212499,8,,,1,97,,212500,8,,,1,95,,212503,8,,,1,100,,212504,8,,,1,100,,212506,8,,,1,100,,212507,8,,,1,100,,212508,8,,,1,100,,212509,8,,,1,102,,212510,8,,,1,100,,212511,8,,,1,100,,212512,8,,,1,100,,212513,8,,,1,100,,212514,8,,,1,100,,212515,8,,,1,103,,212516,8,,,1,205,,212517,8,,,1,205,,212518,8,,,1,205,,212519,8,,,1
9201,'20260708',417,,212520,8,,,1,25,,212521,8,,,1,97,,212522,8,,,1,95,,212525,8,,,1,100,,212526,8,,,1,100,,212528,8,,,1,100,,212529,8,,,1,100,,212530,8,,,1,100,,212531,8,,,1,102,,212532,8,,,1,100,,212533,8,,,1,100,,212534,8,,,1,100,,212535,8,,,1,100,,212536,8,,,1,100,,212537,8,,,1,103,,212538,8,,,1,205,,212539,8,,,1,205,,212540,8,,,1,205,,212541,8,,,1
9201,'20260709',417,,212542,8,,,1,25,,212543,8,,,1,97,,212544,8,,,1,95,,212547,8,,,1,100,,212548,8,,,1,100,,212550,8,,,1,100,,212551,8,,,1,100,,212552,8,,,1,100,,212553,8,,,1,102,,212554,8,,,1,100,,212555,8,,,1,100,,212556,8,,,1,100,,212557,8,,,1,100,,212558,8,,,1,100,,212559,8,,,1,103,,212560,8,,,1,205,,212561,8,,,1,205,,212562,8,,,1,205,,212563,8,,,1
9201,'20260710',417,,212564,8,,,1,25,,212565,8,,,1,97,,212566,8,,,1,95,,212569,8,,,1,100,,212570,8,,,1,100,,212572,8,,,1,100,,212573,8,,,1,100,,212574,8,,,1,100,,212575,8,,,1,102,,212576,8,,,1,100,,212577,8,,,1,100,,212578,8,,,1,100,,212579,8,,,1,100,,212580,8,,,1,100,,212581,8,,,1,103,,212582,8,,,1,205,,212583,8,,,1,205,,212584,8,,,1,205,,212585,8,,,1
9201,'20260711',534,,212586,8,,,1,100,,212587,8,,,1,100,,212588,8,,,1,95,,212589,8,,,1,95,,212590,8,,,1,95,,212591,8,,,1,95,,212592,8,,,1,100,,212593,8,,,1,100,,212594,8,,,1,100,,212595,8,,,1,105,,212596,8,,,1,105,,212597,8,,,1,100,,212598,8,,,1,100,,212599,8,,,1,110,,212600,8,,,1,205,,212601,8,,,1,200,,212602,8,,,1
9201,'20260712',534,,212603,8,,,1,100,,212604,8,,,1,100,,212605,8,,,1,95,,212606,8,,,1,95,,212607,8,,,1,95,,212608,8,,,1,95,,212609,8,,,1,100,,212610,8,,,1,100,,212611,8,,,1,100,,212612,8,,,1,105,,212613,8,,,1,105,,212614,8,,,1,100,,212615,8,,,1,100,,212616,8,,,1,110,,212617,8,,,1,205,,212618,8,,,1,200,,212619,8,,,1
9201,'20260713',417,,212620,8,,,1,25,,212621,8,,,1,97,,212622,8,,,1,95,,212625,8,,,1,100,,212626,8,,,1,100,,212628,8,,,1,100,,212629,8,,,1,100,,212630,8,,,1,100,,212631,8,,,1,102,,212632,8,,,1,100,,212633,8,,,1,100,,212634,8,,,1,100,,212635,8,,,1,100,,212636,8,,,1,100,,212637,8,,,1,103,,212638,8,,,1,205,,212639,8,,,1,205,,212640,8,,,1,205,,212641,8,,,1
9201,'20260714',417,,212642,8,,,1,25,,212643,8,,,1,97,,212644,8,,,1,95,,212647,8,,,1,100,,212648,8,,,1,100,,212650,8,,,1,100,,212651,8,,,1,100,,212652,8,,,1,100,,212653,8,,,1,102,,212654,8,,,1,100,,212655,8,,,1,100,,212656,8,,,1,100,,212657,8,,,1,100,,212658,8,,,1,100,,212659,8,,,1,103,,212660,8,,,1,205,,212661,8,,,1,205,,212662,8,,,1,205,,212663,8,,,1
9201,'20260715',417,,212664,8,,,1,25,,212665,8,,,1,97,,212666,8,,,1,95,,212669,8,,,1,100,,212670,8,,,1,100,,212672,8,,,1,100,,212673,8,,,1,100,,212674,8,,,1,100,,212675,8,,,1,102,,212676,8,,,1,100,,212677,8,,,1,100,,212678,8,,,1,100,,212679,8,,,1,100,,212680,8,,,1,100,,212681,8,,,1,103,,212682,8,,,1,205,,212683,8,,,1,205,,212684,8,,,1,205,,212685,8,,,1
9201,'20260716',417,,212686,8,,,1,25,,212687,8,,,1,97,,212688,8,,,1,95,,212691,8,,,1,100,,212692,8,,,1,100,,212694,8,,,1,100,,212695,8,,,1,100,,212696,8,,,1,100,,212697,8,,,1,102,,212698,8,,,1,100,,212699,8,,,1,100,,212700,8,,,1,100,,212701,8,,,1,100,,212702,8,,,1,100,,212703,8,,,1,103,,212704,8,,,1,205,,212705,8,,,1,205,,212706,8,,,1,205,,212707,8,,,1
9201,'20260717',417,,212708,8,,,1,25,,212709,8,,,1,97,,212710,8,,,1,95,,212713,8,,,1,100,,212714,8,,,1,100,,212716,8,,,1,100,,212717,8,,,1,100,,212718,8,,,1,100,,212719,8,,,1,102,,212720,8,,,1,100,,212721,8,,,1,100,,212722,8,,,1,100,,212723,8,,,1,100,,212724,8,,,1,100,,212725,8,,,1,103,,212726,8,,,1,205,,212727,8,,,1,205,,212728,8,,,1,205,,212729,8,,,1
9201,'20260718',534,,212730,8,,,1,100,,212731,8,,,1,100,,212732,8,,,1,95,,212733,8,,,1,95,,212734,8,,,1,95,,212735,8,,,1,95,,212736,8,,,1,100,,212737,8,,,1,100,,212738,8,,,1,100,,212739,8,,,1,105,,212740,8,,,1,105,,212741,8,,,1,100,,212742,8,,,1,100,,212743,8,,,1,110,,212744,8,,,1,205,,212745,8,,,1,200,,212746,8,,,1
9201,'20260719',534,,212747,8,,,1,100,,212748,8,,,1,100,,212749,8,,,1,95,,212750,8,,,1,95,,212751,8,,,1,95,,212752,8,,,1,95,,212753,8,,,1,100,,212754,8,,,1,100,,212755,8,,,1,100,,212756,8,,,1,105,,212757,8,,,1,105,,212758,8,,,1,100,,212759,8,,,1,100,,212760,8,,,1,110,,212761,8,,,1,205,,212762,8,,,1,200,,212763,8,,,1
9201,'20260720',417,,212764,8,,,1,25,,212765,8,,,1,97,,212766,8,,,1,95,,212769,8,,,1,100,,212770,8,,,1,100,,212772,8,,,1,100,,212773,8,,,1,100,,212774,8,,,1,100,,212775,8,,,1,102,,212776,8,,,1,100,,212777,8,,,1,100,,212778,8,,,1,100,,212779,8,,,1,100,,212780,8,,,1,100,,212781,8,,,1,103,,212782,8,,,1,205,,212783,8,,,1,205,,212784,8,,,1,205,,212785,8,,,1
9201,'20260721',417,,212786,8,,,1,25,,212787,8,,,1,97,,212788,8,,,1,95,,212791,8,,,1,100,,212792,8,,,1,100,,212794,8,,,1,100,,212795,8,,,1,100,,212796,8,,,1,100,,212797,8,,,1,102,,212798,8,,,1,100,,212799,8,,,1,100,,212800,8,,,1,100,,212801,8,,,1,100,,212802,8,,,1,100,,212803,8,,,1,103,,212804,8,,,1,205,,212805,8,,,1,205,,212806,8,,,1,205,,212807,8,,,1
9201,'20260722',417,,212808,8,,,1,25,,212809,8,,,1,97,,212810,8,,,1,95,,212813,8,,,1,100,,212814,8,,,1,100,,212816,8,,,1,100,,212817,8,,,1,100,,212818,8,,,1,100,,212819,8,,,1,102,,212820,8,,,1,100,,212821,8,,,1,100,,212822,8,,,1,100,,212823,8,,,1,100,,212824,8,,,1,100,,212825,8,,,1,103,,212826,8,,,1,205,,212827,8,,,1,205,,212828,8,,,1,205,,212829,8,,,1
9201,'20260723',417,,212830,8,,,1,25,,212831,8,,,1,97,,212832,8,,,1,95,,212835,8,,,1,100,,212836,8,,,1,100,,212838,8,,,1,100,,212839,8,,,1,100,,212840,8,,,1,100,,212841,8,,,1,102,,212842,8,,,1,100,,212843,8,,,1,100,,212844,8,,,1,100,,212845,8,,,1,100,,212846,8,,,1,100,,212847,8,,,1,103,,212848,8,,,1,205,,212849,8,,,1,205,,212850,8,,,1,205,,212851,8,,,1
9201,'20260724',417,,212852,8,,,1,25,,212853,8,,,1,97,,212854,8,,,1,95,,212857,8,,,1,100,,212858,8,,,1,100,,212860,8,,,1,100,,212861,8,,,1,100,,212862,8,,,1,100,,212863,8,,,1,102,,212864,8,,,1,100,,212865,8,,,1,100,,212866,8,,,1,100,,212867,8,,,1,100,,212868,8,,,1,100,,212869,8,,,1,103,,212870,8,,,1,205,,212871,8,,,1,205,,212872,8,,,1,205,,212873,8,,,1
9201,'20260725',534,,212874,8,,,1,100,,212875,8,,,1,100,,212876,8,,,1,95,,212877,8,,,1,95,,212878,8,,,1,95,,212879,8,,,1,95,,212880,8,,,1,100,,212881,8,,,1,100,,212882,8,,,1,100,,212883,8,,,1,105,,212884,8,,,1,105,,212885,8,,,1,100,,212886,8,,,1,100,,212887,8,,,1,110,,212888,8,,,1,205,,212889,8,,,1,200,,212890,8,,,1
9201,'20260726',534,,212891,8,,,1,100,,212892,8,,,1,100,,212893,8,,,1,95,,212894,8,,,1,95,,212895,8,,,1,95,,212896,8,,,1,95,,212897,8,,,1,100,,212898,8,,,1,100,,212899,8,,,1,100,,212900,8,,,1,105,,212901,8,,,1,105,,212902,8,,,1,100,,212903,8,,,1,100,,212904,8,,,1,110,,212905,8,,,1,205,,212906,8,,,1,200,,212907,8,,,1
9201,'20260727',417,,212908,8,,,1,25,,212909,8,,,1,97,,212910,8,,,1,95,,212913,8,,,1,100,,212914,8,,,1,100,,212916,8,,,1,100,,212917,8,,,1,100,,212918,8,,,1,100,,212919,8,,,1,102,,212920,8,,,1,100,,212921,8,,,1,100,,212922,8,,,1,100,,212923,8,,,1,100,,212924,8,,,1,100,,212925,8,,,1,103,,212926,8,,,1,205,,212927,8,,,1,205,,212928,8,,,1,205,,212929,8,,,1
9201,'20260728',417,,212930,8,,,1,25,,212931,8,,,1,97,,212932,8,,,1,95,,212935,8,,,1,100,,212936,8,,,1,100,,212938,8,,,1,100,,212939,8,,,1,100,,212940,8,,,1,100,,212941,8,,,1,102,,212942,8,,,1,100,,212943,8,,,1,100,,212944,8,,,1,100,,212945,8,,,1,100,,212946,8,,,1,100,,212947,8,,,1,103,,212948,8,,,1,205,,212949,8,,,1,205,,212950,8,,,1,205,,212951,8,,,1
9201,'20260729',417,,212952,8,,,1,25,,212953,8,,,1,97,,212954,8,,,1,95,,212957,8,,,1,100,,212958,8,,,1,100,,212960,8,,,1,100,,212961,8,,,1,100,,212962,8,,,1,100,,212963,8,,,1,102,,212964,8,,,1,100,,212965,8,,,1,100,,212966,8,,,1,100,,212967,8,,,1,100,,212968,8,,,1,100,,212969,8,,,1,103,,212970,8,,,1,205,,212971,8,,,1,205,,212972,8,,,1,205,,212973,8,,,1
9201,'20260730',417,,212974,8,,,1,25,,212975,8,,,1,97,,212976,8,,,1,95,,212979,8,,,1,100,,212980,8,,,1,100,,212982,8,,,1,100,,212983,8,,,1,100,,212984,8,,,1,100,,212985,8,,,1,102,,212986,8,,,1,100,,212987,8,,,1,100,,212988,8,,,1,100,,212989,8,,,1,100,,212990,8,,,1,100,,212991,8,,,1,103,,212992,8,,,1,205,,212993,8,,,1,205,,212994,8,,,1,205,,212995,8,,,1
9201,'20260731',417,,212996,8,,,1,25,,212997,8,,,1,97,,212998,8,,,1,95,,213001,8,,,1,100,,213002,8,,,1,100,,213004,8,,,1,100,,213005,8,,,1,100,,213006,8,,,1,100,,213007,8,,,1,102,,213008,8,,,1,100,,213009,8,,,1,100,,213010,8,,,1,100,,213011,8,,,1,100,,213012,8,,,1,100,,213013,8,,,1,103,,213014,8,,,1,205,,213015,8,,,1,205,,213016,8,,,1,205,,213017,8,,,1
9201,'20260801',534,,213018,8,,,1,100,,213019,8,,,1,100,,213020,8,,,1,95,,213021,8,,,1,95,,213022,8,,,1,95,,213023,8,,,1,95,,213024,8,,,1,100,,213025,8,,,1,100,,213026,8,,,1,100,,213027,8,,,1,105,,213028,8,,,1,105,,213029,8,,,1,100,,213030,8,,,1,100,,213031,8,,,1,110,,213032,8,,,1,205,,213033,8,,,1,200,,213034,8,,,1
9201,'20260802',534,,213035,8,,,1,100,,213036,8,,,1,100,,213037,8,,,1,95,,213038,8,,,1,95,,213039,8,,,1,95,,213040,8,,,1,95,,213041,8,,,1,100,,213042,8,,,1,100,,213043,8,,,1,100,,213044,8,,,1,105,,213045,8,,,1,105,,213046,8,,,1,100,,213047,8,,,1,100,,213048,8,,,1,110,,213049,8,,,1,205,,213050,8,,,1,200,,213051,8,,,1
9201,'20260803',534,,213052,8,,,1,100,,213053,8,,,1,100,,213054,8,,,1,95,,213055,8,,,1,95,,213056,8,,,1,95,,213057,8,,,1,95,,213058,8,,,1,100,,213059,8,,,1,100,,213060,8,,,1,100,,213061,8,,,1,105,,213062,8,,,1,105,,213063,8,,,1,100,,213064,8,,,1,100,,213065,8,,,1,110,,213066,8,,,1,205,,213067,8,,,1,200,,213068,8,,,1
9201,'20260804',417,,213069,8,,,1,25,,213070,8,,,1,97,,213071,8,,,1,95,,213074,8,,,1,100,,213075,8,,,1,100,,213077,8,,,1,100,,213078,8,,,1,100,,213079,8,,,1,100,,213080,8,,,1,102,,213081,8,,,1,100,,213082,8,,,1,100,,213083,8,,,1,100,,213084,8,,,1,100,,213085,8,,,1,100,,213086,8,,,1,103,,213087,8,,,1,205,,213088,8,,,1,205,,213089,8,,,1,205,,213090,8,,,1
9201,'20260805',417,,213091,8,,,1,25,,213092,8,,,1,97,,213093,8,,,1,95,,213096,8,,,1,100,,213097,8,,,1,100,,213099,8,,,1,100,,213100,8,,,1,100,,213101,8,,,1,100,,213102,8,,,1,102,,213103,8,,,1,100,,213104,8,,,1,100,,213105,8,,,1,100,,213106,8,,,1,100,,213107,8,,,1,100,,213108,8,,,1,103,,213109,8,,,1,205,,213110,8,,,1,205,,213111,8,,,1,205,,213112,8,,,1
9201,'20260806',417,,213113,8,,,1,25,,213114,8,,,1,97,,213115,8,,,1,95,,213118,8,,,1,100,,213119,8,,,1,100,,213121,8,,,1,100,,213122,8,,,1,100,,213123,8,,,1,100,,213124,8,,,1,102,,213125,8,,,1,100,,213126,8,,,1,100,,213127,8,,,1,100,,213128,8,,,1,100,,213129,8,,,1,100,,213130,8,,,1,103,,213131,8,,,1,205,,213132,8,,,1,205,,213133,8,,,1,205,,213134,8,,,1
9201,'20260807',417,,213135,8,,,1,25,,213136,8,,,1,97,,213137,8,,,1,95,,213140,8,,,1,100,,213141,8,,,1,100,,213143,8,,,1,100,,213144,8,,,1,100,,213145,8,,,1,100,,213146,8,,,1,102,,213147,8,,,1,100,,213148,8,,,1,100,,213149,8,,,1,100,,213150,8,,,1,100,,213151,8,,,1,100,,213152,8,,,1,103,,213153,8,,,1,205,,213154,8,,,1,205,,213155,8,,,1,205,,213156,8,,,1
9201,'20260808',534,,213157,8,,,1,100,,213158,8,,,1,100,,213159,8,,,1,95,,213160,8,,,1,95,,213161,8,,,1,95,,213162,8,,,1,95,,213163,8,,,1,100,,213164,8,,,1,100,,213165,8,,,1,100,,213166,8,,,1,105,,213167,8,,,1,105,,213168,8,,,1,100,,213169,8,,,1,100,,213170,8,,,1,110,,213171,8,,,1,205,,213172,8,,,1,200,,213173,8,,,1
9201,'20260809',534,,213174,8,,,1,100,,213175,8,,,1,100,,213176,8,,,1,95,,213177,8,,,1,95,,213178,8,,,1,95,,213179,8,,,1,95,,213180,8,,,1,100,,213181,8,,,1,100,,213182,8,,,1,100,,213183,8,,,1,105,,213184,8,,,1,105,,213185,8,,,1,100,,213186,8,,,1,100,,213187,8,,,1,110,,213188,8,,,1,205,,213189,8,,,1,200,,213190,8,,,1
9201,'20260810',417,,213191,8,,,1,25,,213192,8,,,1,97,,213193,8,,,1,95,,213196,8,,,1,100,,213197,8,,,1,100,,213199,8,,,1,100,,213200,8,,,1,100,,213201,8,,,1,100,,213202,8,,,1,102,,213203,8,,,1,100,,213204,8,,,1,100,,213205,8,,,1,100,,213206,8,,,1,100,,213207,8,,,1,100,,213208,8,,,1,103,,213209,8,,,1,205,,213210,8,,,1,205,,213211,8,,,1,205,,213212,8,,,1
9201,'20260811',417,,213213,8,,,1,25,,213214,8,,,1,97,,213215,8,,,1,95,,213218,8,,,1,100,,213219,8,,,1,100,,213221,8,,,1,100,,213222,8,,,1,100,,213223,8,,,1,100,,213224,8,,,1,102,,213225,8,,,1,100,,213226,8,,,1,100,,213227,8,,,1,100,,213228,8,,,1,100,,213229,8,,,1,100,,213230,8,,,1,103,,213231,8,,,1,205,,213232,8,,,1,205,,213233,8,,,1,205,,213234,8,,,1
9201,'20260812',417,,213235,8,,,1,25,,213236,8,,,1,97,,213237,8,,,1,95,,213240,8,,,1,100,,213241,8,,,1,100,,213243,8,,,1,100,,213244,8,,,1,100,,213245,8,,,1,100,,213246,8,,,1,102,,213247,8,,,1,100,,213248,8,,,1,100,,213249,8,,,1,100,,213250,8,,,1,100,,213251,8,,,1,100,,213252,8,,,1,103,,213253,8,,,1,205,,213254,8,,,1,205,,213255,8,,,1,205,,213256,8,,,1
9201,'20260813',417,,213257,8,,,1,25,,213258,8,,,1,97,,213259,8,,,1,95,,213262,8,,,1,100,,213263,8,,,1,100,,213265,8,,,1,100,,213266,8,,,1,100,,213267,8,,,1,100,,213268,8,,,1,102,,213269,8,,,1,100,,213270,8,,,1,100,,213271,8,,,1,100,,213272,8,,,1,100,,213273,8,,,1,100,,213274,8,,,1,103,,213275,8,,,1,205,,213276,8,,,1,205,,213277,8,,,1,205,,213278,8,,,1
9201,'20260814',417,,213279,8,,,1,25,,213280,8,,,1,97,,213281,8,,,1,95,,213284,8,,,1,100,,213285,8,,,1,100,,213287,8,,,1,100,,213288,8,,,1,100,,213289,8,,,1,100,,213290,8,,,1,102,,213291,8,,,1,100,,213292,8,,,1,100,,213293,8,,,1,100,,213294,8,,,1,100,,213295,8,,,1,100,,213296,8,,,1,103,,213297,8,,,1,205,,213298,8,,,1,205,,213299,8,,,1,205,,213300,8,,,1
9201,'20260815',534,,213301,8,,,1,100,,213302,8,,,1,100,,213303,8,,,1,95,,213304,8,,,1,95,,213305,8,,,1,95,,213306,8,,,1,95,,213307,8,,,1,100,,213308,8,,,1,100,,213309,8,,,1,100,,213310,8,,,1,105,,213311,8,,,1,105,,213312,8,,,1,100,,213313,8,,,1,100,,213314,8,,,1,110,,213315,8,,,1,205,,213316,8,,,1,200,,213317,8,,,1
9201,'20260816',534,,213318,8,,,1,100,,213319,8,,,1,100,,213320,8,,,1,95,,213321,8,,,1,95,,213322,8,,,1,95,,213323,8,,,1,95,,213324,8,,,1,100,,213325,8,,,1,100,,213326,8,,,1,100,,213327,8,,,1,105,,213328,8,,,1,105,,213329,8,,,1,100,,213330,8,,,1,100,,213331,8,,,1,110,,213332,8,,,1,205,,213333,8,,,1,200,,213334,8,,,1
9201,'20260817',417,,213335,8,,,1,25,,213336,8,,,1,97,,213337,8,,,1,95,,213340,8,,,1,100,,213341,8,,,1,100,,213343,8,,,1,100,,213344,8,,,1,100,,213345,8,,,1,100,,213346,8,,,1,102,,213347,8,,,1,100,,213348,8,,,1,100,,213349,8,,,1,100,,213350,8,,,1,100,,213351,8,,,1,100,,213352,8,,,1,103,,213353,8,,,1,205,,213354,8,,,1,205,,213355,8,,,1,205,,213356,8,,,1
9201,'20260818',417,,213357,8,,,1,25,,213358,8,,,1,97,,213359,8,,,1,95,,213362,8,,,1,100,,213363,8,,,1,100,,213365,8,,,1,100,,213366,8,,,1,100,,213367,8,,,1,100,,213368,8,,,1,102,,213369,8,,,1,100,,213370,8,,,1,100,,213371,8,,,1,100,,213372,8,,,1,100,,213373,8,,,1,100,,213374,8,,,1,103,,213375,8,,,1,205,,213376,8,,,1,205,,213377,8,,,1,205,,213378,8,,,1
9201,'20260819',417,,213379,8,,,1,25,,213380,8,,,1,97,,213381,8,,,1,95,,213384,8,,,1,100,,213385,8,,,1,100,,213387,8,,,1,100,,213388,8,,,1,100,,213389,8,,,1,100,,213390,8,,,1,102,,213391,8,,,1,100,,213392,8,,,1,100,,213393,8,,,1,100,,213394,8,,,1,100,,213395,8,,,1,100,,213396,8,,,1,103,,213397,8,,,1,205,,213398,8,,,1,205,,213399,8,,,1,205,,213400,8,,,1
9201,'20260820',417,,213401,8,,,1,25,,213402,8,,,1,97,,213403,8,,,1,95,,213406,8,,,1,100,,213407,8,,,1,100,,213409,8,,,1,100,,213410,8,,,1,100,,213411,8,,,1,100,,213412,8,,,1,102,,213413,8,,,1,100,,213414,8,,,1,100,,213415,8,,,1,100,,213416,8,,,1,100,,213417,8,,,1,100,,213418,8,,,1,103,,213419,8,,,1,205,,213420,8,,,1,205,,213421,8,,,1,205,,213422,8,,,1
9201,'20260821',417,,213423,8,,,1,25,,213424,8,,,1,97,,213425,8,,,1,95,,213428,8,,,1,100,,213429,8,,,1,100,,213431,8,,,1,100,,213432,8,,,1,100,,213433,8,,,1,100,,213434,8,,,1,102,,213435,8,,,1,100,,213436,8,,,1,100,,213437,8,,,1,100,,213438,8,,,1,100,,213439,8,,,1,100,,213440,8,,,1,103,,213441,8,,,1,205,,213442,8,,,1,205,,213443,8,,,1,205,,213444,8,,,1
9201,'20260822',534,,213445,8,,,1,100,,213446,8,,,1,100,,213447,8,,,1,95,,213448,8,,,1,95,,213449,8,,,1,95,,213450,8,,,1,95,,213451,8,,,1,100,,213452,8,,,1,100,,213453,8,,,1,100,,213454,8,,,1,105,,213455,8,,,1,105,,213456,8,,,1,100,,213457,8,,,1,100,,213458,8,,,1,110,,213459,8,,,1,205,,213460,8,,,1,200,,213461,8,,,1
9201,'20260823',534,,213462,8,,,1,100,,213463,8,,,1,100,,213464,8,,,1,95,,213465,8,,,1,95,,213466,8,,,1,95,,213467,8,,,1,95,,213468,8,,,1,100,,213469,8,,,1,100,,213470,8,,,1,100,,213471,8,,,1,105,,213472,8,,,1,105,,213473,8,,,1,100,,213474,8,,,1,100,,213475,8,,,1,110,,213476,8,,,1,205,,213477,8,,,1,200,,213478,8,,,1
9201,'20260824',417,,213479,8,,,1,25,,213480,8,,,1,97,,213481,8,,,1,95,,213484,8,,,1,100,,213485,8,,,1,100,,213487,8,,,1,100,,213488,8,,,1,100,,213489,8,,,1,100,,213490,8,,,1,102,,213491,8,,,1,100,,213492,8,,,1,100,,213493,8,,,1,100,,213494,8,,,1,100,,213495,8,,,1,100,,213496,8,,,1,103,,213497,8,,,1,205,,213498,8,,,1,205,,213499,8,,,1,205,,213500,8,,,1
9201,'20260825',417,,213501,8,,,1,25,,213502,8,,,1,97,,213503,8,,,1,95,,213506,8,,,1,100,,213507,8,,,1,100,,213509,8,,,1,100,,213510,8,,,1,100,,213511,8,,,1,100,,213512,8,,,1,102,,213513,8,,,1,100,,213514,8,,,1,100,,213515,8,,,1,100,,213516,8,,,1,100,,213517,8,,,1,100,,213518,8,,,1,103,,213519,8,,,1,205,,213520,8,,,1,205,,213521,8,,,1,205,,213522,8,,,1
9201,'20260826',417,,213523,8,,,1,25,,213524,8,,,1,97,,213525,8,,,1,95,,213528,8,,,1,100,,213529,8,,,1,100,,213531,8,,,1,100,,213532,8,,,1,100,,213533,8,,,1,100,,213534,8,,,1,102,,213535,8,,,1,100,,213536,8,,,1,100,,213537,8,,,1,100,,213538,8,,,1,100,,213539,8,,,1,100,,213540,8,,,1,103,,213541,8,,,1,205,,213542,8,,,1,205,,213543,8,,,1,205,,213544,8,,,1
9201,'20260827',417,,213545,8,,,1,25,,213546,8,,,1,97,,213547,8,,,1,95,,213550,8,,,1,100,,213551,8,,,1,100,,213553,8,,,1,100,,213554,8,,,1,100,,213555,8,,,1,100,,213556,8,,,1,102,,213557,8,,,1,100,,213558,8,,,1,100,,213559,8,,,1,100,,213560,8,,,1,100,,213561,8,,,1,100,,213562,8,,,1,103,,213563,8,,,1,205,,213564,8,,,1,205,,213565,8,,,1,205,,213566,8,,,1
9201,'20260828',417,,213567,8,,,1,25,,213568,8,,,1,97,,213569,8,,,1,95,,213572,8,,,1,100,,213573,8,,,1,100,,213575,8,,,1,100,,213576,8,,,1,100,,213577,8,,,1,100,,213578,8,,,1,102,,213579,8,,,1,100,,213580,8,,,1,100,,213581,8,,,1,100,,213582,8,,,1,100,,213583,8,,,1,100,,213584,8,,,1,103,,213585,8,,,1,205,,213586,8,,,1,205,,213587,8,,,1,205,,213588,8,,,1
9201,'20260829',534,,213589,8,,,1,100,,213590,8,,,1,100,,213591,8,,,1,95,,213592,8,,,1,95,,213593,8,,,1,95,,213594,8,,,1,95,,213595,8,,,1,100,,213596,8,,,1,100,,213597,8,,,1,100,,213598,8,,,1,105,,213599,8,,,1,105,,213600,8,,,1,100,,213601,8,,,1,100,,213602,8,,,1,110,,213603,8,,,1,205,,213604,8,,,1,200,,213605,8,,,1
9201,'20260830',534,,213606,8,,,1,100,,213607,8,,,1,100,,213608,8,,,1,95,,213609,8,,,1,95,,213610,8,,,1,95,,213611,8,,,1,95,,213612,8,,,1,100,,213613,8,,,1,100,,213614,8,,,1,100,,213615,8,,,1,105,,213616,8,,,1,105,,213617,8,,,1,100,,213618,8,,,1,100,,213619,8,,,1,110,,213620,8,,,1,205,,213621,8,,,1,200,,213622,8,,,1
9201,'20260831',417,,213623,8,,,1,25,,213624,8,,,1,97,,213625,8,,,1,95,,213628,8,,,1,100,,213629,8,,,1,100,,213631,8,,,1,100,,213632,8,,,1,100,,213633,8,,,1,100,,213634,8,,,1,102,,213635,8,,,1,100,,213636,8,,,1,100,,213637,8,,,1,100,,213638,8,,,1,100,,213639,8,,,1,100,,213640,8,,,1,103,,213641,8,,,1,205,,213642,8,,,1,205,,213643,8,,,1,205,,213644,8,,,1
9201,'20260901',417,,213645,8,,,1,25,,213646,8,,,1,97,,213647,8,,,1,95,,213650,8,,,1,100,,213651,8,,,1,100,,213653,8,,,1,100,,213654,8,,,1,100,,213655,8,,,1,100,,213656,8,,,1,102,,213657,8,,,1,100,,213658,8,,,1,100,,213659,8,,,1,100,,213660,8,,,1,100,,213661,8,,,1,100,,213662,8,,,1,103,,213663,8,,,1,205,,213664,8,,,1,205,,213665,8,,,1,205,,213666,8,,,1
9201,'20260902',417,,213667,8,,,1,25,,213668,8,,,1,97,,213669,8,,,1,95,,213672,8,,,1,100,,213673,8,,,1,100,,213675,8,,,1,100,,213676,8,,,1,100,,213677,8,,,1,100,,213678,8,,,1,102,,213679,8,,,1,100,,213680,8,,,1,100,,213681,8,,,1,100,,213682,8,,,1,100,,213683,8,,,1,100,,213684,8,,,1,103,,213685,8,,,1,205,,213686,8,,,1,205,,213687,8,,,1,205,,213688,8,,,1
9201,'20260903',417,,213689,8,,,1,25,,213690,8,,,1,97,,213691,8,,,1,95,,213694,8,,,1,100,,213695,8,,,1,100,,213697,8,,,1,100,,213698,8,,,1,100,,213699,8,,,1,100,,213700,8,,,1,102,,213701,8,,,1,100,,213702,8,,,1,100,,213703,8,,,1,100,,213704,8,,,1,100,,213705,8,,,1,100,,213706,8,,,1,103,,213707,8,,,1,205,,213708,8,,,1,205,,213709,8,,,1,205,,213710,8,,,1
9201,'20260904',417,,213711,8,,,1,25,,213712,8,,,1,97,,213713,8,,,1,95,,213716,8,,,1,100,,213717,8,,,1,100,,213719,8,,,1,100,,213720,8,,,1,100,,213721,8,,,1,100,,213722,8,,,1,102,,213723,8,,,1,100,,213724,8,,,1,100,,213725,8,,,1,100,,213726,8,,,1,100,,213727,8,,,1,100,,213728,8,,,1,103,,213729,8,,,1,205,,213730,8,,,1,205,,213731,8,,,1,205,,213732,8,,,1
