6500,'20260506',2458,,109672,9,0,16 16 26 9,1,200,,109673,9,0,16 16 26 9,1
6500,'20260507',2458,,109676,9,0,16 16 26 9,1,200,,109677,9,0,16 16 26 9,1
6500,'20260508',2458,,109680,9,0,16 16 26 9,1,200,,109681,9,0,16 16 26 9,1
6500,'20260509',2418,,109683,9,0,16 16 26 9,1,85,,109684,9,0,16 16 26 9,1,100,,109685,9,0,16 16 26 9,1,55,,109686,9,0,16 16 26 9,1
6500,'20260510',2418,,109688,9,0,16 16 26 9,1,85,,109689,9,0,16 16 26 9,1,155,,109690,9,0,16 16 26 9,1
6500,'20260511',2458,,109693,9,0,16 16 26 9,1,200,,109694,9,0,16 16 26 9,1
6500,'20260512',2458,,109697,9,0,16 16 26 9,1,200,,109698,9,0,16 16 26 9,1
6500,'20260513',2458,,109701,9,0,16 16 26 9,1,200,,109702,9,0,16 16 26 9,1
6500,'20260514',2458,,109705,9,0,16 16 26 9,1,200,,109706,9,0,16 16 26 9,1
6500,'20260515',2458,,109709,9,0,16 16 26 9,1,200,,109710,9,0,16 16 26 9,1
6500,'20260516',2418,,109712,9,0,16 16 26 9,1,85,,109713,9,0,16 16 26 9,1,100,,109714,9,0,16 16 26 9,1,55,,109715,9,0,16 16 26 9,1
6500,'20260517',2418,,109717,9,0,16 16 26 9,1,85,,109718,9,0,16 16 26 9,1,155,,109719,9,0,16 16 26 9,1
6500,'20260518',2418,,109721,9,0,16 16 26 9,1,85,,109722,9,0,16 16 26 9,1,100,,109723,9,0,16 16 26 9,1,55,,109724,9,0,16 16 26 9,1
6500,'20260519',2458,,109727,9,0,16 16 26 9,1,200,,109728,9,0,16 16 26 9,1
6500,'20260520',2458,,109731,9,0,16 16 26 9,1,200,,109732,9,0,16 16 26 9,1
6500,'20260521',2458,,109735,9,0,16 16 26 9,1,200,,109736,9,0,16 16 26 9,1
6500,'20260522',2458,,109739,9,0,16 16 26 9,1,200,,109740,9,0,16 16 26 9,1
6500,'20260523',906,,119821,9,0,68 16 26 9,1,115,,119822,9,0,53 88 9,1,95,,119824,9,0,53 88 9,1,90,,119826,9,0,68 16 26 9,1,115,,119827,9,0,53 88 9,1,95,,119829,9,0,53 88 9,1,90,,119831,9,0,68 16 26 9,1,110,,119832,9,0,53 88 9,1,105,,119834,9,0,53 88 9,1,80,,119836,9,0,68 16 26 9,1,120,,119837,9,0,53 88 9,1,95,,119839,9,0,53 88 9,1,90,,119841,9,0,68 16 26 9,1,130,,119842,9,0,53 88 9,1,70,,119843,9,0,68 16 26 9,1,112,,109742,9,0,16 16 26 9,1,85,,109743,9,0,16 16 26 9,1,100,,109744,9,0,16 16 26 9,1,55,,109745,9,0,16 16 26 9,1
6500,'20260524',906,,119844,9,0,68 16 26 9,1,115,,119845,9,0,53 88 9,1,95,,119847,9,0,53 88 9,1,90,,119849,9,0,68 16 26 9,1,115,,119850,9,0,53 88 9,1,95,,119852,9,0,53 88 9,1,90,,119854,9,0,68 16 26 9,1,110,,119855,9,0,53 88 9,1,105,,119857,9,0,53 88 9,1,80,,119859,9,0,68 16 26 9,1,120,,119860,9,0,53 88 9,1,95,,119862,9,0,53 88 9,1,90,,119864,9,0,68 16 26 9,1,130,,119865,9,0,53 88 9,1,70,,119866,9,0,68 16 26 9,1,112,,109747,9,0,16 16 26 9,1,85,,109748,9,0,16 16 26 9,1,155,,109749,9,0,16 16 26 9,1
6500,'20260525',1346,,119867,5,0,77 88 9,1,775,,119868,9,0,57 88 9,1,337,,109752,9,0,16 16 26 9,1,200,,109753,9,0,16 16 26 9,1
6500,'20260526',2458,,109756,9,0,16 16 26 9,1,200,,109757,9,0,16 16 26 9,1
6500,'20260527',2458,,109760,9,0,16 16 26 9,1,200,,109761,9,0,16 16 26 9,1
6500,'20260528',2458,,109764,9,0,16 16 26 9,1,200,,109765,9,0,16 16 26 9,1
6500,'20260529',2458,,109768,9,0,16 16 26 9,1,200,,109769,9,0,16 16 26 9,1
6500,'20260530',2418,,109771,9,0,16 16 26 9,1,85,,109772,9,0,16 16 26 9,1,100,,109773,9,0,16 16 26 9,1,55,,109774,9,0,16 16 26 9,1
6500,'20260531',2418,,109776,9,0,16 16 26 9,1,85,,109777,9,0,16 16 26 9,1,155,,109778,9,0,16 16 26 9,1
6500,'20260601',2458,,109781,9,0,16 16 26 9,1,200,,109782,9,0,16 16 26 9,1
6500,'20260602',2458,,109785,9,0,16 16 26 9,1,200,,109786,9,0,16 16 26 9,1
6500,'20260603',2458,,109789,9,0,16 16 26 9,1,200,,109790,9,0,16 16 26 9,1
6500,'20260604',2458,,109793,9,0,16 16 26 9,1,200,,109794,9,0,16 16 26 9,1
6500,'20260605',2458,,109797,9,0,16 16 26 9,1,200,,109798,9,0,16 16 26 9,1
6500,'20260606',2418,,109800,9,0,16 16 26 9,1,85,,109801,9,0,16 16 26 9,1,100,,109802,9,0,16 16 26 9,1,55,,109803,9,0,16 16 26 9,1
6500,'20260607',2418,,109805,9,0,16 16 26 9,1,85,,109806,9,0,16 16 26 9,1,155,,109807,9,0,16 16 26 9,1
6500,'20260608',2458,,109810,9,0,16 16 26 9,1,200,,109811,9,0,16 16 26 9,1
6500,'20260609',2458,,109814,9,0,16 16 26 9,1,200,,109815,9,0,16 16 26 9,1
6500,'20260610',2458,,109818,9,0,16 16 26 9,1,200,,109819,9,0,16 16 26 9,1
6500,'20260611',2458,,109822,9,0,16 16 26 9,1,200,,109823,9,0,16 16 26 9,1
6500,'20260612',2458,,109826,9,0,16 16 26 9,1,200,,109827,9,0,16 16 26 9,1
6800,'20260523',951,,119918,9,0,53 27 28 9,1,305,,119920,9,0,53 27 28 9,1,300,,119922,9,0,53 27 28 9,1,300,,119924,9,0,53 27 28 9,1,295,,119926,9,0,53 27 28 9,1,200,,119928,9,0,53 27 28 9,1
6800,'20260524',951,,119931,9,0,53 27 28 9,1,305,,119933,9,0,53 27 28 9,1,300,,119935,9,0,53 27 28 9,1,300,,119937,9,0,53 27 28 9,1,295,,119939,9,0,53 27 28 9,1,200,,119941,9,0,53 27 28 9,1
