1800,'20260707',2245,,133450,6,0,16 29 30,1,100,,133451,6,0,16 29 30,1
1800,'20260708',2245,,133454,6,0,16 29 30,1,100,,133455,6,0,16 29 30,1
1800,'20260709',2245,,133458,6,0,16 29 30,1,100,,133459,6,0,16 29 30,1
1800,'20260711',547,,133463,13,0,68 29 30,1,68,,133464,13,0,68 29 30,1,25,,133465,13,0,68 29 30,1,70,,133466,13,0,7 29 30,1
1800,'20260712',547,,133475,13,0,68 29 30,1,68,,133476,13,0,68 29 30,1,25,,133477,13,0,68 29 30,1,70,,133478,13,0,7 29 30,1,1628,,133486,6,0,16 29 30,1
1800,'20260713',2245,,133489,6,0,16 29 30,1,100,,133490,6,0,16 29 30,1
1800,'20260714',2245,,133493,6,0,16 29 30,1,100,,133494,6,0,16 29 30,1
1800,'20260715',2245,,133497,6,0,16 29 30,1,100,,133498,6,0,16 29 30,1
1800,'20260716',2245,,133501,6,0,16 29 30,1,100,,133502,6,0,16 29 30,1
1800,'20260718',547,,133506,13,0,68 29 30,1,68,,133507,13,0,68 29 30,1,25,,133508,13,0,68 29 30,1,70,,133509,13,0,7 29 30,1
1800,'20260719',547,,133518,13,0,68 29 30,1,68,,133519,13,0,68 29 30,1,25,,133520,13,0,68 29 30,1,70,,133521,13,0,7 29 30,1,1628,,133529,6,0,16 29 30,1
1800,'20260720',2245,,133532,6,0,16 29 30,1,100,,133533,6,0,16 29 30,1
1800,'20260721',2245,,133536,6,0,16 29 30,1,100,,133537,6,0,16 29 30,1
1800,'20260722',2245,,133540,6,0,16 29 30,1,100,,133541,6,0,16 29 30,1
1800,'20260723',2245,,133544,6,0,16 29 30,1,100,,133545,6,0,16 29 30,1
1800,'20260725',547,,133549,13,0,68 29 30,1,68,,133550,13,0,68 29 30,1,25,,133551,13,0,68 29 30,1,70,,133552,13,0,7 29 30,1
1800,'20260726',547,,133561,13,0,68 29 30,1,68,,133562,13,0,68 29 30,1,25,,133563,13,0,68 29 30,1,70,,133564,13,0,7 29 30,1,1628,,133572,6,0,16 29 30,1
1800,'20260727',2245,,133575,6,0,16 29 30,1,100,,133576,6,0,16 29 30,1
1800,'20260728',2245,,133579,6,0,16 29 30,1,100,,133580,6,0,16 29 30,1
1800,'20260729',2245,,133583,6,0,16 29 30,1,100,,133584,6,0,16 29 30,1
1800,'20260730',2245,,133587,6,0,16 29 30,1,100,,133588,6,0,16 29 30,1
1800,'20260801',547,,133592,13,0,68 29 30,1,68,,133593,13,0,68 29 30,1,25,,133594,13,0,68 29 30,1,70,,133595,13,0,7 29 30,1
1800,'20260802',547,,133604,13,0,68 29 30,1,68,,133605,13,0,68 29 30,1,25,,133606,13,0,68 29 30,1,70,,133607,13,0,7 29 30,1,1628,,133615,6,0,16 29 30,1
1800,'20260803',547,,133617,13,0,68 29 30,1,68,,133618,13,0,68 29 30,1,25,,133619,13,0,68 29 30,1,70,,133620,13,0,7 29 30,1
1800,'20260804',2245,,133630,6,0,16 29 30,1,100,,133631,6,0,16 29 30,1
1800,'20260805',2245,,133634,6,0,16 29 30,1,100,,133635,6,0,16 29 30,1
1800,'20260806',2245,,133638,6,0,16 29 30,1,100,,133639,6,0,16 29 30,1
1800,'20260808',547,,133643,13,0,68 29 30,1,68,,133644,13,0,68 29 30,1,25,,133645,13,0,68 29 30,1,70,,133646,13,0,7 29 30,1
1800,'20260809',547,,133655,13,0,68 29 30,1,68,,133656,13,0,68 29 30,1,25,,133657,13,0,68 29 30,1,70,,133658,13,0,7 29 30,1,1628,,133666,6,0,16 29 30,1
1800,'20260810',2245,,133669,6,0,16 29 30,1,100,,133670,6,0,16 29 30,1
1800,'20260811',2245,,133673,6,0,16 29 30,1,100,,133674,6,0,16 29 30,1
1800,'20260812',2245,,133677,6,0,16 29 30,1,100,,133678,6,0,16 29 30,1
1800,'20260813',2245,,133681,6,0,16 29 30,1,100,,133682,6,0,16 29 30,1
1800,'20260815',547,,133686,13,0,68 29 30,1,68,,133687,13,0,68 29 30,1,25,,133688,13,0,68 29 30,1,70,,133689,13,0,7 29 30,1
1800,'20260816',547,,133698,13,0,68 29 30,1,68,,133699,13,0,68 29 30,1,25,,133700,13,0,68 29 30,1,70,,133701,13,0,7 29 30,1,1628,,133709,6,0,16 29 30,1
1800,'20260817',2245,,133712,6,0,16 29 30,1,100,,133713,6,0,16 29 30,1
1800,'20260818',2245,,133716,6,0,16 29 30,1,100,,133717,6,0,16 29 30,1
1800,'20260819',2245,,133720,6,0,16 29 30,1,100,,133721,6,0,16 29 30,1
1800,'20260820',2245,,133724,6,0,16 29 30,1,100,,133725,6,0,16 29 30,1
1800,'20260822',547,,133729,13,0,68 29 30,1,68,,133730,13,0,68 29 30,1,25,,133731,13,0,68 29 30,1,70,,133732,13,0,7 29 30,1
1800,'20260823',547,,133741,13,0,68 29 30,1,68,,133742,13,0,68 29 30,1,25,,133743,13,0,68 29 30,1,70,,133744,13,0,7 29 30,1,1628,,133752,6,0,16 29 30,1
1800,'20260824',2245,,133755,6,0,16 29 30,1,100,,133756,6,0,16 29 30,1
1800,'20260825',2245,,133759,6,0,16 29 30,1,100,,133760,6,0,16 29 30,1
1800,'20260826',2245,,133763,6,0,16 29 30,1,100,,133764,6,0,16 29 30,1
1800,'20260827',2245,,133767,6,0,16 29 30,1,100,,133768,6,0,16 29 30,1
1800,'20260829',547,,133772,13,0,68 29 30,1,68,,133773,13,0,68 29 30,1,25,,133774,13,0,68 29 30,1,70,,133775,13,0,7 29 30,1
1800,'20260830',547,,133784,13,0,68 29 30,1,68,,133785,13,0,68 29 30,1,25,,133786,13,0,68 29 30,1,70,,133787,13,0,7 29 30,1,1628,,133795,6,0,16 29 30,1
1800,'20260831',2245,,133798,6,0,16 29 30,1,100,,133799,6,0,16 29 30,1
1800,'20260901',2245,,133802,6,0,16 29 30,1,100,,133803,6,0,16 29 30,1
1800,'20260902',2245,,133806,6,0,16 29 30,1,100,,133807,6,0,16 29 30,1
1800,'20260903',2245,,133810,6,0,16 29 30,1,100,,133811,6,0,16 29 30,1
1801,'20260707',632,,134115,6,0,31 38 9,1,1896,,134121,4,0,57 38 9,1,80,,134123,6,0,68 71 72 9,1,127,,134124,6,0,31 38 9,1
1801,'20260708',632,,134125,6,0,31 38 9,1,1896,,134131,4,0,57 38 9,1,80,,134133,6,0,68 71 72 9,1,127,,134134,6,0,31 38 9,1
1801,'20260709',632,,134135,6,0,31 38 9,1,1896,,134141,4,0,57 38 9,1,80,,134143,6,0,68 71 72 9,1,127,,134144,6,0,31 38 9,1
1801,'20260710',632,,134145,6,0,31 38 9,1,1996,,134152,4,0,57 38 9,1,107,,134153,6,0,31 38 9,1
1801,'20260711',750,,134154,6,0,68 71 72 9,1,75,,134155,6,0,68 71 72 9,1,30,,134156,6,0,68 71 72 9,1,55,,134157,4,0,7 71 72 9,1,1729,,134169,4,0,57 38 9,1,91,,134171,4,0,57 38 9,1
1801,'20260712',750,,134172,6,0,68 71 72 9,1,75,,134173,6,0,68 71 72 9,1,30,,134174,6,0,68 71 72 9,1,55,,134175,4,0,7 71 72 9,1,1700,,134186,6,0,68 71 72 9,1,120,,134187,6,0,31 38 9,1
1801,'20260713',632,,134188,6,0,31 38 9,1,1896,,134194,4,0,57 38 9,1,80,,134196,6,0,68 71 72 9,1,127,,134197,6,0,31 38 9,1
1801,'20260714',632,,134198,6,0,31 38 9,1,1896,,134204,4,0,57 38 9,1,80,,134206,6,0,68 71 72 9,1,127,,134207,6,0,31 38 9,1
1801,'20260715',632,,134208,6,0,31 38 9,1,1896,,134214,4,0,57 38 9,1,80,,134216,6,0,68 71 72 9,1,127,,134217,6,0,31 38 9,1
1801,'20260716',632,,134218,6,0,31 38 9,1,1896,,134224,4,0,57 38 9,1,80,,134226,6,0,68 71 72 9,1,127,,134227,6,0,31 38 9,1
1801,'20260717',632,,134228,6,0,31 38 9,1,1996,,134235,4,0,57 38 9,1,107,,134236,6,0,31 38 9,1
1801,'20260718',750,,134237,6,0,68 71 72 9,1,75,,134238,6,0,68 71 72 9,1,30,,134239,6,0,68 71 72 9,1,55,,134240,4,0,7 71 72 9,1,1729,,134252,4,0,57 38 9,1,91,,134254,4,0,57 38 9,1
1801,'20260719',750,,134255,6,0,68 71 72 9,1,75,,134256,6,0,68 71 72 9,1,30,,134257,6,0,68 71 72 9,1,55,,134258,4,0,7 71 72 9,1,1700,,134269,6,0,68 71 72 9,1,120,,134270,6,0,31 38 9,1
1801,'20260720',632,,134271,6,0,31 38 9,1,1896,,134277,4,0,57 38 9,1,80,,134279,6,0,68 71 72 9,1,127,,134280,6,0,31 38 9,1
1801,'20260721',632,,134281,6,0,31 38 9,1,1896,,134287,4,0,57 38 9,1,80,,134289,6,0,68 71 72 9,1,127,,134290,6,0,31 38 9,1
1801,'20260722',632,,134291,6,0,31 38 9,1,1896,,134297,4,0,57 38 9,1,80,,134299,6,0,68 71 72 9,1,127,,134300,6,0,31 38 9,1
1801,'20260723',632,,134301,6,0,31 38 9,1,1896,,134307,4,0,57 38 9,1,80,,134309,6,0,68 71 72 9,1,127,,134310,6,0,31 38 9,1
1801,'20260724',632,,134311,6,0,31 38 9,1,1996,,134318,4,0,57 38 9,1,107,,134319,6,0,31 38 9,1
1801,'20260725',750,,134320,6,0,68 71 72 9,1,75,,134321,6,0,68 71 72 9,1,30,,134322,6,0,68 71 72 9,1,55,,134323,4,0,7 71 72 9,1,1729,,134335,4,0,57 38 9,1,91,,134337,4,0,57 38 9,1
1801,'20260726',750,,134338,6,0,68 71 72 9,1,75,,134339,6,0,68 71 72 9,1,30,,134340,6,0,68 71 72 9,1,55,,134341,4,0,7 71 72 9,1,1700,,134352,6,0,68 71 72 9,1,120,,134353,6,0,31 38 9,1
1801,'20260727',632,,134354,6,0,31 38 9,1,1896,,134360,4,0,57 38 9,1,80,,134362,6,0,68 71 72 9,1,127,,134363,6,0,31 38 9,1
1801,'20260728',632,,134364,6,0,31 38 9,1,1896,,134370,4,0,57 38 9,1,80,,134372,6,0,68 71 72 9,1,127,,134373,6,0,31 38 9,1
1801,'20260729',632,,134374,6,0,31 38 9,1,1896,,134380,4,0,57 38 9,1,80,,134382,6,0,68 71 72 9,1,127,,134383,6,0,31 38 9,1
1801,'20260730',632,,134384,6,0,31 38 9,1,1896,,134390,4,0,57 38 9,1,80,,134392,6,0,68 71 72 9,1,127,,134393,6,0,31 38 9,1
1801,'20260731',632,,134394,6,0,31 38 9,1,1996,,134401,4,0,57 38 9,1,107,,134402,6,0,31 38 9,1
1801,'20260801',750,,134403,6,0,68 71 72 9,1,75,,134404,6,0,68 71 72 9,1,30,,134405,6,0,68 71 72 9,1,55,,134406,4,0,7 71 72 9,1,1729,,134418,4,0,57 38 9,1,91,,134420,4,0,57 38 9,1
1801,'20260802',750,,134421,6,0,68 71 72 9,1,75,,134422,6,0,68 71 72 9,1,30,,134423,6,0,68 71 72 9,1,55,,134424,4,0,7 71 72 9,1,1700,,134435,6,0,68 71 72 9,1,120,,134436,6,0,31 38 9,1
1801,'20260803',750,,134437,6,0,68 71 72 9,1,75,,134438,6,0,68 71 72 9,1,30,,134439,6,0,68 71 72 9,1,55,,134440,4,0,7 71 72 9,1,1729,,134452,4,0,57 38 9,1,91,,134454,4,0,57 38 9,1
1801,'20260804',632,,134455,6,0,31 38 9,1,1896,,134461,4,0,57 38 9,1,80,,134463,6,0,68 71 72 9,1,127,,134464,6,0,31 38 9,1
1801,'20260805',632,,134465,6,0,31 38 9,1,1896,,134471,4,0,57 38 9,1,80,,134473,6,0,68 71 72 9,1,127,,134474,6,0,31 38 9,1
1801,'20260806',632,,134475,6,0,31 38 9,1,1896,,134481,4,0,57 38 9,1,80,,134483,6,0,68 71 72 9,1,127,,134484,6,0,31 38 9,1
1801,'20260807',632,,134485,6,0,31 38 9,1,1996,,134492,4,0,57 38 9,1,107,,134493,6,0,31 38 9,1
1801,'20260808',750,,134494,6,0,68 71 72 9,1,75,,134495,6,0,68 71 72 9,1,30,,134496,6,0,68 71 72 9,1,55,,134497,4,0,7 71 72 9,1,1729,,134509,4,0,57 38 9,1,91,,134511,4,0,57 38 9,1
1801,'20260809',750,,134512,6,0,68 71 72 9,1,75,,134513,6,0,68 71 72 9,1,30,,134514,6,0,68 71 72 9,1,55,,134515,4,0,7 71 72 9,1,1700,,134526,6,0,68 71 72 9,1,120,,134527,6,0,31 38 9,1
1801,'20260810',632,,134528,6,0,31 38 9,1,1896,,134534,4,0,57 38 9,1,80,,134536,6,0,68 71 72 9,1,127,,134537,6,0,31 38 9,1
1801,'20260811',632,,134538,6,0,31 38 9,1,1896,,134544,4,0,57 38 9,1,80,,134546,6,0,68 71 72 9,1,127,,134547,6,0,31 38 9,1
1801,'20260812',632,,134548,6,0,31 38 9,1,1896,,134554,4,0,57 38 9,1,80,,134556,6,0,68 71 72 9,1,127,,134557,6,0,31 38 9,1
1801,'20260813',632,,134558,6,0,31 38 9,1,1896,,134564,4,0,57 38 9,1,80,,134566,6,0,68 71 72 9,1,127,,134567,6,0,31 38 9,1
1801,'20260814',632,,134568,6,0,31 38 9,1,1996,,134575,4,0,57 38 9,1,107,,134576,6,0,31 38 9,1
1801,'20260815',750,,134577,6,0,68 71 72 9,1,75,,134578,6,0,68 71 72 9,1,30,,134579,6,0,68 71 72 9,1,55,,134580,4,0,7 71 72 9,1,1729,,134592,4,0,57 38 9,1,91,,134594,4,0,57 38 9,1
1801,'20260816',750,,134595,6,0,68 71 72 9,1,75,,134596,6,0,68 71 72 9,1,30,,134597,6,0,68 71 72 9,1,55,,134598,4,0,7 71 72 9,1,1700,,134609,6,0,68 71 72 9,1,120,,134610,6,0,31 38 9,1
1801,'20260817',632,,134611,6,0,31 38 9,1,1896,,134617,4,0,57 38 9,1,80,,134619,6,0,68 71 72 9,1,127,,134620,6,0,31 38 9,1
1801,'20260818',632,,134621,6,0,31 38 9,1,1896,,134627,4,0,57 38 9,1,80,,134629,6,0,68 71 72 9,1,127,,134630,6,0,31 38 9,1
1801,'20260819',632,,134631,6,0,31 38 9,1,1896,,134637,4,0,57 38 9,1,80,,134639,6,0,68 71 72 9,1,127,,134640,6,0,31 38 9,1
1801,'20260820',632,,134641,6,0,31 38 9,1,1896,,134647,4,0,57 38 9,1,80,,134649,6,0,68 71 72 9,1,127,,134650,6,0,31 38 9,1
1801,'20260821',632,,134651,6,0,31 38 9,1,1996,,134658,4,0,57 38 9,1,107,,134659,6,0,31 38 9,1
1801,'20260822',750,,134660,6,0,68 71 72 9,1,75,,134661,6,0,68 71 72 9,1,30,,134662,6,0,68 71 72 9,1,55,,134663,4,0,7 71 72 9,1,1729,,134675,4,0,57 38 9,1,91,,134677,4,0,57 38 9,1
1801,'20260823',750,,134678,6,0,68 71 72 9,1,75,,134679,6,0,68 71 72 9,1,30,,134680,6,0,68 71 72 9,1,55,,134681,4,0,7 71 72 9,1,1700,,134692,6,0,68 71 72 9,1,120,,134693,6,0,31 38 9,1
1801,'20260824',632,,134694,6,0,31 38 9,1,1896,,134700,4,0,57 38 9,1,80,,134702,6,0,68 71 72 9,1,127,,134703,6,0,31 38 9,1
1801,'20260825',632,,134704,6,0,31 38 9,1,1896,,134710,4,0,57 38 9,1,80,,134712,6,0,68 71 72 9,1,127,,134713,6,0,31 38 9,1
1801,'20260826',632,,134714,6,0,31 38 9,1,1896,,134720,4,0,57 38 9,1,80,,134722,6,0,68 71 72 9,1,127,,134723,6,0,31 38 9,1
1801,'20260827',632,,134724,6,0,31 38 9,1,1896,,134730,4,0,57 38 9,1,80,,134732,6,0,68 71 72 9,1,127,,134733,6,0,31 38 9,1
1801,'20260828',632,,134734,6,0,31 38 9,1,1996,,134741,4,0,57 38 9,1,107,,134742,6,0,31 38 9,1
1801,'20260829',750,,134743,6,0,68 71 72 9,1,75,,134744,6,0,68 71 72 9,1,30,,134745,6,0,68 71 72 9,1,55,,134746,4,0,7 71 72 9,1,1729,,134758,4,0,57 38 9,1,91,,134760,4,0,57 38 9,1
1801,'20260830',750,,134761,6,0,68 71 72 9,1,75,,134762,6,0,68 71 72 9,1,30,,134763,6,0,68 71 72 9,1,55,,134764,4,0,7 71 72 9,1,1700,,134775,6,0,68 71 72 9,1,120,,134776,6,0,31 38 9,1
1801,'20260831',632,,134777,6,0,31 38 9,1,1896,,134783,4,0,57 38 9,1,80,,134785,6,0,68 71 72 9,1,127,,134786,6,0,31 38 9,1
1801,'20260901',632,,134787,6,0,31 38 9,1,1896,,134793,4,0,57 38 9,1,80,,134795,6,0,68 71 72 9,1,127,,134796,6,0,31 38 9,1
1801,'20260902',632,,134797,6,0,31 38 9,1,1896,,134803,4,0,57 38 9,1,80,,134805,6,0,68 71 72 9,1,127,,134806,6,0,31 38 9,1
1801,'20260903',632,,134807,6,0,31 38 9,1,1896,,134813,4,0,57 38 9,1,80,,134815,6,0,68 71 72 9,1,127,,134816,6,0,31 38 9,1
1801,'20260904',632,,134817,6,0,31 38 9,1,1996,,134824,4,0,57 38 9,1,107,,134825,6,0,31 38 9,1
