9200,'20260529',554,,114671,21,,,1,253,,114672,21,,,1,103,,114673,21,,,1,90,,114674,21,,,1,57,,114675,21,,,1,145,,114676,21,,,1,102,,114677,21,,,1,55,,114678,21,,,1,145,,114679,21,,,1,105,,114680,21,,,1,100,,114681,21,,,1,108,,114683,21,,,1,99,,114686,21,,,1,97,,114688,21,,,1,45,,114689,21,,,1,100,,114690,21,,,1,100,,114691,21,,,1,100,,114692,21,,,1,196,,114693,21,,,1
9200,'20260530',757,,114694,21,,,1,143,,114695,21,,,1,106,,114696,21,,,1,100,,114697,21,,,1,100,,114698,21,,,1,105,,114699,21,,,1,100,,114700,21,,,1,103,,114701,21,,,1,100,,114702,21,,,1,100,,114703,21,,,1,103,,114704,21,,,1,95,,114705,21,,,1,100,,114706,21,,,1,96,,114707,21,,,1,97,,114708,21,,,1,100,,114709,21,,,1,97,,114710,21,,,1,200,,114711,21,,,1
9200,'20260531',757,,114712,21,,,1,143,,114713,21,,,1,106,,114714,21,,,1,100,,114715,21,,,1,100,,114716,21,,,1,105,,114717,21,,,1,100,,114718,21,,,1,103,,114719,21,,,1,100,,114720,21,,,1,100,,114721,21,,,1,103,,114722,21,,,1,95,,114723,21,,,1,100,,114724,21,,,1,96,,114725,21,,,1,97,,114726,21,,,1,100,,114727,21,,,1,97,,114728,21,,,1,200,,114729,21,,,1
9200,'20260601',554,,114730,21,,,1,253,,114731,21,,,1,103,,114732,21,,,1,90,,114733,21,,,1,57,,114734,21,,,1,145,,114735,21,,,1,102,,114736,21,,,1,55,,114737,21,,,1,145,,114738,21,,,1,105,,114739,21,,,1,100,,114740,21,,,1,108,,114742,21,,,1,99,,114745,21,,,1,97,,114747,21,,,1,45,,114748,21,,,1,100,,114749,21,,,1,100,,114750,21,,,1,100,,114751,21,,,1,196,,114752,21,,,1
9200,'20260602',554,,114753,21,,,1,253,,114754,21,,,1,103,,114755,21,,,1,90,,114756,21,,,1,57,,114757,21,,,1,145,,114758,21,,,1,102,,114759,21,,,1,55,,114760,21,,,1,145,,114761,21,,,1,105,,114762,21,,,1,100,,114763,21,,,1,108,,114765,21,,,1,99,,114768,21,,,1,97,,114770,21,,,1,45,,114771,21,,,1,100,,114772,21,,,1,100,,114773,21,,,1,100,,114774,21,,,1,196,,114775,21,,,1
9200,'20260603',554,,114776,21,,,1,253,,114777,21,,,1,103,,114778,21,,,1,90,,114779,21,,,1,57,,114780,21,,,1,145,,114781,21,,,1,102,,114782,21,,,1,55,,114783,21,,,1,145,,114784,21,,,1,105,,114785,21,,,1,100,,114786,21,,,1,108,,114788,21,,,1,99,,114791,21,,,1,97,,114793,21,,,1,45,,114794,21,,,1,100,,114795,21,,,1,100,,114796,21,,,1,100,,114797,21,,,1,196,,114798,21,,,1
9200,'20260604',554,,114799,21,,,1,253,,114800,21,,,1,103,,114801,21,,,1,90,,114802,21,,,1,57,,114803,21,,,1,145,,114804,21,,,1,102,,114805,21,,,1,55,,114806,21,,,1,145,,114807,21,,,1,105,,114808,21,,,1,100,,114809,21,,,1,108,,114811,21,,,1,99,,114814,21,,,1,97,,114816,21,,,1,45,,114817,21,,,1,100,,114818,21,,,1,100,,114819,21,,,1,100,,114820,21,,,1,196,,114821,21,,,1
9200,'20260605',554,,114822,21,,,1,253,,114823,21,,,1,103,,114824,21,,,1,90,,114825,21,,,1,57,,114826,21,,,1,145,,114827,21,,,1,102,,114828,21,,,1,55,,114829,21,,,1,145,,114830,21,,,1,105,,114831,21,,,1,100,,114832,21,,,1,108,,114834,21,,,1,99,,114837,21,,,1,97,,114839,21,,,1,45,,114840,21,,,1,100,,114841,21,,,1,100,,114842,21,,,1,100,,114843,21,,,1,196,,114844,21,,,1
9200,'20260606',757,,114845,21,,,1,143,,114846,21,,,1,106,,114847,21,,,1,100,,114848,21,,,1,100,,114849,21,,,1,105,,114850,21,,,1,100,,114851,21,,,1,103,,114852,21,,,1,100,,114853,21,,,1,100,,114854,21,,,1,103,,114855,21,,,1,95,,114856,21,,,1,100,,114857,21,,,1,96,,114858,21,,,1,97,,114859,21,,,1,100,,114860,21,,,1,97,,114861,21,,,1,200,,114862,21,,,1
9200,'20260607',757,,114863,21,,,1,143,,114864,21,,,1,106,,114865,21,,,1,100,,114866,21,,,1,100,,114867,21,,,1,105,,114868,21,,,1,100,,114869,21,,,1,103,,114870,21,,,1,100,,114871,21,,,1,100,,114872,21,,,1,103,,114873,21,,,1,95,,114874,21,,,1,100,,114875,21,,,1,96,,114876,21,,,1,97,,114877,21,,,1,100,,114878,21,,,1,97,,114879,21,,,1,200,,114880,21,,,1
9200,'20260608',554,,114881,21,,,1,253,,114882,21,,,1,103,,114883,21,,,1,90,,114884,21,,,1,57,,114885,21,,,1,145,,114886,21,,,1,102,,114887,21,,,1,55,,114888,21,,,1,145,,114889,21,,,1,105,,114890,21,,,1,100,,114891,21,,,1,108,,114893,21,,,1,99,,114896,21,,,1,97,,114898,21,,,1,45,,114899,21,,,1,100,,114900,21,,,1,100,,114901,21,,,1,100,,114902,21,,,1,196,,114903,21,,,1
9200,'20260609',554,,114904,21,,,1,253,,114905,21,,,1,103,,114906,21,,,1,90,,114907,21,,,1,57,,114908,21,,,1,145,,114909,21,,,1,102,,114910,21,,,1,55,,114911,21,,,1,145,,114912,21,,,1,105,,114913,21,,,1,100,,114914,21,,,1,108,,114916,21,,,1,99,,114919,21,,,1,97,,114921,21,,,1,45,,114922,21,,,1,100,,114923,21,,,1,100,,114924,21,,,1,100,,114925,21,,,1,196,,114926,21,,,1
9200,'20260610',554,,114927,21,,,1,253,,114928,21,,,1,103,,114929,21,,,1,90,,114930,21,,,1,57,,114931,21,,,1,145,,114932,21,,,1,102,,114933,21,,,1,55,,114934,21,,,1,145,,114935,21,,,1,105,,114936,21,,,1,100,,114937,21,,,1,108,,114939,21,,,1,99,,114942,21,,,1,97,,114944,21,,,1,45,,114945,21,,,1,100,,114946,21,,,1,100,,114947,21,,,1,100,,114948,21,,,1,196,,114949,21,,,1
9200,'20260611',554,,114950,21,,,1,253,,114951,21,,,1,103,,114952,21,,,1,90,,114953,21,,,1,57,,114954,21,,,1,145,,114955,21,,,1,102,,114956,21,,,1,55,,114957,21,,,1,145,,114958,21,,,1,105,,114959,21,,,1,100,,114960,21,,,1,108,,114962,21,,,1,99,,114965,21,,,1,97,,114967,21,,,1,45,,114968,21,,,1,100,,114969,21,,,1,100,,114970,21,,,1,100,,114971,21,,,1,196,,114972,21,,,1
9200,'20260612',554,,114973,21,,,1,253,,114974,21,,,1,103,,114975,21,,,1,90,,114976,21,,,1,57,,114977,21,,,1,145,,114978,21,,,1,102,,114979,21,,,1,55,,114980,21,,,1,145,,114981,21,,,1,105,,114982,21,,,1,100,,114983,21,,,1,108,,114985,21,,,1,99,,114988,21,,,1,97,,114990,21,,,1,45,,114991,21,,,1,100,,114992,21,,,1,100,,114993,21,,,1,100,,114994,21,,,1,196,,114995,21,,,1
9200,'20260613',757,,210213,21,,,1,143,,210214,21,,,1,106,,210215,21,,,1,100,,210216,21,,,1,100,,210217,21,,,1,105,,210218,21,,,1,100,,210219,21,,,1,103,,210220,21,,,1,100,,210221,21,,,1,100,,210222,21,,,1,103,,210223,21,,,1,95,,210224,21,,,1,100,,210225,21,,,1,96,,210226,21,,,1,97,,210227,21,,,1,100,,210228,21,,,1,97,,210229,21,,,1,200,,210230,21,,,1
9200,'20260614',757,,210231,21,,,1,143,,210232,21,,,1,106,,210233,21,,,1,100,,210234,21,,,1,100,,210235,21,,,1,105,,210236,21,,,1,100,,210237,21,,,1,103,,210238,21,,,1,100,,210239,21,,,1,100,,210240,21,,,1,103,,210241,21,,,1,95,,210242,21,,,1,100,,210243,21,,,1,96,,210244,21,,,1,97,,210245,21,,,1,100,,210246,21,,,1,97,,210247,21,,,1,200,,210248,21,,,1
9200,'20260615',554,,210249,21,,,1,253,,210250,21,,,1,103,,210251,21,,,1,90,,210252,21,,,1,57,,210253,21,,,1,145,,210254,21,,,1,102,,210255,21,,,1,55,,210256,21,,,1,145,,210257,21,,,1,105,,210258,21,,,1,100,,210259,21,,,1,108,,210261,21,,,1,99,,210264,21,,,1,97,,210266,21,,,1,45,,210267,21,,,1,100,,210268,21,,,1,100,,210269,21,,,1,100,,210270,21,,,1,196,,210271,21,,,1
9200,'20260616',554,,210272,21,,,1,253,,210273,21,,,1,103,,210274,21,,,1,90,,210275,21,,,1,57,,210276,21,,,1,145,,210277,21,,,1,102,,210278,21,,,1,55,,210279,21,,,1,145,,210280,21,,,1,105,,210281,21,,,1,100,,210282,21,,,1,108,,210284,21,,,1,99,,210287,21,,,1,97,,210289,21,,,1,45,,210290,21,,,1,100,,210291,21,,,1,100,,210292,21,,,1,100,,210293,21,,,1,196,,210294,21,,,1
9200,'20260617',554,,210295,21,,,1,253,,210296,21,,,1,103,,210297,21,,,1,90,,210298,21,,,1,57,,210299,21,,,1,145,,210300,21,,,1,102,,210301,21,,,1,55,,210302,21,,,1,145,,210303,21,,,1,105,,210304,21,,,1,100,,210305,21,,,1,108,,210307,21,,,1,99,,210310,21,,,1,97,,210312,21,,,1,45,,210313,21,,,1,100,,210314,21,,,1,100,,210315,21,,,1,100,,210316,21,,,1,196,,210317,21,,,1
9200,'20260618',554,,210318,21,,,1,253,,210319,21,,,1,103,,210320,21,,,1,90,,210321,21,,,1,57,,210322,21,,,1,145,,210323,21,,,1,102,,210324,21,,,1,55,,210325,21,,,1,145,,210326,21,,,1,105,,210327,21,,,1,100,,210328,21,,,1,108,,210330,21,,,1,99,,210333,21,,,1,97,,210335,21,,,1,45,,210336,21,,,1,100,,210337,21,,,1,100,,210338,21,,,1,100,,210339,21,,,1,196,,210340,21,,,1
9200,'20260619',554,,210341,21,,,1,253,,210342,21,,,1,103,,210343,21,,,1,90,,210344,21,,,1,57,,210345,21,,,1,145,,210346,21,,,1,102,,210347,21,,,1,55,,210348,21,,,1,145,,210349,21,,,1,105,,210350,21,,,1,100,,210351,21,,,1,108,,210353,21,,,1,99,,210356,21,,,1,97,,210358,21,,,1,45,,210359,21,,,1,100,,210360,21,,,1,100,,210361,21,,,1,100,,210362,21,,,1,196,,210363,21,,,1
9200,'20260620',757,,210364,21,,,1,143,,210365,21,,,1,106,,210366,21,,,1,100,,210367,21,,,1,100,,210368,21,,,1,105,,210369,21,,,1,100,,210370,21,,,1,103,,210371,21,,,1,100,,210372,21,,,1,100,,210373,21,,,1,103,,210374,21,,,1,95,,210375,21,,,1,100,,210376,21,,,1,96,,210377,21,,,1,97,,210378,21,,,1,100,,210379,21,,,1,97,,210380,21,,,1,200,,210381,21,,,1
9200,'20260621',757,,210382,21,,,1,143,,210383,21,,,1,106,,210384,21,,,1,100,,210385,21,,,1,100,,210386,21,,,1,105,,210387,21,,,1,100,,210388,21,,,1,103,,210389,21,,,1,100,,210390,21,,,1,100,,210391,21,,,1,103,,210392,21,,,1,95,,210393,21,,,1,100,,210394,21,,,1,96,,210395,21,,,1,97,,210396,21,,,1,100,,210397,21,,,1,97,,210398,21,,,1,200,,210399,21,,,1
9200,'20260622',554,,210400,21,,,1,253,,210401,21,,,1,103,,210402,21,,,1,90,,210403,21,,,1,57,,210404,21,,,1,145,,210405,21,,,1,102,,210406,21,,,1,55,,210407,21,,,1,145,,210408,21,,,1,105,,210409,21,,,1,100,,210410,21,,,1,108,,210412,21,,,1,99,,210415,21,,,1,97,,210417,21,,,1,45,,210418,21,,,1,100,,210419,21,,,1,100,,210420,21,,,1,100,,210421,21,,,1,196,,210422,21,,,1
9200,'20260623',554,,210423,21,,,1,253,,210424,21,,,1,103,,210425,21,,,1,90,,210426,21,,,1,57,,210427,21,,,1,145,,210428,21,,,1,102,,210429,21,,,1,55,,210430,21,,,1,145,,210431,21,,,1,105,,210432,21,,,1,100,,210433,21,,,1,108,,210435,21,,,1,99,,210438,21,,,1,97,,210440,21,,,1,45,,210441,21,,,1,100,,210442,21,,,1,100,,210443,21,,,1,100,,210444,21,,,1,196,,210445,21,,,1
9200,'20260624',554,,210446,21,,,1,253,,210447,21,,,1,103,,210448,21,,,1,90,,210449,21,,,1,57,,210450,21,,,1,145,,210451,21,,,1,102,,210452,21,,,1,55,,210453,21,,,1,145,,210454,21,,,1,105,,210455,21,,,1,100,,210456,21,,,1,108,,210458,21,,,1,99,,210461,21,,,1,97,,210463,21,,,1,45,,210464,21,,,1,100,,210465,21,,,1,100,,210466,21,,,1,100,,210467,21,,,1,196,,210468,21,,,1
9200,'20260625',554,,210469,21,,,1,253,,210470,21,,,1,103,,210471,21,,,1,90,,210472,21,,,1,57,,210473,21,,,1,145,,210474,21,,,1,102,,210475,21,,,1,55,,210476,21,,,1,145,,210477,21,,,1,105,,210478,21,,,1,100,,210479,21,,,1,108,,210481,21,,,1,99,,210484,21,,,1,97,,210486,21,,,1,45,,210487,21,,,1,100,,210488,21,,,1,100,,210489,21,,,1,100,,210490,21,,,1,196,,210491,21,,,1
9200,'20260626',554,,210492,21,,,1,253,,210493,21,,,1,103,,210494,21,,,1,90,,210495,21,,,1,57,,210496,21,,,1,145,,210497,21,,,1,102,,210498,21,,,1,55,,210499,21,,,1,145,,210500,21,,,1,105,,210501,21,,,1,100,,210502,21,,,1,108,,210504,21,,,1,99,,210507,21,,,1,97,,210509,21,,,1,45,,210510,21,,,1,100,,210511,21,,,1,100,,210512,21,,,1,100,,210513,21,,,1,196,,210514,21,,,1
9200,'20260627',757,,210515,21,,,1,143,,210516,21,,,1,106,,210517,21,,,1,100,,210518,21,,,1,100,,210519,21,,,1,105,,210520,21,,,1,100,,210521,21,,,1,103,,210522,21,,,1,100,,210523,21,,,1,100,,210524,21,,,1,103,,210525,21,,,1,95,,210526,21,,,1,100,,210527,21,,,1,96,,210528,21,,,1,97,,210529,21,,,1,100,,210530,21,,,1,97,,210531,21,,,1,200,,210532,21,,,1
9200,'20260628',757,,210533,21,,,1,143,,210534,21,,,1,106,,210535,21,,,1,100,,210536,21,,,1,100,,210537,21,,,1,105,,210538,21,,,1,100,,210539,21,,,1,103,,210540,21,,,1,100,,210541,21,,,1,100,,210542,21,,,1,103,,210543,21,,,1,95,,210544,21,,,1,100,,210545,21,,,1,96,,210546,21,,,1,97,,210547,21,,,1,100,,210548,21,,,1,97,,210549,21,,,1,200,,210550,21,,,1
9200,'20260629',554,,210551,21,,,1,253,,210552,21,,,1,103,,210553,21,,,1,90,,210554,21,,,1,57,,210555,21,,,1,145,,210556,21,,,1,102,,210557,21,,,1,55,,210558,21,,,1,145,,210559,21,,,1,105,,210560,21,,,1,100,,210561,21,,,1,108,,210563,21,,,1,99,,210566,21,,,1,97,,210568,21,,,1,45,,210569,21,,,1,100,,210570,21,,,1,100,,210571,21,,,1,100,,210572,21,,,1,196,,210573,21,,,1
9200,'20260630',554,,210574,21,,,1,253,,210575,21,,,1,103,,210576,21,,,1,90,,210577,21,,,1,57,,210578,21,,,1,145,,210579,21,,,1,102,,210580,21,,,1,55,,210581,21,,,1,145,,210582,21,,,1,105,,210583,21,,,1,100,,210584,21,,,1,108,,210586,21,,,1,99,,210589,21,,,1,97,,210591,21,,,1,45,,210592,21,,,1,100,,210593,21,,,1,100,,210594,21,,,1,100,,210595,21,,,1,196,,210596,21,,,1
9200,'20260701',757,,210597,21,,,1,143,,210598,21,,,1,106,,210599,21,,,1,100,,210600,21,,,1,100,,210601,21,,,1,105,,210602,21,,,1,100,,210603,21,,,1,103,,210604,21,,,1,100,,210605,21,,,1,100,,210606,21,,,1,103,,210607,21,,,1,95,,210608,21,,,1,100,,210609,21,,,1,96,,210610,21,,,1,97,,210611,21,,,1,100,,210612,21,,,1,97,,210613,21,,,1,200,,210614,21,,,1
9200,'20260702',554,,210615,21,,,1,253,,210616,21,,,1,103,,210617,21,,,1,90,,210618,21,,,1,57,,210619,21,,,1,145,,210620,21,,,1,102,,210621,21,,,1,55,,210622,21,,,1,145,,210623,21,,,1,105,,210624,21,,,1,100,,210625,21,,,1,108,,210627,21,,,1,99,,210630,21,,,1,97,,210632,21,,,1,45,,210633,21,,,1,100,,210634,21,,,1,100,,210635,21,,,1,100,,210636,21,,,1,196,,210637,21,,,1
9200,'20260703',554,,210638,21,,,1,253,,210639,21,,,1,103,,210640,21,,,1,90,,210641,21,,,1,57,,210642,21,,,1,145,,210643,21,,,1,102,,210644,21,,,1,55,,210645,21,,,1,145,,210646,21,,,1,105,,210647,21,,,1,100,,210648,21,,,1,108,,210650,21,,,1,99,,210653,21,,,1,97,,210655,21,,,1,45,,210656,21,,,1,100,,210657,21,,,1,100,,210658,21,,,1,100,,210659,21,,,1,196,,210660,21,,,1
9200,'20260704',757,,210661,21,,,1,143,,210662,21,,,1,106,,210663,21,,,1,100,,210664,21,,,1,100,,210665,21,,,1,105,,210666,21,,,1,100,,210667,21,,,1,103,,210668,21,,,1,100,,210669,21,,,1,100,,210670,21,,,1,103,,210671,21,,,1,95,,210672,21,,,1,100,,210673,21,,,1,96,,210674,21,,,1,97,,210675,21,,,1,100,,210676,21,,,1,97,,210677,21,,,1,200,,210678,21,,,1
9200,'20260705',757,,210679,21,,,1,143,,210680,21,,,1,106,,210681,21,,,1,100,,210682,21,,,1,100,,210683,21,,,1,105,,210684,21,,,1,100,,210685,21,,,1,103,,210686,21,,,1,100,,210687,21,,,1,100,,210688,21,,,1,103,,210689,21,,,1,95,,210690,21,,,1,100,,210691,21,,,1,96,,210692,21,,,1,97,,210693,21,,,1,100,,210694,21,,,1,97,,210695,21,,,1,200,,210696,21,,,1
9200,'20260706',554,,210697,21,,,1,253,,210698,21,,,1,103,,210699,21,,,1,90,,210700,21,,,1,57,,210701,21,,,1,145,,210702,21,,,1,102,,210703,21,,,1,55,,210704,21,,,1,145,,210705,21,,,1,105,,210706,21,,,1,100,,210707,21,,,1,108,,210709,21,,,1,99,,210712,21,,,1,97,,210714,21,,,1,45,,210715,21,,,1,100,,210716,21,,,1,100,,210717,21,,,1,100,,210718,21,,,1,196,,210719,21,,,1
9200,'20260707',554,,210720,21,,,1,253,,210721,21,,,1,103,,210722,21,,,1,90,,210723,21,,,1,57,,210724,21,,,1,145,,210725,21,,,1,102,,210726,21,,,1,55,,210727,21,,,1,145,,210728,21,,,1,105,,210729,21,,,1,100,,210730,21,,,1,108,,210732,21,,,1,99,,210735,21,,,1,97,,210737,21,,,1,45,,210738,21,,,1,100,,210739,21,,,1,100,,210740,21,,,1,100,,210741,21,,,1,196,,210742,21,,,1
9200,'20260708',554,,210743,21,,,1,253,,210744,21,,,1,103,,210745,21,,,1,90,,210746,21,,,1,57,,210747,21,,,1,145,,210748,21,,,1,102,,210749,21,,,1,55,,210750,21,,,1,145,,210751,21,,,1,105,,210752,21,,,1,100,,210753,21,,,1,108,,210755,21,,,1,99,,210758,21,,,1,97,,210760,21,,,1,45,,210761,21,,,1,100,,210762,21,,,1,100,,210763,21,,,1,100,,210764,21,,,1,196,,210765,21,,,1
9200,'20260709',554,,210766,21,,,1,253,,210767,21,,,1,103,,210768,21,,,1,90,,210769,21,,,1,57,,210770,21,,,1,145,,210771,21,,,1,102,,210772,21,,,1,55,,210773,21,,,1,145,,210774,21,,,1,105,,210775,21,,,1,100,,210776,21,,,1,108,,210778,21,,,1,99,,210781,21,,,1,97,,210783,21,,,1,45,,210784,21,,,1,100,,210785,21,,,1,100,,210786,21,,,1,100,,210787,21,,,1,196,,210788,21,,,1
9200,'20260710',554,,210789,21,,,1,253,,210790,21,,,1,103,,210791,21,,,1,90,,210792,21,,,1,57,,210793,21,,,1,145,,210794,21,,,1,102,,210795,21,,,1,55,,210796,21,,,1,145,,210797,21,,,1,105,,210798,21,,,1,100,,210799,21,,,1,108,,210801,21,,,1,99,,210804,21,,,1,97,,210806,21,,,1,45,,210807,21,,,1,100,,210808,21,,,1,100,,210809,21,,,1,100,,210810,21,,,1,196,,210811,21,,,1
9200,'20260711',757,,210812,21,,,1,143,,210813,21,,,1,106,,210814,21,,,1,100,,210815,21,,,1,100,,210816,21,,,1,105,,210817,21,,,1,100,,210818,21,,,1,103,,210819,21,,,1,100,,210820,21,,,1,100,,210821,21,,,1,103,,210822,21,,,1,95,,210823,21,,,1,100,,210824,21,,,1,96,,210825,21,,,1,97,,210826,21,,,1,100,,210827,21,,,1,97,,210828,21,,,1,200,,210829,21,,,1
9200,'20260712',757,,210830,21,,,1,143,,210831,21,,,1,106,,210832,21,,,1,100,,210833,21,,,1,100,,210834,21,,,1,105,,210835,21,,,1,100,,210836,21,,,1,103,,210837,21,,,1,100,,210838,21,,,1,100,,210839,21,,,1,103,,210840,21,,,1,95,,210841,21,,,1,100,,210842,21,,,1,96,,210843,21,,,1,97,,210844,21,,,1,100,,210845,21,,,1,97,,210846,21,,,1,200,,210847,21,,,1
9200,'20260713',554,,210848,21,,,1,253,,210849,21,,,1,103,,210850,21,,,1,90,,210851,21,,,1,57,,210852,21,,,1,145,,210853,21,,,1,102,,210854,21,,,1,55,,210855,21,,,1,145,,210856,21,,,1,105,,210857,21,,,1,100,,210858,21,,,1,108,,210860,21,,,1,99,,210863,21,,,1,97,,210865,21,,,1,45,,210866,21,,,1,100,,210867,21,,,1,100,,210868,21,,,1,100,,210869,21,,,1,196,,210870,21,,,1
9200,'20260714',554,,210871,21,,,1,253,,210872,21,,,1,103,,210873,21,,,1,90,,210874,21,,,1,57,,210875,21,,,1,145,,210876,21,,,1,102,,210877,21,,,1,55,,210878,21,,,1,145,,210879,21,,,1,105,,210880,21,,,1,100,,210881,21,,,1,108,,210883,21,,,1,99,,210886,21,,,1,97,,210888,21,,,1,45,,210889,21,,,1,100,,210890,21,,,1,100,,210891,21,,,1,100,,210892,21,,,1,196,,210893,21,,,1
9200,'20260715',554,,210894,21,,,1,253,,210895,21,,,1,103,,210896,21,,,1,90,,210897,21,,,1,57,,210898,21,,,1,145,,210899,21,,,1,102,,210900,21,,,1,55,,210901,21,,,1,145,,210902,21,,,1,105,,210903,21,,,1,100,,210904,21,,,1,108,,210906,21,,,1,99,,210909,21,,,1,97,,210911,21,,,1,45,,210912,21,,,1,100,,210913,21,,,1,100,,210914,21,,,1,100,,210915,21,,,1,196,,210916,21,,,1
9200,'20260716',554,,210917,21,,,1,253,,210918,21,,,1,103,,210919,21,,,1,90,,210920,21,,,1,57,,210921,21,,,1,145,,210922,21,,,1,102,,210923,21,,,1,55,,210924,21,,,1,145,,210925,21,,,1,105,,210926,21,,,1,100,,210927,21,,,1,108,,210929,21,,,1,99,,210932,21,,,1,97,,210934,21,,,1,45,,210935,21,,,1,100,,210936,21,,,1,100,,210937,21,,,1,100,,210938,21,,,1,196,,210939,21,,,1
9200,'20260717',554,,210940,21,,,1,253,,210941,21,,,1,103,,210942,21,,,1,90,,210943,21,,,1,57,,210944,21,,,1,145,,210945,21,,,1,102,,210946,21,,,1,55,,210947,21,,,1,145,,210948,21,,,1,105,,210949,21,,,1,100,,210950,21,,,1,108,,210952,21,,,1,99,,210955,21,,,1,97,,210957,21,,,1,45,,210958,21,,,1,100,,210959,21,,,1,100,,210960,21,,,1,100,,210961,21,,,1,196,,210962,21,,,1
9200,'20260718',757,,210963,21,,,1,143,,210964,21,,,1,106,,210965,21,,,1,100,,210966,21,,,1,100,,210967,21,,,1,105,,210968,21,,,1,100,,210969,21,,,1,103,,210970,21,,,1,100,,210971,21,,,1,100,,210972,21,,,1,103,,210973,21,,,1,95,,210974,21,,,1,100,,210975,21,,,1,96,,210976,21,,,1,97,,210977,21,,,1,100,,210978,21,,,1,97,,210979,21,,,1,200,,210980,21,,,1
9200,'20260719',757,,210981,21,,,1,143,,210982,21,,,1,106,,210983,21,,,1,100,,210984,21,,,1,100,,210985,21,,,1,105,,210986,21,,,1,100,,210987,21,,,1,103,,210988,21,,,1,100,,210989,21,,,1,100,,210990,21,,,1,103,,210991,21,,,1,95,,210992,21,,,1,100,,210993,21,,,1,96,,210994,21,,,1,97,,210995,21,,,1,100,,210996,21,,,1,97,,210997,21,,,1,200,,210998,21,,,1
9200,'20260720',554,,210999,21,,,1,253,,211000,21,,,1,103,,211001,21,,,1,90,,211002,21,,,1,57,,211003,21,,,1,145,,211004,21,,,1,102,,211005,21,,,1,55,,211006,21,,,1,145,,211007,21,,,1,105,,211008,21,,,1,100,,211009,21,,,1,108,,211011,21,,,1,99,,211014,21,,,1,97,,211016,21,,,1,45,,211017,21,,,1,100,,211018,21,,,1,100,,211019,21,,,1,100,,211020,21,,,1,196,,211021,21,,,1
9200,'20260721',554,,211022,21,,,1,253,,211023,21,,,1,103,,211024,21,,,1,90,,211025,21,,,1,57,,211026,21,,,1,145,,211027,21,,,1,102,,211028,21,,,1,55,,211029,21,,,1,145,,211030,21,,,1,105,,211031,21,,,1,100,,211032,21,,,1,108,,211034,21,,,1,99,,211037,21,,,1,97,,211039,21,,,1,45,,211040,21,,,1,100,,211041,21,,,1,100,,211042,21,,,1,100,,211043,21,,,1,196,,211044,21,,,1
9200,'20260722',554,,211045,21,,,1,253,,211046,21,,,1,103,,211047,21,,,1,90,,211048,21,,,1,57,,211049,21,,,1,145,,211050,21,,,1,102,,211051,21,,,1,55,,211052,21,,,1,145,,211053,21,,,1,105,,211054,21,,,1,100,,211055,21,,,1,108,,211057,21,,,1,99,,211060,21,,,1,97,,211062,21,,,1,45,,211063,21,,,1,100,,211064,21,,,1,100,,211065,21,,,1,100,,211066,21,,,1,196,,211067,21,,,1
9200,'20260723',554,,211068,21,,,1,253,,211069,21,,,1,103,,211070,21,,,1,90,,211071,21,,,1,57,,211072,21,,,1,145,,211073,21,,,1,102,,211074,21,,,1,55,,211075,21,,,1,145,,211076,21,,,1,105,,211077,21,,,1,100,,211078,21,,,1,108,,211080,21,,,1,99,,211083,21,,,1,97,,211085,21,,,1,45,,211086,21,,,1,100,,211087,21,,,1,100,,211088,21,,,1,100,,211089,21,,,1,196,,211090,21,,,1
9200,'20260724',554,,211091,21,,,1,253,,211092,21,,,1,103,,211093,21,,,1,90,,211094,21,,,1,57,,211095,21,,,1,145,,211096,21,,,1,102,,211097,21,,,1,55,,211098,21,,,1,145,,211099,21,,,1,105,,211100,21,,,1,100,,211101,21,,,1,108,,211103,21,,,1,99,,211106,21,,,1,97,,211108,21,,,1,45,,211109,21,,,1,100,,211110,21,,,1,100,,211111,21,,,1,100,,211112,21,,,1,196,,211113,21,,,1
9200,'20260725',757,,211114,21,,,1,143,,211115,21,,,1,106,,211116,21,,,1,100,,211117,21,,,1,100,,211118,21,,,1,105,,211119,21,,,1,100,,211120,21,,,1,103,,211121,21,,,1,100,,211122,21,,,1,100,,211123,21,,,1,103,,211124,21,,,1,95,,211125,21,,,1,100,,211126,21,,,1,96,,211127,21,,,1,97,,211128,21,,,1,100,,211129,21,,,1,97,,211130,21,,,1,200,,211131,21,,,1
9200,'20260726',757,,211132,21,,,1,143,,211133,21,,,1,106,,211134,21,,,1,100,,211135,21,,,1,100,,211136,21,,,1,105,,211137,21,,,1,100,,211138,21,,,1,103,,211139,21,,,1,100,,211140,21,,,1,100,,211141,21,,,1,103,,211142,21,,,1,95,,211143,21,,,1,100,,211144,21,,,1,96,,211145,21,,,1,97,,211146,21,,,1,100,,211147,21,,,1,97,,211148,21,,,1,200,,211149,21,,,1
9200,'20260727',554,,211150,21,,,1,253,,211151,21,,,1,103,,211152,21,,,1,90,,211153,21,,,1,57,,211154,21,,,1,145,,211155,21,,,1,102,,211156,21,,,1,55,,211157,21,,,1,145,,211158,21,,,1,105,,211159,21,,,1,100,,211160,21,,,1,108,,211162,21,,,1,99,,211165,21,,,1,97,,211167,21,,,1,45,,211168,21,,,1,100,,211169,21,,,1,100,,211170,21,,,1,100,,211171,21,,,1,196,,211172,21,,,1
9200,'20260728',554,,211173,21,,,1,253,,211174,21,,,1,103,,211175,21,,,1,90,,211176,21,,,1,57,,211177,21,,,1,145,,211178,21,,,1,102,,211179,21,,,1,55,,211180,21,,,1,145,,211181,21,,,1,105,,211182,21,,,1,100,,211183,21,,,1,108,,211185,21,,,1,99,,211188,21,,,1,97,,211190,21,,,1,45,,211191,21,,,1,100,,211192,21,,,1,100,,211193,21,,,1,100,,211194,21,,,1,196,,211195,21,,,1
9200,'20260729',554,,211196,21,,,1,253,,211197,21,,,1,103,,211198,21,,,1,90,,211199,21,,,1,57,,211200,21,,,1,145,,211201,21,,,1,102,,211202,21,,,1,55,,211203,21,,,1,145,,211204,21,,,1,105,,211205,21,,,1,100,,211206,21,,,1,108,,211208,21,,,1,99,,211211,21,,,1,97,,211213,21,,,1,45,,211214,21,,,1,100,,211215,21,,,1,100,,211216,21,,,1,100,,211217,21,,,1,196,,211218,21,,,1
9200,'20260730',554,,211219,21,,,1,253,,211220,21,,,1,103,,211221,21,,,1,90,,211222,21,,,1,57,,211223,21,,,1,145,,211224,21,,,1,102,,211225,21,,,1,55,,211226,21,,,1,145,,211227,21,,,1,105,,211228,21,,,1,100,,211229,21,,,1,108,,211231,21,,,1,99,,211234,21,,,1,97,,211236,21,,,1,45,,211237,21,,,1,100,,211238,21,,,1,100,,211239,21,,,1,100,,211240,21,,,1,196,,211241,21,,,1
9200,'20260731',554,,211242,21,,,1,253,,211243,21,,,1,103,,211244,21,,,1,90,,211245,21,,,1,57,,211246,21,,,1,145,,211247,21,,,1,102,,211248,21,,,1,55,,211249,21,,,1,145,,211250,21,,,1,105,,211251,21,,,1,100,,211252,21,,,1,108,,211254,21,,,1,99,,211257,21,,,1,97,,211259,21,,,1,45,,211260,21,,,1,100,,211261,21,,,1,100,,211262,21,,,1,100,,211263,21,,,1,196,,211264,21,,,1
9200,'20260801',757,,211265,21,,,1,143,,211266,21,,,1,106,,211267,21,,,1,100,,211268,21,,,1,100,,211269,21,,,1,105,,211270,21,,,1,100,,211271,21,,,1,103,,211272,21,,,1,100,,211273,21,,,1,100,,211274,21,,,1,103,,211275,21,,,1,95,,211276,21,,,1,100,,211277,21,,,1,96,,211278,21,,,1,97,,211279,21,,,1,100,,211280,21,,,1,97,,211281,21,,,1,200,,211282,21,,,1
9200,'20260802',757,,211283,21,,,1,143,,211284,21,,,1,106,,211285,21,,,1,100,,211286,21,,,1,100,,211287,21,,,1,105,,211288,21,,,1,100,,211289,21,,,1,103,,211290,21,,,1,100,,211291,21,,,1,100,,211292,21,,,1,103,,211293,21,,,1,95,,211294,21,,,1,100,,211295,21,,,1,96,,211296,21,,,1,97,,211297,21,,,1,100,,211298,21,,,1,97,,211299,21,,,1,200,,211300,21,,,1
9200,'20260803',757,,211301,21,,,1,143,,211302,21,,,1,106,,211303,21,,,1,100,,211304,21,,,1,100,,211305,21,,,1,105,,211306,21,,,1,100,,211307,21,,,1,103,,211308,21,,,1,100,,211309,21,,,1,100,,211310,21,,,1,103,,211311,21,,,1,95,,211312,21,,,1,100,,211313,21,,,1,96,,211314,21,,,1,97,,211315,21,,,1,100,,211316,21,,,1,97,,211317,21,,,1,200,,211318,21,,,1
9200,'20260804',554,,211319,21,,,1,253,,211320,21,,,1,103,,211321,21,,,1,90,,211322,21,,,1,57,,211323,21,,,1,145,,211324,21,,,1,102,,211325,21,,,1,55,,211326,21,,,1,145,,211327,21,,,1,105,,211328,21,,,1,100,,211329,21,,,1,108,,211331,21,,,1,99,,211334,21,,,1,97,,211336,21,,,1,45,,211337,21,,,1,100,,211338,21,,,1,100,,211339,21,,,1,100,,211340,21,,,1,196,,211341,21,,,1
9200,'20260805',554,,211342,21,,,1,253,,211343,21,,,1,103,,211344,21,,,1,90,,211345,21,,,1,57,,211346,21,,,1,145,,211347,21,,,1,102,,211348,21,,,1,55,,211349,21,,,1,145,,211350,21,,,1,105,,211351,21,,,1,100,,211352,21,,,1,108,,211354,21,,,1,99,,211357,21,,,1,97,,211359,21,,,1,45,,211360,21,,,1,100,,211361,21,,,1,100,,211362,21,,,1,100,,211363,21,,,1,196,,211364,21,,,1
9200,'20260806',554,,211365,21,,,1,253,,211366,21,,,1,103,,211367,21,,,1,90,,211368,21,,,1,57,,211369,21,,,1,145,,211370,21,,,1,102,,211371,21,,,1,55,,211372,21,,,1,145,,211373,21,,,1,105,,211374,21,,,1,100,,211375,21,,,1,108,,211377,21,,,1,99,,211380,21,,,1,97,,211382,21,,,1,45,,211383,21,,,1,100,,211384,21,,,1,100,,211385,21,,,1,100,,211386,21,,,1,196,,211387,21,,,1
9200,'20260807',554,,211388,21,,,1,253,,211389,21,,,1,103,,211390,21,,,1,90,,211391,21,,,1,57,,211392,21,,,1,145,,211393,21,,,1,102,,211394,21,,,1,55,,211395,21,,,1,145,,211396,21,,,1,105,,211397,21,,,1,100,,211398,21,,,1,108,,211400,21,,,1,99,,211403,21,,,1,97,,211405,21,,,1,45,,211406,21,,,1,100,,211407,21,,,1,100,,211408,21,,,1,100,,211409,21,,,1,196,,211410,21,,,1
9200,'20260808',757,,211411,21,,,1,143,,211412,21,,,1,106,,211413,21,,,1,100,,211414,21,,,1,100,,211415,21,,,1,105,,211416,21,,,1,100,,211417,21,,,1,103,,211418,21,,,1,100,,211419,21,,,1,100,,211420,21,,,1,103,,211421,21,,,1,95,,211422,21,,,1,100,,211423,21,,,1,96,,211424,21,,,1,97,,211425,21,,,1,100,,211426,21,,,1,97,,211427,21,,,1,200,,211428,21,,,1
9200,'20260809',757,,211429,21,,,1,143,,211430,21,,,1,106,,211431,21,,,1,100,,211432,21,,,1,100,,211433,21,,,1,105,,211434,21,,,1,100,,211435,21,,,1,103,,211436,21,,,1,100,,211437,21,,,1,100,,211438,21,,,1,103,,211439,21,,,1,95,,211440,21,,,1,100,,211441,21,,,1,96,,211442,21,,,1,97,,211443,21,,,1,100,,211444,21,,,1,97,,211445,21,,,1,200,,211446,21,,,1
9200,'20260810',554,,211447,21,,,1,253,,211448,21,,,1,103,,211449,21,,,1,90,,211450,21,,,1,57,,211451,21,,,1,145,,211452,21,,,1,102,,211453,21,,,1,55,,211454,21,,,1,145,,211455,21,,,1,105,,211456,21,,,1,100,,211457,21,,,1,108,,211459,21,,,1,99,,211462,21,,,1,97,,211464,21,,,1,45,,211465,21,,,1,100,,211466,21,,,1,100,,211467,21,,,1,100,,211468,21,,,1,196,,211469,21,,,1
9200,'20260811',554,,211470,21,,,1,253,,211471,21,,,1,103,,211472,21,,,1,90,,211473,21,,,1,57,,211474,21,,,1,145,,211475,21,,,1,102,,211476,21,,,1,55,,211477,21,,,1,145,,211478,21,,,1,105,,211479,21,,,1,100,,211480,21,,,1,108,,211482,21,,,1,99,,211485,21,,,1,97,,211487,21,,,1,45,,211488,21,,,1,100,,211489,21,,,1,100,,211490,21,,,1,100,,211491,21,,,1,196,,211492,21,,,1
9200,'20260812',554,,211493,21,,,1,253,,211494,21,,,1,103,,211495,21,,,1,90,,211496,21,,,1,57,,211497,21,,,1,145,,211498,21,,,1,102,,211499,21,,,1,55,,211500,21,,,1,145,,211501,21,,,1,105,,211502,21,,,1,100,,211503,21,,,1,108,,211505,21,,,1,99,,211508,21,,,1,97,,211510,21,,,1,45,,211511,21,,,1,100,,211512,21,,,1,100,,211513,21,,,1,100,,211514,21,,,1,196,,211515,21,,,1
9200,'20260813',554,,211516,21,,,1,253,,211517,21,,,1,103,,211518,21,,,1,90,,211519,21,,,1,57,,211520,21,,,1,145,,211521,21,,,1,102,,211522,21,,,1,55,,211523,21,,,1,145,,211524,21,,,1,105,,211525,21,,,1,100,,211526,21,,,1,108,,211528,21,,,1,99,,211531,21,,,1,97,,211533,21,,,1,45,,211534,21,,,1,100,,211535,21,,,1,100,,211536,21,,,1,100,,211537,21,,,1,196,,211538,21,,,1
9200,'20260814',554,,211539,21,,,1,253,,211540,21,,,1,103,,211541,21,,,1,90,,211542,21,,,1,57,,211543,21,,,1,145,,211544,21,,,1,102,,211545,21,,,1,55,,211546,21,,,1,145,,211547,21,,,1,105,,211548,21,,,1,100,,211549,21,,,1,108,,211551,21,,,1,99,,211554,21,,,1,97,,211556,21,,,1,45,,211557,21,,,1,100,,211558,21,,,1,100,,211559,21,,,1,100,,211560,21,,,1,196,,211561,21,,,1
9200,'20260815',757,,211562,21,,,1,143,,211563,21,,,1,106,,211564,21,,,1,100,,211565,21,,,1,100,,211566,21,,,1,105,,211567,21,,,1,100,,211568,21,,,1,103,,211569,21,,,1,100,,211570,21,,,1,100,,211571,21,,,1,103,,211572,21,,,1,95,,211573,21,,,1,100,,211574,21,,,1,96,,211575,21,,,1,97,,211576,21,,,1,100,,211577,21,,,1,97,,211578,21,,,1,200,,211579,21,,,1
9200,'20260816',757,,211580,21,,,1,143,,211581,21,,,1,106,,211582,21,,,1,100,,211583,21,,,1,100,,211584,21,,,1,105,,211585,21,,,1,100,,211586,21,,,1,103,,211587,21,,,1,100,,211588,21,,,1,100,,211589,21,,,1,103,,211590,21,,,1,95,,211591,21,,,1,100,,211592,21,,,1,96,,211593,21,,,1,97,,211594,21,,,1,100,,211595,21,,,1,97,,211596,21,,,1,200,,211597,21,,,1
9200,'20260817',554,,211598,21,,,1,253,,211599,21,,,1,103,,211600,21,,,1,90,,211601,21,,,1,57,,211602,21,,,1,145,,211603,21,,,1,102,,211604,21,,,1,55,,211605,21,,,1,145,,211606,21,,,1,105,,211607,21,,,1,100,,211608,21,,,1,108,,211610,21,,,1,99,,211613,21,,,1,97,,211615,21,,,1,45,,211616,21,,,1,100,,211617,21,,,1,100,,211618,21,,,1,100,,211619,21,,,1,196,,211620,21,,,1
9200,'20260818',554,,211621,21,,,1,253,,211622,21,,,1,103,,211623,21,,,1,90,,211624,21,,,1,57,,211625,21,,,1,145,,211626,21,,,1,102,,211627,21,,,1,55,,211628,21,,,1,145,,211629,21,,,1,105,,211630,21,,,1,100,,211631,21,,,1,108,,211633,21,,,1,99,,211636,21,,,1,97,,211638,21,,,1,45,,211639,21,,,1,100,,211640,21,,,1,100,,211641,21,,,1,100,,211642,21,,,1,196,,211643,21,,,1
9200,'20260819',554,,211644,21,,,1,253,,211645,21,,,1,103,,211646,21,,,1,90,,211647,21,,,1,57,,211648,21,,,1,145,,211649,21,,,1,102,,211650,21,,,1,55,,211651,21,,,1,145,,211652,21,,,1,105,,211653,21,,,1,100,,211654,21,,,1,108,,211656,21,,,1,99,,211659,21,,,1,97,,211661,21,,,1,45,,211662,21,,,1,100,,211663,21,,,1,100,,211664,21,,,1,100,,211665,21,,,1,196,,211666,21,,,1
9200,'20260820',554,,211667,21,,,1,253,,211668,21,,,1,103,,211669,21,,,1,90,,211670,21,,,1,57,,211671,21,,,1,145,,211672,21,,,1,102,,211673,21,,,1,55,,211674,21,,,1,145,,211675,21,,,1,105,,211676,21,,,1,100,,211677,21,,,1,108,,211679,21,,,1,99,,211682,21,,,1,97,,211684,21,,,1,45,,211685,21,,,1,100,,211686,21,,,1,100,,211687,21,,,1,100,,211688,21,,,1,196,,211689,21,,,1
9200,'20260821',554,,211690,21,,,1,253,,211691,21,,,1,103,,211692,21,,,1,90,,211693,21,,,1,57,,211694,21,,,1,145,,211695,21,,,1,102,,211696,21,,,1,55,,211697,21,,,1,145,,211698,21,,,1,105,,211699,21,,,1,100,,211700,21,,,1,108,,211702,21,,,1,99,,211705,21,,,1,97,,211707,21,,,1,45,,211708,21,,,1,100,,211709,21,,,1,100,,211710,21,,,1,100,,211711,21,,,1,196,,211712,21,,,1
9200,'20260822',757,,211713,21,,,1,143,,211714,21,,,1,106,,211715,21,,,1,100,,211716,21,,,1,100,,211717,21,,,1,105,,211718,21,,,1,100,,211719,21,,,1,103,,211720,21,,,1,100,,211721,21,,,1,100,,211722,21,,,1,103,,211723,21,,,1,95,,211724,21,,,1,100,,211725,21,,,1,96,,211726,21,,,1,97,,211727,21,,,1,100,,211728,21,,,1,97,,211729,21,,,1,200,,211730,21,,,1
9200,'20260823',757,,211731,21,,,1,143,,211732,21,,,1,106,,211733,21,,,1,100,,211734,21,,,1,100,,211735,21,,,1,105,,211736,21,,,1,100,,211737,21,,,1,103,,211738,21,,,1,100,,211739,21,,,1,100,,211740,21,,,1,103,,211741,21,,,1,95,,211742,21,,,1,100,,211743,21,,,1,96,,211744,21,,,1,97,,211745,21,,,1,100,,211746,21,,,1,97,,211747,21,,,1,200,,211748,21,,,1
9200,'20260824',554,,211749,21,,,1,253,,211750,21,,,1,103,,211751,21,,,1,90,,211752,21,,,1,57,,211753,21,,,1,145,,211754,21,,,1,102,,211755,21,,,1,55,,211756,21,,,1,145,,211757,21,,,1,105,,211758,21,,,1,100,,211759,21,,,1,108,,211761,21,,,1,99,,211764,21,,,1,97,,211766,21,,,1,45,,211767,21,,,1,100,,211768,21,,,1,100,,211769,21,,,1,100,,211770,21,,,1,196,,211771,21,,,1
9200,'20260825',554,,211772,21,,,1,253,,211773,21,,,1,103,,211774,21,,,1,90,,211775,21,,,1,57,,211776,21,,,1,145,,211777,21,,,1,102,,211778,21,,,1,55,,211779,21,,,1,145,,211780,21,,,1,105,,211781,21,,,1,100,,211782,21,,,1,108,,211784,21,,,1,99,,211787,21,,,1,97,,211789,21,,,1,45,,211790,21,,,1,100,,211791,21,,,1,100,,211792,21,,,1,100,,211793,21,,,1,196,,211794,21,,,1
9200,'20260826',554,,211795,21,,,1,253,,211796,21,,,1,103,,211797,21,,,1,90,,211798,21,,,1,57,,211799,21,,,1,145,,211800,21,,,1,102,,211801,21,,,1,55,,211802,21,,,1,145,,211803,21,,,1,105,,211804,21,,,1,100,,211805,21,,,1,108,,211807,21,,,1,99,,211810,21,,,1,97,,211812,21,,,1,45,,211813,21,,,1,100,,211814,21,,,1,100,,211815,21,,,1,100,,211816,21,,,1,196,,211817,21,,,1
9200,'20260827',554,,211818,21,,,1,253,,211819,21,,,1,103,,211820,21,,,1,90,,211821,21,,,1,57,,211822,21,,,1,145,,211823,21,,,1,102,,211824,21,,,1,55,,211825,21,,,1,145,,211826,21,,,1,105,,211827,21,,,1,100,,211828,21,,,1,108,,211830,21,,,1,99,,211833,21,,,1,97,,211835,21,,,1,45,,211836,21,,,1,100,,211837,21,,,1,100,,211838,21,,,1,100,,211839,21,,,1,196,,211840,21,,,1
9200,'20260828',554,,211841,21,,,1,253,,211842,21,,,1,103,,211843,21,,,1,90,,211844,21,,,1,57,,211845,21,,,1,145,,211846,21,,,1,102,,211847,21,,,1,55,,211848,21,,,1,145,,211849,21,,,1,105,,211850,21,,,1,100,,211851,21,,,1,108,,211853,21,,,1,99,,211856,21,,,1,97,,211858,21,,,1,45,,211859,21,,,1,100,,211860,21,,,1,100,,211861,21,,,1,100,,211862,21,,,1,196,,211863,21,,,1
9200,'20260829',757,,211864,21,,,1,143,,211865,21,,,1,106,,211866,21,,,1,100,,211867,21,,,1,100,,211868,21,,,1,105,,211869,21,,,1,100,,211870,21,,,1,103,,211871,21,,,1,100,,211872,21,,,1,100,,211873,21,,,1,103,,211874,21,,,1,95,,211875,21,,,1,100,,211876,21,,,1,96,,211877,21,,,1,97,,211878,21,,,1,100,,211879,21,,,1,97,,211880,21,,,1,200,,211881,21,,,1
9200,'20260830',757,,211882,21,,,1,143,,211883,21,,,1,106,,211884,21,,,1,100,,211885,21,,,1,100,,211886,21,,,1,105,,211887,21,,,1,100,,211888,21,,,1,103,,211889,21,,,1,100,,211890,21,,,1,100,,211891,21,,,1,103,,211892,21,,,1,95,,211893,21,,,1,100,,211894,21,,,1,96,,211895,21,,,1,97,,211896,21,,,1,100,,211897,21,,,1,97,,211898,21,,,1,200,,211899,21,,,1
9200,'20260831',554,,211900,21,,,1,253,,211901,21,,,1,103,,211902,21,,,1,90,,211903,21,,,1,57,,211904,21,,,1,145,,211905,21,,,1,102,,211906,21,,,1,55,,211907,21,,,1,145,,211908,21,,,1,105,,211909,21,,,1,100,,211910,21,,,1,108,,211912,21,,,1,99,,211915,21,,,1,97,,211917,21,,,1,45,,211918,21,,,1,100,,211919,21,,,1,100,,211920,21,,,1,100,,211921,21,,,1,196,,211922,21,,,1
9200,'20260901',554,,211923,21,,,1,253,,211924,21,,,1,103,,211925,21,,,1,90,,211926,21,,,1,57,,211927,21,,,1,145,,211928,21,,,1,102,,211929,21,,,1,55,,211930,21,,,1,145,,211931,21,,,1,105,,211932,21,,,1,100,,211933,21,,,1,108,,211935,21,,,1,99,,211938,21,,,1,97,,211940,21,,,1,45,,211941,21,,,1,100,,211942,21,,,1,100,,211943,21,,,1,100,,211944,21,,,1,196,,211945,21,,,1
9200,'20260902',554,,211946,21,,,1,253,,211947,21,,,1,103,,211948,21,,,1,90,,211949,21,,,1,57,,211950,21,,,1,145,,211951,21,,,1,102,,211952,21,,,1,55,,211953,21,,,1,145,,211954,21,,,1,105,,211955,21,,,1,100,,211956,21,,,1,108,,211958,21,,,1,99,,211961,21,,,1,97,,211963,21,,,1,45,,211964,21,,,1,100,,211965,21,,,1,100,,211966,21,,,1,100,,211967,21,,,1,196,,211968,21,,,1
9200,'20260903',554,,211969,21,,,1,253,,211970,21,,,1,103,,211971,21,,,1,90,,211972,21,,,1,57,,211973,21,,,1,145,,211974,21,,,1,102,,211975,21,,,1,55,,211976,21,,,1,145,,211977,21,,,1,105,,211978,21,,,1,100,,211979,21,,,1,108,,211981,21,,,1,99,,211984,21,,,1,97,,211986,21,,,1,45,,211987,21,,,1,100,,211988,21,,,1,100,,211989,21,,,1,100,,211990,21,,,1,196,,211991,21,,,1
9200,'20260904',554,,211992,21,,,1,253,,211993,21,,,1,103,,211994,21,,,1,90,,211995,21,,,1,57,,211996,21,,,1,145,,211997,21,,,1,102,,211998,21,,,1,55,,211999,21,,,1,145,,212000,21,,,1,105,,212001,21,,,1,100,,212002,21,,,1,108,,212004,21,,,1,99,,212007,21,,,1,97,,212009,21,,,1,45,,212010,21,,,1,100,,212011,21,,,1,100,,212012,21,,,1,100,,212013,21,,,1,196,,212014,21,,,1
