6800,'20260707',734,,204485,40,,,1,101,,204486,32,0,5 27 28 9,1,110,,204487,32,0,5 27 28 9,1,386,,204488,40,,,1,99,,204489,40,,,1,304,,204490,32,0,5 27 28 9,1,396,,204492,40,,,1,91,,204493,40,,,1,95,,204494,40,,,1
6800,'20260708',734,,204495,40,,,1,101,,204496,32,0,5 27 28 9,1,110,,204497,32,0,5 27 28 9,1,386,,204498,40,,,1,99,,204499,40,,,1,304,,204500,32,0,5 27 28 9,1,396,,204502,40,,,1,91,,204503,40,,,1,95,,204504,40,,,1
6800,'20260709',734,,204505,40,,,1,101,,204506,32,0,5 27 28 9,1,110,,204507,32,0,5 27 28 9,1,386,,204508,40,,,1,99,,204509,40,,,1,304,,204510,32,0,5 27 28 9,1,396,,204512,40,,,1,91,,204513,40,,,1,95,,204514,40,,,1
6800,'20260710',734,,204515,40,,,1,101,,204516,32,0,5 27 28 9,1,110,,204517,32,0,5 27 28 9,1,386,,204518,40,,,1,99,,204519,40,,,1,304,,204520,32,0,5 27 28 9,1,396,,204522,40,,,1,91,,204523,40,,,1,95,,204524,40,,,1
6800,'20260711',921,,204525,40,,,1,304,,204526,40,,,1,300,,204527,40,,,1,400,,204528,40,,,1,200,,204529,40,,,1,476,,204530,32,0,5 27 28 9,1
6800,'20260712',921,,204531,40,,,1,304,,204532,40,,,1,300,,204533,40,,,1,400,,204534,40,,,1,200,,204535,40,,,1,476,,204536,32,0,5 27 28 9,1
6800,'20260713',734,,204537,40,,,1,101,,204538,32,0,5 27 28 9,1,110,,204539,32,0,5 27 28 9,1,386,,204540,40,,,1,99,,204541,40,,,1,304,,204542,32,0,5 27 28 9,1,396,,204544,40,,,1,91,,204545,40,,,1,95,,204546,40,,,1
6800,'20260714',734,,204547,40,,,1,101,,204548,32,0,5 27 28 9,1,110,,204549,32,0,5 27 28 9,1,386,,204550,40,,,1,99,,204551,40,,,1,304,,204552,32,0,5 27 28 9,1,396,,204554,40,,,1,91,,204555,40,,,1,95,,204556,40,,,1
6800,'20260715',734,,204557,40,,,1,101,,204558,32,0,5 27 28 9,1,110,,204559,32,0,5 27 28 9,1,386,,204560,40,,,1,99,,204561,40,,,1,304,,204562,32,0,5 27 28 9,1,396,,204564,40,,,1,91,,204565,40,,,1,95,,204566,40,,,1
6800,'20260716',734,,204567,40,,,1,101,,204568,32,0,5 27 28 9,1,110,,204569,32,0,5 27 28 9,1,386,,204570,40,,,1,99,,204571,40,,,1,304,,204572,32,0,5 27 28 9,1,396,,204574,40,,,1,91,,204575,40,,,1,95,,204576,40,,,1
6800,'20260717',734,,204577,40,,,1,101,,204578,32,0,5 27 28 9,1,110,,204579,32,0,5 27 28 9,1,386,,204580,40,,,1,99,,204581,40,,,1,304,,204582,32,0,5 27 28 9,1,396,,204584,40,,,1,91,,204585,40,,,1,95,,204586,40,,,1
6800,'20260718',921,,204587,40,,,1,304,,204588,40,,,1,300,,204589,40,,,1,400,,204590,40,,,1,200,,204591,40,,,1,476,,204592,32,0,5 27 28 9,1
6800,'20260719',921,,204593,40,,,1,304,,204594,40,,,1,300,,204595,40,,,1,400,,204596,40,,,1,200,,204597,40,,,1,476,,204598,32,0,5 27 28 9,1
6800,'20260720',734,,204599,38,,,1,101,,204600,30,0,5 27 28 9,1,110,,204601,30,0,5 27 28 9,1,386,,204602,38,,,1,99,,204603,38,,,1,304,,204604,30,0,5 27 28 9,1,396,,204606,38,,,1,91,,204607,38,,,1,95,,204608,38,,,1
6800,'20260721',734,,204609,38,,,1,101,,204610,30,0,5 27 28 9,1,110,,204611,30,0,5 27 28 9,1,386,,204612,38,,,1,99,,204613,38,,,1,304,,204614,30,0,5 27 28 9,1,396,,204616,38,,,1,91,,204617,38,,,1,95,,204618,38,,,1
6800,'20260722',734,,204619,38,,,1,101,,204620,30,0,5 27 28 9,1,110,,204621,30,0,5 27 28 9,1,386,,204622,38,,,1,99,,204623,38,,,1,304,,204624,30,0,5 27 28 9,1,396,,204626,38,,,1,91,,204627,38,,,1,95,,204628,38,,,1
6800,'20260723',734,,204629,38,,,1,101,,204630,30,0,5 27 28 9,1,110,,204631,30,0,5 27 28 9,1,386,,204632,38,,,1,99,,204633,38,,,1,304,,204634,30,0,5 27 28 9,1,396,,204636,38,,,1,91,,204637,38,,,1,95,,204638,38,,,1
6800,'20260724',734,,204639,38,,,1,101,,204640,30,0,5 27 28 9,1,110,,204641,30,0,5 27 28 9,1,386,,204642,38,,,1,99,,204643,38,,,1,304,,204644,30,0,5 27 28 9,1,396,,204646,38,,,1,91,,204647,38,,,1,95,,204648,38,,,1
6800,'20260725',921,,204649,38,,,1,93,,219937,8,0,57 27 28 9,1,125,,219938,48,0,53 27 28 9,1,86,,204650,38,,,1,99,,219939,8,0,57 27 28 9,1,127,,219940,48,0,53 27 28 9,1,74,,204651,38,,,1,99,,219941,8,0,57 27 28 9,1,127,,219942,48,0,53 27 28 9,1,168,,219943,8,0,57 27 28 9,1,6,,204652,38,,,1,126,,219944,48,0,53 27 28 9,1,74,,204653,38,,,1,94,,219945,8,0,57 27 28 9,1,110,,219946,48,0,53 27 28 9,1,85,,219949,8,0,57 27 28 9,1,115,,219948,48,0,53 27 28 9,1,72,,204654,30,0,5 27 28 9,1
6800,'20260726',921,,204655,38,,,1,93,,219950,8,0,57 27 28 9,1,125,,219951,48,0,53 27 28 9,1,86,,204656,38,,,1,99,,219952,8,0,57 27 28 9,1,127,,219953,48,0,53 27 28 9,1,74,,204657,38,,,1,99,,219954,8,0,57 27 28 9,1,127,,219955,48,0,53 27 28 9,1,168,,219956,8,0,57 27 28 9,1,6,,204658,38,,,1,126,,219957,48,0,53 27 28 9,1,74,,204659,38,,,1,94,,219958,8,0,57 27 28 9,1,110,,219959,48,0,53 27 28 9,1,85,,219962,8,0,57 27 28 9,1,115,,219961,48,0,53 27 28 9,1,72,,204660,30,0,5 27 28 9,1
6800,'20260727',734,,204661,38,,,1,101,,204662,30,0,5 27 28 9,1,110,,204663,30,0,5 27 28 9,1,386,,204664,38,,,1,99,,204665,38,,,1,304,,204666,30,0,5 27 28 9,1,396,,204668,38,,,1,91,,204669,38,,,1,95,,204670,38,,,1
6800,'20260728',734,,204671,38,,,1,101,,204672,30,0,5 27 28 9,1,110,,204673,30,0,5 27 28 9,1,386,,204674,38,,,1,99,,204675,38,,,1,304,,204676,30,0,5 27 28 9,1,396,,204678,38,,,1,91,,204679,38,,,1,95,,204680,38,,,1
6800,'20260729',734,,204681,38,,,1,101,,204682,30,0,5 27 28 9,1,110,,204683,30,0,5 27 28 9,1,386,,204684,38,,,1,99,,204685,38,,,1,304,,204686,30,0,5 27 28 9,1,396,,204688,38,,,1,91,,204689,38,,,1,95,,204690,38,,,1
6800,'20260730',734,,204691,38,,,1,101,,204692,30,0,5 27 28 9,1,110,,204693,30,0,5 27 28 9,1,386,,204694,38,,,1,99,,204695,38,,,1,304,,204696,30,0,5 27 28 9,1,396,,204698,38,,,1,91,,204699,38,,,1,95,,204700,38,,,1
6800,'20260731',734,,204701,38,,,1,101,,204702,30,0,5 27 28 9,1,110,,204703,30,0,5 27 28 9,1,386,,204704,38,,,1,99,,204705,38,,,1,304,,204706,30,0,5 27 28 9,1,396,,204708,38,,,1,91,,204709,38,,,1,95,,204710,38,,,1
6800,'20260801',921,,204711,38,,,1,304,,204712,38,,,1,300,,204713,38,,,1,400,,204714,38,,,1,200,,204715,38,,,1,476,,204716,30,0,5 27 28 9,1
6800,'20260802',921,,204717,38,,,1,304,,204718,38,,,1,300,,204719,38,,,1,400,,204720,38,,,1,200,,204721,38,,,1,476,,204722,30,0,5 27 28 9,1
6800,'20260803',921,,204723,38,,,1,304,,204724,38,,,1,300,,204725,38,,,1,400,,204726,38,,,1,200,,204727,38,,,1,476,,204728,30,0,5 27 28 9,1
6800,'20260804',734,,204729,38,,,1,101,,204730,30,0,5 27 28 9,1,110,,204731,30,0,5 27 28 9,1,386,,204732,38,,,1,99,,204733,38,,,1,304,,204734,30,0,5 27 28 9,1,396,,204736,38,,,1,91,,204737,38,,,1,95,,204738,38,,,1
6800,'20260805',734,,204739,38,,,1,101,,204740,30,0,5 27 28 9,1,110,,204741,30,0,5 27 28 9,1,386,,204742,38,,,1,99,,204743,38,,,1,304,,204744,30,0,5 27 28 9,1,396,,204746,38,,,1,91,,204747,38,,,1,95,,204748,38,,,1
6800,'20260806',734,,204749,38,,,1,101,,204750,30,0,5 27 28 9,1,110,,204751,30,0,5 27 28 9,1,386,,204752,38,,,1,99,,204753,38,,,1,304,,204754,30,0,5 27 28 9,1,396,,204756,38,,,1,91,,204757,38,,,1,95,,204758,38,,,1
6800,'20260807',734,,204759,38,,,1,101,,204760,30,0,5 27 28 9,1,110,,204761,30,0,5 27 28 9,1,386,,204762,38,,,1,99,,204763,38,,,1,304,,204764,30,0,5 27 28 9,1,396,,204766,38,,,1,91,,204767,38,,,1,95,,204768,38,,,1
6800,'20260808',921,,204769,38,,,1,304,,204770,38,,,1,300,,204771,38,,,1,400,,204772,38,,,1,200,,204773,38,,,1,476,,204774,30,0,5 27 28 9,1
6800,'20260809',921,,204775,38,,,1,304,,204776,38,,,1,300,,204777,38,,,1,400,,204778,38,,,1,200,,204779,38,,,1,476,,204780,30,0,5 27 28 9,1
6800,'20260810',734,,204781,38,,,1,101,,204782,30,0,5 27 28 9,1,110,,204783,30,0,5 27 28 9,1,386,,204784,38,,,1,99,,204785,38,,,1,304,,204786,30,0,5 27 28 9,1,396,,204788,38,,,1,91,,204789,38,,,1,95,,204790,38,,,1
6800,'20260811',734,,204791,38,,,1,101,,204792,30,0,5 27 28 9,1,110,,204793,30,0,5 27 28 9,1,386,,204794,38,,,1,99,,204795,38,,,1,304,,204796,30,0,5 27 28 9,1,396,,204798,38,,,1,91,,204799,38,,,1,95,,204800,38,,,1
6800,'20260812',734,,204801,38,,,1,101,,204802,30,0,5 27 28 9,1,110,,204803,30,0,5 27 28 9,1,386,,204804,38,,,1,99,,204805,38,,,1,304,,204806,30,0,5 27 28 9,1,396,,204808,38,,,1,91,,204809,38,,,1,95,,204810,38,,,1
6800,'20260813',734,,204811,38,,,1,101,,204812,30,0,5 27 28 9,1,110,,204813,30,0,5 27 28 9,1,386,,204814,38,,,1,99,,204815,38,,,1,304,,204816,30,0,5 27 28 9,1,396,,204818,38,,,1,91,,204819,38,,,1,95,,204820,38,,,1
6800,'20260814',734,,204821,38,,,1,101,,204822,30,0,5 27 28 9,1,110,,204823,30,0,5 27 28 9,1,386,,204824,38,,,1,99,,204825,38,,,1,304,,204826,30,0,5 27 28 9,1,396,,204828,38,,,1,91,,204829,38,,,1,95,,204830,38,,,1
6800,'20260815',921,,204831,38,,,1,304,,204832,38,,,1,300,,204833,38,,,1,400,,204834,38,,,1,200,,204835,38,,,1,476,,204836,30,0,5 27 28 9,1
6800,'20260816',921,,204837,38,,,1,304,,204838,38,,,1,300,,204839,38,,,1,400,,204840,38,,,1,200,,204841,38,,,1,476,,204842,30,0,5 27 28 9,1
6800,'20260817',734,,204843,38,,,1,101,,204844,30,0,5 27 28 9,1,110,,204845,30,0,5 27 28 9,1,386,,204846,38,,,1,99,,204847,38,,,1,304,,204848,30,0,5 27 28 9,1,396,,204850,38,,,1,91,,204851,38,,,1,95,,204852,38,,,1
6800,'20260818',734,,204853,38,,,1,101,,204854,30,0,5 27 28 9,1,110,,204855,30,0,5 27 28 9,1,386,,204856,38,,,1,99,,204857,38,,,1,304,,204858,30,0,5 27 28 9,1,396,,204860,38,,,1,91,,204861,38,,,1,95,,204862,38,,,1
6800,'20260819',734,,204863,38,,,1,101,,204864,30,0,5 27 28 9,1,110,,204865,30,0,5 27 28 9,1,386,,204866,38,,,1,99,,204867,38,,,1,304,,204868,30,0,5 27 28 9,1,396,,204870,38,,,1,91,,204871,38,,,1,95,,204872,38,,,1
6800,'20260820',734,,204873,38,,,1,101,,204874,30,0,5 27 28 9,1,110,,204875,30,0,5 27 28 9,1,386,,204876,38,,,1,99,,204877,38,,,1,304,,204878,30,0,5 27 28 9,1,396,,204880,38,,,1,91,,204881,38,,,1,95,,204882,38,,,1
6800,'20260821',734,,204883,38,,,1,101,,204884,30,0,5 27 28 9,1,110,,204885,30,0,5 27 28 9,1,386,,204886,38,,,1,99,,204887,38,,,1,304,,204888,30,0,5 27 28 9,1,396,,204890,38,,,1,91,,204891,38,,,1,95,,204892,38,,,1
6800,'20260822',921,,204893,38,,,1,304,,204894,38,,,1,300,,204895,38,,,1,400,,204896,38,,,1,200,,204897,38,,,1,476,,204898,30,0,5 27 28 9,1
6800,'20260823',921,,204899,38,,,1,304,,204900,38,,,1,300,,204901,38,,,1,400,,204902,38,,,1,200,,204903,38,,,1,476,,204904,30,0,5 27 28 9,1
6800,'20260824',734,,204905,38,,,1,101,,204906,30,0,5 27 28 9,1,110,,204907,30,0,5 27 28 9,1,386,,204908,38,,,1,99,,204909,38,,,1,304,,204910,30,0,5 27 28 9,1,396,,204912,38,,,1,91,,204913,38,,,1,95,,204914,38,,,1
6800,'20260825',734,,204915,38,,,1,101,,204916,30,0,5 27 28 9,1,110,,204917,30,0,5 27 28 9,1,386,,204918,38,,,1,99,,204919,38,,,1,304,,204920,30,0,5 27 28 9,1,396,,204922,38,,,1,91,,204923,38,,,1,95,,204924,38,,,1
6800,'20260826',734,,204925,38,,,1,101,,204926,30,0,5 27 28 9,1,110,,204927,30,0,5 27 28 9,1,386,,204928,38,,,1,99,,204929,38,,,1,304,,204930,30,0,5 27 28 9,1,396,,204932,38,,,1,91,,204933,38,,,1,95,,204934,38,,,1
6800,'20260827',734,,204935,38,,,1,101,,204936,30,0,5 27 28 9,1,110,,204937,30,0,5 27 28 9,1,386,,204938,38,,,1,99,,204939,38,,,1,304,,204940,30,0,5 27 28 9,1,396,,204942,38,,,1,91,,204943,38,,,1,95,,204944,38,,,1
6800,'20260828',734,,204945,38,,,1,101,,204946,30,0,5 27 28 9,1,110,,204947,30,0,5 27 28 9,1,386,,204948,38,,,1,99,,204949,38,,,1,304,,204950,30,0,5 27 28 9,1,396,,204952,38,,,1,91,,204953,38,,,1,95,,204954,38,,,1
6800,'20260829',921,,204955,38,,,1,304,,204956,38,,,1,300,,204957,38,,,1,400,,204958,38,,,1,200,,204959,38,,,1,476,,204960,30,0,5 27 28 9,1
6800,'20260830',921,,204961,38,,,1,304,,204962,38,,,1,300,,204963,38,,,1,400,,204964,38,,,1,200,,204965,38,,,1,476,,204966,30,0,5 27 28 9,1
6800,'20260831',734,,204967,38,,,1,101,,204968,30,0,5 27 28 9,1,110,,204969,30,0,5 27 28 9,1,386,,204970,38,,,1,99,,204971,38,,,1,304,,204972,30,0,5 27 28 9,1,396,,204974,38,,,1,91,,204975,38,,,1,95,,204976,38,,,1
6800,'20260901',734,,204977,38,,,1,101,,204978,30,0,5 27 28 9,1,110,,204979,30,0,5 27 28 9,1,386,,204980,38,,,1,99,,204981,38,,,1,304,,204982,30,0,5 27 28 9,1,396,,204984,38,,,1,91,,204985,38,,,1,95,,204986,38,,,1
6800,'20260902',734,,204987,38,,,1,101,,204988,30,0,5 27 28 9,1,110,,204989,30,0,5 27 28 9,1,386,,204990,38,,,1,99,,204991,38,,,1,304,,204992,30,0,5 27 28 9,1,396,,204994,38,,,1,91,,204995,38,,,1,95,,204996,38,,,1
6800,'20260903',734,,204997,38,,,1,101,,204998,30,0,5 27 28 9,1,110,,204999,30,0,5 27 28 9,1,386,,205000,38,,,1,99,,205001,38,,,1,304,,205002,30,0,5 27 28 9,1,396,,205004,38,,,1,91,,205005,38,,,1,95,,205006,38,,,1
6800,'20260904',734,,205007,38,,,1,101,,205008,30,0,5 27 28 9,1,110,,205009,30,0,5 27 28 9,1,386,,205010,38,,,1,99,,205011,38,,,1,304,,205012,30,0,5 27 28 9,1,396,,205014,38,,,1,91,,205015,38,,,1,95,,205016,38,,,1
