3700,'20260529',614,,93799,13,0,7 81 82,1,118,,93800,13,0,7 81 82,1,670,,93801,13,,,1,304,,93802,13,,,1,107,,93803,13,,,1,101,,93804,13,,,1,144,,93805,13,,,1
3700,'20260601',614,,93806,13,0,7 81 82,1,118,,93807,13,0,7 81 82,1,670,,93808,13,,,1,304,,93809,13,,,1,107,,93810,13,,,1,101,,93811,13,,,1,144,,93812,13,,,1
3700,'20260602',614,,93813,13,0,7 81 82,1,118,,93814,13,0,7 81 82,1,670,,93815,13,,,1,304,,93816,13,,,1,107,,93817,13,,,1,101,,93818,13,,,1,144,,93819,13,,,1
3700,'20260603',614,,93820,13,0,7 81 82,1,118,,93821,13,0,7 81 82,1,670,,93822,13,,,1,304,,93823,13,,,1,107,,93824,13,,,1,101,,93825,13,,,1,144,,93826,13,,,1
3700,'20260604',614,,93827,13,0,7 81 82,1,118,,93828,13,0,7 81 82,1,670,,93829,13,,,1,304,,93830,13,,,1,107,,93831,13,,,1,101,,93832,13,,,1,144,,93833,13,,,1
3700,'20260605',614,,93834,13,0,7 81 82,1,118,,93835,13,0,7 81 82,1,670,,93836,13,,,1,304,,93837,13,,,1,107,,93838,13,,,1,101,,93839,13,,,1,144,,93840,13,,,1
3700,'20260608',614,,93841,13,0,7 81 82,1,118,,93842,13,0,7 81 82,1,670,,93843,13,,,1,304,,93844,13,,,1,107,,93845,13,,,1,101,,93846,13,,,1,144,,93847,13,,,1
3700,'20260609',614,,93848,13,0,7 81 82,1,118,,93849,13,0,7 81 82,1,670,,93850,13,,,1,304,,93851,13,,,1,107,,93852,13,,,1,101,,93853,13,,,1,144,,93854,13,,,1
3700,'20260610',614,,93855,13,0,7 81 82,1,118,,93856,13,0,7 81 82,1,670,,93857,13,,,1,304,,93858,13,,,1,107,,93859,13,,,1,101,,93860,13,,,1,144,,93861,13,,,1
3700,'20260611',614,,93862,13,0,7 81 82,1,118,,93863,13,0,7 81 82,1,670,,93864,13,,,1,304,,93865,13,,,1,107,,93866,13,,,1,101,,93867,13,,,1,144,,93868,13,,,1
3700,'20260612',614,,93869,13,0,7 81 82,1,118,,93870,13,0,7 81 82,1,670,,93871,13,,,1,304,,93872,13,,,1,107,,93873,13,,,1,101,,93874,13,,,1,144,,93875,13,,,1
3700,'20260615',614,,175723,13,0,7 81 82,1,118,,175724,13,0,7 81 82,1,670,,175725,13,,,1,304,,175726,13,,,1,107,,175727,13,,,1,101,,175728,13,,,1,144,,175729,13,,,1
3700,'20260616',614,,175730,13,0,7 81 82,1,118,,175731,13,0,7 81 82,1,670,,175732,13,,,1,304,,175733,13,,,1,107,,175734,13,,,1,101,,175735,13,,,1,144,,175736,13,,,1
3700,'20260617',614,,175737,13,0,7 81 82,1,118,,175738,13,0,7 81 82,1,670,,175739,13,,,1,304,,175740,13,,,1,107,,175741,13,,,1,101,,175742,13,,,1,144,,175743,13,,,1
3700,'20260618',614,,175744,13,0,7 81 82,1,118,,175745,13,0,7 81 82,1,670,,175746,13,,,1,304,,175747,13,,,1,107,,175748,13,,,1,101,,175749,13,,,1,144,,175750,13,,,1
3700,'20260619',614,,175751,13,0,7 81 82,1,118,,175752,13,0,7 81 82,1,670,,175753,13,,,1,304,,175754,13,,,1,107,,175755,13,,,1,101,,175756,13,,,1,144,,175757,13,,,1
3700,'20260622',614,,175758,13,0,7 81 82,1,118,,175759,13,0,7 81 82,1,670,,175760,13,,,1,304,,175761,13,,,1,107,,175762,13,,,1,101,,175763,13,,,1,144,,175764,13,,,1
3700,'20260623',614,,175765,13,0,7 81 82,1,118,,175766,13,0,7 81 82,1,670,,175767,13,,,1,304,,175768,13,,,1,107,,175769,13,,,1,101,,175770,13,,,1,144,,175771,13,,,1
3700,'20260624',614,,175772,13,0,7 81 82,1,118,,175773,13,0,7 81 82,1,670,,175774,13,,,1,304,,175775,13,,,1,107,,175776,13,,,1,101,,175777,13,,,1,144,,175778,13,,,1
3700,'20260625',614,,175779,13,0,7 81 82,1,118,,175780,13,0,7 81 82,1,670,,175781,13,,,1,304,,175782,13,,,1,107,,175783,13,,,1,101,,175784,13,,,1,144,,175785,13,,,1
3700,'20260626',614,,175786,13,0,7 81 82,1,118,,175787,13,0,7 81 82,1,670,,175788,13,,,1,304,,175789,13,,,1,107,,175790,13,,,1,101,,175791,13,,,1,144,,175792,13,,,1
3700,'20260629',614,,175793,13,0,7 81 82,1,118,,175794,13,0,7 81 82,1,670,,175795,13,,,1,304,,175796,13,,,1,107,,175797,13,,,1,101,,175798,13,,,1,144,,175799,13,,,1
3700,'20260630',614,,175800,13,0,7 81 82,1,118,,175801,13,0,7 81 82,1,670,,175802,13,,,1,304,,175803,13,,,1,107,,175804,13,,,1,101,,175805,13,,,1,144,,175806,13,,,1
3700,'20260702',614,,175807,13,0,7 81 82,1,118,,175808,13,0,7 81 82,1,670,,175809,13,,,1,304,,175810,13,,,1,107,,175811,13,,,1,101,,175812,13,,,1,144,,175813,13,,,1
3700,'20260703',614,,175814,13,0,7 81 82,1,118,,175815,13,0,7 81 82,1,670,,175816,13,,,1,304,,175817,13,,,1,107,,175818,13,,,1,101,,175819,13,,,1,144,,175820,13,,,1
3700,'20260706',614,,175821,13,0,7 81 82,1,118,,175822,13,0,7 81 82,1,670,,175823,13,,,1,304,,175824,13,,,1,107,,175825,13,,,1,101,,175826,13,,,1,144,,175827,13,,,1
3700,'20260707',614,,175828,13,0,7 81 82,1,118,,175829,13,0,7 81 82,1,670,,175830,13,,,1,304,,175831,13,,,1,107,,175832,13,,,1,101,,175833,13,,,1,144,,175834,13,,,1
3700,'20260708',614,,175835,13,0,7 81 82,1,118,,175836,13,0,7 81 82,1,670,,175837,13,,,1,304,,175838,13,,,1,107,,175839,13,,,1,101,,175840,13,,,1,144,,175841,13,,,1
3700,'20260709',614,,175842,13,0,7 81 82,1,118,,175843,13,0,7 81 82,1,670,,175844,13,,,1,304,,175845,13,,,1,107,,175846,13,,,1,101,,175847,13,,,1,144,,175848,13,,,1
3700,'20260710',614,,175849,13,0,7 81 82,1,118,,175850,13,0,7 81 82,1,670,,175851,13,,,1,304,,175852,13,,,1,107,,175853,13,,,1,101,,175854,13,,,1,144,,175855,13,,,1
3700,'20260713',614,,175856,13,0,7 81 82,1,118,,175857,13,0,7 81 82,1,670,,175858,13,,,1,304,,175859,13,,,1,107,,175860,13,,,1,101,,175861,13,,,1,144,,175862,13,,,1
3700,'20260714',614,,175863,13,0,7 81 82,1,118,,175864,13,0,7 81 82,1,670,,175865,13,,,1,304,,175866,13,,,1,107,,175867,13,,,1,101,,175868,13,,,1,144,,175869,13,,,1
3700,'20260715',614,,175870,13,0,7 81 82,1,118,,175871,13,0,7 81 82,1,670,,175872,13,,,1,304,,175873,13,,,1,107,,175874,13,,,1,101,,175875,13,,,1,144,,175876,13,,,1
3700,'20260716',614,,175877,13,0,7 81 82,1,118,,175878,13,0,7 81 82,1,670,,175879,13,,,1,304,,175880,13,,,1,107,,175881,13,,,1,101,,175882,13,,,1,144,,175883,13,,,1
3700,'20260717',614,,175884,13,0,7 81 82,1,118,,175885,13,0,7 81 82,1,670,,175886,13,,,1,304,,175887,13,,,1,107,,175888,13,,,1,101,,175889,13,,,1,144,,175890,13,,,1
3700,'20260720',614,,175891,13,0,7 81 82,1,118,,175892,13,0,7 81 82,1,670,,175893,13,,,1,304,,175894,13,,,1,107,,175895,13,,,1,101,,175896,13,,,1,144,,175897,13,,,1
3700,'20260721',614,,175898,13,0,7 81 82,1,118,,175899,13,0,7 81 82,1,670,,175900,13,,,1,304,,175901,13,,,1,107,,175902,13,,,1,101,,175903,13,,,1,144,,175904,13,,,1
3700,'20260722',614,,175905,13,0,7 81 82,1,118,,175906,13,0,7 81 82,1,670,,175907,13,,,1,304,,175908,13,,,1,107,,175909,13,,,1,101,,175910,13,,,1,144,,175911,13,,,1
3700,'20260723',614,,175912,13,0,7 81 82,1,118,,175913,13,0,7 81 82,1,670,,175914,13,,,1,304,,175915,13,,,1,107,,175916,13,,,1,101,,175917,13,,,1,144,,175918,13,,,1
3700,'20260724',614,,175919,13,0,7 81 82,1,118,,175920,13,0,7 81 82,1,670,,175921,13,,,1,304,,175922,13,,,1,107,,175923,13,,,1,101,,175924,13,,,1,144,,175925,13,,,1
3700,'20260727',614,,175926,13,0,7 81 82,1,118,,175927,13,0,7 81 82,1,670,,175928,13,,,1,304,,175929,13,,,1,107,,175930,13,,,1,101,,175931,13,,,1,144,,175932,13,,,1
3700,'20260728',614,,175933,13,0,7 81 82,1,118,,175934,13,0,7 81 82,1,670,,175935,13,,,1,304,,175936,13,,,1,107,,175937,13,,,1,101,,175938,13,,,1,144,,175939,13,,,1
3700,'20260729',614,,175940,13,0,7 81 82,1,118,,175941,13,0,7 81 82,1,670,,175942,13,,,1,304,,175943,13,,,1,107,,175944,13,,,1,101,,175945,13,,,1,144,,175946,13,,,1
3700,'20260730',614,,175947,13,0,7 81 82,1,118,,175948,13,0,7 81 82,1,670,,175949,13,,,1,304,,175950,13,,,1,107,,175951,13,,,1,101,,175952,13,,,1,144,,175953,13,,,1
3700,'20260731',614,,175954,13,0,7 81 82,1,118,,175955,13,0,7 81 82,1,670,,175956,13,,,1,304,,175957,13,,,1,107,,175958,13,,,1,101,,175959,13,,,1,144,,175960,13,,,1
3700,'20260804',614,,175961,13,0,7 81 82,1,118,,175962,13,0,7 81 82,1,670,,175963,13,,,1,304,,175964,13,,,1,107,,175965,13,,,1,101,,175966,13,,,1,144,,175967,13,,,1
3700,'20260805',614,,175968,13,0,7 81 82,1,118,,175969,13,0,7 81 82,1,670,,175970,13,,,1,304,,175971,13,,,1,107,,175972,13,,,1,101,,175973,13,,,1,144,,175974,13,,,1
3700,'20260806',614,,175975,13,0,7 81 82,1,118,,175976,13,0,7 81 82,1,670,,175977,13,,,1,304,,175978,13,,,1,107,,175979,13,,,1,101,,175980,13,,,1,144,,175981,13,,,1
3700,'20260807',614,,175982,13,0,7 81 82,1,118,,175983,13,0,7 81 82,1,670,,175984,13,,,1,304,,175985,13,,,1,107,,175986,13,,,1,101,,175987,13,,,1,144,,175988,13,,,1
3700,'20260810',614,,175989,13,0,7 81 82,1,118,,175990,13,0,7 81 82,1,670,,175991,13,,,1,304,,175992,13,,,1,107,,175993,13,,,1,101,,175994,13,,,1,144,,175995,13,,,1
3700,'20260811',614,,175996,13,0,7 81 82,1,118,,175997,13,0,7 81 82,1,670,,175998,13,,,1,304,,175999,13,,,1,107,,176000,13,,,1,101,,176001,13,,,1,144,,176002,13,,,1
3700,'20260812',614,,176003,13,0,7 81 82,1,118,,176004,13,0,7 81 82,1,670,,176005,13,,,1,304,,176006,13,,,1,107,,176007,13,,,1,101,,176008,13,,,1,144,,176009,13,,,1
3700,'20260813',614,,176010,13,0,7 81 82,1,118,,176011,13,0,7 81 82,1,670,,176012,13,,,1,304,,176013,13,,,1,107,,176014,13,,,1,101,,176015,13,,,1,144,,176016,13,,,1
3700,'20260814',614,,176017,13,0,7 81 82,1,118,,176018,13,0,7 81 82,1,670,,176019,13,,,1,304,,176020,13,,,1,107,,176021,13,,,1,101,,176022,13,,,1,144,,176023,13,,,1
3700,'20260817',614,,176024,13,0,7 81 82,1,118,,176025,13,0,7 81 82,1,670,,176026,13,,,1,304,,176027,13,,,1,107,,176028,13,,,1,101,,176029,13,,,1,144,,176030,13,,,1
3700,'20260818',614,,176031,13,0,7 81 82,1,118,,176032,13,0,7 81 82,1,670,,176033,13,,,1,304,,176034,13,,,1,107,,176035,13,,,1,101,,176036,13,,,1,144,,176037,13,,,1
3700,'20260819',614,,176038,13,0,7 81 82,1,118,,176039,13,0,7 81 82,1,670,,176040,13,,,1,304,,176041,13,,,1,107,,176042,13,,,1,101,,176043,13,,,1,144,,176044,13,,,1
3700,'20260820',614,,176045,13,0,7 81 82,1,118,,176046,13,0,7 81 82,1,670,,176047,13,,,1,304,,176048,13,,,1,107,,176049,13,,,1,101,,176050,13,,,1,144,,176051,13,,,1
3700,'20260821',614,,176052,13,0,7 81 82,1,118,,176053,13,0,7 81 82,1,670,,176054,13,,,1,304,,176055,13,,,1,107,,176056,13,,,1,101,,176057,13,,,1,144,,176058,13,,,1
3700,'20260824',614,,176059,13,0,7 81 82,1,118,,176060,13,0,7 81 82,1,670,,176061,13,,,1,304,,176062,13,,,1,107,,176063,13,,,1,101,,176064,13,,,1,144,,176065,13,,,1
3700,'20260825',614,,176066,13,0,7 81 82,1,118,,176067,13,0,7 81 82,1,670,,176068,13,,,1,304,,176069,13,,,1,107,,176070,13,,,1,101,,176071,13,,,1,144,,176072,13,,,1
3700,'20260826',614,,176073,13,0,7 81 82,1,118,,176074,13,0,7 81 82,1,670,,176075,13,,,1,304,,176076,13,,,1,107,,176077,13,,,1,101,,176078,13,,,1,144,,176079,13,,,1
3700,'20260827',614,,176080,13,0,7 81 82,1,118,,176081,13,0,7 81 82,1,670,,176082,13,,,1,304,,176083,13,,,1,107,,176084,13,,,1,101,,176085,13,,,1,144,,176086,13,,,1
3700,'20260828',614,,176087,13,0,7 81 82,1,118,,176088,13,0,7 81 82,1,670,,176089,13,,,1,304,,176090,13,,,1,107,,176091,13,,,1,101,,176092,13,,,1,144,,176093,13,,,1
3700,'20260831',614,,176094,13,0,7 81 82,1,118,,176095,13,0,7 81 82,1,670,,176096,13,,,1,304,,176097,13,,,1,107,,176098,13,,,1,101,,176099,13,,,1,144,,176100,13,,,1
3700,'20260901',614,,176101,13,0,7 81 82,1,118,,176102,13,0,7 81 82,1,670,,176103,13,,,1,304,,176104,13,,,1,107,,176105,13,,,1,101,,176106,13,,,1,144,,176107,13,,,1
3700,'20260902',614,,176108,13,0,7 81 82,1,118,,176109,13,0,7 81 82,1,670,,176110,13,,,1,304,,176111,13,,,1,107,,176112,13,,,1,101,,176113,13,,,1,144,,176114,13,,,1
3700,'20260903',614,,176115,13,0,7 81 82,1,118,,176116,13,0,7 81 82,1,670,,176117,13,,,1,304,,176118,13,,,1,107,,176119,13,,,1,101,,176120,13,,,1,144,,176121,13,,,1
3700,'20260904',614,,176122,13,0,7 81 82,1,118,,176123,13,0,7 81 82,1,670,,176124,13,,,1,304,,176125,13,,,1,107,,176126,13,,,1,101,,176127,13,,,1,144,,176128,13,,,1
