5201,'20260625',624,,197427,2,0,7 20 39,1
5201,'20260626',624,,197428,2,0,7 20 39,1
5201,'20260627',629,,197429,2,0,78 99 100,1,195,,197430,2,0,78 99 100,1,195,,197431,2,0,78 99 100,1,100,,197432,2,0,20 39,1,100,,197433,2,0,78 99 100,1,100,,197434,2,0,20 39,1,100,,197435,2,0,78 99 100,1,100,,197436,2,0,20 39,1,100,,197437,2,0,78 99 100,1,100,,197438,2,0,20 39,1,100,,197439,2,0,78 99 100,1,105,,197440,2,0,20 39,1,200,,197441,2,0,78 99 100,1
5201,'20260628',629,,197442,2,0,78 99 100,1,195,,197443,2,0,78 99 100,1,195,,197444,2,0,78 99 100,1,100,,197445,2,0,20 39,1,100,,197446,2,0,78 99 100,1,100,,197447,2,0,20 39,1,100,,197448,2,0,78 99 100,1,100,,197449,2,0,20 39,1,100,,197450,2,0,78 99 100,1,100,,197451,2,0,20 39,1,100,,197452,2,0,78 99 100,1,105,,197453,2,0,20 39,1,200,,197454,2,0,78 99 100,1
5201,'20260629',624,,197455,2,0,7 20 39,1
5201,'20260630',624,,197456,2,0,7 20 39,1
5201,'20260701',629,,197457,2,0,78 99 100,1,195,,197458,2,0,78 99 100,1,195,,197459,2,0,78 99 100,1,100,,197460,2,0,20 39,1,100,,197461,2,0,78 99 100,1,100,,197462,2,0,20 39,1,100,,197463,2,0,78 99 100,1,100,,197464,2,0,20 39,1,100,,197465,2,0,78 99 100,1,100,,197466,2,0,20 39,1,100,,197467,2,0,78 99 100,1,105,,197468,2,0,20 39,1,200,,197469,2,0,78 99 100,1
5201,'20260702',624,,197470,2,0,7 20 39,1
5201,'20260703',624,,197471,2,0,7 20 39,1
5201,'20260704',629,,197472,2,0,78 99 100,1,195,,197473,2,0,78 99 100,1,195,,197474,2,0,78 99 100,1,100,,197475,2,0,20 39,1,100,,197476,2,0,78 99 100,1,100,,197477,2,0,20 39,1,100,,197478,2,0,78 99 100,1,100,,197479,2,0,20 39,1,100,,197480,2,0,78 99 100,1,100,,197481,2,0,20 39,1,100,,197482,2,0,78 99 100,1,105,,197483,2,0,20 39,1,200,,197484,2,0,78 99 100,1
5201,'20260705',629,,197485,2,0,78 99 100,1,195,,197486,2,0,78 99 100,1,195,,197487,2,0,78 99 100,1,100,,197488,2,0,20 39,1,100,,197489,2,0,78 99 100,1,100,,197490,2,0,20 39,1,100,,197491,2,0,78 99 100,1,100,,197492,2,0,20 39,1,100,,197493,2,0,78 99 100,1,100,,197494,2,0,20 39,1,100,,197495,2,0,78 99 100,1,105,,197496,2,0,20 39,1,200,,197497,2,0,78 99 100,1
5201,'20260706',624,,197498,2,0,7 20 39,1
5201,'20260707',624,,197499,2,0,7 20 39,1
5201,'20260708',624,,197500,2,0,7 20 39,1
5201,'20260709',624,,197501,2,0,7 20 39,1
5201,'20260710',624,,197502,2,0,7 20 39,1
5201,'20260711',629,,197503,2,0,78 99 100,1,195,,197504,2,0,78 99 100,1,195,,197505,2,0,78 99 100,1,100,,197506,2,0,20 39,1,100,,197507,2,0,78 99 100,1,100,,197508,2,0,20 39,1,100,,197509,2,0,78 99 100,1,100,,197510,2,0,20 39,1,100,,197511,2,0,78 99 100,1,100,,197512,2,0,20 39,1,100,,197513,2,0,78 99 100,1,105,,197514,2,0,20 39,1,200,,197515,2,0,78 99 100,1
5201,'20260712',629,,197516,2,0,78 99 100,1,195,,197517,2,0,78 99 100,1,195,,197518,2,0,78 99 100,1,100,,197519,2,0,20 39,1,100,,197520,2,0,78 99 100,1,100,,197521,2,0,20 39,1,100,,197522,2,0,78 99 100,1,100,,197523,2,0,20 39,1,100,,197524,2,0,78 99 100,1,100,,197525,2,0,20 39,1,100,,197526,2,0,78 99 100,1,105,,197527,2,0,20 39,1,200,,197528,2,0,78 99 100,1
5201,'20260713',624,,197529,2,0,7 20 39,1
5201,'20260714',624,,197530,2,0,7 20 39,1
5201,'20260715',624,,197531,2,0,7 20 39,1
5201,'20260716',624,,197532,2,0,7 20 39,1
5201,'20260717',624,,197533,2,0,7 20 39,1
5201,'20260718',629,,197534,2,0,78 99 100,1,195,,197535,2,0,78 99 100,1,195,,197536,2,0,78 99 100,1,100,,197537,2,0,20 39,1,100,,197538,2,0,78 99 100,1,100,,197539,2,0,20 39,1,100,,197540,2,0,78 99 100,1,100,,197541,2,0,20 39,1,100,,197542,2,0,78 99 100,1,100,,197543,2,0,20 39,1,100,,197544,2,0,78 99 100,1,105,,197545,2,0,20 39,1,200,,197546,2,0,78 99 100,1
5201,'20260719',629,,197547,2,0,78 99 100,1,195,,197548,2,0,78 99 100,1,195,,197549,2,0,78 99 100,1,100,,197550,2,0,20 39,1,100,,197551,2,0,78 99 100,1,100,,197552,2,0,20 39,1,100,,197553,2,0,78 99 100,1,100,,197554,2,0,20 39,1,100,,197555,2,0,78 99 100,1,100,,197556,2,0,20 39,1,100,,197557,2,0,78 99 100,1,105,,197558,2,0,20 39,1,200,,197559,2,0,78 99 100,1
5201,'20260720',624,,197560,2,0,7 20 39,1
5201,'20260721',624,,197561,2,0,7 20 39,1
5201,'20260722',624,,197562,2,0,7 20 39,1
5201,'20260723',624,,197563,2,0,7 20 39,1
5201,'20260724',624,,197564,2,0,7 20 39,1
5201,'20260725',629,,197565,2,0,78 99 100,1,195,,197566,2,0,78 99 100,1,195,,197567,2,0,78 99 100,1,100,,197568,2,0,20 39,1,100,,197569,2,0,78 99 100,1,100,,197570,2,0,20 39,1,100,,197571,2,0,78 99 100,1,100,,197572,2,0,20 39,1,100,,197573,2,0,78 99 100,1,100,,197574,2,0,20 39,1,100,,197575,2,0,78 99 100,1,105,,197576,2,0,20 39,1,200,,197577,2,0,78 99 100,1
5201,'20260726',629,,197578,2,0,78 99 100,1,195,,197579,2,0,78 99 100,1,195,,197580,2,0,78 99 100,1,100,,197581,2,0,20 39,1,100,,197582,2,0,78 99 100,1,100,,197583,2,0,20 39,1,100,,197584,2,0,78 99 100,1,100,,197585,2,0,20 39,1,100,,197586,2,0,78 99 100,1,100,,197587,2,0,20 39,1,100,,197588,2,0,78 99 100,1,105,,197589,2,0,20 39,1,200,,197590,2,0,78 99 100,1
5201,'20260727',624,,197591,2,0,7 20 39,1
5201,'20260728',624,,197592,2,0,7 20 39,1
5201,'20260729',624,,197593,2,0,7 20 39,1
5201,'20260730',624,,197594,2,0,7 20 39,1
5201,'20260731',624,,197595,2,0,7 20 39,1
5201,'20260801',629,,197596,2,0,78 99 100,1,195,,197597,2,0,78 99 100,1,195,,197598,2,0,78 99 100,1,100,,197599,2,0,20 39,1,100,,197600,2,0,78 99 100,1,100,,197601,2,0,20 39,1,100,,197602,2,0,78 99 100,1,100,,197603,2,0,20 39,1,100,,197604,2,0,78 99 100,1,100,,197605,2,0,20 39,1,100,,197606,2,0,78 99 100,1,105,,197607,2,0,20 39,1,200,,197608,2,0,78 99 100,1
5201,'20260802',629,,197609,2,0,78 99 100,1,195,,197610,2,0,78 99 100,1,195,,197611,2,0,78 99 100,1,100,,197612,2,0,20 39,1,100,,197613,2,0,78 99 100,1,100,,197614,2,0,20 39,1,100,,197615,2,0,78 99 100,1,100,,197616,2,0,20 39,1,100,,197617,2,0,78 99 100,1,100,,197618,2,0,20 39,1,100,,197619,2,0,78 99 100,1,105,,197620,2,0,20 39,1,200,,197621,2,0,78 99 100,1
5201,'20260803',629,,197622,2,0,78 99 100,1,195,,197623,2,0,78 99 100,1,195,,197624,2,0,78 99 100,1,100,,197625,2,0,20 39,1,100,,197626,2,0,78 99 100,1,100,,197627,2,0,20 39,1,100,,197628,2,0,78 99 100,1,100,,197629,2,0,20 39,1,100,,197630,2,0,78 99 100,1,100,,197631,2,0,20 39,1,100,,197632,2,0,78 99 100,1,105,,197633,2,0,20 39,1,200,,197634,2,0,78 99 100,1
5201,'20260804',624,,197635,2,0,7 20 39,1
5201,'20260805',624,,197636,2,0,7 20 39,1
5201,'20260806',624,,197637,2,0,7 20 39,1
5201,'20260807',624,,197638,2,0,7 20 39,1
5201,'20260808',629,,197639,2,0,78 99 100,1,195,,197640,2,0,78 99 100,1,195,,197641,2,0,78 99 100,1,100,,197642,2,0,20 39,1,100,,197643,2,0,78 99 100,1,100,,197644,2,0,20 39,1,100,,197645,2,0,78 99 100,1,100,,197646,2,0,20 39,1,100,,197647,2,0,78 99 100,1,100,,197648,2,0,20 39,1,100,,197649,2,0,78 99 100,1,105,,197650,2,0,20 39,1,200,,197651,2,0,78 99 100,1
5201,'20260809',629,,197652,2,0,78 99 100,1,195,,197653,2,0,78 99 100,1,195,,197654,2,0,78 99 100,1,100,,197655,2,0,20 39,1,100,,197656,2,0,78 99 100,1,100,,197657,2,0,20 39,1,100,,197658,2,0,78 99 100,1,100,,197659,2,0,20 39,1,100,,197660,2,0,78 99 100,1,100,,197661,2,0,20 39,1,100,,197662,2,0,78 99 100,1,105,,197663,2,0,20 39,1,200,,197664,2,0,78 99 100,1
5201,'20260810',624,,197665,2,0,7 20 39,1
5201,'20260811',624,,197666,2,0,7 20 39,1
5201,'20260812',624,,197667,2,0,7 20 39,1
5201,'20260813',624,,197668,2,0,7 20 39,1
5201,'20260814',624,,197669,2,0,7 20 39,1
5201,'20260815',629,,197670,2,0,78 99 100,1,195,,197671,2,0,78 99 100,1,195,,197672,2,0,78 99 100,1,100,,197673,2,0,20 39,1,100,,197674,2,0,78 99 100,1,100,,197675,2,0,20 39,1,100,,197676,2,0,78 99 100,1,100,,197677,2,0,20 39,1,100,,197678,2,0,78 99 100,1,100,,197679,2,0,20 39,1,100,,197680,2,0,78 99 100,1,105,,197681,2,0,20 39,1,200,,197682,2,0,78 99 100,1
5201,'20260816',629,,197683,2,0,78 99 100,1,195,,197684,2,0,78 99 100,1,195,,197685,2,0,78 99 100,1,100,,197686,2,0,20 39,1,100,,197687,2,0,78 99 100,1,100,,197688,2,0,20 39,1,100,,197689,2,0,78 99 100,1,100,,197690,2,0,20 39,1,100,,197691,2,0,78 99 100,1,100,,197692,2,0,20 39,1,100,,197693,2,0,78 99 100,1,105,,197694,2,0,20 39,1,200,,197695,2,0,78 99 100,1
5201,'20260817',624,,197696,2,0,7 20 39,1
5201,'20260818',624,,197697,2,0,7 20 39,1
5201,'20260819',624,,197698,2,0,7 20 39,1
5201,'20260820',624,,197699,2,0,7 20 39,1
5201,'20260821',624,,197700,2,0,7 20 39,1
5201,'20260822',629,,197701,2,0,78 99 100,1,195,,197702,2,0,78 99 100,1,195,,197703,2,0,78 99 100,1,100,,197704,2,0,20 39,1,100,,197705,2,0,78 99 100,1,100,,197706,2,0,20 39,1,100,,197707,2,0,78 99 100,1,100,,197708,2,0,20 39,1,100,,197709,2,0,78 99 100,1,100,,197710,2,0,20 39,1,100,,197711,2,0,78 99 100,1,105,,197712,2,0,20 39,1,200,,197713,2,0,78 99 100,1
5201,'20260823',629,,197714,2,0,78 99 100,1,195,,197715,2,0,78 99 100,1,195,,197716,2,0,78 99 100,1,100,,197717,2,0,20 39,1,100,,197718,2,0,78 99 100,1,100,,197719,2,0,20 39,1,100,,197720,2,0,78 99 100,1,100,,197721,2,0,20 39,1,100,,197722,2,0,78 99 100,1,100,,197723,2,0,20 39,1,100,,197724,2,0,78 99 100,1,105,,197725,2,0,20 39,1,200,,197726,2,0,78 99 100,1
5201,'20260824',624,,197727,2,0,7 20 39,1
5201,'20260825',624,,197728,2,0,7 20 39,1
5201,'20260826',624,,197729,2,0,7 20 39,1
5201,'20260827',624,,197730,2,0,7 20 39,1
5201,'20260828',624,,197731,2,0,7 20 39,1
5201,'20260829',629,,197732,2,0,78 99 100,1,195,,197733,2,0,78 99 100,1,195,,197734,2,0,78 99 100,1,100,,197735,2,0,20 39,1,100,,197736,2,0,78 99 100,1,100,,197737,2,0,20 39,1,100,,197738,2,0,78 99 100,1,100,,197739,2,0,20 39,1,100,,197740,2,0,78 99 100,1,100,,197741,2,0,20 39,1,100,,197742,2,0,78 99 100,1,105,,197743,2,0,20 39,1,200,,197744,2,0,78 99 100,1
5201,'20260830',629,,197745,2,0,78 99 100,1,195,,197746,2,0,78 99 100,1,195,,197747,2,0,78 99 100,1,100,,197748,2,0,20 39,1,100,,197749,2,0,78 99 100,1,100,,197750,2,0,20 39,1,100,,197751,2,0,78 99 100,1,100,,197752,2,0,20 39,1,100,,197753,2,0,78 99 100,1,100,,197754,2,0,20 39,1,100,,197755,2,0,78 99 100,1,105,,197756,2,0,20 39,1,200,,197757,2,0,78 99 100,1
5201,'20260831',624,,197758,2,0,7 20 39,1
5201,'20260901',624,,197759,2,0,7 20 39,1
5201,'20260902',624,,197760,2,0,7 20 39,1
5201,'20260903',624,,197761,2,0,7 20 39,1
5201,'20260904',624,,197762,2,0,7 20 39,1
5601,'20260625',344,,200155,2,,,1,95,,200157,2,,,1,70,,200159,2,,,1,25,,200161,2,,,1,25,,200162,2,,,1,70,,200163,2,,,1,75,,200164,2,,,1,25,,200165,2,,,1,30,,200166,2,,,1,75,,200167,2,,,1,70,,200168,2,,,1,30,,200169,2,,,1,70,,200170,2,,,1,30,,200171,2,,,1,25,,200172,2,,,1,70,,200173,2,,,1,30,,200174,2,,,1,70,,200175,2,,,1,30,,200176,2,,,1,70,,200177,2,,,1,75,,200178,2,,,1,20,,200179,2,,,1,30,,200180,2,,,1,70,,200181,2,,,1,15,,200182,2,0,7 40 41,1,15,,200183,2,,,1,70,,200184,2,,,1,15,,200185,2,0,7 40 41,1,15,,200186,2,,,1,70,,200187,2,,,1,30,,200188,2,,,1,85,,200189,2,,,1,95,,200190,2,,,1,100,,200191,2,,,1,205,,200192,2,,,1
5601,'20260626',344,,200193,2,,,1,95,,200195,2,,,1,70,,200197,2,,,1,25,,200199,2,,,1,25,,200200,2,,,1,70,,200201,2,,,1,75,,200202,2,,,1,25,,200203,2,,,1,30,,200204,2,,,1,75,,200205,2,,,1,70,,200206,2,,,1,30,,200207,2,,,1,70,,200208,2,,,1,30,,200209,2,,,1,25,,200210,2,,,1,70,,200211,2,,,1,30,,200212,2,,,1,70,,200213,2,,,1,30,,200214,2,,,1,70,,200215,2,,,1,75,,200216,2,,,1,20,,200217,2,,,1,30,,200218,2,,,1,70,,200219,2,,,1,15,,200220,2,0,7 40 41,1,15,,200221,2,,,1,70,,200222,2,,,1,15,,200223,2,0,7 40 41,1,15,,200224,2,,,1,70,,200225,2,,,1,30,,200226,2,,,1,85,,200227,2,,,1,95,,200228,2,,,1,100,,200229,2,,,1,205,,200230,2,,,1
5601,'20260629',344,,200231,2,,,1,95,,200233,2,,,1,70,,200235,2,,,1,25,,200237,2,,,1,25,,200238,2,,,1,70,,200239,2,,,1,75,,200240,2,,,1,25,,200241,2,,,1,30,,200242,2,,,1,75,,200243,2,,,1,70,,200244,2,,,1,30,,200245,2,,,1,70,,200246,2,,,1,30,,200247,2,,,1,25,,200248,2,,,1,70,,200249,2,,,1,30,,200250,2,,,1,70,,200251,2,,,1,30,,200252,2,,,1,70,,200253,2,,,1,75,,200254,2,,,1,20,,200255,2,,,1,30,,200256,2,,,1,70,,200257,2,,,1,15,,200258,2,0,7 40 41,1,15,,200259,2,,,1,70,,200260,2,,,1,15,,200261,2,0,7 40 41,1,15,,200262,2,,,1,70,,200263,2,,,1,30,,200264,2,,,1,85,,200265,2,,,1,95,,200266,2,,,1,100,,200267,2,,,1,205,,200268,2,,,1
5601,'20260630',344,,200269,2,,,1,95,,200271,2,,,1,70,,200273,2,,,1,25,,200275,2,,,1,25,,200276,2,,,1,70,,200277,2,,,1,75,,200278,2,,,1,25,,200279,2,,,1,30,,200280,2,,,1,75,,200281,2,,,1,70,,200282,2,,,1,30,,200283,2,,,1,70,,200284,2,,,1,30,,200285,2,,,1,25,,200286,2,,,1,70,,200287,2,,,1,30,,200288,2,,,1,70,,200289,2,,,1,30,,200290,2,,,1,70,,200291,2,,,1,75,,200292,2,,,1,20,,200293,2,,,1,30,,200294,2,,,1,70,,200295,2,,,1,15,,200296,2,0,7 40 41,1,15,,200297,2,,,1,70,,200298,2,,,1,15,,200299,2,0,7 40 41,1,15,,200300,2,,,1,70,,200301,2,,,1,30,,200302,2,,,1,85,,200303,2,,,1,95,,200304,2,,,1,100,,200305,2,,,1,205,,200306,2,,,1
5601,'20260702',344,,200307,2,,,1,95,,200309,2,,,1,70,,200311,2,,,1,25,,200313,2,,,1,25,,200314,2,,,1,70,,200315,2,,,1,75,,200316,2,,,1,25,,200317,2,,,1,30,,200318,2,,,1,75,,200319,2,,,1,70,,200320,2,,,1,30,,200321,2,,,1,70,,200322,2,,,1,30,,200323,2,,,1,25,,200324,2,,,1,70,,200325,2,,,1,30,,200326,2,,,1,70,,200327,2,,,1,30,,200328,2,,,1,70,,200329,2,,,1,75,,200330,2,,,1,20,,200331,2,,,1,30,,200332,2,,,1,70,,200333,2,,,1,15,,200334,2,0,7 40 41,1,15,,200335,2,,,1,70,,200336,2,,,1,15,,200337,2,0,7 40 41,1,15,,200338,2,,,1,70,,200339,2,,,1,30,,200340,2,,,1,85,,200341,2,,,1,95,,200342,2,,,1,100,,200343,2,,,1,205,,200344,2,,,1
5601,'20260703',344,,200345,2,,,1,95,,200347,2,,,1,70,,200349,2,,,1,25,,200351,2,,,1,25,,200352,2,,,1,70,,200353,2,,,1,75,,200354,2,,,1,25,,200355,2,,,1,30,,200356,2,,,1,75,,200357,2,,,1,70,,200358,2,,,1,30,,200359,2,,,1,70,,200360,2,,,1,30,,200361,2,,,1,25,,200362,2,,,1,70,,200363,2,,,1,30,,200364,2,,,1,70,,200365,2,,,1,30,,200366,2,,,1,70,,200367,2,,,1,75,,200368,2,,,1,20,,200369,2,,,1,30,,200370,2,,,1,70,,200371,2,,,1,15,,200372,2,0,7 40 41,1,15,,200373,2,,,1,70,,200374,2,,,1,15,,200375,2,0,7 40 41,1,15,,200376,2,,,1,70,,200377,2,,,1,30,,200378,2,,,1,85,,200379,2,,,1,95,,200380,2,,,1,100,,200381,2,,,1,205,,200382,2,,,1
5601,'20260706',344,,200383,2,,,1,95,,200385,2,,,1,70,,200387,2,,,1,25,,200389,2,,,1,25,,200390,2,,,1,70,,200391,2,,,1,75,,200392,2,,,1,25,,200393,2,,,1,30,,200394,2,,,1,75,,200395,2,,,1,70,,200396,2,,,1,30,,200397,2,,,1,70,,200398,2,,,1,30,,200399,2,,,1,25,,200400,2,,,1,70,,200401,2,,,1,30,,200402,2,,,1,70,,200403,2,,,1,30,,200404,2,,,1,70,,200405,2,,,1,75,,200406,2,,,1,20,,200407,2,,,1,30,,200408,2,,,1,70,,200409,2,,,1,15,,200410,2,0,7 40 41,1,15,,200411,2,,,1,70,,200412,2,,,1,15,,200413,2,0,7 40 41,1,15,,200414,2,,,1,70,,200415,2,,,1,30,,200416,2,,,1,85,,200417,2,,,1,95,,200418,2,,,1,100,,200419,2,,,1,205,,200420,2,,,1
5601,'20260707',344,,200421,2,,,1,95,,200423,2,,,1,70,,200425,2,,,1,25,,200427,2,,,1,25,,200428,2,,,1,70,,200429,2,,,1,75,,200430,2,,,1,25,,200431,2,,,1,30,,200432,2,,,1,75,,200433,2,,,1,70,,200434,2,,,1,30,,200435,2,,,1,70,,200436,2,,,1,30,,200437,2,,,1,25,,200438,2,,,1,70,,200439,2,,,1,30,,200440,2,,,1,70,,200441,2,,,1,30,,200442,2,,,1,70,,200443,2,,,1,75,,200444,2,,,1,20,,200445,2,,,1,30,,200446,2,,,1,70,,200447,2,,,1,15,,200448,2,0,7 40 41,1,15,,200449,2,,,1,70,,200450,2,,,1,15,,200451,2,0,7 40 41,1,15,,200452,2,,,1,70,,200453,2,,,1,30,,200454,2,,,1,85,,200455,2,,,1,95,,200456,2,,,1,100,,200457,2,,,1,205,,200458,2,,,1
5601,'20260708',344,,200459,2,,,1,95,,200461,2,,,1,70,,200463,2,,,1,25,,200465,2,,,1,25,,200466,2,,,1,70,,200467,2,,,1,75,,200468,2,,,1,25,,200469,2,,,1,30,,200470,2,,,1,75,,200471,2,,,1,70,,200472,2,,,1,30,,200473,2,,,1,70,,200474,2,,,1,30,,200475,2,,,1,25,,200476,2,,,1,70,,200477,2,,,1,30,,200478,2,,,1,70,,200479,2,,,1,30,,200480,2,,,1,70,,200481,2,,,1,75,,200482,2,,,1,20,,200483,2,,,1,30,,200484,2,,,1,70,,200485,2,,,1,15,,200486,2,0,7 40 41,1,15,,200487,2,,,1,70,,200488,2,,,1,15,,200489,2,0,7 40 41,1,15,,200490,2,,,1,70,,200491,2,,,1,30,,200492,2,,,1,85,,200493,2,,,1,95,,200494,2,,,1,100,,200495,2,,,1,205,,200496,2,,,1
5601,'20260709',344,,200497,2,,,1,95,,200499,2,,,1,70,,200501,2,,,1,25,,200503,2,,,1,25,,200504,2,,,1,70,,200505,2,,,1,75,,200506,2,,,1,25,,200507,2,,,1,30,,200508,2,,,1,75,,200509,2,,,1,70,,200510,2,,,1,30,,200511,2,,,1,70,,200512,2,,,1,30,,200513,2,,,1,25,,200514,2,,,1,70,,200515,2,,,1,30,,200516,2,,,1,70,,200517,2,,,1,30,,200518,2,,,1,70,,200519,2,,,1,75,,200520,2,,,1,20,,200521,2,,,1,30,,200522,2,,,1,70,,200523,2,,,1,15,,200524,2,0,7 40 41,1,15,,200525,2,,,1,70,,200526,2,,,1,15,,200527,2,0,7 40 41,1,15,,200528,2,,,1,70,,200529,2,,,1,30,,200530,2,,,1,85,,200531,2,,,1,95,,200532,2,,,1,100,,200533,2,,,1,205,,200534,2,,,1
5601,'20260710',344,,200535,2,,,1,95,,200537,2,,,1,70,,200539,2,,,1,25,,200541,2,,,1,25,,200542,2,,,1,70,,200543,2,,,1,75,,200544,2,,,1,25,,200545,2,,,1,30,,200546,2,,,1,75,,200547,2,,,1,70,,200548,2,,,1,30,,200549,2,,,1,70,,200550,2,,,1,30,,200551,2,,,1,25,,200552,2,,,1,70,,200553,2,,,1,30,,200554,2,,,1,70,,200555,2,,,1,30,,200556,2,,,1,70,,200557,2,,,1,75,,200558,2,,,1,20,,200559,2,,,1,30,,200560,2,,,1,70,,200561,2,,,1,15,,200562,2,0,7 40 41,1,15,,200563,2,,,1,70,,200564,2,,,1,15,,200565,2,0,7 40 41,1,15,,200566,2,,,1,70,,200567,2,,,1,30,,200568,2,,,1,85,,200569,2,,,1,95,,200570,2,,,1,100,,200571,2,,,1,205,,200572,2,,,1
5601,'20260713',344,,200573,2,,,1,95,,200575,2,,,1,70,,200577,2,,,1,25,,200579,2,,,1,25,,200580,2,,,1,70,,200581,2,,,1,75,,200582,2,,,1,25,,200583,2,,,1,30,,200584,2,,,1,75,,200585,2,,,1,70,,200586,2,,,1,30,,200587,2,,,1,70,,200588,2,,,1,30,,200589,2,,,1,25,,200590,2,,,1,70,,200591,2,,,1,30,,200592,2,,,1,70,,200593,2,,,1,30,,200594,2,,,1,70,,200595,2,,,1,75,,200596,2,,,1,20,,200597,2,,,1,30,,200598,2,,,1,70,,200599,2,,,1,15,,200600,2,0,7 40 41,1,15,,200601,2,,,1,70,,200602,2,,,1,15,,200603,2,0,7 40 41,1,15,,200604,2,,,1,70,,200605,2,,,1,30,,200606,2,,,1,85,,200607,2,,,1,95,,200608,2,,,1,100,,200609,2,,,1,205,,200610,2,,,1
5601,'20260714',344,,200611,2,,,1,95,,200613,2,,,1,70,,200615,2,,,1,25,,200617,2,,,1,25,,200618,2,,,1,70,,200619,2,,,1,75,,200620,2,,,1,25,,200621,2,,,1,30,,200622,2,,,1,75,,200623,2,,,1,70,,200624,2,,,1,30,,200625,2,,,1,70,,200626,2,,,1,30,,200627,2,,,1,25,,200628,2,,,1,70,,200629,2,,,1,30,,200630,2,,,1,70,,200631,2,,,1,30,,200632,2,,,1,70,,200633,2,,,1,75,,200634,2,,,1,20,,200635,2,,,1,30,,200636,2,,,1,70,,200637,2,,,1,15,,200638,2,0,7 40 41,1,15,,200639,2,,,1,70,,200640,2,,,1,15,,200641,2,0,7 40 41,1,15,,200642,2,,,1,70,,200643,2,,,1,30,,200644,2,,,1,85,,200645,2,,,1,95,,200646,2,,,1,100,,200647,2,,,1,205,,200648,2,,,1
5601,'20260715',344,,200649,2,,,1,95,,200651,2,,,1,70,,200653,2,,,1,25,,200655,2,,,1,25,,200656,2,,,1,70,,200657,2,,,1,75,,200658,2,,,1,25,,200659,2,,,1,30,,200660,2,,,1,75,,200661,2,,,1,70,,200662,2,,,1,30,,200663,2,,,1,70,,200664,2,,,1,30,,200665,2,,,1,25,,200666,2,,,1,70,,200667,2,,,1,30,,200668,2,,,1,70,,200669,2,,,1,30,,200670,2,,,1,70,,200671,2,,,1,75,,200672,2,,,1,20,,200673,2,,,1,30,,200674,2,,,1,70,,200675,2,,,1,15,,200676,2,0,7 40 41,1,15,,200677,2,,,1,70,,200678,2,,,1,15,,200679,2,0,7 40 41,1,15,,200680,2,,,1,70,,200681,2,,,1,30,,200682,2,,,1,85,,200683,2,,,1,95,,200684,2,,,1,100,,200685,2,,,1,205,,200686,2,,,1
5601,'20260716',344,,200687,2,,,1,95,,200689,2,,,1,70,,200691,2,,,1,25,,200693,2,,,1,25,,200694,2,,,1,70,,200695,2,,,1,75,,200696,2,,,1,25,,200697,2,,,1,30,,200698,2,,,1,75,,200699,2,,,1,70,,200700,2,,,1,30,,200701,2,,,1,70,,200702,2,,,1,30,,200703,2,,,1,25,,200704,2,,,1,70,,200705,2,,,1,30,,200706,2,,,1,70,,200707,2,,,1,30,,200708,2,,,1,70,,200709,2,,,1,75,,200710,2,,,1,20,,200711,2,,,1,30,,200712,2,,,1,70,,200713,2,,,1,15,,200714,2,0,7 40 41,1,15,,200715,2,,,1,70,,200716,2,,,1,15,,200717,2,0,7 40 41,1,15,,200718,2,,,1,70,,200719,2,,,1,30,,200720,2,,,1,85,,200721,2,,,1,95,,200722,2,,,1,100,,200723,2,,,1,205,,200724,2,,,1
5601,'20260717',344,,200725,2,,,1,95,,200727,2,,,1,70,,200729,2,,,1,25,,200731,2,,,1,25,,200732,2,,,1,70,,200733,2,,,1,75,,200734,2,,,1,25,,200735,2,,,1,30,,200736,2,,,1,75,,200737,2,,,1,70,,200738,2,,,1,30,,200739,2,,,1,70,,200740,2,,,1,30,,200741,2,,,1,25,,200742,2,,,1,70,,200743,2,,,1,30,,200744,2,,,1,70,,200745,2,,,1,30,,200746,2,,,1,70,,200747,2,,,1,75,,200748,2,,,1,20,,200749,2,,,1,30,,200750,2,,,1,70,,200751,2,,,1,15,,200752,2,0,7 40 41,1,15,,200753,2,,,1,70,,200754,2,,,1,15,,200755,2,0,7 40 41,1,15,,200756,2,,,1,70,,200757,2,,,1,30,,200758,2,,,1,85,,200759,2,,,1,95,,200760,2,,,1,100,,200761,2,,,1,205,,200762,2,,,1
5601,'20260720',344,,200763,2,,,1,95,,200765,2,,,1,70,,200767,2,,,1,25,,200769,2,,,1,25,,200770,2,,,1,70,,200771,2,,,1,75,,200772,2,,,1,25,,200773,2,,,1,30,,200774,2,,,1,75,,200775,2,,,1,70,,200776,2,,,1,30,,200777,2,,,1,70,,200778,2,,,1,30,,200779,2,,,1,25,,200780,2,,,1,70,,200781,2,,,1,30,,200782,2,,,1,70,,200783,2,,,1,30,,200784,2,,,1,70,,200785,2,,,1,75,,200786,2,,,1,20,,200787,2,,,1,30,,200788,2,,,1,70,,200789,2,,,1,15,,200790,2,0,7 40 41,1,15,,200791,2,,,1,70,,200792,2,,,1,15,,200793,2,0,7 40 41,1,15,,200794,2,,,1,70,,200795,2,,,1,30,,200796,2,,,1,85,,200797,2,,,1,95,,200798,2,,,1,100,,200799,2,,,1,205,,200800,2,,,1
5601,'20260721',344,,200801,2,,,1,95,,200803,2,,,1,70,,200805,2,,,1,25,,200807,2,,,1,25,,200808,2,,,1,70,,200809,2,,,1,75,,200810,2,,,1,25,,200811,2,,,1,30,,200812,2,,,1,75,,200813,2,,,1,70,,200814,2,,,1,30,,200815,2,,,1,70,,200816,2,,,1,30,,200817,2,,,1,25,,200818,2,,,1,70,,200819,2,,,1,30,,200820,2,,,1,70,,200821,2,,,1,30,,200822,2,,,1,70,,200823,2,,,1,75,,200824,2,,,1,20,,200825,2,,,1,30,,200826,2,,,1,70,,200827,2,,,1,15,,200828,2,0,7 40 41,1,15,,200829,2,,,1,70,,200830,2,,,1,15,,200831,2,0,7 40 41,1,15,,200832,2,,,1,70,,200833,2,,,1,30,,200834,2,,,1,85,,200835,2,,,1,95,,200836,2,,,1,100,,200837,2,,,1,205,,200838,2,,,1
5601,'20260722',344,,200839,2,,,1,95,,200841,2,,,1,70,,200843,2,,,1,25,,200845,2,,,1,25,,200846,2,,,1,70,,200847,2,,,1,75,,200848,2,,,1,25,,200849,2,,,1,30,,200850,2,,,1,75,,200851,2,,,1,70,,200852,2,,,1,30,,200853,2,,,1,70,,200854,2,,,1,30,,200855,2,,,1,25,,200856,2,,,1,70,,200857,2,,,1,30,,200858,2,,,1,70,,200859,2,,,1,30,,200860,2,,,1,70,,200861,2,,,1,75,,200862,2,,,1,20,,200863,2,,,1,30,,200864,2,,,1,70,,200865,2,,,1,15,,200866,2,0,7 40 41,1,15,,200867,2,,,1,70,,200868,2,,,1,15,,200869,2,0,7 40 41,1,15,,200870,2,,,1,70,,200871,2,,,1,30,,200872,2,,,1,85,,200873,2,,,1,95,,200874,2,,,1,100,,200875,2,,,1,205,,200876,2,,,1
5601,'20260723',344,,200877,2,,,1,95,,200879,2,,,1,70,,200881,2,,,1,25,,200883,2,,,1,25,,200884,2,,,1,70,,200885,2,,,1,75,,200886,2,,,1,25,,200887,2,,,1,30,,200888,2,,,1,75,,200889,2,,,1,70,,200890,2,,,1,30,,200891,2,,,1,70,,200892,2,,,1,30,,200893,2,,,1,25,,200894,2,,,1,70,,200895,2,,,1,30,,200896,2,,,1,70,,200897,2,,,1,30,,200898,2,,,1,70,,200899,2,,,1,75,,200900,2,,,1,20,,200901,2,,,1,30,,200902,2,,,1,70,,200903,2,,,1,15,,200904,2,0,7 40 41,1,15,,200905,2,,,1,70,,200906,2,,,1,15,,200907,2,0,7 40 41,1,15,,200908,2,,,1,70,,200909,2,,,1,30,,200910,2,,,1,85,,200911,2,,,1,95,,200912,2,,,1,100,,200913,2,,,1,205,,200914,2,,,1
5601,'20260724',344,,200915,2,,,1,95,,200917,2,,,1,70,,200919,2,,,1,25,,200921,2,,,1,25,,200922,2,,,1,70,,200923,2,,,1,75,,200924,2,,,1,25,,200925,2,,,1,30,,200926,2,,,1,75,,200927,2,,,1,70,,200928,2,,,1,30,,200929,2,,,1,70,,200930,2,,,1,30,,200931,2,,,1,25,,200932,2,,,1,70,,200933,2,,,1,30,,200934,2,,,1,70,,200935,2,,,1,30,,200936,2,,,1,70,,200937,2,,,1,75,,200938,2,,,1,20,,200939,2,,,1,30,,200940,2,,,1,70,,200941,2,,,1,15,,200942,2,0,7 40 41,1,15,,200943,2,,,1,70,,200944,2,,,1,15,,200945,2,0,7 40 41,1,15,,200946,2,,,1,70,,200947,2,,,1,30,,200948,2,,,1,85,,200949,2,,,1,95,,200950,2,,,1,100,,200951,2,,,1,205,,200952,2,,,1
5601,'20260727',344,,200953,2,,,1,95,,200955,2,,,1,70,,200957,2,,,1,25,,200959,2,,,1,25,,200960,2,,,1,70,,200961,2,,,1,75,,200962,2,,,1,25,,200963,2,,,1,30,,200964,2,,,1,75,,200965,2,,,1,70,,200966,2,,,1,30,,200967,2,,,1,70,,200968,2,,,1,30,,200969,2,,,1,25,,200970,2,,,1,70,,200971,2,,,1,30,,200972,2,,,1,70,,200973,2,,,1,30,,200974,2,,,1,70,,200975,2,,,1,75,,200976,2,,,1,20,,200977,2,,,1,30,,200978,2,,,1,70,,200979,2,,,1,15,,200980,2,0,7 40 41,1,15,,200981,2,,,1,70,,200982,2,,,1,15,,200983,2,0,7 40 41,1,15,,200984,2,,,1,70,,200985,2,,,1,30,,200986,2,,,1,85,,200987,2,,,1,95,,200988,2,,,1,100,,200989,2,,,1,205,,200990,2,,,1
5601,'20260728',344,,200991,2,,,1,95,,200993,2,,,1,70,,200995,2,,,1,25,,200997,2,,,1,25,,200998,2,,,1,70,,200999,2,,,1,75,,201000,2,,,1,25,,201001,2,,,1,30,,201002,2,,,1,75,,201003,2,,,1,70,,201004,2,,,1,30,,201005,2,,,1,70,,201006,2,,,1,30,,201007,2,,,1,25,,201008,2,,,1,70,,201009,2,,,1,30,,201010,2,,,1,70,,201011,2,,,1,30,,201012,2,,,1,70,,201013,2,,,1,75,,201014,2,,,1,20,,201015,2,,,1,30,,201016,2,,,1,70,,201017,2,,,1,15,,201018,2,0,7 40 41,1,15,,201019,2,,,1,70,,201020,2,,,1,15,,201021,2,0,7 40 41,1,15,,201022,2,,,1,70,,201023,2,,,1,30,,201024,2,,,1,85,,201025,2,,,1,95,,201026,2,,,1,100,,201027,2,,,1,205,,201028,2,,,1
5601,'20260729',344,,201029,2,,,1,95,,201031,2,,,1,70,,201033,2,,,1,25,,201035,2,,,1,25,,201036,2,,,1,70,,201037,2,,,1,75,,201038,2,,,1,25,,201039,2,,,1,30,,201040,2,,,1,75,,201041,2,,,1,70,,201042,2,,,1,30,,201043,2,,,1,70,,201044,2,,,1,30,,201045,2,,,1,25,,201046,2,,,1,70,,201047,2,,,1,30,,201048,2,,,1,70,,201049,2,,,1,30,,201050,2,,,1,70,,201051,2,,,1,75,,201052,2,,,1,20,,201053,2,,,1,30,,201054,2,,,1,70,,201055,2,,,1,15,,201056,2,0,7 40 41,1,15,,201057,2,,,1,70,,201058,2,,,1,15,,201059,2,0,7 40 41,1,15,,201060,2,,,1,70,,201061,2,,,1,30,,201062,2,,,1,85,,201063,2,,,1,95,,201064,2,,,1,100,,201065,2,,,1,205,,201066,2,,,1
5601,'20260730',344,,201067,2,,,1,95,,201069,2,,,1,70,,201071,2,,,1,25,,201073,2,,,1,25,,201074,2,,,1,70,,201075,2,,,1,75,,201076,2,,,1,25,,201077,2,,,1,30,,201078,2,,,1,75,,201079,2,,,1,70,,201080,2,,,1,30,,201081,2,,,1,70,,201082,2,,,1,30,,201083,2,,,1,25,,201084,2,,,1,70,,201085,2,,,1,30,,201086,2,,,1,70,,201087,2,,,1,30,,201088,2,,,1,70,,201089,2,,,1,75,,201090,2,,,1,20,,201091,2,,,1,30,,201092,2,,,1,70,,201093,2,,,1,15,,201094,2,0,7 40 41,1,15,,201095,2,,,1,70,,201096,2,,,1,15,,201097,2,0,7 40 41,1,15,,201098,2,,,1,70,,201099,2,,,1,30,,201100,2,,,1,85,,201101,2,,,1,95,,201102,2,,,1,100,,201103,2,,,1,205,,201104,2,,,1
5601,'20260731',344,,201105,2,,,1,95,,201107,2,,,1,70,,201109,2,,,1,25,,201111,2,,,1,25,,201112,2,,,1,70,,201113,2,,,1,75,,201114,2,,,1,25,,201115,2,,,1,30,,201116,2,,,1,75,,201117,2,,,1,70,,201118,2,,,1,30,,201119,2,,,1,70,,201120,2,,,1,30,,201121,2,,,1,25,,201122,2,,,1,70,,201123,2,,,1,30,,201124,2,,,1,70,,201125,2,,,1,30,,201126,2,,,1,70,,201127,2,,,1,75,,201128,2,,,1,20,,201129,2,,,1,30,,201130,2,,,1,70,,201131,2,,,1,15,,201132,2,0,7 40 41,1,15,,201133,2,,,1,70,,201134,2,,,1,15,,201135,2,0,7 40 41,1,15,,201136,2,,,1,70,,201137,2,,,1,30,,201138,2,,,1,85,,201139,2,,,1,95,,201140,2,,,1,100,,201141,2,,,1,205,,201142,2,,,1
5601,'20260804',344,,201143,2,,,1,95,,201145,2,,,1,70,,201147,2,,,1,25,,201149,2,,,1,25,,201150,2,,,1,70,,201151,2,,,1,75,,201152,2,,,1,25,,201153,2,,,1,30,,201154,2,,,1,75,,201155,2,,,1,70,,201156,2,,,1,30,,201157,2,,,1,70,,201158,2,,,1,30,,201159,2,,,1,25,,201160,2,,,1,70,,201161,2,,,1,30,,201162,2,,,1,70,,201163,2,,,1,30,,201164,2,,,1,70,,201165,2,,,1,75,,201166,2,,,1,20,,201167,2,,,1,30,,201168,2,,,1,70,,201169,2,,,1,15,,201170,2,0,7 40 41,1,15,,201171,2,,,1,70,,201172,2,,,1,15,,201173,2,0,7 40 41,1,15,,201174,2,,,1,70,,201175,2,,,1,30,,201176,2,,,1,85,,201177,2,,,1,95,,201178,2,,,1,100,,201179,2,,,1,205,,201180,2,,,1
5601,'20260805',344,,201181,2,,,1,95,,201183,2,,,1,70,,201185,2,,,1,25,,201187,2,,,1,25,,201188,2,,,1,70,,201189,2,,,1,75,,201190,2,,,1,25,,201191,2,,,1,30,,201192,2,,,1,75,,201193,2,,,1,70,,201194,2,,,1,30,,201195,2,,,1,70,,201196,2,,,1,30,,201197,2,,,1,25,,201198,2,,,1,70,,201199,2,,,1,30,,201200,2,,,1,70,,201201,2,,,1,30,,201202,2,,,1,70,,201203,2,,,1,75,,201204,2,,,1,20,,201205,2,,,1,30,,201206,2,,,1,70,,201207,2,,,1,15,,201208,2,0,7 40 41,1,15,,201209,2,,,1,70,,201210,2,,,1,15,,201211,2,0,7 40 41,1,15,,201212,2,,,1,70,,201213,2,,,1,30,,201214,2,,,1,85,,201215,2,,,1,95,,201216,2,,,1,100,,201217,2,,,1,205,,201218,2,,,1
5601,'20260806',344,,201219,2,,,1,95,,201221,2,,,1,70,,201223,2,,,1,25,,201225,2,,,1,25,,201226,2,,,1,70,,201227,2,,,1,75,,201228,2,,,1,25,,201229,2,,,1,30,,201230,2,,,1,75,,201231,2,,,1,70,,201232,2,,,1,30,,201233,2,,,1,70,,201234,2,,,1,30,,201235,2,,,1,25,,201236,2,,,1,70,,201237,2,,,1,30,,201238,2,,,1,70,,201239,2,,,1,30,,201240,2,,,1,70,,201241,2,,,1,75,,201242,2,,,1,20,,201243,2,,,1,30,,201244,2,,,1,70,,201245,2,,,1,15,,201246,2,0,7 40 41,1,15,,201247,2,,,1,70,,201248,2,,,1,15,,201249,2,0,7 40 41,1,15,,201250,2,,,1,70,,201251,2,,,1,30,,201252,2,,,1,85,,201253,2,,,1,95,,201254,2,,,1,100,,201255,2,,,1,205,,201256,2,,,1
5601,'20260807',344,,201257,2,,,1,95,,201259,2,,,1,70,,201261,2,,,1,25,,201263,2,,,1,25,,201264,2,,,1,70,,201265,2,,,1,75,,201266,2,,,1,25,,201267,2,,,1,30,,201268,2,,,1,75,,201269,2,,,1,70,,201270,2,,,1,30,,201271,2,,,1,70,,201272,2,,,1,30,,201273,2,,,1,25,,201274,2,,,1,70,,201275,2,,,1,30,,201276,2,,,1,70,,201277,2,,,1,30,,201278,2,,,1,70,,201279,2,,,1,75,,201280,2,,,1,20,,201281,2,,,1,30,,201282,2,,,1,70,,201283,2,,,1,15,,201284,2,0,7 40 41,1,15,,201285,2,,,1,70,,201286,2,,,1,15,,201287,2,0,7 40 41,1,15,,201288,2,,,1,70,,201289,2,,,1,30,,201290,2,,,1,85,,201291,2,,,1,95,,201292,2,,,1,100,,201293,2,,,1,205,,201294,2,,,1
5601,'20260810',344,,201295,2,,,1,95,,201297,2,,,1,70,,201299,2,,,1,25,,201301,2,,,1,25,,201302,2,,,1,70,,201303,2,,,1,75,,201304,2,,,1,25,,201305,2,,,1,30,,201306,2,,,1,75,,201307,2,,,1,70,,201308,2,,,1,30,,201309,2,,,1,70,,201310,2,,,1,30,,201311,2,,,1,25,,201312,2,,,1,70,,201313,2,,,1,30,,201314,2,,,1,70,,201315,2,,,1,30,,201316,2,,,1,70,,201317,2,,,1,75,,201318,2,,,1,20,,201319,2,,,1,30,,201320,2,,,1,70,,201321,2,,,1,15,,201322,2,0,7 40 41,1,15,,201323,2,,,1,70,,201324,2,,,1,15,,201325,2,0,7 40 41,1,15,,201326,2,,,1,70,,201327,2,,,1,30,,201328,2,,,1,85,,201329,2,,,1,95,,201330,2,,,1,100,,201331,2,,,1,205,,201332,2,,,1
5601,'20260811',344,,201333,2,,,1,95,,201335,2,,,1,70,,201337,2,,,1,25,,201339,2,,,1,25,,201340,2,,,1,70,,201341,2,,,1,75,,201342,2,,,1,25,,201343,2,,,1,30,,201344,2,,,1,75,,201345,2,,,1,70,,201346,2,,,1,30,,201347,2,,,1,70,,201348,2,,,1,30,,201349,2,,,1,25,,201350,2,,,1,70,,201351,2,,,1,30,,201352,2,,,1,70,,201353,2,,,1,30,,201354,2,,,1,70,,201355,2,,,1,75,,201356,2,,,1,20,,201357,2,,,1,30,,201358,2,,,1,70,,201359,2,,,1,15,,201360,2,0,7 40 41,1,15,,201361,2,,,1,70,,201362,2,,,1,15,,201363,2,0,7 40 41,1,15,,201364,2,,,1,70,,201365,2,,,1,30,,201366,2,,,1,85,,201367,2,,,1,95,,201368,2,,,1,100,,201369,2,,,1,205,,201370,2,,,1
5601,'20260812',344,,201371,2,,,1,95,,201373,2,,,1,70,,201375,2,,,1,25,,201377,2,,,1,25,,201378,2,,,1,70,,201379,2,,,1,75,,201380,2,,,1,25,,201381,2,,,1,30,,201382,2,,,1,75,,201383,2,,,1,70,,201384,2,,,1,30,,201385,2,,,1,70,,201386,2,,,1,30,,201387,2,,,1,25,,201388,2,,,1,70,,201389,2,,,1,30,,201390,2,,,1,70,,201391,2,,,1,30,,201392,2,,,1,70,,201393,2,,,1,75,,201394,2,,,1,20,,201395,2,,,1,30,,201396,2,,,1,70,,201397,2,,,1,15,,201398,2,0,7 40 41,1,15,,201399,2,,,1,70,,201400,2,,,1,15,,201401,2,0,7 40 41,1,15,,201402,2,,,1,70,,201403,2,,,1,30,,201404,2,,,1,85,,201405,2,,,1,95,,201406,2,,,1,100,,201407,2,,,1,205,,201408,2,,,1
5601,'20260813',344,,201409,2,,,1,95,,201411,2,,,1,70,,201413,2,,,1,25,,201415,2,,,1,25,,201416,2,,,1,70,,201417,2,,,1,75,,201418,2,,,1,25,,201419,2,,,1,30,,201420,2,,,1,75,,201421,2,,,1,70,,201422,2,,,1,30,,201423,2,,,1,70,,201424,2,,,1,30,,201425,2,,,1,25,,201426,2,,,1,70,,201427,2,,,1,30,,201428,2,,,1,70,,201429,2,,,1,30,,201430,2,,,1,70,,201431,2,,,1,75,,201432,2,,,1,20,,201433,2,,,1,30,,201434,2,,,1,70,,201435,2,,,1,15,,201436,2,0,7 40 41,1,15,,201437,2,,,1,70,,201438,2,,,1,15,,201439,2,0,7 40 41,1,15,,201440,2,,,1,70,,201441,2,,,1,30,,201442,2,,,1,85,,201443,2,,,1,95,,201444,2,,,1,100,,201445,2,,,1,205,,201446,2,,,1
5601,'20260814',344,,201447,2,,,1,95,,201449,2,,,1,70,,201451,2,,,1,25,,201453,2,,,1,25,,201454,2,,,1,70,,201455,2,,,1,75,,201456,2,,,1,25,,201457,2,,,1,30,,201458,2,,,1,75,,201459,2,,,1,70,,201460,2,,,1,30,,201461,2,,,1,70,,201462,2,,,1,30,,201463,2,,,1,25,,201464,2,,,1,70,,201465,2,,,1,30,,201466,2,,,1,70,,201467,2,,,1,30,,201468,2,,,1,70,,201469,2,,,1,75,,201470,2,,,1,20,,201471,2,,,1,30,,201472,2,,,1,70,,201473,2,,,1,15,,201474,2,0,7 40 41,1,15,,201475,2,,,1,70,,201476,2,,,1,15,,201477,2,0,7 40 41,1,15,,201478,2,,,1,70,,201479,2,,,1,30,,201480,2,,,1,85,,201481,2,,,1,95,,201482,2,,,1,100,,201483,2,,,1,205,,201484,2,,,1
5601,'20260817',344,,201485,2,,,1,95,,201487,2,,,1,70,,201489,2,,,1,25,,201491,2,,,1,25,,201492,2,,,1,70,,201493,2,,,1,75,,201494,2,,,1,25,,201495,2,,,1,30,,201496,2,,,1,75,,201497,2,,,1,70,,201498,2,,,1,30,,201499,2,,,1,70,,201500,2,,,1,30,,201501,2,,,1,25,,201502,2,,,1,70,,201503,2,,,1,30,,201504,2,,,1,70,,201505,2,,,1,30,,201506,2,,,1,70,,201507,2,,,1,75,,201508,2,,,1,20,,201509,2,,,1,30,,201510,2,,,1,70,,201511,2,,,1,15,,201512,2,0,7 40 41,1,15,,201513,2,,,1,70,,201514,2,,,1,15,,201515,2,0,7 40 41,1,15,,201516,2,,,1,70,,201517,2,,,1,30,,201518,2,,,1,85,,201519,2,,,1,95,,201520,2,,,1,100,,201521,2,,,1,205,,201522,2,,,1
5601,'20260818',344,,201523,2,,,1,95,,201525,2,,,1,70,,201527,2,,,1,25,,201529,2,,,1,25,,201530,2,,,1,70,,201531,2,,,1,75,,201532,2,,,1,25,,201533,2,,,1,30,,201534,2,,,1,75,,201535,2,,,1,70,,201536,2,,,1,30,,201537,2,,,1,70,,201538,2,,,1,30,,201539,2,,,1,25,,201540,2,,,1,70,,201541,2,,,1,30,,201542,2,,,1,70,,201543,2,,,1,30,,201544,2,,,1,70,,201545,2,,,1,75,,201546,2,,,1,20,,201547,2,,,1,30,,201548,2,,,1,70,,201549,2,,,1,15,,201550,2,0,7 40 41,1,15,,201551,2,,,1,70,,201552,2,,,1,15,,201553,2,0,7 40 41,1,15,,201554,2,,,1,70,,201555,2,,,1,30,,201556,2,,,1,85,,201557,2,,,1,95,,201558,2,,,1,100,,201559,2,,,1,205,,201560,2,,,1
5601,'20260819',344,,201561,2,,,1,95,,201563,2,,,1,70,,201565,2,,,1,25,,201567,2,,,1,25,,201568,2,,,1,70,,201569,2,,,1,75,,201570,2,,,1,25,,201571,2,,,1,30,,201572,2,,,1,75,,201573,2,,,1,70,,201574,2,,,1,30,,201575,2,,,1,70,,201576,2,,,1,30,,201577,2,,,1,25,,201578,2,,,1,70,,201579,2,,,1,30,,201580,2,,,1,70,,201581,2,,,1,30,,201582,2,,,1,70,,201583,2,,,1,75,,201584,2,,,1,20,,201585,2,,,1,30,,201586,2,,,1,70,,201587,2,,,1,15,,201588,2,0,7 40 41,1,15,,201589,2,,,1,70,,201590,2,,,1,15,,201591,2,0,7 40 41,1,15,,201592,2,,,1,70,,201593,2,,,1,30,,201594,2,,,1,85,,201595,2,,,1,95,,201596,2,,,1,100,,201597,2,,,1,205,,201598,2,,,1
5601,'20260820',344,,201599,2,,,1,95,,201601,2,,,1,70,,201603,2,,,1,25,,201605,2,,,1,25,,201606,2,,,1,70,,201607,2,,,1,75,,201608,2,,,1,25,,201609,2,,,1,30,,201610,2,,,1,75,,201611,2,,,1,70,,201612,2,,,1,30,,201613,2,,,1,70,,201614,2,,,1,30,,201615,2,,,1,25,,201616,2,,,1,70,,201617,2,,,1,30,,201618,2,,,1,70,,201619,2,,,1,30,,201620,2,,,1,70,,201621,2,,,1,75,,201622,2,,,1,20,,201623,2,,,1,30,,201624,2,,,1,70,,201625,2,,,1,15,,201626,2,0,7 40 41,1,15,,201627,2,,,1,70,,201628,2,,,1,15,,201629,2,0,7 40 41,1,15,,201630,2,,,1,70,,201631,2,,,1,30,,201632,2,,,1,85,,201633,2,,,1,95,,201634,2,,,1,100,,201635,2,,,1,205,,201636,2,,,1
5601,'20260821',344,,201637,2,,,1,95,,201639,2,,,1,70,,201641,2,,,1,25,,201643,2,,,1,25,,201644,2,,,1,70,,201645,2,,,1,75,,201646,2,,,1,25,,201647,2,,,1,30,,201648,2,,,1,75,,201649,2,,,1,70,,201650,2,,,1,30,,201651,2,,,1,70,,201652,2,,,1,30,,201653,2,,,1,25,,201654,2,,,1,70,,201655,2,,,1,30,,201656,2,,,1,70,,201657,2,,,1,30,,201658,2,,,1,70,,201659,2,,,1,75,,201660,2,,,1,20,,201661,2,,,1,30,,201662,2,,,1,70,,201663,2,,,1,15,,201664,2,0,7 40 41,1,15,,201665,2,,,1,70,,201666,2,,,1,15,,201667,2,0,7 40 41,1,15,,201668,2,,,1,70,,201669,2,,,1,30,,201670,2,,,1,85,,201671,2,,,1,95,,201672,2,,,1,100,,201673,2,,,1,205,,201674,2,,,1
5601,'20260824',344,,201675,2,,,1,95,,201677,2,,,1,70,,201679,2,,,1,25,,201681,2,,,1,25,,201682,2,,,1,70,,201683,2,,,1,75,,201684,2,,,1,25,,201685,2,,,1,30,,201686,2,,,1,75,,201687,2,,,1,70,,201688,2,,,1,30,,201689,2,,,1,70,,201690,2,,,1,30,,201691,2,,,1,25,,201692,2,,,1,70,,201693,2,,,1,30,,201694,2,,,1,70,,201695,2,,,1,30,,201696,2,,,1,70,,201697,2,,,1,75,,201698,2,,,1,20,,201699,2,,,1,30,,201700,2,,,1,70,,201701,2,,,1,15,,201702,2,0,7 40 41,1,15,,201703,2,,,1,70,,201704,2,,,1,15,,201705,2,0,7 40 41,1,15,,201706,2,,,1,70,,201707,2,,,1,30,,201708,2,,,1,85,,201709,2,,,1,95,,201710,2,,,1,100,,201711,2,,,1,205,,201712,2,,,1
5601,'20260825',344,,201713,2,,,1,95,,201715,2,,,1,70,,201717,2,,,1,25,,201719,2,,,1,25,,201720,2,,,1,70,,201721,2,,,1,75,,201722,2,,,1,25,,201723,2,,,1,30,,201724,2,,,1,75,,201725,2,,,1,70,,201726,2,,,1,30,,201727,2,,,1,70,,201728,2,,,1,30,,201729,2,,,1,25,,201730,2,,,1,70,,201731,2,,,1,30,,201732,2,,,1,70,,201733,2,,,1,30,,201734,2,,,1,70,,201735,2,,,1,75,,201736,2,,,1,20,,201737,2,,,1,30,,201738,2,,,1,70,,201739,2,,,1,15,,201740,2,0,7 40 41,1,15,,201741,2,,,1,70,,201742,2,,,1,15,,201743,2,0,7 40 41,1,15,,201744,2,,,1,70,,201745,2,,,1,30,,201746,2,,,1,85,,201747,2,,,1,95,,201748,2,,,1,100,,201749,2,,,1,205,,201750,2,,,1
5601,'20260826',344,,201751,2,,,1,95,,201753,2,,,1,70,,201755,2,,,1,25,,201757,2,,,1,25,,201758,2,,,1,70,,201759,2,,,1,75,,201760,2,,,1,25,,201761,2,,,1,30,,201762,2,,,1,75,,201763,2,,,1,70,,201764,2,,,1,30,,201765,2,,,1,70,,201766,2,,,1,30,,201767,2,,,1,25,,201768,2,,,1,70,,201769,2,,,1,30,,201770,2,,,1,70,,201771,2,,,1,30,,201772,2,,,1,70,,201773,2,,,1,75,,201774,2,,,1,20,,201775,2,,,1,30,,201776,2,,,1,70,,201777,2,,,1,15,,201778,2,0,7 40 41,1,15,,201779,2,,,1,70,,201780,2,,,1,15,,201781,2,0,7 40 41,1,15,,201782,2,,,1,70,,201783,2,,,1,30,,201784,2,,,1,85,,201785,2,,,1,95,,201786,2,,,1,100,,201787,2,,,1,205,,201788,2,,,1
5601,'20260827',344,,201789,2,,,1,95,,201791,2,,,1,70,,201793,2,,,1,25,,201795,2,,,1,25,,201796,2,,,1,70,,201797,2,,,1,75,,201798,2,,,1,25,,201799,2,,,1,30,,201800,2,,,1,75,,201801,2,,,1,70,,201802,2,,,1,30,,201803,2,,,1,70,,201804,2,,,1,30,,201805,2,,,1,25,,201806,2,,,1,70,,201807,2,,,1,30,,201808,2,,,1,70,,201809,2,,,1,30,,201810,2,,,1,70,,201811,2,,,1,75,,201812,2,,,1,20,,201813,2,,,1,30,,201814,2,,,1,70,,201815,2,,,1,15,,201816,2,0,7 40 41,1,15,,201817,2,,,1,70,,201818,2,,,1,15,,201819,2,0,7 40 41,1,15,,201820,2,,,1,70,,201821,2,,,1,30,,201822,2,,,1,85,,201823,2,,,1,95,,201824,2,,,1,100,,201825,2,,,1,205,,201826,2,,,1
5601,'20260828',344,,201827,2,,,1,95,,201829,2,,,1,70,,201831,2,,,1,25,,201833,2,,,1,25,,201834,2,,,1,70,,201835,2,,,1,75,,201836,2,,,1,25,,201837,2,,,1,30,,201838,2,,,1,75,,201839,2,,,1,70,,201840,2,,,1,30,,201841,2,,,1,70,,201842,2,,,1,30,,201843,2,,,1,25,,201844,2,,,1,70,,201845,2,,,1,30,,201846,2,,,1,70,,201847,2,,,1,30,,201848,2,,,1,70,,201849,2,,,1,75,,201850,2,,,1,20,,201851,2,,,1,30,,201852,2,,,1,70,,201853,2,,,1,15,,201854,2,0,7 40 41,1,15,,201855,2,,,1,70,,201856,2,,,1,15,,201857,2,0,7 40 41,1,15,,201858,2,,,1,70,,201859,2,,,1,30,,201860,2,,,1,85,,201861,2,,,1,95,,201862,2,,,1,100,,201863,2,,,1,205,,201864,2,,,1
5601,'20260831',344,,201865,2,,,1,95,,201867,2,,,1,70,,201869,2,,,1,25,,201871,2,,,1,25,,201872,2,,,1,70,,201873,2,,,1,75,,201874,2,,,1,25,,201875,2,,,1,30,,201876,2,,,1,75,,201877,2,,,1,70,,201878,2,,,1,30,,201879,2,,,1,70,,201880,2,,,1,30,,201881,2,,,1,25,,201882,2,,,1,70,,201883,2,,,1,30,,201884,2,,,1,70,,201885,2,,,1,30,,201886,2,,,1,70,,201887,2,,,1,75,,201888,2,,,1,20,,201889,2,,,1,30,,201890,2,,,1,70,,201891,2,,,1,15,,201892,2,0,7 40 41,1,15,,201893,2,,,1,70,,201894,2,,,1,15,,201895,2,0,7 40 41,1,15,,201896,2,,,1,70,,201897,2,,,1,30,,201898,2,,,1,85,,201899,2,,,1,95,,201900,2,,,1,100,,201901,2,,,1,205,,201902,2,,,1
5601,'20260901',344,,201903,2,,,1,95,,201905,2,,,1,70,,201907,2,,,1,25,,201909,2,,,1,25,,201910,2,,,1,70,,201911,2,,,1,75,,201912,2,,,1,25,,201913,2,,,1,30,,201914,2,,,1,75,,201915,2,,,1,70,,201916,2,,,1,30,,201917,2,,,1,70,,201918,2,,,1,30,,201919,2,,,1,25,,201920,2,,,1,70,,201921,2,,,1,30,,201922,2,,,1,70,,201923,2,,,1,30,,201924,2,,,1,70,,201925,2,,,1,75,,201926,2,,,1,20,,201927,2,,,1,30,,201928,2,,,1,70,,201929,2,,,1,15,,201930,2,0,7 40 41,1,15,,201931,2,,,1,70,,201932,2,,,1,15,,201933,2,0,7 40 41,1,15,,201934,2,,,1,70,,201935,2,,,1,30,,201936,2,,,1,85,,201937,2,,,1,95,,201938,2,,,1,100,,201939,2,,,1,205,,201940,2,,,1
5601,'20260902',344,,201941,2,,,1,95,,201943,2,,,1,70,,201945,2,,,1,25,,201947,2,,,1,25,,201948,2,,,1,70,,201949,2,,,1,75,,201950,2,,,1,25,,201951,2,,,1,30,,201952,2,,,1,75,,201953,2,,,1,70,,201954,2,,,1,30,,201955,2,,,1,70,,201956,2,,,1,30,,201957,2,,,1,25,,201958,2,,,1,70,,201959,2,,,1,30,,201960,2,,,1,70,,201961,2,,,1,30,,201962,2,,,1,70,,201963,2,,,1,75,,201964,2,,,1,20,,201965,2,,,1,30,,201966,2,,,1,70,,201967,2,,,1,15,,201968,2,0,7 40 41,1,15,,201969,2,,,1,70,,201970,2,,,1,15,,201971,2,0,7 40 41,1,15,,201972,2,,,1,70,,201973,2,,,1,30,,201974,2,,,1,85,,201975,2,,,1,95,,201976,2,,,1,100,,201977,2,,,1,205,,201978,2,,,1
5601,'20260903',344,,201979,2,,,1,95,,201981,2,,,1,70,,201983,2,,,1,25,,201985,2,,,1,25,,201986,2,,,1,70,,201987,2,,,1,75,,201988,2,,,1,25,,201989,2,,,1,30,,201990,2,,,1,75,,201991,2,,,1,70,,201992,2,,,1,30,,201993,2,,,1,70,,201994,2,,,1,30,,201995,2,,,1,25,,201996,2,,,1,70,,201997,2,,,1,30,,201998,2,,,1,70,,201999,2,,,1,30,,202000,2,,,1,70,,202001,2,,,1,75,,202002,2,,,1,20,,202003,2,,,1,30,,202004,2,,,1,70,,202005,2,,,1,15,,202006,2,0,7 40 41,1,15,,202007,2,,,1,70,,202008,2,,,1,15,,202009,2,0,7 40 41,1,15,,202010,2,,,1,70,,202011,2,,,1,30,,202012,2,,,1,85,,202013,2,,,1,95,,202014,2,,,1,100,,202015,2,,,1,205,,202016,2,,,1
5601,'20260904',344,,202017,2,,,1,95,,202019,2,,,1,70,,202021,2,,,1,25,,202023,2,,,1,25,,202024,2,,,1,70,,202025,2,,,1,75,,202026,2,,,1,25,,202027,2,,,1,30,,202028,2,,,1,75,,202029,2,,,1,70,,202030,2,,,1,30,,202031,2,,,1,70,,202032,2,,,1,30,,202033,2,,,1,25,,202034,2,,,1,70,,202035,2,,,1,30,,202036,2,,,1,70,,202037,2,,,1,30,,202038,2,,,1,70,,202039,2,,,1,75,,202040,2,,,1,20,,202041,2,,,1,30,,202042,2,,,1,70,,202043,2,,,1,15,,202044,2,0,7 40 41,1,15,,202045,2,,,1,70,,202046,2,,,1,15,,202047,2,0,7 40 41,1,15,,202048,2,,,1,70,,202049,2,,,1,30,,202050,2,,,1,85,,202051,2,,,1,95,,202052,2,,,1,100,,202053,2,,,1,205,,202054,2,,,1
9201,'20260625',404,,212259,2,,,1,25,,212260,2,,,1,95,,212261,2,,,1,95,,212264,2,,,1,100,,212265,2,,,1,100,,212267,2,,,1,100,,212268,2,,,1,100,,212269,2,,,1,100,,212270,2,,,1,100,,212271,2,,,1,100,,212272,2,,,1,100,,212273,2,,,1,100,,212274,2,,,1,100,,212275,2,,,1,100,,212276,2,,,1,105,,212277,2,,,1,205,,212278,2,,,1,205,,212279,2,,,1,205,,212280,2,,,1
9201,'20260626',404,,212281,2,,,1,25,,212282,2,,,1,95,,212283,2,,,1,95,,212286,2,,,1,100,,212287,2,,,1,100,,212289,2,,,1,100,,212290,2,,,1,100,,212291,2,,,1,100,,212292,2,,,1,100,,212293,2,,,1,100,,212294,2,,,1,100,,212295,2,,,1,100,,212296,2,,,1,100,,212297,2,,,1,100,,212298,2,,,1,105,,212299,2,,,1,205,,212300,2,,,1,205,,212301,2,,,1,205,,212302,2,,,1
9201,'20260627',519,,212303,2,,,1,100,,212304,2,,,1,100,,212305,2,,,1,95,,212306,2,,,1,95,,212307,2,,,1,95,,212308,2,,,1,55,,212309,2,,,1,100,,212310,2,,,1,100,,212311,2,,,1,100,,212312,2,,,1,145,,212313,2,,,1,105,,212314,2,,,1,100,,212315,2,,,1,100,,212316,2,,,1,110,,212317,2,,,1,205,,212318,2,,,1,200,,212319,2,,,1
9201,'20260628',519,,212320,2,,,1,100,,212321,2,,,1,100,,212322,2,,,1,95,,212323,2,,,1,95,,212324,2,,,1,95,,212325,2,,,1,55,,212326,2,,,1,100,,212327,2,,,1,100,,212328,2,,,1,100,,212329,2,,,1,145,,212330,2,,,1,105,,212331,2,,,1,100,,212332,2,,,1,100,,212333,2,,,1,110,,212334,2,,,1,205,,212335,2,,,1,200,,212336,2,,,1
9201,'20260629',404,,212337,2,,,1,25,,212338,2,,,1,95,,212339,2,,,1,95,,212342,2,,,1,100,,212343,2,,,1,100,,212345,2,,,1,100,,212346,2,,,1,100,,212347,2,,,1,100,,212348,2,,,1,100,,212349,2,,,1,100,,212350,2,,,1,100,,212351,2,,,1,100,,212352,2,,,1,100,,212353,2,,,1,100,,212354,2,,,1,105,,212355,2,,,1,205,,212356,2,,,1,205,,212357,2,,,1,205,,212358,2,,,1
9201,'20260630',404,,212359,2,,,1,25,,212360,2,,,1,95,,212361,2,,,1,95,,212364,2,,,1,100,,212365,2,,,1,100,,212367,2,,,1,100,,212368,2,,,1,100,,212369,2,,,1,100,,212370,2,,,1,100,,212371,2,,,1,100,,212372,2,,,1,100,,212373,2,,,1,100,,212374,2,,,1,100,,212375,2,,,1,100,,212376,2,,,1,105,,212377,2,,,1,205,,212378,2,,,1,205,,212379,2,,,1,205,,212380,2,,,1
9201,'20260701',519,,212381,2,,,1,100,,212382,2,,,1,100,,212383,2,,,1,95,,212384,2,,,1,95,,212385,2,,,1,95,,212386,2,,,1,55,,212387,2,,,1,100,,212388,2,,,1,100,,212389,2,,,1,100,,212390,2,,,1,145,,212391,2,,,1,105,,212392,2,,,1,100,,212393,2,,,1,100,,212394,2,,,1,110,,212395,2,,,1,205,,212396,2,,,1,200,,212397,2,,,1
9201,'20260702',404,,212398,2,,,1,25,,212399,2,,,1,95,,212400,2,,,1,95,,212403,2,,,1,100,,212404,2,,,1,100,,212406,2,,,1,100,,212407,2,,,1,100,,212408,2,,,1,100,,212409,2,,,1,100,,212410,2,,,1,100,,212411,2,,,1,100,,212412,2,,,1,100,,212413,2,,,1,100,,212414,2,,,1,100,,212415,2,,,1,105,,212416,2,,,1,205,,212417,2,,,1,205,,212418,2,,,1,205,,212419,2,,,1
9201,'20260703',404,,212420,2,,,1,25,,212421,2,,,1,95,,212422,2,,,1,95,,212425,2,,,1,100,,212426,2,,,1,100,,212428,2,,,1,100,,212429,2,,,1,100,,212430,2,,,1,100,,212431,2,,,1,100,,212432,2,,,1,100,,212433,2,,,1,100,,212434,2,,,1,100,,212435,2,,,1,100,,212436,2,,,1,100,,212437,2,,,1,105,,212438,2,,,1,205,,212439,2,,,1,205,,212440,2,,,1,205,,212441,2,,,1
9201,'20260704',519,,212442,2,,,1,100,,212443,2,,,1,100,,212444,2,,,1,95,,212445,2,,,1,95,,212446,2,,,1,95,,212447,2,,,1,55,,212448,2,,,1,100,,212449,2,,,1,100,,212450,2,,,1,100,,212451,2,,,1,145,,212452,2,,,1,105,,212453,2,,,1,100,,212454,2,,,1,100,,212455,2,,,1,110,,212456,2,,,1,205,,212457,2,,,1,200,,212458,2,,,1
9201,'20260705',519,,212459,2,,,1,100,,212460,2,,,1,100,,212461,2,,,1,95,,212462,2,,,1,95,,212463,2,,,1,95,,212464,2,,,1,55,,212465,2,,,1,100,,212466,2,,,1,100,,212467,2,,,1,100,,212468,2,,,1,145,,212469,2,,,1,105,,212470,2,,,1,100,,212471,2,,,1,100,,212472,2,,,1,110,,212473,2,,,1,205,,212474,2,,,1,200,,212475,2,,,1
9201,'20260706',404,,212476,2,,,1,25,,212477,2,,,1,95,,212478,2,,,1,95,,212481,2,,,1,100,,212482,2,,,1,100,,212484,2,,,1,100,,212485,2,,,1,100,,212486,2,,,1,100,,212487,2,,,1,100,,212488,2,,,1,100,,212489,2,,,1,100,,212490,2,,,1,100,,212491,2,,,1,100,,212492,2,,,1,100,,212493,2,,,1,105,,212494,2,,,1,205,,212495,2,,,1,205,,212496,2,,,1,205,,212497,2,,,1
9201,'20260707',404,,212498,2,,,1,25,,212499,2,,,1,95,,212500,2,,,1,95,,212503,2,,,1,100,,212504,2,,,1,100,,212506,2,,,1,100,,212507,2,,,1,100,,212508,2,,,1,100,,212509,2,,,1,100,,212510,2,,,1,100,,212511,2,,,1,100,,212512,2,,,1,100,,212513,2,,,1,100,,212514,2,,,1,100,,212515,2,,,1,105,,212516,2,,,1,205,,212517,2,,,1,205,,212518,2,,,1,205,,212519,2,,,1
9201,'20260708',404,,212520,2,,,1,25,,212521,2,,,1,95,,212522,2,,,1,95,,212525,2,,,1,100,,212526,2,,,1,100,,212528,2,,,1,100,,212529,2,,,1,100,,212530,2,,,1,100,,212531,2,,,1,100,,212532,2,,,1,100,,212533,2,,,1,100,,212534,2,,,1,100,,212535,2,,,1,100,,212536,2,,,1,100,,212537,2,,,1,105,,212538,2,,,1,205,,212539,2,,,1,205,,212540,2,,,1,205,,212541,2,,,1
9201,'20260709',404,,212542,2,,,1,25,,212543,2,,,1,95,,212544,2,,,1,95,,212547,2,,,1,100,,212548,2,,,1,100,,212550,2,,,1,100,,212551,2,,,1,100,,212552,2,,,1,100,,212553,2,,,1,100,,212554,2,,,1,100,,212555,2,,,1,100,,212556,2,,,1,100,,212557,2,,,1,100,,212558,2,,,1,100,,212559,2,,,1,105,,212560,2,,,1,205,,212561,2,,,1,205,,212562,2,,,1,205,,212563,2,,,1
9201,'20260710',404,,212564,2,,,1,25,,212565,2,,,1,95,,212566,2,,,1,95,,212569,2,,,1,100,,212570,2,,,1,100,,212572,2,,,1,100,,212573,2,,,1,100,,212574,2,,,1,100,,212575,2,,,1,100,,212576,2,,,1,100,,212577,2,,,1,100,,212578,2,,,1,100,,212579,2,,,1,100,,212580,2,,,1,100,,212581,2,,,1,105,,212582,2,,,1,205,,212583,2,,,1,205,,212584,2,,,1,205,,212585,2,,,1
9201,'20260711',519,,212586,2,,,1,100,,212587,2,,,1,100,,212588,2,,,1,95,,212589,2,,,1,95,,212590,2,,,1,95,,212591,2,,,1,55,,212592,2,,,1,100,,212593,2,,,1,100,,212594,2,,,1,100,,212595,2,,,1,145,,212596,2,,,1,105,,212597,2,,,1,100,,212598,2,,,1,100,,212599,2,,,1,110,,212600,2,,,1,205,,212601,2,,,1,200,,212602,2,,,1
9201,'20260712',519,,212603,2,,,1,100,,212604,2,,,1,100,,212605,2,,,1,95,,212606,2,,,1,95,,212607,2,,,1,95,,212608,2,,,1,55,,212609,2,,,1,100,,212610,2,,,1,100,,212611,2,,,1,100,,212612,2,,,1,145,,212613,2,,,1,105,,212614,2,,,1,100,,212615,2,,,1,100,,212616,2,,,1,110,,212617,2,,,1,205,,212618,2,,,1,200,,212619,2,,,1
9201,'20260713',404,,212620,2,,,1,25,,212621,2,,,1,95,,212622,2,,,1,95,,212625,2,,,1,100,,212626,2,,,1,100,,212628,2,,,1,100,,212629,2,,,1,100,,212630,2,,,1,100,,212631,2,,,1,100,,212632,2,,,1,100,,212633,2,,,1,100,,212634,2,,,1,100,,212635,2,,,1,100,,212636,2,,,1,100,,212637,2,,,1,105,,212638,2,,,1,205,,212639,2,,,1,205,,212640,2,,,1,205,,212641,2,,,1
9201,'20260714',404,,212642,2,,,1,25,,212643,2,,,1,95,,212644,2,,,1,95,,212647,2,,,1,100,,212648,2,,,1,100,,212650,2,,,1,100,,212651,2,,,1,100,,212652,2,,,1,100,,212653,2,,,1,100,,212654,2,,,1,100,,212655,2,,,1,100,,212656,2,,,1,100,,212657,2,,,1,100,,212658,2,,,1,100,,212659,2,,,1,105,,212660,2,,,1,205,,212661,2,,,1,205,,212662,2,,,1,205,,212663,2,,,1
9201,'20260715',404,,212664,2,,,1,25,,212665,2,,,1,95,,212666,2,,,1,95,,212669,2,,,1,100,,212670,2,,,1,100,,212672,2,,,1,100,,212673,2,,,1,100,,212674,2,,,1,100,,212675,2,,,1,100,,212676,2,,,1,100,,212677,2,,,1,100,,212678,2,,,1,100,,212679,2,,,1,100,,212680,2,,,1,100,,212681,2,,,1,105,,212682,2,,,1,205,,212683,2,,,1,205,,212684,2,,,1,205,,212685,2,,,1
9201,'20260716',404,,212686,2,,,1,25,,212687,2,,,1,95,,212688,2,,,1,95,,212691,2,,,1,100,,212692,2,,,1,100,,212694,2,,,1,100,,212695,2,,,1,100,,212696,2,,,1,100,,212697,2,,,1,100,,212698,2,,,1,100,,212699,2,,,1,100,,212700,2,,,1,100,,212701,2,,,1,100,,212702,2,,,1,100,,212703,2,,,1,105,,212704,2,,,1,205,,212705,2,,,1,205,,212706,2,,,1,205,,212707,2,,,1
9201,'20260717',404,,212708,2,,,1,25,,212709,2,,,1,95,,212710,2,,,1,95,,212713,2,,,1,100,,212714,2,,,1,100,,212716,2,,,1,100,,212717,2,,,1,100,,212718,2,,,1,100,,212719,2,,,1,100,,212720,2,,,1,100,,212721,2,,,1,100,,212722,2,,,1,100,,212723,2,,,1,100,,212724,2,,,1,100,,212725,2,,,1,105,,212726,2,,,1,205,,212727,2,,,1,205,,212728,2,,,1,205,,212729,2,,,1
9201,'20260718',519,,212730,2,,,1,100,,212731,2,,,1,100,,212732,2,,,1,95,,212733,2,,,1,95,,212734,2,,,1,95,,212735,2,,,1,55,,212736,2,,,1,100,,212737,2,,,1,100,,212738,2,,,1,100,,212739,2,,,1,145,,212740,2,,,1,105,,212741,2,,,1,100,,212742,2,,,1,100,,212743,2,,,1,110,,212744,2,,,1,205,,212745,2,,,1,200,,212746,2,,,1
9201,'20260719',519,,212747,2,,,1,100,,212748,2,,,1,100,,212749,2,,,1,95,,212750,2,,,1,95,,212751,2,,,1,95,,212752,2,,,1,55,,212753,2,,,1,100,,212754,2,,,1,100,,212755,2,,,1,100,,212756,2,,,1,145,,212757,2,,,1,105,,212758,2,,,1,100,,212759,2,,,1,100,,212760,2,,,1,110,,212761,2,,,1,205,,212762,2,,,1,200,,212763,2,,,1
9201,'20260720',404,,212764,2,,,1,25,,212765,2,,,1,95,,212766,2,,,1,95,,212769,2,,,1,100,,212770,2,,,1,100,,212772,2,,,1,100,,212773,2,,,1,100,,212774,2,,,1,100,,212775,2,,,1,100,,212776,2,,,1,100,,212777,2,,,1,100,,212778,2,,,1,100,,212779,2,,,1,100,,212780,2,,,1,100,,212781,2,,,1,105,,212782,2,,,1,205,,212783,2,,,1,205,,212784,2,,,1,205,,212785,2,,,1
9201,'20260721',404,,212786,2,,,1,25,,212787,2,,,1,95,,212788,2,,,1,95,,212791,2,,,1,100,,212792,2,,,1,100,,212794,2,,,1,100,,212795,2,,,1,100,,212796,2,,,1,100,,212797,2,,,1,100,,212798,2,,,1,100,,212799,2,,,1,100,,212800,2,,,1,100,,212801,2,,,1,100,,212802,2,,,1,100,,212803,2,,,1,105,,212804,2,,,1,205,,212805,2,,,1,205,,212806,2,,,1,205,,212807,2,,,1
9201,'20260722',404,,212808,2,,,1,25,,212809,2,,,1,95,,212810,2,,,1,95,,212813,2,,,1,100,,212814,2,,,1,100,,212816,2,,,1,100,,212817,2,,,1,100,,212818,2,,,1,100,,212819,2,,,1,100,,212820,2,,,1,100,,212821,2,,,1,100,,212822,2,,,1,100,,212823,2,,,1,100,,212824,2,,,1,100,,212825,2,,,1,105,,212826,2,,,1,205,,212827,2,,,1,205,,212828,2,,,1,205,,212829,2,,,1
9201,'20260723',404,,212830,2,,,1,25,,212831,2,,,1,95,,212832,2,,,1,95,,212835,2,,,1,100,,212836,2,,,1,100,,212838,2,,,1,100,,212839,2,,,1,100,,212840,2,,,1,100,,212841,2,,,1,100,,212842,2,,,1,100,,212843,2,,,1,100,,212844,2,,,1,100,,212845,2,,,1,100,,212846,2,,,1,100,,212847,2,,,1,105,,212848,2,,,1,205,,212849,2,,,1,205,,212850,2,,,1,205,,212851,2,,,1
9201,'20260724',404,,212852,2,,,1,25,,212853,2,,,1,95,,212854,2,,,1,95,,212857,2,,,1,100,,212858,2,,,1,100,,212860,2,,,1,100,,212861,2,,,1,100,,212862,2,,,1,100,,212863,2,,,1,100,,212864,2,,,1,100,,212865,2,,,1,100,,212866,2,,,1,100,,212867,2,,,1,100,,212868,2,,,1,100,,212869,2,,,1,105,,212870,2,,,1,205,,212871,2,,,1,205,,212872,2,,,1,205,,212873,2,,,1
9201,'20260725',519,,212874,2,,,1,100,,212875,2,,,1,100,,212876,2,,,1,95,,212877,2,,,1,95,,212878,2,,,1,95,,212879,2,,,1,55,,212880,2,,,1,100,,212881,2,,,1,100,,212882,2,,,1,100,,212883,2,,,1,145,,212884,2,,,1,105,,212885,2,,,1,100,,212886,2,,,1,100,,212887,2,,,1,110,,212888,2,,,1,205,,212889,2,,,1,200,,212890,2,,,1
9201,'20260726',519,,212891,2,,,1,100,,212892,2,,,1,100,,212893,2,,,1,95,,212894,2,,,1,95,,212895,2,,,1,95,,212896,2,,,1,55,,212897,2,,,1,100,,212898,2,,,1,100,,212899,2,,,1,100,,212900,2,,,1,145,,212901,2,,,1,105,,212902,2,,,1,100,,212903,2,,,1,100,,212904,2,,,1,110,,212905,2,,,1,205,,212906,2,,,1,200,,212907,2,,,1
9201,'20260727',404,,212908,2,,,1,25,,212909,2,,,1,95,,212910,2,,,1,95,,212913,2,,,1,100,,212914,2,,,1,100,,212916,2,,,1,100,,212917,2,,,1,100,,212918,2,,,1,100,,212919,2,,,1,100,,212920,2,,,1,100,,212921,2,,,1,100,,212922,2,,,1,100,,212923,2,,,1,100,,212924,2,,,1,100,,212925,2,,,1,105,,212926,2,,,1,205,,212927,2,,,1,205,,212928,2,,,1,205,,212929,2,,,1
9201,'20260728',404,,212930,2,,,1,25,,212931,2,,,1,95,,212932,2,,,1,95,,212935,2,,,1,100,,212936,2,,,1,100,,212938,2,,,1,100,,212939,2,,,1,100,,212940,2,,,1,100,,212941,2,,,1,100,,212942,2,,,1,100,,212943,2,,,1,100,,212944,2,,,1,100,,212945,2,,,1,100,,212946,2,,,1,100,,212947,2,,,1,105,,212948,2,,,1,205,,212949,2,,,1,205,,212950,2,,,1,205,,212951,2,,,1
9201,'20260729',404,,212952,2,,,1,25,,212953,2,,,1,95,,212954,2,,,1,95,,212957,2,,,1,100,,212958,2,,,1,100,,212960,2,,,1,100,,212961,2,,,1,100,,212962,2,,,1,100,,212963,2,,,1,100,,212964,2,,,1,100,,212965,2,,,1,100,,212966,2,,,1,100,,212967,2,,,1,100,,212968,2,,,1,100,,212969,2,,,1,105,,212970,2,,,1,205,,212971,2,,,1,205,,212972,2,,,1,205,,212973,2,,,1
9201,'20260730',404,,212974,2,,,1,25,,212975,2,,,1,95,,212976,2,,,1,95,,212979,2,,,1,100,,212980,2,,,1,100,,212982,2,,,1,100,,212983,2,,,1,100,,212984,2,,,1,100,,212985,2,,,1,100,,212986,2,,,1,100,,212987,2,,,1,100,,212988,2,,,1,100,,212989,2,,,1,100,,212990,2,,,1,100,,212991,2,,,1,105,,212992,2,,,1,205,,212993,2,,,1,205,,212994,2,,,1,205,,212995,2,,,1
9201,'20260731',404,,212996,2,,,1,25,,212997,2,,,1,95,,212998,2,,,1,95,,213001,2,,,1,100,,213002,2,,,1,100,,213004,2,,,1,100,,213005,2,,,1,100,,213006,2,,,1,100,,213007,2,,,1,100,,213008,2,,,1,100,,213009,2,,,1,100,,213010,2,,,1,100,,213011,2,,,1,100,,213012,2,,,1,100,,213013,2,,,1,105,,213014,2,,,1,205,,213015,2,,,1,205,,213016,2,,,1,205,,213017,2,,,1
9201,'20260801',519,,213018,2,,,1,100,,213019,2,,,1,100,,213020,2,,,1,95,,213021,2,,,1,95,,213022,2,,,1,95,,213023,2,,,1,55,,213024,2,,,1,100,,213025,2,,,1,100,,213026,2,,,1,100,,213027,2,,,1,145,,213028,2,,,1,105,,213029,2,,,1,100,,213030,2,,,1,100,,213031,2,,,1,110,,213032,2,,,1,205,,213033,2,,,1,200,,213034,2,,,1
9201,'20260802',519,,213035,2,,,1,100,,213036,2,,,1,100,,213037,2,,,1,95,,213038,2,,,1,95,,213039,2,,,1,95,,213040,2,,,1,55,,213041,2,,,1,100,,213042,2,,,1,100,,213043,2,,,1,100,,213044,2,,,1,145,,213045,2,,,1,105,,213046,2,,,1,100,,213047,2,,,1,100,,213048,2,,,1,110,,213049,2,,,1,205,,213050,2,,,1,200,,213051,2,,,1
9201,'20260803',519,,213052,2,,,1,100,,213053,2,,,1,100,,213054,2,,,1,95,,213055,2,,,1,95,,213056,2,,,1,95,,213057,2,,,1,55,,213058,2,,,1,100,,213059,2,,,1,100,,213060,2,,,1,100,,213061,2,,,1,145,,213062,2,,,1,105,,213063,2,,,1,100,,213064,2,,,1,100,,213065,2,,,1,110,,213066,2,,,1,205,,213067,2,,,1,200,,213068,2,,,1
9201,'20260804',404,,213069,2,,,1,25,,213070,2,,,1,95,,213071,2,,,1,95,,213074,2,,,1,100,,213075,2,,,1,100,,213077,2,,,1,100,,213078,2,,,1,100,,213079,2,,,1,100,,213080,2,,,1,100,,213081,2,,,1,100,,213082,2,,,1,100,,213083,2,,,1,100,,213084,2,,,1,100,,213085,2,,,1,100,,213086,2,,,1,105,,213087,2,,,1,205,,213088,2,,,1,205,,213089,2,,,1,205,,213090,2,,,1
9201,'20260805',404,,213091,2,,,1,25,,213092,2,,,1,95,,213093,2,,,1,95,,213096,2,,,1,100,,213097,2,,,1,100,,213099,2,,,1,100,,213100,2,,,1,100,,213101,2,,,1,100,,213102,2,,,1,100,,213103,2,,,1,100,,213104,2,,,1,100,,213105,2,,,1,100,,213106,2,,,1,100,,213107,2,,,1,100,,213108,2,,,1,105,,213109,2,,,1,205,,213110,2,,,1,205,,213111,2,,,1,205,,213112,2,,,1
9201,'20260806',404,,213113,2,,,1,25,,213114,2,,,1,95,,213115,2,,,1,95,,213118,2,,,1,100,,213119,2,,,1,100,,213121,2,,,1,100,,213122,2,,,1,100,,213123,2,,,1,100,,213124,2,,,1,100,,213125,2,,,1,100,,213126,2,,,1,100,,213127,2,,,1,100,,213128,2,,,1,100,,213129,2,,,1,100,,213130,2,,,1,105,,213131,2,,,1,205,,213132,2,,,1,205,,213133,2,,,1,205,,213134,2,,,1
9201,'20260807',404,,213135,2,,,1,25,,213136,2,,,1,95,,213137,2,,,1,95,,213140,2,,,1,100,,213141,2,,,1,100,,213143,2,,,1,100,,213144,2,,,1,100,,213145,2,,,1,100,,213146,2,,,1,100,,213147,2,,,1,100,,213148,2,,,1,100,,213149,2,,,1,100,,213150,2,,,1,100,,213151,2,,,1,100,,213152,2,,,1,105,,213153,2,,,1,205,,213154,2,,,1,205,,213155,2,,,1,205,,213156,2,,,1
9201,'20260808',519,,213157,2,,,1,100,,213158,2,,,1,100,,213159,2,,,1,95,,213160,2,,,1,95,,213161,2,,,1,95,,213162,2,,,1,55,,213163,2,,,1,100,,213164,2,,,1,100,,213165,2,,,1,100,,213166,2,,,1,145,,213167,2,,,1,105,,213168,2,,,1,100,,213169,2,,,1,100,,213170,2,,,1,110,,213171,2,,,1,205,,213172,2,,,1,200,,213173,2,,,1
9201,'20260809',519,,213174,2,,,1,100,,213175,2,,,1,100,,213176,2,,,1,95,,213177,2,,,1,95,,213178,2,,,1,95,,213179,2,,,1,55,,213180,2,,,1,100,,213181,2,,,1,100,,213182,2,,,1,100,,213183,2,,,1,145,,213184,2,,,1,105,,213185,2,,,1,100,,213186,2,,,1,100,,213187,2,,,1,110,,213188,2,,,1,205,,213189,2,,,1,200,,213190,2,,,1
9201,'20260810',404,,213191,2,,,1,25,,213192,2,,,1,95,,213193,2,,,1,95,,213196,2,,,1,100,,213197,2,,,1,100,,213199,2,,,1,100,,213200,2,,,1,100,,213201,2,,,1,100,,213202,2,,,1,100,,213203,2,,,1,100,,213204,2,,,1,100,,213205,2,,,1,100,,213206,2,,,1,100,,213207,2,,,1,100,,213208,2,,,1,105,,213209,2,,,1,205,,213210,2,,,1,205,,213211,2,,,1,205,,213212,2,,,1
9201,'20260811',404,,213213,2,,,1,25,,213214,2,,,1,95,,213215,2,,,1,95,,213218,2,,,1,100,,213219,2,,,1,100,,213221,2,,,1,100,,213222,2,,,1,100,,213223,2,,,1,100,,213224,2,,,1,100,,213225,2,,,1,100,,213226,2,,,1,100,,213227,2,,,1,100,,213228,2,,,1,100,,213229,2,,,1,100,,213230,2,,,1,105,,213231,2,,,1,205,,213232,2,,,1,205,,213233,2,,,1,205,,213234,2,,,1
9201,'20260812',404,,213235,2,,,1,25,,213236,2,,,1,95,,213237,2,,,1,95,,213240,2,,,1,100,,213241,2,,,1,100,,213243,2,,,1,100,,213244,2,,,1,100,,213245,2,,,1,100,,213246,2,,,1,100,,213247,2,,,1,100,,213248,2,,,1,100,,213249,2,,,1,100,,213250,2,,,1,100,,213251,2,,,1,100,,213252,2,,,1,105,,213253,2,,,1,205,,213254,2,,,1,205,,213255,2,,,1,205,,213256,2,,,1
9201,'20260813',404,,213257,2,,,1,25,,213258,2,,,1,95,,213259,2,,,1,95,,213262,2,,,1,100,,213263,2,,,1,100,,213265,2,,,1,100,,213266,2,,,1,100,,213267,2,,,1,100,,213268,2,,,1,100,,213269,2,,,1,100,,213270,2,,,1,100,,213271,2,,,1,100,,213272,2,,,1,100,,213273,2,,,1,100,,213274,2,,,1,105,,213275,2,,,1,205,,213276,2,,,1,205,,213277,2,,,1,205,,213278,2,,,1
9201,'20260814',404,,213279,2,,,1,25,,213280,2,,,1,95,,213281,2,,,1,95,,213284,2,,,1,100,,213285,2,,,1,100,,213287,2,,,1,100,,213288,2,,,1,100,,213289,2,,,1,100,,213290,2,,,1,100,,213291,2,,,1,100,,213292,2,,,1,100,,213293,2,,,1,100,,213294,2,,,1,100,,213295,2,,,1,100,,213296,2,,,1,105,,213297,2,,,1,205,,213298,2,,,1,205,,213299,2,,,1,205,,213300,2,,,1
9201,'20260815',519,,213301,2,,,1,100,,213302,2,,,1,100,,213303,2,,,1,95,,213304,2,,,1,95,,213305,2,,,1,95,,213306,2,,,1,55,,213307,2,,,1,100,,213308,2,,,1,100,,213309,2,,,1,100,,213310,2,,,1,145,,213311,2,,,1,105,,213312,2,,,1,100,,213313,2,,,1,100,,213314,2,,,1,110,,213315,2,,,1,205,,213316,2,,,1,200,,213317,2,,,1
9201,'20260816',519,,213318,2,,,1,100,,213319,2,,,1,100,,213320,2,,,1,95,,213321,2,,,1,95,,213322,2,,,1,95,,213323,2,,,1,55,,213324,2,,,1,100,,213325,2,,,1,100,,213326,2,,,1,100,,213327,2,,,1,145,,213328,2,,,1,105,,213329,2,,,1,100,,213330,2,,,1,100,,213331,2,,,1,110,,213332,2,,,1,205,,213333,2,,,1,200,,213334,2,,,1
9201,'20260817',404,,213335,2,,,1,25,,213336,2,,,1,95,,213337,2,,,1,95,,213340,2,,,1,100,,213341,2,,,1,100,,213343,2,,,1,100,,213344,2,,,1,100,,213345,2,,,1,100,,213346,2,,,1,100,,213347,2,,,1,100,,213348,2,,,1,100,,213349,2,,,1,100,,213350,2,,,1,100,,213351,2,,,1,100,,213352,2,,,1,105,,213353,2,,,1,205,,213354,2,,,1,205,,213355,2,,,1,205,,213356,2,,,1
9201,'20260818',404,,213357,2,,,1,25,,213358,2,,,1,95,,213359,2,,,1,95,,213362,2,,,1,100,,213363,2,,,1,100,,213365,2,,,1,100,,213366,2,,,1,100,,213367,2,,,1,100,,213368,2,,,1,100,,213369,2,,,1,100,,213370,2,,,1,100,,213371,2,,,1,100,,213372,2,,,1,100,,213373,2,,,1,100,,213374,2,,,1,105,,213375,2,,,1,205,,213376,2,,,1,205,,213377,2,,,1,205,,213378,2,,,1
9201,'20260819',404,,213379,2,,,1,25,,213380,2,,,1,95,,213381,2,,,1,95,,213384,2,,,1,100,,213385,2,,,1,100,,213387,2,,,1,100,,213388,2,,,1,100,,213389,2,,,1,100,,213390,2,,,1,100,,213391,2,,,1,100,,213392,2,,,1,100,,213393,2,,,1,100,,213394,2,,,1,100,,213395,2,,,1,100,,213396,2,,,1,105,,213397,2,,,1,205,,213398,2,,,1,205,,213399,2,,,1,205,,213400,2,,,1
9201,'20260820',404,,213401,2,,,1,25,,213402,2,,,1,95,,213403,2,,,1,95,,213406,2,,,1,100,,213407,2,,,1,100,,213409,2,,,1,100,,213410,2,,,1,100,,213411,2,,,1,100,,213412,2,,,1,100,,213413,2,,,1,100,,213414,2,,,1,100,,213415,2,,,1,100,,213416,2,,,1,100,,213417,2,,,1,100,,213418,2,,,1,105,,213419,2,,,1,205,,213420,2,,,1,205,,213421,2,,,1,205,,213422,2,,,1
9201,'20260821',404,,213423,2,,,1,25,,213424,2,,,1,95,,213425,2,,,1,95,,213428,2,,,1,100,,213429,2,,,1,100,,213431,2,,,1,100,,213432,2,,,1,100,,213433,2,,,1,100,,213434,2,,,1,100,,213435,2,,,1,100,,213436,2,,,1,100,,213437,2,,,1,100,,213438,2,,,1,100,,213439,2,,,1,100,,213440,2,,,1,105,,213441,2,,,1,205,,213442,2,,,1,205,,213443,2,,,1,205,,213444,2,,,1
9201,'20260822',519,,213445,2,,,1,100,,213446,2,,,1,100,,213447,2,,,1,95,,213448,2,,,1,95,,213449,2,,,1,95,,213450,2,,,1,55,,213451,2,,,1,100,,213452,2,,,1,100,,213453,2,,,1,100,,213454,2,,,1,145,,213455,2,,,1,105,,213456,2,,,1,100,,213457,2,,,1,100,,213458,2,,,1,110,,213459,2,,,1,205,,213460,2,,,1,200,,213461,2,,,1
9201,'20260823',519,,213462,2,,,1,100,,213463,2,,,1,100,,213464,2,,,1,95,,213465,2,,,1,95,,213466,2,,,1,95,,213467,2,,,1,55,,213468,2,,,1,100,,213469,2,,,1,100,,213470,2,,,1,100,,213471,2,,,1,145,,213472,2,,,1,105,,213473,2,,,1,100,,213474,2,,,1,100,,213475,2,,,1,110,,213476,2,,,1,205,,213477,2,,,1,200,,213478,2,,,1
9201,'20260824',404,,213479,2,,,1,25,,213480,2,,,1,95,,213481,2,,,1,95,,213484,2,,,1,100,,213485,2,,,1,100,,213487,2,,,1,100,,213488,2,,,1,100,,213489,2,,,1,100,,213490,2,,,1,100,,213491,2,,,1,100,,213492,2,,,1,100,,213493,2,,,1,100,,213494,2,,,1,100,,213495,2,,,1,100,,213496,2,,,1,105,,213497,2,,,1,205,,213498,2,,,1,205,,213499,2,,,1,205,,213500,2,,,1
9201,'20260825',404,,213501,2,,,1,25,,213502,2,,,1,95,,213503,2,,,1,95,,213506,2,,,1,100,,213507,2,,,1,100,,213509,2,,,1,100,,213510,2,,,1,100,,213511,2,,,1,100,,213512,2,,,1,100,,213513,2,,,1,100,,213514,2,,,1,100,,213515,2,,,1,100,,213516,2,,,1,100,,213517,2,,,1,100,,213518,2,,,1,105,,213519,2,,,1,205,,213520,2,,,1,205,,213521,2,,,1,205,,213522,2,,,1
9201,'20260826',404,,213523,2,,,1,25,,213524,2,,,1,95,,213525,2,,,1,95,,213528,2,,,1,100,,213529,2,,,1,100,,213531,2,,,1,100,,213532,2,,,1,100,,213533,2,,,1,100,,213534,2,,,1,100,,213535,2,,,1,100,,213536,2,,,1,100,,213537,2,,,1,100,,213538,2,,,1,100,,213539,2,,,1,100,,213540,2,,,1,105,,213541,2,,,1,205,,213542,2,,,1,205,,213543,2,,,1,205,,213544,2,,,1
9201,'20260827',404,,213545,2,,,1,25,,213546,2,,,1,95,,213547,2,,,1,95,,213550,2,,,1,100,,213551,2,,,1,100,,213553,2,,,1,100,,213554,2,,,1,100,,213555,2,,,1,100,,213556,2,,,1,100,,213557,2,,,1,100,,213558,2,,,1,100,,213559,2,,,1,100,,213560,2,,,1,100,,213561,2,,,1,100,,213562,2,,,1,105,,213563,2,,,1,205,,213564,2,,,1,205,,213565,2,,,1,205,,213566,2,,,1
9201,'20260828',404,,213567,2,,,1,25,,213568,2,,,1,95,,213569,2,,,1,95,,213572,2,,,1,100,,213573,2,,,1,100,,213575,2,,,1,100,,213576,2,,,1,100,,213577,2,,,1,100,,213578,2,,,1,100,,213579,2,,,1,100,,213580,2,,,1,100,,213581,2,,,1,100,,213582,2,,,1,100,,213583,2,,,1,100,,213584,2,,,1,105,,213585,2,,,1,205,,213586,2,,,1,205,,213587,2,,,1,205,,213588,2,,,1
9201,'20260829',519,,213589,2,,,1,100,,213590,2,,,1,100,,213591,2,,,1,95,,213592,2,,,1,95,,213593,2,,,1,95,,213594,2,,,1,55,,213595,2,,,1,100,,213596,2,,,1,100,,213597,2,,,1,100,,213598,2,,,1,145,,213599,2,,,1,105,,213600,2,,,1,100,,213601,2,,,1,100,,213602,2,,,1,110,,213603,2,,,1,205,,213604,2,,,1,200,,213605,2,,,1
9201,'20260830',519,,213606,2,,,1,100,,213607,2,,,1,100,,213608,2,,,1,95,,213609,2,,,1,95,,213610,2,,,1,95,,213611,2,,,1,55,,213612,2,,,1,100,,213613,2,,,1,100,,213614,2,,,1,100,,213615,2,,,1,145,,213616,2,,,1,105,,213617,2,,,1,100,,213618,2,,,1,100,,213619,2,,,1,110,,213620,2,,,1,205,,213621,2,,,1,200,,213622,2,,,1
9201,'20260831',404,,213623,2,,,1,25,,213624,2,,,1,95,,213625,2,,,1,95,,213628,2,,,1,100,,213629,2,,,1,100,,213631,2,,,1,100,,213632,2,,,1,100,,213633,2,,,1,100,,213634,2,,,1,100,,213635,2,,,1,100,,213636,2,,,1,100,,213637,2,,,1,100,,213638,2,,,1,100,,213639,2,,,1,100,,213640,2,,,1,105,,213641,2,,,1,205,,213642,2,,,1,205,,213643,2,,,1,205,,213644,2,,,1
9201,'20260901',404,,213645,2,,,1,25,,213646,2,,,1,95,,213647,2,,,1,95,,213650,2,,,1,100,,213651,2,,,1,100,,213653,2,,,1,100,,213654,2,,,1,100,,213655,2,,,1,100,,213656,2,,,1,100,,213657,2,,,1,100,,213658,2,,,1,100,,213659,2,,,1,100,,213660,2,,,1,100,,213661,2,,,1,100,,213662,2,,,1,105,,213663,2,,,1,205,,213664,2,,,1,205,,213665,2,,,1,205,,213666,2,,,1
9201,'20260902',404,,213667,2,,,1,25,,213668,2,,,1,95,,213669,2,,,1,95,,213672,2,,,1,100,,213673,2,,,1,100,,213675,2,,,1,100,,213676,2,,,1,100,,213677,2,,,1,100,,213678,2,,,1,100,,213679,2,,,1,100,,213680,2,,,1,100,,213681,2,,,1,100,,213682,2,,,1,100,,213683,2,,,1,100,,213684,2,,,1,105,,213685,2,,,1,205,,213686,2,,,1,205,,213687,2,,,1,205,,213688,2,,,1
9201,'20260903',404,,213689,2,,,1,25,,213690,2,,,1,95,,213691,2,,,1,95,,213694,2,,,1,100,,213695,2,,,1,100,,213697,2,,,1,100,,213698,2,,,1,100,,213699,2,,,1,100,,213700,2,,,1,100,,213701,2,,,1,100,,213702,2,,,1,100,,213703,2,,,1,100,,213704,2,,,1,100,,213705,2,,,1,100,,213706,2,,,1,105,,213707,2,,,1,205,,213708,2,,,1,205,,213709,2,,,1,205,,213710,2,,,1
9201,'20260904',404,,213711,2,,,1,25,,213712,2,,,1,95,,213713,2,,,1,95,,213716,2,,,1,100,,213717,2,,,1,100,,213719,2,,,1,100,,213720,2,,,1,100,,213721,2,,,1,100,,213722,2,,,1,100,,213723,2,,,1,100,,213724,2,,,1,100,,213725,2,,,1,100,,213726,2,,,1,100,,213727,2,,,1,100,,213728,2,,,1,105,,213729,2,,,1,205,,213730,2,,,1,205,,213731,2,,,1,205,,213732,2,,,1
