1801,'20260310',640,,7661,11,0,31 38 9,1,1903,,7669,9,0,57 38 9,1,80,,7671,11,0,68 71 72 9,1,123,,7672,11,0,31 38 9,1
1801,'20260311',640,,7673,11,0,31 38 9,1,1903,,7681,9,0,57 38 9,1,80,,7683,11,0,68 71 72 9,1,123,,7684,11,0,31 38 9,1
1801,'20260312',640,,7685,11,0,31 38 9,1,1903,,7693,9,0,57 38 9,1,80,,7695,11,0,68 71 72 9,1,123,,7696,11,0,31 38 9,1
1801,'20260313',640,,7697,11,0,31 38 9,1,2003,,7706,9,0,57 38 9,1,103,,7707,11,0,31 38 9,1
1801,'20260314',806,,7708,11,0,68 71 72 9,1,35,,7709,11,0,68 71 72 9,1,70,,7710,11,0,68 71 72 9,1,17,,7711,9,0,7 71 72 9,1,1713,,7723,9,0,57 38 9,1,92,,7725,9,0,57 38 9,1
1801,'20260315',806,,7726,11,0,68 71 72 9,1,35,,7727,11,0,68 71 72 9,1,70,,7728,11,0,68 71 72 9,1,17,,7729,9,0,7 71 72 9,1,1695,,7740,11,0,68 71 72 9,1,123,,7741,11,0,31 38 9,1
1801,'20260316',640,,7742,11,0,31 38 9,1,1903,,7750,9,0,57 38 9,1,80,,7752,11,0,68 71 72 9,1,123,,7753,11,0,31 38 9,1
1801,'20260317',640,,7754,11,0,31 38 9,1,1903,,7762,9,0,57 38 9,1,80,,7764,11,0,68 71 72 9,1,123,,7765,11,0,31 38 9,1
1801,'20260318',640,,7766,11,0,31 38 9,1,1903,,7774,9,0,57 38 9,1,80,,7776,11,0,68 71 72 9,1,123,,7777,11,0,31 38 9,1
1801,'20260319',640,,7778,11,0,31 38 9,1,1903,,7786,9,0,57 38 9,1,80,,7788,11,0,68 71 72 9,1,123,,7789,11,0,31 38 9,1
1801,'20260320',640,,7790,11,0,31 38 9,1,1863,,7799,9,0,7 71 72 9,1,38,,7802,11,0,31 38 9,1,12,,7805,9,0,7 71 72 9,1,90,,7808,9,0,57 38 9,1,103,,7809,11,0,31 38 9,1
1801,'20260321',806,,7810,11,0,68 71 72 9,1,35,,7811,11,0,68 71 72 9,1,70,,7812,11,0,68 71 72 9,1,17,,7813,9,0,7 71 72 9,1,1713,,7927,9,0,57 38 9,1,92,,7929,9,0,57 38 9,1
1801,'20260322',806,,7930,11,0,68 71 72 9,1,35,,7931,11,0,68 71 72 9,1,70,,7932,11,0,68 71 72 9,1,17,,7933,9,0,7 71 72 9,1,1695,,8044,11,0,68 71 72 9,1,123,,8045,11,0,31 38 9,1
1801,'20260323',640,,8046,11,0,31 38 9,1,1903,,8054,9,0,57 38 9,1,80,,8056,11,0,68 71 72 9,1,123,,8057,11,0,31 38 9,1
1801,'20260324',640,,8058,11,0,31 38 9,1,1903,,8066,9,0,57 38 9,1,80,,8068,11,0,68 71 72 9,1,123,,8069,11,0,31 38 9,1
1801,'20260325',640,,8070,11,0,31 38 9,1,1903,,8078,9,0,57 38 9,1,80,,8080,11,0,68 71 72 9,1,123,,8081,11,0,31 38 9,1
1801,'20260326',640,,8082,11,0,31 38 9,1,1903,,8090,9,0,57 38 9,1,80,,8092,11,0,68 71 72 9,1,123,,8093,11,0,31 38 9,1
1801,'20260327',640,,8094,11,0,31 38 9,1,2003,,8103,9,0,57 38 9,1,103,,8104,11,0,31 38 9,1
1801,'20260328',806,,8105,11,0,68 71 72 9,1,35,,8106,11,0,68 71 72 9,1,70,,8107,11,0,68 71 72 9,1,17,,8108,9,0,7 71 72 9,1,1713,,8120,9,0,57 38 9,1,92,,8122,9,0,57 38 9,1
1801,'20260329',806,,8123,11,0,68 71 72 9,1,35,,8124,11,0,68 71 72 9,1,70,,8125,11,0,68 71 72 9,1,17,,8126,9,0,7 71 72 9,1,1695,,8137,11,0,68 71 72 9,1,123,,8138,11,0,31 38 9,1
1801,'20260330',640,,8139,11,0,31 38 9,1,1903,,8147,9,0,57 38 9,1,80,,8149,11,0,68 71 72 9,1,123,,8150,11,0,31 38 9,1
1801,'20260331',640,,8151,11,0,31 38 9,1,1903,,8159,9,0,57 38 9,1,80,,8161,11,0,68 71 72 9,1,123,,8162,11,0,31 38 9,1
1801,'20260401',640,,8163,11,0,31 38 9,1,1903,,8171,9,0,57 38 9,1,80,,8173,11,0,68 71 72 9,1,123,,8174,11,0,31 38 9,1
1801,'20260402',640,,8175,11,0,31 38 9,1,1903,,8183,9,0,57 38 9,1,80,,8185,11,0,68 71 72 9,1,123,,8186,11,0,31 38 9,1
1801,'20260403',806,,8187,11,0,68 71 72 9,1,35,,8188,11,0,68 71 72 9,1,70,,8189,11,0,68 71 72 9,1,17,,8190,9,0,7 71 72 9,1,1713,,8202,9,0,57 38 9,1,92,,8204,9,0,57 38 9,1
1801,'20260404',806,,8205,11,0,68 71 72 9,1,35,,8206,11,0,68 71 72 9,1,70,,8207,11,0,68 71 72 9,1,17,,8208,9,0,7 71 72 9,1,1713,,8220,9,0,57 38 9,1,92,,8222,9,0,57 38 9,1
1801,'20260405',806,,8223,11,0,68 71 72 9,1,35,,8224,11,0,68 71 72 9,1,70,,8225,11,0,68 71 72 9,1,17,,8226,9,0,7 71 72 9,1,1695,,8237,11,0,68 71 72 9,1,123,,8238,11,0,31 38 9,1
1801,'20260406',640,,8239,11,0,31 38 9,1,1903,,8247,9,0,57 38 9,1,80,,8249,11,0,68 71 72 9,1,123,,8250,11,0,31 38 9,1
1801,'20260407',640,,8251,11,0,31 38 9,1,1903,,8259,9,0,57 38 9,1,80,,8261,11,0,68 71 72 9,1,123,,8262,11,0,31 38 9,1
1801,'20260408',640,,8263,11,0,31 38 9,1,1903,,8271,9,0,57 38 9,1,80,,8273,11,0,68 71 72 9,1,123,,8274,11,0,31 38 9,1
1801,'20260409',640,,8275,11,0,31 38 9,1,1903,,8283,9,0,57 38 9,1,80,,8285,11,0,68 71 72 9,1,123,,8286,11,0,31 38 9,1
1801,'20260410',640,,8287,11,0,31 38 9,1,2003,,8296,9,0,57 38 9,1,103,,8297,11,0,31 38 9,1
1801,'20260411',806,,8298,11,0,68 71 72 9,1,35,,8299,11,0,68 71 72 9,1,70,,8300,11,0,68 71 72 9,1,17,,8301,9,0,7 71 72 9,1,1713,,8313,9,0,57 38 9,1,92,,8315,9,0,57 38 9,1
1801,'20260412',806,,8316,11,0,68 71 72 9,1,35,,8317,11,0,68 71 72 9,1,70,,8318,11,0,68 71 72 9,1,17,,8319,9,0,7 71 72 9,1,1695,,8330,11,0,68 71 72 9,1,123,,8331,11,0,31 38 9,1
1801,'20260413',640,,8332,11,0,31 38 9,1,1903,,8340,9,0,57 38 9,1,80,,8342,11,0,68 71 72 9,1,123,,8343,11,0,31 38 9,1
1801,'20260414',640,,8344,11,0,31 38 9,1,1903,,8352,9,0,57 38 9,1,80,,8354,11,0,68 71 72 9,1,123,,8355,11,0,31 38 9,1
1801,'20260415',640,,8356,11,0,31 38 9,1,1903,,8364,9,0,57 38 9,1,80,,8366,11,0,68 71 72 9,1,123,,8367,11,0,31 38 9,1
1801,'20260416',640,,8368,11,0,31 38 9,1,1903,,8376,9,0,57 38 9,1,80,,8378,11,0,68 71 72 9,1,123,,8379,11,0,31 38 9,1
1801,'20260417',640,,8380,11,0,31 38 9,1,2003,,8389,9,0,57 38 9,1,103,,8390,11,0,31 38 9,1
1801,'20260418',806,,8391,11,0,68 71 72 9,1,35,,8392,11,0,68 71 72 9,1,70,,8393,11,0,68 71 72 9,1,17,,8394,9,0,7 71 72 9,1,1713,,8406,9,0,57 38 9,1,92,,8408,9,0,57 38 9,1
1801,'20260419',806,,8409,11,0,68 71 72 9,1,35,,8410,11,0,68 71 72 9,1,70,,8411,11,0,68 71 72 9,1,17,,8412,9,0,7 71 72 9,1,1695,,8423,11,0,68 71 72 9,1,123,,8424,11,0,31 38 9,1
1801,'20260420',640,,8425,11,0,31 38 9,1,1903,,8433,9,0,57 38 9,1,80,,8435,11,0,68 71 72 9,1,123,,8436,11,0,31 38 9,1
1801,'20260421',640,,8437,11,0,31 38 9,1,1903,,8445,9,0,57 38 9,1,80,,8447,11,0,68 71 72 9,1,123,,8448,11,0,31 38 9,1
1801,'20260422',640,,8449,11,0,31 38 9,1,1903,,8457,9,0,57 38 9,1,80,,8459,11,0,68 71 72 9,1,123,,8460,11,0,31 38 9,1
1801,'20260423',640,,8461,11,0,31 38 9,1,1903,,8469,9,0,57 38 9,1,80,,8471,11,0,68 71 72 9,1,123,,8472,11,0,31 38 9,1
1801,'20260424',640,,8473,11,0,31 38 9,1,2003,,8482,9,0,57 38 9,1,103,,8483,11,0,31 38 9,1
