6801,'20260716',431,,205248,15,0,5 16 26 9,1,594,,205249,15,0,88 9,1,100,,205250,15,0,88 9,1,382,,205251,15,0,5 16 26 9,1,200,,205252,15,0,5 16 26 9,1,118,,205253,15,0,88 9,1,107,,205254,15,0,88 9,1,385,,205255,15,0,5 16 26 9,1
6801,'20260717',431,,205256,15,0,5 16 26 9,1,594,,205257,15,0,88 9,1,100,,205258,15,0,88 9,1,382,,205259,15,0,5 16 26 9,1,200,,205260,15,0,5 16 26 9,1,118,,205261,15,0,88 9,1,107,,205262,15,0,88 9,1,385,,205263,15,0,5 16 26 9,1
6801,'20260718',933,,205264,15,0,88 9,1,300,,205265,15,0,88 9,1,300,,205266,15,0,88 9,1,300,,205267,15,0,88 9,1,505,,205268,15,0,5 16 26 9,1
6801,'20260719',933,,205269,15,0,88 9,1,300,,205270,15,0,88 9,1,300,,205271,15,0,88 9,1,300,,205272,15,0,88 9,1,505,,205273,15,0,5 16 26 9,1
6801,'20260720',431,,205274,15,0,5 16 26 9,1,594,,205275,15,0,88 9,1,100,,205276,15,0,88 9,1,382,,205277,15,0,5 16 26 9,1,200,,205278,15,0,5 16 26 9,1,118,,205279,15,0,88 9,1,107,,205280,15,0,88 9,1,385,,205281,15,0,5 16 26 9,1
6801,'20260721',431,,205282,15,0,5 16 26 9,1,594,,205283,15,0,88 9,1,100,,205284,15,0,88 9,1,382,,205285,15,0,5 16 26 9,1,200,,205286,15,0,5 16 26 9,1,118,,205287,15,0,88 9,1,107,,205288,15,0,88 9,1,385,,205289,15,0,5 16 26 9,1
6801,'20260722',431,,205290,15,0,5 16 26 9,1,594,,205291,15,0,88 9,1,100,,205292,15,0,88 9,1,382,,205293,15,0,5 16 26 9,1,200,,205294,15,0,5 16 26 9,1,118,,205295,15,0,88 9,1,107,,205296,15,0,88 9,1,385,,205297,15,0,5 16 26 9,1
6801,'20260723',431,,205298,15,0,5 16 26 9,1,594,,205299,15,0,88 9,1,100,,205300,15,0,88 9,1,382,,205301,15,0,5 16 26 9,1,200,,205302,15,0,5 16 26 9,1,118,,205303,15,0,88 9,1,107,,205304,15,0,88 9,1,385,,205305,15,0,5 16 26 9,1
6801,'20260724',431,,205306,15,0,5 16 26 9,1,594,,205307,15,0,88 9,1,100,,205308,15,0,88 9,1,382,,205309,15,0,5 16 26 9,1,200,,205310,15,0,5 16 26 9,1,118,,205311,15,0,88 9,1,107,,205312,15,0,88 9,1,385,,205313,15,0,5 16 26 9,1
6801,'20260725',558,,219963,15,0,53 20 39,1,170,,219965,15,0,53 20 39,1,100,,219967,15,0,53 20 39,1,105,,205314,15,0,88 9,1,195,,219969,15,0,53 20 39,1,105,,205315,15,0,88 9,1,195,,219971,15,0,53 20 39,1,105,,205316,15,0,88 9,1,195,,219973,15,0,53 20 39,1,105,,205317,15,0,88 9,1,195,,219975,15,0,53 20 39,1,310,,205318,15,0,5 16 26 9,1
6801,'20260726',558,,219976,15,0,53 20 39,1,170,,219978,15,0,53 20 39,1,100,,219980,15,0,53 20 39,1,105,,205319,15,0,88 9,1,195,,219982,15,0,53 20 39,1,105,,205320,15,0,88 9,1,195,,219984,15,0,53 20 39,1,105,,205321,15,0,88 9,1,195,,219986,15,0,53 20 39,1,105,,205322,15,0,88 9,1,195,,219988,15,0,53 20 39,1,310,,205323,15,0,5 16 26 9,1
6801,'20260727',431,,205324,15,0,5 16 26 9,1,594,,205325,15,0,88 9,1,100,,205326,15,0,88 9,1,382,,205327,15,0,5 16 26 9,1,200,,205328,15,0,5 16 26 9,1,118,,205329,15,0,88 9,1,107,,205330,15,0,88 9,1,385,,205331,15,0,5 16 26 9,1
6801,'20260728',431,,205332,15,0,5 16 26 9,1,594,,205333,15,0,88 9,1,100,,205334,15,0,88 9,1,382,,205335,15,0,5 16 26 9,1,200,,205336,15,0,5 16 26 9,1,118,,205337,15,0,88 9,1,107,,205338,15,0,88 9,1,385,,205339,15,0,5 16 26 9,1
6801,'20260729',431,,205340,15,0,5 16 26 9,1,594,,205341,15,0,88 9,1,100,,205342,15,0,88 9,1,382,,205343,15,0,5 16 26 9,1,200,,205344,15,0,5 16 26 9,1,118,,205345,15,0,88 9,1,107,,205346,15,0,88 9,1,385,,205347,15,0,5 16 26 9,1
6801,'20260730',431,,205348,15,0,5 16 26 9,1,594,,205349,15,0,88 9,1,100,,205350,15,0,88 9,1,382,,205351,15,0,5 16 26 9,1,200,,205352,15,0,5 16 26 9,1,118,,205353,15,0,88 9,1,107,,205354,15,0,88 9,1,385,,205355,15,0,5 16 26 9,1
6801,'20260731',431,,205356,15,0,5 16 26 9,1,594,,205357,15,0,88 9,1,100,,205358,15,0,88 9,1,382,,205359,15,0,5 16 26 9,1,200,,205360,15,0,5 16 26 9,1,118,,205361,15,0,88 9,1,107,,205362,15,0,88 9,1,385,,205363,15,0,5 16 26 9,1
6801,'20260801',933,,205364,15,0,88 9,1,300,,205365,15,0,88 9,1,300,,205366,15,0,88 9,1,300,,205367,15,0,88 9,1,505,,205368,15,0,5 16 26 9,1
6801,'20260802',933,,205369,15,0,88 9,1,300,,205370,15,0,88 9,1,300,,205371,15,0,88 9,1,300,,205372,15,0,88 9,1,505,,205373,15,0,5 16 26 9,1
6801,'20260803',933,,205374,15,0,88 9,1,300,,205375,15,0,88 9,1,300,,205376,15,0,88 9,1,300,,205377,15,0,88 9,1,505,,205378,15,0,5 16 26 9,1
6801,'20260804',431,,205379,15,0,5 16 26 9,1,594,,205380,15,0,88 9,1,100,,205381,15,0,88 9,1,382,,205382,15,0,5 16 26 9,1,200,,205383,15,0,5 16 26 9,1,118,,205384,15,0,88 9,1,107,,205385,15,0,88 9,1,385,,205386,15,0,5 16 26 9,1
6801,'20260805',431,,205387,15,0,5 16 26 9,1,594,,205388,15,0,88 9,1,100,,205389,15,0,88 9,1,382,,205390,15,0,5 16 26 9,1,200,,205391,15,0,5 16 26 9,1,118,,205392,15,0,88 9,1,107,,205393,15,0,88 9,1,385,,205394,15,0,5 16 26 9,1
6801,'20260806',431,,205395,15,0,5 16 26 9,1,594,,205396,15,0,88 9,1,100,,205397,15,0,88 9,1,382,,205398,15,0,5 16 26 9,1,200,,205399,15,0,5 16 26 9,1,118,,205400,15,0,88 9,1,107,,205401,15,0,88 9,1,385,,205402,15,0,5 16 26 9,1
6801,'20260807',431,,205403,15,0,5 16 26 9,1,594,,205404,15,0,88 9,1,100,,205405,15,0,88 9,1,382,,205406,15,0,5 16 26 9,1,200,,205407,15,0,5 16 26 9,1,118,,205408,15,0,88 9,1,107,,205409,15,0,88 9,1,385,,205410,15,0,5 16 26 9,1
6801,'20260808',933,,205411,15,0,88 9,1,300,,205412,15,0,88 9,1,300,,205413,15,0,88 9,1,300,,205414,15,0,88 9,1,505,,205415,15,0,5 16 26 9,1
6801,'20260809',933,,205416,15,0,88 9,1,300,,205417,15,0,88 9,1,300,,205418,15,0,88 9,1,300,,205419,15,0,88 9,1,505,,205420,15,0,5 16 26 9,1
6801,'20260810',431,,205421,15,0,5 16 26 9,1,594,,205422,15,0,88 9,1,100,,205423,15,0,88 9,1,382,,205424,15,0,5 16 26 9,1,200,,205425,15,0,5 16 26 9,1,118,,205426,15,0,88 9,1,107,,205427,15,0,88 9,1,385,,205428,15,0,5 16 26 9,1
6801,'20260811',431,,205429,15,0,5 16 26 9,1,594,,205430,15,0,88 9,1,100,,205431,15,0,88 9,1,382,,205432,15,0,5 16 26 9,1,200,,205433,15,0,5 16 26 9,1,118,,205434,15,0,88 9,1,107,,205435,15,0,88 9,1,385,,205436,15,0,5 16 26 9,1
6801,'20260812',431,,205437,15,0,5 16 26 9,1,594,,205438,15,0,88 9,1,100,,205439,15,0,88 9,1,382,,205440,15,0,5 16 26 9,1,200,,205441,15,0,5 16 26 9,1,118,,205442,15,0,88 9,1,107,,205443,15,0,88 9,1,385,,205444,15,0,5 16 26 9,1
6801,'20260813',431,,205445,15,0,5 16 26 9,1,594,,205446,15,0,88 9,1,100,,205447,15,0,88 9,1,382,,205448,15,0,5 16 26 9,1,200,,205449,15,0,5 16 26 9,1,118,,205450,15,0,88 9,1,107,,205451,15,0,88 9,1,385,,205452,15,0,5 16 26 9,1
6801,'20260814',431,,205453,15,0,5 16 26 9,1,594,,205454,15,0,88 9,1,100,,205455,15,0,88 9,1,382,,205456,15,0,5 16 26 9,1,200,,205457,15,0,5 16 26 9,1,118,,205458,15,0,88 9,1,107,,205459,15,0,88 9,1,385,,205460,15,0,5 16 26 9,1
6801,'20260815',933,,205461,15,0,88 9,1,300,,205462,15,0,88 9,1,300,,205463,15,0,88 9,1,300,,205464,15,0,88 9,1,505,,205465,15,0,5 16 26 9,1
6801,'20260816',933,,205466,15,0,88 9,1,300,,205467,15,0,88 9,1,300,,205468,15,0,88 9,1,300,,205469,15,0,88 9,1,505,,205470,15,0,5 16 26 9,1
6801,'20260817',431,,205471,15,0,5 16 26 9,1,594,,205472,15,0,88 9,1,100,,205473,15,0,88 9,1,382,,205474,15,0,5 16 26 9,1,200,,205475,15,0,5 16 26 9,1,118,,205476,15,0,88 9,1,107,,205477,15,0,88 9,1,385,,205478,15,0,5 16 26 9,1
6801,'20260818',431,,205479,15,0,5 16 26 9,1,594,,205480,15,0,88 9,1,100,,205481,15,0,88 9,1,382,,205482,15,0,5 16 26 9,1,200,,205483,15,0,5 16 26 9,1,118,,205484,15,0,88 9,1,107,,205485,15,0,88 9,1,385,,205486,15,0,5 16 26 9,1
6801,'20260819',431,,205487,15,0,5 16 26 9,1,594,,205488,15,0,88 9,1,100,,205489,15,0,88 9,1,382,,205490,15,0,5 16 26 9,1,200,,205491,15,0,5 16 26 9,1,118,,205492,15,0,88 9,1,107,,205493,15,0,88 9,1,385,,205494,15,0,5 16 26 9,1
6801,'20260820',431,,205495,15,0,5 16 26 9,1,594,,205496,15,0,88 9,1,100,,205497,15,0,88 9,1,382,,205498,15,0,5 16 26 9,1,200,,205499,15,0,5 16 26 9,1,118,,205500,15,0,88 9,1,107,,205501,15,0,88 9,1,385,,205502,15,0,5 16 26 9,1
6801,'20260821',431,,205503,15,0,5 16 26 9,1,594,,205504,15,0,88 9,1,100,,205505,15,0,88 9,1,382,,205506,15,0,5 16 26 9,1,200,,205507,15,0,5 16 26 9,1,118,,205508,15,0,88 9,1,107,,205509,15,0,88 9,1,385,,205510,15,0,5 16 26 9,1
6801,'20260822',933,,205511,15,0,88 9,1,300,,205512,15,0,88 9,1,300,,205513,15,0,88 9,1,300,,205514,15,0,88 9,1,505,,205515,15,0,5 16 26 9,1
6801,'20260823',933,,205516,15,0,88 9,1,300,,205517,15,0,88 9,1,300,,205518,15,0,88 9,1,300,,205519,15,0,88 9,1,505,,205520,15,0,5 16 26 9,1
6801,'20260824',431,,205521,15,0,5 16 26 9,1,594,,205522,15,0,88 9,1,100,,205523,15,0,88 9,1,382,,205524,15,0,5 16 26 9,1,200,,205525,15,0,5 16 26 9,1,118,,205526,15,0,88 9,1,107,,205527,15,0,88 9,1,385,,205528,15,0,5 16 26 9,1
6801,'20260825',431,,205529,15,0,5 16 26 9,1,594,,205530,15,0,88 9,1,100,,205531,15,0,88 9,1,382,,205532,15,0,5 16 26 9,1,200,,205533,15,0,5 16 26 9,1,118,,205534,15,0,88 9,1,107,,205535,15,0,88 9,1,385,,205536,15,0,5 16 26 9,1
6801,'20260826',431,,205537,15,0,5 16 26 9,1,594,,205538,15,0,88 9,1,100,,205539,15,0,88 9,1,382,,205540,15,0,5 16 26 9,1,200,,205541,15,0,5 16 26 9,1,118,,205542,15,0,88 9,1,107,,205543,15,0,88 9,1,385,,205544,15,0,5 16 26 9,1
6801,'20260827',431,,205545,15,0,5 16 26 9,1,594,,205546,15,0,88 9,1,100,,205547,15,0,88 9,1,382,,205548,15,0,5 16 26 9,1,200,,205549,15,0,5 16 26 9,1,118,,205550,15,0,88 9,1,107,,205551,15,0,88 9,1,385,,205552,15,0,5 16 26 9,1
6801,'20260828',431,,205553,15,0,5 16 26 9,1,594,,205554,15,0,88 9,1,100,,205555,15,0,88 9,1,382,,205556,15,0,5 16 26 9,1,200,,205557,15,0,5 16 26 9,1,118,,205558,15,0,88 9,1,107,,205559,15,0,88 9,1,385,,205560,15,0,5 16 26 9,1
6801,'20260829',933,,205561,15,0,88 9,1,300,,205562,15,0,88 9,1,300,,205563,15,0,88 9,1,300,,205564,15,0,88 9,1,505,,205565,15,0,5 16 26 9,1
6801,'20260830',933,,205566,15,0,88 9,1,300,,205567,15,0,88 9,1,300,,205568,15,0,88 9,1,300,,205569,15,0,88 9,1,505,,205570,15,0,5 16 26 9,1
6801,'20260831',431,,205571,15,0,5 16 26 9,1,594,,205572,15,0,88 9,1,100,,205573,15,0,88 9,1,382,,205574,15,0,5 16 26 9,1,200,,205575,15,0,5 16 26 9,1,118,,205576,15,0,88 9,1,107,,205577,15,0,88 9,1,385,,205578,15,0,5 16 26 9,1
6801,'20260901',431,,205579,15,0,5 16 26 9,1,594,,205580,15,0,88 9,1,100,,205581,15,0,88 9,1,382,,205582,15,0,5 16 26 9,1,200,,205583,15,0,5 16 26 9,1,118,,205584,15,0,88 9,1,107,,205585,15,0,88 9,1,385,,205586,15,0,5 16 26 9,1
6801,'20260902',431,,205587,15,0,5 16 26 9,1,594,,205588,15,0,88 9,1,100,,205589,15,0,88 9,1,382,,205590,15,0,5 16 26 9,1,200,,205591,15,0,5 16 26 9,1,118,,205592,15,0,88 9,1,107,,205593,15,0,88 9,1,385,,205594,15,0,5 16 26 9,1
6801,'20260903',431,,205595,15,0,5 16 26 9,1,594,,205596,15,0,88 9,1,100,,205597,15,0,88 9,1,382,,205598,15,0,5 16 26 9,1,200,,205599,15,0,5 16 26 9,1,118,,205600,15,0,88 9,1,107,,205601,15,0,88 9,1,385,,205602,15,0,5 16 26 9,1
6801,'20260904',431,,205603,15,0,5 16 26 9,1,594,,205604,15,0,88 9,1,100,,205605,15,0,88 9,1,382,,205606,15,0,5 16 26 9,1,200,,205607,15,0,5 16 26 9,1,118,,205608,15,0,88 9,1,107,,205609,15,0,88 9,1,385,,205610,15,0,5 16 26 9,1
