1101,'20260409',624,,433,9,,,1,117,,434,9,,,1,208,,435,9,,,1,200,,436,9,,,1,198,,437,9,,,1,102,,438,9,,,1,100,,439,9,,,1,206,,440,9,,,1
1101,'20260410',624,,441,9,,,1,117,,442,9,,,1,208,,443,9,,,1,200,,444,9,,,1,198,,445,9,,,1,102,,446,9,,,1,100,,447,9,,,1,206,,448,9,,,1
1101,'20260413',624,,449,9,,,1,117,,450,9,,,1,208,,451,9,,,1,200,,452,9,,,1,198,,453,9,,,1,102,,454,9,,,1,100,,455,9,,,1,206,,456,9,,,1
1101,'20260414',624,,457,9,,,1,117,,458,9,,,1,208,,459,9,,,1,200,,460,9,,,1,198,,461,9,,,1,102,,462,9,,,1,100,,463,9,,,1,206,,464,9,,,1
1101,'20260415',624,,465,9,,,1,117,,466,9,,,1,208,,467,9,,,1,200,,468,9,,,1,198,,469,9,,,1,102,,470,9,,,1,100,,471,9,,,1,206,,472,9,,,1
1101,'20260416',624,,473,9,,,1,117,,474,9,,,1,208,,475,9,,,1,200,,476,9,,,1,198,,477,9,,,1,102,,478,9,,,1,100,,479,9,,,1,206,,480,9,,,1
1101,'20260417',624,,481,9,,,1,117,,482,9,,,1,208,,483,9,,,1,200,,484,9,,,1,198,,485,9,,,1,102,,486,9,,,1,100,,487,9,,,1,206,,488,9,,,1
1101,'20260420',624,,489,9,,,1,117,,490,9,,,1,208,,491,9,,,1,200,,492,9,,,1,198,,493,9,,,1,102,,494,9,,,1,100,,495,9,,,1,206,,496,9,,,1
1101,'20260421',624,,497,9,,,1,117,,498,9,,,1,208,,499,9,,,1,200,,500,9,,,1,198,,501,9,,,1,102,,502,9,,,1,100,,503,9,,,1,206,,504,9,,,1
1101,'20260422',624,,505,9,,,1,117,,506,9,,,1,208,,507,9,,,1,200,,508,9,,,1,198,,509,9,,,1,102,,510,9,,,1,100,,511,9,,,1,206,,512,9,,,1
1101,'20260423',624,,513,9,,,1,117,,514,9,,,1,208,,515,9,,,1,200,,516,9,,,1,198,,517,9,,,1,102,,518,9,,,1,100,,519,9,,,1,206,,520,9,,,1
1101,'20260424',624,,521,9,,,1,117,,522,9,,,1,208,,523,9,,,1,200,,524,9,,,1,198,,525,9,,,1,102,,526,9,,,1,100,,527,9,,,1,206,,528,9,,,1
1601,'20260409',618,,5875,9,,,1,102,,5876,9,,,1,413,,5877,9,,,1,105,,5878,9,,,1,100,,5879,9,,,1,105,,5880,9,,,1,160,,5881,9,,,1,435,,5882,9,,,1,90,,5883,9,,,1,100,,5884,9,,,1,95,,5885,9,,,1,100,,5886,9,,,1,95,,5887,9,,,1
1601,'20260410',618,,5888,9,,,1,102,,5889,9,,,1,413,,5890,9,,,1,105,,5891,9,,,1,100,,5892,9,,,1,105,,5893,9,,,1,160,,5894,9,,,1,435,,5895,9,,,1,90,,5896,9,,,1,100,,5897,9,,,1,95,,5898,9,,,1,100,,5899,9,,,1,95,,5900,9,,,1
1601,'20260411',818,,5901,9,,,1,102,,5902,9,,,1,115,,5903,9,,,1,105,,5904,9,,,1,70,,5905,9,,,1,35,,5906,9,,,1,70,,5907,9,,,1,35,,5908,9,,,1,75,,5909,9,,,1,30,,5910,9,,,1,70,,5911,9,,,1,25,,5912,9,,,1,70,,5913,9,,,1,30,,5914,9,,,1,70,,5915,9,,,1,30,,5916,9,,,1,65,,5917,9,,,1,30,,5918,9,,,1,70,,5919,9,,,1,30,,5920,9,,,1,65,,5921,9,,,1,25,,5922,9,,,1,65,,5923,9,,,1,30,,5924,9,,,1,100,,5925,9,,,1,95,,5926,9,,,1,100,,5927,9,,,1,100,,5928,9,,,1
1601,'20260412',818,,5929,9,,,1,102,,5930,9,,,1,115,,5931,9,,,1,105,,5932,9,,,1,70,,5933,9,,,1,35,,5934,9,,,1,70,,5935,9,,,1,35,,5936,9,,,1,75,,5937,9,,,1,30,,5938,9,,,1,70,,5939,9,,,1,25,,5940,9,,,1,70,,5941,9,,,1,30,,5942,9,,,1,70,,5943,9,,,1,30,,5944,9,,,1,65,,5945,9,,,1,30,,5946,9,,,1,70,,5947,9,,,1,30,,5948,9,,,1,65,,5949,9,,,1,25,,5950,9,,,1,65,,5951,9,,,1,30,,5952,9,,,1,100,,5953,9,,,1,95,,5954,9,,,1,100,,5955,9,,,1,100,,5956,9,,,1
1601,'20260413',618,,5957,9,,,1,102,,5958,9,,,1,413,,5959,9,,,1,105,,5960,9,,,1,100,,5961,9,,,1,105,,5962,9,,,1,160,,5963,9,,,1,435,,5964,9,,,1,90,,5965,9,,,1,100,,5966,9,,,1,95,,5967,9,,,1,100,,5968,9,,,1,95,,5969,9,,,1
1601,'20260414',618,,5970,9,,,1,102,,5971,9,,,1,413,,5972,9,,,1,105,,5973,9,,,1,100,,5974,9,,,1,105,,5975,9,,,1,160,,5976,9,,,1,435,,5977,9,,,1,90,,5978,9,,,1,100,,5979,9,,,1,95,,5980,9,,,1,100,,5981,9,,,1,95,,5982,9,,,1
1601,'20260415',618,,5983,9,,,1,102,,5984,9,,,1,413,,5985,9,,,1,105,,5986,9,,,1,100,,5987,9,,,1,105,,5988,9,,,1,160,,5989,9,,,1,435,,5990,9,,,1,90,,5991,9,,,1,100,,5992,9,,,1,95,,5993,9,,,1,100,,5994,9,,,1,95,,5995,9,,,1
1601,'20260416',618,,5996,9,,,1,102,,5997,9,,,1,413,,5998,9,,,1,105,,5999,9,,,1,100,,6000,9,,,1,105,,6001,9,,,1,160,,6002,9,,,1,435,,6003,9,,,1,90,,6004,9,,,1,100,,6005,9,,,1,95,,6006,9,,,1,100,,6007,9,,,1,95,,6008,9,,,1
1601,'20260417',618,,6009,9,,,1,102,,6010,9,,,1,413,,6011,9,,,1,105,,6012,9,,,1,100,,6013,9,,,1,105,,6014,9,,,1,160,,6015,9,,,1,435,,6016,9,,,1,90,,6017,9,,,1,100,,6018,9,,,1,95,,6019,9,,,1,100,,6020,9,,,1,95,,6021,9,,,1
1601,'20260418',818,,6022,9,,,1,102,,6023,9,,,1,115,,6024,9,,,1,105,,6025,9,,,1,70,,6026,9,,,1,35,,6027,9,,,1,70,,6028,9,,,1,35,,6029,9,,,1,75,,6030,9,,,1,30,,6031,9,,,1,70,,6032,9,,,1,25,,6033,9,,,1,70,,6034,9,,,1,30,,6035,9,,,1,70,,6036,9,,,1,30,,6037,9,,,1,65,,6038,9,,,1,30,,6039,9,,,1,70,,6040,9,,,1,30,,6041,9,,,1,65,,6042,9,,,1,25,,6043,9,,,1,65,,6044,9,,,1,30,,6045,9,,,1,100,,6046,9,,,1,95,,6047,9,,,1,100,,6048,9,,,1,100,,6049,9,,,1
1601,'20260419',818,,6050,9,,,1,102,,6051,9,,,1,115,,6052,9,,,1,105,,6053,9,,,1,70,,6054,9,,,1,35,,6055,9,,,1,70,,6056,9,,,1,35,,6057,9,,,1,75,,6058,9,,,1,30,,6059,9,,,1,70,,6060,9,,,1,25,,6061,9,,,1,70,,6062,9,,,1,30,,6063,9,,,1,70,,6064,9,,,1,30,,6065,9,,,1,65,,6066,9,,,1,30,,6067,9,,,1,70,,6068,9,,,1,30,,6069,9,,,1,65,,6070,9,,,1,25,,6071,9,,,1,65,,6072,9,,,1,30,,6073,9,,,1,100,,6074,9,,,1,95,,6075,9,,,1,100,,6076,9,,,1,100,,6077,9,,,1
1601,'20260420',618,,6078,9,,,1,102,,6079,9,,,1,413,,6080,9,,,1,105,,6081,9,,,1,100,,6082,9,,,1,105,,6083,9,,,1,160,,6084,9,,,1,435,,6085,9,,,1,90,,6086,9,,,1,100,,6087,9,,,1,95,,6088,9,,,1,100,,6089,9,,,1,95,,6090,9,,,1
1601,'20260421',618,,6091,9,,,1,102,,6092,9,,,1,413,,6093,9,,,1,105,,6094,9,,,1,100,,6095,9,,,1,105,,6096,9,,,1,160,,6097,9,,,1,435,,6098,9,,,1,90,,6099,9,,,1,100,,6100,9,,,1,95,,6101,9,,,1,100,,6102,9,,,1,95,,6103,9,,,1
1601,'20260422',618,,6104,9,,,1,102,,6105,9,,,1,413,,6106,9,,,1,105,,6107,9,,,1,100,,6108,9,,,1,105,,6109,9,,,1,160,,6110,9,,,1,435,,6111,9,,,1,90,,6112,9,,,1,100,,6113,9,,,1,95,,6114,9,,,1,100,,6115,9,,,1,95,,6116,9,,,1
1601,'20260423',618,,6117,9,,,1,102,,6118,9,,,1,413,,6119,9,,,1,105,,6120,9,,,1,100,,6121,9,,,1,105,,6122,9,,,1,160,,6123,9,,,1,435,,6124,9,,,1,90,,6125,9,,,1,100,,6126,9,,,1,95,,6127,9,,,1,100,,6128,9,,,1,95,,6129,9,,,1
1601,'20260424',618,,6130,9,,,1,102,,6131,9,,,1,413,,6132,9,,,1,105,,6133,9,,,1,100,,6134,9,,,1,105,,6135,9,,,1,160,,6136,9,,,1,435,,6137,9,,,1,90,,6138,9,,,1,100,,6139,9,,,1,95,,6140,9,,,1,100,,6141,9,,,1,95,,6142,9,,,1
1701,'20260409',708,,6899,26,,,1,207,,6900,26,,,1,98,,6901,26,,,1,97,,6902,26,,,1,105,,6903,26,,,1,200,,6904,26,,,1,95,,6905,26,,,1,105,,6906,26,,,1,95,,6907,26,,,1,110,,6908,26,,,1,95,,6909,26,,,1,93,,6910,26,,,1,105,,6911,26,,,1,95,,6912,26,,,1
1701,'20260410',708,,6913,26,,,1,207,,6914,26,,,1,98,,6915,26,,,1,97,,6916,26,,,1,105,,6917,26,,,1,200,,6918,26,,,1,95,,6919,26,,,1,105,,6920,26,,,1,95,,6921,26,,,1,110,,6922,26,,,1,95,,6923,26,,,1,93,,6924,26,,,1,105,,6925,26,,,1,95,,6926,26,,,1
1701,'20260413',708,,6927,26,,,1,207,,6928,26,,,1,98,,6929,26,,,1,97,,6930,26,,,1,105,,6931,26,,,1,200,,6932,26,,,1,95,,6933,26,,,1,105,,6934,26,,,1,95,,6935,26,,,1,110,,6936,26,,,1,95,,6937,26,,,1,93,,6938,26,,,1,105,,6939,26,,,1,95,,6940,26,,,1
1701,'20260414',708,,6941,26,,,1,207,,6942,26,,,1,98,,6943,26,,,1,97,,6944,26,,,1,105,,6945,26,,,1,200,,6946,26,,,1,95,,6947,26,,,1,105,,6948,26,,,1,95,,6949,26,,,1,110,,6950,26,,,1,95,,6951,26,,,1,93,,6952,26,,,1,105,,6953,26,,,1,95,,6954,26,,,1
1701,'20260415',708,,6955,26,,,1,207,,6956,26,,,1,98,,6957,26,,,1,97,,6958,26,,,1,105,,6959,26,,,1,200,,6960,26,,,1,95,,6961,26,,,1,105,,6962,26,,,1,95,,6963,26,,,1,110,,6964,26,,,1,95,,6965,26,,,1,93,,6966,26,,,1,105,,6967,26,,,1,95,,6968,26,,,1
1701,'20260416',708,,6969,26,,,1,207,,6970,26,,,1,98,,6971,26,,,1,97,,6972,26,,,1,105,,6973,26,,,1,200,,6974,26,,,1,95,,6975,26,,,1,105,,6976,26,,,1,95,,6977,26,,,1,110,,6978,26,,,1,95,,6979,26,,,1,93,,6980,26,,,1,105,,6981,26,,,1,95,,6982,26,,,1
1701,'20260417',708,,6983,26,,,1,207,,6984,26,,,1,98,,6985,26,,,1,97,,6986,26,,,1,105,,6987,26,,,1,200,,6988,26,,,1,95,,6989,26,,,1,105,,6990,26,,,1,95,,6991,26,,,1,110,,6992,26,,,1,95,,6993,26,,,1,93,,6994,26,,,1,105,,6995,26,,,1,95,,6996,26,,,1
1701,'20260420',708,,6997,26,,,1,207,,6998,26,,,1,98,,6999,26,,,1,97,,7000,26,,,1,105,,7001,26,,,1,200,,7002,26,,,1,95,,7003,26,,,1,105,,7004,26,,,1,95,,7005,26,,,1,110,,7006,26,,,1,95,,7007,26,,,1,93,,7008,26,,,1,105,,7009,26,,,1,95,,7010,26,,,1
1701,'20260421',708,,7011,26,,,1,207,,7012,26,,,1,98,,7013,26,,,1,97,,7014,26,,,1,105,,7015,26,,,1,200,,7016,26,,,1,95,,7017,26,,,1,105,,7018,26,,,1,95,,7019,26,,,1,110,,7020,26,,,1,95,,7021,26,,,1,93,,7022,26,,,1,105,,7023,26,,,1,95,,7024,26,,,1
1701,'20260422',708,,7025,26,,,1,207,,7026,26,,,1,98,,7027,26,,,1,97,,7028,26,,,1,105,,7029,26,,,1,200,,7030,26,,,1,95,,7031,26,,,1,105,,7032,26,,,1,95,,7033,26,,,1,110,,7034,26,,,1,95,,7035,26,,,1,93,,7036,26,,,1,105,,7037,26,,,1,95,,7038,26,,,1
1701,'20260423',708,,7039,26,,,1,207,,7040,26,,,1,98,,7041,26,,,1,97,,7042,26,,,1,105,,7043,26,,,1,200,,7044,26,,,1,95,,7045,26,,,1,105,,7046,26,,,1,95,,7047,26,,,1,110,,7048,26,,,1,95,,7049,26,,,1,93,,7050,26,,,1,105,,7051,26,,,1,95,,7052,26,,,1
1701,'20260424',708,,7053,26,,,1,207,,7054,26,,,1,98,,7055,26,,,1,97,,7056,26,,,1,105,,7057,26,,,1,200,,7058,26,,,1,95,,7059,26,,,1,105,,7060,26,,,1,95,,7061,26,,,1,110,,7062,26,,,1,95,,7063,26,,,1,93,,7064,26,,,1,105,,7065,26,,,1,95,,7066,26,,,1
1801,'20260409',657,,8275,24,0,31 38 9,1,192,,8276,9,0,38 9,1,802,,8277,9,0,38 9,1,204,,8278,9,0,38 9,1,95,,8279,9,0,38 9,1,197,,8280,9,0,38 9,1,198,,8281,9,0,38 9,1,204,,8284,9,0,38 9,1,51,,8283,22,0,57 38 9,1,40,,8285,24,0,68 71 72 9,1,163,,8286,24,0,31 38 9,1
1801,'20260410',657,,8287,24,0,31 38 9,1,192,,8288,9,0,38 9,1,802,,8289,9,0,38 9,1,204,,8290,9,0,38 9,1,95,,8291,9,0,38 9,1,197,,8292,9,0,38 9,1,198,,8293,9,0,38 9,1,204,,8294,9,0,38 9,1,151,,8296,22,0,57 38 9,1,103,,8297,24,0,31 38 9,1
1801,'20260411',827,,8298,24,0,68 71 72 9,1,75,,8299,24,0,68 71 72 9,1,30,,8300,24,0,68 71 72 9,1,13,,8301,22,0,7 71 72 9,1,102,,8303,9,0,38 9,1,200,,8304,9,0,38 9,1,200,,8305,9,0,38 9,1,200,,8306,9,0,38 9,1,201,,8307,9,0,38 9,1,200,,8308,9,0,38 9,1,200,,8309,9,0,38 9,1,201,,8310,9,0,38 9,1,104,,8311,9,0,38 9,1,147,,8313,22,0,57 38 9,1,50,,8315,22,0,57 38 9,1
1801,'20260412',827,,8316,24,0,68 71 72 9,1,75,,8317,24,0,68 71 72 9,1,30,,8318,24,0,68 71 72 9,1,13,,8319,22,0,7 71 72 9,1,102,,8321,9,0,38 9,1,200,,8322,9,0,38 9,1,200,,8323,9,0,38 9,1,200,,8324,9,0,38 9,1,201,,8325,9,0,38 9,1,200,,8326,9,0,38 9,1,200,,8327,9,0,38 9,1,201,,8328,9,0,38 9,1,104,,8329,9,0,38 9,1,87,,8330,24,0,68 71 72 9,1,163,,8331,24,0,31 38 9,1
1801,'20260413',657,,8332,24,0,31 38 9,1,192,,8333,9,0,38 9,1,802,,8334,9,0,38 9,1,204,,8335,9,0,38 9,1,95,,8336,9,0,38 9,1,197,,8337,9,0,38 9,1,198,,8338,9,0,38 9,1,204,,8341,9,0,38 9,1,51,,8340,22,0,57 38 9,1,40,,8342,24,0,68 71 72 9,1,163,,8343,24,0,31 38 9,1
1801,'20260414',657,,8344,24,0,31 38 9,1,192,,8345,9,0,38 9,1,802,,8346,9,0,38 9,1,204,,8347,9,0,38 9,1,95,,8348,9,0,38 9,1,197,,8349,9,0,38 9,1,198,,8350,9,0,38 9,1,204,,8353,9,0,38 9,1,51,,8352,22,0,57 38 9,1,40,,8354,24,0,68 71 72 9,1,163,,8355,24,0,31 38 9,1
1801,'20260415',657,,8356,24,0,31 38 9,1,192,,8357,9,0,38 9,1,802,,8358,9,0,38 9,1,204,,8359,9,0,38 9,1,95,,8360,9,0,38 9,1,197,,8361,9,0,38 9,1,198,,8362,9,0,38 9,1,204,,8365,9,0,38 9,1,51,,8364,22,0,57 38 9,1,40,,8366,24,0,68 71 72 9,1,163,,8367,24,0,31 38 9,1
1801,'20260416',657,,8368,24,0,31 38 9,1,192,,8369,9,0,38 9,1,802,,8370,9,0,38 9,1,204,,8371,9,0,38 9,1,95,,8372,9,0,38 9,1,197,,8373,9,0,38 9,1,198,,8374,9,0,38 9,1,204,,8377,9,0,38 9,1,51,,8376,22,0,57 38 9,1,40,,8378,24,0,68 71 72 9,1,163,,8379,24,0,31 38 9,1
1801,'20260417',657,,8380,24,0,31 38 9,1,192,,8381,9,0,38 9,1,802,,8382,9,0,38 9,1,204,,8383,9,0,38 9,1,95,,8384,9,0,38 9,1,197,,8385,9,0,38 9,1,198,,8386,9,0,38 9,1,204,,8387,9,0,38 9,1,151,,8389,22,0,57 38 9,1,103,,8390,24,0,31 38 9,1
1801,'20260418',827,,8391,24,0,68 71 72 9,1,75,,8392,24,0,68 71 72 9,1,30,,8393,24,0,68 71 72 9,1,13,,8394,22,0,7 71 72 9,1,102,,8396,9,0,38 9,1,200,,8397,9,0,38 9,1,200,,8398,9,0,38 9,1,200,,8399,9,0,38 9,1,201,,8400,9,0,38 9,1,200,,8401,9,0,38 9,1,200,,8402,9,0,38 9,1,201,,8403,9,0,38 9,1,104,,8404,9,0,38 9,1,147,,8406,22,0,57 38 9,1,50,,8408,22,0,57 38 9,1
1801,'20260419',827,,8409,24,0,68 71 72 9,1,75,,8410,24,0,68 71 72 9,1,30,,8411,24,0,68 71 72 9,1,13,,8412,22,0,7 71 72 9,1,102,,8414,9,0,38 9,1,200,,8415,9,0,38 9,1,200,,8416,9,0,38 9,1,200,,8417,9,0,38 9,1,201,,8418,9,0,38 9,1,200,,8419,9,0,38 9,1,200,,8420,9,0,38 9,1,201,,8421,9,0,38 9,1,104,,8422,9,0,38 9,1,87,,8423,24,0,68 71 72 9,1,163,,8424,24,0,31 38 9,1
1801,'20260420',657,,8425,24,0,31 38 9,1,192,,8426,9,0,38 9,1,802,,8427,9,0,38 9,1,204,,8428,9,0,38 9,1,95,,8429,9,0,38 9,1,197,,8430,9,0,38 9,1,198,,8431,9,0,38 9,1,204,,8434,9,0,38 9,1,51,,8433,22,0,57 38 9,1,40,,8435,24,0,68 71 72 9,1,163,,8436,24,0,31 38 9,1
1801,'20260421',657,,8437,24,0,31 38 9,1,192,,8438,9,0,38 9,1,802,,8439,9,0,38 9,1,204,,8440,9,0,38 9,1,95,,8441,9,0,38 9,1,197,,8442,9,0,38 9,1,198,,8443,9,0,38 9,1,204,,8446,9,0,38 9,1,51,,8445,22,0,57 38 9,1,40,,8447,24,0,68 71 72 9,1,163,,8448,24,0,31 38 9,1
1801,'20260422',657,,8449,24,0,31 38 9,1,192,,8450,9,0,38 9,1,802,,8451,9,0,38 9,1,204,,8452,9,0,38 9,1,95,,8453,9,0,38 9,1,197,,8454,9,0,38 9,1,198,,8455,9,0,38 9,1,204,,8458,9,0,38 9,1,51,,8457,22,0,57 38 9,1,40,,8459,24,0,68 71 72 9,1,163,,8460,24,0,31 38 9,1
1801,'20260423',657,,8461,24,0,31 38 9,1,192,,8462,9,0,38 9,1,802,,8463,9,0,38 9,1,204,,8464,9,0,38 9,1,95,,8465,9,0,38 9,1,197,,8466,9,0,38 9,1,198,,8467,9,0,38 9,1,204,,8470,9,0,38 9,1,51,,8469,22,0,57 38 9,1,40,,8471,24,0,68 71 72 9,1,163,,8472,24,0,31 38 9,1
1801,'20260424',657,,8473,24,0,31 38 9,1,192,,8474,9,0,38 9,1,802,,8475,9,0,38 9,1,204,,8476,9,0,38 9,1,95,,8477,9,0,38 9,1,197,,8478,9,0,38 9,1,198,,8479,9,0,38 9,1,204,,8480,9,0,38 9,1,151,,8482,22,0,57 38 9,1,103,,8483,24,0,31 38 9,1
4001,'20260409',543,,36124,18,,,1,105,,36125,18,,,1,75,,36126,18,,,1,30,,36127,18,,,1,60,,36128,18,,,1,15,,36129,18,,,1,15,,36130,18,,,1,15,,36131,18,,,1,60,,36133,18,,,1,5,,36132,22,0,37 38 9,1,15,,36134,18,,,1,70,,36136,18,,,1,5,,36135,22,0,37 38 9,1,25,,36137,18,,,1,70,,36138,22,0,37 38 9,1,15,,36139,18,,,1,30,,36140,18,,,1,70,,36141,18,,,1,35,,36142,19,0,52 38 9,1,60,,36143,18,,,1,35,,36144,18,,,1,70,,36145,18,,,1,80,,36146,19,0,52 38 9,1,30,,36147,18,,,1,70,,36148,18,,,1,40,,36149,18,,,1,60,,36150,18,,,1,25,,36151,19,0,52 38 9,1,15,,36152,18,,,1,60,,36153,18,,,1,25,,36155,18,,,1,5,,36154,22,0,37 38 9,1,15,,36156,18,,,1,55,,36157,18,,,1,10,,36159,18,,,1,10,,36158,22,0,37 38 9,1,20,,36160,18,,,1,75,,36161,22,0,37 38 9,1,10,,36162,18,,,1,25,,36163,18,,,1,80,,36164,22,0,37 38 9,1,20,,36165,18,,,1,100,,36166,18,,,1,100,,36167,18,,,1,95,,36168,18,,,1,95,,36169,18,,,1,200,,36170,18,,,1
4001,'20260410',543,,36171,18,,,1,105,,36172,18,,,1,75,,36173,18,,,1,30,,36174,18,,,1,60,,36175,18,,,1,15,,36176,18,,,1,15,,36177,18,,,1,15,,36178,18,,,1,60,,36180,18,,,1,5,,36179,22,0,37 38 9,1,15,,36181,18,,,1,70,,36183,18,,,1,5,,36182,22,0,37 38 9,1,25,,36184,18,,,1,70,,36185,22,0,37 38 9,1,15,,36186,18,,,1,30,,36187,18,,,1,70,,36188,18,,,1,35,,36189,19,0,52 38 9,1,60,,36190,18,,,1,35,,36191,18,,,1,70,,36192,18,,,1,80,,36193,19,0,52 38 9,1,30,,36194,18,,,1,70,,36195,18,,,1,40,,36196,18,,,1,60,,36197,18,,,1,25,,36198,19,0,52 38 9,1,15,,36199,18,,,1,60,,36200,18,,,1,25,,36202,18,,,1,5,,36201,22,0,37 38 9,1,15,,36203,18,,,1,55,,36204,18,,,1,10,,36206,18,,,1,10,,36205,22,0,37 38 9,1,20,,36207,18,,,1,75,,36208,22,0,37 38 9,1,10,,36209,18,,,1,25,,36210,18,,,1,80,,36211,22,0,37 38 9,1,20,,36212,18,,,1,100,,36213,18,,,1,100,,36214,18,,,1,95,,36215,18,,,1,95,,36216,18,,,1,200,,36217,18,,,1
4001,'20260411',543,,36218,18,,,1,200,,36219,18,,,1,105,,36220,18,,,1,90,,36221,18,,,1,85,,36222,18,,,1,30,,36223,18,,,1,70,,36224,18,,,1,30,,36225,18,,,1,75,,36226,18,,,1,30,,36227,18,,,1,70,,36228,18,,,1,30,,36229,18,,,1,70,,36230,18,,,1,30,,36231,18,,,1,70,,36232,18,,,1,30,,36233,18,,,1,70,,36234,18,,,1,25,,36235,18,,,1,60,,36236,18,,,1,20,,36237,18,,,1,20,,36238,18,,,1,60,,36239,18,,,1,20,,36240,18,,,1,25,,36241,18,,,1,70,,36242,18,,,1,25,,36243,18,,,1,70,,36244,18,,,1,30,,36245,18,,,1,70,,36246,18,,,1,30,,36247,18,,,1,95,,36248,18,,,1,100,,36249,18,,,1,100,,36250,18,,,1,95,,36251,18,,,1,200,,36252,18,,,1
4001,'20260412',543,,36253,18,,,1,200,,36254,18,,,1,105,,36255,18,,,1,90,,36256,18,,,1,85,,36257,18,,,1,30,,36258,18,,,1,70,,36259,18,,,1,30,,36260,18,,,1,75,,36261,18,,,1,30,,36262,18,,,1,70,,36263,18,,,1,30,,36264,18,,,1,70,,36265,18,,,1,30,,36266,18,,,1,70,,36267,18,,,1,30,,36268,18,,,1,70,,36269,18,,,1,25,,36270,18,,,1,60,,36271,18,,,1,20,,36272,18,,,1,20,,36273,18,,,1,60,,36274,18,,,1,20,,36275,18,,,1,25,,36276,18,,,1,70,,36277,18,,,1,25,,36278,18,,,1,70,,36279,18,,,1,30,,36280,18,,,1,70,,36281,18,,,1,30,,36282,18,,,1,95,,36283,18,,,1,100,,36284,18,,,1,100,,36285,18,,,1,95,,36286,18,,,1,200,,36287,18,,,1
4001,'20260413',543,,36288,18,,,1,105,,36289,18,,,1,75,,36290,18,,,1,30,,36291,18,,,1,60,,36292,18,,,1,15,,36293,18,,,1,15,,36294,18,,,1,15,,36295,18,,,1,60,,36297,18,,,1,5,,36296,22,0,37 38 9,1,15,,36298,18,,,1,70,,36300,18,,,1,5,,36299,22,0,37 38 9,1,25,,36301,18,,,1,70,,36302,22,0,37 38 9,1,15,,36303,18,,,1,30,,36304,18,,,1,70,,36305,18,,,1,35,,36306,19,0,52 38 9,1,60,,36307,18,,,1,35,,36308,18,,,1,70,,36309,18,,,1,80,,36310,19,0,52 38 9,1,30,,36311,18,,,1,70,,36312,18,,,1,40,,36313,18,,,1,60,,36314,18,,,1,25,,36315,19,0,52 38 9,1,15,,36316,18,,,1,60,,36317,18,,,1,25,,36319,18,,,1,5,,36318,22,0,37 38 9,1,15,,36320,18,,,1,55,,36321,18,,,1,10,,36323,18,,,1,10,,36322,22,0,37 38 9,1,20,,36324,18,,,1,75,,36325,22,0,37 38 9,1,10,,36326,18,,,1,25,,36327,18,,,1,80,,36328,22,0,37 38 9,1,20,,36329,18,,,1,100,,36330,18,,,1,100,,36331,18,,,1,95,,36332,18,,,1,95,,36333,18,,,1,200,,36334,18,,,1
4001,'20260414',543,,36335,18,,,1,105,,36336,18,,,1,75,,36337,18,,,1,30,,36338,18,,,1,60,,36339,18,,,1,15,,36340,18,,,1,15,,36341,18,,,1,15,,36342,18,,,1,60,,36344,18,,,1,5,,36343,22,0,37 38 9,1,15,,36345,18,,,1,70,,36347,18,,,1,5,,36346,22,0,37 38 9,1,25,,36348,18,,,1,70,,36349,22,0,37 38 9,1,15,,36350,18,,,1,30,,36351,18,,,1,70,,36352,18,,,1,35,,36353,19,0,52 38 9,1,60,,36354,18,,,1,35,,36355,18,,,1,70,,36356,18,,,1,80,,36357,19,0,52 38 9,1,30,,36358,18,,,1,70,,36359,18,,,1,40,,36360,18,,,1,60,,36361,18,,,1,25,,36362,19,0,52 38 9,1,15,,36363,18,,,1,60,,36364,18,,,1,25,,36366,18,,,1,5,,36365,22,0,37 38 9,1,15,,36367,18,,,1,55,,36368,18,,,1,10,,36370,18,,,1,10,,36369,22,0,37 38 9,1,20,,36371,18,,,1,75,,36372,22,0,37 38 9,1,10,,36373,18,,,1,25,,36374,18,,,1,80,,36375,22,0,37 38 9,1,20,,36376,18,,,1,100,,36377,18,,,1,100,,36378,18,,,1,95,,36379,18,,,1,95,,36380,18,,,1,200,,36381,18,,,1
4001,'20260415',543,,36382,18,,,1,105,,36383,18,,,1,75,,36384,18,,,1,30,,36385,18,,,1,60,,36386,18,,,1,15,,36387,18,,,1,15,,36388,18,,,1,15,,36389,18,,,1,60,,36391,18,,,1,5,,36390,22,0,37 38 9,1,15,,36392,18,,,1,70,,36394,18,,,1,5,,36393,22,0,37 38 9,1,25,,36395,18,,,1,70,,36396,22,0,37 38 9,1,15,,36397,18,,,1,30,,36398,18,,,1,70,,36399,18,,,1,35,,36400,19,0,52 38 9,1,60,,36401,18,,,1,35,,36402,18,,,1,70,,36403,18,,,1,80,,36404,19,0,52 38 9,1,30,,36405,18,,,1,70,,36406,18,,,1,40,,36407,18,,,1,60,,36408,18,,,1,25,,36409,19,0,52 38 9,1,15,,36410,18,,,1,60,,36411,18,,,1,25,,36413,18,,,1,5,,36412,22,0,37 38 9,1,15,,36414,18,,,1,55,,36415,18,,,1,10,,36417,18,,,1,10,,36416,22,0,37 38 9,1,20,,36418,18,,,1,75,,36419,22,0,37 38 9,1,10,,36420,18,,,1,25,,36421,18,,,1,80,,36422,22,0,37 38 9,1,20,,36423,18,,,1,100,,36424,18,,,1,100,,36425,18,,,1,95,,36426,18,,,1,95,,36427,18,,,1,200,,36428,18,,,1
4001,'20260416',543,,36429,18,,,1,105,,36430,18,,,1,75,,36431,18,,,1,30,,36432,18,,,1,60,,36433,18,,,1,15,,36434,18,,,1,15,,36435,18,,,1,15,,36436,18,,,1,60,,36438,18,,,1,5,,36437,22,0,37 38 9,1,15,,36439,18,,,1,70,,36441,18,,,1,5,,36440,22,0,37 38 9,1,25,,36442,18,,,1,70,,36443,22,0,37 38 9,1,15,,36444,18,,,1,30,,36445,18,,,1,70,,36446,18,,,1,35,,36447,19,0,52 38 9,1,60,,36448,18,,,1,35,,36449,18,,,1,70,,36450,18,,,1,80,,36451,19,0,52 38 9,1,30,,36452,18,,,1,70,,36453,18,,,1,40,,36454,18,,,1,60,,36455,18,,,1,25,,36456,19,0,52 38 9,1,15,,36457,18,,,1,60,,36458,18,,,1,25,,36460,18,,,1,5,,36459,22,0,37 38 9,1,15,,36461,18,,,1,55,,36462,18,,,1,10,,36464,18,,,1,10,,36463,22,0,37 38 9,1,20,,36465,18,,,1,75,,36466,22,0,37 38 9,1,10,,36467,18,,,1,25,,36468,18,,,1,80,,36469,22,0,37 38 9,1,20,,36470,18,,,1,100,,36471,18,,,1,100,,36472,18,,,1,95,,36473,18,,,1,95,,36474,18,,,1,200,,36475,18,,,1
4001,'20260417',543,,36476,18,,,1,105,,36477,18,,,1,75,,36478,18,,,1,30,,36479,18,,,1,60,,36480,18,,,1,15,,36481,18,,,1,15,,36482,18,,,1,15,,36483,18,,,1,60,,36485,18,,,1,5,,36484,22,0,37 38 9,1,15,,36486,18,,,1,70,,36488,18,,,1,5,,36487,22,0,37 38 9,1,25,,36489,18,,,1,70,,36490,22,0,37 38 9,1,15,,36491,18,,,1,30,,36492,18,,,1,70,,36493,18,,,1,35,,36494,19,0,52 38 9,1,60,,36495,18,,,1,35,,36496,18,,,1,70,,36497,18,,,1,80,,36498,19,0,52 38 9,1,30,,36499,18,,,1,70,,36500,18,,,1,40,,36501,18,,,1,60,,36502,18,,,1,25,,36503,19,0,52 38 9,1,15,,36504,18,,,1,60,,36505,18,,,1,25,,36507,18,,,1,5,,36506,22,0,37 38 9,1,15,,36508,18,,,1,55,,36509,18,,,1,10,,36511,18,,,1,10,,36510,22,0,37 38 9,1,20,,36512,18,,,1,75,,36513,22,0,37 38 9,1,10,,36514,18,,,1,25,,36515,18,,,1,80,,36516,22,0,37 38 9,1,20,,36517,18,,,1,100,,36518,18,,,1,100,,36519,18,,,1,95,,36520,18,,,1,95,,36521,18,,,1,200,,36522,18,,,1
4001,'20260418',543,,36523,18,,,1,200,,36524,18,,,1,105,,36525,18,,,1,90,,36526,18,,,1,85,,36527,18,,,1,30,,36528,18,,,1,70,,36529,18,,,1,30,,36530,18,,,1,75,,36531,18,,,1,30,,36532,18,,,1,70,,36533,18,,,1,30,,36534,18,,,1,70,,36535,18,,,1,30,,36536,18,,,1,70,,36537,18,,,1,30,,36538,18,,,1,70,,36539,18,,,1,25,,36540,18,,,1,60,,36541,18,,,1,20,,36542,18,,,1,20,,36543,18,,,1,60,,36544,18,,,1,20,,36545,18,,,1,25,,36546,18,,,1,70,,36547,18,,,1,25,,36548,18,,,1,70,,36549,18,,,1,30,,36550,18,,,1,70,,36551,18,,,1,30,,36552,18,,,1,95,,36553,18,,,1,100,,36554,18,,,1,100,,36555,18,,,1,95,,36556,18,,,1,200,,36557,18,,,1
4001,'20260419',543,,36558,18,,,1,200,,36559,18,,,1,105,,36560,18,,,1,90,,36561,18,,,1,85,,36562,18,,,1,30,,36563,18,,,1,70,,36564,18,,,1,30,,36565,18,,,1,75,,36566,18,,,1,30,,36567,18,,,1,70,,36568,18,,,1,30,,36569,18,,,1,70,,36570,18,,,1,30,,36571,18,,,1,70,,36572,18,,,1,30,,36573,18,,,1,70,,36574,18,,,1,25,,36575,18,,,1,60,,36576,18,,,1,20,,36577,18,,,1,20,,36578,18,,,1,60,,36579,18,,,1,20,,36580,18,,,1,25,,36581,18,,,1,70,,36582,18,,,1,25,,36583,18,,,1,70,,36584,18,,,1,30,,36585,18,,,1,70,,36586,18,,,1,30,,36587,18,,,1,95,,36588,18,,,1,100,,36589,18,,,1,100,,36590,18,,,1,95,,36591,18,,,1,200,,36592,18,,,1
4001,'20260420',543,,36593,18,,,1,105,,36594,18,,,1,75,,36595,18,,,1,30,,36596,18,,,1,60,,36597,18,,,1,15,,36598,18,,,1,15,,36599,18,,,1,15,,36600,18,,,1,60,,36602,18,,,1,5,,36601,22,0,37 38 9,1,15,,36603,18,,,1,70,,36605,18,,,1,5,,36604,22,0,37 38 9,1,25,,36606,18,,,1,70,,36607,22,0,37 38 9,1,15,,36608,18,,,1,30,,36609,18,,,1,70,,36610,18,,,1,35,,36611,19,0,52 38 9,1,60,,36612,18,,,1,35,,36613,18,,,1,70,,36614,18,,,1,80,,36615,19,0,52 38 9,1,30,,36616,18,,,1,70,,36617,18,,,1,40,,36618,18,,,1,60,,36619,18,,,1,25,,36620,19,0,52 38 9,1,15,,36621,18,,,1,60,,36622,18,,,1,25,,36624,18,,,1,5,,36623,22,0,37 38 9,1,15,,36625,18,,,1,55,,36626,18,,,1,10,,36628,18,,,1,10,,36627,22,0,37 38 9,1,20,,36629,18,,,1,75,,36630,22,0,37 38 9,1,10,,36631,18,,,1,25,,36632,18,,,1,80,,36633,22,0,37 38 9,1,20,,36634,18,,,1,100,,36635,18,,,1,100,,36636,18,,,1,95,,36637,18,,,1,95,,36638,18,,,1,200,,36639,18,,,1
4001,'20260421',543,,36640,18,,,1,105,,36641,18,,,1,75,,36642,18,,,1,30,,36643,18,,,1,60,,36644,18,,,1,15,,36645,18,,,1,15,,36646,18,,,1,15,,36647,18,,,1,60,,36649,18,,,1,5,,36648,22,0,37 38 9,1,15,,36650,18,,,1,70,,36652,18,,,1,5,,36651,22,0,37 38 9,1,25,,36653,18,,,1,70,,36654,22,0,37 38 9,1,15,,36655,18,,,1,30,,36656,18,,,1,70,,36657,18,,,1,35,,36658,19,0,52 38 9,1,60,,36659,18,,,1,35,,36660,18,,,1,70,,36661,18,,,1,80,,36662,19,0,52 38 9,1,30,,36663,18,,,1,70,,36664,18,,,1,40,,36665,18,,,1,60,,36666,18,,,1,25,,36667,19,0,52 38 9,1,15,,36668,18,,,1,60,,36669,18,,,1,25,,36671,18,,,1,5,,36670,22,0,37 38 9,1,15,,36672,18,,,1,55,,36673,18,,,1,10,,36675,18,,,1,10,,36674,22,0,37 38 9,1,20,,36676,18,,,1,75,,36677,22,0,37 38 9,1,10,,36678,18,,,1,25,,36679,18,,,1,80,,36680,22,0,37 38 9,1,20,,36681,18,,,1,100,,36682,18,,,1,100,,36683,18,,,1,95,,36684,18,,,1,95,,36685,18,,,1,200,,36686,18,,,1
4001,'20260422',543,,36687,18,,,1,105,,36688,18,,,1,75,,36689,18,,,1,30,,36690,18,,,1,60,,36691,18,,,1,15,,36692,18,,,1,15,,36693,18,,,1,15,,36694,18,,,1,60,,36696,18,,,1,5,,36695,22,0,37 38 9,1,15,,36697,18,,,1,70,,36699,18,,,1,5,,36698,22,0,37 38 9,1,25,,36700,18,,,1,70,,36701,22,0,37 38 9,1,15,,36702,18,,,1,30,,36703,18,,,1,70,,36704,18,,,1,35,,36705,19,0,52 38 9,1,60,,36706,18,,,1,35,,36707,18,,,1,70,,36708,18,,,1,80,,36709,19,0,52 38 9,1,30,,36710,18,,,1,70,,36711,18,,,1,40,,36712,18,,,1,60,,36713,18,,,1,25,,36714,19,0,52 38 9,1,15,,36715,18,,,1,60,,36716,18,,,1,25,,36718,18,,,1,5,,36717,22,0,37 38 9,1,15,,36719,18,,,1,55,,36720,18,,,1,10,,36722,18,,,1,10,,36721,22,0,37 38 9,1,20,,36723,18,,,1,75,,36724,22,0,37 38 9,1,10,,36725,18,,,1,25,,36726,18,,,1,80,,36727,22,0,37 38 9,1,20,,36728,18,,,1,100,,36729,18,,,1,100,,36730,18,,,1,95,,36731,18,,,1,95,,36732,18,,,1,200,,36733,18,,,1
4001,'20260423',543,,36734,18,,,1,105,,36735,18,,,1,75,,36736,18,,,1,30,,36737,18,,,1,60,,36738,18,,,1,15,,36739,18,,,1,15,,36740,18,,,1,15,,36741,18,,,1,60,,36743,18,,,1,5,,36742,22,0,37 38 9,1,15,,36744,18,,,1,70,,36746,18,,,1,5,,36745,22,0,37 38 9,1,25,,36747,18,,,1,70,,36748,22,0,37 38 9,1,15,,36749,18,,,1,30,,36750,18,,,1,70,,36751,18,,,1,35,,36752,19,0,52 38 9,1,60,,36753,18,,,1,35,,36754,18,,,1,70,,36755,18,,,1,80,,36756,19,0,52 38 9,1,30,,36757,18,,,1,70,,36758,18,,,1,40,,36759,18,,,1,60,,36760,18,,,1,25,,36761,19,0,52 38 9,1,15,,36762,18,,,1,60,,36763,18,,,1,25,,36765,18,,,1,5,,36764,22,0,37 38 9,1,15,,36766,18,,,1,55,,36767,18,,,1,10,,36769,18,,,1,10,,36768,22,0,37 38 9,1,20,,36770,18,,,1,75,,36771,22,0,37 38 9,1,10,,36772,18,,,1,25,,36773,18,,,1,80,,36774,22,0,37 38 9,1,20,,36775,18,,,1,100,,36776,18,,,1,100,,36777,18,,,1,95,,36778,18,,,1,95,,36779,18,,,1,200,,36780,18,,,1
4001,'20260424',543,,36781,18,,,1,105,,36782,18,,,1,75,,36783,18,,,1,30,,36784,18,,,1,60,,36785,18,,,1,15,,36786,18,,,1,15,,36787,18,,,1,15,,36788,18,,,1,60,,36790,18,,,1,5,,36789,22,0,37 38 9,1,15,,36791,18,,,1,70,,36793,18,,,1,5,,36792,22,0,37 38 9,1,25,,36794,18,,,1,70,,36795,22,0,37 38 9,1,15,,36796,18,,,1,30,,36797,18,,,1,70,,36798,18,,,1,35,,36799,19,0,52 38 9,1,60,,36800,18,,,1,35,,36801,18,,,1,70,,36802,18,,,1,80,,36803,19,0,52 38 9,1,30,,36804,18,,,1,70,,36805,18,,,1,40,,36806,18,,,1,60,,36807,18,,,1,25,,36808,19,0,52 38 9,1,15,,36809,18,,,1,60,,36810,18,,,1,25,,36812,18,,,1,5,,36811,22,0,37 38 9,1,15,,36813,18,,,1,55,,36814,18,,,1,10,,36816,18,,,1,10,,36815,22,0,37 38 9,1,20,,36817,18,,,1,75,,36818,22,0,37 38 9,1,10,,36819,18,,,1,25,,36820,18,,,1,80,,36821,22,0,37 38 9,1,20,,36822,18,,,1,100,,36823,18,,,1,100,,36824,18,,,1,95,,36825,18,,,1,95,,36826,18,,,1,200,,36827,18,,,1
4101,'20260409',808,,41035,31,,,1,35,,41036,31,,,1,70,,41037,31,,,1,27,,41038,31,,,1,85,,41039,31,,,1,23,,41040,31,,,1,70,,41041,31,,,1,30,,41042,31,,,1,65,,41043,31,,,1,35,,41044,31,,,1,79,,41045,31,,,1,75,,41046,31,,,1,30,,41048,31,,,1,70,,41050,31,,,1,25,,41052,31,,,1,25,,41054,31,,,1,70,,41056,31,,,1,28,,41058,31,,,1,80,,41061,31,,,1,80,,41064,31,,,1,40,,41067,31,,,1,65,,41070,31,,,1,28,,41075,31,,,1,65,,41079,31,,,1,20,,41082,31,,,1,25,,41085,31,,,1,80,,41088,31,,,1,80,,41091,31,,,1,15,,41093,31,,,1,30,,41095,31,,,1,70,,41097,31,,,1,95,,41099,31,,,1,85,,41100,31,,,1
4101,'20260410',808,,41101,31,,,1,35,,41102,31,,,1,70,,41103,31,,,1,27,,41104,31,,,1,85,,41105,31,,,1,23,,41106,31,,,1,70,,41107,31,,,1,30,,41108,31,,,1,65,,41109,31,,,1,35,,41110,31,,,1,79,,41111,31,,,1,75,,41112,31,,,1,30,,41114,31,,,1,70,,41116,31,,,1,25,,41118,31,,,1,25,,41120,31,,,1,70,,41122,31,,,1,28,,41124,31,,,1,80,,41127,31,,,1,80,,41130,31,,,1,40,,41133,31,,,1,65,,41136,31,,,1,28,,41141,31,,,1,65,,41145,31,,,1,20,,41148,31,,,1,25,,41151,31,,,1,80,,41154,31,,,1,80,,41157,31,,,1,15,,41159,31,,,1,30,,41161,31,,,1,70,,41163,31,,,1,95,,41165,31,,,1,85,,41166,31,,,1
4101,'20260413',808,,41167,31,,,1,35,,41168,31,,,1,70,,41169,31,,,1,27,,41170,31,,,1,85,,41171,31,,,1,23,,41172,31,,,1,70,,41173,31,,,1,30,,41174,31,,,1,65,,41175,31,,,1,35,,41176,31,,,1,79,,41177,31,,,1,75,,41178,31,,,1,30,,41180,31,,,1,70,,41182,31,,,1,25,,41184,31,,,1,25,,41186,31,,,1,70,,41188,31,,,1,28,,41190,31,,,1,80,,41193,31,,,1,80,,41196,31,,,1,40,,41199,31,,,1,65,,41202,31,,,1,28,,41207,31,,,1,65,,41211,31,,,1,20,,41214,31,,,1,25,,41216,31,,,1,80,,41218,31,,,1,80,,41220,31,,,1,15,,41222,31,,,1,30,,41224,31,,,1,70,,41226,31,,,1,95,,41228,31,,,1,85,,41229,31,,,1
4101,'20260414',808,,41230,31,,,1,35,,41231,31,,,1,70,,41232,31,,,1,27,,41233,31,,,1,85,,41234,31,,,1,23,,41235,31,,,1,70,,41236,31,,,1,30,,41237,31,,,1,65,,41238,31,,,1,35,,41239,31,,,1,79,,41240,31,,,1,75,,41241,31,,,1,30,,41243,31,,,1,70,,41245,31,,,1,25,,41247,31,,,1,25,,41249,31,,,1,70,,41251,31,,,1,28,,41253,31,,,1,80,,41256,31,,,1,80,,41259,31,,,1,40,,41262,31,,,1,65,,41265,31,,,1,28,,41270,31,,,1,65,,41274,31,,,1,20,,41277,31,,,1,25,,41279,31,,,1,80,,41281,31,,,1,80,,41283,31,,,1,15,,41285,31,,,1,30,,41287,31,,,1,70,,41289,31,,,1,95,,41291,31,,,1,85,,41292,31,,,1
4101,'20260415',808,,41293,31,,,1,35,,41294,31,,,1,70,,41295,31,,,1,27,,41296,31,,,1,85,,41297,31,,,1,23,,41298,31,,,1,70,,41299,31,,,1,30,,41300,31,,,1,65,,41301,31,,,1,35,,41302,31,,,1,79,,41303,31,,,1,75,,41304,31,,,1,30,,41306,31,,,1,70,,41308,31,,,1,25,,41310,31,,,1,25,,41312,31,,,1,70,,41314,31,,,1,28,,41316,31,,,1,80,,41319,31,,,1,80,,41322,31,,,1,40,,41325,31,,,1,65,,41328,31,,,1,28,,41333,31,,,1,65,,41337,31,,,1,20,,41340,31,,,1,25,,41342,31,,,1,80,,41344,31,,,1,80,,41346,31,,,1,15,,41348,31,,,1,30,,41350,31,,,1,70,,41352,31,,,1,95,,41354,31,,,1,85,,41355,31,,,1
4101,'20260416',808,,41356,31,,,1,35,,41357,31,,,1,70,,41358,31,,,1,27,,41359,31,,,1,85,,41360,31,,,1,23,,41361,31,,,1,70,,41362,31,,,1,30,,41363,31,,,1,65,,41364,31,,,1,35,,41365,31,,,1,79,,41366,31,,,1,75,,41367,31,,,1,30,,41369,31,,,1,70,,41371,31,,,1,25,,41373,31,,,1,25,,41375,31,,,1,70,,41377,31,,,1,28,,41379,31,,,1,80,,41382,31,,,1,80,,41385,31,,,1,40,,41388,31,,,1,65,,41391,31,,,1,28,,41396,31,,,1,65,,41400,31,,,1,20,,41403,31,,,1,25,,41405,31,,,1,80,,41407,31,,,1,80,,41409,31,,,1,15,,41411,31,,,1,30,,41413,31,,,1,70,,41415,31,,,1,95,,41417,31,,,1,85,,41418,31,,,1
4101,'20260417',808,,41419,31,,,1,35,,41420,31,,,1,70,,41421,31,,,1,27,,41422,31,,,1,85,,41423,31,,,1,23,,41424,31,,,1,70,,41425,31,,,1,30,,41426,31,,,1,65,,41427,31,,,1,35,,41428,31,,,1,79,,41429,31,,,1,75,,41430,31,,,1,30,,41432,31,,,1,70,,41434,31,,,1,25,,41436,31,,,1,25,,41438,31,,,1,70,,41440,31,,,1,28,,41442,31,,,1,80,,41445,31,,,1,80,,41448,31,,,1,40,,41451,31,,,1,65,,41454,31,,,1,28,,41459,31,,,1,65,,41463,31,,,1,20,,41466,31,,,1,25,,41468,31,,,1,80,,41470,31,,,1,80,,41472,31,,,1,15,,41474,31,,,1,30,,41476,31,,,1,70,,41478,31,,,1,95,,41480,31,,,1,85,,41481,31,,,1
4101,'20260420',808,,41482,31,,,1,35,,41483,31,,,1,70,,41484,31,,,1,27,,41485,31,,,1,85,,41486,31,,,1,23,,41487,31,,,1,70,,41488,31,,,1,30,,41489,31,,,1,65,,41490,31,,,1,35,,41491,31,,,1,79,,41492,31,,,1,75,,41493,31,,,1,30,,41495,31,,,1,70,,41497,31,,,1,25,,41499,31,,,1,25,,41501,31,,,1,70,,41503,31,,,1,28,,41505,31,,,1,80,,41508,31,,,1,80,,41511,31,,,1,40,,41514,31,,,1,65,,41517,31,,,1,28,,41522,31,,,1,65,,41526,31,,,1,20,,41529,31,,,1,25,,41531,31,,,1,80,,41533,31,,,1,80,,41535,31,,,1,15,,41537,31,,,1,30,,41539,31,,,1,70,,41541,31,,,1,95,,41543,31,,,1,85,,41544,31,,,1
4101,'20260421',808,,41545,31,,,1,35,,41546,31,,,1,70,,41547,31,,,1,27,,41548,31,,,1,85,,41549,31,,,1,23,,41550,31,,,1,70,,41551,31,,,1,30,,41552,31,,,1,65,,41553,31,,,1,35,,41554,31,,,1,79,,41555,31,,,1,75,,41556,31,,,1,30,,41558,31,,,1,70,,41560,31,,,1,25,,41562,31,,,1,25,,41564,31,,,1,70,,41566,31,,,1,28,,41568,31,,,1,80,,41571,31,,,1,80,,41574,31,,,1,40,,41577,31,,,1,65,,41580,31,,,1,28,,41585,31,,,1,65,,41589,31,,,1,20,,41592,31,,,1,25,,41594,31,,,1,80,,41596,31,,,1,80,,41598,31,,,1,15,,41600,31,,,1,30,,41602,31,,,1,70,,41604,31,,,1,95,,41606,31,,,1,85,,41607,31,,,1
4101,'20260422',808,,41608,31,,,1,35,,41609,31,,,1,70,,41610,31,,,1,27,,41611,31,,,1,85,,41612,31,,,1,23,,41613,31,,,1,70,,41614,31,,,1,30,,41615,31,,,1,65,,41616,31,,,1,35,,41617,31,,,1,79,,41618,31,,,1,75,,41619,31,,,1,30,,41621,31,,,1,70,,41623,31,,,1,25,,41625,31,,,1,25,,41627,31,,,1,70,,41629,31,,,1,28,,41631,31,,,1,80,,41634,31,,,1,80,,41637,31,,,1,40,,41640,31,,,1,65,,41643,31,,,1,28,,41648,31,,,1,65,,41652,31,,,1,20,,41655,31,,,1,25,,41657,31,,,1,80,,41659,31,,,1,80,,41661,31,,,1,15,,41663,31,,,1,30,,41665,31,,,1,70,,41667,31,,,1,95,,41669,31,,,1,85,,41670,31,,,1
4101,'20260423',808,,41671,31,,,1,35,,41672,31,,,1,70,,41673,31,,,1,27,,41674,31,,,1,85,,41675,31,,,1,23,,41676,31,,,1,70,,41677,31,,,1,30,,41678,31,,,1,65,,41679,31,,,1,35,,41680,31,,,1,79,,41681,31,,,1,75,,41682,31,,,1,30,,41684,31,,,1,70,,41686,31,,,1,25,,41688,31,,,1,25,,41690,31,,,1,70,,41692,31,,,1,28,,41694,31,,,1,80,,41697,31,,,1,80,,41700,31,,,1,40,,41703,31,,,1,65,,41706,31,,,1,28,,41711,31,,,1,65,,41715,31,,,1,20,,41718,31,,,1,25,,41720,31,,,1,80,,41722,31,,,1,80,,41724,31,,,1,15,,41726,31,,,1,30,,41728,31,,,1,70,,41730,31,,,1,95,,41732,31,,,1,85,,41733,31,,,1
4101,'20260424',808,,41734,31,,,1,35,,41735,31,,,1,70,,41736,31,,,1,27,,41737,31,,,1,85,,41738,31,,,1,23,,41739,31,,,1,70,,41740,31,,,1,30,,41741,31,,,1,65,,41742,31,,,1,35,,41743,31,,,1,79,,41744,31,,,1,75,,41745,31,,,1,30,,41747,31,,,1,70,,41749,31,,,1,25,,41751,31,,,1,25,,41753,31,,,1,70,,41755,31,,,1,28,,41757,31,,,1,80,,41760,31,,,1,80,,41763,31,,,1,40,,41766,31,,,1,65,,41769,31,,,1,28,,41774,31,,,1,65,,41778,31,,,1,20,,41781,31,,,1,25,,41783,31,,,1,80,,41785,31,,,1,80,,41787,31,,,1,15,,41789,31,,,1,30,,41791,31,,,1,70,,41793,31,,,1,95,,41795,31,,,1,85,,41796,31,,,1
4701,'20260409',618,,44804,17,,,1,105,,44805,17,,,1,30,,44806,17,,,1,355,,44831,17,,,1,235,,44840,17,,,1,461,,44841,9,0,7 38 9,1,844,,44842,17,,,1
4701,'20260410',618,,44843,17,,,1,105,,44844,17,,,1,30,,44845,17,,,1,355,,44870,17,,,1,235,,44879,17,,,1,461,,44880,9,0,7 38 9,1,844,,44881,17,,,1
4701,'20260411',816,,44882,17,,,1,30,,44883,17,,,1,70,,44884,17,,,1,30,,44885,17,,,1,65,,44886,17,,,1,35,,44887,17,,,1,65,,44888,17,,,1,42,,44889,17,,,1,70,,44890,17,,,1,30,,44891,17,,,1,70,,44892,17,,,1,35,,44893,17,,,1,70,,44894,17,,,1,30,,44895,17,,,1,70,,44896,17,,,1,30,,44897,17,,,1,70,,44898,17,,,1,73,,44899,17,,,1,30,,44900,17,,,1,70,,44901,17,,,1,30,,44902,17,,,1,70,,44903,17,,,1,30,,44904,17,,,1,70,,44905,17,,,1,30,,44906,17,,,1,70,,44907,17,,,1,25,,44908,17,,,1,30,,44909,17,,,1,70,,44910,17,,,1,25,,44911,17,,,1,65,,44912,17,,,1,30,,44913,17,,,1,70,,44914,17,,,1,130,,44915,17,,,1,100,,44916,17,,,1
4701,'20260412',816,,44917,17,,,1,30,,44918,17,,,1,70,,44919,17,,,1,30,,44920,17,,,1,65,,44921,17,,,1,35,,44922,17,,,1,65,,44923,17,,,1,42,,44924,17,,,1,70,,44925,17,,,1,30,,44926,17,,,1,70,,44927,17,,,1,35,,44928,17,,,1,70,,44929,17,,,1,30,,44930,17,,,1,70,,44931,17,,,1,30,,44932,17,,,1,70,,44933,17,,,1,73,,44934,17,,,1,30,,44935,17,,,1,70,,44936,17,,,1,30,,44937,17,,,1,70,,44938,17,,,1,30,,44939,17,,,1,70,,44940,17,,,1,30,,44941,17,,,1,70,,44942,17,,,1,25,,44943,17,,,1,30,,44944,17,,,1,70,,44945,17,,,1,25,,44946,17,,,1,65,,44947,17,,,1,30,,44948,17,,,1,70,,44949,17,,,1,130,,44950,17,,,1,100,,44951,17,,,1
4701,'20260413',618,,44952,17,,,1,105,,44953,17,,,1,30,,44954,17,,,1,355,,44974,17,,,1,235,,44983,17,,,1,461,,44984,9,0,7 38 9,1,844,,44985,17,,,1
4701,'20260414',618,,44986,17,,,1,105,,44987,17,,,1,30,,44988,17,,,1,355,,45008,17,,,1,235,,45017,17,,,1,461,,45018,9,0,7 38 9,1,844,,45019,17,,,1
4701,'20260415',618,,45020,17,,,1,105,,45021,17,,,1,30,,45022,17,,,1,355,,45042,17,,,1,235,,45051,17,,,1,461,,45052,9,0,7 38 9,1,844,,45053,17,,,1
4701,'20260416',618,,45054,17,,,1,105,,45055,17,,,1,30,,45056,17,,,1,355,,45076,17,,,1,235,,45085,17,,,1,461,,45086,9,0,7 38 9,1,844,,45087,17,,,1
4701,'20260417',618,,45088,17,,,1,105,,45089,17,,,1,30,,45090,17,,,1,355,,45110,17,,,1,235,,45119,17,,,1,461,,45120,9,0,7 38 9,1,844,,45121,17,,,1
4701,'20260418',816,,45122,17,,,1,30,,45123,17,,,1,70,,45124,17,,,1,30,,45125,17,,,1,65,,45126,17,,,1,35,,45127,17,,,1,65,,45128,17,,,1,42,,45129,17,,,1,70,,45130,17,,,1,30,,45131,17,,,1,70,,45132,17,,,1,35,,45133,17,,,1,70,,45134,17,,,1,30,,45135,17,,,1,70,,45136,17,,,1,30,,45137,17,,,1,70,,45138,17,,,1,73,,45139,17,,,1,30,,45140,17,,,1,70,,45141,17,,,1,30,,45142,17,,,1,70,,45143,17,,,1,30,,45144,17,,,1,70,,45145,17,,,1,30,,45146,17,,,1,70,,45147,17,,,1,25,,45148,17,,,1,30,,45149,17,,,1,70,,45150,17,,,1,25,,45151,17,,,1,65,,45152,17,,,1,30,,45153,17,,,1,70,,45154,17,,,1,130,,45155,17,,,1,100,,45156,17,,,1
4701,'20260419',816,,45157,17,,,1,30,,45158,17,,,1,70,,45159,17,,,1,30,,45160,17,,,1,65,,45161,17,,,1,35,,45162,17,,,1,65,,45163,17,,,1,42,,45164,17,,,1,70,,45165,17,,,1,30,,45166,17,,,1,70,,45167,17,,,1,35,,45168,17,,,1,70,,45169,17,,,1,30,,45170,17,,,1,70,,45171,17,,,1,30,,45172,17,,,1,70,,45173,17,,,1,73,,45174,17,,,1,30,,45175,17,,,1,70,,45176,17,,,1,30,,45177,17,,,1,70,,45178,17,,,1,30,,45179,17,,,1,70,,45180,17,,,1,30,,45181,17,,,1,70,,45182,17,,,1,25,,45183,17,,,1,30,,45184,17,,,1,70,,45185,17,,,1,25,,45186,17,,,1,65,,45187,17,,,1,30,,45188,17,,,1,70,,45189,17,,,1,130,,45190,17,,,1,100,,45191,17,,,1
4701,'20260420',618,,45192,17,,,1,105,,45193,17,,,1,30,,45194,17,,,1,355,,45214,17,,,1,235,,45223,17,,,1,461,,45224,9,0,7 38 9,1,844,,45225,17,,,1
4701,'20260421',618,,45226,17,,,1,105,,45227,17,,,1,30,,45228,17,,,1,355,,45248,17,,,1,235,,45257,17,,,1,461,,45258,9,0,7 38 9,1,844,,45259,17,,,1
4701,'20260422',618,,45260,17,,,1,105,,45261,17,,,1,30,,45262,17,,,1,355,,45282,17,,,1,235,,45291,17,,,1,461,,45292,9,0,7 38 9,1,844,,45293,17,,,1
4701,'20260423',618,,45294,17,,,1,105,,45295,17,,,1,30,,45296,17,,,1,355,,45316,17,,,1,235,,45325,17,,,1,461,,45326,9,0,7 38 9,1,844,,45327,17,,,1
4701,'20260424',618,,45328,17,,,1,105,,45329,17,,,1,30,,45330,17,,,1,355,,45350,17,,,1,235,,45359,17,,,1,461,,45360,9,0,7 38 9,1,844,,45361,17,,,1
