6801,'20260707',445,,205182,21,0,5 16 26 9,1,596,,205183,21,0,88 9,1,100,,205184,21,0,88 9,1,382,,205185,21,0,5 16 26 9,1,200,,205186,21,0,5 16 26 9,1,118,,205187,21,0,88 9,1,106,,205188,21,0,88 9,1,385,,205189,21,0,5 16 26 9,1
6801,'20260708',445,,205190,21,0,5 16 26 9,1,596,,205191,21,0,88 9,1,100,,205192,21,0,88 9,1,382,,205193,21,0,5 16 26 9,1,200,,205194,21,0,5 16 26 9,1,118,,205195,21,0,88 9,1,106,,205196,21,0,88 9,1,385,,205197,21,0,5 16 26 9,1
6801,'20260709',445,,205198,21,0,5 16 26 9,1,596,,205199,21,0,88 9,1,100,,205200,21,0,88 9,1,382,,205201,21,0,5 16 26 9,1,200,,205202,21,0,5 16 26 9,1,118,,205203,21,0,88 9,1,106,,205204,21,0,88 9,1,385,,205205,21,0,5 16 26 9,1
6801,'20260710',445,,205206,21,0,5 16 26 9,1,596,,205207,21,0,88 9,1,100,,205208,21,0,88 9,1,382,,205209,21,0,5 16 26 9,1,200,,205210,21,0,5 16 26 9,1,118,,205211,21,0,88 9,1,106,,205212,21,0,88 9,1,385,,205213,21,0,5 16 26 9,1
6801,'20260711',948,,205214,21,0,88 9,1,300,,205215,21,0,88 9,1,300,,205216,21,0,88 9,1,300,,205217,21,0,88 9,1,505,,205218,21,0,5 16 26 9,1
6801,'20260712',948,,205219,21,0,88 9,1,300,,205220,21,0,88 9,1,300,,205221,21,0,88 9,1,300,,205222,21,0,88 9,1,505,,205223,21,0,5 16 26 9,1
6801,'20260713',445,,205224,21,0,5 16 26 9,1,596,,205225,21,0,88 9,1,100,,205226,21,0,88 9,1,382,,205227,21,0,5 16 26 9,1,200,,205228,21,0,5 16 26 9,1,118,,205229,21,0,88 9,1,106,,205230,21,0,88 9,1,385,,205231,21,0,5 16 26 9,1
6801,'20260714',445,,205232,21,0,5 16 26 9,1,596,,205233,21,0,88 9,1,100,,205234,21,0,88 9,1,382,,205235,21,0,5 16 26 9,1,200,,205236,21,0,5 16 26 9,1,118,,205237,21,0,88 9,1,106,,205238,21,0,88 9,1,385,,205239,21,0,5 16 26 9,1
6801,'20260715',445,,205240,21,0,5 16 26 9,1,596,,205241,21,0,88 9,1,100,,205242,21,0,88 9,1,382,,205243,21,0,5 16 26 9,1,200,,205244,21,0,5 16 26 9,1,118,,205245,21,0,88 9,1,106,,205246,21,0,88 9,1,385,,205247,21,0,5 16 26 9,1
6801,'20260716',445,,205248,21,0,5 16 26 9,1,596,,205249,21,0,88 9,1,100,,205250,21,0,88 9,1,382,,205251,21,0,5 16 26 9,1,200,,205252,21,0,5 16 26 9,1,118,,205253,21,0,88 9,1,106,,205254,21,0,88 9,1,385,,205255,21,0,5 16 26 9,1
6801,'20260717',445,,205256,21,0,5 16 26 9,1,596,,205257,21,0,88 9,1,100,,205258,21,0,88 9,1,382,,205259,21,0,5 16 26 9,1,200,,205260,21,0,5 16 26 9,1,118,,205261,21,0,88 9,1,106,,205262,21,0,88 9,1,385,,205263,21,0,5 16 26 9,1
6801,'20260718',948,,205264,21,0,88 9,1,300,,205265,21,0,88 9,1,300,,205266,21,0,88 9,1,300,,205267,21,0,88 9,1,505,,205268,21,0,5 16 26 9,1
6801,'20260719',948,,205269,21,0,88 9,1,300,,205270,21,0,88 9,1,300,,205271,21,0,88 9,1,300,,205272,21,0,88 9,1,505,,205273,21,0,5 16 26 9,1
6801,'20260720',445,,205274,19,0,5 16 26 9,1,596,,205275,19,0,88 9,1,100,,205276,19,0,88 9,1,382,,205277,19,0,5 16 26 9,1,200,,205278,19,0,5 16 26 9,1,118,,205279,19,0,88 9,1,106,,205280,19,0,88 9,1,385,,205281,19,0,5 16 26 9,1
6801,'20260721',445,,205282,19,0,5 16 26 9,1,596,,205283,19,0,88 9,1,100,,205284,19,0,88 9,1,382,,205285,19,0,5 16 26 9,1,200,,205286,19,0,5 16 26 9,1,118,,205287,19,0,88 9,1,106,,205288,19,0,88 9,1,385,,205289,19,0,5 16 26 9,1
6801,'20260722',445,,205290,19,0,5 16 26 9,1,596,,205291,19,0,88 9,1,100,,205292,19,0,88 9,1,382,,205293,19,0,5 16 26 9,1,200,,205294,19,0,5 16 26 9,1,118,,205295,19,0,88 9,1,106,,205296,19,0,88 9,1,385,,205297,19,0,5 16 26 9,1
6801,'20260723',445,,205298,19,0,5 16 26 9,1,596,,205299,19,0,88 9,1,100,,205300,19,0,88 9,1,382,,205301,19,0,5 16 26 9,1,200,,205302,19,0,5 16 26 9,1,118,,205303,19,0,88 9,1,106,,205304,19,0,88 9,1,385,,205305,19,0,5 16 26 9,1
6801,'20260724',445,,205306,19,0,5 16 26 9,1,596,,205307,19,0,88 9,1,100,,205308,19,0,88 9,1,382,,205309,19,0,5 16 26 9,1,200,,205310,19,0,5 16 26 9,1,118,,205311,19,0,88 9,1,106,,205312,19,0,88 9,1,385,,205313,19,0,5 16 26 9,1
6801,'20260725',613,,219963,19,0,53 20 39,1,130,,219965,19,0,53 20 39,1,100,,219967,19,0,53 20 39,1,105,,205314,19,0,88 9,1,195,,219969,19,0,53 20 39,1,105,,205315,19,0,88 9,1,195,,219971,19,0,53 20 39,1,105,,205316,19,0,88 9,1,195,,219973,19,0,53 20 39,1,105,,205317,19,0,88 9,1,195,,219975,19,0,53 20 39,1,310,,205318,19,0,5 16 26 9,1
6801,'20260726',613,,219976,19,0,53 20 39,1,130,,219978,19,0,53 20 39,1,100,,219980,19,0,53 20 39,1,105,,205319,19,0,88 9,1,195,,219982,19,0,53 20 39,1,105,,205320,19,0,88 9,1,195,,219984,19,0,53 20 39,1,105,,205321,19,0,88 9,1,195,,219986,19,0,53 20 39,1,105,,205322,19,0,88 9,1,195,,219988,19,0,53 20 39,1,310,,205323,19,0,5 16 26 9,1
6801,'20260727',445,,205324,19,0,5 16 26 9,1,596,,205325,19,0,88 9,1,100,,205326,19,0,88 9,1,382,,205327,19,0,5 16 26 9,1,200,,205328,19,0,5 16 26 9,1,118,,205329,19,0,88 9,1,106,,205330,19,0,88 9,1,385,,205331,19,0,5 16 26 9,1
6801,'20260728',445,,205332,19,0,5 16 26 9,1,596,,205333,19,0,88 9,1,100,,205334,19,0,88 9,1,382,,205335,19,0,5 16 26 9,1,200,,205336,19,0,5 16 26 9,1,118,,205337,19,0,88 9,1,106,,205338,19,0,88 9,1,385,,205339,19,0,5 16 26 9,1
6801,'20260729',445,,205340,19,0,5 16 26 9,1,596,,205341,19,0,88 9,1,100,,205342,19,0,88 9,1,382,,205343,19,0,5 16 26 9,1,200,,205344,19,0,5 16 26 9,1,118,,205345,19,0,88 9,1,106,,205346,19,0,88 9,1,385,,205347,19,0,5 16 26 9,1
6801,'20260730',445,,205348,19,0,5 16 26 9,1,596,,205349,19,0,88 9,1,100,,205350,19,0,88 9,1,382,,205351,19,0,5 16 26 9,1,200,,205352,19,0,5 16 26 9,1,118,,205353,19,0,88 9,1,106,,205354,19,0,88 9,1,385,,205355,19,0,5 16 26 9,1
6801,'20260731',445,,205356,19,0,5 16 26 9,1,596,,205357,19,0,88 9,1,100,,205358,19,0,88 9,1,382,,205359,19,0,5 16 26 9,1,200,,205360,19,0,5 16 26 9,1,118,,205361,19,0,88 9,1,106,,205362,19,0,88 9,1,385,,205363,19,0,5 16 26 9,1
6801,'20260801',948,,205364,19,0,88 9,1,300,,205365,19,0,88 9,1,300,,205366,19,0,88 9,1,300,,205367,19,0,88 9,1,505,,205368,19,0,5 16 26 9,1
6801,'20260802',948,,205369,19,0,88 9,1,300,,205370,19,0,88 9,1,300,,205371,19,0,88 9,1,300,,205372,19,0,88 9,1,505,,205373,19,0,5 16 26 9,1
6801,'20260803',948,,205374,19,0,88 9,1,300,,205375,19,0,88 9,1,300,,205376,19,0,88 9,1,300,,205377,19,0,88 9,1,505,,205378,19,0,5 16 26 9,1
6801,'20260804',445,,205379,19,0,5 16 26 9,1,596,,205380,19,0,88 9,1,100,,205381,19,0,88 9,1,382,,205382,19,0,5 16 26 9,1,200,,205383,19,0,5 16 26 9,1,118,,205384,19,0,88 9,1,106,,205385,19,0,88 9,1,385,,205386,19,0,5 16 26 9,1
6801,'20260805',445,,205387,19,0,5 16 26 9,1,596,,205388,19,0,88 9,1,100,,205389,19,0,88 9,1,382,,205390,19,0,5 16 26 9,1,200,,205391,19,0,5 16 26 9,1,118,,205392,19,0,88 9,1,106,,205393,19,0,88 9,1,385,,205394,19,0,5 16 26 9,1
6801,'20260806',445,,205395,19,0,5 16 26 9,1,596,,205396,19,0,88 9,1,100,,205397,19,0,88 9,1,382,,205398,19,0,5 16 26 9,1,200,,205399,19,0,5 16 26 9,1,118,,205400,19,0,88 9,1,106,,205401,19,0,88 9,1,385,,205402,19,0,5 16 26 9,1
6801,'20260807',445,,205403,19,0,5 16 26 9,1,596,,205404,19,0,88 9,1,100,,205405,19,0,88 9,1,382,,205406,19,0,5 16 26 9,1,200,,205407,19,0,5 16 26 9,1,118,,205408,19,0,88 9,1,106,,205409,19,0,88 9,1,385,,205410,19,0,5 16 26 9,1
6801,'20260808',948,,205411,19,0,88 9,1,300,,205412,19,0,88 9,1,300,,205413,19,0,88 9,1,300,,205414,19,0,88 9,1,505,,205415,19,0,5 16 26 9,1
6801,'20260809',948,,205416,19,0,88 9,1,300,,205417,19,0,88 9,1,300,,205418,19,0,88 9,1,300,,205419,19,0,88 9,1,505,,205420,19,0,5 16 26 9,1
6801,'20260810',445,,205421,19,0,5 16 26 9,1,596,,205422,19,0,88 9,1,100,,205423,19,0,88 9,1,382,,205424,19,0,5 16 26 9,1,200,,205425,19,0,5 16 26 9,1,118,,205426,19,0,88 9,1,106,,205427,19,0,88 9,1,385,,205428,19,0,5 16 26 9,1
6801,'20260811',445,,205429,19,0,5 16 26 9,1,596,,205430,19,0,88 9,1,100,,205431,19,0,88 9,1,382,,205432,19,0,5 16 26 9,1,200,,205433,19,0,5 16 26 9,1,118,,205434,19,0,88 9,1,106,,205435,19,0,88 9,1,385,,205436,19,0,5 16 26 9,1
6801,'20260812',445,,205437,19,0,5 16 26 9,1,596,,205438,19,0,88 9,1,100,,205439,19,0,88 9,1,382,,205440,19,0,5 16 26 9,1,200,,205441,19,0,5 16 26 9,1,118,,205442,19,0,88 9,1,106,,205443,19,0,88 9,1,385,,205444,19,0,5 16 26 9,1
6801,'20260813',445,,205445,19,0,5 16 26 9,1,596,,205446,19,0,88 9,1,100,,205447,19,0,88 9,1,382,,205448,19,0,5 16 26 9,1,200,,205449,19,0,5 16 26 9,1,118,,205450,19,0,88 9,1,106,,205451,19,0,88 9,1,385,,205452,19,0,5 16 26 9,1
6801,'20260814',445,,205453,19,0,5 16 26 9,1,596,,205454,19,0,88 9,1,100,,205455,19,0,88 9,1,382,,205456,19,0,5 16 26 9,1,200,,205457,19,0,5 16 26 9,1,118,,205458,19,0,88 9,1,106,,205459,19,0,88 9,1,385,,205460,19,0,5 16 26 9,1
6801,'20260815',948,,205461,19,0,88 9,1,300,,205462,19,0,88 9,1,300,,205463,19,0,88 9,1,300,,205464,19,0,88 9,1,505,,205465,19,0,5 16 26 9,1
6801,'20260816',948,,205466,19,0,88 9,1,300,,205467,19,0,88 9,1,300,,205468,19,0,88 9,1,300,,205469,19,0,88 9,1,505,,205470,19,0,5 16 26 9,1
6801,'20260817',445,,205471,19,0,5 16 26 9,1,596,,205472,19,0,88 9,1,100,,205473,19,0,88 9,1,382,,205474,19,0,5 16 26 9,1,200,,205475,19,0,5 16 26 9,1,118,,205476,19,0,88 9,1,106,,205477,19,0,88 9,1,385,,205478,19,0,5 16 26 9,1
6801,'20260818',445,,205479,19,0,5 16 26 9,1,596,,205480,19,0,88 9,1,100,,205481,19,0,88 9,1,382,,205482,19,0,5 16 26 9,1,200,,205483,19,0,5 16 26 9,1,118,,205484,19,0,88 9,1,106,,205485,19,0,88 9,1,385,,205486,19,0,5 16 26 9,1
6801,'20260819',445,,205487,19,0,5 16 26 9,1,596,,205488,19,0,88 9,1,100,,205489,19,0,88 9,1,382,,205490,19,0,5 16 26 9,1,200,,205491,19,0,5 16 26 9,1,118,,205492,19,0,88 9,1,106,,205493,19,0,88 9,1,385,,205494,19,0,5 16 26 9,1
6801,'20260820',445,,205495,19,0,5 16 26 9,1,596,,205496,19,0,88 9,1,100,,205497,19,0,88 9,1,382,,205498,19,0,5 16 26 9,1,200,,205499,19,0,5 16 26 9,1,118,,205500,19,0,88 9,1,106,,205501,19,0,88 9,1,385,,205502,19,0,5 16 26 9,1
6801,'20260821',445,,205503,19,0,5 16 26 9,1,596,,205504,19,0,88 9,1,100,,205505,19,0,88 9,1,382,,205506,19,0,5 16 26 9,1,200,,205507,19,0,5 16 26 9,1,118,,205508,19,0,88 9,1,106,,205509,19,0,88 9,1,385,,205510,19,0,5 16 26 9,1
6801,'20260822',948,,205511,19,0,88 9,1,300,,205512,19,0,88 9,1,300,,205513,19,0,88 9,1,300,,205514,19,0,88 9,1,505,,205515,19,0,5 16 26 9,1
6801,'20260823',948,,205516,19,0,88 9,1,300,,205517,19,0,88 9,1,300,,205518,19,0,88 9,1,300,,205519,19,0,88 9,1,505,,205520,19,0,5 16 26 9,1
6801,'20260824',445,,205521,19,0,5 16 26 9,1,596,,205522,19,0,88 9,1,100,,205523,19,0,88 9,1,382,,205524,19,0,5 16 26 9,1,200,,205525,19,0,5 16 26 9,1,118,,205526,19,0,88 9,1,106,,205527,19,0,88 9,1,385,,205528,19,0,5 16 26 9,1
6801,'20260825',445,,205529,19,0,5 16 26 9,1,596,,205530,19,0,88 9,1,100,,205531,19,0,88 9,1,382,,205532,19,0,5 16 26 9,1,200,,205533,19,0,5 16 26 9,1,118,,205534,19,0,88 9,1,106,,205535,19,0,88 9,1,385,,205536,19,0,5 16 26 9,1
6801,'20260826',445,,205537,19,0,5 16 26 9,1,596,,205538,19,0,88 9,1,100,,205539,19,0,88 9,1,382,,205540,19,0,5 16 26 9,1,200,,205541,19,0,5 16 26 9,1,118,,205542,19,0,88 9,1,106,,205543,19,0,88 9,1,385,,205544,19,0,5 16 26 9,1
6801,'20260827',445,,205545,19,0,5 16 26 9,1,596,,205546,19,0,88 9,1,100,,205547,19,0,88 9,1,382,,205548,19,0,5 16 26 9,1,200,,205549,19,0,5 16 26 9,1,118,,205550,19,0,88 9,1,106,,205551,19,0,88 9,1,385,,205552,19,0,5 16 26 9,1
6801,'20260828',445,,205553,19,0,5 16 26 9,1,596,,205554,19,0,88 9,1,100,,205555,19,0,88 9,1,382,,205556,19,0,5 16 26 9,1,200,,205557,19,0,5 16 26 9,1,118,,205558,19,0,88 9,1,106,,205559,19,0,88 9,1,385,,205560,19,0,5 16 26 9,1
6801,'20260829',948,,205561,19,0,88 9,1,300,,205562,19,0,88 9,1,300,,205563,19,0,88 9,1,300,,205564,19,0,88 9,1,505,,205565,19,0,5 16 26 9,1
6801,'20260830',948,,205566,19,0,88 9,1,300,,205567,19,0,88 9,1,300,,205568,19,0,88 9,1,300,,205569,19,0,88 9,1,505,,205570,19,0,5 16 26 9,1
6801,'20260831',445,,205571,19,0,5 16 26 9,1,596,,205572,19,0,88 9,1,100,,205573,19,0,88 9,1,382,,205574,19,0,5 16 26 9,1,200,,205575,19,0,5 16 26 9,1,118,,205576,19,0,88 9,1,106,,205577,19,0,88 9,1,385,,205578,19,0,5 16 26 9,1
6801,'20260901',445,,205579,19,0,5 16 26 9,1,596,,205580,19,0,88 9,1,100,,205581,19,0,88 9,1,382,,205582,19,0,5 16 26 9,1,200,,205583,19,0,5 16 26 9,1,118,,205584,19,0,88 9,1,106,,205585,19,0,88 9,1,385,,205586,19,0,5 16 26 9,1
6801,'20260902',445,,205587,19,0,5 16 26 9,1,596,,205588,19,0,88 9,1,100,,205589,19,0,88 9,1,382,,205590,19,0,5 16 26 9,1,200,,205591,19,0,5 16 26 9,1,118,,205592,19,0,88 9,1,106,,205593,19,0,88 9,1,385,,205594,19,0,5 16 26 9,1
6801,'20260903',445,,205595,19,0,5 16 26 9,1,596,,205596,19,0,88 9,1,100,,205597,19,0,88 9,1,382,,205598,19,0,5 16 26 9,1,200,,205599,19,0,5 16 26 9,1,118,,205600,19,0,88 9,1,106,,205601,19,0,88 9,1,385,,205602,19,0,5 16 26 9,1
6801,'20260904',445,,205603,19,0,5 16 26 9,1,596,,205604,19,0,88 9,1,100,,205605,19,0,88 9,1,382,,205606,19,0,5 16 26 9,1,200,,205607,19,0,5 16 26 9,1,118,,205608,19,0,88 9,1,106,,205609,19,0,88 9,1,385,,205610,19,0,5 16 26 9,1
