7001,'20260722',1102,,206584,25,0,34 14 36 9,1,200,,206585,25,0,34 14 36 9,1,200,,206586,25,0,34 14 36 9,1,141,,206587,25,,,1,259,,206588,25,0,34 14 36 9,1,201,,206589,25,0,34 14 36 9,1
7001,'20260723',1102,,206592,25,0,34 14 36 9,1,200,,206593,25,0,34 14 36 9,1,200,,206594,25,0,34 14 36 9,1,141,,206595,25,,,1,259,,206596,25,0,34 14 36 9,1,201,,206597,25,0,34 14 36 9,1
7001,'20260724',1102,,206600,25,0,34 14 36 9,1,200,,206601,25,0,34 14 36 9,1,200,,206602,25,0,34 14 36 9,1,141,,206603,25,,,1,259,,206604,25,0,34 14 36 9,1,201,,206605,25,0,34 14 36 9,1
7001,'20260725',1002,,206607,25,0,34 14 36 9,1,200,,206608,25,0,34 14 36 9,1,200,,206609,25,0,34 14 36 9,1,200,,206610,25,0,34 14 36 9,1,200,,206611,25,0,34 14 36 9,1,201,,206612,25,0,34 14 36 9,1
7001,'20260726',1002,,206614,25,0,34 14 36 9,1,200,,206615,25,0,34 14 36 9,1,200,,206616,25,0,34 14 36 9,1,200,,206617,25,0,34 14 36 9,1,200,,206618,25,0,34 14 36 9,1,201,,206619,25,0,34 14 36 9,1
7001,'20260727',1102,,206622,25,0,34 14 36 9,1,200,,206623,25,0,34 14 36 9,1,200,,206624,25,0,34 14 36 9,1,141,,206625,25,,,1,259,,206626,25,0,34 14 36 9,1,201,,206627,25,0,34 14 36 9,1
7001,'20260728',1102,,206630,25,0,34 14 36 9,1,200,,206631,25,0,34 14 36 9,1,200,,206632,25,0,34 14 36 9,1,141,,206633,25,,,1,259,,206634,25,0,34 14 36 9,1,201,,206635,25,0,34 14 36 9,1
7001,'20260729',1102,,206638,25,0,34 14 36 9,1,200,,206639,25,0,34 14 36 9,1,200,,206640,25,0,34 14 36 9,1,141,,206641,25,,,1,259,,206642,25,0,34 14 36 9,1,201,,206643,25,0,34 14 36 9,1
7001,'20260730',1102,,206646,25,0,34 14 36 9,1,200,,206647,25,0,34 14 36 9,1,200,,206648,25,0,34 14 36 9,1,141,,206649,25,,,1,259,,206650,25,0,34 14 36 9,1,201,,206651,25,0,34 14 36 9,1
7001,'20260731',1102,,206654,25,0,34 14 36 9,1,200,,206655,25,0,34 14 36 9,1,200,,206656,25,0,34 14 36 9,1,141,,206657,25,,,1,259,,206658,25,0,34 14 36 9,1,201,,206659,25,0,34 14 36 9,1
7001,'20260801',1002,,206661,25,0,34 14 36 9,1,200,,206662,25,0,34 14 36 9,1,200,,206663,25,0,34 14 36 9,1,200,,206664,25,0,34 14 36 9,1,200,,206665,25,0,34 14 36 9,1,201,,206666,25,0,34 14 36 9,1
7001,'20260802',1002,,206668,25,0,34 14 36 9,1,200,,206669,25,0,34 14 36 9,1,200,,206670,25,0,34 14 36 9,1,200,,206671,25,0,34 14 36 9,1,200,,206672,25,0,34 14 36 9,1,201,,206673,25,0,34 14 36 9,1
7001,'20260803',1002,,206675,25,0,34 14 36 9,1,200,,206676,25,0,34 14 36 9,1,200,,206677,25,0,34 14 36 9,1,200,,206678,25,0,34 14 36 9,1,200,,206679,25,0,34 14 36 9,1,201,,206680,25,0,34 14 36 9,1
7001,'20260804',1102,,206683,25,0,34 14 36 9,1,200,,206684,25,0,34 14 36 9,1,200,,206685,25,0,34 14 36 9,1,141,,206686,25,,,1,259,,206687,25,0,34 14 36 9,1,201,,206688,25,0,34 14 36 9,1
7001,'20260805',1102,,206691,25,0,34 14 36 9,1,200,,206692,25,0,34 14 36 9,1,200,,206693,25,0,34 14 36 9,1,141,,206694,25,,,1,259,,206695,25,0,34 14 36 9,1,201,,206696,25,0,34 14 36 9,1
7001,'20260806',1102,,206699,25,0,34 14 36 9,1,200,,206700,25,0,34 14 36 9,1,200,,206701,25,0,34 14 36 9,1,141,,206702,25,,,1,259,,206703,25,0,34 14 36 9,1,201,,206704,25,0,34 14 36 9,1
7001,'20260807',1102,,206707,25,0,34 14 36 9,1,200,,206708,25,0,34 14 36 9,1,200,,206709,25,0,34 14 36 9,1,141,,206710,25,,,1,259,,206711,25,0,34 14 36 9,1,201,,206712,25,0,34 14 36 9,1
7001,'20260808',1002,,206714,25,0,34 14 36 9,1,200,,206715,25,0,34 14 36 9,1,200,,206716,25,0,34 14 36 9,1,200,,206717,25,0,34 14 36 9,1,200,,206718,25,0,34 14 36 9,1,201,,206719,25,0,34 14 36 9,1
7001,'20260809',1002,,206721,25,0,34 14 36 9,1,200,,206722,25,0,34 14 36 9,1,200,,206723,25,0,34 14 36 9,1,200,,206724,25,0,34 14 36 9,1,200,,206725,25,0,34 14 36 9,1,201,,206726,25,0,34 14 36 9,1
7001,'20260810',1102,,206729,25,0,34 14 36 9,1,200,,206730,25,0,34 14 36 9,1,200,,206731,25,0,34 14 36 9,1,141,,206732,25,,,1,259,,206733,25,0,34 14 36 9,1,201,,206734,25,0,34 14 36 9,1
7001,'20260811',1102,,206737,25,0,34 14 36 9,1,200,,206738,25,0,34 14 36 9,1,200,,206739,25,0,34 14 36 9,1,141,,206740,25,,,1,259,,206741,25,0,34 14 36 9,1,201,,206742,25,0,34 14 36 9,1
7001,'20260812',1102,,206745,25,0,34 14 36 9,1,200,,206746,25,0,34 14 36 9,1,200,,206747,25,0,34 14 36 9,1,141,,206748,25,,,1,259,,206749,25,0,34 14 36 9,1,201,,206750,25,0,34 14 36 9,1
7001,'20260813',1102,,206753,25,0,34 14 36 9,1,200,,206754,25,0,34 14 36 9,1,200,,206755,25,0,34 14 36 9,1,141,,206756,25,,,1,259,,206757,25,0,34 14 36 9,1,201,,206758,25,0,34 14 36 9,1
7001,'20260814',1102,,206761,25,0,34 14 36 9,1,200,,206762,25,0,34 14 36 9,1,200,,206763,25,0,34 14 36 9,1,141,,206764,25,,,1,259,,206765,25,0,34 14 36 9,1,201,,206766,25,0,34 14 36 9,1
7001,'20260815',1002,,206768,25,0,34 14 36 9,1,200,,206769,25,0,34 14 36 9,1,200,,206770,25,0,34 14 36 9,1,200,,206771,25,0,34 14 36 9,1,200,,206772,25,0,34 14 36 9,1,201,,206773,25,0,34 14 36 9,1
7001,'20260816',1002,,206775,25,0,34 14 36 9,1,200,,206776,25,0,34 14 36 9,1,200,,206777,25,0,34 14 36 9,1,200,,206778,25,0,34 14 36 9,1,200,,206779,25,0,34 14 36 9,1,201,,206780,25,0,34 14 36 9,1
7001,'20260817',1102,,206783,25,0,34 14 36 9,1,200,,206784,25,0,34 14 36 9,1,200,,206785,25,0,34 14 36 9,1,141,,206786,25,,,1,259,,206787,25,0,34 14 36 9,1,201,,206788,25,0,34 14 36 9,1
7001,'20260818',1102,,206791,25,0,34 14 36 9,1,200,,206792,25,0,34 14 36 9,1,200,,206793,25,0,34 14 36 9,1,141,,206794,25,,,1,259,,206795,25,0,34 14 36 9,1,201,,206796,25,0,34 14 36 9,1
7001,'20260819',1102,,206799,25,0,34 14 36 9,1,200,,206800,25,0,34 14 36 9,1,200,,206801,25,0,34 14 36 9,1,141,,206802,25,,,1,259,,206803,25,0,34 14 36 9,1,201,,206804,25,0,34 14 36 9,1
7001,'20260820',1102,,206807,25,0,34 14 36 9,1,200,,206808,25,0,34 14 36 9,1,200,,206809,25,0,34 14 36 9,1,141,,206810,25,,,1,259,,206811,25,0,34 14 36 9,1,201,,206812,25,0,34 14 36 9,1
7001,'20260821',1102,,206815,25,0,34 14 36 9,1,200,,206816,25,0,34 14 36 9,1,200,,206817,25,0,34 14 36 9,1,141,,206818,25,,,1,259,,206819,25,0,34 14 36 9,1,201,,206820,25,0,34 14 36 9,1
7001,'20260822',1002,,206822,25,0,34 14 36 9,1,200,,206823,25,0,34 14 36 9,1,200,,206824,25,0,34 14 36 9,1,200,,206825,25,0,34 14 36 9,1,200,,206826,25,0,34 14 36 9,1,201,,206827,25,0,34 14 36 9,1
7001,'20260823',1002,,206829,25,0,34 14 36 9,1,200,,206830,25,0,34 14 36 9,1,200,,206831,25,0,34 14 36 9,1,200,,206832,25,0,34 14 36 9,1,200,,206833,25,0,34 14 36 9,1,201,,206834,25,0,34 14 36 9,1
7001,'20260824',1102,,206837,25,0,34 14 36 9,1,200,,206838,25,0,34 14 36 9,1,200,,206839,25,0,34 14 36 9,1,141,,206840,25,,,1,259,,206841,25,0,34 14 36 9,1,201,,206842,25,0,34 14 36 9,1
7001,'20260825',1102,,206845,25,0,34 14 36 9,1,200,,206846,25,0,34 14 36 9,1,200,,206847,25,0,34 14 36 9,1,141,,206848,25,,,1,259,,206849,25,0,34 14 36 9,1,201,,206850,25,0,34 14 36 9,1
7001,'20260826',1102,,206853,25,0,34 14 36 9,1,200,,206854,25,0,34 14 36 9,1,200,,206855,25,0,34 14 36 9,1,141,,206856,25,,,1,259,,206857,25,0,34 14 36 9,1,201,,206858,25,0,34 14 36 9,1
7001,'20260827',1102,,206861,25,0,34 14 36 9,1,200,,206862,25,0,34 14 36 9,1,200,,206863,25,0,34 14 36 9,1,141,,206864,25,,,1,259,,206865,25,0,34 14 36 9,1,201,,206866,25,0,34 14 36 9,1
7001,'20260828',1102,,206869,25,0,34 14 36 9,1,200,,206870,25,0,34 14 36 9,1,200,,206871,25,0,34 14 36 9,1,141,,206872,25,,,1,259,,206873,25,0,34 14 36 9,1,201,,206874,25,0,34 14 36 9,1
7001,'20260829',1002,,206876,25,0,34 14 36 9,1,200,,206877,25,0,34 14 36 9,1,200,,206878,25,0,34 14 36 9,1,200,,206879,25,0,34 14 36 9,1,200,,206880,25,0,34 14 36 9,1,201,,206881,25,0,34 14 36 9,1
7001,'20260830',1002,,206883,25,0,34 14 36 9,1,200,,206884,25,0,34 14 36 9,1,200,,206885,25,0,34 14 36 9,1,200,,206886,25,0,34 14 36 9,1,200,,206887,25,0,34 14 36 9,1,201,,206888,25,0,34 14 36 9,1
7001,'20260831',1102,,206891,25,0,34 14 36 9,1,200,,206892,25,0,34 14 36 9,1,200,,206893,25,0,34 14 36 9,1,141,,206894,25,,,1,259,,206895,25,0,34 14 36 9,1,201,,206896,25,0,34 14 36 9,1
7001,'20260901',1102,,206899,25,0,34 14 36 9,1,200,,206900,25,0,34 14 36 9,1,200,,206901,25,0,34 14 36 9,1,141,,206902,25,,,1,259,,206903,25,0,34 14 36 9,1,201,,206904,25,0,34 14 36 9,1
7001,'20260902',1102,,206907,25,0,34 14 36 9,1,200,,206908,25,0,34 14 36 9,1,200,,206909,25,0,34 14 36 9,1,141,,206910,25,,,1,259,,206911,25,0,34 14 36 9,1,201,,206912,25,0,34 14 36 9,1
7001,'20260903',1102,,206915,25,0,34 14 36 9,1,200,,206916,25,0,34 14 36 9,1,200,,206917,25,0,34 14 36 9,1,141,,206918,25,,,1,259,,206919,25,0,34 14 36 9,1,201,,206920,25,0,34 14 36 9,1
7001,'20260904',1102,,206923,25,0,34 14 36 9,1,200,,206924,25,0,34 14 36 9,1,200,,206925,25,0,34 14 36 9,1,141,,206926,25,,,1,259,,206927,25,0,34 14 36 9,1,201,,206928,25,0,34 14 36 9,1
7101,'20260722',452,,207473,25,,,1,1103,,207475,13,0,31 29 30,1,265,,207476,25,,,1,497,,207477,25,,,1,205,,207478,13,0,31 29 30,1
7101,'20260723',452,,207479,25,,,1,1103,,207481,13,0,31 29 30,1,265,,207482,25,,,1,497,,207483,25,,,1,205,,207484,13,0,31 29 30,1
7101,'20260724',452,,207485,25,,,1,1103,,207487,13,0,31 29 30,1,265,,207488,25,,,1,497,,207489,25,,,1,205,,207490,13,0,31 29 30,1
7101,'20260725',620,,207491,25,,,1,1588,,207492,25,,,1,114,,207493,13,0,31 29 30,1,200,,207494,13,0,31 29 30,1
7101,'20260726',620,,207495,25,,,1,1588,,207496,25,,,1,114,,207497,13,0,31 29 30,1,200,,207498,13,0,31 29 30,1
7101,'20260727',452,,207499,25,,,1,1103,,207501,13,0,31 29 30,1,265,,207502,25,,,1,497,,207503,25,,,1,205,,207504,13,0,31 29 30,1
7101,'20260728',452,,207505,25,,,1,1103,,207507,13,0,31 29 30,1,265,,207508,25,,,1,497,,207509,25,,,1,205,,207510,13,0,31 29 30,1
7101,'20260729',452,,207511,25,,,1,1103,,207513,13,0,31 29 30,1,265,,207514,25,,,1,497,,207515,25,,,1,205,,207516,13,0,31 29 30,1
7101,'20260730',452,,207517,25,,,1,1103,,207519,13,0,31 29 30,1,265,,207520,25,,,1,497,,207521,25,,,1,205,,207522,13,0,31 29 30,1
7101,'20260731',452,,207523,25,,,1,1103,,207525,13,0,31 29 30,1,265,,207526,25,,,1,497,,207527,25,,,1,205,,207528,13,0,31 29 30,1
7101,'20260801',620,,207529,25,,,1,1588,,207530,25,,,1,114,,207531,13,0,31 29 30,1,200,,207532,13,0,31 29 30,1
7101,'20260802',620,,207533,25,,,1,1588,,207534,25,,,1,114,,207535,13,0,31 29 30,1,200,,207536,13,0,31 29 30,1
7101,'20260803',620,,207537,25,,,1,1588,,207538,25,,,1,114,,207539,13,0,31 29 30,1,200,,207540,13,0,31 29 30,1
7101,'20260804',452,,207541,25,,,1,1103,,207543,13,0,31 29 30,1,265,,207544,25,,,1,497,,207545,25,,,1,205,,207546,13,0,31 29 30,1
7101,'20260805',452,,207547,25,,,1,1103,,207549,13,0,31 29 30,1,265,,207550,25,,,1,497,,207551,25,,,1,205,,207552,13,0,31 29 30,1
7101,'20260806',452,,207553,25,,,1,1103,,207555,13,0,31 29 30,1,265,,207556,25,,,1,497,,207557,25,,,1,205,,207558,13,0,31 29 30,1
7101,'20260807',452,,207559,25,,,1,1103,,207561,13,0,31 29 30,1,265,,207562,25,,,1,497,,207563,25,,,1,205,,207564,13,0,31 29 30,1
7101,'20260808',620,,207565,25,,,1,1588,,207566,25,,,1,114,,207567,13,0,31 29 30,1,200,,207568,13,0,31 29 30,1
7101,'20260809',620,,207569,25,,,1,1588,,207570,25,,,1,114,,207571,13,0,31 29 30,1,200,,207572,13,0,31 29 30,1
7101,'20260810',452,,207573,25,,,1,1103,,207575,13,0,31 29 30,1,265,,207576,25,,,1,497,,207577,25,,,1,205,,207578,13,0,31 29 30,1
7101,'20260811',452,,207579,25,,,1,1103,,207581,13,0,31 29 30,1,265,,207582,25,,,1,497,,207583,25,,,1,205,,207584,13,0,31 29 30,1
7101,'20260812',452,,207585,25,,,1,1103,,207587,13,0,31 29 30,1,265,,207588,25,,,1,497,,207589,25,,,1,205,,207590,13,0,31 29 30,1
7101,'20260813',452,,207591,25,,,1,1103,,207593,13,0,31 29 30,1,265,,207594,25,,,1,497,,207595,25,,,1,205,,207596,13,0,31 29 30,1
7101,'20260814',452,,207597,25,,,1,1103,,207599,13,0,31 29 30,1,265,,207600,25,,,1,497,,207601,25,,,1,205,,207602,13,0,31 29 30,1
7101,'20260815',620,,207603,25,,,1,1588,,207604,25,,,1,114,,207605,13,0,31 29 30,1,200,,207606,13,0,31 29 30,1
7101,'20260816',620,,207607,25,,,1,1588,,207608,25,,,1,114,,207609,13,0,31 29 30,1,200,,207610,13,0,31 29 30,1
7101,'20260817',452,,207611,25,,,1,1103,,207613,13,0,31 29 30,1,265,,207614,25,,,1,497,,207615,25,,,1,205,,207616,13,0,31 29 30,1
7101,'20260818',452,,207617,25,,,1,1103,,207619,13,0,31 29 30,1,265,,207620,25,,,1,497,,207621,25,,,1,205,,207622,13,0,31 29 30,1
7101,'20260819',452,,207623,25,,,1,1103,,207625,13,0,31 29 30,1,265,,207626,25,,,1,497,,207627,25,,,1,205,,207628,13,0,31 29 30,1
7101,'20260820',452,,207629,25,,,1,1103,,207631,13,0,31 29 30,1,265,,207632,25,,,1,497,,207633,25,,,1,205,,207634,13,0,31 29 30,1
7101,'20260821',452,,207635,25,,,1,1103,,207637,13,0,31 29 30,1,265,,207638,25,,,1,497,,207639,25,,,1,205,,207640,13,0,31 29 30,1
7101,'20260822',620,,207641,25,,,1,1588,,207642,25,,,1,114,,207643,13,0,31 29 30,1,200,,207644,13,0,31 29 30,1
7101,'20260823',620,,207645,25,,,1,1588,,207646,25,,,1,114,,207647,13,0,31 29 30,1,200,,207648,13,0,31 29 30,1
7101,'20260824',452,,207649,25,,,1,1103,,207651,13,0,31 29 30,1,265,,207652,25,,,1,497,,207653,25,,,1,205,,207654,13,0,31 29 30,1
7101,'20260825',452,,207655,25,,,1,1103,,207657,13,0,31 29 30,1,265,,207658,25,,,1,497,,207659,25,,,1,205,,207660,13,0,31 29 30,1
7101,'20260826',452,,207661,25,,,1,1103,,207663,13,0,31 29 30,1,265,,207664,25,,,1,497,,207665,25,,,1,205,,207666,13,0,31 29 30,1
7101,'20260827',452,,207667,25,,,1,1103,,207669,13,0,31 29 30,1,265,,207670,25,,,1,497,,207671,25,,,1,205,,207672,13,0,31 29 30,1
7101,'20260828',452,,207673,25,,,1,1103,,207675,13,0,31 29 30,1,265,,207676,25,,,1,497,,207677,25,,,1,205,,207678,13,0,31 29 30,1
7101,'20260829',620,,207679,25,,,1,1588,,207680,25,,,1,114,,207681,13,0,31 29 30,1,200,,207682,13,0,31 29 30,1
7101,'20260830',620,,207683,25,,,1,1588,,207684,25,,,1,114,,207685,13,0,31 29 30,1,200,,207686,13,0,31 29 30,1
7101,'20260831',452,,207687,25,,,1,1103,,207689,13,0,31 29 30,1,265,,207690,25,,,1,497,,207691,25,,,1,205,,207692,13,0,31 29 30,1
7101,'20260901',452,,207693,25,,,1,1103,,207695,13,0,31 29 30,1,265,,207696,25,,,1,497,,207697,25,,,1,205,,207698,13,0,31 29 30,1
7101,'20260902',452,,207699,25,,,1,1103,,207701,13,0,31 29 30,1,265,,207702,25,,,1,497,,207703,25,,,1,205,,207704,13,0,31 29 30,1
7101,'20260903',452,,207705,25,,,1,1103,,207707,13,0,31 29 30,1,265,,207708,25,,,1,497,,207709,25,,,1,205,,207710,13,0,31 29 30,1
7101,'20260904',452,,207711,25,,,1,1103,,207713,13,0,31 29 30,1,265,,207714,25,,,1,497,,207715,25,,,1,205,,207716,13,0,31 29 30,1
