6101,'20260722',534,,202791,18,,,1,417,,202792,18,,,1,102,,202793,18,,,1,100,,202794,18,,,1,100,,202795,18,,,1,100,,202796,18,,,1
6101,'20260723',534,,202797,18,,,1,417,,202798,18,,,1,102,,202799,18,,,1,100,,202800,18,,,1,100,,202801,18,,,1,100,,202802,18,,,1
6101,'20260724',534,,202803,18,,,1,417,,202804,18,,,1,102,,202805,18,,,1,100,,202806,18,,,1,100,,202807,18,,,1,100,,202808,18,,,1
6101,'20260727',534,,202809,18,,,1,417,,202810,18,,,1,102,,202811,18,,,1,100,,202812,18,,,1,100,,202813,18,,,1,100,,202814,18,,,1
6101,'20260728',534,,202815,18,,,1,417,,202816,18,,,1,102,,202817,18,,,1,100,,202818,18,,,1,100,,202819,18,,,1,100,,202820,18,,,1
6101,'20260729',534,,202821,18,,,1,417,,202822,18,,,1,102,,202823,18,,,1,100,,202824,18,,,1,100,,202825,18,,,1,100,,202826,18,,,1
6101,'20260730',534,,202827,18,,,1,417,,202828,18,,,1,102,,202829,18,,,1,100,,202830,18,,,1,100,,202831,18,,,1,100,,202832,18,,,1
6101,'20260731',534,,202833,18,,,1,417,,202834,18,,,1,102,,202835,18,,,1,100,,202836,18,,,1,100,,202837,18,,,1,100,,202838,18,,,1
6101,'20260804',534,,202839,18,,,1,417,,202840,18,,,1,102,,202841,18,,,1,100,,202842,18,,,1,100,,202843,18,,,1,100,,202844,18,,,1
6101,'20260805',534,,202845,18,,,1,417,,202846,18,,,1,102,,202847,18,,,1,100,,202848,18,,,1,100,,202849,18,,,1,100,,202850,18,,,1
6101,'20260806',534,,202851,18,,,1,417,,202852,18,,,1,102,,202853,18,,,1,100,,202854,18,,,1,100,,202855,18,,,1,100,,202856,18,,,1
6101,'20260807',534,,202857,18,,,1,417,,202858,18,,,1,102,,202859,18,,,1,100,,202860,18,,,1,100,,202861,18,,,1,100,,202862,18,,,1
6101,'20260810',534,,202863,18,,,1,417,,202864,18,,,1,102,,202865,18,,,1,100,,202866,18,,,1,100,,202867,18,,,1,100,,202868,18,,,1
6101,'20260811',534,,202869,18,,,1,417,,202870,18,,,1,102,,202871,18,,,1,100,,202872,18,,,1,100,,202873,18,,,1,100,,202874,18,,,1
6101,'20260812',534,,202875,18,,,1,417,,202876,18,,,1,102,,202877,18,,,1,100,,202878,18,,,1,100,,202879,18,,,1,100,,202880,18,,,1
6101,'20260813',534,,202881,18,,,1,417,,202882,18,,,1,102,,202883,18,,,1,100,,202884,18,,,1,100,,202885,18,,,1,100,,202886,18,,,1
6101,'20260814',534,,202887,18,,,1,417,,202888,18,,,1,102,,202889,18,,,1,100,,202890,18,,,1,100,,202891,18,,,1,100,,202892,18,,,1
6101,'20260817',534,,202893,18,,,1,417,,202894,18,,,1,102,,202895,18,,,1,100,,202896,18,,,1,100,,202897,18,,,1,100,,202898,18,,,1
6101,'20260818',534,,202899,18,,,1,417,,202900,18,,,1,102,,202901,18,,,1,100,,202902,18,,,1,100,,202903,18,,,1,100,,202904,18,,,1
6101,'20260819',534,,202905,18,,,1,417,,202906,18,,,1,102,,202907,18,,,1,100,,202908,18,,,1,100,,202909,18,,,1,100,,202910,18,,,1
6101,'20260820',534,,202911,18,,,1,417,,202912,18,,,1,102,,202913,18,,,1,100,,202914,18,,,1,100,,202915,18,,,1,100,,202916,18,,,1
6101,'20260821',534,,202917,18,,,1,417,,202918,18,,,1,102,,202919,18,,,1,100,,202920,18,,,1,100,,202921,18,,,1,100,,202922,18,,,1
6101,'20260824',534,,202923,18,,,1,417,,202924,18,,,1,102,,202925,18,,,1,100,,202926,18,,,1,100,,202927,18,,,1,100,,202928,18,,,1
6101,'20260825',534,,202929,18,,,1,417,,202930,18,,,1,102,,202931,18,,,1,100,,202932,18,,,1,100,,202933,18,,,1,100,,202934,18,,,1
6101,'20260826',534,,202935,18,,,1,417,,202936,18,,,1,102,,202937,18,,,1,100,,202938,18,,,1,100,,202939,18,,,1,100,,202940,18,,,1
6101,'20260827',534,,202941,18,,,1,417,,202942,18,,,1,102,,202943,18,,,1,100,,202944,18,,,1,100,,202945,18,,,1,100,,202946,18,,,1
6101,'20260828',534,,202947,18,,,1,417,,202948,18,,,1,102,,202949,18,,,1,100,,202950,18,,,1,100,,202951,18,,,1,100,,202952,18,,,1
6101,'20260831',534,,202953,18,,,1,417,,202954,18,,,1,102,,202955,18,,,1,100,,202956,18,,,1,100,,202957,18,,,1,100,,202958,18,,,1
6101,'20260901',534,,202959,18,,,1,417,,202960,18,,,1,102,,202961,18,,,1,100,,202962,18,,,1,100,,202963,18,,,1,100,,202964,18,,,1
6101,'20260902',534,,202965,18,,,1,417,,202966,18,,,1,102,,202967,18,,,1,100,,202968,18,,,1,100,,202969,18,,,1,100,,202970,18,,,1
6101,'20260903',534,,202971,18,,,1,417,,202972,18,,,1,102,,202973,18,,,1,100,,202974,18,,,1,100,,202975,18,,,1,100,,202976,18,,,1
6101,'20260904',534,,202977,18,,,1,417,,202978,18,,,1,102,,202979,18,,,1,100,,202980,18,,,1,100,,202981,18,,,1,100,,202982,18,,,1
