1501,'20260528',755,,65069,8,0,5 65 1 66,1,61,,65070,8,0,67,1,109,,65071,8,0,67,1,231,,65072,8,0,67,1,169,,65073,8,0,67,1,100,,65074,8,0,5 65 1 66,1,105,,65075,8,0,67,1,101,,65076,8,0,5 65 1 66,1,106,,65077,8,0,67,1,74,,65078,8,0,67,1,101,,65079,8,0,67,1,145,,65080,8,0,67,1,199,,65081,8,0,67,1,200,,65082,8,0,67,1
1501,'20260529',755,,65083,8,0,5 65 1 66,1,61,,65084,8,0,67,1,109,,65085,8,0,67,1,231,,65086,8,0,67,1,169,,65087,8,0,67,1,100,,65088,8,0,5 65 1 66,1,105,,65089,8,0,67,1,101,,65090,8,0,5 65 1 66,1,106,,65091,8,0,67,1,74,,65092,8,0,67,1,101,,65093,8,0,67,1,145,,65094,8,0,67,1,199,,65095,8,0,67,1,200,,65096,8,0,67,1
1501,'20260530',908,,65097,8,0,5 65 1 66,1,148,,65098,8,0,67,1,200,,65099,8,0,67,1,201,,65100,8,0,5 65 1 66,1,99,,65101,8,0,67,1,100,,65102,8,0,67,1,200,,65103,8,0,67,1,101,,65104,8,0,67,1,101,,65105,8,0,5 65 1 66,1,199,,65107,8,0,67,1,202,,65108,8,0,67,1
1501,'20260531',908,,65109,8,0,5 65 1 66,1,148,,65110,8,0,67,1,200,,65111,8,0,67,1,201,,65112,8,0,5 65 1 66,1,99,,65113,8,0,67,1,100,,65114,8,0,67,1,200,,65115,8,0,67,1,101,,65116,8,0,67,1,101,,65117,8,0,5 65 1 66,1,199,,65119,8,0,67,1,202,,65120,8,0,67,1
1501,'20260601',755,,65121,8,0,5 65 1 66,1,61,,65122,8,0,67,1,109,,65123,8,0,67,1,231,,65124,8,0,67,1,169,,65125,8,0,67,1,100,,65126,8,0,5 65 1 66,1,105,,65127,8,0,67,1,101,,65128,8,0,5 65 1 66,1,106,,65129,8,0,67,1,74,,65130,8,0,67,1,101,,65131,8,0,67,1,145,,65132,8,0,67,1,199,,65133,8,0,67,1,200,,65134,8,0,67,1
1501,'20260602',755,,65135,8,0,5 65 1 66,1,61,,65136,8,0,67,1,109,,65137,8,0,67,1,231,,65138,8,0,67,1,169,,65139,8,0,67,1,100,,65140,8,0,5 65 1 66,1,105,,65141,8,0,67,1,101,,65142,8,0,5 65 1 66,1,106,,65143,8,0,67,1,74,,65144,8,0,67,1,101,,65145,8,0,67,1,145,,65146,8,0,67,1,199,,65147,8,0,67,1,200,,65148,8,0,67,1
1501,'20260603',755,,65149,8,0,5 65 1 66,1,61,,65150,8,0,67,1,109,,65151,8,0,67,1,231,,65152,8,0,67,1,169,,65153,8,0,67,1,100,,65154,8,0,5 65 1 66,1,105,,65155,8,0,67,1,101,,65156,8,0,5 65 1 66,1,106,,65157,8,0,67,1,74,,65158,8,0,67,1,101,,65159,8,0,67,1,145,,65160,8,0,67,1,199,,65161,8,0,67,1,200,,65162,8,0,67,1
1501,'20260604',755,,65163,8,0,5 65 1 66,1,61,,65164,8,0,67,1,109,,65165,8,0,67,1,231,,65166,8,0,67,1,169,,65167,8,0,67,1,100,,65168,8,0,5 65 1 66,1,105,,65169,8,0,67,1,101,,65170,8,0,5 65 1 66,1,106,,65171,8,0,67,1,74,,65172,8,0,67,1,101,,65173,8,0,67,1,145,,65174,8,0,67,1,199,,65175,8,0,67,1,200,,65176,8,0,67,1
1501,'20260605',755,,65177,8,0,5 65 1 66,1,61,,65178,8,0,67,1,109,,65179,8,0,67,1,231,,65180,8,0,67,1,169,,65181,8,0,67,1,100,,65182,8,0,5 65 1 66,1,105,,65183,8,0,67,1,101,,65184,8,0,5 65 1 66,1,106,,65185,8,0,67,1,74,,65186,8,0,67,1,101,,65187,8,0,67,1,145,,65188,8,0,67,1,199,,65189,8,0,67,1,200,,65190,8,0,67,1
1501,'20260606',908,,65191,8,0,5 65 1 66,1,199,,65192,8,0,67,1,129,,65193,8,0,67,1,202,,65194,8,0,5 65 1 66,1,118,,65195,8,0,67,1,80,,65196,8,0,67,1,200,,65197,8,0,67,1,115,,65198,8,0,67,1,92,,65199,8,0,5 65 1 66,1,194,,65201,8,0,67,1,195,,65202,8,0,67,1
1501,'20260607',908,,65203,8,0,5 65 1 66,1,199,,65204,8,0,67,1,129,,65205,8,0,67,1,202,,65206,8,0,5 65 1 66,1,118,,65207,8,0,67,1,80,,65208,8,0,67,1,200,,65209,8,0,67,1,115,,65210,8,0,67,1,92,,65211,8,0,5 65 1 66,1,194,,65213,8,0,67,1,195,,65214,8,0,67,1
1501,'20260608',755,,65215,8,0,5 65 1 66,1,61,,65216,8,0,67,1,109,,65217,8,0,67,1,231,,65218,8,0,67,1,169,,65219,8,0,67,1,100,,65220,8,0,5 65 1 66,1,105,,65221,8,0,67,1,101,,65222,8,0,5 65 1 66,1,106,,65223,8,0,67,1,74,,65224,8,0,67,1,101,,65225,8,0,67,1,145,,65226,8,0,67,1,199,,65227,8,0,67,1,200,,65228,8,0,67,1
1501,'20260609',755,,65229,8,0,5 65 1 66,1,61,,65230,8,0,67,1,109,,65231,8,0,67,1,231,,65232,8,0,67,1,169,,65233,8,0,67,1,100,,65234,8,0,5 65 1 66,1,105,,65235,8,0,67,1,101,,65236,8,0,5 65 1 66,1,106,,65237,8,0,67,1,74,,65238,8,0,67,1,101,,65239,8,0,67,1,145,,65240,8,0,67,1,199,,65241,8,0,67,1,200,,65242,8,0,67,1
1501,'20260610',755,,65243,8,0,5 65 1 66,1,61,,65244,8,0,67,1,109,,65245,8,0,67,1,231,,65246,8,0,67,1,169,,65247,8,0,67,1,100,,65248,8,0,5 65 1 66,1,105,,65249,8,0,67,1,101,,65250,8,0,5 65 1 66,1,106,,65251,8,0,67,1,74,,65252,8,0,67,1,101,,65253,8,0,67,1,145,,65254,8,0,67,1,199,,65255,8,0,67,1,200,,65256,8,0,67,1
1501,'20260611',755,,65257,8,0,5 65 1 66,1,61,,65258,8,0,67,1,109,,65259,8,0,67,1,231,,65260,8,0,67,1,169,,65261,8,0,67,1,100,,65262,8,0,5 65 1 66,1,105,,65263,8,0,67,1,101,,65264,8,0,5 65 1 66,1,106,,65265,8,0,67,1,74,,65266,8,0,67,1,101,,65267,8,0,67,1,145,,65268,8,0,67,1,199,,65269,8,0,67,1,200,,65270,8,0,67,1
1501,'20260612',755,,65271,8,0,5 65 1 66,1,61,,65272,8,0,67,1,109,,65273,8,0,67,1,231,,65274,8,0,67,1,169,,65275,8,0,67,1,100,,65276,8,0,5 65 1 66,1,105,,65277,8,0,67,1,101,,65278,8,0,5 65 1 66,1,106,,65279,8,0,67,1,74,,65280,8,0,67,1,101,,65281,8,0,67,1,145,,65282,8,0,67,1,199,,65283,8,0,67,1,200,,65284,8,0,67,1
1501,'20260613',908,,127576,8,0,5 65 1 66,1,148,,127577,8,0,67,1,200,,127578,8,0,67,1,201,,127579,8,0,5 65 1 66,1,99,,127580,8,0,67,1,100,,127581,8,0,67,1,200,,127582,8,0,67,1,101,,127583,8,0,67,1,101,,127584,8,0,5 65 1 66,1,199,,127586,8,0,67,1,202,,127587,8,0,67,1
1501,'20260614',908,,127588,8,0,5 65 1 66,1,148,,127589,8,0,67,1,200,,127590,8,0,67,1,201,,127591,8,0,5 65 1 66,1,99,,127592,8,0,67,1,100,,127593,8,0,67,1,200,,127594,8,0,67,1,101,,127595,8,0,67,1,101,,127596,8,0,5 65 1 66,1,199,,127598,8,0,67,1,202,,127599,8,0,67,1
1501,'20260615',755,,127600,8,0,5 65 1 66,1,61,,127601,8,0,67,1,109,,127602,8,0,67,1,231,,127603,8,0,67,1,169,,127604,8,0,67,1,100,,127605,8,0,5 65 1 66,1,105,,127606,8,0,67,1,101,,127607,8,0,5 65 1 66,1,106,,127608,8,0,67,1,74,,127609,8,0,67,1,101,,127610,8,0,67,1,145,,127611,8,0,67,1,199,,127612,8,0,67,1,200,,127613,8,0,67,1
1501,'20260616',755,,127614,8,0,5 65 1 66,1,61,,127615,8,0,67,1,109,,127616,8,0,67,1,231,,127617,8,0,67,1,169,,127618,8,0,67,1,100,,127619,8,0,5 65 1 66,1,105,,127620,8,0,67,1,101,,127621,8,0,5 65 1 66,1,106,,127622,8,0,67,1,74,,127623,8,0,67,1,101,,127624,8,0,67,1,145,,127625,8,0,67,1,199,,127626,8,0,67,1,200,,127627,8,0,67,1
1501,'20260617',755,,127628,8,0,5 65 1 66,1,61,,127629,8,0,67,1,109,,127630,8,0,67,1,231,,127631,8,0,67,1,169,,127632,8,0,67,1,100,,127633,8,0,5 65 1 66,1,105,,127634,8,0,67,1,101,,127635,8,0,5 65 1 66,1,106,,127636,8,0,67,1,74,,127637,8,0,67,1,101,,127638,8,0,67,1,145,,127639,8,0,67,1,199,,127640,8,0,67,1,200,,127641,8,0,67,1
1501,'20260618',755,,127642,8,0,5 65 1 66,1,61,,127643,8,0,67,1,109,,127644,8,0,67,1,231,,127645,8,0,67,1,169,,127646,8,0,67,1,100,,127647,8,0,5 65 1 66,1,105,,127648,8,0,67,1,101,,127649,8,0,5 65 1 66,1,106,,127650,8,0,67,1,74,,127651,8,0,67,1,101,,127652,8,0,67,1,145,,127653,8,0,67,1,199,,127654,8,0,67,1,200,,127655,8,0,67,1
1501,'20260619',755,,127656,8,0,5 65 1 66,1,61,,127657,8,0,67,1,109,,127658,8,0,67,1,231,,127659,8,0,67,1,169,,127660,8,0,67,1,100,,127661,8,0,5 65 1 66,1,105,,127662,8,0,67,1,101,,127663,8,0,5 65 1 66,1,106,,127664,8,0,67,1,74,,127665,8,0,67,1,101,,127666,8,0,67,1,145,,127667,8,0,67,1,199,,127668,8,0,67,1,200,,127669,8,0,67,1
1501,'20260620',908,,127670,8,0,5 65 1 66,1,148,,127671,8,0,67,1,200,,127672,8,0,67,1,201,,127673,8,0,5 65 1 66,1,99,,127674,8,0,67,1,100,,127675,8,0,67,1,200,,127676,8,0,67,1,101,,127677,8,0,67,1,101,,127678,8,0,5 65 1 66,1,199,,127680,8,0,67,1,202,,127681,8,0,67,1
1501,'20260621',908,,127682,8,0,5 65 1 66,1,148,,127683,8,0,67,1,200,,127684,8,0,67,1,201,,127685,8,0,5 65 1 66,1,99,,127686,8,0,67,1,100,,127687,8,0,67,1,200,,127688,8,0,67,1,101,,127689,8,0,67,1,101,,127690,8,0,5 65 1 66,1,199,,127692,8,0,67,1,202,,127693,8,0,67,1
1501,'20260622',755,,127694,8,0,5 65 1 66,1,61,,127695,8,0,67,1,109,,127696,8,0,67,1,231,,127697,8,0,67,1,169,,127698,8,0,67,1,100,,127699,8,0,5 65 1 66,1,105,,127700,8,0,67,1,101,,127701,8,0,5 65 1 66,1,106,,127702,8,0,67,1,74,,127703,8,0,67,1,101,,127704,8,0,67,1,145,,127705,8,0,67,1,199,,127706,8,0,67,1,200,,127707,8,0,67,1
1501,'20260623',755,,127708,8,0,5 65 1 66,1,61,,127709,8,0,67,1,109,,127710,8,0,67,1,231,,127711,8,0,67,1,169,,127712,8,0,67,1,100,,127713,8,0,5 65 1 66,1,105,,127714,8,0,67,1,101,,127715,8,0,5 65 1 66,1,106,,127716,8,0,67,1,74,,127717,8,0,67,1,101,,127718,8,0,67,1,145,,127719,8,0,67,1,199,,127720,8,0,67,1,200,,127721,8,0,67,1
1501,'20260624',755,,127722,8,0,5 65 1 66,1,61,,127723,8,0,67,1,109,,127724,8,0,67,1,231,,127725,8,0,67,1,169,,127726,8,0,67,1,100,,127727,8,0,5 65 1 66,1,105,,127728,8,0,67,1,101,,127729,8,0,5 65 1 66,1,106,,127730,8,0,67,1,74,,127731,8,0,67,1,101,,127732,8,0,67,1,145,,127733,8,0,67,1,199,,127734,8,0,67,1,200,,127735,8,0,67,1
1501,'20260625',755,,127736,8,0,5 65 1 66,1,61,,127737,8,0,67,1,109,,127738,8,0,67,1,231,,127739,8,0,67,1,169,,127740,8,0,67,1,100,,127741,8,0,5 65 1 66,1,105,,127742,8,0,67,1,101,,127743,8,0,5 65 1 66,1,106,,127744,8,0,67,1,74,,127745,8,0,67,1,101,,127746,8,0,67,1,145,,127747,8,0,67,1,199,,127748,8,0,67,1,200,,127749,8,0,67,1
1501,'20260626',755,,127750,8,0,5 65 1 66,1,61,,127751,8,0,67,1,109,,127752,8,0,67,1,231,,127753,8,0,67,1,169,,127754,8,0,67,1,100,,127755,8,0,5 65 1 66,1,105,,127756,8,0,67,1,101,,127757,8,0,5 65 1 66,1,106,,127758,8,0,67,1,74,,127759,8,0,67,1,101,,127760,8,0,67,1,145,,127761,8,0,67,1,199,,127762,8,0,67,1,200,,127763,8,0,67,1
1501,'20260627',908,,127764,8,0,5 65 1 66,1,148,,127765,8,0,67,1,200,,127766,8,0,67,1,201,,127767,8,0,5 65 1 66,1,99,,127768,8,0,67,1,100,,127769,8,0,67,1,200,,127770,8,0,67,1,101,,127771,8,0,67,1,101,,127772,8,0,5 65 1 66,1,199,,127774,8,0,67,1,202,,127775,8,0,67,1
1501,'20260628',908,,127776,8,0,5 65 1 66,1,148,,127777,8,0,67,1,200,,127778,8,0,67,1,201,,127779,8,0,5 65 1 66,1,99,,127780,8,0,67,1,100,,127781,8,0,67,1,200,,127782,8,0,67,1,101,,127783,8,0,67,1,101,,127784,8,0,5 65 1 66,1,199,,127786,8,0,67,1,202,,127787,8,0,67,1
1501,'20260629',755,,127788,8,0,5 65 1 66,1,61,,127789,8,0,67,1,109,,127790,8,0,67,1,231,,127791,8,0,67,1,169,,127792,8,0,67,1,100,,127793,8,0,5 65 1 66,1,105,,127794,8,0,67,1,101,,127795,8,0,5 65 1 66,1,106,,127796,8,0,67,1,74,,127797,8,0,67,1,101,,127798,8,0,67,1,145,,127799,8,0,67,1,199,,127800,8,0,67,1,200,,127801,8,0,67,1
1501,'20260630',755,,127802,8,0,5 65 1 66,1,61,,127803,8,0,67,1,109,,127804,8,0,67,1,231,,127805,8,0,67,1,169,,127806,8,0,67,1,100,,127807,8,0,5 65 1 66,1,105,,127808,8,0,67,1,101,,127809,8,0,5 65 1 66,1,106,,127810,8,0,67,1,74,,127811,8,0,67,1,101,,127812,8,0,67,1,145,,127813,8,0,67,1,199,,127814,8,0,67,1,200,,127815,8,0,67,1
1501,'20260701',908,,127816,8,0,5 65 1 66,1,148,,127817,8,0,67,1,200,,127818,8,0,67,1,201,,127819,8,0,5 65 1 66,1,99,,127820,8,0,67,1,100,,127821,8,0,67,1,200,,127822,8,0,67,1,101,,127823,8,0,67,1,101,,127824,8,0,5 65 1 66,1,199,,127826,8,0,67,1,202,,127827,8,0,67,1
1501,'20260702',755,,127828,8,0,5 65 1 66,1,61,,127829,8,0,67,1,109,,127830,8,0,67,1,231,,127831,8,0,67,1,169,,127832,8,0,67,1,100,,127833,8,0,5 65 1 66,1,105,,127834,8,0,67,1,101,,127835,8,0,5 65 1 66,1,106,,127836,8,0,67,1,74,,127837,8,0,67,1,101,,127838,8,0,67,1,145,,127839,8,0,67,1,199,,127840,8,0,67,1,200,,127841,8,0,67,1
1501,'20260703',755,,127842,8,0,5 65 1 66,1,61,,127843,8,0,67,1,109,,127844,8,0,67,1,231,,127845,8,0,67,1,169,,127846,8,0,67,1,100,,127847,8,0,5 65 1 66,1,105,,127848,8,0,67,1,101,,127849,8,0,5 65 1 66,1,106,,127850,8,0,67,1,74,,127851,8,0,67,1,101,,127852,8,0,67,1,145,,127853,8,0,67,1,199,,127854,8,0,67,1,200,,127855,8,0,67,1
1501,'20260704',908,,127856,8,0,5 65 1 66,1,148,,127857,8,0,67,1,200,,127858,8,0,67,1,201,,127859,8,0,5 65 1 66,1,99,,127860,8,0,67,1,100,,127861,8,0,67,1,200,,127862,8,0,67,1,101,,127863,8,0,67,1,101,,127864,8,0,5 65 1 66,1,199,,127866,8,0,67,1,202,,127867,8,0,67,1
1501,'20260705',908,,127868,8,0,5 65 1 66,1,148,,127869,8,0,67,1,200,,127870,8,0,67,1,201,,127871,8,0,5 65 1 66,1,99,,127872,8,0,67,1,100,,127873,8,0,67,1,200,,127874,8,0,67,1,101,,127875,8,0,67,1,101,,127876,8,0,5 65 1 66,1,199,,127878,8,0,67,1,202,,127879,8,0,67,1
1501,'20260706',755,,127880,8,0,5 65 1 66,1,61,,127881,8,0,67,1,109,,127882,8,0,67,1,231,,127883,8,0,67,1,169,,127884,8,0,67,1,100,,127885,8,0,5 65 1 66,1,105,,127886,8,0,67,1,101,,127887,8,0,5 65 1 66,1,106,,127888,8,0,67,1,74,,127889,8,0,67,1,101,,127890,8,0,67,1,145,,127891,8,0,67,1,199,,127892,8,0,67,1,200,,127893,8,0,67,1
1501,'20260707',755,,127894,8,0,5 65 1 66,1,61,,127895,8,0,67,1,109,,127896,8,0,67,1,231,,127897,8,0,67,1,169,,127898,8,0,67,1,100,,127899,8,0,5 65 1 66,1,105,,127900,8,0,67,1,101,,127901,8,0,5 65 1 66,1,106,,127902,8,0,67,1,74,,127903,8,0,67,1,101,,127904,8,0,67,1,145,,127905,8,0,67,1,199,,127906,8,0,67,1,200,,127907,8,0,67,1
1501,'20260708',755,,127908,8,0,5 65 1 66,1,61,,127909,8,0,67,1,109,,127910,8,0,67,1,231,,127911,8,0,67,1,169,,127912,8,0,67,1,100,,127913,8,0,5 65 1 66,1,105,,127914,8,0,67,1,101,,127915,8,0,5 65 1 66,1,106,,127916,8,0,67,1,74,,127917,8,0,67,1,101,,127918,8,0,67,1,145,,127919,8,0,67,1,199,,127920,8,0,67,1,200,,127921,8,0,67,1
1501,'20260709',755,,127922,8,0,5 65 1 66,1,61,,127923,8,0,67,1,109,,127924,8,0,67,1,231,,127925,8,0,67,1,169,,127926,8,0,67,1,100,,127927,8,0,5 65 1 66,1,105,,127928,8,0,67,1,101,,127929,8,0,5 65 1 66,1,106,,127930,8,0,67,1,74,,127931,8,0,67,1,101,,127932,8,0,67,1,145,,127933,8,0,67,1,199,,127934,8,0,67,1,200,,127935,8,0,67,1
1501,'20260710',755,,127936,8,0,5 65 1 66,1,61,,127937,8,0,67,1,109,,127938,8,0,67,1,231,,127939,8,0,67,1,169,,127940,8,0,67,1,100,,127941,8,0,5 65 1 66,1,105,,127942,8,0,67,1,101,,127943,8,0,5 65 1 66,1,106,,127944,8,0,67,1,74,,127945,8,0,67,1,101,,127946,8,0,67,1,145,,127947,8,0,67,1,199,,127948,8,0,67,1,200,,127949,8,0,67,1
1501,'20260711',908,,127950,8,0,5 65 1 66,1,148,,127951,8,0,67,1,200,,127952,8,0,67,1,201,,127953,8,0,5 65 1 66,1,99,,127954,8,0,67,1,100,,127955,8,0,67,1,200,,127956,8,0,67,1,101,,127957,8,0,67,1,101,,127958,8,0,5 65 1 66,1,199,,127960,8,0,67,1,202,,127961,8,0,67,1
1501,'20260712',908,,127962,8,0,5 65 1 66,1,148,,127963,8,0,67,1,200,,127964,8,0,67,1,201,,127965,8,0,5 65 1 66,1,99,,127966,8,0,67,1,100,,127967,8,0,67,1,200,,127968,8,0,67,1,101,,127969,8,0,67,1,101,,127970,8,0,5 65 1 66,1,199,,127972,8,0,67,1,202,,127973,8,0,67,1
1501,'20260713',755,,127974,8,0,5 65 1 66,1,61,,127975,8,0,67,1,109,,127976,8,0,67,1,231,,127977,8,0,67,1,169,,127978,8,0,67,1,100,,127979,8,0,5 65 1 66,1,105,,127980,8,0,67,1,101,,127981,8,0,5 65 1 66,1,106,,127982,8,0,67,1,74,,127983,8,0,67,1,101,,127984,8,0,67,1,145,,127985,8,0,67,1,199,,127986,8,0,67,1,200,,127987,8,0,67,1
1501,'20260714',755,,127988,8,0,5 65 1 66,1,61,,127989,8,0,67,1,109,,127990,8,0,67,1,231,,127991,8,0,67,1,169,,127992,8,0,67,1,100,,127993,8,0,5 65 1 66,1,105,,127994,8,0,67,1,101,,127995,8,0,5 65 1 66,1,106,,127996,8,0,67,1,74,,127997,8,0,67,1,101,,127998,8,0,67,1,145,,127999,8,0,67,1,199,,128000,8,0,67,1,200,,128001,8,0,67,1
1501,'20260715',755,,128002,8,0,5 65 1 66,1,61,,128003,8,0,67,1,109,,128004,8,0,67,1,231,,128005,8,0,67,1,169,,128006,8,0,67,1,100,,128007,8,0,5 65 1 66,1,105,,128008,8,0,67,1,101,,128009,8,0,5 65 1 66,1,106,,128010,8,0,67,1,74,,128011,8,0,67,1,101,,128012,8,0,67,1,145,,128013,8,0,67,1,199,,128014,8,0,67,1,200,,128015,8,0,67,1
1501,'20260716',755,,128016,8,0,5 65 1 66,1,61,,128017,8,0,67,1,109,,128018,8,0,67,1,231,,128019,8,0,67,1,169,,128020,8,0,67,1,100,,128021,8,0,5 65 1 66,1,105,,128022,8,0,67,1,101,,128023,8,0,5 65 1 66,1,106,,128024,8,0,67,1,74,,128025,8,0,67,1,101,,128026,8,0,67,1,145,,128027,8,0,67,1,199,,128028,8,0,67,1,200,,128029,8,0,67,1
1501,'20260717',755,,128030,8,0,5 65 1 66,1,61,,128031,8,0,67,1,109,,128032,8,0,67,1,231,,128033,8,0,67,1,169,,128034,8,0,67,1,100,,128035,8,0,5 65 1 66,1,105,,128036,8,0,67,1,101,,128037,8,0,5 65 1 66,1,106,,128038,8,0,67,1,74,,128039,8,0,67,1,101,,128040,8,0,67,1,145,,128041,8,0,67,1,199,,128042,8,0,67,1,200,,128043,8,0,67,1
1501,'20260718',908,,128044,8,0,5 65 1 66,1,148,,128045,8,0,67,1,200,,128046,8,0,67,1,201,,128047,8,0,5 65 1 66,1,99,,128048,8,0,67,1,100,,128049,8,0,67,1,200,,128050,8,0,67,1,101,,128051,8,0,67,1,101,,128052,8,0,5 65 1 66,1,199,,128054,8,0,67,1,202,,128055,8,0,67,1
1501,'20260719',908,,128056,8,0,5 65 1 66,1,148,,128057,8,0,67,1,200,,128058,8,0,67,1,201,,128059,8,0,5 65 1 66,1,99,,128060,8,0,67,1,100,,128061,8,0,67,1,200,,128062,8,0,67,1,101,,128063,8,0,67,1,101,,128064,8,0,5 65 1 66,1,199,,128066,8,0,67,1,202,,128067,8,0,67,1
1501,'20260720',755,,128068,8,0,5 65 1 66,1,61,,128069,8,0,67,1,109,,128070,8,0,67,1,231,,128071,8,0,67,1,169,,128072,8,0,67,1,100,,128073,8,0,5 65 1 66,1,105,,128074,8,0,67,1,101,,128075,8,0,5 65 1 66,1,106,,128076,8,0,67,1,74,,128077,8,0,67,1,101,,128078,8,0,67,1,145,,128079,8,0,67,1,199,,128080,8,0,67,1,200,,128081,8,0,67,1
1501,'20260721',755,,128082,8,0,5 65 1 66,1,61,,128083,8,0,67,1,109,,128084,8,0,67,1,231,,128085,8,0,67,1,169,,128086,8,0,67,1,100,,128087,8,0,5 65 1 66,1,105,,128088,8,0,67,1,101,,128089,8,0,5 65 1 66,1,106,,128090,8,0,67,1,74,,128091,8,0,67,1,101,,128092,8,0,67,1,145,,128093,8,0,67,1,199,,128094,8,0,67,1,200,,128095,8,0,67,1
1501,'20260722',755,,128096,8,0,5 65 1 66,1,61,,128097,8,0,67,1,109,,128098,8,0,67,1,231,,128099,8,0,67,1,169,,128100,8,0,67,1,100,,128101,8,0,5 65 1 66,1,105,,128102,8,0,67,1,101,,128103,8,0,5 65 1 66,1,106,,128104,8,0,67,1,74,,128105,8,0,67,1,101,,128106,8,0,67,1,145,,128107,8,0,67,1,199,,128108,8,0,67,1,200,,128109,8,0,67,1
1501,'20260723',755,,128110,8,0,5 65 1 66,1,61,,128111,8,0,67,1,109,,128112,8,0,67,1,231,,128113,8,0,67,1,169,,128114,8,0,67,1,100,,128115,8,0,5 65 1 66,1,105,,128116,8,0,67,1,101,,128117,8,0,5 65 1 66,1,106,,128118,8,0,67,1,74,,128119,8,0,67,1,101,,128120,8,0,67,1,145,,128121,8,0,67,1,199,,128122,8,0,67,1,200,,128123,8,0,67,1
1501,'20260724',755,,128124,8,0,5 65 1 66,1,61,,128125,8,0,67,1,109,,128126,8,0,67,1,231,,128127,8,0,67,1,169,,128128,8,0,67,1,100,,128129,8,0,5 65 1 66,1,105,,128130,8,0,67,1,101,,128131,8,0,5 65 1 66,1,106,,128132,8,0,67,1,74,,128133,8,0,67,1,101,,128134,8,0,67,1,145,,128135,8,0,67,1,199,,128136,8,0,67,1,200,,128137,8,0,67,1
1501,'20260725',908,,128138,8,0,5 65 1 66,1,148,,128139,8,0,67,1,200,,128140,8,0,67,1,201,,128141,8,0,5 65 1 66,1,99,,128142,8,0,67,1,100,,128143,8,0,67,1,200,,128144,8,0,67,1,101,,128145,8,0,67,1,101,,128146,8,0,5 65 1 66,1,199,,128148,8,0,67,1,202,,128149,8,0,67,1
1501,'20260726',908,,128150,8,0,5 65 1 66,1,148,,128151,8,0,67,1,200,,128152,8,0,67,1,201,,128153,8,0,5 65 1 66,1,99,,128154,8,0,67,1,100,,128155,8,0,67,1,200,,128156,8,0,67,1,101,,128157,8,0,67,1,101,,128158,8,0,5 65 1 66,1,199,,128160,8,0,67,1,202,,128161,8,0,67,1
1501,'20260727',755,,128162,8,0,5 65 1 66,1,61,,128163,8,0,67,1,109,,128164,8,0,67,1,231,,128165,8,0,67,1,169,,128166,8,0,67,1,100,,128167,8,0,5 65 1 66,1,105,,128168,8,0,67,1,101,,128169,8,0,5 65 1 66,1,106,,128170,8,0,67,1,74,,128171,8,0,67,1,101,,128172,8,0,67,1,145,,128173,8,0,67,1,199,,128174,8,0,67,1,200,,128175,8,0,67,1
1501,'20260728',755,,128176,8,0,5 65 1 66,1,61,,128177,8,0,67,1,109,,128178,8,0,67,1,231,,128179,8,0,67,1,169,,128180,8,0,67,1,100,,128181,8,0,5 65 1 66,1,105,,128182,8,0,67,1,101,,128183,8,0,5 65 1 66,1,106,,128184,8,0,67,1,74,,128185,8,0,67,1,101,,128186,8,0,67,1,145,,128187,8,0,67,1,199,,128188,8,0,67,1,200,,128189,8,0,67,1
1501,'20260729',755,,128190,8,0,5 65 1 66,1,61,,128191,8,0,67,1,109,,128192,8,0,67,1,231,,128193,8,0,67,1,169,,128194,8,0,67,1,100,,128195,8,0,5 65 1 66,1,105,,128196,8,0,67,1,101,,128197,8,0,5 65 1 66,1,106,,128198,8,0,67,1,74,,128199,8,0,67,1,101,,128200,8,0,67,1,145,,128201,8,0,67,1,199,,128202,8,0,67,1,200,,128203,8,0,67,1
1501,'20260730',755,,128204,8,0,5 65 1 66,1,61,,128205,8,0,67,1,109,,128206,8,0,67,1,231,,128207,8,0,67,1,169,,128208,8,0,67,1,100,,128209,8,0,5 65 1 66,1,105,,128210,8,0,67,1,101,,128211,8,0,5 65 1 66,1,106,,128212,8,0,67,1,74,,128213,8,0,67,1,101,,128214,8,0,67,1,145,,128215,8,0,67,1,199,,128216,8,0,67,1,200,,128217,8,0,67,1
1501,'20260731',755,,128218,8,0,5 65 1 66,1,61,,128219,8,0,67,1,109,,128220,8,0,67,1,231,,128221,8,0,67,1,169,,128222,8,0,67,1,100,,128223,8,0,5 65 1 66,1,105,,128224,8,0,67,1,101,,128225,8,0,5 65 1 66,1,106,,128226,8,0,67,1,74,,128227,8,0,67,1,101,,128228,8,0,67,1,145,,128229,8,0,67,1,199,,128230,8,0,67,1,200,,128231,8,0,67,1
1501,'20260801',908,,128232,8,0,5 65 1 66,1,148,,128233,8,0,67,1,200,,128234,8,0,67,1,201,,128235,8,0,5 65 1 66,1,99,,128236,8,0,67,1,100,,128237,8,0,67,1,200,,128238,8,0,67,1,101,,128239,8,0,67,1,101,,128240,8,0,5 65 1 66,1,199,,128242,8,0,67,1,202,,128243,8,0,67,1
1501,'20260802',908,,128244,8,0,5 65 1 66,1,148,,128245,8,0,67,1,200,,128246,8,0,67,1,201,,128247,8,0,5 65 1 66,1,99,,128248,8,0,67,1,100,,128249,8,0,67,1,200,,128250,8,0,67,1,101,,128251,8,0,67,1,101,,128252,8,0,5 65 1 66,1,199,,128254,8,0,67,1,202,,128255,8,0,67,1
1501,'20260803',908,,128256,8,0,5 65 1 66,1,148,,128257,8,0,67,1,200,,128258,8,0,67,1,201,,128259,8,0,5 65 1 66,1,99,,128260,8,0,67,1,100,,128261,8,0,67,1,200,,128262,8,0,67,1,101,,128263,8,0,67,1,101,,128264,8,0,5 65 1 66,1,199,,128266,8,0,67,1,202,,128267,8,0,67,1
1501,'20260804',755,,128268,8,0,5 65 1 66,1,61,,128269,8,0,67,1,109,,128270,8,0,67,1,231,,128271,8,0,67,1,169,,128272,8,0,67,1,100,,128273,8,0,5 65 1 66,1,105,,128274,8,0,67,1,101,,128275,8,0,5 65 1 66,1,106,,128276,8,0,67,1,74,,128277,8,0,67,1,101,,128278,8,0,67,1,145,,128279,8,0,67,1,199,,128280,8,0,67,1,200,,128281,8,0,67,1
1501,'20260805',755,,128282,8,0,5 65 1 66,1,61,,128283,8,0,67,1,109,,128284,8,0,67,1,231,,128285,8,0,67,1,169,,128286,8,0,67,1,100,,128287,8,0,5 65 1 66,1,105,,128288,8,0,67,1,101,,128289,8,0,5 65 1 66,1,106,,128290,8,0,67,1,74,,128291,8,0,67,1,101,,128292,8,0,67,1,145,,128293,8,0,67,1,199,,128294,8,0,67,1,200,,128295,8,0,67,1
1501,'20260806',755,,128296,8,0,5 65 1 66,1,61,,128297,8,0,67,1,109,,128298,8,0,67,1,231,,128299,8,0,67,1,169,,128300,8,0,67,1,100,,128301,8,0,5 65 1 66,1,105,,128302,8,0,67,1,101,,128303,8,0,5 65 1 66,1,106,,128304,8,0,67,1,74,,128305,8,0,67,1,101,,128306,8,0,67,1,145,,128307,8,0,67,1,199,,128308,8,0,67,1,200,,128309,8,0,67,1
1501,'20260807',755,,128310,8,0,5 65 1 66,1,61,,128311,8,0,67,1,109,,128312,8,0,67,1,231,,128313,8,0,67,1,169,,128314,8,0,67,1,100,,128315,8,0,5 65 1 66,1,105,,128316,8,0,67,1,101,,128317,8,0,5 65 1 66,1,106,,128318,8,0,67,1,74,,128319,8,0,67,1,101,,128320,8,0,67,1,145,,128321,8,0,67,1,199,,128322,8,0,67,1,200,,128323,8,0,67,1
1501,'20260808',908,,128324,8,0,5 65 1 66,1,148,,128325,8,0,67,1,200,,128326,8,0,67,1,201,,128327,8,0,5 65 1 66,1,99,,128328,8,0,67,1,100,,128329,8,0,67,1,200,,128330,8,0,67,1,101,,128331,8,0,67,1,101,,128332,8,0,5 65 1 66,1,199,,128334,8,0,67,1,202,,128335,8,0,67,1
1501,'20260809',908,,128336,8,0,5 65 1 66,1,148,,128337,8,0,67,1,200,,128338,8,0,67,1,201,,128339,8,0,5 65 1 66,1,99,,128340,8,0,67,1,100,,128341,8,0,67,1,200,,128342,8,0,67,1,101,,128343,8,0,67,1,101,,128344,8,0,5 65 1 66,1,199,,128346,8,0,67,1,202,,128347,8,0,67,1
1501,'20260810',755,,128348,8,0,5 65 1 66,1,61,,128349,8,0,67,1,109,,128350,8,0,67,1,231,,128351,8,0,67,1,169,,128352,8,0,67,1,100,,128353,8,0,5 65 1 66,1,105,,128354,8,0,67,1,101,,128355,8,0,5 65 1 66,1,106,,128356,8,0,67,1,74,,128357,8,0,67,1,101,,128358,8,0,67,1,145,,128359,8,0,67,1,199,,128360,8,0,67,1,200,,128361,8,0,67,1
1501,'20260811',755,,128362,8,0,5 65 1 66,1,61,,128363,8,0,67,1,109,,128364,8,0,67,1,231,,128365,8,0,67,1,169,,128366,8,0,67,1,100,,128367,8,0,5 65 1 66,1,105,,128368,8,0,67,1,101,,128369,8,0,5 65 1 66,1,106,,128370,8,0,67,1,74,,128371,8,0,67,1,101,,128372,8,0,67,1,145,,128373,8,0,67,1,199,,128374,8,0,67,1,200,,128375,8,0,67,1
1501,'20260812',755,,128376,8,0,5 65 1 66,1,61,,128377,8,0,67,1,109,,128378,8,0,67,1,231,,128379,8,0,67,1,169,,128380,8,0,67,1,100,,128381,8,0,5 65 1 66,1,105,,128382,8,0,67,1,101,,128383,8,0,5 65 1 66,1,106,,128384,8,0,67,1,74,,128385,8,0,67,1,101,,128386,8,0,67,1,145,,128387,8,0,67,1,199,,128388,8,0,67,1,200,,128389,8,0,67,1
1501,'20260813',755,,128390,8,0,5 65 1 66,1,61,,128391,8,0,67,1,109,,128392,8,0,67,1,231,,128393,8,0,67,1,169,,128394,8,0,67,1,100,,128395,8,0,5 65 1 66,1,105,,128396,8,0,67,1,101,,128397,8,0,5 65 1 66,1,106,,128398,8,0,67,1,74,,128399,8,0,67,1,101,,128400,8,0,67,1,145,,128401,8,0,67,1,199,,128402,8,0,67,1,200,,128403,8,0,67,1
1501,'20260814',755,,128404,8,0,5 65 1 66,1,61,,128405,8,0,67,1,109,,128406,8,0,67,1,231,,128407,8,0,67,1,169,,128408,8,0,67,1,100,,128409,8,0,5 65 1 66,1,105,,128410,8,0,67,1,101,,128411,8,0,5 65 1 66,1,106,,128412,8,0,67,1,74,,128413,8,0,67,1,101,,128414,8,0,67,1,145,,128415,8,0,67,1,199,,128416,8,0,67,1,200,,128417,8,0,67,1
1501,'20260815',908,,128418,8,0,5 65 1 66,1,148,,128419,8,0,67,1,200,,128420,8,0,67,1,201,,128421,8,0,5 65 1 66,1,99,,128422,8,0,67,1,100,,128423,8,0,67,1,200,,128424,8,0,67,1,101,,128425,8,0,67,1,101,,128426,8,0,5 65 1 66,1,199,,128428,8,0,67,1,202,,128429,8,0,67,1
1501,'20260816',908,,128430,8,0,5 65 1 66,1,148,,128431,8,0,67,1,200,,128432,8,0,67,1,201,,128433,8,0,5 65 1 66,1,99,,128434,8,0,67,1,100,,128435,8,0,67,1,200,,128436,8,0,67,1,101,,128437,8,0,67,1,101,,128438,8,0,5 65 1 66,1,199,,128440,8,0,67,1,202,,128441,8,0,67,1
1501,'20260817',755,,128442,8,0,5 65 1 66,1,61,,128443,8,0,67,1,109,,128444,8,0,67,1,231,,128445,8,0,67,1,169,,128446,8,0,67,1,100,,128447,8,0,5 65 1 66,1,105,,128448,8,0,67,1,101,,128449,8,0,5 65 1 66,1,106,,128450,8,0,67,1,74,,128451,8,0,67,1,101,,128452,8,0,67,1,145,,128453,8,0,67,1,199,,128454,8,0,67,1,200,,128455,8,0,67,1
1501,'20260818',755,,128456,8,0,5 65 1 66,1,61,,128457,8,0,67,1,109,,128458,8,0,67,1,231,,128459,8,0,67,1,169,,128460,8,0,67,1,100,,128461,8,0,5 65 1 66,1,105,,128462,8,0,67,1,101,,128463,8,0,5 65 1 66,1,106,,128464,8,0,67,1,74,,128465,8,0,67,1,101,,128466,8,0,67,1,145,,128467,8,0,67,1,199,,128468,8,0,67,1,200,,128469,8,0,67,1
1501,'20260819',755,,128470,8,0,5 65 1 66,1,61,,128471,8,0,67,1,109,,128472,8,0,67,1,231,,128473,8,0,67,1,169,,128474,8,0,67,1,100,,128475,8,0,5 65 1 66,1,105,,128476,8,0,67,1,101,,128477,8,0,5 65 1 66,1,106,,128478,8,0,67,1,74,,128479,8,0,67,1,101,,128480,8,0,67,1,145,,128481,8,0,67,1,199,,128482,8,0,67,1,200,,128483,8,0,67,1
1501,'20260820',755,,128484,8,0,5 65 1 66,1,61,,128485,8,0,67,1,109,,128486,8,0,67,1,231,,128487,8,0,67,1,169,,128488,8,0,67,1,100,,128489,8,0,5 65 1 66,1,105,,128490,8,0,67,1,101,,128491,8,0,5 65 1 66,1,106,,128492,8,0,67,1,74,,128493,8,0,67,1,101,,128494,8,0,67,1,145,,128495,8,0,67,1,199,,128496,8,0,67,1,200,,128497,8,0,67,1
1501,'20260821',755,,128498,8,0,5 65 1 66,1,61,,128499,8,0,67,1,109,,128500,8,0,67,1,231,,128501,8,0,67,1,169,,128502,8,0,67,1,100,,128503,8,0,5 65 1 66,1,105,,128504,8,0,67,1,101,,128505,8,0,5 65 1 66,1,106,,128506,8,0,67,1,74,,128507,8,0,67,1,101,,128508,8,0,67,1,145,,128509,8,0,67,1,199,,128510,8,0,67,1,200,,128511,8,0,67,1
1501,'20260822',908,,128512,8,0,5 65 1 66,1,148,,128513,8,0,67,1,200,,128514,8,0,67,1,201,,128515,8,0,5 65 1 66,1,99,,128516,8,0,67,1,100,,128517,8,0,67,1,200,,128518,8,0,67,1,101,,128519,8,0,67,1,101,,128520,8,0,5 65 1 66,1,199,,128522,8,0,67,1,202,,128523,8,0,67,1
1501,'20260823',908,,128524,8,0,5 65 1 66,1,148,,128525,8,0,67,1,200,,128526,8,0,67,1,201,,128527,8,0,5 65 1 66,1,99,,128528,8,0,67,1,100,,128529,8,0,67,1,200,,128530,8,0,67,1,101,,128531,8,0,67,1,101,,128532,8,0,5 65 1 66,1,199,,128534,8,0,67,1,202,,128535,8,0,67,1
1501,'20260824',755,,128536,8,0,5 65 1 66,1,61,,128537,8,0,67,1,109,,128538,8,0,67,1,231,,128539,8,0,67,1,169,,128540,8,0,67,1,100,,128541,8,0,5 65 1 66,1,105,,128542,8,0,67,1,101,,128543,8,0,5 65 1 66,1,106,,128544,8,0,67,1,74,,128545,8,0,67,1,101,,128546,8,0,67,1,145,,128547,8,0,67,1,199,,128548,8,0,67,1,200,,128549,8,0,67,1
1501,'20260825',755,,128550,8,0,5 65 1 66,1,61,,128551,8,0,67,1,109,,128552,8,0,67,1,231,,128553,8,0,67,1,169,,128554,8,0,67,1,100,,128555,8,0,5 65 1 66,1,105,,128556,8,0,67,1,101,,128557,8,0,5 65 1 66,1,106,,128558,8,0,67,1,74,,128559,8,0,67,1,101,,128560,8,0,67,1,145,,128561,8,0,67,1,199,,128562,8,0,67,1,200,,128563,8,0,67,1
1501,'20260826',755,,128564,8,0,5 65 1 66,1,61,,128565,8,0,67,1,109,,128566,8,0,67,1,231,,128567,8,0,67,1,169,,128568,8,0,67,1,100,,128569,8,0,5 65 1 66,1,105,,128570,8,0,67,1,101,,128571,8,0,5 65 1 66,1,106,,128572,8,0,67,1,74,,128573,8,0,67,1,101,,128574,8,0,67,1,145,,128575,8,0,67,1,199,,128576,8,0,67,1,200,,128577,8,0,67,1
1501,'20260827',755,,128578,8,0,5 65 1 66,1,61,,128579,8,0,67,1,109,,128580,8,0,67,1,231,,128581,8,0,67,1,169,,128582,8,0,67,1,100,,128583,8,0,5 65 1 66,1,105,,128584,8,0,67,1,101,,128585,8,0,5 65 1 66,1,106,,128586,8,0,67,1,74,,128587,8,0,67,1,101,,128588,8,0,67,1,145,,128589,8,0,67,1,199,,128590,8,0,67,1,200,,128591,8,0,67,1
1501,'20260828',755,,128592,8,0,5 65 1 66,1,61,,128593,8,0,67,1,109,,128594,8,0,67,1,231,,128595,8,0,67,1,169,,128596,8,0,67,1,100,,128597,8,0,5 65 1 66,1,105,,128598,8,0,67,1,101,,128599,8,0,5 65 1 66,1,106,,128600,8,0,67,1,74,,128601,8,0,67,1,101,,128602,8,0,67,1,145,,128603,8,0,67,1,199,,128604,8,0,67,1,200,,128605,8,0,67,1
1501,'20260829',908,,128606,8,0,5 65 1 66,1,148,,128607,8,0,67,1,200,,128608,8,0,67,1,201,,128609,8,0,5 65 1 66,1,99,,128610,8,0,67,1,100,,128611,8,0,67,1,200,,128612,8,0,67,1,101,,128613,8,0,67,1,101,,128614,8,0,5 65 1 66,1,199,,128616,8,0,67,1,202,,128617,8,0,67,1
1501,'20260830',908,,128618,8,0,5 65 1 66,1,148,,128619,8,0,67,1,200,,128620,8,0,67,1,201,,128621,8,0,5 65 1 66,1,99,,128622,8,0,67,1,100,,128623,8,0,67,1,200,,128624,8,0,67,1,101,,128625,8,0,67,1,101,,128626,8,0,5 65 1 66,1,199,,128628,8,0,67,1,202,,128629,8,0,67,1
1501,'20260831',755,,128630,8,0,5 65 1 66,1,61,,128631,8,0,67,1,109,,128632,8,0,67,1,231,,128633,8,0,67,1,169,,128634,8,0,67,1,100,,128635,8,0,5 65 1 66,1,105,,128636,8,0,67,1,101,,128637,8,0,5 65 1 66,1,106,,128638,8,0,67,1,74,,128639,8,0,67,1,101,,128640,8,0,67,1,145,,128641,8,0,67,1,199,,128642,8,0,67,1,200,,128643,8,0,67,1
1501,'20260901',755,,128644,8,0,5 65 1 66,1,61,,128645,8,0,67,1,109,,128646,8,0,67,1,231,,128647,8,0,67,1,169,,128648,8,0,67,1,100,,128649,8,0,5 65 1 66,1,105,,128650,8,0,67,1,101,,128651,8,0,5 65 1 66,1,106,,128652,8,0,67,1,74,,128653,8,0,67,1,101,,128654,8,0,67,1,145,,128655,8,0,67,1,199,,128656,8,0,67,1,200,,128657,8,0,67,1
1501,'20260902',755,,128658,8,0,5 65 1 66,1,61,,128659,8,0,67,1,109,,128660,8,0,67,1,231,,128661,8,0,67,1,169,,128662,8,0,67,1,100,,128663,8,0,5 65 1 66,1,105,,128664,8,0,67,1,101,,128665,8,0,5 65 1 66,1,106,,128666,8,0,67,1,74,,128667,8,0,67,1,101,,128668,8,0,67,1,145,,128669,8,0,67,1,199,,128670,8,0,67,1,200,,128671,8,0,67,1
1501,'20260903',755,,128672,8,0,5 65 1 66,1,61,,128673,8,0,67,1,109,,128674,8,0,67,1,231,,128675,8,0,67,1,169,,128676,8,0,67,1,100,,128677,8,0,5 65 1 66,1,105,,128678,8,0,67,1,101,,128679,8,0,5 65 1 66,1,106,,128680,8,0,67,1,74,,128681,8,0,67,1,101,,128682,8,0,67,1,145,,128683,8,0,67,1,199,,128684,8,0,67,1,200,,128685,8,0,67,1
1501,'20260904',755,,128686,8,0,5 65 1 66,1,61,,128687,8,0,67,1,109,,128688,8,0,67,1,231,,128689,8,0,67,1,169,,128690,8,0,67,1,100,,128691,8,0,5 65 1 66,1,105,,128692,8,0,67,1,101,,128693,8,0,5 65 1 66,1,106,,128694,8,0,67,1,74,,128695,8,0,67,1,101,,128696,8,0,67,1,145,,128697,8,0,67,1,199,,128698,8,0,67,1,200,,128699,8,0,67,1
