2701,'20260529',612,,81663,15,0,7 8 9,1,108,,81664,16,0,57 8 9,1,25,,81665,16,0,57 8 9,1,60,,81666,16,0,34 10 9,1,10,,81667,16,0,57 8 9,1,14,,81668,16,0,34 10 9,1,10,,81669,16,0,57 8 9,1,15,,81670,16,0,34 10 9,1,55,,81671,16,0,57 8 9,1,43,,81672,15,0,7 8 9,1,157,,81673,15,0,5 10 9,1,100,,81674,15,0,5 10 9,1,98,,81675,15,0,5 10 9,1,105,,81676,15,0,5 10 9,1,108,,81677,16,0,57 8 9,1,83,,81678,16,0,34 10 9,1,30,,81679,16,0,57 8 9,1,70,,81680,16,0,57 8 9,1,32,,81681,16,0,57 8 9,1,75,,81682,16,0,57 8 9,1,25,,81683,16,0,57 8 9,1,75,,81684,15,0,7 8 9,1,25,,81685,15,0,7 8 9,1,67,,81686,15,0,5 10 9,1,100,,81687,15,0,5 10 9,1,100,,81688,15,0,5 10 9,1,100,,81689,15,0,5 10 9,1,155,,81690,15,0,5 10 9,1
2701,'20260530',712,,81691,15,0,7 8 9,1,105,,81692,15,0,5 10 9,1,100,,81693,15,0,5 10 9,1,95,,81694,15,0,5 10 9,1,105,,81695,15,0,5 10 9,1,100,,81696,15,0,5 10 9,1,110,,81697,15,0,5 10 9,1,97,,81698,15,0,5 10 9,1,103,,81699,15,0,5 10 9,1,100,,81700,15,0,5 10 9,1,100,,81701,15,0,5 10 9,1,100,,81702,15,0,5 10 9,1,95,,81703,15,0,5 10 9,1,100,,81704,15,0,5 10 9,1,192,,81705,15,0,5 10 9,1,198,,81706,15,0,5 10 9,1
2701,'20260531',712,,81707,15,0,7 8 9,1,105,,81708,15,0,5 10 9,1,100,,81709,15,0,5 10 9,1,95,,81710,15,0,5 10 9,1,105,,81711,15,0,5 10 9,1,100,,81712,15,0,5 10 9,1,110,,81713,15,0,5 10 9,1,97,,81714,15,0,5 10 9,1,103,,81715,15,0,5 10 9,1,100,,81716,15,0,5 10 9,1,100,,81717,15,0,5 10 9,1,100,,81718,15,0,5 10 9,1,95,,81719,15,0,5 10 9,1,100,,81720,15,0,5 10 9,1,192,,81721,15,0,5 10 9,1,198,,81722,15,0,5 10 9,1
2701,'20260601',612,,81723,15,0,7 8 9,1,108,,81724,16,0,57 8 9,1,25,,81725,16,0,57 8 9,1,60,,81726,16,0,34 10 9,1,10,,81727,16,0,57 8 9,1,14,,81728,16,0,34 10 9,1,10,,81729,16,0,57 8 9,1,15,,81730,16,0,34 10 9,1,55,,81731,16,0,57 8 9,1,43,,81732,15,0,7 8 9,1,157,,81733,15,0,5 10 9,1,100,,81734,15,0,5 10 9,1,98,,81735,15,0,5 10 9,1,105,,81736,15,0,5 10 9,1,108,,81737,16,0,57 8 9,1,83,,81738,16,0,34 10 9,1,30,,81739,16,0,57 8 9,1,70,,81740,16,0,57 8 9,1,32,,81741,16,0,57 8 9,1,75,,81742,16,0,57 8 9,1,25,,81743,16,0,57 8 9,1,75,,81744,15,0,7 8 9,1,25,,81745,15,0,7 8 9,1,67,,81746,15,0,5 10 9,1,100,,81747,15,0,5 10 9,1,100,,81748,15,0,5 10 9,1,100,,81749,15,0,5 10 9,1,155,,81750,15,0,5 10 9,1
2701,'20260602',612,,81751,15,0,7 8 9,1,108,,81752,16,0,57 8 9,1,25,,81753,16,0,57 8 9,1,60,,81754,16,0,34 10 9,1,10,,81755,16,0,57 8 9,1,14,,81756,16,0,34 10 9,1,10,,81757,16,0,57 8 9,1,15,,81758,16,0,34 10 9,1,55,,81759,16,0,57 8 9,1,43,,81760,15,0,7 8 9,1,157,,81761,15,0,5 10 9,1,100,,81762,15,0,5 10 9,1,98,,81763,15,0,5 10 9,1,105,,81764,15,0,5 10 9,1,108,,81765,16,0,57 8 9,1,83,,81766,16,0,34 10 9,1,30,,81767,16,0,57 8 9,1,70,,81768,16,0,57 8 9,1,32,,81769,16,0,57 8 9,1,75,,81770,16,0,57 8 9,1,25,,81771,16,0,57 8 9,1,75,,81772,15,0,7 8 9,1,25,,81773,15,0,7 8 9,1,67,,81774,15,0,5 10 9,1,100,,81775,15,0,5 10 9,1,100,,81776,15,0,5 10 9,1,100,,81777,15,0,5 10 9,1,155,,81778,15,0,5 10 9,1
2701,'20260603',612,,81779,15,0,7 8 9,1,108,,81780,16,0,57 8 9,1,25,,81781,16,0,57 8 9,1,60,,81782,16,0,34 10 9,1,10,,81783,16,0,57 8 9,1,14,,81784,16,0,34 10 9,1,10,,81785,16,0,57 8 9,1,15,,81786,16,0,34 10 9,1,55,,81787,16,0,57 8 9,1,43,,81788,15,0,7 8 9,1,157,,81789,15,0,5 10 9,1,100,,81790,15,0,5 10 9,1,98,,81791,15,0,5 10 9,1,105,,81792,15,0,5 10 9,1,108,,81793,16,0,57 8 9,1,83,,81794,16,0,34 10 9,1,30,,81795,16,0,57 8 9,1,70,,81796,16,0,57 8 9,1,32,,81797,16,0,57 8 9,1,75,,81798,16,0,57 8 9,1,25,,81799,16,0,57 8 9,1,75,,81800,15,0,7 8 9,1,25,,81801,15,0,7 8 9,1,67,,81802,15,0,5 10 9,1,100,,81803,15,0,5 10 9,1,100,,81804,15,0,5 10 9,1,100,,81805,15,0,5 10 9,1,155,,81806,15,0,5 10 9,1
2701,'20260604',612,,81807,15,0,7 8 9,1,108,,81808,16,0,57 8 9,1,25,,81809,16,0,57 8 9,1,60,,81810,16,0,34 10 9,1,10,,81811,16,0,57 8 9,1,14,,81812,16,0,34 10 9,1,10,,81813,16,0,57 8 9,1,15,,81814,16,0,34 10 9,1,55,,81815,16,0,57 8 9,1,43,,81816,15,0,7 8 9,1,157,,81817,15,0,5 10 9,1,100,,81818,15,0,5 10 9,1,98,,81819,15,0,5 10 9,1,105,,81820,15,0,5 10 9,1,108,,81821,16,0,57 8 9,1,83,,81822,16,0,34 10 9,1,30,,81823,16,0,57 8 9,1,70,,81824,16,0,57 8 9,1,32,,81825,16,0,57 8 9,1,75,,81826,16,0,57 8 9,1,25,,81827,16,0,57 8 9,1,75,,81828,15,0,7 8 9,1,25,,81829,15,0,7 8 9,1,67,,81830,15,0,5 10 9,1,100,,81831,15,0,5 10 9,1,100,,81832,15,0,5 10 9,1,100,,81833,15,0,5 10 9,1,155,,81834,15,0,5 10 9,1
2701,'20260605',612,,81835,15,0,7 8 9,1,108,,81836,16,0,57 8 9,1,25,,81837,16,0,57 8 9,1,60,,81838,16,0,34 10 9,1,10,,81839,16,0,57 8 9,1,14,,81840,16,0,34 10 9,1,10,,81841,16,0,57 8 9,1,15,,81842,16,0,34 10 9,1,55,,81843,16,0,57 8 9,1,43,,81844,15,0,7 8 9,1,157,,81845,15,0,5 10 9,1,100,,81846,15,0,5 10 9,1,98,,81847,15,0,5 10 9,1,105,,81848,15,0,5 10 9,1,108,,81849,16,0,57 8 9,1,83,,81850,16,0,34 10 9,1,30,,81851,16,0,57 8 9,1,70,,81852,16,0,57 8 9,1,32,,81853,16,0,57 8 9,1,75,,81854,16,0,57 8 9,1,25,,81855,16,0,57 8 9,1,75,,81856,15,0,7 8 9,1,25,,81857,15,0,7 8 9,1,67,,81858,15,0,5 10 9,1,100,,81859,15,0,5 10 9,1,100,,81860,15,0,5 10 9,1,100,,81861,15,0,5 10 9,1,155,,81862,15,0,5 10 9,1
2701,'20260606',712,,81863,15,0,7 8 9,1,105,,81864,15,0,5 10 9,1,100,,81865,15,0,5 10 9,1,95,,81866,15,0,5 10 9,1,105,,81867,15,0,5 10 9,1,100,,81868,15,0,5 10 9,1,110,,81869,15,0,5 10 9,1,97,,81870,15,0,5 10 9,1,103,,81871,15,0,5 10 9,1,100,,81872,15,0,5 10 9,1,100,,81873,15,0,5 10 9,1,100,,81874,15,0,5 10 9,1,95,,81875,15,0,5 10 9,1,100,,81876,15,0,5 10 9,1,192,,81877,15,0,5 10 9,1,198,,81878,15,0,5 10 9,1
2701,'20260607',712,,81879,15,0,7 8 9,1,105,,81880,15,0,5 10 9,1,100,,81881,15,0,5 10 9,1,95,,81882,15,0,5 10 9,1,105,,81883,15,0,5 10 9,1,100,,81884,15,0,5 10 9,1,110,,81885,15,0,5 10 9,1,97,,81886,15,0,5 10 9,1,103,,81887,15,0,5 10 9,1,100,,81888,15,0,5 10 9,1,100,,81889,15,0,5 10 9,1,100,,81890,15,0,5 10 9,1,95,,81891,15,0,5 10 9,1,100,,81892,15,0,5 10 9,1,192,,81893,15,0,5 10 9,1,198,,81894,15,0,5 10 9,1
2701,'20260608',612,,81895,15,0,7 8 9,1,108,,81896,16,0,57 8 9,1,25,,81897,16,0,57 8 9,1,60,,81898,16,0,34 10 9,1,10,,81899,16,0,57 8 9,1,14,,81900,16,0,34 10 9,1,10,,81901,16,0,57 8 9,1,15,,81902,16,0,34 10 9,1,55,,81903,16,0,57 8 9,1,43,,81904,15,0,7 8 9,1,157,,81905,15,0,5 10 9,1,100,,81906,15,0,5 10 9,1,98,,81907,15,0,5 10 9,1,105,,81908,15,0,5 10 9,1,108,,81909,16,0,57 8 9,1,83,,81910,16,0,34 10 9,1,30,,81911,16,0,57 8 9,1,70,,81912,16,0,57 8 9,1,32,,81913,16,0,57 8 9,1,75,,81914,16,0,57 8 9,1,25,,81915,16,0,57 8 9,1,75,,81916,15,0,7 8 9,1,25,,81917,15,0,7 8 9,1,67,,81918,15,0,5 10 9,1,100,,81919,15,0,5 10 9,1,100,,81920,15,0,5 10 9,1,100,,81921,15,0,5 10 9,1,155,,81922,15,0,5 10 9,1
2701,'20260609',612,,81923,15,0,7 8 9,1,108,,81924,16,0,57 8 9,1,25,,81925,16,0,57 8 9,1,60,,81926,16,0,34 10 9,1,10,,81927,16,0,57 8 9,1,14,,81928,16,0,34 10 9,1,10,,81929,16,0,57 8 9,1,15,,81930,16,0,34 10 9,1,55,,81931,16,0,57 8 9,1,43,,81932,15,0,7 8 9,1,157,,81933,15,0,5 10 9,1,100,,81934,15,0,5 10 9,1,98,,81935,15,0,5 10 9,1,105,,81936,15,0,5 10 9,1,108,,81937,16,0,57 8 9,1,83,,81938,16,0,34 10 9,1,30,,81939,16,0,57 8 9,1,70,,81940,16,0,57 8 9,1,32,,81941,16,0,57 8 9,1,75,,81942,16,0,57 8 9,1,25,,81943,16,0,57 8 9,1,75,,81944,15,0,7 8 9,1,25,,81945,15,0,7 8 9,1,67,,81946,15,0,5 10 9,1,100,,81947,15,0,5 10 9,1,100,,81948,15,0,5 10 9,1,100,,81949,15,0,5 10 9,1,155,,81950,15,0,5 10 9,1
2701,'20260610',612,,81951,15,0,7 8 9,1,108,,81952,16,0,57 8 9,1,25,,81953,16,0,57 8 9,1,60,,81954,16,0,34 10 9,1,10,,81955,16,0,57 8 9,1,14,,81956,16,0,34 10 9,1,10,,81957,16,0,57 8 9,1,15,,81958,16,0,34 10 9,1,55,,81959,16,0,57 8 9,1,43,,81960,15,0,7 8 9,1,157,,81961,15,0,5 10 9,1,100,,81962,15,0,5 10 9,1,98,,81963,15,0,5 10 9,1,105,,81964,15,0,5 10 9,1,108,,81965,16,0,57 8 9,1,83,,81966,16,0,34 10 9,1,30,,81967,16,0,57 8 9,1,70,,81968,16,0,57 8 9,1,32,,81969,16,0,57 8 9,1,75,,81970,16,0,57 8 9,1,25,,81971,16,0,57 8 9,1,75,,81972,15,0,7 8 9,1,25,,81973,15,0,7 8 9,1,67,,81974,15,0,5 10 9,1,100,,81975,15,0,5 10 9,1,100,,81976,15,0,5 10 9,1,100,,81977,15,0,5 10 9,1,155,,81978,15,0,5 10 9,1
2701,'20260611',612,,81979,15,0,7 8 9,1,108,,81980,16,0,57 8 9,1,25,,81981,16,0,57 8 9,1,60,,81982,16,0,34 10 9,1,10,,81983,16,0,57 8 9,1,14,,81984,16,0,34 10 9,1,10,,81985,16,0,57 8 9,1,15,,81986,16,0,34 10 9,1,55,,81987,16,0,57 8 9,1,43,,81988,15,0,7 8 9,1,157,,81989,15,0,5 10 9,1,100,,81990,15,0,5 10 9,1,98,,81991,15,0,5 10 9,1,105,,81992,15,0,5 10 9,1,108,,81993,16,0,57 8 9,1,83,,81994,16,0,34 10 9,1,30,,81995,16,0,57 8 9,1,70,,81996,16,0,57 8 9,1,32,,81997,16,0,57 8 9,1,75,,81998,16,0,57 8 9,1,25,,81999,16,0,57 8 9,1,75,,82000,15,0,7 8 9,1,25,,82001,15,0,7 8 9,1,67,,82002,15,0,5 10 9,1,100,,82003,15,0,5 10 9,1,100,,82004,15,0,5 10 9,1,100,,82005,15,0,5 10 9,1,155,,82006,15,0,5 10 9,1
2701,'20260612',612,,82007,15,0,7 8 9,1,108,,82008,16,0,57 8 9,1,25,,82009,16,0,57 8 9,1,60,,82010,16,0,34 10 9,1,10,,82011,16,0,57 8 9,1,14,,82012,16,0,34 10 9,1,10,,82013,16,0,57 8 9,1,15,,82014,16,0,34 10 9,1,55,,82015,16,0,57 8 9,1,43,,82016,15,0,7 8 9,1,157,,82017,15,0,5 10 9,1,100,,82018,15,0,5 10 9,1,98,,82019,15,0,5 10 9,1,105,,82020,15,0,5 10 9,1,108,,82021,16,0,57 8 9,1,83,,82022,16,0,34 10 9,1,30,,82023,16,0,57 8 9,1,70,,82024,16,0,57 8 9,1,32,,82025,16,0,57 8 9,1,75,,82026,16,0,57 8 9,1,25,,82027,16,0,57 8 9,1,75,,82028,15,0,7 8 9,1,25,,82029,15,0,7 8 9,1,67,,82030,15,0,5 10 9,1,100,,82031,15,0,5 10 9,1,100,,82032,15,0,5 10 9,1,100,,82033,15,0,5 10 9,1,155,,82034,15,0,5 10 9,1
2701,'20260613',712,,155370,15,0,7 8 9,1,105,,155371,15,0,5 10 9,1,100,,155372,15,0,5 10 9,1,95,,155373,15,0,5 10 9,1,105,,155374,15,0,5 10 9,1,100,,155375,15,0,5 10 9,1,110,,155376,15,0,5 10 9,1,97,,155377,15,0,5 10 9,1,103,,155378,15,0,5 10 9,1,100,,155379,15,0,5 10 9,1,100,,155380,15,0,5 10 9,1,100,,155381,15,0,5 10 9,1,95,,155382,15,0,5 10 9,1,100,,155383,15,0,5 10 9,1,192,,155384,15,0,5 10 9,1,198,,155385,15,0,5 10 9,1
2701,'20260614',712,,155386,15,0,7 8 9,1,105,,155387,15,0,5 10 9,1,100,,155388,15,0,5 10 9,1,95,,155389,15,0,5 10 9,1,105,,155390,15,0,5 10 9,1,100,,155391,15,0,5 10 9,1,110,,155392,15,0,5 10 9,1,97,,155393,15,0,5 10 9,1,103,,155394,15,0,5 10 9,1,100,,155395,15,0,5 10 9,1,100,,155396,15,0,5 10 9,1,100,,155397,15,0,5 10 9,1,95,,155398,15,0,5 10 9,1,100,,155399,15,0,5 10 9,1,192,,155400,15,0,5 10 9,1,198,,155401,15,0,5 10 9,1
2701,'20260615',612,,155402,15,0,7 8 9,1,108,,155403,16,0,57 8 9,1,25,,155404,16,0,57 8 9,1,60,,155405,16,0,34 10 9,1,10,,155406,16,0,57 8 9,1,14,,155407,16,0,34 10 9,1,10,,155408,16,0,57 8 9,1,15,,155409,16,0,34 10 9,1,55,,155410,16,0,57 8 9,1,43,,155411,15,0,7 8 9,1,157,,155412,15,0,5 10 9,1,100,,155413,15,0,5 10 9,1,98,,155414,15,0,5 10 9,1,105,,155415,15,0,5 10 9,1,108,,155416,16,0,57 8 9,1,83,,155417,16,0,34 10 9,1,30,,155418,16,0,57 8 9,1,70,,155419,16,0,57 8 9,1,32,,155420,16,0,57 8 9,1,75,,155421,16,0,57 8 9,1,25,,155422,16,0,57 8 9,1,75,,155423,15,0,7 8 9,1,25,,155424,15,0,7 8 9,1,67,,155425,15,0,5 10 9,1,100,,155426,15,0,5 10 9,1,100,,155427,15,0,5 10 9,1,100,,155428,15,0,5 10 9,1,155,,155429,15,0,5 10 9,1
2701,'20260616',612,,155430,15,0,7 8 9,1,108,,155431,16,0,57 8 9,1,25,,155432,16,0,57 8 9,1,60,,155433,16,0,34 10 9,1,10,,155434,16,0,57 8 9,1,14,,155435,16,0,34 10 9,1,10,,155436,16,0,57 8 9,1,15,,155437,16,0,34 10 9,1,55,,155438,16,0,57 8 9,1,43,,155439,15,0,7 8 9,1,157,,155440,15,0,5 10 9,1,100,,155441,15,0,5 10 9,1,98,,155442,15,0,5 10 9,1,105,,155443,15,0,5 10 9,1,108,,155444,16,0,57 8 9,1,83,,155445,16,0,34 10 9,1,30,,155446,16,0,57 8 9,1,70,,155447,16,0,57 8 9,1,32,,155448,16,0,57 8 9,1,75,,155449,16,0,57 8 9,1,25,,155450,16,0,57 8 9,1,75,,155451,15,0,7 8 9,1,25,,155452,15,0,7 8 9,1,67,,155453,15,0,5 10 9,1,100,,155454,15,0,5 10 9,1,100,,155455,15,0,5 10 9,1,100,,155456,15,0,5 10 9,1,155,,155457,15,0,5 10 9,1
2701,'20260617',612,,155458,15,0,7 8 9,1,108,,155459,16,0,57 8 9,1,25,,155460,16,0,57 8 9,1,60,,155461,16,0,34 10 9,1,10,,155462,16,0,57 8 9,1,14,,155463,16,0,34 10 9,1,10,,155464,16,0,57 8 9,1,15,,155465,16,0,34 10 9,1,55,,155466,16,0,57 8 9,1,43,,155467,15,0,7 8 9,1,157,,155468,15,0,5 10 9,1,100,,155469,15,0,5 10 9,1,98,,155470,15,0,5 10 9,1,105,,155471,15,0,5 10 9,1,108,,155472,16,0,57 8 9,1,83,,155473,16,0,34 10 9,1,30,,155474,16,0,57 8 9,1,70,,155475,16,0,57 8 9,1,32,,155476,16,0,57 8 9,1,75,,155477,16,0,57 8 9,1,25,,155478,16,0,57 8 9,1,75,,155479,15,0,7 8 9,1,25,,155480,15,0,7 8 9,1,67,,155481,15,0,5 10 9,1,100,,155482,15,0,5 10 9,1,100,,155483,15,0,5 10 9,1,100,,155484,15,0,5 10 9,1,155,,155485,15,0,5 10 9,1
2701,'20260618',612,,155486,15,0,7 8 9,1,108,,155487,16,0,57 8 9,1,25,,155488,16,0,57 8 9,1,60,,155489,16,0,34 10 9,1,10,,155490,16,0,57 8 9,1,14,,155491,16,0,34 10 9,1,10,,155492,16,0,57 8 9,1,15,,155493,16,0,34 10 9,1,55,,155494,16,0,57 8 9,1,43,,155495,15,0,7 8 9,1,157,,155496,15,0,5 10 9,1,100,,155497,15,0,5 10 9,1,98,,155498,15,0,5 10 9,1,105,,155499,15,0,5 10 9,1,108,,155500,16,0,57 8 9,1,83,,155501,16,0,34 10 9,1,30,,155502,16,0,57 8 9,1,70,,155503,16,0,57 8 9,1,32,,155504,16,0,57 8 9,1,75,,155505,16,0,57 8 9,1,25,,155506,16,0,57 8 9,1,75,,155507,15,0,7 8 9,1,25,,155508,15,0,7 8 9,1,67,,155509,15,0,5 10 9,1,100,,155510,15,0,5 10 9,1,100,,155511,15,0,5 10 9,1,100,,155512,15,0,5 10 9,1,155,,155513,15,0,5 10 9,1
2701,'20260619',612,,155514,15,0,7 8 9,1,108,,155515,16,0,57 8 9,1,25,,155516,16,0,57 8 9,1,60,,155517,16,0,34 10 9,1,10,,155518,16,0,57 8 9,1,14,,155519,16,0,34 10 9,1,10,,155520,16,0,57 8 9,1,15,,155521,16,0,34 10 9,1,55,,155522,16,0,57 8 9,1,43,,155523,15,0,7 8 9,1,157,,155524,15,0,5 10 9,1,100,,155525,15,0,5 10 9,1,98,,155526,15,0,5 10 9,1,105,,155527,15,0,5 10 9,1,108,,155528,16,0,57 8 9,1,83,,155529,16,0,34 10 9,1,30,,155530,16,0,57 8 9,1,70,,155531,16,0,57 8 9,1,32,,155532,16,0,57 8 9,1,75,,155533,16,0,57 8 9,1,25,,155534,16,0,57 8 9,1,75,,155535,15,0,7 8 9,1,25,,155536,15,0,7 8 9,1,67,,155537,15,0,5 10 9,1,100,,155538,15,0,5 10 9,1,100,,155539,15,0,5 10 9,1,100,,155540,15,0,5 10 9,1,155,,155541,15,0,5 10 9,1
2701,'20260620',712,,155542,15,0,7 8 9,1,105,,155543,15,0,5 10 9,1,100,,155544,15,0,5 10 9,1,95,,155545,15,0,5 10 9,1,105,,155546,15,0,5 10 9,1,100,,155547,15,0,5 10 9,1,110,,155548,15,0,5 10 9,1,97,,155549,15,0,5 10 9,1,103,,155550,15,0,5 10 9,1,100,,155551,15,0,5 10 9,1,100,,155552,15,0,5 10 9,1,100,,155553,15,0,5 10 9,1,95,,155554,15,0,5 10 9,1,100,,155555,15,0,5 10 9,1,192,,155556,15,0,5 10 9,1,198,,155557,15,0,5 10 9,1
2701,'20260621',712,,155558,15,0,7 8 9,1,105,,155559,15,0,5 10 9,1,100,,155560,15,0,5 10 9,1,95,,155561,15,0,5 10 9,1,105,,155562,15,0,5 10 9,1,100,,155563,15,0,5 10 9,1,110,,155564,15,0,5 10 9,1,97,,155565,15,0,5 10 9,1,103,,155566,15,0,5 10 9,1,100,,155567,15,0,5 10 9,1,100,,155568,15,0,5 10 9,1,100,,155569,15,0,5 10 9,1,95,,155570,15,0,5 10 9,1,100,,155571,15,0,5 10 9,1,192,,155572,15,0,5 10 9,1,198,,155573,15,0,5 10 9,1
2701,'20260622',612,,155574,15,0,7 8 9,1,108,,155575,16,0,57 8 9,1,25,,155576,16,0,57 8 9,1,60,,155577,16,0,34 10 9,1,10,,155578,16,0,57 8 9,1,14,,155579,16,0,34 10 9,1,10,,155580,16,0,57 8 9,1,15,,155581,16,0,34 10 9,1,55,,155582,16,0,57 8 9,1,43,,155583,15,0,7 8 9,1,157,,155584,15,0,5 10 9,1,100,,155585,15,0,5 10 9,1,98,,155586,15,0,5 10 9,1,105,,155587,15,0,5 10 9,1,108,,155588,16,0,57 8 9,1,83,,155589,16,0,34 10 9,1,30,,155590,16,0,57 8 9,1,70,,155591,16,0,57 8 9,1,32,,155592,16,0,57 8 9,1,75,,155593,16,0,57 8 9,1,25,,155594,16,0,57 8 9,1,75,,155595,15,0,7 8 9,1,25,,155596,15,0,7 8 9,1,67,,155597,15,0,5 10 9,1,100,,155598,15,0,5 10 9,1,100,,155599,15,0,5 10 9,1,100,,155600,15,0,5 10 9,1,155,,155601,15,0,5 10 9,1
2701,'20260623',612,,155602,15,0,7 8 9,1,108,,155603,16,0,57 8 9,1,25,,155604,16,0,57 8 9,1,60,,155605,16,0,34 10 9,1,10,,155606,16,0,57 8 9,1,14,,155607,16,0,34 10 9,1,10,,155608,16,0,57 8 9,1,15,,155609,16,0,34 10 9,1,55,,155610,16,0,57 8 9,1,43,,155611,15,0,7 8 9,1,157,,155612,15,0,5 10 9,1,100,,155613,15,0,5 10 9,1,98,,155614,15,0,5 10 9,1,105,,155615,15,0,5 10 9,1,108,,155616,16,0,57 8 9,1,83,,155617,16,0,34 10 9,1,30,,155618,16,0,57 8 9,1,70,,155619,16,0,57 8 9,1,32,,155620,16,0,57 8 9,1,75,,155621,16,0,57 8 9,1,25,,155622,16,0,57 8 9,1,75,,155623,15,0,7 8 9,1,25,,155624,15,0,7 8 9,1,67,,155625,15,0,5 10 9,1,100,,155626,15,0,5 10 9,1,100,,155627,15,0,5 10 9,1,100,,155628,15,0,5 10 9,1,155,,155629,15,0,5 10 9,1
2701,'20260624',612,,155630,15,0,7 8 9,1,108,,155631,16,0,57 8 9,1,25,,155632,16,0,57 8 9,1,60,,155633,16,0,34 10 9,1,10,,155634,16,0,57 8 9,1,14,,155635,16,0,34 10 9,1,10,,155636,16,0,57 8 9,1,15,,155637,16,0,34 10 9,1,55,,155638,16,0,57 8 9,1,43,,155639,15,0,7 8 9,1,157,,155640,15,0,5 10 9,1,100,,155641,15,0,5 10 9,1,98,,155642,15,0,5 10 9,1,105,,155643,15,0,5 10 9,1,108,,155644,16,0,57 8 9,1,83,,155645,16,0,34 10 9,1,30,,155646,16,0,57 8 9,1,70,,155647,16,0,57 8 9,1,32,,155648,16,0,57 8 9,1,75,,155649,16,0,57 8 9,1,25,,155650,16,0,57 8 9,1,75,,155651,15,0,7 8 9,1,25,,155652,15,0,7 8 9,1,67,,155653,15,0,5 10 9,1,100,,155654,15,0,5 10 9,1,100,,155655,15,0,5 10 9,1,100,,155656,15,0,5 10 9,1,155,,155657,15,0,5 10 9,1
2701,'20260625',612,,155658,15,0,7 8 9,1,108,,155659,16,0,57 8 9,1,25,,155660,16,0,57 8 9,1,60,,155661,16,0,34 10 9,1,10,,155662,16,0,57 8 9,1,14,,155663,16,0,34 10 9,1,10,,155664,16,0,57 8 9,1,15,,155665,16,0,34 10 9,1,55,,155666,16,0,57 8 9,1,43,,155667,15,0,7 8 9,1,157,,155668,15,0,5 10 9,1,100,,155669,15,0,5 10 9,1,98,,155670,15,0,5 10 9,1,105,,155671,15,0,5 10 9,1,108,,155672,16,0,57 8 9,1,83,,155673,16,0,34 10 9,1,30,,155674,16,0,57 8 9,1,70,,155675,16,0,57 8 9,1,32,,155676,16,0,57 8 9,1,75,,155677,16,0,57 8 9,1,25,,155678,16,0,57 8 9,1,75,,155679,15,0,7 8 9,1,25,,155680,15,0,7 8 9,1,67,,155681,15,0,5 10 9,1,100,,155682,15,0,5 10 9,1,100,,155683,15,0,5 10 9,1,100,,155684,15,0,5 10 9,1,155,,155685,15,0,5 10 9,1
2701,'20260626',612,,155686,15,0,7 8 9,1,108,,155687,16,0,57 8 9,1,25,,155688,16,0,57 8 9,1,60,,155689,16,0,34 10 9,1,10,,155690,16,0,57 8 9,1,14,,155691,16,0,34 10 9,1,10,,155692,16,0,57 8 9,1,15,,155693,16,0,34 10 9,1,55,,155694,16,0,57 8 9,1,43,,155695,15,0,7 8 9,1,157,,155696,15,0,5 10 9,1,100,,155697,15,0,5 10 9,1,98,,155698,15,0,5 10 9,1,105,,155699,15,0,5 10 9,1,108,,155700,16,0,57 8 9,1,83,,155701,16,0,34 10 9,1,30,,155702,16,0,57 8 9,1,70,,155703,16,0,57 8 9,1,32,,155704,16,0,57 8 9,1,75,,155705,16,0,57 8 9,1,25,,155706,16,0,57 8 9,1,75,,155707,15,0,7 8 9,1,25,,155708,15,0,7 8 9,1,67,,155709,15,0,5 10 9,1,100,,155710,15,0,5 10 9,1,100,,155711,15,0,5 10 9,1,100,,155712,15,0,5 10 9,1,155,,155713,15,0,5 10 9,1
2701,'20260627',712,,155714,15,0,7 8 9,1,105,,155715,15,0,5 10 9,1,100,,155716,15,0,5 10 9,1,95,,155717,15,0,5 10 9,1,105,,155718,15,0,5 10 9,1,100,,155719,15,0,5 10 9,1,110,,155720,15,0,5 10 9,1,97,,155721,15,0,5 10 9,1,103,,155722,15,0,5 10 9,1,100,,155723,15,0,5 10 9,1,100,,155724,15,0,5 10 9,1,100,,155725,15,0,5 10 9,1,95,,155726,15,0,5 10 9,1,100,,155727,15,0,5 10 9,1,192,,155728,15,0,5 10 9,1,198,,155729,15,0,5 10 9,1
2701,'20260628',712,,155730,15,0,7 8 9,1,105,,155731,15,0,5 10 9,1,100,,155732,15,0,5 10 9,1,95,,155733,15,0,5 10 9,1,105,,155734,15,0,5 10 9,1,100,,155735,15,0,5 10 9,1,110,,155736,15,0,5 10 9,1,97,,155737,15,0,5 10 9,1,103,,155738,15,0,5 10 9,1,100,,155739,15,0,5 10 9,1,100,,155740,15,0,5 10 9,1,100,,155741,15,0,5 10 9,1,95,,155742,15,0,5 10 9,1,100,,155743,15,0,5 10 9,1,192,,155744,15,0,5 10 9,1,198,,155745,15,0,5 10 9,1
2701,'20260629',612,,155746,15,0,7 8 9,1,108,,155747,16,0,57 8 9,1,25,,155748,16,0,57 8 9,1,60,,155749,16,0,34 10 9,1,10,,155750,16,0,57 8 9,1,14,,155751,16,0,34 10 9,1,10,,155752,16,0,57 8 9,1,15,,155753,16,0,34 10 9,1,55,,155754,16,0,57 8 9,1,43,,155755,15,0,7 8 9,1,157,,155756,15,0,5 10 9,1,100,,155757,15,0,5 10 9,1,98,,155758,15,0,5 10 9,1,105,,155759,15,0,5 10 9,1,108,,155760,16,0,57 8 9,1,83,,155761,16,0,34 10 9,1,30,,155762,16,0,57 8 9,1,70,,155763,16,0,57 8 9,1,32,,155764,16,0,57 8 9,1,75,,155765,16,0,57 8 9,1,25,,155766,16,0,57 8 9,1,75,,155767,15,0,7 8 9,1,25,,155768,15,0,7 8 9,1,67,,155769,15,0,5 10 9,1,100,,155770,15,0,5 10 9,1,100,,155771,15,0,5 10 9,1,100,,155772,15,0,5 10 9,1,155,,155773,15,0,5 10 9,1
2701,'20260630',612,,155774,15,0,7 8 9,1,108,,155775,16,0,57 8 9,1,25,,155776,16,0,57 8 9,1,60,,155777,16,0,34 10 9,1,10,,155778,16,0,57 8 9,1,14,,155779,16,0,34 10 9,1,10,,155780,16,0,57 8 9,1,15,,155781,16,0,34 10 9,1,55,,155782,16,0,57 8 9,1,43,,155783,15,0,7 8 9,1,157,,155784,15,0,5 10 9,1,100,,155785,15,0,5 10 9,1,98,,155786,15,0,5 10 9,1,105,,155787,15,0,5 10 9,1,108,,155788,16,0,57 8 9,1,83,,155789,16,0,34 10 9,1,30,,155790,16,0,57 8 9,1,70,,155791,16,0,57 8 9,1,32,,155792,16,0,57 8 9,1,75,,155793,16,0,57 8 9,1,25,,155794,16,0,57 8 9,1,75,,155795,15,0,7 8 9,1,25,,155796,15,0,7 8 9,1,67,,155797,15,0,5 10 9,1,100,,155798,15,0,5 10 9,1,100,,155799,15,0,5 10 9,1,100,,155800,15,0,5 10 9,1,155,,155801,15,0,5 10 9,1
2701,'20260701',712,,155802,15,0,7 8 9,1,105,,155803,15,0,5 10 9,1,100,,155804,15,0,5 10 9,1,95,,155805,15,0,5 10 9,1,105,,155806,15,0,5 10 9,1,100,,155807,15,0,5 10 9,1,110,,155808,15,0,5 10 9,1,97,,155809,15,0,5 10 9,1,103,,155810,15,0,5 10 9,1,100,,155811,15,0,5 10 9,1,100,,155812,15,0,5 10 9,1,100,,155813,15,0,5 10 9,1,95,,155814,15,0,5 10 9,1,100,,155815,15,0,5 10 9,1,192,,155816,15,0,5 10 9,1,198,,155817,15,0,5 10 9,1
2701,'20260702',612,,155818,15,0,7 8 9,1,108,,155819,16,0,57 8 9,1,25,,155820,16,0,57 8 9,1,60,,155821,16,0,34 10 9,1,10,,155822,16,0,57 8 9,1,14,,155823,16,0,34 10 9,1,10,,155824,16,0,57 8 9,1,15,,155825,16,0,34 10 9,1,55,,155826,16,0,57 8 9,1,43,,155827,15,0,7 8 9,1,157,,155828,15,0,5 10 9,1,100,,155829,15,0,5 10 9,1,98,,155830,15,0,5 10 9,1,105,,155831,15,0,5 10 9,1,108,,155832,16,0,57 8 9,1,83,,155833,16,0,34 10 9,1,30,,155834,16,0,57 8 9,1,70,,155835,16,0,57 8 9,1,32,,155836,16,0,57 8 9,1,75,,155837,16,0,57 8 9,1,25,,155838,16,0,57 8 9,1,75,,155839,15,0,7 8 9,1,25,,155840,15,0,7 8 9,1,67,,155841,15,0,5 10 9,1,100,,155842,15,0,5 10 9,1,100,,155843,15,0,5 10 9,1,100,,155844,15,0,5 10 9,1,155,,155845,15,0,5 10 9,1
2701,'20260703',612,,155846,15,0,7 8 9,1,108,,155847,16,0,57 8 9,1,25,,155848,16,0,57 8 9,1,60,,155849,16,0,34 10 9,1,10,,155850,16,0,57 8 9,1,14,,155851,16,0,34 10 9,1,10,,155852,16,0,57 8 9,1,15,,155853,16,0,34 10 9,1,55,,155854,16,0,57 8 9,1,43,,155855,15,0,7 8 9,1,157,,155856,15,0,5 10 9,1,100,,155857,15,0,5 10 9,1,98,,155858,15,0,5 10 9,1,105,,155859,15,0,5 10 9,1,108,,155860,16,0,57 8 9,1,83,,155861,16,0,34 10 9,1,30,,155862,16,0,57 8 9,1,70,,155863,16,0,57 8 9,1,32,,155864,16,0,57 8 9,1,75,,155865,16,0,57 8 9,1,25,,155866,16,0,57 8 9,1,75,,155867,15,0,7 8 9,1,25,,155868,15,0,7 8 9,1,67,,155869,15,0,5 10 9,1,100,,155870,15,0,5 10 9,1,100,,155871,15,0,5 10 9,1,100,,155872,15,0,5 10 9,1,155,,155873,15,0,5 10 9,1
2701,'20260704',712,,155874,15,0,7 8 9,1,105,,155875,15,0,5 10 9,1,100,,155876,15,0,5 10 9,1,95,,155877,15,0,5 10 9,1,105,,155878,15,0,5 10 9,1,100,,155879,15,0,5 10 9,1,110,,155880,15,0,5 10 9,1,97,,155881,15,0,5 10 9,1,103,,155882,15,0,5 10 9,1,100,,155883,15,0,5 10 9,1,100,,155884,15,0,5 10 9,1,100,,155885,15,0,5 10 9,1,95,,155886,15,0,5 10 9,1,100,,155887,15,0,5 10 9,1,192,,155888,15,0,5 10 9,1,198,,155889,15,0,5 10 9,1
2701,'20260705',712,,155890,15,0,7 8 9,1,105,,155891,15,0,5 10 9,1,100,,155892,15,0,5 10 9,1,95,,155893,15,0,5 10 9,1,105,,155894,15,0,5 10 9,1,100,,155895,15,0,5 10 9,1,110,,155896,15,0,5 10 9,1,97,,155897,15,0,5 10 9,1,103,,155898,15,0,5 10 9,1,100,,155899,15,0,5 10 9,1,100,,155900,15,0,5 10 9,1,100,,155901,15,0,5 10 9,1,95,,155902,15,0,5 10 9,1,100,,155903,15,0,5 10 9,1,192,,155904,15,0,5 10 9,1,198,,155905,15,0,5 10 9,1
2701,'20260706',612,,155906,15,0,7 8 9,1,108,,155907,16,0,57 8 9,1,25,,155908,16,0,57 8 9,1,60,,155909,16,0,34 10 9,1,10,,155910,16,0,57 8 9,1,14,,155911,16,0,34 10 9,1,10,,155912,16,0,57 8 9,1,15,,155913,16,0,34 10 9,1,55,,155914,16,0,57 8 9,1,43,,155915,15,0,7 8 9,1,157,,155916,15,0,5 10 9,1,100,,155917,15,0,5 10 9,1,98,,155918,15,0,5 10 9,1,105,,155919,15,0,5 10 9,1,108,,155920,16,0,57 8 9,1,83,,155921,16,0,34 10 9,1,30,,155922,16,0,57 8 9,1,70,,155923,16,0,57 8 9,1,32,,155924,16,0,57 8 9,1,75,,155925,16,0,57 8 9,1,25,,155926,16,0,57 8 9,1,75,,155927,15,0,7 8 9,1,25,,155928,15,0,7 8 9,1,67,,155929,15,0,5 10 9,1,100,,155930,15,0,5 10 9,1,100,,155931,15,0,5 10 9,1,100,,155932,15,0,5 10 9,1,155,,155933,15,0,5 10 9,1
2701,'20260707',612,,155934,15,0,7 8 9,1,108,,155935,16,0,57 8 9,1,25,,155936,16,0,57 8 9,1,60,,155937,16,0,34 10 9,1,10,,155938,16,0,57 8 9,1,14,,155939,16,0,34 10 9,1,10,,155940,16,0,57 8 9,1,15,,155941,16,0,34 10 9,1,55,,155942,16,0,57 8 9,1,43,,155943,15,0,7 8 9,1,157,,155944,15,0,5 10 9,1,100,,155945,15,0,5 10 9,1,98,,155946,15,0,5 10 9,1,105,,155947,15,0,5 10 9,1,108,,155948,16,0,57 8 9,1,83,,155949,16,0,34 10 9,1,30,,155950,16,0,57 8 9,1,70,,155951,16,0,57 8 9,1,32,,155952,16,0,57 8 9,1,75,,155953,16,0,57 8 9,1,25,,155954,16,0,57 8 9,1,75,,155955,15,0,7 8 9,1,25,,155956,15,0,7 8 9,1,67,,155957,15,0,5 10 9,1,100,,155958,15,0,5 10 9,1,100,,155959,15,0,5 10 9,1,100,,155960,15,0,5 10 9,1,155,,155961,15,0,5 10 9,1
2701,'20260708',612,,155962,15,0,7 8 9,1,108,,155963,16,0,57 8 9,1,25,,155964,16,0,57 8 9,1,60,,155965,16,0,34 10 9,1,10,,155966,16,0,57 8 9,1,14,,155967,16,0,34 10 9,1,10,,155968,16,0,57 8 9,1,15,,155969,16,0,34 10 9,1,55,,155970,16,0,57 8 9,1,43,,155971,15,0,7 8 9,1,157,,155972,15,0,5 10 9,1,100,,155973,15,0,5 10 9,1,98,,155974,15,0,5 10 9,1,105,,155975,15,0,5 10 9,1,108,,155976,16,0,57 8 9,1,83,,155977,16,0,34 10 9,1,30,,155978,16,0,57 8 9,1,70,,155979,16,0,57 8 9,1,32,,155980,16,0,57 8 9,1,75,,155981,16,0,57 8 9,1,25,,155982,16,0,57 8 9,1,75,,155983,15,0,7 8 9,1,25,,155984,15,0,7 8 9,1,67,,155985,15,0,5 10 9,1,100,,155986,15,0,5 10 9,1,100,,155987,15,0,5 10 9,1,100,,155988,15,0,5 10 9,1,155,,155989,15,0,5 10 9,1
2701,'20260709',612,,155990,15,0,7 8 9,1,108,,155991,16,0,57 8 9,1,25,,155992,16,0,57 8 9,1,60,,155993,16,0,34 10 9,1,10,,155994,16,0,57 8 9,1,14,,155995,16,0,34 10 9,1,10,,155996,16,0,57 8 9,1,15,,155997,16,0,34 10 9,1,55,,155998,16,0,57 8 9,1,43,,155999,15,0,7 8 9,1,157,,156000,15,0,5 10 9,1,100,,156001,15,0,5 10 9,1,98,,156002,15,0,5 10 9,1,105,,156003,15,0,5 10 9,1,108,,156004,16,0,57 8 9,1,83,,156005,16,0,34 10 9,1,30,,156006,16,0,57 8 9,1,70,,156007,16,0,57 8 9,1,32,,156008,16,0,57 8 9,1,75,,156009,16,0,57 8 9,1,25,,156010,16,0,57 8 9,1,75,,156011,15,0,7 8 9,1,25,,156012,15,0,7 8 9,1,67,,156013,15,0,5 10 9,1,100,,156014,15,0,5 10 9,1,100,,156015,15,0,5 10 9,1,100,,156016,15,0,5 10 9,1,155,,156017,15,0,5 10 9,1
2701,'20260710',612,,156018,15,0,7 8 9,1,108,,156019,16,0,57 8 9,1,25,,156020,16,0,57 8 9,1,60,,156021,16,0,34 10 9,1,10,,156022,16,0,57 8 9,1,14,,156023,16,0,34 10 9,1,10,,156024,16,0,57 8 9,1,15,,156025,16,0,34 10 9,1,55,,156026,16,0,57 8 9,1,43,,156027,15,0,7 8 9,1,157,,156028,15,0,5 10 9,1,100,,156029,15,0,5 10 9,1,98,,156030,15,0,5 10 9,1,105,,156031,15,0,5 10 9,1,108,,156032,16,0,57 8 9,1,83,,156033,16,0,34 10 9,1,30,,156034,16,0,57 8 9,1,70,,156035,16,0,57 8 9,1,32,,156036,16,0,57 8 9,1,75,,156037,16,0,57 8 9,1,25,,156038,16,0,57 8 9,1,75,,156039,15,0,7 8 9,1,25,,156040,15,0,7 8 9,1,67,,156041,15,0,5 10 9,1,100,,156042,15,0,5 10 9,1,100,,156043,15,0,5 10 9,1,100,,156044,15,0,5 10 9,1,155,,156045,15,0,5 10 9,1
2701,'20260711',712,,156046,15,0,7 8 9,1,105,,156047,15,0,5 10 9,1,100,,156048,15,0,5 10 9,1,95,,156049,15,0,5 10 9,1,105,,156050,15,0,5 10 9,1,100,,156051,15,0,5 10 9,1,110,,156052,15,0,5 10 9,1,97,,156053,15,0,5 10 9,1,103,,156054,15,0,5 10 9,1,100,,156055,15,0,5 10 9,1,100,,156056,15,0,5 10 9,1,100,,156057,15,0,5 10 9,1,95,,156058,15,0,5 10 9,1,100,,156059,15,0,5 10 9,1,192,,156060,15,0,5 10 9,1,198,,156061,15,0,5 10 9,1
2701,'20260712',712,,156062,15,0,7 8 9,1,105,,156063,15,0,5 10 9,1,100,,156064,15,0,5 10 9,1,95,,156065,15,0,5 10 9,1,105,,156066,15,0,5 10 9,1,100,,156067,15,0,5 10 9,1,110,,156068,15,0,5 10 9,1,97,,156069,15,0,5 10 9,1,103,,156070,15,0,5 10 9,1,100,,156071,15,0,5 10 9,1,100,,156072,15,0,5 10 9,1,100,,156073,15,0,5 10 9,1,95,,156074,15,0,5 10 9,1,100,,156075,15,0,5 10 9,1,192,,156076,15,0,5 10 9,1,198,,156077,15,0,5 10 9,1
2701,'20260713',612,,156078,15,0,7 8 9,1,108,,156079,16,0,57 8 9,1,25,,156080,16,0,57 8 9,1,60,,156081,16,0,34 10 9,1,10,,156082,16,0,57 8 9,1,14,,156083,16,0,34 10 9,1,10,,156084,16,0,57 8 9,1,15,,156085,16,0,34 10 9,1,55,,156086,16,0,57 8 9,1,43,,156087,15,0,7 8 9,1,157,,156088,15,0,5 10 9,1,100,,156089,15,0,5 10 9,1,98,,156090,15,0,5 10 9,1,105,,156091,15,0,5 10 9,1,108,,156092,16,0,57 8 9,1,83,,156093,16,0,34 10 9,1,30,,156094,16,0,57 8 9,1,70,,156095,16,0,57 8 9,1,32,,156096,16,0,57 8 9,1,75,,156097,16,0,57 8 9,1,25,,156098,16,0,57 8 9,1,75,,156099,15,0,7 8 9,1,25,,156100,15,0,7 8 9,1,67,,156101,15,0,5 10 9,1,100,,156102,15,0,5 10 9,1,100,,156103,15,0,5 10 9,1,100,,156104,15,0,5 10 9,1,155,,156105,15,0,5 10 9,1
2701,'20260714',612,,156106,15,0,7 8 9,1,108,,156107,16,0,57 8 9,1,25,,156108,16,0,57 8 9,1,60,,156109,16,0,34 10 9,1,10,,156110,16,0,57 8 9,1,14,,156111,16,0,34 10 9,1,10,,156112,16,0,57 8 9,1,15,,156113,16,0,34 10 9,1,55,,156114,16,0,57 8 9,1,43,,156115,15,0,7 8 9,1,157,,156116,15,0,5 10 9,1,100,,156117,15,0,5 10 9,1,98,,156118,15,0,5 10 9,1,105,,156119,15,0,5 10 9,1,108,,156120,16,0,57 8 9,1,83,,156121,16,0,34 10 9,1,30,,156122,16,0,57 8 9,1,70,,156123,16,0,57 8 9,1,32,,156124,16,0,57 8 9,1,75,,156125,16,0,57 8 9,1,25,,156126,16,0,57 8 9,1,75,,156127,15,0,7 8 9,1,25,,156128,15,0,7 8 9,1,67,,156129,15,0,5 10 9,1,100,,156130,15,0,5 10 9,1,100,,156131,15,0,5 10 9,1,100,,156132,15,0,5 10 9,1,155,,156133,15,0,5 10 9,1
2701,'20260715',612,,156134,15,0,7 8 9,1,108,,156135,16,0,57 8 9,1,25,,156136,16,0,57 8 9,1,60,,156137,16,0,34 10 9,1,10,,156138,16,0,57 8 9,1,14,,156139,16,0,34 10 9,1,10,,156140,16,0,57 8 9,1,15,,156141,16,0,34 10 9,1,55,,156142,16,0,57 8 9,1,43,,156143,15,0,7 8 9,1,157,,156144,15,0,5 10 9,1,100,,156145,15,0,5 10 9,1,98,,156146,15,0,5 10 9,1,105,,156147,15,0,5 10 9,1,108,,156148,16,0,57 8 9,1,83,,156149,16,0,34 10 9,1,30,,156150,16,0,57 8 9,1,70,,156151,16,0,57 8 9,1,32,,156152,16,0,57 8 9,1,75,,156153,16,0,57 8 9,1,25,,156154,16,0,57 8 9,1,75,,156155,15,0,7 8 9,1,25,,156156,15,0,7 8 9,1,67,,156157,15,0,5 10 9,1,100,,156158,15,0,5 10 9,1,100,,156159,15,0,5 10 9,1,100,,156160,15,0,5 10 9,1,155,,156161,15,0,5 10 9,1
2701,'20260716',612,,156162,15,0,7 8 9,1,108,,156163,16,0,57 8 9,1,25,,156164,16,0,57 8 9,1,60,,156165,16,0,34 10 9,1,10,,156166,16,0,57 8 9,1,14,,156167,16,0,34 10 9,1,10,,156168,16,0,57 8 9,1,15,,156169,16,0,34 10 9,1,55,,156170,16,0,57 8 9,1,43,,156171,15,0,7 8 9,1,157,,156172,15,0,5 10 9,1,100,,156173,15,0,5 10 9,1,98,,156174,15,0,5 10 9,1,105,,156175,15,0,5 10 9,1,108,,156176,16,0,57 8 9,1,83,,156177,16,0,34 10 9,1,30,,156178,16,0,57 8 9,1,70,,156179,16,0,57 8 9,1,32,,156180,16,0,57 8 9,1,75,,156181,16,0,57 8 9,1,25,,156182,16,0,57 8 9,1,75,,156183,15,0,7 8 9,1,25,,156184,15,0,7 8 9,1,67,,156185,15,0,5 10 9,1,100,,156186,15,0,5 10 9,1,100,,156187,15,0,5 10 9,1,100,,156188,15,0,5 10 9,1,155,,156189,15,0,5 10 9,1
2701,'20260717',612,,156190,15,0,7 8 9,1,108,,156191,16,0,57 8 9,1,25,,156192,16,0,57 8 9,1,60,,156193,16,0,34 10 9,1,10,,156194,16,0,57 8 9,1,14,,156195,16,0,34 10 9,1,10,,156196,16,0,57 8 9,1,15,,156197,16,0,34 10 9,1,55,,156198,16,0,57 8 9,1,43,,156199,15,0,7 8 9,1,157,,156200,15,0,5 10 9,1,100,,156201,15,0,5 10 9,1,98,,156202,15,0,5 10 9,1,105,,156203,15,0,5 10 9,1,108,,156204,16,0,57 8 9,1,83,,156205,16,0,34 10 9,1,30,,156206,16,0,57 8 9,1,70,,156207,16,0,57 8 9,1,32,,156208,16,0,57 8 9,1,75,,156209,16,0,57 8 9,1,25,,156210,16,0,57 8 9,1,75,,156211,15,0,7 8 9,1,25,,156212,15,0,7 8 9,1,67,,156213,15,0,5 10 9,1,100,,156214,15,0,5 10 9,1,100,,156215,15,0,5 10 9,1,100,,156216,15,0,5 10 9,1,155,,156217,15,0,5 10 9,1
2701,'20260718',712,,156218,15,0,7 8 9,1,105,,156219,15,0,5 10 9,1,100,,156220,15,0,5 10 9,1,95,,156221,15,0,5 10 9,1,105,,156222,15,0,5 10 9,1,100,,156223,15,0,5 10 9,1,110,,156224,15,0,5 10 9,1,97,,156225,15,0,5 10 9,1,103,,156226,15,0,5 10 9,1,100,,156227,15,0,5 10 9,1,100,,156228,15,0,5 10 9,1,100,,156229,15,0,5 10 9,1,95,,156230,15,0,5 10 9,1,100,,156231,15,0,5 10 9,1,192,,156232,15,0,5 10 9,1,198,,156233,15,0,5 10 9,1
2701,'20260719',712,,156234,15,0,7 8 9,1,105,,156235,15,0,5 10 9,1,100,,156236,15,0,5 10 9,1,95,,156237,15,0,5 10 9,1,105,,156238,15,0,5 10 9,1,100,,156239,15,0,5 10 9,1,110,,156240,15,0,5 10 9,1,97,,156241,15,0,5 10 9,1,103,,156242,15,0,5 10 9,1,100,,156243,15,0,5 10 9,1,100,,156244,15,0,5 10 9,1,100,,156245,15,0,5 10 9,1,95,,156246,15,0,5 10 9,1,100,,156247,15,0,5 10 9,1,192,,156248,15,0,5 10 9,1,198,,156249,15,0,5 10 9,1
2701,'20260720',612,,156250,15,0,7 8 9,1,108,,156251,16,0,57 8 9,1,25,,156252,16,0,57 8 9,1,60,,156253,16,0,34 10 9,1,10,,156254,16,0,57 8 9,1,14,,156255,16,0,34 10 9,1,10,,156256,16,0,57 8 9,1,15,,156257,16,0,34 10 9,1,55,,156258,16,0,57 8 9,1,43,,156259,15,0,7 8 9,1,157,,156260,15,0,5 10 9,1,100,,156261,15,0,5 10 9,1,98,,156262,15,0,5 10 9,1,105,,156263,15,0,5 10 9,1,108,,156264,16,0,57 8 9,1,83,,156265,16,0,34 10 9,1,30,,156266,16,0,57 8 9,1,70,,156267,16,0,57 8 9,1,32,,156268,16,0,57 8 9,1,75,,156269,16,0,57 8 9,1,25,,156270,16,0,57 8 9,1,75,,156271,15,0,7 8 9,1,25,,156272,15,0,7 8 9,1,67,,156273,15,0,5 10 9,1,100,,156274,15,0,5 10 9,1,100,,156275,15,0,5 10 9,1,100,,156276,15,0,5 10 9,1,155,,156277,15,0,5 10 9,1
2701,'20260721',612,,156278,15,0,7 8 9,1,108,,156279,16,0,57 8 9,1,25,,156280,16,0,57 8 9,1,60,,156281,16,0,34 10 9,1,10,,156282,16,0,57 8 9,1,14,,156283,16,0,34 10 9,1,10,,156284,16,0,57 8 9,1,15,,156285,16,0,34 10 9,1,55,,156286,16,0,57 8 9,1,43,,156287,15,0,7 8 9,1,157,,156288,15,0,5 10 9,1,100,,156289,15,0,5 10 9,1,98,,156290,15,0,5 10 9,1,105,,156291,15,0,5 10 9,1,108,,156292,16,0,57 8 9,1,83,,156293,16,0,34 10 9,1,30,,156294,16,0,57 8 9,1,70,,156295,16,0,57 8 9,1,32,,156296,16,0,57 8 9,1,75,,156297,16,0,57 8 9,1,25,,156298,16,0,57 8 9,1,75,,156299,15,0,7 8 9,1,25,,156300,15,0,7 8 9,1,67,,156301,15,0,5 10 9,1,100,,156302,15,0,5 10 9,1,100,,156303,15,0,5 10 9,1,100,,156304,15,0,5 10 9,1,155,,156305,15,0,5 10 9,1
2701,'20260722',612,,156306,15,0,7 8 9,1,108,,156307,16,0,57 8 9,1,25,,156308,16,0,57 8 9,1,60,,156309,16,0,34 10 9,1,10,,156310,16,0,57 8 9,1,14,,156311,16,0,34 10 9,1,10,,156312,16,0,57 8 9,1,15,,156313,16,0,34 10 9,1,55,,156314,16,0,57 8 9,1,43,,156315,15,0,7 8 9,1,157,,156316,15,0,5 10 9,1,100,,156317,15,0,5 10 9,1,98,,156318,15,0,5 10 9,1,105,,156319,15,0,5 10 9,1,108,,156320,16,0,57 8 9,1,83,,156321,16,0,34 10 9,1,30,,156322,16,0,57 8 9,1,70,,156323,16,0,57 8 9,1,32,,156324,16,0,57 8 9,1,75,,156325,16,0,57 8 9,1,25,,156326,16,0,57 8 9,1,75,,156327,15,0,7 8 9,1,25,,156328,15,0,7 8 9,1,67,,156329,15,0,5 10 9,1,100,,156330,15,0,5 10 9,1,100,,156331,15,0,5 10 9,1,100,,156332,15,0,5 10 9,1,155,,156333,15,0,5 10 9,1
2701,'20260723',612,,156334,15,0,7 8 9,1,108,,156335,16,0,57 8 9,1,25,,156336,16,0,57 8 9,1,60,,156337,16,0,34 10 9,1,10,,156338,16,0,57 8 9,1,14,,156339,16,0,34 10 9,1,10,,156340,16,0,57 8 9,1,15,,156341,16,0,34 10 9,1,55,,156342,16,0,57 8 9,1,43,,156343,15,0,7 8 9,1,157,,156344,15,0,5 10 9,1,100,,156345,15,0,5 10 9,1,98,,156346,15,0,5 10 9,1,105,,156347,15,0,5 10 9,1,108,,156348,16,0,57 8 9,1,83,,156349,16,0,34 10 9,1,30,,156350,16,0,57 8 9,1,70,,156351,16,0,57 8 9,1,32,,156352,16,0,57 8 9,1,75,,156353,16,0,57 8 9,1,25,,156354,16,0,57 8 9,1,75,,156355,15,0,7 8 9,1,25,,156356,15,0,7 8 9,1,67,,156357,15,0,5 10 9,1,100,,156358,15,0,5 10 9,1,100,,156359,15,0,5 10 9,1,100,,156360,15,0,5 10 9,1,155,,156361,15,0,5 10 9,1
2701,'20260724',612,,156362,15,0,7 8 9,1,108,,156363,16,0,57 8 9,1,25,,156364,16,0,57 8 9,1,60,,156365,16,0,34 10 9,1,10,,156366,16,0,57 8 9,1,14,,156367,16,0,34 10 9,1,10,,156368,16,0,57 8 9,1,15,,156369,16,0,34 10 9,1,55,,156370,16,0,57 8 9,1,43,,156371,15,0,7 8 9,1,157,,156372,15,0,5 10 9,1,100,,156373,15,0,5 10 9,1,98,,156374,15,0,5 10 9,1,105,,156375,15,0,5 10 9,1,108,,156376,16,0,57 8 9,1,83,,156377,16,0,34 10 9,1,30,,156378,16,0,57 8 9,1,70,,156379,16,0,57 8 9,1,32,,156380,16,0,57 8 9,1,75,,156381,16,0,57 8 9,1,25,,156382,16,0,57 8 9,1,75,,156383,15,0,7 8 9,1,25,,156384,15,0,7 8 9,1,67,,156385,15,0,5 10 9,1,100,,156386,15,0,5 10 9,1,100,,156387,15,0,5 10 9,1,100,,156388,15,0,5 10 9,1,155,,156389,15,0,5 10 9,1
2701,'20260725',712,,156390,15,0,7 8 9,1,105,,156391,15,0,5 10 9,1,100,,156392,15,0,5 10 9,1,95,,156393,15,0,5 10 9,1,105,,156394,15,0,5 10 9,1,100,,156395,15,0,5 10 9,1,110,,156396,15,0,5 10 9,1,97,,156397,15,0,5 10 9,1,103,,156398,15,0,5 10 9,1,100,,156399,15,0,5 10 9,1,100,,156400,15,0,5 10 9,1,100,,156401,15,0,5 10 9,1,95,,156402,15,0,5 10 9,1,100,,156403,15,0,5 10 9,1,192,,156404,15,0,5 10 9,1,198,,156405,15,0,5 10 9,1
2701,'20260726',712,,156406,15,0,7 8 9,1,105,,156407,15,0,5 10 9,1,100,,156408,15,0,5 10 9,1,95,,156409,15,0,5 10 9,1,105,,156410,15,0,5 10 9,1,100,,156411,15,0,5 10 9,1,110,,156412,15,0,5 10 9,1,97,,156413,15,0,5 10 9,1,103,,156414,15,0,5 10 9,1,100,,156415,15,0,5 10 9,1,100,,156416,15,0,5 10 9,1,100,,156417,15,0,5 10 9,1,95,,156418,15,0,5 10 9,1,100,,156419,15,0,5 10 9,1,192,,156420,15,0,5 10 9,1,198,,156421,15,0,5 10 9,1
2701,'20260727',612,,156422,15,0,7 8 9,1,108,,156423,16,0,57 8 9,1,25,,156424,16,0,57 8 9,1,60,,156425,16,0,34 10 9,1,10,,156426,16,0,57 8 9,1,14,,156427,16,0,34 10 9,1,10,,156428,16,0,57 8 9,1,15,,156429,16,0,34 10 9,1,55,,156430,16,0,57 8 9,1,43,,156431,15,0,7 8 9,1,157,,156432,15,0,5 10 9,1,100,,156433,15,0,5 10 9,1,98,,156434,15,0,5 10 9,1,105,,156435,15,0,5 10 9,1,108,,156436,16,0,57 8 9,1,83,,156437,16,0,34 10 9,1,30,,156438,16,0,57 8 9,1,70,,156439,16,0,57 8 9,1,32,,156440,16,0,57 8 9,1,75,,156441,16,0,57 8 9,1,25,,156442,16,0,57 8 9,1,75,,156443,15,0,7 8 9,1,25,,156444,15,0,7 8 9,1,67,,156445,15,0,5 10 9,1,100,,156446,15,0,5 10 9,1,100,,156447,15,0,5 10 9,1,100,,156448,15,0,5 10 9,1,155,,156449,15,0,5 10 9,1
2701,'20260728',612,,156450,15,0,7 8 9,1,108,,156451,16,0,57 8 9,1,25,,156452,16,0,57 8 9,1,60,,156453,16,0,34 10 9,1,10,,156454,16,0,57 8 9,1,14,,156455,16,0,34 10 9,1,10,,156456,16,0,57 8 9,1,15,,156457,16,0,34 10 9,1,55,,156458,16,0,57 8 9,1,43,,156459,15,0,7 8 9,1,157,,156460,15,0,5 10 9,1,100,,156461,15,0,5 10 9,1,98,,156462,15,0,5 10 9,1,105,,156463,15,0,5 10 9,1,108,,156464,16,0,57 8 9,1,83,,156465,16,0,34 10 9,1,30,,156466,16,0,57 8 9,1,70,,156467,16,0,57 8 9,1,32,,156468,16,0,57 8 9,1,75,,156469,16,0,57 8 9,1,25,,156470,16,0,57 8 9,1,75,,156471,15,0,7 8 9,1,25,,156472,15,0,7 8 9,1,67,,156473,15,0,5 10 9,1,100,,156474,15,0,5 10 9,1,100,,156475,15,0,5 10 9,1,100,,156476,15,0,5 10 9,1,155,,156477,15,0,5 10 9,1
2701,'20260729',612,,156478,15,0,7 8 9,1,108,,156479,16,0,57 8 9,1,25,,156480,16,0,57 8 9,1,60,,156481,16,0,34 10 9,1,10,,156482,16,0,57 8 9,1,14,,156483,16,0,34 10 9,1,10,,156484,16,0,57 8 9,1,15,,156485,16,0,34 10 9,1,55,,156486,16,0,57 8 9,1,43,,156487,15,0,7 8 9,1,157,,156488,15,0,5 10 9,1,100,,156489,15,0,5 10 9,1,98,,156490,15,0,5 10 9,1,105,,156491,15,0,5 10 9,1,108,,156492,16,0,57 8 9,1,83,,156493,16,0,34 10 9,1,30,,156494,16,0,57 8 9,1,70,,156495,16,0,57 8 9,1,32,,156496,16,0,57 8 9,1,75,,156497,16,0,57 8 9,1,25,,156498,16,0,57 8 9,1,75,,156499,15,0,7 8 9,1,25,,156500,15,0,7 8 9,1,67,,156501,15,0,5 10 9,1,100,,156502,15,0,5 10 9,1,100,,156503,15,0,5 10 9,1,100,,156504,15,0,5 10 9,1,155,,156505,15,0,5 10 9,1
2701,'20260730',612,,156506,15,0,7 8 9,1,108,,156507,16,0,57 8 9,1,25,,156508,16,0,57 8 9,1,60,,156509,16,0,34 10 9,1,10,,156510,16,0,57 8 9,1,14,,156511,16,0,34 10 9,1,10,,156512,16,0,57 8 9,1,15,,156513,16,0,34 10 9,1,55,,156514,16,0,57 8 9,1,43,,156515,15,0,7 8 9,1,157,,156516,15,0,5 10 9,1,100,,156517,15,0,5 10 9,1,98,,156518,15,0,5 10 9,1,105,,156519,15,0,5 10 9,1,108,,156520,16,0,57 8 9,1,83,,156521,16,0,34 10 9,1,30,,156522,16,0,57 8 9,1,70,,156523,16,0,57 8 9,1,32,,156524,16,0,57 8 9,1,75,,156525,16,0,57 8 9,1,25,,156526,16,0,57 8 9,1,75,,156527,15,0,7 8 9,1,25,,156528,15,0,7 8 9,1,67,,156529,15,0,5 10 9,1,100,,156530,15,0,5 10 9,1,100,,156531,15,0,5 10 9,1,100,,156532,15,0,5 10 9,1,155,,156533,15,0,5 10 9,1
2701,'20260731',612,,156534,15,0,7 8 9,1,108,,156535,16,0,57 8 9,1,25,,156536,16,0,57 8 9,1,60,,156537,16,0,34 10 9,1,10,,156538,16,0,57 8 9,1,14,,156539,16,0,34 10 9,1,10,,156540,16,0,57 8 9,1,15,,156541,16,0,34 10 9,1,55,,156542,16,0,57 8 9,1,43,,156543,15,0,7 8 9,1,157,,156544,15,0,5 10 9,1,100,,156545,15,0,5 10 9,1,98,,156546,15,0,5 10 9,1,105,,156547,15,0,5 10 9,1,108,,156548,16,0,57 8 9,1,83,,156549,16,0,34 10 9,1,30,,156550,16,0,57 8 9,1,70,,156551,16,0,57 8 9,1,32,,156552,16,0,57 8 9,1,75,,156553,16,0,57 8 9,1,25,,156554,16,0,57 8 9,1,75,,156555,15,0,7 8 9,1,25,,156556,15,0,7 8 9,1,67,,156557,15,0,5 10 9,1,100,,156558,15,0,5 10 9,1,100,,156559,15,0,5 10 9,1,100,,156560,15,0,5 10 9,1,155,,156561,15,0,5 10 9,1
2701,'20260801',712,,156562,15,0,7 8 9,1,105,,156563,15,0,5 10 9,1,100,,156564,15,0,5 10 9,1,95,,156565,15,0,5 10 9,1,105,,156566,15,0,5 10 9,1,100,,156567,15,0,5 10 9,1,110,,156568,15,0,5 10 9,1,97,,156569,15,0,5 10 9,1,103,,156570,15,0,5 10 9,1,100,,156571,15,0,5 10 9,1,100,,156572,15,0,5 10 9,1,100,,156573,15,0,5 10 9,1,95,,156574,15,0,5 10 9,1,100,,156575,15,0,5 10 9,1,192,,156576,15,0,5 10 9,1,198,,156577,15,0,5 10 9,1
2701,'20260802',712,,156578,15,0,7 8 9,1,105,,156579,15,0,5 10 9,1,100,,156580,15,0,5 10 9,1,95,,156581,15,0,5 10 9,1,105,,156582,15,0,5 10 9,1,100,,156583,15,0,5 10 9,1,110,,156584,15,0,5 10 9,1,97,,156585,15,0,5 10 9,1,103,,156586,15,0,5 10 9,1,100,,156587,15,0,5 10 9,1,100,,156588,15,0,5 10 9,1,100,,156589,15,0,5 10 9,1,95,,156590,15,0,5 10 9,1,100,,156591,15,0,5 10 9,1,192,,156592,15,0,5 10 9,1,198,,156593,15,0,5 10 9,1
2701,'20260803',712,,156594,15,0,7 8 9,1,105,,156595,15,0,5 10 9,1,100,,156596,15,0,5 10 9,1,95,,156597,15,0,5 10 9,1,105,,156598,15,0,5 10 9,1,100,,156599,15,0,5 10 9,1,110,,156600,15,0,5 10 9,1,97,,156601,15,0,5 10 9,1,103,,156602,15,0,5 10 9,1,100,,156603,15,0,5 10 9,1,100,,156604,15,0,5 10 9,1,100,,156605,15,0,5 10 9,1,95,,156606,15,0,5 10 9,1,100,,156607,15,0,5 10 9,1,192,,156608,15,0,5 10 9,1,198,,156609,15,0,5 10 9,1
2701,'20260804',612,,156610,15,0,7 8 9,1,108,,156611,16,0,57 8 9,1,25,,156612,16,0,57 8 9,1,60,,156613,16,0,34 10 9,1,10,,156614,16,0,57 8 9,1,14,,156615,16,0,34 10 9,1,10,,156616,16,0,57 8 9,1,15,,156617,16,0,34 10 9,1,55,,156618,16,0,57 8 9,1,43,,156619,15,0,7 8 9,1,157,,156620,15,0,5 10 9,1,100,,156621,15,0,5 10 9,1,98,,156622,15,0,5 10 9,1,105,,156623,15,0,5 10 9,1,108,,156624,16,0,57 8 9,1,83,,156625,16,0,34 10 9,1,30,,156626,16,0,57 8 9,1,70,,156627,16,0,57 8 9,1,32,,156628,16,0,57 8 9,1,75,,156629,16,0,57 8 9,1,25,,156630,16,0,57 8 9,1,75,,156631,15,0,7 8 9,1,25,,156632,15,0,7 8 9,1,67,,156633,15,0,5 10 9,1,100,,156634,15,0,5 10 9,1,100,,156635,15,0,5 10 9,1,100,,156636,15,0,5 10 9,1,155,,156637,15,0,5 10 9,1
2701,'20260805',612,,156638,15,0,7 8 9,1,108,,156639,16,0,57 8 9,1,25,,156640,16,0,57 8 9,1,60,,156641,16,0,34 10 9,1,10,,156642,16,0,57 8 9,1,14,,156643,16,0,34 10 9,1,10,,156644,16,0,57 8 9,1,15,,156645,16,0,34 10 9,1,55,,156646,16,0,57 8 9,1,43,,156647,15,0,7 8 9,1,157,,156648,15,0,5 10 9,1,100,,156649,15,0,5 10 9,1,98,,156650,15,0,5 10 9,1,105,,156651,15,0,5 10 9,1,108,,156652,16,0,57 8 9,1,83,,156653,16,0,34 10 9,1,30,,156654,16,0,57 8 9,1,70,,156655,16,0,57 8 9,1,32,,156656,16,0,57 8 9,1,75,,156657,16,0,57 8 9,1,25,,156658,16,0,57 8 9,1,75,,156659,15,0,7 8 9,1,25,,156660,15,0,7 8 9,1,67,,156661,15,0,5 10 9,1,100,,156662,15,0,5 10 9,1,100,,156663,15,0,5 10 9,1,100,,156664,15,0,5 10 9,1,155,,156665,15,0,5 10 9,1
2701,'20260806',612,,156666,15,0,7 8 9,1,108,,156667,16,0,57 8 9,1,25,,156668,16,0,57 8 9,1,60,,156669,16,0,34 10 9,1,10,,156670,16,0,57 8 9,1,14,,156671,16,0,34 10 9,1,10,,156672,16,0,57 8 9,1,15,,156673,16,0,34 10 9,1,55,,156674,16,0,57 8 9,1,43,,156675,15,0,7 8 9,1,157,,156676,15,0,5 10 9,1,100,,156677,15,0,5 10 9,1,98,,156678,15,0,5 10 9,1,105,,156679,15,0,5 10 9,1,108,,156680,16,0,57 8 9,1,83,,156681,16,0,34 10 9,1,30,,156682,16,0,57 8 9,1,70,,156683,16,0,57 8 9,1,32,,156684,16,0,57 8 9,1,75,,156685,16,0,57 8 9,1,25,,156686,16,0,57 8 9,1,75,,156687,15,0,7 8 9,1,25,,156688,15,0,7 8 9,1,67,,156689,15,0,5 10 9,1,100,,156690,15,0,5 10 9,1,100,,156691,15,0,5 10 9,1,100,,156692,15,0,5 10 9,1,155,,156693,15,0,5 10 9,1
2701,'20260807',612,,156694,15,0,7 8 9,1,108,,156695,16,0,57 8 9,1,25,,156696,16,0,57 8 9,1,60,,156697,16,0,34 10 9,1,10,,156698,16,0,57 8 9,1,14,,156699,16,0,34 10 9,1,10,,156700,16,0,57 8 9,1,15,,156701,16,0,34 10 9,1,55,,156702,16,0,57 8 9,1,43,,156703,15,0,7 8 9,1,157,,156704,15,0,5 10 9,1,100,,156705,15,0,5 10 9,1,98,,156706,15,0,5 10 9,1,105,,156707,15,0,5 10 9,1,108,,156708,16,0,57 8 9,1,83,,156709,16,0,34 10 9,1,30,,156710,16,0,57 8 9,1,70,,156711,16,0,57 8 9,1,32,,156712,16,0,57 8 9,1,75,,156713,16,0,57 8 9,1,25,,156714,16,0,57 8 9,1,75,,156715,15,0,7 8 9,1,25,,156716,15,0,7 8 9,1,67,,156717,15,0,5 10 9,1,100,,156718,15,0,5 10 9,1,100,,156719,15,0,5 10 9,1,100,,156720,15,0,5 10 9,1,155,,156721,15,0,5 10 9,1
2701,'20260808',712,,156722,15,0,7 8 9,1,105,,156723,15,0,5 10 9,1,100,,156724,15,0,5 10 9,1,95,,156725,15,0,5 10 9,1,105,,156726,15,0,5 10 9,1,100,,156727,15,0,5 10 9,1,110,,156728,15,0,5 10 9,1,97,,156729,15,0,5 10 9,1,103,,156730,15,0,5 10 9,1,100,,156731,15,0,5 10 9,1,100,,156732,15,0,5 10 9,1,100,,156733,15,0,5 10 9,1,95,,156734,15,0,5 10 9,1,100,,156735,15,0,5 10 9,1,192,,156736,15,0,5 10 9,1,198,,156737,15,0,5 10 9,1
2701,'20260809',712,,156738,15,0,7 8 9,1,105,,156739,15,0,5 10 9,1,100,,156740,15,0,5 10 9,1,95,,156741,15,0,5 10 9,1,105,,156742,15,0,5 10 9,1,100,,156743,15,0,5 10 9,1,110,,156744,15,0,5 10 9,1,97,,156745,15,0,5 10 9,1,103,,156746,15,0,5 10 9,1,100,,156747,15,0,5 10 9,1,100,,156748,15,0,5 10 9,1,100,,156749,15,0,5 10 9,1,95,,156750,15,0,5 10 9,1,100,,156751,15,0,5 10 9,1,192,,156752,15,0,5 10 9,1,198,,156753,15,0,5 10 9,1
2701,'20260810',612,,156754,15,0,7 8 9,1,108,,156755,16,0,57 8 9,1,25,,156756,16,0,57 8 9,1,60,,156757,16,0,34 10 9,1,10,,156758,16,0,57 8 9,1,14,,156759,16,0,34 10 9,1,10,,156760,16,0,57 8 9,1,15,,156761,16,0,34 10 9,1,55,,156762,16,0,57 8 9,1,43,,156763,15,0,7 8 9,1,157,,156764,15,0,5 10 9,1,100,,156765,15,0,5 10 9,1,98,,156766,15,0,5 10 9,1,105,,156767,15,0,5 10 9,1,108,,156768,16,0,57 8 9,1,83,,156769,16,0,34 10 9,1,30,,156770,16,0,57 8 9,1,70,,156771,16,0,57 8 9,1,32,,156772,16,0,57 8 9,1,75,,156773,16,0,57 8 9,1,25,,156774,16,0,57 8 9,1,75,,156775,15,0,7 8 9,1,25,,156776,15,0,7 8 9,1,67,,156777,15,0,5 10 9,1,100,,156778,15,0,5 10 9,1,100,,156779,15,0,5 10 9,1,100,,156780,15,0,5 10 9,1,155,,156781,15,0,5 10 9,1
2701,'20260811',612,,156782,15,0,7 8 9,1,108,,156783,16,0,57 8 9,1,25,,156784,16,0,57 8 9,1,60,,156785,16,0,34 10 9,1,10,,156786,16,0,57 8 9,1,14,,156787,16,0,34 10 9,1,10,,156788,16,0,57 8 9,1,15,,156789,16,0,34 10 9,1,55,,156790,16,0,57 8 9,1,43,,156791,15,0,7 8 9,1,157,,156792,15,0,5 10 9,1,100,,156793,15,0,5 10 9,1,98,,156794,15,0,5 10 9,1,105,,156795,15,0,5 10 9,1,108,,156796,16,0,57 8 9,1,83,,156797,16,0,34 10 9,1,30,,156798,16,0,57 8 9,1,70,,156799,16,0,57 8 9,1,32,,156800,16,0,57 8 9,1,75,,156801,16,0,57 8 9,1,25,,156802,16,0,57 8 9,1,75,,156803,15,0,7 8 9,1,25,,156804,15,0,7 8 9,1,67,,156805,15,0,5 10 9,1,100,,156806,15,0,5 10 9,1,100,,156807,15,0,5 10 9,1,100,,156808,15,0,5 10 9,1,155,,156809,15,0,5 10 9,1
2701,'20260812',612,,156810,15,0,7 8 9,1,108,,156811,16,0,57 8 9,1,25,,156812,16,0,57 8 9,1,60,,156813,16,0,34 10 9,1,10,,156814,16,0,57 8 9,1,14,,156815,16,0,34 10 9,1,10,,156816,16,0,57 8 9,1,15,,156817,16,0,34 10 9,1,55,,156818,16,0,57 8 9,1,43,,156819,15,0,7 8 9,1,157,,156820,15,0,5 10 9,1,100,,156821,15,0,5 10 9,1,98,,156822,15,0,5 10 9,1,105,,156823,15,0,5 10 9,1,108,,156824,16,0,57 8 9,1,83,,156825,16,0,34 10 9,1,30,,156826,16,0,57 8 9,1,70,,156827,16,0,57 8 9,1,32,,156828,16,0,57 8 9,1,75,,156829,16,0,57 8 9,1,25,,156830,16,0,57 8 9,1,75,,156831,15,0,7 8 9,1,25,,156832,15,0,7 8 9,1,67,,156833,15,0,5 10 9,1,100,,156834,15,0,5 10 9,1,100,,156835,15,0,5 10 9,1,100,,156836,15,0,5 10 9,1,155,,156837,15,0,5 10 9,1
2701,'20260813',612,,156838,15,0,7 8 9,1,108,,156839,16,0,57 8 9,1,25,,156840,16,0,57 8 9,1,60,,156841,16,0,34 10 9,1,10,,156842,16,0,57 8 9,1,14,,156843,16,0,34 10 9,1,10,,156844,16,0,57 8 9,1,15,,156845,16,0,34 10 9,1,55,,156846,16,0,57 8 9,1,43,,156847,15,0,7 8 9,1,157,,156848,15,0,5 10 9,1,100,,156849,15,0,5 10 9,1,98,,156850,15,0,5 10 9,1,105,,156851,15,0,5 10 9,1,108,,156852,16,0,57 8 9,1,83,,156853,16,0,34 10 9,1,30,,156854,16,0,57 8 9,1,70,,156855,16,0,57 8 9,1,32,,156856,16,0,57 8 9,1,75,,156857,16,0,57 8 9,1,25,,156858,16,0,57 8 9,1,75,,156859,15,0,7 8 9,1,25,,156860,15,0,7 8 9,1,67,,156861,15,0,5 10 9,1,100,,156862,15,0,5 10 9,1,100,,156863,15,0,5 10 9,1,100,,156864,15,0,5 10 9,1,155,,156865,15,0,5 10 9,1
2701,'20260814',612,,156866,15,0,7 8 9,1,108,,156867,16,0,57 8 9,1,25,,156868,16,0,57 8 9,1,60,,156869,16,0,34 10 9,1,10,,156870,16,0,57 8 9,1,14,,156871,16,0,34 10 9,1,10,,156872,16,0,57 8 9,1,15,,156873,16,0,34 10 9,1,55,,156874,16,0,57 8 9,1,43,,156875,15,0,7 8 9,1,157,,156876,15,0,5 10 9,1,100,,156877,15,0,5 10 9,1,98,,156878,15,0,5 10 9,1,105,,156879,15,0,5 10 9,1,108,,156880,16,0,57 8 9,1,83,,156881,16,0,34 10 9,1,30,,156882,16,0,57 8 9,1,70,,156883,16,0,57 8 9,1,32,,156884,16,0,57 8 9,1,75,,156885,16,0,57 8 9,1,25,,156886,16,0,57 8 9,1,75,,156887,15,0,7 8 9,1,25,,156888,15,0,7 8 9,1,67,,156889,15,0,5 10 9,1,100,,156890,15,0,5 10 9,1,100,,156891,15,0,5 10 9,1,100,,156892,15,0,5 10 9,1,155,,156893,15,0,5 10 9,1
2701,'20260815',712,,156894,15,0,7 8 9,1,105,,156895,15,0,5 10 9,1,100,,156896,15,0,5 10 9,1,95,,156897,15,0,5 10 9,1,105,,156898,15,0,5 10 9,1,100,,156899,15,0,5 10 9,1,110,,156900,15,0,5 10 9,1,97,,156901,15,0,5 10 9,1,103,,156902,15,0,5 10 9,1,100,,156903,15,0,5 10 9,1,100,,156904,15,0,5 10 9,1,100,,156905,15,0,5 10 9,1,95,,156906,15,0,5 10 9,1,100,,156907,15,0,5 10 9,1,192,,156908,15,0,5 10 9,1,198,,156909,15,0,5 10 9,1
2701,'20260816',712,,156910,15,0,7 8 9,1,105,,156911,15,0,5 10 9,1,100,,156912,15,0,5 10 9,1,95,,156913,15,0,5 10 9,1,105,,156914,15,0,5 10 9,1,100,,156915,15,0,5 10 9,1,110,,156916,15,0,5 10 9,1,97,,156917,15,0,5 10 9,1,103,,156918,15,0,5 10 9,1,100,,156919,15,0,5 10 9,1,100,,156920,15,0,5 10 9,1,100,,156921,15,0,5 10 9,1,95,,156922,15,0,5 10 9,1,100,,156923,15,0,5 10 9,1,192,,156924,15,0,5 10 9,1,198,,156925,15,0,5 10 9,1
2701,'20260817',612,,156926,15,0,7 8 9,1,108,,156927,16,0,57 8 9,1,25,,156928,16,0,57 8 9,1,60,,156929,16,0,34 10 9,1,10,,156930,16,0,57 8 9,1,14,,156931,16,0,34 10 9,1,10,,156932,16,0,57 8 9,1,15,,156933,16,0,34 10 9,1,55,,156934,16,0,57 8 9,1,43,,156935,15,0,7 8 9,1,157,,156936,15,0,5 10 9,1,100,,156937,15,0,5 10 9,1,98,,156938,15,0,5 10 9,1,105,,156939,15,0,5 10 9,1,108,,156940,16,0,57 8 9,1,83,,156941,16,0,34 10 9,1,30,,156942,16,0,57 8 9,1,70,,156943,16,0,57 8 9,1,32,,156944,16,0,57 8 9,1,75,,156945,16,0,57 8 9,1,25,,156946,16,0,57 8 9,1,75,,156947,15,0,7 8 9,1,25,,156948,15,0,7 8 9,1,67,,156949,15,0,5 10 9,1,100,,156950,15,0,5 10 9,1,100,,156951,15,0,5 10 9,1,100,,156952,15,0,5 10 9,1,155,,156953,15,0,5 10 9,1
2701,'20260818',612,,156954,15,0,7 8 9,1,108,,156955,16,0,57 8 9,1,25,,156956,16,0,57 8 9,1,60,,156957,16,0,34 10 9,1,10,,156958,16,0,57 8 9,1,14,,156959,16,0,34 10 9,1,10,,156960,16,0,57 8 9,1,15,,156961,16,0,34 10 9,1,55,,156962,16,0,57 8 9,1,43,,156963,15,0,7 8 9,1,157,,156964,15,0,5 10 9,1,100,,156965,15,0,5 10 9,1,98,,156966,15,0,5 10 9,1,105,,156967,15,0,5 10 9,1,108,,156968,16,0,57 8 9,1,83,,156969,16,0,34 10 9,1,30,,156970,16,0,57 8 9,1,70,,156971,16,0,57 8 9,1,32,,156972,16,0,57 8 9,1,75,,156973,16,0,57 8 9,1,25,,156974,16,0,57 8 9,1,75,,156975,15,0,7 8 9,1,25,,156976,15,0,7 8 9,1,67,,156977,15,0,5 10 9,1,100,,156978,15,0,5 10 9,1,100,,156979,15,0,5 10 9,1,100,,156980,15,0,5 10 9,1,155,,156981,15,0,5 10 9,1
2701,'20260819',612,,156982,15,0,7 8 9,1,108,,156983,16,0,57 8 9,1,25,,156984,16,0,57 8 9,1,60,,156985,16,0,34 10 9,1,10,,156986,16,0,57 8 9,1,14,,156987,16,0,34 10 9,1,10,,156988,16,0,57 8 9,1,15,,156989,16,0,34 10 9,1,55,,156990,16,0,57 8 9,1,43,,156991,15,0,7 8 9,1,157,,156992,15,0,5 10 9,1,100,,156993,15,0,5 10 9,1,98,,156994,15,0,5 10 9,1,105,,156995,15,0,5 10 9,1,108,,156996,16,0,57 8 9,1,83,,156997,16,0,34 10 9,1,30,,156998,16,0,57 8 9,1,70,,156999,16,0,57 8 9,1,32,,157000,16,0,57 8 9,1,75,,157001,16,0,57 8 9,1,25,,157002,16,0,57 8 9,1,75,,157003,15,0,7 8 9,1,25,,157004,15,0,7 8 9,1,67,,157005,15,0,5 10 9,1,100,,157006,15,0,5 10 9,1,100,,157007,15,0,5 10 9,1,100,,157008,15,0,5 10 9,1,155,,157009,15,0,5 10 9,1
2701,'20260820',612,,157010,15,0,7 8 9,1,108,,157011,16,0,57 8 9,1,25,,157012,16,0,57 8 9,1,60,,157013,16,0,34 10 9,1,10,,157014,16,0,57 8 9,1,14,,157015,16,0,34 10 9,1,10,,157016,16,0,57 8 9,1,15,,157017,16,0,34 10 9,1,55,,157018,16,0,57 8 9,1,43,,157019,15,0,7 8 9,1,157,,157020,15,0,5 10 9,1,100,,157021,15,0,5 10 9,1,98,,157022,15,0,5 10 9,1,105,,157023,15,0,5 10 9,1,108,,157024,16,0,57 8 9,1,83,,157025,16,0,34 10 9,1,30,,157026,16,0,57 8 9,1,70,,157027,16,0,57 8 9,1,32,,157028,16,0,57 8 9,1,75,,157029,16,0,57 8 9,1,25,,157030,16,0,57 8 9,1,75,,157031,15,0,7 8 9,1,25,,157032,15,0,7 8 9,1,67,,157033,15,0,5 10 9,1,100,,157034,15,0,5 10 9,1,100,,157035,15,0,5 10 9,1,100,,157036,15,0,5 10 9,1,155,,157037,15,0,5 10 9,1
2701,'20260821',612,,157038,15,0,7 8 9,1,108,,157039,16,0,57 8 9,1,25,,157040,16,0,57 8 9,1,60,,157041,16,0,34 10 9,1,10,,157042,16,0,57 8 9,1,14,,157043,16,0,34 10 9,1,10,,157044,16,0,57 8 9,1,15,,157045,16,0,34 10 9,1,55,,157046,16,0,57 8 9,1,43,,157047,15,0,7 8 9,1,157,,157048,15,0,5 10 9,1,100,,157049,15,0,5 10 9,1,98,,157050,15,0,5 10 9,1,105,,157051,15,0,5 10 9,1,108,,157052,16,0,57 8 9,1,83,,157053,16,0,34 10 9,1,30,,157054,16,0,57 8 9,1,70,,157055,16,0,57 8 9,1,32,,157056,16,0,57 8 9,1,75,,157057,16,0,57 8 9,1,25,,157058,16,0,57 8 9,1,75,,157059,15,0,7 8 9,1,25,,157060,15,0,7 8 9,1,67,,157061,15,0,5 10 9,1,100,,157062,15,0,5 10 9,1,100,,157063,15,0,5 10 9,1,100,,157064,15,0,5 10 9,1,155,,157065,15,0,5 10 9,1
2701,'20260822',712,,157066,15,0,7 8 9,1,105,,157067,15,0,5 10 9,1,100,,157068,15,0,5 10 9,1,95,,157069,15,0,5 10 9,1,105,,157070,15,0,5 10 9,1,100,,157071,15,0,5 10 9,1,110,,157072,15,0,5 10 9,1,97,,157073,15,0,5 10 9,1,103,,157074,15,0,5 10 9,1,100,,157075,15,0,5 10 9,1,100,,157076,15,0,5 10 9,1,100,,157077,15,0,5 10 9,1,95,,157078,15,0,5 10 9,1,100,,157079,15,0,5 10 9,1,192,,157080,15,0,5 10 9,1,198,,157081,15,0,5 10 9,1
2701,'20260823',712,,157082,15,0,7 8 9,1,105,,157083,15,0,5 10 9,1,100,,157084,15,0,5 10 9,1,95,,157085,15,0,5 10 9,1,105,,157086,15,0,5 10 9,1,100,,157087,15,0,5 10 9,1,110,,157088,15,0,5 10 9,1,97,,157089,15,0,5 10 9,1,103,,157090,15,0,5 10 9,1,100,,157091,15,0,5 10 9,1,100,,157092,15,0,5 10 9,1,100,,157093,15,0,5 10 9,1,95,,157094,15,0,5 10 9,1,100,,157095,15,0,5 10 9,1,192,,157096,15,0,5 10 9,1,198,,157097,15,0,5 10 9,1
2701,'20260824',612,,157098,15,0,7 8 9,1,108,,157099,16,0,57 8 9,1,25,,157100,16,0,57 8 9,1,60,,157101,16,0,34 10 9,1,10,,157102,16,0,57 8 9,1,14,,157103,16,0,34 10 9,1,10,,157104,16,0,57 8 9,1,15,,157105,16,0,34 10 9,1,55,,157106,16,0,57 8 9,1,43,,157107,15,0,7 8 9,1,157,,157108,15,0,5 10 9,1,100,,157109,15,0,5 10 9,1,98,,157110,15,0,5 10 9,1,105,,157111,15,0,5 10 9,1,108,,157112,16,0,57 8 9,1,83,,157113,16,0,34 10 9,1,30,,157114,16,0,57 8 9,1,70,,157115,16,0,57 8 9,1,32,,157116,16,0,57 8 9,1,75,,157117,16,0,57 8 9,1,25,,157118,16,0,57 8 9,1,75,,157119,15,0,7 8 9,1,25,,157120,15,0,7 8 9,1,67,,157121,15,0,5 10 9,1,100,,157122,15,0,5 10 9,1,100,,157123,15,0,5 10 9,1,100,,157124,15,0,5 10 9,1,155,,157125,15,0,5 10 9,1
2701,'20260825',612,,157126,15,0,7 8 9,1,108,,157127,16,0,57 8 9,1,25,,157128,16,0,57 8 9,1,60,,157129,16,0,34 10 9,1,10,,157130,16,0,57 8 9,1,14,,157131,16,0,34 10 9,1,10,,157132,16,0,57 8 9,1,15,,157133,16,0,34 10 9,1,55,,157134,16,0,57 8 9,1,43,,157135,15,0,7 8 9,1,157,,157136,15,0,5 10 9,1,100,,157137,15,0,5 10 9,1,98,,157138,15,0,5 10 9,1,105,,157139,15,0,5 10 9,1,108,,157140,16,0,57 8 9,1,83,,157141,16,0,34 10 9,1,30,,157142,16,0,57 8 9,1,70,,157143,16,0,57 8 9,1,32,,157144,16,0,57 8 9,1,75,,157145,16,0,57 8 9,1,25,,157146,16,0,57 8 9,1,75,,157147,15,0,7 8 9,1,25,,157148,15,0,7 8 9,1,67,,157149,15,0,5 10 9,1,100,,157150,15,0,5 10 9,1,100,,157151,15,0,5 10 9,1,100,,157152,15,0,5 10 9,1,155,,157153,15,0,5 10 9,1
2701,'20260826',612,,157154,15,0,7 8 9,1,108,,157155,16,0,57 8 9,1,25,,157156,16,0,57 8 9,1,60,,157157,16,0,34 10 9,1,10,,157158,16,0,57 8 9,1,14,,157159,16,0,34 10 9,1,10,,157160,16,0,57 8 9,1,15,,157161,16,0,34 10 9,1,55,,157162,16,0,57 8 9,1,43,,157163,15,0,7 8 9,1,157,,157164,15,0,5 10 9,1,100,,157165,15,0,5 10 9,1,98,,157166,15,0,5 10 9,1,105,,157167,15,0,5 10 9,1,108,,157168,16,0,57 8 9,1,83,,157169,16,0,34 10 9,1,30,,157170,16,0,57 8 9,1,70,,157171,16,0,57 8 9,1,32,,157172,16,0,57 8 9,1,75,,157173,16,0,57 8 9,1,25,,157174,16,0,57 8 9,1,75,,157175,15,0,7 8 9,1,25,,157176,15,0,7 8 9,1,67,,157177,15,0,5 10 9,1,100,,157178,15,0,5 10 9,1,100,,157179,15,0,5 10 9,1,100,,157180,15,0,5 10 9,1,155,,157181,15,0,5 10 9,1
2701,'20260827',612,,157182,15,0,7 8 9,1,108,,157183,16,0,57 8 9,1,25,,157184,16,0,57 8 9,1,60,,157185,16,0,34 10 9,1,10,,157186,16,0,57 8 9,1,14,,157187,16,0,34 10 9,1,10,,157188,16,0,57 8 9,1,15,,157189,16,0,34 10 9,1,55,,157190,16,0,57 8 9,1,43,,157191,15,0,7 8 9,1,157,,157192,15,0,5 10 9,1,100,,157193,15,0,5 10 9,1,98,,157194,15,0,5 10 9,1,105,,157195,15,0,5 10 9,1,108,,157196,16,0,57 8 9,1,83,,157197,16,0,34 10 9,1,30,,157198,16,0,57 8 9,1,70,,157199,16,0,57 8 9,1,32,,157200,16,0,57 8 9,1,75,,157201,16,0,57 8 9,1,25,,157202,16,0,57 8 9,1,75,,157203,15,0,7 8 9,1,25,,157204,15,0,7 8 9,1,67,,157205,15,0,5 10 9,1,100,,157206,15,0,5 10 9,1,100,,157207,15,0,5 10 9,1,100,,157208,15,0,5 10 9,1,155,,157209,15,0,5 10 9,1
2701,'20260828',612,,157210,15,0,7 8 9,1,108,,157211,16,0,57 8 9,1,25,,157212,16,0,57 8 9,1,60,,157213,16,0,34 10 9,1,10,,157214,16,0,57 8 9,1,14,,157215,16,0,34 10 9,1,10,,157216,16,0,57 8 9,1,15,,157217,16,0,34 10 9,1,55,,157218,16,0,57 8 9,1,43,,157219,15,0,7 8 9,1,157,,157220,15,0,5 10 9,1,100,,157221,15,0,5 10 9,1,98,,157222,15,0,5 10 9,1,105,,157223,15,0,5 10 9,1,108,,157224,16,0,57 8 9,1,83,,157225,16,0,34 10 9,1,30,,157226,16,0,57 8 9,1,70,,157227,16,0,57 8 9,1,32,,157228,16,0,57 8 9,1,75,,157229,16,0,57 8 9,1,25,,157230,16,0,57 8 9,1,75,,157231,15,0,7 8 9,1,25,,157232,15,0,7 8 9,1,67,,157233,15,0,5 10 9,1,100,,157234,15,0,5 10 9,1,100,,157235,15,0,5 10 9,1,100,,157236,15,0,5 10 9,1,155,,157237,15,0,5 10 9,1
2701,'20260829',712,,157238,15,0,7 8 9,1,105,,157239,15,0,5 10 9,1,100,,157240,15,0,5 10 9,1,95,,157241,15,0,5 10 9,1,105,,157242,15,0,5 10 9,1,100,,157243,15,0,5 10 9,1,110,,157244,15,0,5 10 9,1,97,,157245,15,0,5 10 9,1,103,,157246,15,0,5 10 9,1,100,,157247,15,0,5 10 9,1,100,,157248,15,0,5 10 9,1,100,,157249,15,0,5 10 9,1,95,,157250,15,0,5 10 9,1,100,,157251,15,0,5 10 9,1,192,,157252,15,0,5 10 9,1,198,,157253,15,0,5 10 9,1
2701,'20260830',712,,157254,15,0,7 8 9,1,105,,157255,15,0,5 10 9,1,100,,157256,15,0,5 10 9,1,95,,157257,15,0,5 10 9,1,105,,157258,15,0,5 10 9,1,100,,157259,15,0,5 10 9,1,110,,157260,15,0,5 10 9,1,97,,157261,15,0,5 10 9,1,103,,157262,15,0,5 10 9,1,100,,157263,15,0,5 10 9,1,100,,157264,15,0,5 10 9,1,100,,157265,15,0,5 10 9,1,95,,157266,15,0,5 10 9,1,100,,157267,15,0,5 10 9,1,192,,157268,15,0,5 10 9,1,198,,157269,15,0,5 10 9,1
2701,'20260831',612,,157270,15,0,7 8 9,1,108,,157271,16,0,57 8 9,1,25,,157272,16,0,57 8 9,1,60,,157273,16,0,34 10 9,1,10,,157274,16,0,57 8 9,1,14,,157275,16,0,34 10 9,1,10,,157276,16,0,57 8 9,1,15,,157277,16,0,34 10 9,1,55,,157278,16,0,57 8 9,1,43,,157279,15,0,7 8 9,1,157,,157280,15,0,5 10 9,1,100,,157281,15,0,5 10 9,1,98,,157282,15,0,5 10 9,1,105,,157283,15,0,5 10 9,1,108,,157284,16,0,57 8 9,1,83,,157285,16,0,34 10 9,1,30,,157286,16,0,57 8 9,1,70,,157287,16,0,57 8 9,1,32,,157288,16,0,57 8 9,1,75,,157289,16,0,57 8 9,1,25,,157290,16,0,57 8 9,1,75,,157291,15,0,7 8 9,1,25,,157292,15,0,7 8 9,1,67,,157293,15,0,5 10 9,1,100,,157294,15,0,5 10 9,1,100,,157295,15,0,5 10 9,1,100,,157296,15,0,5 10 9,1,155,,157297,15,0,5 10 9,1
2701,'20260901',612,,157298,15,0,7 8 9,1,108,,157299,16,0,57 8 9,1,25,,157300,16,0,57 8 9,1,60,,157301,16,0,34 10 9,1,10,,157302,16,0,57 8 9,1,14,,157303,16,0,34 10 9,1,10,,157304,16,0,57 8 9,1,15,,157305,16,0,34 10 9,1,55,,157306,16,0,57 8 9,1,43,,157307,15,0,7 8 9,1,157,,157308,15,0,5 10 9,1,100,,157309,15,0,5 10 9,1,98,,157310,15,0,5 10 9,1,105,,157311,15,0,5 10 9,1,108,,157312,16,0,57 8 9,1,83,,157313,16,0,34 10 9,1,30,,157314,16,0,57 8 9,1,70,,157315,16,0,57 8 9,1,32,,157316,16,0,57 8 9,1,75,,157317,16,0,57 8 9,1,25,,157318,16,0,57 8 9,1,75,,157319,15,0,7 8 9,1,25,,157320,15,0,7 8 9,1,67,,157321,15,0,5 10 9,1,100,,157322,15,0,5 10 9,1,100,,157323,15,0,5 10 9,1,100,,157324,15,0,5 10 9,1,155,,157325,15,0,5 10 9,1
2701,'20260902',612,,157326,15,0,7 8 9,1,108,,157327,16,0,57 8 9,1,25,,157328,16,0,57 8 9,1,60,,157329,16,0,34 10 9,1,10,,157330,16,0,57 8 9,1,14,,157331,16,0,34 10 9,1,10,,157332,16,0,57 8 9,1,15,,157333,16,0,34 10 9,1,55,,157334,16,0,57 8 9,1,43,,157335,15,0,7 8 9,1,157,,157336,15,0,5 10 9,1,100,,157337,15,0,5 10 9,1,98,,157338,15,0,5 10 9,1,105,,157339,15,0,5 10 9,1,108,,157340,16,0,57 8 9,1,83,,157341,16,0,34 10 9,1,30,,157342,16,0,57 8 9,1,70,,157343,16,0,57 8 9,1,32,,157344,16,0,57 8 9,1,75,,157345,16,0,57 8 9,1,25,,157346,16,0,57 8 9,1,75,,157347,15,0,7 8 9,1,25,,157348,15,0,7 8 9,1,67,,157349,15,0,5 10 9,1,100,,157350,15,0,5 10 9,1,100,,157351,15,0,5 10 9,1,100,,157352,15,0,5 10 9,1,155,,157353,15,0,5 10 9,1
2701,'20260903',612,,157354,15,0,7 8 9,1,108,,157355,16,0,57 8 9,1,25,,157356,16,0,57 8 9,1,60,,157357,16,0,34 10 9,1,10,,157358,16,0,57 8 9,1,14,,157359,16,0,34 10 9,1,10,,157360,16,0,57 8 9,1,15,,157361,16,0,34 10 9,1,55,,157362,16,0,57 8 9,1,43,,157363,15,0,7 8 9,1,157,,157364,15,0,5 10 9,1,100,,157365,15,0,5 10 9,1,98,,157366,15,0,5 10 9,1,105,,157367,15,0,5 10 9,1,108,,157368,16,0,57 8 9,1,83,,157369,16,0,34 10 9,1,30,,157370,16,0,57 8 9,1,70,,157371,16,0,57 8 9,1,32,,157372,16,0,57 8 9,1,75,,157373,16,0,57 8 9,1,25,,157374,16,0,57 8 9,1,75,,157375,15,0,7 8 9,1,25,,157376,15,0,7 8 9,1,67,,157377,15,0,5 10 9,1,100,,157378,15,0,5 10 9,1,100,,157379,15,0,5 10 9,1,100,,157380,15,0,5 10 9,1,155,,157381,15,0,5 10 9,1
2701,'20260904',612,,157382,15,0,7 8 9,1,108,,157383,16,0,57 8 9,1,25,,157384,16,0,57 8 9,1,60,,157385,16,0,34 10 9,1,10,,157386,16,0,57 8 9,1,14,,157387,16,0,34 10 9,1,10,,157388,16,0,57 8 9,1,15,,157389,16,0,34 10 9,1,55,,157390,16,0,57 8 9,1,43,,157391,15,0,7 8 9,1,157,,157392,15,0,5 10 9,1,100,,157393,15,0,5 10 9,1,98,,157394,15,0,5 10 9,1,105,,157395,15,0,5 10 9,1,108,,157396,16,0,57 8 9,1,83,,157397,16,0,34 10 9,1,30,,157398,16,0,57 8 9,1,70,,157399,16,0,57 8 9,1,32,,157400,16,0,57 8 9,1,75,,157401,16,0,57 8 9,1,25,,157402,16,0,57 8 9,1,75,,157403,15,0,7 8 9,1,25,,157404,15,0,7 8 9,1,67,,157405,15,0,5 10 9,1,100,,157406,15,0,5 10 9,1,100,,157407,15,0,5 10 9,1,100,,157408,15,0,5 10 9,1,155,,157409,15,0,5 10 9,1
3001,'20260529',654,,85884,4,,,1,89,,85886,4,,,1,100,,85888,4,,,1,68,,85889,4,,,1,128,,85890,4,,,1,100,,85891,4,,,1,100,,85892,4,,,1,105,,85893,4,,,1,96,,85895,4,,,1,100,,85898,4,,,1,100,,85900,4,,,1,114,,85903,4,,,1,96,,85904,4,,,1,86,,85905,4,,,1,75,,85906,4,,,1,30,,85907,4,,,1,95,,85908,4,,,1,198,,85909,4,,,1,102,,85910,4,,,1
3001,'20260530',856,,85912,4,,,1,92,,85913,4,,,1,105,,85915,4,,,1,100,,85917,4,,,1,100,,85919,4,,,1,100,,85921,4,,,1,100,,85923,4,,,1,100,,85925,4,,,1,100,,85927,4,,,1,200,,85929,4,,,1,100,,85932,4,,,1,100,,85935,4,,,1,100,,85938,4,,,1,100,,85940,4,,,1,195,,85941,4,,,1
3001,'20260531',856,,85942,4,,,1,92,,85943,4,,,1,105,,85945,4,,,1,100,,85947,4,,,1,100,,85949,4,,,1,100,,85951,4,,,1,100,,85953,4,,,1,100,,85955,4,,,1,100,,85957,4,,,1,200,,85959,4,,,1,100,,85962,4,,,1,100,,85965,4,,,1,100,,85968,4,,,1,100,,85970,4,,,1,195,,85971,4,,,1
3001,'20260601',654,,85973,4,,,1,89,,85975,4,,,1,100,,85977,4,,,1,68,,85978,4,,,1,128,,85979,4,,,1,100,,85980,4,,,1,100,,85981,4,,,1,105,,85982,4,,,1,96,,85983,4,,,1,100,,85984,4,,,1,100,,85985,4,,,1,114,,85986,4,,,1,96,,85987,4,,,1,86,,85988,4,,,1,75,,85989,4,,,1,30,,85990,4,,,1,95,,85991,4,,,1,198,,85992,4,,,1,102,,85993,4,,,1
3001,'20260602',654,,85995,4,,,1,89,,85997,4,,,1,100,,85999,4,,,1,68,,86000,4,,,1,128,,86001,4,,,1,100,,86002,4,,,1,100,,86003,4,,,1,105,,86004,4,,,1,96,,86005,4,,,1,100,,86006,4,,,1,100,,86007,4,,,1,114,,86008,4,,,1,96,,86009,4,,,1,86,,86010,4,,,1,75,,86011,4,,,1,30,,86012,4,,,1,95,,86013,4,,,1,198,,86014,4,,,1,102,,86015,4,,,1
3001,'20260603',654,,86017,4,,,1,89,,86019,4,,,1,100,,86021,4,,,1,68,,86022,4,,,1,128,,86023,4,,,1,100,,86024,4,,,1,100,,86025,4,,,1,105,,86026,4,,,1,96,,86027,4,,,1,100,,86028,4,,,1,100,,86029,4,,,1,114,,86030,4,,,1,96,,86031,4,,,1,86,,86032,4,,,1,75,,86033,4,,,1,30,,86034,4,,,1,95,,86035,4,,,1,198,,86036,4,,,1,102,,86037,4,,,1
3001,'20260604',654,,86039,4,,,1,89,,86041,4,,,1,100,,86043,4,,,1,68,,86044,4,,,1,128,,86045,4,,,1,100,,86046,4,,,1,100,,86047,4,,,1,105,,86048,4,,,1,96,,86050,4,,,1,100,,86053,4,,,1,100,,86055,4,,,1,114,,86056,4,,,1,96,,86057,4,,,1,86,,86058,4,,,1,75,,86059,4,,,1,30,,86060,4,,,1,95,,86061,4,,,1,198,,86062,4,,,1,102,,86063,4,,,1
3001,'20260605',654,,86065,4,,,1,89,,86067,4,,,1,100,,86069,4,,,1,68,,86070,4,,,1,128,,86071,4,,,1,100,,86072,4,,,1,100,,86073,4,,,1,105,,86074,4,,,1,96,,86076,4,,,1,100,,86079,4,,,1,100,,86081,4,,,1,114,,86084,4,,,1,96,,86085,4,,,1,86,,86086,4,,,1,75,,86087,4,,,1,30,,86088,4,,,1,95,,86089,4,,,1,198,,86090,4,,,1,102,,86091,4,,,1
3001,'20260606',856,,86093,4,,,1,92,,86094,4,,,1,105,,86096,4,,,1,100,,86098,4,,,1,100,,86100,4,,,1,100,,86102,4,,,1,100,,86104,4,,,1,100,,86106,4,,,1,100,,86108,4,,,1,200,,86110,4,,,1,100,,86113,4,,,1,100,,86116,4,,,1,100,,86119,4,,,1,100,,86121,4,,,1,195,,86122,4,,,1
3001,'20260607',856,,86123,4,,,1,92,,86124,4,,,1,105,,86126,4,,,1,100,,86128,4,,,1,100,,86130,4,,,1,100,,86132,4,,,1,100,,86134,4,,,1,100,,86136,4,,,1,100,,86138,4,,,1,200,,86140,4,,,1,100,,86143,4,,,1,100,,86146,4,,,1,100,,86149,4,,,1,100,,86151,4,,,1,195,,86152,4,,,1
3001,'20260608',654,,86154,4,,,1,89,,86156,4,,,1,100,,86158,4,,,1,68,,86159,4,,,1,128,,86160,4,,,1,100,,86161,4,,,1,100,,86162,4,,,1,105,,86163,4,,,1,96,,86164,4,,,1,100,,86165,4,,,1,100,,86166,4,,,1,114,,86167,4,,,1,96,,86168,4,,,1,86,,86169,4,,,1,75,,86170,4,,,1,30,,86171,4,,,1,95,,86172,4,,,1,198,,86173,4,,,1,102,,86174,4,,,1
3001,'20260609',654,,86176,4,,,1,89,,86178,4,,,1,100,,86180,4,,,1,68,,86181,4,,,1,128,,86182,4,,,1,100,,86183,4,,,1,100,,86184,4,,,1,105,,86185,4,,,1,96,,86186,4,,,1,100,,86187,4,,,1,100,,86188,4,,,1,114,,86189,4,,,1,96,,86190,4,,,1,86,,86191,4,,,1,75,,86192,4,,,1,30,,86193,4,,,1,95,,86194,4,,,1,198,,86195,4,,,1,102,,86196,4,,,1
3001,'20260610',654,,86198,4,,,1,89,,86200,4,,,1,100,,86202,4,,,1,68,,86203,4,,,1,128,,86204,4,,,1,100,,86205,4,,,1,100,,86206,4,,,1,105,,86207,4,,,1,96,,86208,4,,,1,100,,86209,4,,,1,100,,86210,4,,,1,114,,86211,4,,,1,96,,86212,4,,,1,86,,86213,4,,,1,75,,86214,4,,,1,30,,86215,4,,,1,95,,86216,4,,,1,198,,86217,4,,,1,102,,86218,4,,,1
3001,'20260611',654,,86220,4,,,1,89,,86222,4,,,1,100,,86224,4,,,1,68,,86225,4,,,1,128,,86226,4,,,1,100,,86227,4,,,1,100,,86228,4,,,1,105,,86229,4,,,1,96,,86231,4,,,1,100,,86234,4,,,1,100,,86236,4,,,1,114,,86237,4,,,1,96,,86238,4,,,1,86,,86239,4,,,1,75,,86240,4,,,1,30,,86241,4,,,1,95,,86242,4,,,1,198,,86243,4,,,1,102,,86244,4,,,1
3001,'20260612',654,,86246,4,,,1,89,,86248,4,,,1,100,,86250,4,,,1,68,,86251,4,,,1,128,,86252,4,,,1,100,,86253,4,,,1,100,,86254,4,,,1,105,,86255,4,,,1,96,,86257,4,,,1,100,,86260,4,,,1,100,,86262,4,,,1,114,,86265,4,,,1,96,,86266,4,,,1,86,,86267,4,,,1,75,,86268,4,,,1,30,,86269,4,,,1,95,,86270,4,,,1,198,,86271,4,,,1,102,,86272,4,,,1
3001,'20260613',856,,162189,4,,,1,92,,162190,4,,,1,105,,162192,4,,,1,100,,162194,4,,,1,100,,162196,4,,,1,100,,162198,4,,,1,100,,162200,4,,,1,100,,162202,4,,,1,100,,162204,4,,,1,200,,162206,4,,,1,100,,162209,4,,,1,100,,162212,4,,,1,100,,162215,4,,,1,100,,162217,4,,,1,195,,162218,4,,,1
3001,'20260614',856,,162219,4,,,1,92,,162220,4,,,1,105,,162222,4,,,1,100,,162224,4,,,1,100,,162226,4,,,1,100,,162228,4,,,1,100,,162230,4,,,1,100,,162232,4,,,1,100,,162234,4,,,1,200,,162236,4,,,1,100,,162239,4,,,1,100,,162242,4,,,1,100,,162245,4,,,1,100,,162247,4,,,1,195,,162248,4,,,1
3001,'20260615',654,,162250,4,,,1,89,,162252,4,,,1,100,,162254,4,,,1,68,,162255,4,,,1,128,,162256,4,,,1,100,,162257,4,,,1,100,,162258,4,,,1,105,,162259,4,,,1,96,,162260,4,,,1,100,,162261,4,,,1,100,,162262,4,,,1,114,,162263,4,,,1,96,,162264,4,,,1,86,,162265,4,,,1,75,,162266,4,,,1,30,,162267,4,,,1,95,,162268,4,,,1,198,,162269,4,,,1,102,,162270,4,,,1
3001,'20260616',654,,162272,4,,,1,89,,162274,4,,,1,100,,162276,4,,,1,68,,162277,4,,,1,128,,162278,4,,,1,100,,162279,4,,,1,100,,162280,4,,,1,105,,162281,4,,,1,96,,162282,4,,,1,100,,162283,4,,,1,100,,162284,4,,,1,114,,162285,4,,,1,96,,162286,4,,,1,86,,162287,4,,,1,75,,162288,4,,,1,30,,162289,4,,,1,95,,162290,4,,,1,198,,162291,4,,,1,102,,162292,4,,,1
3001,'20260617',654,,162294,4,,,1,89,,162296,4,,,1,100,,162298,4,,,1,68,,162299,4,,,1,128,,162300,4,,,1,100,,162301,4,,,1,100,,162302,4,,,1,105,,162303,4,,,1,96,,162304,4,,,1,100,,162305,4,,,1,100,,162306,4,,,1,114,,162307,4,,,1,96,,162308,4,,,1,86,,162309,4,,,1,75,,162310,4,,,1,30,,162311,4,,,1,95,,162312,4,,,1,198,,162313,4,,,1,102,,162314,4,,,1
3001,'20260618',654,,162316,4,,,1,89,,162318,4,,,1,100,,162320,4,,,1,68,,162321,4,,,1,128,,162322,4,,,1,100,,162323,4,,,1,100,,162324,4,,,1,105,,162325,4,,,1,96,,162327,4,,,1,100,,162330,4,,,1,100,,162332,4,,,1,114,,162333,4,,,1,96,,162334,4,,,1,86,,162335,4,,,1,75,,162336,4,,,1,30,,162337,4,,,1,95,,162338,4,,,1,198,,162339,4,,,1,102,,162340,4,,,1
3001,'20260619',654,,162342,4,,,1,89,,162344,4,,,1,100,,162346,4,,,1,68,,162347,4,,,1,128,,162348,4,,,1,100,,162349,4,,,1,100,,162350,4,,,1,105,,162351,4,,,1,96,,162353,4,,,1,100,,162356,4,,,1,100,,162358,4,,,1,114,,162361,4,,,1,96,,162362,4,,,1,86,,162363,4,,,1,75,,162364,4,,,1,30,,162365,4,,,1,95,,162366,4,,,1,198,,162367,4,,,1,102,,162368,4,,,1
3001,'20260620',856,,162370,4,,,1,92,,162371,4,,,1,105,,162373,4,,,1,100,,162375,4,,,1,100,,162377,4,,,1,100,,162379,4,,,1,100,,162381,4,,,1,100,,162383,4,,,1,100,,162385,4,,,1,200,,162387,4,,,1,100,,162390,4,,,1,100,,162393,4,,,1,100,,162396,4,,,1,100,,162398,4,,,1,195,,162399,4,,,1
3001,'20260621',856,,162400,4,,,1,92,,162401,4,,,1,105,,162403,4,,,1,100,,162405,4,,,1,100,,162407,4,,,1,100,,162409,4,,,1,100,,162411,4,,,1,100,,162413,4,,,1,100,,162415,4,,,1,200,,162417,4,,,1,100,,162420,4,,,1,100,,162423,4,,,1,100,,162426,4,,,1,100,,162428,4,,,1,195,,162429,4,,,1
3001,'20260622',654,,162431,4,,,1,89,,162433,4,,,1,100,,162435,4,,,1,68,,162436,4,,,1,128,,162437,4,,,1,100,,162438,4,,,1,100,,162439,4,,,1,105,,162440,4,,,1,96,,162441,4,,,1,100,,162442,4,,,1,100,,162443,4,,,1,114,,162444,4,,,1,96,,162445,4,,,1,86,,162446,4,,,1,75,,162447,4,,,1,30,,162448,4,,,1,95,,162449,4,,,1,198,,162450,4,,,1,102,,162451,4,,,1
3001,'20260623',654,,162453,4,,,1,89,,162455,4,,,1,100,,162457,4,,,1,68,,162458,4,,,1,128,,162459,4,,,1,100,,162460,4,,,1,100,,162461,4,,,1,105,,162462,4,,,1,96,,162463,4,,,1,100,,162464,4,,,1,100,,162465,4,,,1,114,,162466,4,,,1,96,,162467,4,,,1,86,,162468,4,,,1,75,,162469,4,,,1,30,,162470,4,,,1,95,,162471,4,,,1,198,,162472,4,,,1,102,,162473,4,,,1
3001,'20260624',654,,162475,4,,,1,89,,162477,4,,,1,100,,162479,4,,,1,68,,162480,4,,,1,128,,162481,4,,,1,100,,162482,4,,,1,100,,162483,4,,,1,105,,162484,4,,,1,96,,162485,4,,,1,100,,162486,4,,,1,100,,162487,4,,,1,114,,162488,4,,,1,96,,162489,4,,,1,86,,162490,4,,,1,75,,162491,4,,,1,30,,162492,4,,,1,95,,162493,4,,,1,198,,162494,4,,,1,102,,162495,4,,,1
3001,'20260625',654,,162497,4,,,1,89,,162499,4,,,1,100,,162501,4,,,1,68,,162502,4,,,1,128,,162503,4,,,1,100,,162504,4,,,1,100,,162505,4,,,1,105,,162506,4,,,1,96,,162508,4,,,1,100,,162511,4,,,1,100,,162513,4,,,1,114,,162514,4,,,1,96,,162515,4,,,1,86,,162516,4,,,1,75,,162517,4,,,1,30,,162518,4,,,1,95,,162519,4,,,1,198,,162520,4,,,1,102,,162521,4,,,1
3001,'20260626',654,,162523,4,,,1,89,,162525,4,,,1,100,,162527,4,,,1,68,,162528,4,,,1,128,,162529,4,,,1,100,,162530,4,,,1,100,,162531,4,,,1,105,,162532,4,,,1,96,,162534,4,,,1,100,,162537,4,,,1,100,,162539,4,,,1,114,,162542,4,,,1,96,,162543,4,,,1,86,,162544,4,,,1,75,,162545,4,,,1,30,,162546,4,,,1,95,,162547,4,,,1,198,,162548,4,,,1,102,,162549,4,,,1
3001,'20260627',856,,162551,4,,,1,92,,162552,4,,,1,105,,162554,4,,,1,100,,162556,4,,,1,100,,162558,4,,,1,100,,162560,4,,,1,100,,162562,4,,,1,100,,162564,4,,,1,100,,162566,4,,,1,200,,162568,4,,,1,100,,162571,4,,,1,100,,162574,4,,,1,100,,162577,4,,,1,100,,162579,4,,,1,195,,162580,4,,,1
3001,'20260628',856,,162581,4,,,1,92,,162582,4,,,1,105,,162584,4,,,1,100,,162586,4,,,1,100,,162588,4,,,1,100,,162590,4,,,1,100,,162592,4,,,1,100,,162594,4,,,1,100,,162596,4,,,1,200,,162598,4,,,1,100,,162601,4,,,1,100,,162604,4,,,1,100,,162607,4,,,1,100,,162609,4,,,1,195,,162610,4,,,1
3001,'20260629',654,,162612,4,,,1,89,,162614,4,,,1,100,,162616,4,,,1,68,,162617,4,,,1,128,,162618,4,,,1,100,,162619,4,,,1,100,,162620,4,,,1,105,,162621,4,,,1,96,,162622,4,,,1,100,,162623,4,,,1,100,,162624,4,,,1,114,,162625,4,,,1,96,,162626,4,,,1,86,,162627,4,,,1,75,,162628,4,,,1,30,,162629,4,,,1,95,,162630,4,,,1,198,,162631,4,,,1,102,,162632,4,,,1
3001,'20260630',654,,162634,4,,,1,89,,162636,4,,,1,100,,162638,4,,,1,68,,162639,4,,,1,128,,162640,4,,,1,100,,162641,4,,,1,100,,162642,4,,,1,105,,162643,4,,,1,96,,162644,4,,,1,100,,162645,4,,,1,100,,162646,4,,,1,114,,162647,4,,,1,96,,162648,4,,,1,86,,162649,4,,,1,75,,162650,4,,,1,30,,162651,4,,,1,95,,162652,4,,,1,198,,162653,4,,,1,102,,162654,4,,,1
3001,'20260701',856,,162656,4,,,1,92,,162657,4,,,1,105,,162659,4,,,1,100,,162661,4,,,1,100,,162663,4,,,1,100,,162665,4,,,1,100,,162667,4,,,1,100,,162669,4,,,1,100,,162671,4,,,1,200,,162673,4,,,1,100,,162676,4,,,1,100,,162679,4,,,1,100,,162682,4,,,1,100,,162684,4,,,1,195,,162685,4,,,1
3001,'20260702',654,,162687,4,,,1,89,,162689,4,,,1,100,,162691,4,,,1,68,,162692,4,,,1,128,,162693,4,,,1,100,,162694,4,,,1,100,,162695,4,,,1,105,,162696,4,,,1,96,,162698,4,,,1,100,,162701,4,,,1,100,,162703,4,,,1,114,,162704,4,,,1,96,,162705,4,,,1,86,,162706,4,,,1,75,,162707,4,,,1,30,,162708,4,,,1,95,,162709,4,,,1,198,,162710,4,,,1,102,,162711,4,,,1
3001,'20260703',654,,162713,4,,,1,89,,162715,4,,,1,100,,162717,4,,,1,68,,162718,4,,,1,128,,162719,4,,,1,100,,162720,4,,,1,100,,162721,4,,,1,105,,162722,4,,,1,96,,162724,4,,,1,100,,162727,4,,,1,100,,162729,4,,,1,114,,162732,4,,,1,96,,162733,4,,,1,86,,162734,4,,,1,75,,162735,4,,,1,30,,162736,4,,,1,95,,162737,4,,,1,198,,162738,4,,,1,102,,162739,4,,,1
3001,'20260704',856,,162741,4,,,1,92,,162742,4,,,1,105,,162744,4,,,1,100,,162746,4,,,1,100,,162748,4,,,1,100,,162750,4,,,1,100,,162752,4,,,1,100,,162754,4,,,1,100,,162756,4,,,1,200,,162758,4,,,1,100,,162761,4,,,1,100,,162764,4,,,1,100,,162767,4,,,1,100,,162769,4,,,1,195,,162770,4,,,1
3001,'20260705',856,,162771,4,,,1,92,,162772,4,,,1,105,,162774,4,,,1,100,,162776,4,,,1,100,,162778,4,,,1,100,,162780,4,,,1,100,,162782,4,,,1,100,,162784,4,,,1,100,,162786,4,,,1,200,,162788,4,,,1,100,,162791,4,,,1,100,,162794,4,,,1,100,,162797,4,,,1,100,,162799,4,,,1,195,,162800,4,,,1
3001,'20260706',654,,162802,4,,,1,89,,162804,4,,,1,100,,162806,4,,,1,68,,162807,4,,,1,128,,162808,4,,,1,100,,162809,4,,,1,100,,162810,4,,,1,105,,162811,4,,,1,96,,162812,4,,,1,100,,162813,4,,,1,100,,162814,4,,,1,114,,162815,4,,,1,96,,162816,4,,,1,86,,162817,4,,,1,75,,162818,4,,,1,30,,162819,4,,,1,95,,162820,4,,,1,198,,162821,4,,,1,102,,162822,4,,,1
3001,'20260707',654,,162824,4,,,1,89,,162826,4,,,1,100,,162828,4,,,1,68,,162829,4,,,1,128,,162830,4,,,1,100,,162831,4,,,1,100,,162832,4,,,1,105,,162833,4,,,1,96,,162834,4,,,1,100,,162835,4,,,1,100,,162836,4,,,1,114,,162837,4,,,1,96,,162838,4,,,1,86,,162839,4,,,1,75,,162840,4,,,1,30,,162841,4,,,1,95,,162842,4,,,1,198,,162843,4,,,1,102,,162844,4,,,1
3001,'20260708',654,,162846,4,,,1,89,,162848,4,,,1,100,,162850,4,,,1,68,,162851,4,,,1,128,,162852,4,,,1,100,,162853,4,,,1,100,,162854,4,,,1,105,,162855,4,,,1,96,,162856,4,,,1,100,,162857,4,,,1,100,,162858,4,,,1,114,,162859,4,,,1,96,,162860,4,,,1,86,,162861,4,,,1,75,,162862,4,,,1,30,,162863,4,,,1,95,,162864,4,,,1,198,,162865,4,,,1,102,,162866,4,,,1
3001,'20260709',654,,162868,4,,,1,89,,162870,4,,,1,100,,162872,4,,,1,68,,162873,4,,,1,128,,162874,4,,,1,100,,162875,4,,,1,100,,162876,4,,,1,105,,162877,4,,,1,96,,162879,4,,,1,100,,162882,4,,,1,100,,162884,4,,,1,114,,162885,4,,,1,96,,162886,4,,,1,86,,162887,4,,,1,75,,162888,4,,,1,30,,162889,4,,,1,95,,162890,4,,,1,198,,162891,4,,,1,102,,162892,4,,,1
3001,'20260710',654,,162894,4,,,1,89,,162896,4,,,1,100,,162898,4,,,1,68,,162899,4,,,1,128,,162900,4,,,1,100,,162901,4,,,1,100,,162902,4,,,1,105,,162903,4,,,1,96,,162905,4,,,1,100,,162908,4,,,1,100,,162910,4,,,1,114,,162913,4,,,1,96,,162914,4,,,1,86,,162915,4,,,1,75,,162916,4,,,1,30,,162917,4,,,1,95,,162918,4,,,1,198,,162919,4,,,1,102,,162920,4,,,1
3001,'20260711',856,,162922,4,,,1,197,,162924,4,,,1,100,,162926,4,,,1,100,,162928,4,,,1,100,,162930,4,,,1,100,,162932,4,,,1,100,,162934,4,,,1,100,,162936,4,,,1,200,,162938,4,,,1,100,,162941,4,,,1,100,,162944,4,,,1,100,,162947,4,,,1,100,,162949,4,,,1,195,,162950,4,,,1
3001,'20260712',856,,162951,4,,,1,197,,162953,4,,,1,100,,162955,4,,,1,100,,162957,4,,,1,100,,162959,4,,,1,100,,162961,4,,,1,100,,162963,4,,,1,100,,162965,4,,,1,200,,162967,4,,,1,100,,162970,4,,,1,100,,162973,4,,,1,100,,162976,4,,,1,100,,162978,4,,,1,195,,162979,4,,,1
3001,'20260713',654,,162981,4,,,1,89,,162983,4,,,1,100,,162985,4,,,1,68,,162986,4,,,1,128,,162987,4,,,1,100,,162988,4,,,1,100,,162989,4,,,1,105,,162990,4,,,1,96,,162991,4,,,1,100,,162992,4,,,1,100,,162993,4,,,1,114,,162994,4,,,1,96,,162995,4,,,1,86,,162996,4,,,1,75,,162997,4,,,1,30,,162998,4,,,1,95,,162999,4,,,1,198,,163000,4,,,1,102,,163001,4,,,1
3001,'20260714',654,,163003,4,,,1,89,,163005,4,,,1,100,,163007,4,,,1,68,,163008,4,,,1,128,,163009,4,,,1,100,,163010,4,,,1,100,,163011,4,,,1,105,,163012,4,,,1,96,,163013,4,,,1,100,,163014,4,,,1,100,,163015,4,,,1,114,,163016,4,,,1,96,,163017,4,,,1,86,,163018,4,,,1,75,,163019,4,,,1,30,,163020,4,,,1,95,,163021,4,,,1,198,,163022,4,,,1,102,,163023,4,,,1
3001,'20260715',654,,163025,4,,,1,89,,163027,4,,,1,100,,163029,4,,,1,68,,163030,4,,,1,128,,163031,4,,,1,100,,163032,4,,,1,100,,163033,4,,,1,105,,163034,4,,,1,96,,163035,4,,,1,100,,163036,4,,,1,100,,163037,4,,,1,114,,163038,4,,,1,96,,163039,4,,,1,86,,163040,4,,,1,75,,163041,4,,,1,30,,163042,4,,,1,95,,163043,4,,,1,198,,163044,4,,,1,102,,163045,4,,,1
3001,'20260716',654,,163047,4,,,1,89,,163049,4,,,1,100,,163051,4,,,1,68,,163052,4,,,1,128,,163053,4,,,1,100,,163054,4,,,1,100,,163055,4,,,1,105,,163056,4,,,1,96,,163058,4,,,1,100,,163061,4,,,1,100,,163063,4,,,1,114,,163064,4,,,1,96,,163065,4,,,1,86,,163066,4,,,1,75,,163067,4,,,1,30,,163068,4,,,1,95,,163069,4,,,1,198,,163070,4,,,1,102,,163071,4,,,1
3001,'20260717',654,,163073,4,,,1,89,,163075,4,,,1,100,,163077,4,,,1,68,,163078,4,,,1,128,,163079,4,,,1,100,,163080,4,,,1,100,,163081,4,,,1,105,,163082,4,,,1,96,,163084,4,,,1,100,,163087,4,,,1,100,,163089,4,,,1,114,,163092,4,,,1,96,,163093,4,,,1,86,,163094,4,,,1,75,,163095,4,,,1,30,,163096,4,,,1,95,,163097,4,,,1,198,,163098,4,,,1,102,,163099,4,,,1
3001,'20260718',856,,163101,4,,,1,197,,163103,4,,,1,100,,163105,4,,,1,100,,163107,4,,,1,100,,163109,4,,,1,100,,163111,4,,,1,100,,163113,4,,,1,100,,163115,4,,,1,200,,163117,4,,,1,100,,163120,4,,,1,100,,163123,4,,,1,100,,163126,4,,,1,100,,163128,4,,,1,195,,163129,4,,,1
3001,'20260719',856,,163130,4,,,1,197,,163132,4,,,1,100,,163134,4,,,1,100,,163136,4,,,1,100,,163138,4,,,1,100,,163140,4,,,1,100,,163142,4,,,1,100,,163144,4,,,1,200,,163146,4,,,1,100,,163149,4,,,1,100,,163152,4,,,1,100,,163155,4,,,1,100,,163157,4,,,1,195,,163158,4,,,1
3001,'20260720',654,,163160,4,,,1,89,,163162,4,,,1,100,,163164,4,,,1,68,,163165,4,,,1,128,,163166,4,,,1,100,,163167,4,,,1,100,,163168,4,,,1,105,,163169,4,,,1,96,,163170,4,,,1,100,,163171,4,,,1,100,,163172,4,,,1,114,,163173,4,,,1,96,,163174,4,,,1,86,,163175,4,,,1,75,,163176,4,,,1,30,,163177,4,,,1,95,,163178,4,,,1,198,,163179,4,,,1,102,,163180,4,,,1
3001,'20260721',654,,163182,4,,,1,89,,163184,4,,,1,100,,163186,4,,,1,68,,163187,4,,,1,128,,163188,4,,,1,100,,163189,4,,,1,100,,163190,4,,,1,105,,163191,4,,,1,96,,163192,4,,,1,100,,163193,4,,,1,100,,163194,4,,,1,114,,163195,4,,,1,96,,163196,4,,,1,86,,163197,4,,,1,75,,163198,4,,,1,30,,163199,4,,,1,95,,163200,4,,,1,198,,163201,4,,,1,102,,163202,4,,,1
3001,'20260722',654,,163204,4,,,1,89,,163206,4,,,1,100,,163208,4,,,1,68,,163209,4,,,1,128,,163210,4,,,1,100,,163211,4,,,1,100,,163212,4,,,1,105,,163213,4,,,1,96,,163214,4,,,1,100,,163215,4,,,1,100,,163216,4,,,1,114,,163217,4,,,1,96,,163218,4,,,1,86,,163219,4,,,1,75,,163220,4,,,1,30,,163221,4,,,1,95,,163222,4,,,1,198,,163223,4,,,1,102,,163224,4,,,1
3001,'20260723',654,,163226,4,,,1,89,,163228,4,,,1,100,,163230,4,,,1,68,,163231,4,,,1,128,,163232,4,,,1,100,,163233,4,,,1,100,,163234,4,,,1,105,,163235,4,,,1,96,,163237,4,,,1,100,,163240,4,,,1,100,,163242,4,,,1,114,,163243,4,,,1,96,,163244,4,,,1,86,,163245,4,,,1,75,,163246,4,,,1,30,,163247,4,,,1,95,,163248,4,,,1,198,,163249,4,,,1,102,,163250,4,,,1
3001,'20260724',654,,163252,4,,,1,89,,163254,4,,,1,100,,163256,4,,,1,68,,163257,4,,,1,128,,163258,4,,,1,100,,163259,4,,,1,100,,163260,4,,,1,105,,163261,4,,,1,96,,163263,4,,,1,100,,163266,4,,,1,100,,163268,4,,,1,114,,163271,4,,,1,96,,163272,4,,,1,86,,163273,4,,,1,75,,163274,4,,,1,30,,163275,4,,,1,95,,163276,4,,,1,198,,163277,4,,,1,102,,163278,4,,,1
3001,'20260725',856,,163280,4,,,1,197,,163282,4,,,1,100,,163284,4,,,1,100,,163286,4,,,1,100,,163288,4,,,1,100,,163290,4,,,1,100,,163292,4,,,1,100,,163294,4,,,1,200,,163296,4,,,1,100,,163299,4,,,1,100,,163302,4,,,1,100,,163305,4,,,1,100,,163307,4,,,1,195,,163308,4,,,1
3001,'20260726',856,,163309,4,,,1,197,,163311,4,,,1,100,,163313,4,,,1,100,,163315,4,,,1,100,,163317,4,,,1,100,,163319,4,,,1,100,,163321,4,,,1,100,,163323,4,,,1,200,,163325,4,,,1,100,,163328,4,,,1,100,,163331,4,,,1,100,,163334,4,,,1,100,,163336,4,,,1,195,,163337,4,,,1
3001,'20260727',654,,163339,4,,,1,89,,163341,4,,,1,100,,163343,4,,,1,68,,163344,4,,,1,128,,163345,4,,,1,100,,163346,4,,,1,100,,163347,4,,,1,105,,163348,4,,,1,96,,163349,4,,,1,100,,163350,4,,,1,100,,163351,4,,,1,114,,163352,4,,,1,96,,163353,4,,,1,86,,163354,4,,,1,75,,163355,4,,,1,30,,163356,4,,,1,95,,163357,4,,,1,198,,163358,4,,,1,102,,163359,4,,,1
3001,'20260728',654,,163361,4,,,1,89,,163363,4,,,1,100,,163365,4,,,1,68,,163366,4,,,1,128,,163367,4,,,1,100,,163368,4,,,1,100,,163369,4,,,1,105,,163370,4,,,1,96,,163371,4,,,1,100,,163372,4,,,1,100,,163373,4,,,1,114,,163374,4,,,1,96,,163375,4,,,1,86,,163376,4,,,1,75,,163377,4,,,1,30,,163378,4,,,1,95,,163379,4,,,1,198,,163380,4,,,1,102,,163381,4,,,1
3001,'20260729',654,,163383,4,,,1,89,,163385,4,,,1,100,,163387,4,,,1,68,,163388,4,,,1,128,,163389,4,,,1,100,,163390,4,,,1,100,,163391,4,,,1,105,,163392,4,,,1,96,,163393,4,,,1,100,,163394,4,,,1,100,,163395,4,,,1,114,,163396,4,,,1,96,,163397,4,,,1,86,,163398,4,,,1,75,,163399,4,,,1,30,,163400,4,,,1,95,,163401,4,,,1,198,,163402,4,,,1,102,,163403,4,,,1
3001,'20260730',654,,163405,4,,,1,89,,163407,4,,,1,100,,163409,4,,,1,68,,163410,4,,,1,128,,163411,4,,,1,100,,163412,4,,,1,100,,163413,4,,,1,105,,163414,4,,,1,96,,163416,4,,,1,100,,163419,4,,,1,100,,163421,4,,,1,114,,163422,4,,,1,96,,163423,4,,,1,86,,163424,4,,,1,75,,163425,4,,,1,30,,163426,4,,,1,95,,163427,4,,,1,198,,163428,4,,,1,102,,163429,4,,,1
3001,'20260731',654,,163431,4,,,1,89,,163433,4,,,1,100,,163435,4,,,1,68,,163436,4,,,1,128,,163437,4,,,1,100,,163438,4,,,1,100,,163439,4,,,1,105,,163440,4,,,1,96,,163442,4,,,1,100,,163445,4,,,1,100,,163447,4,,,1,114,,163450,4,,,1,96,,163451,4,,,1,86,,163452,4,,,1,75,,163453,4,,,1,30,,163454,4,,,1,95,,163455,4,,,1,198,,163456,4,,,1,102,,163457,4,,,1
3001,'20260801',856,,163459,4,,,1,197,,163461,4,,,1,100,,163463,4,,,1,100,,163465,4,,,1,100,,163467,4,,,1,100,,163469,4,,,1,100,,163471,4,,,1,100,,163473,4,,,1,200,,163475,4,,,1,100,,163478,4,,,1,100,,163481,4,,,1,100,,163484,4,,,1,100,,163486,4,,,1,195,,163487,4,,,1
3001,'20260802',856,,163488,4,,,1,197,,163490,4,,,1,100,,163492,4,,,1,100,,163494,4,,,1,100,,163496,4,,,1,100,,163498,4,,,1,100,,163500,4,,,1,100,,163502,4,,,1,200,,163504,4,,,1,100,,163507,4,,,1,100,,163510,4,,,1,100,,163513,4,,,1,100,,163515,4,,,1,195,,163516,4,,,1
3001,'20260803',856,,163518,4,,,1,197,,163520,4,,,1,100,,163522,4,,,1,100,,163524,4,,,1,100,,163526,4,,,1,100,,163528,4,,,1,100,,163530,4,,,1,100,,163532,4,,,1,200,,163534,4,,,1,100,,163537,4,,,1,100,,163540,4,,,1,100,,163543,4,,,1,100,,163545,4,,,1,195,,163546,4,,,1
3001,'20260804',654,,163548,4,,,1,89,,163550,4,,,1,100,,163552,4,,,1,68,,163553,4,,,1,128,,163554,4,,,1,100,,163555,4,,,1,100,,163556,4,,,1,105,,163557,4,,,1,96,,163558,4,,,1,100,,163559,4,,,1,100,,163560,4,,,1,114,,163561,4,,,1,96,,163562,4,,,1,86,,163563,4,,,1,75,,163564,4,,,1,30,,163565,4,,,1,95,,163566,4,,,1,198,,163567,4,,,1,102,,163568,4,,,1
3001,'20260805',654,,163570,4,,,1,89,,163572,4,,,1,100,,163574,4,,,1,68,,163575,4,,,1,128,,163576,4,,,1,100,,163577,4,,,1,100,,163578,4,,,1,105,,163579,4,,,1,96,,163580,4,,,1,100,,163581,4,,,1,100,,163582,4,,,1,114,,163583,4,,,1,96,,163584,4,,,1,86,,163585,4,,,1,75,,163586,4,,,1,30,,163587,4,,,1,95,,163588,4,,,1,198,,163589,4,,,1,102,,163590,4,,,1
3001,'20260806',654,,163592,4,,,1,89,,163594,4,,,1,100,,163596,4,,,1,68,,163597,4,,,1,128,,163598,4,,,1,100,,163599,4,,,1,100,,163600,4,,,1,105,,163601,4,,,1,96,,163603,4,,,1,100,,163606,4,,,1,100,,163608,4,,,1,114,,163609,4,,,1,96,,163610,4,,,1,86,,163611,4,,,1,75,,163612,4,,,1,30,,163613,4,,,1,95,,163614,4,,,1,198,,163615,4,,,1,102,,163616,4,,,1
3001,'20260807',654,,163618,4,,,1,89,,163620,4,,,1,100,,163622,4,,,1,68,,163623,4,,,1,128,,163624,4,,,1,100,,163625,4,,,1,100,,163626,4,,,1,105,,163627,4,,,1,96,,163629,4,,,1,100,,163632,4,,,1,100,,163634,4,,,1,114,,163637,4,,,1,96,,163638,4,,,1,86,,163639,4,,,1,75,,163640,4,,,1,30,,163641,4,,,1,95,,163642,4,,,1,198,,163643,4,,,1,102,,163644,4,,,1
3001,'20260808',856,,163646,4,,,1,197,,163648,4,,,1,100,,163650,4,,,1,100,,163652,4,,,1,100,,163654,4,,,1,100,,163656,4,,,1,100,,163658,4,,,1,100,,163660,4,,,1,200,,163662,4,,,1,100,,163665,4,,,1,100,,163668,4,,,1,100,,163671,4,,,1,100,,163673,4,,,1,195,,163674,4,,,1
3001,'20260809',856,,163675,4,,,1,197,,163677,4,,,1,100,,163679,4,,,1,100,,163681,4,,,1,100,,163683,4,,,1,100,,163685,4,,,1,100,,163687,4,,,1,100,,163689,4,,,1,200,,163691,4,,,1,100,,163694,4,,,1,100,,163697,4,,,1,100,,163700,4,,,1,100,,163702,4,,,1,195,,163703,4,,,1
3001,'20260810',654,,163705,4,,,1,89,,163707,4,,,1,100,,163709,4,,,1,68,,163710,4,,,1,128,,163711,4,,,1,100,,163712,4,,,1,100,,163713,4,,,1,105,,163714,4,,,1,96,,163715,4,,,1,100,,163716,4,,,1,100,,163717,4,,,1,114,,163718,4,,,1,96,,163719,4,,,1,86,,163720,4,,,1,75,,163721,4,,,1,30,,163722,4,,,1,95,,163723,4,,,1,198,,163724,4,,,1,102,,163725,4,,,1
3001,'20260811',654,,163727,4,,,1,89,,163729,4,,,1,100,,163731,4,,,1,68,,163732,4,,,1,128,,163733,4,,,1,100,,163734,4,,,1,100,,163735,4,,,1,105,,163736,4,,,1,96,,163737,4,,,1,100,,163738,4,,,1,100,,163739,4,,,1,114,,163740,4,,,1,96,,163741,4,,,1,86,,163742,4,,,1,75,,163743,4,,,1,30,,163744,4,,,1,95,,163745,4,,,1,198,,163746,4,,,1,102,,163747,4,,,1
3001,'20260812',654,,163749,4,,,1,89,,163751,4,,,1,100,,163753,4,,,1,68,,163754,4,,,1,128,,163755,4,,,1,100,,163756,4,,,1,100,,163757,4,,,1,105,,163758,4,,,1,96,,163759,4,,,1,100,,163760,4,,,1,100,,163761,4,,,1,114,,163762,4,,,1,96,,163763,4,,,1,86,,163764,4,,,1,75,,163765,4,,,1,30,,163766,4,,,1,95,,163767,4,,,1,198,,163768,4,,,1,102,,163769,4,,,1
3001,'20260813',654,,163771,4,,,1,89,,163773,4,,,1,100,,163775,4,,,1,68,,163776,4,,,1,128,,163777,4,,,1,100,,163778,4,,,1,100,,163779,4,,,1,105,,163780,4,,,1,96,,163782,4,,,1,100,,163785,4,,,1,100,,163787,4,,,1,114,,163788,4,,,1,96,,163789,4,,,1,86,,163790,4,,,1,75,,163791,4,,,1,30,,163792,4,,,1,95,,163793,4,,,1,198,,163794,4,,,1,102,,163795,4,,,1
3001,'20260814',654,,163797,4,,,1,89,,163799,4,,,1,100,,163801,4,,,1,68,,163802,4,,,1,128,,163803,4,,,1,100,,163804,4,,,1,100,,163805,4,,,1,105,,163806,4,,,1,96,,163808,4,,,1,100,,163811,4,,,1,100,,163813,4,,,1,114,,163816,4,,,1,96,,163817,4,,,1,86,,163818,4,,,1,75,,163819,4,,,1,30,,163820,4,,,1,95,,163821,4,,,1,198,,163822,4,,,1,102,,163823,4,,,1
3001,'20260815',856,,163825,4,,,1,197,,163827,4,,,1,100,,163829,4,,,1,100,,163831,4,,,1,100,,163833,4,,,1,100,,163835,4,,,1,100,,163837,4,,,1,100,,163839,4,,,1,200,,163841,4,,,1,100,,163844,4,,,1,100,,163847,4,,,1,100,,163850,4,,,1,100,,163852,4,,,1,195,,163853,4,,,1
3001,'20260816',856,,163854,4,,,1,197,,163856,4,,,1,100,,163858,4,,,1,100,,163860,4,,,1,100,,163862,4,,,1,100,,163864,4,,,1,100,,163866,4,,,1,100,,163868,4,,,1,200,,163870,4,,,1,100,,163873,4,,,1,100,,163876,4,,,1,100,,163879,4,,,1,100,,163881,4,,,1,195,,163882,4,,,1
3001,'20260817',654,,163884,4,,,1,89,,163886,4,,,1,100,,163888,4,,,1,68,,163889,4,,,1,128,,163890,4,,,1,100,,163891,4,,,1,100,,163892,4,,,1,105,,163893,4,,,1,96,,163894,4,,,1,100,,163895,4,,,1,100,,163896,4,,,1,114,,163897,4,,,1,96,,163898,4,,,1,86,,163899,4,,,1,75,,163900,4,,,1,30,,163901,4,,,1,95,,163902,4,,,1,198,,163903,4,,,1,102,,163904,4,,,1
3001,'20260818',654,,163906,4,,,1,89,,163908,4,,,1,100,,163910,4,,,1,68,,163911,4,,,1,128,,163912,4,,,1,100,,163913,4,,,1,100,,163914,4,,,1,105,,163915,4,,,1,96,,163916,4,,,1,100,,163917,4,,,1,100,,163918,4,,,1,114,,163919,4,,,1,96,,163920,4,,,1,86,,163921,4,,,1,75,,163922,4,,,1,30,,163923,4,,,1,95,,163924,4,,,1,198,,163925,4,,,1,102,,163926,4,,,1
3001,'20260819',654,,163928,4,,,1,89,,163930,4,,,1,100,,163932,4,,,1,68,,163933,4,,,1,128,,163934,4,,,1,100,,163935,4,,,1,100,,163936,4,,,1,105,,163937,4,,,1,96,,163938,4,,,1,100,,163939,4,,,1,100,,163940,4,,,1,114,,163941,4,,,1,96,,163942,4,,,1,86,,163943,4,,,1,75,,163944,4,,,1,30,,163945,4,,,1,95,,163946,4,,,1,198,,163947,4,,,1,102,,163948,4,,,1
3001,'20260820',654,,163950,4,,,1,89,,163952,4,,,1,100,,163954,4,,,1,68,,163955,4,,,1,128,,163956,4,,,1,100,,163957,4,,,1,100,,163958,4,,,1,105,,163959,4,,,1,96,,163961,4,,,1,100,,163964,4,,,1,100,,163966,4,,,1,114,,163967,4,,,1,96,,163968,4,,,1,86,,163969,4,,,1,75,,163970,4,,,1,30,,163971,4,,,1,95,,163972,4,,,1,198,,163973,4,,,1,102,,163974,4,,,1
3001,'20260821',654,,163976,4,,,1,89,,163978,4,,,1,100,,163980,4,,,1,68,,163981,4,,,1,128,,163982,4,,,1,100,,163983,4,,,1,100,,163984,4,,,1,105,,163985,4,,,1,96,,163987,4,,,1,100,,163990,4,,,1,100,,163992,4,,,1,114,,163995,4,,,1,96,,163996,4,,,1,86,,163997,4,,,1,75,,163998,4,,,1,30,,163999,4,,,1,95,,164000,4,,,1,198,,164001,4,,,1,102,,164002,4,,,1
3001,'20260822',856,,164004,4,,,1,197,,164006,4,,,1,100,,164008,4,,,1,100,,164010,4,,,1,100,,164012,4,,,1,100,,164014,4,,,1,100,,164016,4,,,1,100,,164018,4,,,1,200,,164020,4,,,1,100,,164023,4,,,1,100,,164026,4,,,1,100,,164029,4,,,1,100,,164031,4,,,1,195,,164032,4,,,1
3001,'20260823',856,,164033,4,,,1,197,,164035,4,,,1,100,,164037,4,,,1,100,,164039,4,,,1,100,,164041,4,,,1,100,,164043,4,,,1,100,,164045,4,,,1,100,,164047,4,,,1,200,,164049,4,,,1,100,,164052,4,,,1,100,,164055,4,,,1,100,,164058,4,,,1,100,,164060,4,,,1,195,,164061,4,,,1
3001,'20260824',654,,164063,4,,,1,89,,164065,4,,,1,100,,164067,4,,,1,68,,164068,4,,,1,128,,164069,4,,,1,100,,164070,4,,,1,100,,164071,4,,,1,105,,164072,4,,,1,96,,164073,4,,,1,100,,164074,4,,,1,100,,164075,4,,,1,114,,164076,4,,,1,96,,164077,4,,,1,86,,164078,4,,,1,75,,164079,4,,,1,30,,164080,4,,,1,95,,164081,4,,,1,198,,164082,4,,,1,102,,164083,4,,,1
3001,'20260825',654,,164085,4,,,1,89,,164087,4,,,1,100,,164089,4,,,1,68,,164090,4,,,1,128,,164091,4,,,1,100,,164092,4,,,1,100,,164093,4,,,1,105,,164094,4,,,1,96,,164095,4,,,1,100,,164096,4,,,1,100,,164097,4,,,1,114,,164098,4,,,1,96,,164099,4,,,1,86,,164100,4,,,1,75,,164101,4,,,1,30,,164102,4,,,1,95,,164103,4,,,1,198,,164104,4,,,1,102,,164105,4,,,1
3001,'20260826',654,,164107,4,,,1,89,,164109,4,,,1,100,,164111,4,,,1,68,,164112,4,,,1,128,,164113,4,,,1,100,,164114,4,,,1,100,,164115,4,,,1,105,,164116,4,,,1,96,,164117,4,,,1,100,,164118,4,,,1,100,,164119,4,,,1,114,,164120,4,,,1,96,,164121,4,,,1,86,,164122,4,,,1,75,,164123,4,,,1,30,,164124,4,,,1,95,,164125,4,,,1,198,,164126,4,,,1,102,,164127,4,,,1
3001,'20260827',654,,164129,4,,,1,89,,164131,4,,,1,100,,164133,4,,,1,68,,164134,4,,,1,128,,164135,4,,,1,100,,164136,4,,,1,100,,164137,4,,,1,105,,164138,4,,,1,96,,164140,4,,,1,100,,164143,4,,,1,100,,164145,4,,,1,114,,164146,4,,,1,96,,164147,4,,,1,86,,164148,4,,,1,75,,164149,4,,,1,30,,164150,4,,,1,95,,164151,4,,,1,198,,164152,4,,,1,102,,164153,4,,,1
3001,'20260828',654,,164155,4,,,1,89,,164157,4,,,1,100,,164159,4,,,1,68,,164160,4,,,1,128,,164161,4,,,1,100,,164162,4,,,1,100,,164163,4,,,1,105,,164164,4,,,1,96,,164166,4,,,1,100,,164169,4,,,1,100,,164171,4,,,1,114,,164174,4,,,1,96,,164175,4,,,1,86,,164176,4,,,1,75,,164177,4,,,1,30,,164178,4,,,1,95,,164179,4,,,1,198,,164180,4,,,1,102,,164181,4,,,1
3001,'20260829',856,,164183,4,,,1,197,,164185,4,,,1,100,,164187,4,,,1,100,,164189,4,,,1,100,,164191,4,,,1,100,,164193,4,,,1,100,,164195,4,,,1,100,,164197,4,,,1,200,,164199,4,,,1,100,,164202,4,,,1,100,,164205,4,,,1,100,,164208,4,,,1,100,,164210,4,,,1,195,,164211,4,,,1
3001,'20260830',856,,164212,4,,,1,197,,164214,4,,,1,100,,164216,4,,,1,100,,164218,4,,,1,100,,164220,4,,,1,100,,164222,4,,,1,100,,164224,4,,,1,100,,164226,4,,,1,200,,164228,4,,,1,100,,164231,4,,,1,100,,164234,4,,,1,100,,164237,4,,,1,100,,164239,4,,,1,195,,164240,4,,,1
3001,'20260831',654,,164242,4,,,1,89,,164244,4,,,1,100,,164246,4,,,1,68,,164247,4,,,1,128,,164248,4,,,1,100,,164249,4,,,1,100,,164250,4,,,1,105,,164251,4,,,1,96,,164252,4,,,1,100,,164253,4,,,1,100,,164254,4,,,1,114,,164255,4,,,1,96,,164256,4,,,1,86,,164257,4,,,1,75,,164258,4,,,1,30,,164259,4,,,1,95,,164260,4,,,1,198,,164261,4,,,1,102,,164262,4,,,1
3001,'20260901',654,,164264,4,,,1,89,,164266,4,,,1,100,,164268,4,,,1,68,,164269,4,,,1,128,,164270,4,,,1,100,,164271,4,,,1,100,,164272,4,,,1,105,,164273,4,,,1,96,,164274,4,,,1,100,,164275,4,,,1,100,,164276,4,,,1,114,,164277,4,,,1,96,,164278,4,,,1,86,,164279,4,,,1,75,,164280,4,,,1,30,,164281,4,,,1,95,,164282,4,,,1,198,,164283,4,,,1,102,,164284,4,,,1
3001,'20260902',654,,164286,4,,,1,89,,164288,4,,,1,100,,164290,4,,,1,68,,164291,4,,,1,128,,164292,4,,,1,100,,164293,4,,,1,100,,164294,4,,,1,105,,164295,4,,,1,96,,164296,4,,,1,100,,164297,4,,,1,100,,164298,4,,,1,114,,164299,4,,,1,96,,164300,4,,,1,86,,164301,4,,,1,75,,164302,4,,,1,30,,164303,4,,,1,95,,164304,4,,,1,198,,164305,4,,,1,102,,164306,4,,,1
3001,'20260903',654,,164308,4,,,1,89,,164310,4,,,1,100,,164312,4,,,1,68,,164313,4,,,1,128,,164314,4,,,1,100,,164315,4,,,1,100,,164316,4,,,1,105,,164317,4,,,1,96,,164319,4,,,1,100,,164322,4,,,1,100,,164324,4,,,1,114,,164325,4,,,1,96,,164326,4,,,1,86,,164327,4,,,1,75,,164328,4,,,1,30,,164329,4,,,1,95,,164330,4,,,1,198,,164331,4,,,1,102,,164332,4,,,1
3001,'20260904',654,,164334,4,,,1,89,,164336,4,,,1,100,,164338,4,,,1,68,,164339,4,,,1,128,,164340,4,,,1,100,,164341,4,,,1,100,,164342,4,,,1,105,,164343,4,,,1,96,,164345,4,,,1,100,,164348,4,,,1,100,,164350,4,,,1,114,,164353,4,,,1,96,,164354,4,,,1,86,,164355,4,,,1,75,,164356,4,,,1,30,,164357,4,,,1,95,,164358,4,,,1,198,,164359,4,,,1,102,,164360,4,,,1
