7000,'20260528',1133,,111524,19,0,34 35,1,200,,111525,19,0,34 35,1,202,,111526,19,0,34 35,1,222,,111527,4,0,5 35,1,191,,111528,19,0,34 35,1,82,,111529,19,0,34 35,1,100,,111530,19,0,34 35,1,204,,111531,19,0,34 35,1
7000,'20260529',1133,,111532,19,0,34 35,1,200,,111533,19,0,34 35,1,202,,111534,19,0,34 35,1,222,,111535,4,0,5 35,1,191,,111536,19,0,34 35,1,82,,111537,19,0,34 35,1,100,,111538,19,0,34 35,1,204,,111539,19,0,34 35,1
7000,'20260530',1032,,111540,19,0,34 35,1,200,,111541,19,0,34 35,1,200,,111542,19,0,34 35,1,200,,111543,19,0,34 35,1,200,,111544,19,0,34 35,1,200,,111545,19,0,34 35,1,194,,111546,4,0,5 35,1,202,,111547,4,0,5 35,1
7000,'20260531',1032,,111548,19,0,34 35,1,200,,111549,19,0,34 35,1,200,,111550,19,0,34 35,1,200,,111551,19,0,34 35,1,200,,111552,19,0,34 35,1,200,,111553,19,0,34 35,1,194,,111554,4,0,5 35,1,202,,111555,4,0,5 35,1
7000,'20260601',1133,,111556,19,0,34 35,1,200,,111557,19,0,34 35,1,202,,111558,19,0,34 35,1,222,,111559,4,0,5 35,1,191,,111560,19,0,34 35,1,82,,111561,19,0,34 35,1,100,,111562,19,0,34 35,1,204,,111563,19,0,34 35,1
7000,'20260602',1133,,111564,19,0,34 35,1,200,,111565,19,0,34 35,1,202,,111566,19,0,34 35,1,222,,111567,4,0,5 35,1,191,,111568,19,0,34 35,1,82,,111569,19,0,34 35,1,100,,111570,19,0,34 35,1,204,,111571,19,0,34 35,1
7000,'20260603',1133,,111572,19,0,34 35,1,200,,111573,19,0,34 35,1,202,,111574,19,0,34 35,1,222,,111575,4,0,5 35,1,191,,111576,19,0,34 35,1,82,,111577,19,0,34 35,1,100,,111578,19,0,34 35,1,204,,111579,19,0,34 35,1
7000,'20260604',1133,,111580,19,0,34 35,1,200,,111581,19,0,34 35,1,202,,111582,19,0,34 35,1,222,,111583,4,0,5 35,1,191,,111584,19,0,34 35,1,82,,111585,19,0,34 35,1,100,,111586,19,0,34 35,1,204,,111587,19,0,34 35,1
7000,'20260605',1133,,111588,19,0,34 35,1,200,,111589,19,0,34 35,1,202,,111590,19,0,34 35,1,222,,111591,4,0,5 35,1,191,,111592,19,0,34 35,1,82,,111593,19,0,34 35,1,100,,111594,19,0,34 35,1,204,,111595,19,0,34 35,1
7000,'20260606',1032,,111596,19,0,34 35,1,200,,111597,19,0,34 35,1,200,,111598,19,0,34 35,1,200,,111599,19,0,34 35,1,200,,111600,19,0,34 35,1,200,,111601,19,0,34 35,1,194,,111602,4,0,5 35,1,202,,111603,4,0,5 35,1
7000,'20260607',1032,,111604,19,0,34 35,1,200,,111605,19,0,34 35,1,200,,111606,19,0,34 35,1,200,,111607,19,0,34 35,1,200,,111608,19,0,34 35,1,200,,111609,19,0,34 35,1,194,,111610,4,0,5 35,1,202,,111611,4,0,5 35,1
7000,'20260608',1133,,111612,19,0,34 35,1,200,,111613,19,0,34 35,1,202,,111614,19,0,34 35,1,222,,111615,4,0,5 35,1,191,,111616,19,0,34 35,1,82,,111617,19,0,34 35,1,100,,111618,19,0,34 35,1,204,,111619,19,0,34 35,1
7000,'20260609',1133,,111620,19,0,34 35,1,200,,111621,19,0,34 35,1,202,,111622,19,0,34 35,1,222,,111623,4,0,5 35,1,191,,111624,19,0,34 35,1,82,,111625,19,0,34 35,1,100,,111626,19,0,34 35,1,204,,111627,19,0,34 35,1
7000,'20260610',1133,,111628,19,0,34 35,1,200,,111629,19,0,34 35,1,202,,111630,19,0,34 35,1,222,,111631,4,0,5 35,1,191,,111632,19,0,34 35,1,82,,111633,19,0,34 35,1,100,,111634,19,0,34 35,1,204,,111635,19,0,34 35,1
7000,'20260611',1133,,111636,19,0,34 35,1,200,,111637,19,0,34 35,1,202,,111638,19,0,34 35,1,222,,111639,4,0,5 35,1,191,,111640,19,0,34 35,1,82,,111641,19,0,34 35,1,100,,111642,19,0,34 35,1,204,,111643,19,0,34 35,1
7000,'20260612',1133,,111644,19,0,34 35,1,200,,111645,19,0,34 35,1,202,,111646,19,0,34 35,1,222,,111647,4,0,5 35,1,191,,111648,19,0,34 35,1,82,,111649,19,0,34 35,1,100,,111650,19,0,34 35,1,204,,111651,19,0,34 35,1
7000,'20260613',1032,,205611,19,0,34 35,1,200,,205612,19,0,34 35,1,200,,205613,19,0,34 35,1,200,,205614,19,0,34 35,1,200,,205615,19,0,34 35,1,200,,205616,19,0,34 35,1,194,,205617,4,0,5 35,1,202,,205618,4,0,5 35,1
7000,'20260614',1032,,205619,19,0,34 35,1,200,,205620,19,0,34 35,1,200,,205621,19,0,34 35,1,200,,205622,19,0,34 35,1,200,,205623,19,0,34 35,1,200,,205624,19,0,34 35,1,194,,205625,4,0,5 35,1,202,,205626,4,0,5 35,1
7000,'20260615',1133,,205627,19,0,34 35,1,200,,205628,19,0,34 35,1,202,,205629,19,0,34 35,1,222,,205630,4,0,5 35,1,191,,205631,19,0,34 35,1,82,,205632,19,0,34 35,1,100,,205633,19,0,34 35,1,204,,205634,19,0,34 35,1
7000,'20260616',1133,,205635,19,0,34 35,1,200,,205636,19,0,34 35,1,202,,205637,19,0,34 35,1,222,,205638,4,0,5 35,1,191,,205639,19,0,34 35,1,82,,205640,19,0,34 35,1,100,,205641,19,0,34 35,1,204,,205642,19,0,34 35,1
7000,'20260617',1133,,205643,19,0,34 35,1,200,,205644,19,0,34 35,1,202,,205645,19,0,34 35,1,222,,205646,4,0,5 35,1,191,,205647,19,0,34 35,1,82,,205648,19,0,34 35,1,100,,205649,19,0,34 35,1,204,,205650,19,0,34 35,1
7000,'20260618',1133,,205651,19,0,34 35,1,200,,205652,19,0,34 35,1,202,,205653,19,0,34 35,1,222,,205654,4,0,5 35,1,191,,205655,19,0,34 35,1,82,,205656,19,0,34 35,1,100,,205657,19,0,34 35,1,204,,205658,19,0,34 35,1
7000,'20260619',1133,,205659,19,0,34 35,1,200,,205660,19,0,34 35,1,202,,205661,19,0,34 35,1,222,,205662,4,0,5 35,1,191,,205663,19,0,34 35,1,82,,205664,19,0,34 35,1,100,,205665,19,0,34 35,1,204,,205666,19,0,34 35,1
7000,'20260620',1032,,205667,19,0,34 35,1,200,,205668,19,0,34 35,1,200,,205669,19,0,34 35,1,200,,205670,19,0,34 35,1,200,,205671,19,0,34 35,1,200,,205672,19,0,34 35,1,194,,205673,4,0,5 35,1,202,,205674,4,0,5 35,1
7000,'20260621',1032,,205675,19,0,34 35,1,200,,205676,19,0,34 35,1,200,,205677,19,0,34 35,1,200,,205678,19,0,34 35,1,200,,205679,19,0,34 35,1,200,,205680,19,0,34 35,1,194,,205681,4,0,5 35,1,202,,205682,4,0,5 35,1
7000,'20260622',1133,,205683,19,0,34 35,1,200,,205684,19,0,34 35,1,202,,205685,19,0,34 35,1,222,,205686,4,0,5 35,1,191,,205687,19,0,34 35,1,82,,205688,19,0,34 35,1,100,,205689,19,0,34 35,1,204,,205690,19,0,34 35,1
7000,'20260623',1133,,205691,19,0,34 35,1,200,,205692,19,0,34 35,1,202,,205693,19,0,34 35,1,222,,205694,4,0,5 35,1,191,,205695,19,0,34 35,1,82,,205696,19,0,34 35,1,100,,205697,19,0,34 35,1,204,,205698,19,0,34 35,1
7000,'20260624',1133,,205699,19,0,34 35,1,200,,205700,19,0,34 35,1,202,,205701,19,0,34 35,1,222,,205702,4,0,5 35,1,191,,205703,19,0,34 35,1,82,,205704,19,0,34 35,1,100,,205705,19,0,34 35,1,204,,205706,19,0,34 35,1
7000,'20260625',1133,,205707,19,0,34 35,1,200,,205708,19,0,34 35,1,202,,205709,19,0,34 35,1,222,,205710,4,0,5 35,1,191,,205711,19,0,34 35,1,82,,205712,19,0,34 35,1,100,,205713,19,0,34 35,1,204,,205714,19,0,34 35,1
7000,'20260626',1133,,205715,19,0,34 35,1,200,,205716,19,0,34 35,1,202,,205717,19,0,34 35,1,222,,205718,4,0,5 35,1,191,,205719,19,0,34 35,1,82,,205720,19,0,34 35,1,100,,205721,19,0,34 35,1,204,,205722,19,0,34 35,1
7000,'20260627',1032,,205723,19,0,34 35,1,200,,205724,19,0,34 35,1,200,,205725,19,0,34 35,1,200,,205726,19,0,34 35,1,200,,205727,19,0,34 35,1,200,,205728,19,0,34 35,1,194,,205729,4,0,5 35,1,202,,205730,4,0,5 35,1
7000,'20260628',1032,,205731,19,0,34 35,1,200,,205732,19,0,34 35,1,200,,205733,19,0,34 35,1,200,,205734,19,0,34 35,1,200,,205735,19,0,34 35,1,200,,205736,19,0,34 35,1,194,,205737,4,0,5 35,1,202,,205738,4,0,5 35,1
7000,'20260629',1133,,205739,19,0,34 35,1,200,,205740,19,0,34 35,1,202,,205741,19,0,34 35,1,222,,205742,4,0,5 35,1,191,,205743,19,0,34 35,1,82,,205744,19,0,34 35,1,100,,205745,19,0,34 35,1,204,,205746,19,0,34 35,1
7000,'20260630',1133,,205747,19,0,34 35,1,200,,205748,19,0,34 35,1,202,,205749,19,0,34 35,1,222,,205750,4,0,5 35,1,191,,205751,19,0,34 35,1,82,,205752,19,0,34 35,1,100,,205753,19,0,34 35,1,204,,205754,19,0,34 35,1
7000,'20260701',1032,,205755,19,0,34 35,1,200,,205756,19,0,34 35,1,200,,205757,19,0,34 35,1,200,,205758,19,0,34 35,1,200,,205759,19,0,34 35,1,200,,205760,19,0,34 35,1,194,,205761,4,0,5 35,1,202,,205762,4,0,5 35,1
7000,'20260702',1133,,205763,19,0,34 35,1,200,,205764,19,0,34 35,1,202,,205765,19,0,34 35,1,222,,205766,4,0,5 35,1,191,,205767,19,0,34 35,1,82,,205768,19,0,34 35,1,100,,205769,19,0,34 35,1,204,,205770,19,0,34 35,1
7000,'20260703',1133,,205771,19,0,34 35,1,200,,205772,19,0,34 35,1,202,,205773,19,0,34 35,1,222,,205774,4,0,5 35,1,191,,205775,19,0,34 35,1,82,,205776,19,0,34 35,1,100,,205777,19,0,34 35,1,204,,205778,19,0,34 35,1
7000,'20260704',1032,,205779,19,0,34 35,1,200,,205780,19,0,34 35,1,200,,205781,19,0,34 35,1,200,,205782,19,0,34 35,1,200,,205783,19,0,34 35,1,200,,205784,19,0,34 35,1,194,,205785,4,0,5 35,1,202,,205786,4,0,5 35,1
7000,'20260705',1032,,205787,19,0,34 35,1,200,,205788,19,0,34 35,1,200,,205789,19,0,34 35,1,200,,205790,19,0,34 35,1,200,,205791,19,0,34 35,1,200,,205792,19,0,34 35,1,194,,205793,4,0,5 35,1,202,,205794,4,0,5 35,1
7000,'20260706',1133,,205795,19,0,34 35,1,200,,205796,19,0,34 35,1,202,,205797,19,0,34 35,1,222,,205798,4,0,5 35,1,191,,205799,19,0,34 35,1,82,,205800,19,0,34 35,1,100,,205801,19,0,34 35,1,204,,205802,19,0,34 35,1
7000,'20260707',1133,,205803,19,0,34 35,1,200,,205804,19,0,34 35,1,202,,205805,19,0,34 35,1,222,,205806,4,0,5 35,1,191,,205807,19,0,34 35,1,82,,205808,19,0,34 35,1,100,,205809,19,0,34 35,1,204,,205810,19,0,34 35,1
7000,'20260708',1133,,205811,19,0,34 35,1,200,,205812,19,0,34 35,1,202,,205813,19,0,34 35,1,222,,205814,4,0,5 35,1,191,,205815,19,0,34 35,1,82,,205816,19,0,34 35,1,100,,205817,19,0,34 35,1,204,,205818,19,0,34 35,1
7000,'20260709',1133,,205819,19,0,34 35,1,200,,205820,19,0,34 35,1,202,,205821,19,0,34 35,1,222,,205822,4,0,5 35,1,191,,205823,19,0,34 35,1,82,,205824,19,0,34 35,1,100,,205825,19,0,34 35,1,204,,205826,19,0,34 35,1
7000,'20260710',1133,,205827,19,0,34 35,1,200,,205828,19,0,34 35,1,202,,205829,19,0,34 35,1,222,,205830,4,0,5 35,1,191,,205831,19,0,34 35,1,82,,205832,19,0,34 35,1,100,,205833,19,0,34 35,1,204,,205834,19,0,34 35,1
7000,'20260711',1032,,205835,19,0,34 35,1,200,,205836,19,0,34 35,1,200,,205837,19,0,34 35,1,200,,205838,19,0,34 35,1,200,,205839,19,0,34 35,1,200,,205840,19,0,34 35,1,194,,205841,4,0,5 35,1,202,,205842,4,0,5 35,1
7000,'20260712',1032,,205843,19,0,34 35,1,200,,205844,19,0,34 35,1,200,,205845,19,0,34 35,1,200,,205846,19,0,34 35,1,200,,205847,19,0,34 35,1,200,,205848,19,0,34 35,1,194,,205849,4,0,5 35,1,202,,205850,4,0,5 35,1
7000,'20260713',1133,,205851,19,0,34 35,1,200,,205852,19,0,34 35,1,202,,205853,19,0,34 35,1,222,,205854,4,0,5 35,1,191,,205855,19,0,34 35,1,82,,205856,19,0,34 35,1,100,,205857,19,0,34 35,1,204,,205858,19,0,34 35,1
7000,'20260714',1133,,205859,19,0,34 35,1,200,,205860,19,0,34 35,1,202,,205861,19,0,34 35,1,222,,205862,4,0,5 35,1,191,,205863,19,0,34 35,1,82,,205864,19,0,34 35,1,100,,205865,19,0,34 35,1,204,,205866,19,0,34 35,1
7000,'20260715',1133,,205867,19,0,34 35,1,200,,205868,19,0,34 35,1,202,,205869,19,0,34 35,1,222,,205870,4,0,5 35,1,191,,205871,19,0,34 35,1,82,,205872,19,0,34 35,1,100,,205873,19,0,34 35,1,204,,205874,19,0,34 35,1
7000,'20260716',1133,,205875,19,0,34 35,1,200,,205876,19,0,34 35,1,202,,205877,19,0,34 35,1,222,,205878,4,0,5 35,1,191,,205879,19,0,34 35,1,82,,205880,19,0,34 35,1,100,,205881,19,0,34 35,1,204,,205882,19,0,34 35,1
7000,'20260717',1133,,205883,19,0,34 35,1,200,,205884,19,0,34 35,1,202,,205885,19,0,34 35,1,222,,205886,4,0,5 35,1,191,,205887,19,0,34 35,1,82,,205888,19,0,34 35,1,100,,205889,19,0,34 35,1,204,,205890,19,0,34 35,1
7000,'20260718',1032,,205891,19,0,34 35,1,200,,205892,19,0,34 35,1,200,,205893,19,0,34 35,1,200,,205894,19,0,34 35,1,200,,205895,19,0,34 35,1,200,,205896,19,0,34 35,1,194,,205897,4,0,5 35,1,202,,205898,4,0,5 35,1
7000,'20260719',1032,,205899,19,0,34 35,1,200,,205900,19,0,34 35,1,200,,205901,19,0,34 35,1,200,,205902,19,0,34 35,1,200,,205903,19,0,34 35,1,200,,205904,19,0,34 35,1,194,,205905,4,0,5 35,1,202,,205906,4,0,5 35,1
7000,'20260720',1133,,205907,19,0,34 35,1,200,,205908,19,0,34 35,1,202,,205909,19,0,34 35,1,222,,205910,4,0,5 35,1,191,,205911,19,0,34 35,1,82,,205912,19,0,34 35,1,100,,205913,19,0,34 35,1,204,,205914,19,0,34 35,1
7000,'20260721',1133,,205915,19,0,34 35,1,200,,205916,19,0,34 35,1,202,,205917,19,0,34 35,1,222,,205918,4,0,5 35,1,191,,205919,19,0,34 35,1,82,,205920,19,0,34 35,1,100,,205921,19,0,34 35,1,204,,205922,19,0,34 35,1
7000,'20260722',1133,,205923,19,0,34 35,1,200,,205924,19,0,34 35,1,202,,205925,19,0,34 35,1,222,,205926,4,0,5 35,1,191,,205927,19,0,34 35,1,82,,205928,19,0,34 35,1,100,,205929,19,0,34 35,1,204,,205930,19,0,34 35,1
7000,'20260723',1133,,205931,19,0,34 35,1,200,,205932,19,0,34 35,1,202,,205933,19,0,34 35,1,222,,205934,4,0,5 35,1,191,,205935,19,0,34 35,1,82,,205936,19,0,34 35,1,100,,205937,19,0,34 35,1,204,,205938,19,0,34 35,1
7000,'20260724',1133,,205939,19,0,34 35,1,200,,205940,19,0,34 35,1,202,,205941,19,0,34 35,1,222,,205942,4,0,5 35,1,191,,205943,19,0,34 35,1,82,,205944,19,0,34 35,1,100,,205945,19,0,34 35,1,204,,205946,19,0,34 35,1
7000,'20260725',1032,,205947,19,0,34 35,1,200,,205948,19,0,34 35,1,200,,205949,19,0,34 35,1,200,,205950,19,0,34 35,1,200,,205951,19,0,34 35,1,200,,205952,19,0,34 35,1,194,,205953,4,0,5 35,1,202,,205954,4,0,5 35,1
7000,'20260726',1032,,205955,19,0,34 35,1,200,,205956,19,0,34 35,1,200,,205957,19,0,34 35,1,200,,205958,19,0,34 35,1,200,,205959,19,0,34 35,1,200,,205960,19,0,34 35,1,194,,205961,4,0,5 35,1,202,,205962,4,0,5 35,1
7000,'20260727',1133,,205963,19,0,34 35,1,200,,205964,19,0,34 35,1,202,,205965,19,0,34 35,1,222,,205966,4,0,5 35,1,191,,205967,19,0,34 35,1,82,,205968,19,0,34 35,1,100,,205969,19,0,34 35,1,204,,205970,19,0,34 35,1
7000,'20260728',1133,,205971,19,0,34 35,1,200,,205972,19,0,34 35,1,202,,205973,19,0,34 35,1,222,,205974,4,0,5 35,1,191,,205975,19,0,34 35,1,82,,205976,19,0,34 35,1,100,,205977,19,0,34 35,1,204,,205978,19,0,34 35,1
7000,'20260729',1133,,205979,19,0,34 35,1,200,,205980,19,0,34 35,1,202,,205981,19,0,34 35,1,222,,205982,4,0,5 35,1,191,,205983,19,0,34 35,1,82,,205984,19,0,34 35,1,100,,205985,19,0,34 35,1,204,,205986,19,0,34 35,1
7000,'20260730',1133,,205987,19,0,34 35,1,200,,205988,19,0,34 35,1,202,,205989,19,0,34 35,1,222,,205990,4,0,5 35,1,191,,205991,19,0,34 35,1,82,,205992,19,0,34 35,1,100,,205993,19,0,34 35,1,204,,205994,19,0,34 35,1
7000,'20260731',1133,,205995,19,0,34 35,1,200,,205996,19,0,34 35,1,202,,205997,19,0,34 35,1,222,,205998,4,0,5 35,1,191,,205999,19,0,34 35,1,82,,206000,19,0,34 35,1,100,,206001,19,0,34 35,1,204,,206002,19,0,34 35,1
7000,'20260801',1032,,206003,19,0,34 35,1,200,,206004,19,0,34 35,1,200,,206005,19,0,34 35,1,200,,206006,19,0,34 35,1,200,,206007,19,0,34 35,1,200,,206008,19,0,34 35,1,194,,206009,4,0,5 35,1,202,,206010,4,0,5 35,1
7000,'20260802',1032,,206011,19,0,34 35,1,200,,206012,19,0,34 35,1,200,,206013,19,0,34 35,1,200,,206014,19,0,34 35,1,200,,206015,19,0,34 35,1,200,,206016,19,0,34 35,1,194,,206017,4,0,5 35,1,202,,206018,4,0,5 35,1
7000,'20260803',1032,,206019,19,0,34 35,1,200,,206020,19,0,34 35,1,200,,206021,19,0,34 35,1,200,,206022,19,0,34 35,1,200,,206023,19,0,34 35,1,200,,206024,19,0,34 35,1,194,,206025,4,0,5 35,1,202,,206026,4,0,5 35,1
7000,'20260804',1133,,206027,19,0,34 35,1,200,,206028,19,0,34 35,1,202,,206029,19,0,34 35,1,222,,206030,4,0,5 35,1,191,,206031,19,0,34 35,1,82,,206032,19,0,34 35,1,100,,206033,19,0,34 35,1,204,,206034,19,0,34 35,1
7000,'20260805',1133,,206035,19,0,34 35,1,200,,206036,19,0,34 35,1,202,,206037,19,0,34 35,1,222,,206038,4,0,5 35,1,191,,206039,19,0,34 35,1,82,,206040,19,0,34 35,1,100,,206041,19,0,34 35,1,204,,206042,19,0,34 35,1
7000,'20260806',1133,,206043,19,0,34 35,1,200,,206044,19,0,34 35,1,202,,206045,19,0,34 35,1,222,,206046,4,0,5 35,1,191,,206047,19,0,34 35,1,82,,206048,19,0,34 35,1,100,,206049,19,0,34 35,1,204,,206050,19,0,34 35,1
7000,'20260807',1133,,206051,19,0,34 35,1,200,,206052,19,0,34 35,1,202,,206053,19,0,34 35,1,222,,206054,4,0,5 35,1,191,,206055,19,0,34 35,1,82,,206056,19,0,34 35,1,100,,206057,19,0,34 35,1,204,,206058,19,0,34 35,1
7000,'20260808',1032,,206059,19,0,34 35,1,200,,206060,19,0,34 35,1,200,,206061,19,0,34 35,1,200,,206062,19,0,34 35,1,200,,206063,19,0,34 35,1,200,,206064,19,0,34 35,1,194,,206065,4,0,5 35,1,202,,206066,4,0,5 35,1
7000,'20260809',1032,,206067,19,0,34 35,1,200,,206068,19,0,34 35,1,200,,206069,19,0,34 35,1,200,,206070,19,0,34 35,1,200,,206071,19,0,34 35,1,200,,206072,19,0,34 35,1,194,,206073,4,0,5 35,1,202,,206074,4,0,5 35,1
7000,'20260810',1133,,206075,19,0,34 35,1,200,,206076,19,0,34 35,1,202,,206077,19,0,34 35,1,222,,206078,4,0,5 35,1,191,,206079,19,0,34 35,1,82,,206080,19,0,34 35,1,100,,206081,19,0,34 35,1,204,,206082,19,0,34 35,1
7000,'20260811',1133,,206083,19,0,34 35,1,200,,206084,19,0,34 35,1,202,,206085,19,0,34 35,1,222,,206086,4,0,5 35,1,191,,206087,19,0,34 35,1,82,,206088,19,0,34 35,1,100,,206089,19,0,34 35,1,204,,206090,19,0,34 35,1
7000,'20260812',1133,,206091,19,0,34 35,1,200,,206092,19,0,34 35,1,202,,206093,19,0,34 35,1,222,,206094,4,0,5 35,1,191,,206095,19,0,34 35,1,82,,206096,19,0,34 35,1,100,,206097,19,0,34 35,1,204,,206098,19,0,34 35,1
7000,'20260813',1133,,206099,19,0,34 35,1,200,,206100,19,0,34 35,1,202,,206101,19,0,34 35,1,222,,206102,4,0,5 35,1,191,,206103,19,0,34 35,1,82,,206104,19,0,34 35,1,100,,206105,19,0,34 35,1,204,,206106,19,0,34 35,1
7000,'20260814',1133,,206107,19,0,34 35,1,200,,206108,19,0,34 35,1,202,,206109,19,0,34 35,1,222,,206110,4,0,5 35,1,191,,206111,19,0,34 35,1,82,,206112,19,0,34 35,1,100,,206113,19,0,34 35,1,204,,206114,19,0,34 35,1
7000,'20260815',1032,,206115,19,0,34 35,1,200,,206116,19,0,34 35,1,200,,206117,19,0,34 35,1,200,,206118,19,0,34 35,1,200,,206119,19,0,34 35,1,200,,206120,19,0,34 35,1,194,,206121,4,0,5 35,1,202,,206122,4,0,5 35,1
7000,'20260816',1032,,206123,19,0,34 35,1,200,,206124,19,0,34 35,1,200,,206125,19,0,34 35,1,200,,206126,19,0,34 35,1,200,,206127,19,0,34 35,1,200,,206128,19,0,34 35,1,194,,206129,4,0,5 35,1,202,,206130,4,0,5 35,1
7000,'20260817',1133,,206131,19,0,34 35,1,200,,206132,19,0,34 35,1,202,,206133,19,0,34 35,1,222,,206134,4,0,5 35,1,191,,206135,19,0,34 35,1,82,,206136,19,0,34 35,1,100,,206137,19,0,34 35,1,204,,206138,19,0,34 35,1
7000,'20260818',1133,,206139,19,0,34 35,1,200,,206140,19,0,34 35,1,202,,206141,19,0,34 35,1,222,,206142,4,0,5 35,1,191,,206143,19,0,34 35,1,82,,206144,19,0,34 35,1,100,,206145,19,0,34 35,1,204,,206146,19,0,34 35,1
7000,'20260819',1133,,206147,19,0,34 35,1,200,,206148,19,0,34 35,1,202,,206149,19,0,34 35,1,222,,206150,4,0,5 35,1,191,,206151,19,0,34 35,1,82,,206152,19,0,34 35,1,100,,206153,19,0,34 35,1,204,,206154,19,0,34 35,1
7000,'20260820',1133,,206155,19,0,34 35,1,200,,206156,19,0,34 35,1,202,,206157,19,0,34 35,1,222,,206158,4,0,5 35,1,191,,206159,19,0,34 35,1,82,,206160,19,0,34 35,1,100,,206161,19,0,34 35,1,204,,206162,19,0,34 35,1
7000,'20260821',1133,,206163,19,0,34 35,1,200,,206164,19,0,34 35,1,202,,206165,19,0,34 35,1,222,,206166,4,0,5 35,1,191,,206167,19,0,34 35,1,82,,206168,19,0,34 35,1,100,,206169,19,0,34 35,1,204,,206170,19,0,34 35,1
7000,'20260822',1032,,206171,19,0,34 35,1,200,,206172,19,0,34 35,1,200,,206173,19,0,34 35,1,200,,206174,19,0,34 35,1,200,,206175,19,0,34 35,1,200,,206176,19,0,34 35,1,194,,206177,4,0,5 35,1,202,,206178,4,0,5 35,1
7000,'20260823',1032,,206179,19,0,34 35,1,200,,206180,19,0,34 35,1,200,,206181,19,0,34 35,1,200,,206182,19,0,34 35,1,200,,206183,19,0,34 35,1,200,,206184,19,0,34 35,1,194,,206185,4,0,5 35,1,202,,206186,4,0,5 35,1
7000,'20260824',1133,,206187,19,0,34 35,1,200,,206188,19,0,34 35,1,202,,206189,19,0,34 35,1,222,,206190,4,0,5 35,1,191,,206191,19,0,34 35,1,82,,206192,19,0,34 35,1,100,,206193,19,0,34 35,1,204,,206194,19,0,34 35,1
7000,'20260825',1133,,206195,19,0,34 35,1,200,,206196,19,0,34 35,1,202,,206197,19,0,34 35,1,222,,206198,4,0,5 35,1,191,,206199,19,0,34 35,1,82,,206200,19,0,34 35,1,100,,206201,19,0,34 35,1,204,,206202,19,0,34 35,1
7000,'20260826',1133,,206203,19,0,34 35,1,200,,206204,19,0,34 35,1,202,,206205,19,0,34 35,1,222,,206206,4,0,5 35,1,191,,206207,19,0,34 35,1,82,,206208,19,0,34 35,1,100,,206209,19,0,34 35,1,204,,206210,19,0,34 35,1
7000,'20260827',1133,,206211,19,0,34 35,1,200,,206212,19,0,34 35,1,202,,206213,19,0,34 35,1,222,,206214,4,0,5 35,1,191,,206215,19,0,34 35,1,82,,206216,19,0,34 35,1,100,,206217,19,0,34 35,1,204,,206218,19,0,34 35,1
7000,'20260828',1133,,206219,19,0,34 35,1,200,,206220,19,0,34 35,1,202,,206221,19,0,34 35,1,222,,206222,4,0,5 35,1,191,,206223,19,0,34 35,1,82,,206224,19,0,34 35,1,100,,206225,19,0,34 35,1,204,,206226,19,0,34 35,1
7000,'20260829',1032,,206227,19,0,34 35,1,200,,206228,19,0,34 35,1,200,,206229,19,0,34 35,1,200,,206230,19,0,34 35,1,200,,206231,19,0,34 35,1,200,,206232,19,0,34 35,1,194,,206233,4,0,5 35,1,202,,206234,4,0,5 35,1
7000,'20260830',1032,,206235,19,0,34 35,1,200,,206236,19,0,34 35,1,200,,206237,19,0,34 35,1,200,,206238,19,0,34 35,1,200,,206239,19,0,34 35,1,200,,206240,19,0,34 35,1,194,,206241,4,0,5 35,1,202,,206242,4,0,5 35,1
7000,'20260831',1133,,206243,19,0,34 35,1,200,,206244,19,0,34 35,1,202,,206245,19,0,34 35,1,222,,206246,4,0,5 35,1,191,,206247,19,0,34 35,1,82,,206248,19,0,34 35,1,100,,206249,19,0,34 35,1,204,,206250,19,0,34 35,1
7000,'20260901',1133,,206251,19,0,34 35,1,200,,206252,19,0,34 35,1,202,,206253,19,0,34 35,1,222,,206254,4,0,5 35,1,191,,206255,19,0,34 35,1,82,,206256,19,0,34 35,1,100,,206257,19,0,34 35,1,204,,206258,19,0,34 35,1
7000,'20260902',1133,,206259,19,0,34 35,1,200,,206260,19,0,34 35,1,202,,206261,19,0,34 35,1,222,,206262,4,0,5 35,1,191,,206263,19,0,34 35,1,82,,206264,19,0,34 35,1,100,,206265,19,0,34 35,1,204,,206266,19,0,34 35,1
7000,'20260903',1133,,206267,19,0,34 35,1,200,,206268,19,0,34 35,1,202,,206269,19,0,34 35,1,222,,206270,4,0,5 35,1,191,,206271,19,0,34 35,1,82,,206272,19,0,34 35,1,100,,206273,19,0,34 35,1,204,,206274,19,0,34 35,1
7000,'20260904',1133,,206275,19,0,34 35,1,200,,206276,19,0,34 35,1,202,,206277,19,0,34 35,1,222,,206278,4,0,5 35,1,191,,206279,19,0,34 35,1,82,,206280,19,0,34 35,1,100,,206281,19,0,34 35,1,204,,206282,19,0,34 35,1
7100,'20260528',804,,112161,32,,,1,120,,112162,32,,,1
7100,'20260529',804,,112165,32,,,1,120,,112166,32,,,1
7100,'20260530',859,,112169,32,,,1
7100,'20260531',859,,112173,32,,,1
7100,'20260601',804,,112177,32,,,1,120,,112178,32,,,1
7100,'20260602',804,,112181,32,,,1,120,,112182,32,,,1
7100,'20260603',804,,112185,32,,,1,120,,112186,32,,,1
7100,'20260604',804,,112189,32,,,1,120,,112190,32,,,1
7100,'20260605',804,,112193,32,,,1,120,,112194,32,,,1
7100,'20260606',859,,112197,32,,,1
7100,'20260607',859,,112201,32,,,1
7100,'20260608',804,,112205,32,,,1,120,,112206,32,,,1
7100,'20260609',804,,112209,32,,,1,120,,112210,32,,,1
7100,'20260610',804,,112213,32,,,1,120,,112214,32,,,1
7100,'20260611',804,,112217,32,,,1,120,,112218,32,,,1
7100,'20260612',804,,112221,32,,,1,120,,112222,32,,,1
7100,'20260613',859,,206929,32,,,1
7100,'20260614',859,,206933,32,,,1
7100,'20260615',804,,206937,32,,,1,120,,206938,32,,,1
7100,'20260616',804,,206941,32,,,1,120,,206942,32,,,1
7100,'20260617',804,,206945,32,,,1,120,,206946,32,,,1
7100,'20260618',804,,206949,32,,,1,120,,206950,32,,,1
7100,'20260619',804,,206953,32,,,1,120,,206954,32,,,1
7100,'20260620',859,,206957,32,,,1
7100,'20260621',859,,206961,32,,,1
7100,'20260622',804,,206965,32,,,1,120,,206966,32,,,1
7100,'20260623',804,,206969,32,,,1,120,,206970,32,,,1
7100,'20260624',804,,206973,32,,,1,120,,206974,32,,,1
7100,'20260625',804,,206977,32,,,1,120,,206978,32,,,1
7100,'20260626',804,,206981,32,,,1,120,,206982,32,,,1
7100,'20260627',859,,206985,32,,,1
7100,'20260628',859,,206989,32,,,1
7100,'20260629',804,,206993,32,,,1,120,,206994,32,,,1
7100,'20260630',804,,206997,32,,,1,120,,206998,32,,,1
7100,'20260701',859,,207001,32,,,1
7100,'20260702',804,,207005,32,,,1,120,,207006,32,,,1
7100,'20260703',804,,207009,32,,,1,120,,207010,32,,,1
7100,'20260704',859,,207013,32,,,1
7100,'20260705',859,,207017,32,,,1
7100,'20260706',804,,207021,32,,,1,120,,207022,32,,,1
7100,'20260707',804,,207025,32,,,1,120,,207026,32,,,1
7100,'20260708',804,,207029,32,,,1,120,,207030,32,,,1
7100,'20260709',804,,207033,32,,,1,120,,207034,32,,,1
7100,'20260710',804,,207037,32,,,1,120,,207038,32,,,1
7100,'20260711',859,,207041,32,,,1
7100,'20260712',859,,207045,32,,,1
7100,'20260713',804,,207049,32,,,1,120,,207050,32,,,1
7100,'20260714',804,,207053,32,,,1,120,,207054,32,,,1
7100,'20260715',804,,207057,32,,,1,120,,207058,32,,,1
7100,'20260716',804,,207061,32,,,1,120,,207062,32,,,1
7100,'20260717',804,,207065,32,,,1,120,,207066,32,,,1
7100,'20260718',859,,207069,32,,,1
7100,'20260719',859,,207073,32,,,1
7100,'20260720',804,,207077,32,,,1,120,,207078,32,,,1
7100,'20260721',804,,207081,32,,,1,120,,207082,32,,,1
7100,'20260722',804,,207085,32,,,1,120,,207086,32,,,1
7100,'20260723',804,,207089,32,,,1,120,,207090,32,,,1
7100,'20260724',804,,207093,32,,,1,120,,207094,32,,,1
7100,'20260725',859,,207097,32,,,1
7100,'20260726',859,,207101,32,,,1
7100,'20260727',804,,207105,32,,,1,120,,207106,32,,,1
7100,'20260728',804,,207109,32,,,1,120,,207110,32,,,1
7100,'20260729',804,,207113,32,,,1,120,,207114,32,,,1
7100,'20260730',804,,207117,32,,,1,120,,207118,32,,,1
7100,'20260731',804,,207121,32,,,1,120,,207122,32,,,1
7100,'20260801',859,,207125,32,,,1
7100,'20260802',859,,207129,32,,,1
7100,'20260803',859,,207133,32,,,1
7100,'20260804',804,,207137,32,,,1,120,,207138,32,,,1
7100,'20260805',804,,207141,32,,,1,120,,207142,32,,,1
7100,'20260806',804,,207145,32,,,1,120,,207146,32,,,1
7100,'20260807',804,,207149,32,,,1,120,,207150,32,,,1
7100,'20260808',859,,207153,32,,,1
7100,'20260809',859,,207157,32,,,1
7100,'20260810',804,,207161,32,,,1,120,,207162,32,,,1
7100,'20260811',804,,207165,32,,,1,120,,207166,32,,,1
7100,'20260812',804,,207169,32,,,1,120,,207170,32,,,1
7100,'20260813',804,,207173,32,,,1,120,,207174,32,,,1
7100,'20260814',804,,207177,32,,,1,120,,207178,32,,,1
7100,'20260815',859,,207181,32,,,1
7100,'20260816',859,,207185,32,,,1
7100,'20260817',804,,207189,32,,,1,120,,207190,32,,,1
7100,'20260818',804,,207193,32,,,1,120,,207194,32,,,1
7100,'20260819',804,,207197,32,,,1,120,,207198,32,,,1
7100,'20260820',804,,207201,32,,,1,120,,207202,32,,,1
7100,'20260821',804,,207205,32,,,1,120,,207206,32,,,1
7100,'20260822',859,,207209,32,,,1
7100,'20260823',859,,207213,32,,,1
7100,'20260824',804,,207217,32,,,1,120,,207218,32,,,1
7100,'20260825',804,,207221,32,,,1,120,,207222,32,,,1
7100,'20260826',804,,207225,32,,,1,120,,207226,32,,,1
7100,'20260827',804,,207229,32,,,1,120,,207230,32,,,1
7100,'20260828',804,,207233,32,,,1,120,,207234,32,,,1
7100,'20260829',859,,207237,32,,,1
7100,'20260830',859,,207241,32,,,1
7100,'20260831',804,,207245,32,,,1,120,,207246,32,,,1
7100,'20260901',804,,207249,32,,,1,120,,207250,32,,,1
7100,'20260902',804,,207253,32,,,1,120,,207254,32,,,1
7100,'20260903',804,,207257,32,,,1,120,,207258,32,,,1
7100,'20260904',804,,207261,32,,,1,120,,207262,32,,,1
