6501,'20260707',434,,203480,6,,,1,70,,203482,6,,,1,1035,,203483,6,,,1,84,,203484,6,,,1,96,,203485,6,,,1,99,,203486,6,,,1,605,,203487,6,0,16 29 30,1
6501,'20260708',434,,203488,6,,,1,70,,203490,6,,,1,1035,,203491,6,,,1,84,,203492,6,,,1,96,,203493,6,,,1,99,,203494,6,,,1,605,,203495,6,0,16 29 30,1
6501,'20260709',434,,203496,6,,,1,70,,203498,6,,,1,1035,,203499,6,,,1,84,,203500,6,,,1,96,,203501,6,,,1,99,,203502,6,,,1,605,,203503,6,0,16 29 30,1
6501,'20260710',434,,203504,6,,,1,70,,203506,6,,,1,1035,,203507,6,,,1,84,,203508,6,,,1,96,,203509,6,,,1,99,,203510,6,,,1,605,,203511,6,0,16 29 30,1
6501,'20260711',518,,203512,6,0,16 29 30,1,105,,203513,6,0,16 29 30,1,1815,,203514,6,,,1
6501,'20260712',518,,203515,6,0,16 29 30,1,105,,203516,6,0,16 29 30,1,1815,,203517,6,,,1
6501,'20260713',434,,203518,6,,,1,70,,203520,6,,,1,1035,,203521,6,,,1,84,,203522,6,,,1,96,,203523,6,,,1,99,,203524,6,,,1,605,,203525,6,0,16 29 30,1
6501,'20260714',434,,203526,6,,,1,70,,203528,6,,,1,1035,,203529,6,,,1,84,,203530,6,,,1,96,,203531,6,,,1,99,,203532,6,,,1,605,,203533,6,0,16 29 30,1
6501,'20260715',434,,203534,6,,,1,70,,203536,6,,,1,1035,,203537,6,,,1,84,,203538,6,,,1,96,,203539,6,,,1,99,,203540,6,,,1,605,,203541,6,0,16 29 30,1
6501,'20260716',434,,203542,6,,,1,70,,203544,6,,,1,1035,,203545,6,,,1,84,,203546,6,,,1,96,,203547,6,,,1,99,,203548,6,,,1,605,,203549,6,0,16 29 30,1
6501,'20260717',434,,203550,6,,,1,70,,203552,6,,,1,1035,,203553,6,,,1,84,,203554,6,,,1,96,,203555,6,,,1,99,,203556,6,,,1,605,,203557,6,0,16 29 30,1
6501,'20260718',518,,203558,6,0,16 29 30,1,105,,203559,6,0,16 29 30,1,1815,,203560,6,,,1
6501,'20260719',518,,203561,6,0,16 29 30,1,105,,203562,6,0,16 29 30,1,1815,,203563,6,,,1
6501,'20260720',434,,203564,6,,,1,70,,203566,6,,,1,1035,,203567,6,,,1,84,,203568,6,,,1,96,,203569,6,,,1,99,,203570,6,,,1,605,,203571,6,0,16 29 30,1
6501,'20260721',434,,203572,6,,,1,70,,203574,6,,,1,1035,,203575,6,,,1,84,,203576,6,,,1,96,,203577,6,,,1,99,,203578,6,,,1,605,,203579,6,0,16 29 30,1
6501,'20260722',434,,203580,6,,,1,70,,203582,6,,,1,1035,,203583,6,,,1,84,,203584,6,,,1,96,,203585,6,,,1,99,,203586,6,,,1,605,,203587,6,0,16 29 30,1
6501,'20260723',434,,203588,6,,,1,70,,203590,6,,,1,1035,,203591,6,,,1,84,,203592,6,,,1,96,,203593,6,,,1,99,,203594,6,,,1,605,,203595,6,0,16 29 30,1
6501,'20260724',434,,203596,6,,,1,70,,203598,6,,,1,1035,,203599,6,,,1,84,,203600,6,,,1,96,,203601,6,,,1,99,,203602,6,,,1,605,,203603,6,0,16 29 30,1
6501,'20260725',518,,203604,6,0,16 29 30,1,105,,203605,6,0,16 29 30,1,131,,219889,6,0,68 20 39,1,100,,219890,6,0,68 20 39,1,303,,219895,6,0,68 20 39,1,300,,219900,6,0,68 20 39,1,300,,219905,6,0,68 20 39,1,300,,219910,6,0,68 20 39,1,381,,203606,6,,,1
6501,'20260726',518,,203607,6,0,16 29 30,1,105,,203608,6,0,16 29 30,1,131,,219912,6,0,68 20 39,1,100,,219913,6,0,68 20 39,1,303,,219918,6,0,68 20 39,1,300,,219923,6,0,68 20 39,1,300,,219928,6,0,68 20 39,1,300,,219933,6,0,68 20 39,1,381,,203609,6,,,1
6501,'20260727',434,,203610,6,,,1,70,,203612,6,,,1,1035,,203613,6,,,1,84,,203614,6,,,1,96,,203615,6,,,1,99,,203616,6,,,1,605,,203617,6,0,16 29 30,1
6501,'20260728',434,,203618,6,,,1,70,,203620,6,,,1,1035,,203621,6,,,1,84,,203622,6,,,1,96,,203623,6,,,1,99,,203624,6,,,1,605,,203625,6,0,16 29 30,1
6501,'20260729',434,,203626,6,,,1,70,,203628,6,,,1,1035,,203629,6,,,1,84,,203630,6,,,1,96,,203631,6,,,1,99,,203632,6,,,1,605,,203633,6,0,16 29 30,1
6501,'20260730',434,,203634,6,,,1,70,,203636,6,,,1,1035,,203637,6,,,1,84,,203638,6,,,1,96,,203639,6,,,1,99,,203640,6,,,1,605,,203641,6,0,16 29 30,1
6501,'20260731',434,,203642,6,,,1,70,,203644,6,,,1,1035,,203645,6,,,1,84,,203646,6,,,1,96,,203647,6,,,1,99,,203648,6,,,1,605,,203649,6,0,16 29 30,1
6501,'20260801',518,,203650,6,0,16 29 30,1,105,,203651,6,0,16 29 30,1,1815,,203652,6,,,1
6501,'20260802',518,,203653,6,0,16 29 30,1,105,,203654,6,0,16 29 30,1,1815,,203655,6,,,1
6501,'20260803',518,,203656,6,0,16 29 30,1,105,,203657,6,0,16 29 30,1,1815,,203658,6,,,1
6501,'20260804',434,,203659,6,,,1,70,,203661,6,,,1,1035,,203662,6,,,1,84,,203663,6,,,1,96,,203664,6,,,1,99,,203665,6,,,1,605,,203666,6,0,16 29 30,1
6501,'20260805',434,,203667,6,,,1,70,,203669,6,,,1,1035,,203670,6,,,1,84,,203671,6,,,1,96,,203672,6,,,1,99,,203673,6,,,1,605,,203674,6,0,16 29 30,1
6501,'20260806',434,,203675,6,,,1,70,,203677,6,,,1,1035,,203678,6,,,1,84,,203679,6,,,1,96,,203680,6,,,1,99,,203681,6,,,1,605,,203682,6,0,16 29 30,1
6501,'20260807',434,,203683,6,,,1,70,,203685,6,,,1,1035,,203686,6,,,1,84,,203687,6,,,1,96,,203688,6,,,1,99,,203689,6,,,1,605,,203690,6,0,16 29 30,1
6501,'20260808',518,,203691,6,0,16 29 30,1,105,,203692,6,0,16 29 30,1,1815,,203693,6,,,1
6501,'20260809',518,,203694,6,0,16 29 30,1,105,,203695,6,0,16 29 30,1,1815,,203696,6,,,1
6501,'20260810',434,,203697,6,,,1,70,,203699,6,,,1,1035,,203700,6,,,1,84,,203701,6,,,1,96,,203702,6,,,1,99,,203703,6,,,1,605,,203704,6,0,16 29 30,1
6501,'20260811',434,,203705,6,,,1,70,,203707,6,,,1,1035,,203708,6,,,1,84,,203709,6,,,1,96,,203710,6,,,1,99,,203711,6,,,1,605,,203712,6,0,16 29 30,1
6501,'20260812',434,,203713,6,,,1,70,,203715,6,,,1,1035,,203716,6,,,1,84,,203717,6,,,1,96,,203718,6,,,1,99,,203719,6,,,1,605,,203720,6,0,16 29 30,1
6501,'20260813',434,,203721,6,,,1,70,,203723,6,,,1,1035,,203724,6,,,1,84,,203725,6,,,1,96,,203726,6,,,1,99,,203727,6,,,1,605,,203728,6,0,16 29 30,1
6501,'20260814',434,,203729,6,,,1,70,,203731,6,,,1,1035,,203732,6,,,1,84,,203733,6,,,1,96,,203734,6,,,1,99,,203735,6,,,1,605,,203736,6,0,16 29 30,1
6501,'20260815',518,,203737,6,0,16 29 30,1,105,,203738,6,0,16 29 30,1,1815,,203739,6,,,1
6501,'20260816',518,,203740,6,0,16 29 30,1,105,,203741,6,0,16 29 30,1,1815,,203742,6,,,1
6501,'20260817',434,,203743,6,,,1,70,,203745,6,,,1,1035,,203746,6,,,1,84,,203747,6,,,1,96,,203748,6,,,1,99,,203749,6,,,1,605,,203750,6,0,16 29 30,1
6501,'20260818',434,,203751,6,,,1,70,,203753,6,,,1,1035,,203754,6,,,1,84,,203755,6,,,1,96,,203756,6,,,1,99,,203757,6,,,1,605,,203758,6,0,16 29 30,1
6501,'20260819',434,,203759,6,,,1,70,,203761,6,,,1,1035,,203762,6,,,1,84,,203763,6,,,1,96,,203764,6,,,1,99,,203765,6,,,1,605,,203766,6,0,16 29 30,1
6501,'20260820',434,,203767,6,,,1,70,,203769,6,,,1,1035,,203770,6,,,1,84,,203771,6,,,1,96,,203772,6,,,1,99,,203773,6,,,1,605,,203774,6,0,16 29 30,1
6501,'20260821',434,,203775,6,,,1,70,,203777,6,,,1,1035,,203778,6,,,1,84,,203779,6,,,1,96,,203780,6,,,1,99,,203781,6,,,1,605,,203782,6,0,16 29 30,1
6501,'20260822',518,,203783,6,0,16 29 30,1,105,,203784,6,0,16 29 30,1,1815,,203785,6,,,1
6501,'20260823',518,,203786,6,0,16 29 30,1,105,,203787,6,0,16 29 30,1,1815,,203788,6,,,1
6501,'20260824',434,,203789,6,,,1,70,,203791,6,,,1,1035,,203792,6,,,1,84,,203793,6,,,1,96,,203794,6,,,1,99,,203795,6,,,1,605,,203796,6,0,16 29 30,1
6501,'20260825',434,,203797,6,,,1,70,,203799,6,,,1,1035,,203800,6,,,1,84,,203801,6,,,1,96,,203802,6,,,1,99,,203803,6,,,1,605,,203804,6,0,16 29 30,1
6501,'20260826',434,,203805,6,,,1,70,,203807,6,,,1,1035,,203808,6,,,1,84,,203809,6,,,1,96,,203810,6,,,1,99,,203811,6,,,1,605,,203812,6,0,16 29 30,1
6501,'20260827',434,,203813,6,,,1,70,,203815,6,,,1,1035,,203816,6,,,1,84,,203817,6,,,1,96,,203818,6,,,1,99,,203819,6,,,1,605,,203820,6,0,16 29 30,1
6501,'20260828',434,,203821,6,,,1,70,,203823,6,,,1,1035,,203824,6,,,1,84,,203825,6,,,1,96,,203826,6,,,1,99,,203827,6,,,1,605,,203828,6,0,16 29 30,1
6501,'20260829',518,,203829,6,0,16 29 30,1,105,,203830,6,0,16 29 30,1,1815,,203831,6,,,1
6501,'20260830',518,,203832,6,0,16 29 30,1,105,,203833,6,0,16 29 30,1,1815,,203834,6,,,1
6501,'20260831',434,,203835,6,,,1,70,,203837,6,,,1,1035,,203838,6,,,1,84,,203839,6,,,1,96,,203840,6,,,1,99,,203841,6,,,1,605,,203842,6,0,16 29 30,1
6501,'20260901',434,,203843,6,,,1,70,,203845,6,,,1,1035,,203846,6,,,1,84,,203847,6,,,1,96,,203848,6,,,1,99,,203849,6,,,1,605,,203850,6,0,16 29 30,1
6501,'20260902',434,,203851,6,,,1,70,,203853,6,,,1,1035,,203854,6,,,1,84,,203855,6,,,1,96,,203856,6,,,1,99,,203857,6,,,1,605,,203858,6,0,16 29 30,1
6501,'20260903',434,,203859,6,,,1,70,,203861,6,,,1,1035,,203862,6,,,1,84,,203863,6,,,1,96,,203864,6,,,1,99,,203865,6,,,1,605,,203866,6,0,16 29 30,1
6501,'20260904',434,,203867,6,,,1,70,,203869,6,,,1,1035,,203870,6,,,1,84,,203871,6,,,1,96,,203872,6,,,1,99,,203873,6,,,1,605,,203874,6,0,16 29 30,1
6801,'20260707',1127,,205183,36,0,88 9,1,100,,205184,36,0,88 9,1,699,,205187,36,0,88 9,1,103,,205188,36,0,88 9,1
6801,'20260708',1127,,205191,36,0,88 9,1,100,,205192,36,0,88 9,1,699,,205195,36,0,88 9,1,103,,205196,36,0,88 9,1
6801,'20260709',1127,,205199,36,0,88 9,1,100,,205200,36,0,88 9,1,699,,205203,36,0,88 9,1,103,,205204,36,0,88 9,1
6801,'20260710',1127,,205207,36,0,88 9,1,100,,205208,36,0,88 9,1,699,,205211,36,0,88 9,1,103,,205212,36,0,88 9,1
6801,'20260711',1030,,205214,36,0,88 9,1,300,,205215,36,0,88 9,1,300,,205216,36,0,88 9,1,300,,205217,36,0,88 9,1
6801,'20260712',1030,,205219,36,0,88 9,1,300,,205220,36,0,88 9,1,300,,205221,36,0,88 9,1,300,,205222,36,0,88 9,1
6801,'20260713',1127,,205225,36,0,88 9,1,100,,205226,36,0,88 9,1,699,,205229,36,0,88 9,1,103,,205230,36,0,88 9,1
6801,'20260714',1127,,205233,36,0,88 9,1,100,,205234,36,0,88 9,1,699,,205237,36,0,88 9,1,103,,205238,36,0,88 9,1
6801,'20260715',1127,,205241,36,0,88 9,1,100,,205242,36,0,88 9,1,699,,205245,36,0,88 9,1,103,,205246,36,0,88 9,1
6801,'20260716',1127,,205249,36,0,88 9,1,100,,205250,36,0,88 9,1,699,,205253,36,0,88 9,1,103,,205254,36,0,88 9,1
6801,'20260717',1127,,205257,36,0,88 9,1,100,,205258,36,0,88 9,1,699,,205261,36,0,88 9,1,103,,205262,36,0,88 9,1
6801,'20260718',1030,,205264,36,0,88 9,1,300,,205265,36,0,88 9,1,300,,205266,36,0,88 9,1,300,,205267,36,0,88 9,1
6801,'20260719',1030,,205269,36,0,88 9,1,300,,205270,36,0,88 9,1,300,,205271,36,0,88 9,1,300,,205272,36,0,88 9,1
6801,'20260720',1127,,205275,34,0,88 9,1,100,,205276,34,0,88 9,1,699,,205279,34,0,88 9,1,103,,205280,34,0,88 9,1
6801,'20260721',1127,,205283,34,0,88 9,1,100,,205284,34,0,88 9,1,699,,205287,34,0,88 9,1,103,,205288,34,0,88 9,1
6801,'20260722',1127,,205291,34,0,88 9,1,100,,205292,34,0,88 9,1,699,,205295,34,0,88 9,1,103,,205296,34,0,88 9,1
6801,'20260723',1127,,205299,34,0,88 9,1,100,,205300,34,0,88 9,1,699,,205303,34,0,88 9,1,103,,205304,34,0,88 9,1
6801,'20260724',1127,,205307,34,0,88 9,1,100,,205308,34,0,88 9,1,699,,205311,34,0,88 9,1,103,,205312,34,0,88 9,1
6801,'20260725',655,,219963,34,0,53 20 39,1,170,,219965,34,0,53 20 39,1,100,,219967,34,0,53 20 39,1,105,,205314,34,0,88 9,1,197,,219969,34,0,53 20 39,1,103,,205315,34,0,88 9,1,197,,219971,34,0,53 20 39,1,103,,205316,34,0,88 9,1,197,,219973,34,0,53 20 39,1,103,,205317,34,0,88 9,1,197,,219975,34,0,53 20 39,1
6801,'20260726',655,,219976,34,0,53 20 39,1,170,,219978,34,0,53 20 39,1,100,,219980,34,0,53 20 39,1,105,,205319,34,0,88 9,1,197,,219982,34,0,53 20 39,1,103,,205320,34,0,88 9,1,197,,219984,34,0,53 20 39,1,103,,205321,34,0,88 9,1,197,,219986,34,0,53 20 39,1,103,,205322,34,0,88 9,1,197,,219988,34,0,53 20 39,1
6801,'20260727',1127,,205325,34,0,88 9,1,100,,205326,34,0,88 9,1,699,,205329,34,0,88 9,1,103,,205330,34,0,88 9,1
6801,'20260728',1127,,205333,34,0,88 9,1,100,,205334,34,0,88 9,1,699,,205337,34,0,88 9,1,103,,205338,34,0,88 9,1
6801,'20260729',1127,,205341,34,0,88 9,1,100,,205342,34,0,88 9,1,699,,205345,34,0,88 9,1,103,,205346,34,0,88 9,1
6801,'20260730',1127,,205349,34,0,88 9,1,100,,205350,34,0,88 9,1,699,,205353,34,0,88 9,1,103,,205354,34,0,88 9,1
6801,'20260731',1127,,205357,34,0,88 9,1,100,,205358,34,0,88 9,1,699,,205361,34,0,88 9,1,103,,205362,34,0,88 9,1
6801,'20260801',1030,,205364,34,0,88 9,1,300,,205365,34,0,88 9,1,300,,205366,34,0,88 9,1,300,,205367,34,0,88 9,1
6801,'20260802',1030,,205369,34,0,88 9,1,300,,205370,34,0,88 9,1,300,,205371,34,0,88 9,1,300,,205372,34,0,88 9,1
6801,'20260803',1030,,205374,34,0,88 9,1,300,,205375,34,0,88 9,1,300,,205376,34,0,88 9,1,300,,205377,34,0,88 9,1
6801,'20260804',1127,,205380,34,0,88 9,1,100,,205381,34,0,88 9,1,699,,205384,34,0,88 9,1,103,,205385,34,0,88 9,1
6801,'20260805',1127,,205388,34,0,88 9,1,100,,205389,34,0,88 9,1,699,,205392,34,0,88 9,1,103,,205393,34,0,88 9,1
6801,'20260806',1127,,205396,34,0,88 9,1,100,,205397,34,0,88 9,1,699,,205400,34,0,88 9,1,103,,205401,34,0,88 9,1
6801,'20260807',1127,,205404,34,0,88 9,1,100,,205405,34,0,88 9,1,699,,205408,34,0,88 9,1,103,,205409,34,0,88 9,1
6801,'20260808',1030,,205411,34,0,88 9,1,300,,205412,34,0,88 9,1,300,,205413,34,0,88 9,1,300,,205414,34,0,88 9,1
6801,'20260809',1030,,205416,34,0,88 9,1,300,,205417,34,0,88 9,1,300,,205418,34,0,88 9,1,300,,205419,34,0,88 9,1
6801,'20260810',1127,,205422,34,0,88 9,1,100,,205423,34,0,88 9,1,699,,205426,34,0,88 9,1,103,,205427,34,0,88 9,1
6801,'20260811',1127,,205430,34,0,88 9,1,100,,205431,34,0,88 9,1,699,,205434,34,0,88 9,1,103,,205435,34,0,88 9,1
6801,'20260812',1127,,205438,34,0,88 9,1,100,,205439,34,0,88 9,1,699,,205442,34,0,88 9,1,103,,205443,34,0,88 9,1
6801,'20260813',1127,,205446,34,0,88 9,1,100,,205447,34,0,88 9,1,699,,205450,34,0,88 9,1,103,,205451,34,0,88 9,1
6801,'20260814',1127,,205454,34,0,88 9,1,100,,205455,34,0,88 9,1,699,,205458,34,0,88 9,1,103,,205459,34,0,88 9,1
6801,'20260815',1030,,205461,34,0,88 9,1,300,,205462,34,0,88 9,1,300,,205463,34,0,88 9,1,300,,205464,34,0,88 9,1
6801,'20260816',1030,,205466,34,0,88 9,1,300,,205467,34,0,88 9,1,300,,205468,34,0,88 9,1,300,,205469,34,0,88 9,1
6801,'20260817',1127,,205472,34,0,88 9,1,100,,205473,34,0,88 9,1,699,,205476,34,0,88 9,1,103,,205477,34,0,88 9,1
6801,'20260818',1127,,205480,34,0,88 9,1,100,,205481,34,0,88 9,1,699,,205484,34,0,88 9,1,103,,205485,34,0,88 9,1
6801,'20260819',1127,,205488,34,0,88 9,1,100,,205489,34,0,88 9,1,699,,205492,34,0,88 9,1,103,,205493,34,0,88 9,1
6801,'20260820',1127,,205496,34,0,88 9,1,100,,205497,34,0,88 9,1,699,,205500,34,0,88 9,1,103,,205501,34,0,88 9,1
6801,'20260821',1127,,205504,34,0,88 9,1,100,,205505,34,0,88 9,1,699,,205508,34,0,88 9,1,103,,205509,34,0,88 9,1
6801,'20260822',1030,,205511,34,0,88 9,1,300,,205512,34,0,88 9,1,300,,205513,34,0,88 9,1,300,,205514,34,0,88 9,1
6801,'20260823',1030,,205516,34,0,88 9,1,300,,205517,34,0,88 9,1,300,,205518,34,0,88 9,1,300,,205519,34,0,88 9,1
6801,'20260824',1127,,205522,34,0,88 9,1,100,,205523,34,0,88 9,1,699,,205526,34,0,88 9,1,103,,205527,34,0,88 9,1
6801,'20260825',1127,,205530,34,0,88 9,1,100,,205531,34,0,88 9,1,699,,205534,34,0,88 9,1,103,,205535,34,0,88 9,1
6801,'20260826',1127,,205538,34,0,88 9,1,100,,205539,34,0,88 9,1,699,,205542,34,0,88 9,1,103,,205543,34,0,88 9,1
6801,'20260827',1127,,205546,34,0,88 9,1,100,,205547,34,0,88 9,1,699,,205550,34,0,88 9,1,103,,205551,34,0,88 9,1
6801,'20260828',1127,,205554,34,0,88 9,1,100,,205555,34,0,88 9,1,699,,205558,34,0,88 9,1,103,,205559,34,0,88 9,1
6801,'20260829',1030,,205561,34,0,88 9,1,300,,205562,34,0,88 9,1,300,,205563,34,0,88 9,1,300,,205564,34,0,88 9,1
6801,'20260830',1030,,205566,34,0,88 9,1,300,,205567,34,0,88 9,1,300,,205568,34,0,88 9,1,300,,205569,34,0,88 9,1
6801,'20260831',1127,,205572,34,0,88 9,1,100,,205573,34,0,88 9,1,699,,205576,34,0,88 9,1,103,,205577,34,0,88 9,1
6801,'20260901',1127,,205580,34,0,88 9,1,100,,205581,34,0,88 9,1,699,,205584,34,0,88 9,1,103,,205585,34,0,88 9,1
6801,'20260902',1127,,205588,34,0,88 9,1,100,,205589,34,0,88 9,1,699,,205592,34,0,88 9,1,103,,205593,34,0,88 9,1
6801,'20260903',1127,,205596,34,0,88 9,1,100,,205597,34,0,88 9,1,699,,205600,34,0,88 9,1,103,,205601,34,0,88 9,1
6801,'20260904',1127,,205604,34,0,88 9,1,100,,205605,34,0,88 9,1,699,,205608,34,0,88 9,1,103,,205609,34,0,88 9,1
