3700,'20260506',1423,,93689,29,,,1,305,,93690,29,,,1,106,,93691,29,,,1,99,,93692,29,,,1,184,,93693,29,,,1
3700,'20260507',1423,,93696,29,,,1,305,,93697,29,,,1,106,,93698,29,,,1,99,,93699,29,,,1,184,,93700,29,,,1
3700,'20260508',1423,,93703,29,,,1,305,,93704,29,,,1,106,,93705,29,,,1,99,,93706,29,,,1,184,,93707,29,,,1
3700,'20260511',1423,,93710,29,,,1,305,,93711,29,,,1,106,,93712,29,,,1,99,,93713,29,,,1,184,,93714,29,,,1
3700,'20260512',1423,,93717,29,,,1,305,,93718,29,,,1,106,,93719,29,,,1,99,,93720,29,,,1,184,,93721,29,,,1
3700,'20260513',1423,,93724,29,,,1,305,,93725,29,,,1,106,,93726,29,,,1,99,,93727,29,,,1,184,,93728,29,,,1
3700,'20260514',1423,,93731,29,,,1,305,,93732,29,,,1,106,,93733,29,,,1,99,,93734,29,,,1,184,,93735,29,,,1
3700,'20260515',1423,,93738,29,,,1,305,,93739,29,,,1,106,,93740,29,,,1,99,,93741,29,,,1,184,,93742,29,,,1
3700,'20260519',1423,,93745,29,,,1,305,,93746,29,,,1,106,,93747,29,,,1,99,,93748,29,,,1,184,,93749,29,,,1
3700,'20260520',1423,,93752,29,,,1,305,,93753,29,,,1,106,,93754,29,,,1,99,,93755,29,,,1,184,,93756,29,,,1
3700,'20260521',1423,,93759,29,,,1,305,,93760,29,,,1,106,,93761,29,,,1,99,,93762,29,,,1,184,,93763,29,,,1
3700,'20260522',1423,,93766,29,,,1,305,,93767,29,,,1,106,,93768,29,,,1,99,,93769,29,,,1,184,,93770,29,,,1
3700,'20260525',1423,,93773,29,,,1,305,,93774,29,,,1,106,,93775,29,,,1,99,,93776,29,,,1,184,,93777,29,,,1
3700,'20260526',1423,,93780,29,,,1,305,,93781,29,,,1,106,,93782,29,,,1,99,,93783,29,,,1,184,,93784,29,,,1
3700,'20260527',1423,,93787,29,,,1,305,,93788,29,,,1,106,,93789,29,,,1,99,,93790,29,,,1,184,,93791,29,,,1
3700,'20260528',1423,,93794,29,,,1,305,,93795,29,,,1,106,,93796,29,,,1,99,,93797,29,,,1,184,,93798,29,,,1
3700,'20260529',1423,,93801,29,,,1,305,,93802,29,,,1,106,,93803,29,,,1,99,,93804,29,,,1,184,,93805,29,,,1
3700,'20260601',1423,,93808,29,,,1,305,,93809,29,,,1,106,,93810,29,,,1,99,,93811,29,,,1,184,,93812,29,,,1
3700,'20260602',1423,,93815,29,,,1,305,,93816,29,,,1,106,,93817,29,,,1,99,,93818,29,,,1,184,,93819,29,,,1
3700,'20260603',1423,,93822,29,,,1,305,,93823,29,,,1,106,,93824,29,,,1,99,,93825,29,,,1,184,,93826,29,,,1
3700,'20260604',1423,,93829,29,,,1,305,,93830,29,,,1,106,,93831,29,,,1,99,,93832,29,,,1,184,,93833,29,,,1
3700,'20260605',1423,,93836,29,,,1,305,,93837,29,,,1,106,,93838,29,,,1,99,,93839,29,,,1,184,,93840,29,,,1
3700,'20260608',1423,,93843,29,,,1,305,,93844,29,,,1,106,,93845,29,,,1,99,,93846,29,,,1,184,,93847,29,,,1
3700,'20260609',1423,,93850,29,,,1,305,,93851,29,,,1,106,,93852,29,,,1,99,,93853,29,,,1,184,,93854,29,,,1
3700,'20260610',1423,,93857,29,,,1,305,,93858,29,,,1,106,,93859,29,,,1,99,,93860,29,,,1,184,,93861,29,,,1
3700,'20260611',1423,,93864,29,,,1,305,,93865,29,,,1,106,,93866,29,,,1,99,,93867,29,,,1,184,,93868,29,,,1
3700,'20260612',1423,,93871,29,,,1,305,,93872,29,,,1,106,,93873,29,,,1,99,,93874,29,,,1,184,,93875,29,,,1
3701,'20260506',444,,93925,9,,,1,187,,93926,9,,,1,95,,93927,9,,,1,881,,93928,9,0,31 18 9,1
3701,'20260507',444,,93932,9,,,1,187,,93933,9,,,1,95,,93934,9,,,1,881,,93935,9,0,31 18 9,1
3701,'20260508',444,,93939,9,,,1,187,,93940,9,,,1,95,,93941,9,,,1,881,,93942,9,0,31 18 9,1
3701,'20260511',444,,93946,9,,,1,187,,93947,9,,,1,95,,93948,9,,,1,881,,93949,9,0,31 18 9,1
3701,'20260512',444,,93953,9,,,1,187,,93954,9,,,1,95,,93955,9,,,1,881,,93956,9,0,31 18 9,1
3701,'20260513',444,,93960,9,,,1,187,,93961,9,,,1,95,,93962,9,,,1,881,,93963,9,0,31 18 9,1
3701,'20260514',444,,93967,9,,,1,187,,93968,9,,,1,95,,93969,9,,,1,881,,93970,9,0,31 18 9,1
3701,'20260515',444,,93974,9,,,1,187,,93975,9,,,1,95,,93976,9,,,1,881,,93977,9,0,31 18 9,1
3701,'20260519',444,,93981,9,,,1,187,,93982,9,,,1,95,,93983,9,,,1,881,,93984,9,0,31 18 9,1
3701,'20260520',444,,93988,9,,,1,187,,93989,9,,,1,95,,93990,9,,,1,881,,93991,9,0,31 18 9,1
3701,'20260521',444,,93995,9,,,1,187,,93996,9,,,1,95,,93997,9,,,1,881,,93998,9,0,31 18 9,1
3701,'20260522',444,,94002,9,,,1,187,,94003,9,,,1,95,,94004,9,,,1,881,,94005,9,0,31 18 9,1
3701,'20260525',444,,94009,9,,,1,187,,94010,9,,,1,95,,94011,9,,,1,881,,94012,9,0,31 18 9,1
3701,'20260526',444,,94016,9,,,1,187,,94017,9,,,1,95,,94018,9,,,1,881,,94019,9,0,31 18 9,1
3701,'20260527',444,,94023,9,,,1,187,,94024,9,,,1,95,,94025,9,,,1,881,,94026,9,0,31 18 9,1
3701,'20260528',444,,94030,9,,,1,187,,94031,9,,,1,95,,94032,9,,,1,881,,94033,9,0,31 18 9,1
3701,'20260529',444,,94037,9,,,1,187,,94038,9,,,1,95,,94039,9,,,1,881,,94040,9,0,31 18 9,1
3701,'20260601',444,,94044,9,,,1,187,,94045,9,,,1,95,,94046,9,,,1,881,,94047,9,0,31 18 9,1
3701,'20260602',444,,94051,9,,,1,187,,94052,9,,,1,95,,94053,9,,,1,881,,94054,9,0,31 18 9,1
3701,'20260603',444,,94058,9,,,1,187,,94059,9,,,1,95,,94060,9,,,1,881,,94061,9,0,31 18 9,1
3701,'20260604',444,,94065,9,,,1,187,,94066,9,,,1,95,,94067,9,,,1,881,,94068,9,0,31 18 9,1
3701,'20260605',444,,94072,9,,,1,187,,94073,9,,,1,95,,94074,9,,,1,881,,94075,9,0,31 18 9,1
3701,'20260608',444,,94079,9,,,1,187,,94080,9,,,1,95,,94081,9,,,1,881,,94082,9,0,31 18 9,1
3701,'20260609',444,,94086,9,,,1,187,,94087,9,,,1,95,,94088,9,,,1,881,,94089,9,0,31 18 9,1
3701,'20260610',444,,94093,9,,,1,187,,94094,9,,,1,95,,94095,9,,,1,881,,94096,9,0,31 18 9,1
3701,'20260611',444,,94100,9,,,1,187,,94101,9,,,1,95,,94102,9,,,1,881,,94103,9,0,31 18 9,1
3701,'20260612',444,,94107,9,,,1,187,,94108,9,,,1,95,,94109,9,,,1,881,,94110,9,0,31 18 9,1
