3801,'20260529',537,,94228,17,,,1,100,,94229,17,,,1
3801,'20260601',537,,94230,17,,,1,100,,94231,17,,,1
3801,'20260602',537,,94232,17,,,1,100,,94233,17,,,1
3801,'20260603',537,,94234,17,,,1,100,,94235,17,,,1
3801,'20260604',537,,94236,17,,,1,100,,94237,17,,,1
3801,'20260605',537,,94238,17,,,1,100,,94239,17,,,1
3801,'20260608',537,,94240,17,,,1,100,,94241,17,,,1
3801,'20260609',537,,94242,17,,,1,100,,94243,17,,,1
3801,'20260610',537,,94244,17,,,1,100,,94245,17,,,1
3801,'20260611',537,,94246,17,,,1,100,,94247,17,,,1
3801,'20260612',537,,94248,17,,,1,100,,94249,17,,,1
3801,'20260615',537,,176651,17,,,1,100,,176652,17,,,1
3801,'20260616',537,,176653,17,,,1,100,,176654,17,,,1
3801,'20260617',537,,176655,17,,,1,100,,176656,17,,,1
3801,'20260618',537,,176657,17,,,1,100,,176658,17,,,1
3801,'20260619',537,,176659,17,,,1,100,,176660,17,,,1
3801,'20260622',537,,176661,17,,,1,100,,176662,17,,,1
3801,'20260623',537,,176663,17,,,1,100,,176664,17,,,1
3801,'20260624',537,,176665,17,,,1,100,,176666,17,,,1
3801,'20260625',537,,176667,17,,,1,100,,176668,17,,,1
3801,'20260626',537,,176669,17,,,1,100,,176670,17,,,1
3801,'20260629',537,,176671,17,,,1,100,,176672,17,,,1
3801,'20260630',537,,176673,17,,,1,100,,176674,17,,,1
3801,'20260702',537,,176675,17,,,1,100,,176676,17,,,1
3801,'20260703',537,,176677,17,,,1,100,,176678,17,,,1
3801,'20260706',537,,176679,17,,,1,100,,176680,17,,,1
3801,'20260707',537,,176681,17,,,1,100,,176682,17,,,1
3801,'20260708',537,,176683,17,,,1,100,,176684,17,,,1
3801,'20260709',537,,176685,17,,,1,100,,176686,17,,,1
3801,'20260710',537,,176687,17,,,1,100,,176688,17,,,1
3801,'20260713',537,,176689,17,,,1,100,,176690,17,,,1
3801,'20260714',537,,176691,17,,,1,100,,176692,17,,,1
3801,'20260715',537,,176693,17,,,1,100,,176694,17,,,1
3801,'20260716',537,,176695,17,,,1,100,,176696,17,,,1
3801,'20260717',537,,176697,17,,,1,100,,176698,17,,,1
3801,'20260720',537,,176699,17,,,1,100,,176700,17,,,1
3801,'20260721',537,,176701,17,,,1,100,,176702,17,,,1
3801,'20260722',537,,176703,17,,,1,100,,176704,17,,,1
3801,'20260723',537,,176705,17,,,1,100,,176706,17,,,1
3801,'20260724',537,,176707,17,,,1,100,,176708,17,,,1
3801,'20260727',537,,176709,17,,,1,100,,176710,17,,,1
3801,'20260728',537,,176711,17,,,1,100,,176712,17,,,1
3801,'20260729',537,,176713,17,,,1,100,,176714,17,,,1
3801,'20260730',537,,176715,17,,,1,100,,176716,17,,,1
3801,'20260731',537,,176717,17,,,1,100,,176718,17,,,1
3801,'20260804',537,,176719,17,,,1,100,,176720,17,,,1
3801,'20260805',537,,176721,17,,,1,100,,176722,17,,,1
3801,'20260806',537,,176723,17,,,1,100,,176724,17,,,1
3801,'20260807',537,,176725,17,,,1,100,,176726,17,,,1
3801,'20260810',537,,176727,17,,,1,100,,176728,17,,,1
3801,'20260811',537,,176729,17,,,1,100,,176730,17,,,1
3801,'20260812',537,,176731,17,,,1,100,,176732,17,,,1
3801,'20260813',537,,176733,17,,,1,100,,176734,17,,,1
3801,'20260814',537,,176735,17,,,1,100,,176736,17,,,1
3801,'20260817',537,,176737,17,,,1,100,,176738,17,,,1
3801,'20260818',537,,176739,17,,,1,100,,176740,17,,,1
3801,'20260819',537,,176741,17,,,1,100,,176742,17,,,1
3801,'20260820',537,,176743,17,,,1,100,,176744,17,,,1
3801,'20260821',537,,176745,17,,,1,100,,176746,17,,,1
3801,'20260824',537,,176747,17,,,1,100,,176748,17,,,1
3801,'20260825',537,,176749,17,,,1,100,,176750,17,,,1
3801,'20260826',537,,176751,17,,,1,100,,176752,17,,,1
3801,'20260827',537,,176753,17,,,1,100,,176754,17,,,1
3801,'20260828',537,,176755,17,,,1,100,,176756,17,,,1
3801,'20260831',537,,176757,17,,,1,100,,176758,17,,,1
3801,'20260901',537,,176759,17,,,1,100,,176760,17,,,1
3801,'20260902',537,,176761,17,,,1,100,,176762,17,,,1
3801,'20260903',537,,176763,17,,,1,100,,176764,17,,,1
3801,'20260904',537,,176765,17,,,1,100,,176766,17,,,1
