1500,'20260528',617,,64391,1,0,5 64 9,1,310,,64395,1,0,5 64 9,1,728,,64401,1,0,5 64 9,1
1500,'20260529',617,,64407,1,0,5 64 9,1,310,,64411,1,0,5 64 9,1,728,,64417,1,0,5 64 9,1
1500,'20260530',741,,64422,1,0,5 64 9,1,385,,64426,1,0,5 64 9,1,605,,64430,1,0,5 64 9,1
1500,'20260531',741,,64434,1,0,5 64 9,1,385,,64438,1,0,5 64 9,1,605,,64442,1,0,5 64 9,1
1500,'20260601',617,,64447,1,0,5 64 9,1,310,,64451,1,0,5 64 9,1,728,,64457,1,0,5 64 9,1
1500,'20260602',617,,64463,1,0,5 64 9,1,310,,64467,1,0,5 64 9,1,728,,64473,1,0,5 64 9,1
1500,'20260603',617,,64479,1,0,5 64 9,1,310,,64483,1,0,5 64 9,1,728,,64489,1,0,5 64 9,1
1500,'20260604',617,,64495,1,0,5 64 9,1,310,,64499,1,0,5 64 9,1,728,,64505,1,0,5 64 9,1
1500,'20260605',617,,64511,1,0,5 64 9,1,310,,64515,1,0,5 64 9,1,728,,64521,1,0,5 64 9,1
1500,'20260606',741,,64526,1,0,5 64 9,1,385,,64530,1,0,5 64 9,1,625,,64534,1,0,5 64 9,1
1500,'20260607',751,,64538,1,0,5 64 9,1,375,,64542,1,0,5 64 9,1,625,,64546,1,0,5 64 9,1
1500,'20260608',617,,64551,1,0,5 64 9,1,310,,64555,1,0,5 64 9,1,728,,64561,1,0,5 64 9,1
1500,'20260609',617,,64567,1,0,5 64 9,1,310,,64571,1,0,5 64 9,1,728,,64577,1,0,5 64 9,1
1500,'20260610',617,,64583,1,0,5 64 9,1,310,,64587,1,0,5 64 9,1,728,,64593,1,0,5 64 9,1
1500,'20260611',617,,64599,1,0,5 64 9,1,310,,64603,1,0,5 64 9,1,728,,64609,1,0,5 64 9,1
1500,'20260612',617,,64615,1,0,5 64 9,1,310,,64619,1,0,5 64 9,1,728,,64625,1,0,5 64 9,1
1500,'20260613',741,,126337,1,0,5 64 9,1,385,,126341,1,0,5 64 9,1,605,,126345,1,0,5 64 9,1
1500,'20260614',741,,126349,1,0,5 64 9,1,385,,126353,1,0,5 64 9,1,605,,126357,1,0,5 64 9,1
1500,'20260615',617,,126362,1,0,5 64 9,1,310,,126366,1,0,5 64 9,1,728,,126372,1,0,5 64 9,1
1500,'20260616',617,,126378,1,0,5 64 9,1,310,,126382,1,0,5 64 9,1,728,,126388,1,0,5 64 9,1
1500,'20260617',617,,126394,1,0,5 64 9,1,310,,126398,1,0,5 64 9,1,728,,126404,1,0,5 64 9,1
1500,'20260618',617,,126410,1,0,5 64 9,1,310,,126414,1,0,5 64 9,1,728,,126420,1,0,5 64 9,1
1500,'20260619',617,,126426,1,0,5 64 9,1,310,,126430,1,0,5 64 9,1,728,,126436,1,0,5 64 9,1
1500,'20260620',741,,126441,1,0,5 64 9,1,385,,126445,1,0,5 64 9,1,605,,126449,1,0,5 64 9,1
1500,'20260621',741,,126453,1,0,5 64 9,1,385,,126457,1,0,5 64 9,1,605,,126461,1,0,5 64 9,1
1500,'20260622',617,,126466,1,0,5 64 9,1,310,,126470,1,0,5 64 9,1,728,,126476,1,0,5 64 9,1
1500,'20260623',617,,126482,1,0,5 64 9,1,310,,126486,1,0,5 64 9,1,728,,126492,1,0,5 64 9,1
1500,'20260624',617,,126498,1,0,5 64 9,1,310,,126502,1,0,5 64 9,1,728,,126508,1,0,5 64 9,1
1500,'20260625',617,,126514,1,0,5 64 9,1,310,,126518,1,0,5 64 9,1,728,,126524,1,0,5 64 9,1
1500,'20260626',617,,126530,1,0,5 64 9,1,310,,126534,1,0,5 64 9,1,728,,126540,1,0,5 64 9,1
1500,'20260627',741,,126545,1,0,5 64 9,1,385,,126549,1,0,5 64 9,1,605,,126553,1,0,5 64 9,1
1500,'20260628',741,,126557,1,0,5 64 9,1,385,,126561,1,0,5 64 9,1,605,,126565,1,0,5 64 9,1
1500,'20260629',617,,126570,1,0,5 64 9,1,310,,126574,1,0,5 64 9,1,728,,126580,1,0,5 64 9,1
1500,'20260630',617,,126586,1,0,5 64 9,1,310,,126590,1,0,5 64 9,1,728,,126596,1,0,5 64 9,1
1500,'20260701',741,,126601,1,0,5 64 9,1,385,,126605,1,0,5 64 9,1,605,,126609,1,0,5 64 9,1
1500,'20260702',617,,126614,1,0,5 64 9,1,310,,126618,1,0,5 64 9,1,728,,126624,1,0,5 64 9,1
1500,'20260703',617,,126630,1,0,5 64 9,1,310,,126634,1,0,5 64 9,1,728,,126640,1,0,5 64 9,1
1500,'20260704',741,,126645,1,0,5 64 9,1,385,,126649,1,0,5 64 9,1,605,,126653,1,0,5 64 9,1
1500,'20260705',741,,126657,1,0,5 64 9,1,385,,126661,1,0,5 64 9,1,605,,126665,1,0,5 64 9,1
1500,'20260706',617,,126670,1,0,5 64 9,1,310,,126674,1,0,5 64 9,1,728,,126680,1,0,5 64 9,1
1500,'20260707',617,,126686,1,0,5 64 9,1,310,,126690,1,0,5 64 9,1,728,,126696,1,0,5 64 9,1
1500,'20260708',617,,126702,1,0,5 64 9,1,310,,126706,1,0,5 64 9,1,728,,126712,1,0,5 64 9,1
1500,'20260709',617,,126718,1,0,5 64 9,1,310,,126722,1,0,5 64 9,1,728,,126728,1,0,5 64 9,1
1500,'20260710',617,,126734,1,0,5 64 9,1,310,,126738,1,0,5 64 9,1,728,,126744,1,0,5 64 9,1
1500,'20260711',741,,126749,1,0,5 64 9,1,385,,126753,1,0,5 64 9,1,605,,126757,1,0,5 64 9,1
1500,'20260712',741,,126761,1,0,5 64 9,1,385,,126765,1,0,5 64 9,1,605,,126769,1,0,5 64 9,1
1500,'20260713',617,,126774,1,0,5 64 9,1,310,,126778,1,0,5 64 9,1,728,,126784,1,0,5 64 9,1
1500,'20260714',617,,126790,1,0,5 64 9,1,310,,126794,1,0,5 64 9,1,728,,126800,1,0,5 64 9,1
1500,'20260715',617,,126806,1,0,5 64 9,1,310,,126810,1,0,5 64 9,1,728,,126816,1,0,5 64 9,1
1500,'20260716',617,,126822,1,0,5 64 9,1,310,,126826,1,0,5 64 9,1,728,,126832,1,0,5 64 9,1
1500,'20260717',617,,126838,1,0,5 64 9,1,310,,126842,1,0,5 64 9,1,728,,126848,1,0,5 64 9,1
1500,'20260718',741,,126853,1,0,5 64 9,1,385,,126857,1,0,5 64 9,1,605,,126861,1,0,5 64 9,1
1500,'20260719',741,,126865,1,0,5 64 9,1,385,,126869,1,0,5 64 9,1,605,,126873,1,0,5 64 9,1
1500,'20260720',617,,126878,1,0,5 64 9,1,310,,126882,1,0,5 64 9,1,728,,126888,1,0,5 64 9,1
1500,'20260721',617,,126894,1,0,5 64 9,1,310,,126898,1,0,5 64 9,1,728,,126904,1,0,5 64 9,1
1500,'20260722',617,,126910,1,0,5 64 9,1,310,,126914,1,0,5 64 9,1,728,,126920,1,0,5 64 9,1
1500,'20260723',617,,126926,1,0,5 64 9,1,310,,126930,1,0,5 64 9,1,728,,126936,1,0,5 64 9,1
1500,'20260724',617,,126942,1,0,5 64 9,1,310,,126946,1,0,5 64 9,1,728,,126952,1,0,5 64 9,1
1500,'20260725',741,,126957,1,0,5 64 9,1,385,,126961,1,0,5 64 9,1,605,,126965,1,0,5 64 9,1
1500,'20260726',741,,126969,1,0,5 64 9,1,385,,126973,1,0,5 64 9,1,605,,126977,1,0,5 64 9,1
1500,'20260727',617,,126982,1,0,5 64 9,1,310,,126986,1,0,5 64 9,1,728,,126992,1,0,5 64 9,1
1500,'20260728',617,,126998,1,0,5 64 9,1,310,,127002,1,0,5 64 9,1,728,,127008,1,0,5 64 9,1
1500,'20260729',617,,127014,1,0,5 64 9,1,310,,127018,1,0,5 64 9,1,728,,127024,1,0,5 64 9,1
1500,'20260730',617,,127030,1,0,5 64 9,1,310,,127034,1,0,5 64 9,1,728,,127040,1,0,5 64 9,1
1500,'20260731',617,,127046,1,0,5 64 9,1,310,,127050,1,0,5 64 9,1,728,,127056,1,0,5 64 9,1
1500,'20260801',741,,127061,1,0,5 64 9,1,385,,127065,1,0,5 64 9,1,605,,127069,1,0,5 64 9,1
1500,'20260802',741,,127073,1,0,5 64 9,1,385,,127077,1,0,5 64 9,1,605,,127081,1,0,5 64 9,1
1500,'20260803',741,,127085,1,0,5 64 9,1,385,,127089,1,0,5 64 9,1,605,,127093,1,0,5 64 9,1
1500,'20260804',617,,127098,1,0,5 64 9,1,310,,127102,1,0,5 64 9,1,728,,127108,1,0,5 64 9,1
1500,'20260805',617,,127114,1,0,5 64 9,1,310,,127118,1,0,5 64 9,1,728,,127124,1,0,5 64 9,1
1500,'20260806',617,,127130,1,0,5 64 9,1,310,,127134,1,0,5 64 9,1,728,,127140,1,0,5 64 9,1
1500,'20260807',617,,127146,1,0,5 64 9,1,310,,127150,1,0,5 64 9,1,728,,127156,1,0,5 64 9,1
1500,'20260808',741,,127161,1,0,5 64 9,1,385,,127165,1,0,5 64 9,1,605,,127169,1,0,5 64 9,1
1500,'20260809',741,,127173,1,0,5 64 9,1,385,,127177,1,0,5 64 9,1,605,,127181,1,0,5 64 9,1
1500,'20260810',617,,127186,1,0,5 64 9,1,310,,127190,1,0,5 64 9,1,728,,127196,1,0,5 64 9,1
1500,'20260811',617,,127202,1,0,5 64 9,1,310,,127206,1,0,5 64 9,1,728,,127212,1,0,5 64 9,1
1500,'20260812',617,,127218,1,0,5 64 9,1,310,,127222,1,0,5 64 9,1,728,,127228,1,0,5 64 9,1
1500,'20260813',617,,127234,1,0,5 64 9,1,310,,127238,1,0,5 64 9,1,728,,127244,1,0,5 64 9,1
1500,'20260814',617,,127250,1,0,5 64 9,1,310,,127254,1,0,5 64 9,1,728,,127260,1,0,5 64 9,1
1500,'20260815',741,,127265,1,0,5 64 9,1,385,,127269,1,0,5 64 9,1,605,,127273,1,0,5 64 9,1
1500,'20260816',741,,127277,1,0,5 64 9,1,385,,127281,1,0,5 64 9,1,605,,127285,1,0,5 64 9,1
1500,'20260817',617,,127290,1,0,5 64 9,1,310,,127294,1,0,5 64 9,1,728,,127300,1,0,5 64 9,1
1500,'20260818',617,,127306,1,0,5 64 9,1,310,,127310,1,0,5 64 9,1,728,,127316,1,0,5 64 9,1
1500,'20260819',617,,127322,1,0,5 64 9,1,310,,127326,1,0,5 64 9,1,728,,127332,1,0,5 64 9,1
1500,'20260820',617,,127338,1,0,5 64 9,1,310,,127342,1,0,5 64 9,1,728,,127348,1,0,5 64 9,1
1500,'20260821',617,,127354,1,0,5 64 9,1,310,,127358,1,0,5 64 9,1,728,,127364,1,0,5 64 9,1
1500,'20260822',741,,127369,1,0,5 64 9,1,385,,127373,1,0,5 64 9,1,605,,127377,1,0,5 64 9,1
1500,'20260823',741,,127381,1,0,5 64 9,1,385,,127385,1,0,5 64 9,1,605,,127389,1,0,5 64 9,1
1500,'20260824',617,,127394,1,0,5 64 9,1,310,,127398,1,0,5 64 9,1,728,,127404,1,0,5 64 9,1
1500,'20260825',617,,127410,1,0,5 64 9,1,310,,127414,1,0,5 64 9,1,728,,127420,1,0,5 64 9,1
1500,'20260826',617,,127426,1,0,5 64 9,1,310,,127430,1,0,5 64 9,1,728,,127436,1,0,5 64 9,1
1500,'20260827',617,,127442,1,0,5 64 9,1,310,,127446,1,0,5 64 9,1,728,,127452,1,0,5 64 9,1
1500,'20260828',617,,127458,1,0,5 64 9,1,310,,127462,1,0,5 64 9,1,728,,127468,1,0,5 64 9,1
1500,'20260829',741,,127473,1,0,5 64 9,1,385,,127477,1,0,5 64 9,1,605,,127481,1,0,5 64 9,1
1500,'20260830',741,,127485,1,0,5 64 9,1,385,,127489,1,0,5 64 9,1,605,,127493,1,0,5 64 9,1
1500,'20260831',617,,127498,1,0,5 64 9,1,310,,127502,1,0,5 64 9,1,728,,127508,1,0,5 64 9,1
1500,'20260901',617,,127514,1,0,5 64 9,1,310,,127518,1,0,5 64 9,1,728,,127524,1,0,5 64 9,1
1500,'20260902',617,,127530,1,0,5 64 9,1,310,,127534,1,0,5 64 9,1,728,,127540,1,0,5 64 9,1
1500,'20260903',617,,127546,1,0,5 64 9,1,310,,127550,1,0,5 64 9,1,728,,127556,1,0,5 64 9,1
1500,'20260904',617,,127562,1,0,5 64 9,1,310,,127566,1,0,5 64 9,1,728,,127572,1,0,5 64 9,1
1501,'20260528',855,,65069,17,4,,1,679,,65074,17,4,,1,205,,65076,17,4,,1
1501,'20260529',855,,65083,17,4,,1,679,,65088,17,4,,1,205,,65090,17,4,,1
1501,'20260530',1010,,65097,17,4,,1,590,,65100,17,4,,1,601,,65105,17,4,,1
1501,'20260531',1010,,65109,17,4,,1,590,,65112,17,4,,1,601,,65117,17,4,,1
1501,'20260601',855,,65121,17,4,,1,679,,65126,17,4,,1,205,,65128,17,4,,1
1501,'20260602',855,,65135,17,4,,1,679,,65140,17,4,,1,205,,65142,17,4,,1
1501,'20260603',855,,65149,17,4,,1,679,,65154,17,4,,1,205,,65156,17,4,,1
1501,'20260604',855,,65163,17,4,,1,679,,65168,17,4,,1,205,,65170,17,4,,1
1501,'20260605',855,,65177,17,4,,1,679,,65182,17,4,,1,205,,65184,17,4,,1
1501,'20260606',1010,,65191,17,4,,1,530,,65194,17,4,,1,606,,65199,17,4,,1
1501,'20260607',1010,,65203,17,4,,1,530,,65206,17,4,,1,606,,65211,17,4,,1
1501,'20260608',855,,65215,17,4,,1,679,,65220,17,4,,1,205,,65222,17,4,,1
1501,'20260609',855,,65229,17,4,,1,679,,65234,17,4,,1,205,,65236,17,4,,1
1501,'20260610',855,,65243,17,4,,1,679,,65248,17,4,,1,205,,65250,17,4,,1
1501,'20260611',855,,65257,17,4,,1,679,,65262,17,4,,1,205,,65264,17,4,,1
1501,'20260612',855,,65271,17,4,,1,679,,65276,17,4,,1,205,,65278,17,4,,1
1501,'20260613',1010,,127576,17,4,,1,590,,127579,17,4,,1,601,,127584,17,4,,1
1501,'20260614',1010,,127588,17,4,,1,590,,127591,17,4,,1,601,,127596,17,4,,1
1501,'20260615',855,,127600,17,4,,1,679,,127605,17,4,,1,205,,127607,17,4,,1
1501,'20260616',855,,127614,17,4,,1,679,,127619,17,4,,1,205,,127621,17,4,,1
1501,'20260617',855,,127628,17,4,,1,679,,127633,17,4,,1,205,,127635,17,4,,1
1501,'20260618',855,,127642,17,4,,1,679,,127647,17,4,,1,205,,127649,17,4,,1
1501,'20260619',855,,127656,17,4,,1,679,,127661,17,4,,1,205,,127663,17,4,,1
1501,'20260620',1010,,127670,17,4,,1,590,,127673,17,4,,1,601,,127678,17,4,,1
1501,'20260621',1010,,127682,17,4,,1,590,,127685,17,4,,1,601,,127690,17,4,,1
1501,'20260622',855,,127694,17,4,,1,679,,127699,17,4,,1,205,,127701,17,4,,1
1501,'20260623',855,,127708,17,4,,1,679,,127713,17,4,,1,205,,127715,17,4,,1
1501,'20260624',855,,127722,17,4,,1,679,,127727,17,4,,1,205,,127729,17,4,,1
1501,'20260625',855,,127736,17,4,,1,679,,127741,17,4,,1,205,,127743,17,4,,1
1501,'20260626',855,,127750,17,4,,1,679,,127755,17,4,,1,205,,127757,17,4,,1
1501,'20260627',1010,,127764,17,4,,1,590,,127767,17,4,,1,601,,127772,17,4,,1
1501,'20260628',1010,,127776,17,4,,1,590,,127779,17,4,,1,601,,127784,17,4,,1
1501,'20260629',855,,127788,17,4,,1,679,,127793,17,4,,1,205,,127795,17,4,,1
1501,'20260630',855,,127802,17,4,,1,679,,127807,17,4,,1,205,,127809,17,4,,1
1501,'20260701',1010,,127816,17,4,,1,590,,127819,17,4,,1,601,,127824,17,4,,1
1501,'20260702',855,,127828,17,4,,1,679,,127833,17,4,,1,205,,127835,17,4,,1
1501,'20260703',855,,127842,17,4,,1,679,,127847,17,4,,1,205,,127849,17,4,,1
1501,'20260704',1010,,127856,17,4,,1,590,,127859,17,4,,1,601,,127864,17,4,,1
1501,'20260705',1010,,127868,17,4,,1,590,,127871,17,4,,1,601,,127876,17,4,,1
1501,'20260706',855,,127880,17,4,,1,679,,127885,17,4,,1,205,,127887,17,4,,1
1501,'20260707',855,,127894,17,4,,1,679,,127899,17,4,,1,205,,127901,17,4,,1
1501,'20260708',855,,127908,17,4,,1,679,,127913,17,4,,1,205,,127915,17,4,,1
1501,'20260709',855,,127922,17,4,,1,679,,127927,17,4,,1,205,,127929,17,4,,1
1501,'20260710',855,,127936,17,4,,1,679,,127941,17,4,,1,205,,127943,17,4,,1
1501,'20260711',1010,,127950,17,4,,1,590,,127953,17,4,,1,601,,127958,17,4,,1
1501,'20260712',1010,,127962,17,4,,1,590,,127965,17,4,,1,601,,127970,17,4,,1
1501,'20260713',855,,127974,17,4,,1,679,,127979,17,4,,1,205,,127981,17,4,,1
1501,'20260714',855,,127988,17,4,,1,679,,127993,17,4,,1,205,,127995,17,4,,1
1501,'20260715',855,,128002,17,4,,1,679,,128007,17,4,,1,205,,128009,17,4,,1
1501,'20260716',855,,128016,17,4,,1,679,,128021,17,4,,1,205,,128023,17,4,,1
1501,'20260717',855,,128030,17,4,,1,679,,128035,17,4,,1,205,,128037,17,4,,1
1501,'20260718',1010,,128044,17,4,,1,590,,128047,17,4,,1,601,,128052,17,4,,1
1501,'20260719',1010,,128056,17,4,,1,590,,128059,17,4,,1,601,,128064,17,4,,1
1501,'20260720',855,,128068,17,4,,1,679,,128073,17,4,,1,205,,128075,17,4,,1
1501,'20260721',855,,128082,17,4,,1,679,,128087,17,4,,1,205,,128089,17,4,,1
1501,'20260722',855,,128096,17,4,,1,679,,128101,17,4,,1,205,,128103,17,4,,1
1501,'20260723',855,,128110,17,4,,1,679,,128115,17,4,,1,205,,128117,17,4,,1
1501,'20260724',855,,128124,17,4,,1,679,,128129,17,4,,1,205,,128131,17,4,,1
1501,'20260725',1010,,128138,17,4,,1,590,,128141,17,4,,1,601,,128146,17,4,,1
1501,'20260726',1010,,128150,17,4,,1,590,,128153,17,4,,1,601,,128158,17,4,,1
1501,'20260727',855,,128162,17,4,,1,679,,128167,17,4,,1,205,,128169,17,4,,1
1501,'20260728',855,,128176,17,4,,1,679,,128181,17,4,,1,205,,128183,17,4,,1
1501,'20260729',855,,128190,17,4,,1,679,,128195,17,4,,1,205,,128197,17,4,,1
1501,'20260730',855,,128204,17,4,,1,679,,128209,17,4,,1,205,,128211,17,4,,1
1501,'20260731',855,,128218,17,4,,1,679,,128223,17,4,,1,205,,128225,17,4,,1
1501,'20260801',1010,,128232,17,4,,1,590,,128235,17,4,,1,601,,128240,17,4,,1
1501,'20260802',1010,,128244,17,4,,1,590,,128247,17,4,,1,601,,128252,17,4,,1
1501,'20260803',1010,,128256,17,4,,1,590,,128259,17,4,,1,601,,128264,17,4,,1
1501,'20260804',855,,128268,17,4,,1,679,,128273,17,4,,1,205,,128275,17,4,,1
1501,'20260805',855,,128282,17,4,,1,679,,128287,17,4,,1,205,,128289,17,4,,1
1501,'20260806',855,,128296,17,4,,1,679,,128301,17,4,,1,205,,128303,17,4,,1
1501,'20260807',855,,128310,17,4,,1,679,,128315,17,4,,1,205,,128317,17,4,,1
1501,'20260808',1010,,128324,17,4,,1,590,,128327,17,4,,1,601,,128332,17,4,,1
1501,'20260809',1010,,128336,17,4,,1,590,,128339,17,4,,1,601,,128344,17,4,,1
1501,'20260810',855,,128348,17,4,,1,679,,128353,17,4,,1,205,,128355,17,4,,1
1501,'20260811',855,,128362,17,4,,1,679,,128367,17,4,,1,205,,128369,17,4,,1
1501,'20260812',855,,128376,17,4,,1,679,,128381,17,4,,1,205,,128383,17,4,,1
1501,'20260813',855,,128390,17,4,,1,679,,128395,17,4,,1,205,,128397,17,4,,1
1501,'20260814',855,,128404,17,4,,1,679,,128409,17,4,,1,205,,128411,17,4,,1
1501,'20260815',1010,,128418,17,4,,1,590,,128421,17,4,,1,601,,128426,17,4,,1
1501,'20260816',1010,,128430,17,4,,1,590,,128433,17,4,,1,601,,128438,17,4,,1
1501,'20260817',855,,128442,17,4,,1,679,,128447,17,4,,1,205,,128449,17,4,,1
1501,'20260818',855,,128456,17,4,,1,679,,128461,17,4,,1,205,,128463,17,4,,1
1501,'20260819',855,,128470,17,4,,1,679,,128475,17,4,,1,205,,128477,17,4,,1
1501,'20260820',855,,128484,17,4,,1,679,,128489,17,4,,1,205,,128491,17,4,,1
1501,'20260821',855,,128498,17,4,,1,679,,128503,17,4,,1,205,,128505,17,4,,1
1501,'20260822',1010,,128512,17,4,,1,590,,128515,17,4,,1,601,,128520,17,4,,1
1501,'20260823',1010,,128524,17,4,,1,590,,128527,17,4,,1,601,,128532,17,4,,1
1501,'20260824',855,,128536,17,4,,1,679,,128541,17,4,,1,205,,128543,17,4,,1
1501,'20260825',855,,128550,17,4,,1,679,,128555,17,4,,1,205,,128557,17,4,,1
1501,'20260826',855,,128564,17,4,,1,679,,128569,17,4,,1,205,,128571,17,4,,1
1501,'20260827',855,,128578,17,4,,1,679,,128583,17,4,,1,205,,128585,17,4,,1
1501,'20260828',855,,128592,17,4,,1,679,,128597,17,4,,1,205,,128599,17,4,,1
1501,'20260829',1010,,128606,17,4,,1,590,,128609,17,4,,1,601,,128614,17,4,,1
1501,'20260830',1010,,128618,17,4,,1,590,,128621,17,4,,1,601,,128626,17,4,,1
1501,'20260831',855,,128630,17,4,,1,679,,128635,17,4,,1,205,,128637,17,4,,1
1501,'20260901',855,,128644,17,4,,1,679,,128649,17,4,,1,205,,128651,17,4,,1
1501,'20260902',855,,128658,17,4,,1,679,,128663,17,4,,1,205,,128665,17,4,,1
1501,'20260903',855,,128672,17,4,,1,679,,128677,17,4,,1,205,,128679,17,4,,1
1501,'20260904',855,,128686,17,4,,1,679,,128691,17,4,,1,205,,128693,17,4,,1
