3101,'20260629',641,,165223,9,,,1,94,,165225,7,0,5 43 44 47,1,100,,165226,7,0,5 43 44 47,1,1623,,165228,7,0,77 14 15 9,1,60,,165230,7,0,7 43 44 47,1,99,,165231,9,0,16 17 9,1,100,,165232,9,0,16 17 9,1
3101,'20260630',641,,165235,9,,,1,94,,165237,7,0,5 43 44 47,1,100,,165238,7,0,5 43 44 47,1,1623,,165240,7,0,77 14 15 9,1,60,,165242,7,0,7 43 44 47,1,99,,165243,9,0,16 17 9,1,100,,165244,9,0,16 17 9,1
3101,'20260701',822,,165245,7,0,7 43 44 47,1,1705,,165248,7,0,77 14 15 9,1,25,,165249,9,0,16 17 9,1,70,,165250,9,0,78 14 15 9,1,25,,165251,9,0,16 17 9,1,70,,165252,9,0,16 17 9,1
3101,'20260702',641,,165255,9,,,1,94,,165257,7,0,5 43 44 47,1,100,,165258,7,0,5 43 44 47,1,1623,,165260,7,0,77 14 15 9,1,60,,165262,7,0,7 43 44 47,1,99,,165263,9,0,16 17 9,1,100,,165264,9,0,16 17 9,1
3101,'20260703',641,,165267,9,,,1,94,,165269,7,0,5 43 44 47,1,100,,165270,7,0,5 43 44 47,1,1623,,165272,7,0,77 14 15 9,1,60,,165274,7,0,7 43 44 47,1,99,,165275,9,0,16 17 9,1,100,,165276,9,0,16 17 9,1
3101,'20260704',822,,165277,7,0,7 43 44 47,1,1705,,165280,7,0,77 14 15 9,1,25,,165281,9,0,16 17 9,1,70,,165282,9,0,78 14 15 9,1,25,,165283,9,0,16 17 9,1,70,,165284,9,0,16 17 9,1
3101,'20260705',822,,165285,7,0,7 43 44 47,1,1705,,165288,7,0,77 14 15 9,1,95,,165289,9,0,78 14 15 9,1,95,,165290,9,0,16 17 9,1
3101,'20260706',641,,165293,9,,,1,94,,165295,7,0,5 43 44 47,1,100,,165296,7,0,5 43 44 47,1,1623,,165298,7,0,77 14 15 9,1,60,,165300,7,0,7 43 44 47,1,99,,165301,9,0,16 17 9,1,100,,165302,9,0,16 17 9,1
3101,'20260707',641,,165305,9,,,1,94,,165307,7,0,5 43 44 47,1,100,,165308,7,0,5 43 44 47,1,1623,,165310,7,0,77 14 15 9,1,60,,165312,7,0,7 43 44 47,1,99,,165313,9,0,16 17 9,1,100,,165314,9,0,16 17 9,1
3101,'20260708',641,,165317,9,,,1,94,,165319,7,0,5 43 44 47,1,100,,165320,7,0,5 43 44 47,1,1623,,165322,7,0,77 14 15 9,1,60,,165324,7,0,7 43 44 47,1,99,,165325,9,0,16 17 9,1,100,,165326,9,0,16 17 9,1
3101,'20260709',641,,165329,9,,,1,94,,165331,7,0,5 43 44 47,1,100,,165332,7,0,5 43 44 47,1,1623,,165334,7,0,77 14 15 9,1,60,,165336,7,0,7 43 44 47,1,99,,165337,9,0,16 17 9,1,100,,165338,9,0,16 17 9,1
3101,'20260710',641,,165341,9,,,1,94,,165343,7,0,5 43 44 47,1,100,,165344,7,0,5 43 44 47,1,1623,,165346,7,0,77 14 15 9,1,60,,165348,7,0,7 43 44 47,1,99,,165349,9,0,16 17 9,1,100,,165350,9,0,16 17 9,1
3101,'20260711',822,,165351,7,0,7 43 44 47,1,1705,,165354,7,0,77 14 15 9,1,25,,165355,9,0,16 17 9,1,70,,165356,9,0,78 14 15 9,1,25,,165357,9,0,16 17 9,1,70,,165358,9,0,16 17 9,1
3101,'20260712',822,,165359,7,0,7 43 44 47,1,1705,,165362,7,0,77 14 15 9,1,95,,165363,9,0,78 14 15 9,1,95,,165364,9,0,16 17 9,1
3101,'20260713',641,,165367,9,,,1,94,,165369,7,0,5 43 44 47,1,100,,165370,7,0,5 43 44 47,1,1623,,165372,7,0,77 14 15 9,1,60,,165374,7,0,7 43 44 47,1,99,,165375,9,0,16 17 9,1,100,,165376,9,0,16 17 9,1
3101,'20260714',641,,165379,9,,,1,94,,165381,7,0,5 43 44 47,1,100,,165382,7,0,5 43 44 47,1,1623,,165384,7,0,77 14 15 9,1,60,,165386,7,0,7 43 44 47,1,99,,165387,9,0,16 17 9,1,100,,165388,9,0,16 17 9,1
3101,'20260715',641,,165391,9,,,1,94,,165393,7,0,5 43 44 47,1,100,,165394,7,0,5 43 44 47,1,1623,,165396,7,0,77 14 15 9,1,60,,165398,7,0,7 43 44 47,1,99,,165399,9,0,16 17 9,1,100,,165400,9,0,16 17 9,1
3101,'20260716',641,,165403,9,,,1,94,,165405,7,0,5 43 44 47,1,100,,165406,7,0,5 43 44 47,1,1623,,165408,7,0,77 14 15 9,1,60,,165410,7,0,7 43 44 47,1,99,,165411,9,0,16 17 9,1,100,,165412,9,0,16 17 9,1
3101,'20260717',641,,165415,9,,,1,94,,165417,7,0,5 43 44 47,1,100,,165418,7,0,5 43 44 47,1,1623,,165420,7,0,77 14 15 9,1,60,,165422,7,0,7 43 44 47,1,99,,165423,9,0,16 17 9,1,100,,165424,9,0,16 17 9,1
3101,'20260718',822,,165425,7,0,7 43 44 47,1,1705,,165428,7,0,77 14 15 9,1,25,,165429,9,0,16 17 9,1,70,,165430,9,0,78 14 15 9,1,25,,165431,9,0,16 17 9,1,70,,165432,9,0,16 17 9,1
3101,'20260719',822,,165433,7,0,7 43 44 47,1,1705,,165436,7,0,77 14 15 9,1,95,,165437,9,0,78 14 15 9,1,95,,165438,9,0,16 17 9,1
3101,'20260720',641,,165441,9,,,1,94,,165443,7,0,5 43 44 47,1,100,,165444,7,0,5 43 44 47,1,1623,,165446,7,0,77 14 15 9,1,60,,165448,7,0,7 43 44 47,1,99,,165449,9,0,16 17 9,1,100,,165450,9,0,16 17 9,1
3101,'20260721',641,,165453,9,,,1,94,,165455,7,0,5 43 44 47,1,100,,165456,7,0,5 43 44 47,1,1623,,165458,7,0,77 14 15 9,1,60,,165460,7,0,7 43 44 47,1,99,,165461,9,0,16 17 9,1,100,,165462,9,0,16 17 9,1
3101,'20260722',641,,165465,9,,,1,94,,165467,7,0,5 43 44 47,1,100,,165468,7,0,5 43 44 47,1,1623,,165470,7,0,77 14 15 9,1,60,,165472,7,0,7 43 44 47,1,99,,165473,9,0,16 17 9,1,100,,165474,9,0,16 17 9,1
3101,'20260723',641,,165477,9,,,1,94,,165479,7,0,5 43 44 47,1,100,,165480,7,0,5 43 44 47,1,1623,,165482,7,0,77 14 15 9,1,60,,165484,7,0,7 43 44 47,1,99,,165485,9,0,16 17 9,1,100,,165486,9,0,16 17 9,1
3101,'20260724',641,,165489,9,,,1,94,,165491,7,0,5 43 44 47,1,100,,165492,7,0,5 43 44 47,1,1623,,165494,7,0,77 14 15 9,1,60,,165496,7,0,7 43 44 47,1,99,,165497,9,0,16 17 9,1,100,,165498,9,0,16 17 9,1
3101,'20260725',822,,165499,7,0,7 43 44 47,1,1705,,165502,7,0,77 14 15 9,1,25,,165503,9,0,16 17 9,1,70,,165504,9,0,78 14 15 9,1,25,,165505,9,0,16 17 9,1,70,,165506,9,0,16 17 9,1
3101,'20260726',822,,165507,7,0,7 43 44 47,1,1705,,165510,7,0,77 14 15 9,1,95,,165511,9,0,78 14 15 9,1,95,,165512,9,0,16 17 9,1
3101,'20260727',641,,165515,9,,,1,94,,165517,7,0,5 43 44 47,1,100,,165518,7,0,5 43 44 47,1,1623,,165520,7,0,77 14 15 9,1,60,,165522,7,0,7 43 44 47,1,99,,165523,9,0,16 17 9,1,100,,165524,9,0,16 17 9,1
3101,'20260728',641,,165527,9,,,1,94,,165529,7,0,5 43 44 47,1,100,,165530,7,0,5 43 44 47,1,1623,,165532,7,0,77 14 15 9,1,60,,165534,7,0,7 43 44 47,1,99,,165535,9,0,16 17 9,1,100,,165536,9,0,16 17 9,1
3101,'20260729',641,,165539,9,,,1,94,,165541,7,0,5 43 44 47,1,100,,165542,7,0,5 43 44 47,1,1623,,165544,7,0,77 14 15 9,1,60,,165546,7,0,7 43 44 47,1,99,,165547,9,0,16 17 9,1,100,,165548,9,0,16 17 9,1
3101,'20260730',641,,165551,9,,,1,94,,165553,7,0,5 43 44 47,1,100,,165554,7,0,5 43 44 47,1,1623,,165556,7,0,77 14 15 9,1,60,,165558,7,0,7 43 44 47,1,99,,165559,9,0,16 17 9,1,100,,165560,9,0,16 17 9,1
3101,'20260731',641,,165563,9,,,1,94,,165565,7,0,5 43 44 47,1,100,,165566,7,0,5 43 44 47,1,1623,,165568,7,0,77 14 15 9,1,60,,165570,7,0,7 43 44 47,1,99,,165571,9,0,16 17 9,1,100,,165572,9,0,16 17 9,1
3101,'20260801',822,,165573,7,0,7 43 44 47,1,1705,,165576,7,0,77 14 15 9,1,25,,165577,9,0,16 17 9,1,70,,165578,9,0,78 14 15 9,1,25,,165579,9,0,16 17 9,1,70,,165580,9,0,16 17 9,1
3101,'20260802',822,,165581,7,0,7 43 44 47,1,1705,,165584,7,0,77 14 15 9,1,95,,165585,9,0,78 14 15 9,1,95,,165586,9,0,16 17 9,1
3101,'20260803',822,,165587,7,0,7 43 44 47,1,1705,,165590,7,0,77 14 15 9,1,25,,165591,9,0,16 17 9,1,70,,165592,9,0,78 14 15 9,1,25,,165593,9,0,16 17 9,1,70,,165594,9,0,16 17 9,1
3101,'20260804',641,,165597,9,,,1,94,,165599,7,0,5 43 44 47,1,100,,165600,7,0,5 43 44 47,1,1623,,165602,7,0,77 14 15 9,1,60,,165604,7,0,7 43 44 47,1,99,,165605,9,0,16 17 9,1,100,,165606,9,0,16 17 9,1
3101,'20260805',641,,165609,9,,,1,94,,165611,7,0,5 43 44 47,1,100,,165612,7,0,5 43 44 47,1,1623,,165614,7,0,77 14 15 9,1,60,,165616,7,0,7 43 44 47,1,99,,165617,9,0,16 17 9,1,100,,165618,9,0,16 17 9,1
3101,'20260806',641,,165621,9,,,1,94,,165623,7,0,5 43 44 47,1,100,,165624,7,0,5 43 44 47,1,1623,,165626,7,0,77 14 15 9,1,60,,165628,7,0,7 43 44 47,1,99,,165629,9,0,16 17 9,1,100,,165630,9,0,16 17 9,1
3101,'20260807',641,,165633,9,,,1,94,,165635,7,0,5 43 44 47,1,100,,165636,7,0,5 43 44 47,1,1623,,165638,7,0,77 14 15 9,1,60,,165640,7,0,7 43 44 47,1,99,,165641,9,0,16 17 9,1,100,,165642,9,0,16 17 9,1
3101,'20260808',822,,165643,7,0,7 43 44 47,1,1705,,165646,7,0,77 14 15 9,1,25,,165647,9,0,16 17 9,1,70,,165648,9,0,78 14 15 9,1,25,,165649,9,0,16 17 9,1,70,,165650,9,0,16 17 9,1
3101,'20260809',822,,165651,7,0,7 43 44 47,1,1705,,165654,7,0,77 14 15 9,1,95,,165655,9,0,78 14 15 9,1,95,,165656,9,0,16 17 9,1
3101,'20260810',641,,165659,9,,,1,94,,165661,7,0,5 43 44 47,1,100,,165662,7,0,5 43 44 47,1,1623,,165664,7,0,77 14 15 9,1,60,,165666,7,0,7 43 44 47,1,99,,165667,9,0,16 17 9,1,100,,165668,9,0,16 17 9,1
3101,'20260811',641,,165671,9,,,1,94,,165673,7,0,5 43 44 47,1,100,,165674,7,0,5 43 44 47,1,1623,,165676,7,0,77 14 15 9,1,60,,165678,7,0,7 43 44 47,1,99,,165679,9,0,16 17 9,1,100,,165680,9,0,16 17 9,1
3101,'20260812',641,,165683,9,,,1,94,,165685,7,0,5 43 44 47,1,100,,165686,7,0,5 43 44 47,1,1623,,165688,7,0,77 14 15 9,1,60,,165690,7,0,7 43 44 47,1,99,,165691,9,0,16 17 9,1,100,,165692,9,0,16 17 9,1
3101,'20260813',641,,165695,9,,,1,94,,165697,7,0,5 43 44 47,1,100,,165698,7,0,5 43 44 47,1,1623,,165700,7,0,77 14 15 9,1,60,,165702,7,0,7 43 44 47,1,99,,165703,9,0,16 17 9,1,100,,165704,9,0,16 17 9,1
3101,'20260814',641,,165707,9,,,1,94,,165709,7,0,5 43 44 47,1,100,,165710,7,0,5 43 44 47,1,1623,,165712,7,0,77 14 15 9,1,60,,165714,7,0,7 43 44 47,1,99,,165715,9,0,16 17 9,1,100,,165716,9,0,16 17 9,1
3101,'20260815',822,,165717,7,0,7 43 44 47,1,1705,,165720,7,0,77 14 15 9,1,25,,165721,9,0,16 17 9,1,70,,165722,9,0,78 14 15 9,1,25,,165723,9,0,16 17 9,1,70,,165724,9,0,16 17 9,1
3101,'20260816',822,,165725,7,0,7 43 44 47,1,1705,,165728,7,0,77 14 15 9,1,95,,165729,9,0,78 14 15 9,1,95,,165730,9,0,16 17 9,1
3101,'20260817',641,,165733,9,,,1,94,,165735,7,0,5 43 44 47,1,100,,165736,7,0,5 43 44 47,1,1623,,165738,7,0,77 14 15 9,1,60,,165740,7,0,7 43 44 47,1,99,,165741,9,0,16 17 9,1,100,,165742,9,0,16 17 9,1
3101,'20260818',641,,165745,9,,,1,94,,165747,7,0,5 43 44 47,1,100,,165748,7,0,5 43 44 47,1,1623,,165750,7,0,77 14 15 9,1,60,,165752,7,0,7 43 44 47,1,99,,165753,9,0,16 17 9,1,100,,165754,9,0,16 17 9,1
3101,'20260819',641,,165757,9,,,1,94,,165759,7,0,5 43 44 47,1,100,,165760,7,0,5 43 44 47,1,1623,,165762,7,0,77 14 15 9,1,60,,165764,7,0,7 43 44 47,1,99,,165765,9,0,16 17 9,1,100,,165766,9,0,16 17 9,1
3101,'20260820',641,,165769,9,,,1,94,,165771,7,0,5 43 44 47,1,100,,165772,7,0,5 43 44 47,1,1623,,165774,7,0,77 14 15 9,1,60,,165776,7,0,7 43 44 47,1,99,,165777,9,0,16 17 9,1,100,,165778,9,0,16 17 9,1
3101,'20260821',641,,165781,9,,,1,94,,165783,7,0,5 43 44 47,1,100,,165784,7,0,5 43 44 47,1,1623,,165786,7,0,77 14 15 9,1,60,,165788,7,0,7 43 44 47,1,99,,165789,9,0,16 17 9,1,100,,165790,9,0,16 17 9,1
3101,'20260822',822,,165791,7,0,7 43 44 47,1,1705,,165794,7,0,77 14 15 9,1,25,,165795,9,0,16 17 9,1,70,,165796,9,0,78 14 15 9,1,25,,165797,9,0,16 17 9,1,70,,165798,9,0,16 17 9,1
3101,'20260823',822,,165799,7,0,7 43 44 47,1,1705,,165802,7,0,77 14 15 9,1,95,,165803,9,0,78 14 15 9,1,95,,165804,9,0,16 17 9,1
3101,'20260824',641,,165807,9,,,1,94,,165809,7,0,5 43 44 47,1,100,,165810,7,0,5 43 44 47,1,1623,,165812,7,0,77 14 15 9,1,60,,165814,7,0,7 43 44 47,1,99,,165815,9,0,16 17 9,1,100,,165816,9,0,16 17 9,1
3101,'20260825',641,,165819,9,,,1,94,,165821,7,0,5 43 44 47,1,100,,165822,7,0,5 43 44 47,1,1623,,165824,7,0,77 14 15 9,1,60,,165826,7,0,7 43 44 47,1,99,,165827,9,0,16 17 9,1,100,,165828,9,0,16 17 9,1
3101,'20260826',641,,165831,9,,,1,94,,165833,7,0,5 43 44 47,1,100,,165834,7,0,5 43 44 47,1,1623,,165836,7,0,77 14 15 9,1,60,,165838,7,0,7 43 44 47,1,99,,165839,9,0,16 17 9,1,100,,165840,9,0,16 17 9,1
3101,'20260827',641,,165843,9,,,1,94,,165845,7,0,5 43 44 47,1,100,,165846,7,0,5 43 44 47,1,1623,,165848,7,0,77 14 15 9,1,60,,165850,7,0,7 43 44 47,1,99,,165851,9,0,16 17 9,1,100,,165852,9,0,16 17 9,1
3101,'20260828',641,,165855,9,,,1,94,,165857,7,0,5 43 44 47,1,100,,165858,7,0,5 43 44 47,1,1623,,165860,7,0,77 14 15 9,1,60,,165862,7,0,7 43 44 47,1,99,,165863,9,0,16 17 9,1,100,,165864,9,0,16 17 9,1
3101,'20260829',822,,165865,7,0,7 43 44 47,1,1705,,165868,7,0,77 14 15 9,1,25,,165869,9,0,16 17 9,1,70,,165870,9,0,78 14 15 9,1,25,,165871,9,0,16 17 9,1,70,,165872,9,0,16 17 9,1
3101,'20260830',822,,165873,7,0,7 43 44 47,1,1705,,165876,7,0,77 14 15 9,1,95,,165877,9,0,78 14 15 9,1,95,,165878,9,0,16 17 9,1
3101,'20260831',641,,165881,9,,,1,94,,165883,7,0,5 43 44 47,1,100,,165884,7,0,5 43 44 47,1,1623,,165886,7,0,77 14 15 9,1,60,,165888,7,0,7 43 44 47,1,99,,165889,9,0,16 17 9,1,100,,165890,9,0,16 17 9,1
3101,'20260901',641,,165893,9,,,1,94,,165895,7,0,5 43 44 47,1,100,,165896,7,0,5 43 44 47,1,1623,,165898,7,0,77 14 15 9,1,60,,165900,7,0,7 43 44 47,1,99,,165901,9,0,16 17 9,1,100,,165902,9,0,16 17 9,1
3101,'20260902',641,,165905,9,,,1,94,,165907,7,0,5 43 44 47,1,100,,165908,7,0,5 43 44 47,1,1623,,165910,7,0,77 14 15 9,1,60,,165912,7,0,7 43 44 47,1,99,,165913,9,0,16 17 9,1,100,,165914,9,0,16 17 9,1
3101,'20260903',641,,165917,9,,,1,94,,165919,7,0,5 43 44 47,1,100,,165920,7,0,5 43 44 47,1,1623,,165922,7,0,77 14 15 9,1,60,,165924,7,0,7 43 44 47,1,99,,165925,9,0,16 17 9,1,100,,165926,9,0,16 17 9,1
3101,'20260904',641,,165929,9,,,1,94,,165931,7,0,5 43 44 47,1,100,,165932,7,0,5 43 44 47,1,1623,,165934,7,0,77 14 15 9,1,60,,165936,7,0,7 43 44 47,1,99,,165937,9,0,16 17 9,1,100,,165938,9,0,16 17 9,1
3301,'20260629',721,,170967,11,0,7 13,1,107,,170968,11,0,7 13,1,85,,170969,11,,,1,100,,170970,11,,,1,100,,170971,11,,,1,103,,170972,11,,,1,103,,170973,11,,,1,100,,170974,11,,,1,37,,170975,11,0,5 14 15 9,1,65,,170976,11,,,1,27,,170977,11,0,5 14 15 9,1,63,,170978,11,0,16 17 9,1,22,,170979,11,,,1,22,,170980,11,0,5 14 15 9,1,60,,170981,11,,,1,20,,170982,11,0,5 14 15 9,1,18,,170983,11,0,16 17 9,1,55,,170984,11,0,5 14 15 9,1,15,,170985,11,0,16 17 9,1,20,,170986,11,0,5 14 15 9,1,63,,170987,11,0,5 14 15 9,1,18,,170988,11,,,1,29,,170989,11,0,5 14 15 9,1,65,,170990,11,0,16 17 9,1,25,,170991,11,0,5 14 15 9,1,70,,170992,11,,,1,30,,170993,11,0,5 14 15 9,1,70,,170994,11,0,16 17 9,1,30,,170995,11,0,5 14 15 9,1,70,,170996,11,,,1,100,,170997,11,0,16 17 9,1,99,,170998,11,0,7 13,1
3301,'20260630',721,,170999,11,0,7 13,1,107,,171000,11,0,7 13,1,85,,171001,11,,,1,100,,171002,11,,,1,100,,171003,11,,,1,103,,171004,11,,,1,103,,171005,11,,,1,100,,171006,11,,,1,37,,171007,11,0,5 14 15 9,1,65,,171008,11,,,1,27,,171009,11,0,5 14 15 9,1,63,,171010,11,0,16 17 9,1,22,,171011,11,,,1,22,,171012,11,0,5 14 15 9,1,60,,171013,11,,,1,20,,171014,11,0,5 14 15 9,1,18,,171015,11,0,16 17 9,1,55,,171016,11,0,5 14 15 9,1,15,,171017,11,0,16 17 9,1,20,,171018,11,0,5 14 15 9,1,63,,171019,11,0,5 14 15 9,1,18,,171020,11,,,1,29,,171021,11,0,5 14 15 9,1,65,,171022,11,0,16 17 9,1,25,,171023,11,0,5 14 15 9,1,70,,171024,11,,,1,30,,171025,11,0,5 14 15 9,1,70,,171026,11,0,16 17 9,1,30,,171027,11,0,5 14 15 9,1,70,,171028,11,,,1,100,,171029,11,0,16 17 9,1,99,,171030,11,0,7 13,1
3301,'20260701',1016,,171032,11,,,1,200,,171034,11,,,1,197,,171036,11,,,1,197,,171038,11,,,1,202,,171039,11,,,1,200,,171040,11,,,1,200,,171041,11,,,1,209,,171042,11,,,1
3301,'20260702',721,,171043,11,0,7 13,1,107,,171044,11,0,7 13,1,85,,171045,11,,,1,100,,171046,11,,,1,100,,171047,11,,,1,103,,171048,11,,,1,103,,171049,11,,,1,100,,171050,11,,,1,37,,171051,11,0,5 14 15 9,1,65,,171052,11,,,1,27,,171053,11,0,5 14 15 9,1,63,,171054,11,0,16 17 9,1,22,,171055,11,,,1,22,,171056,11,0,5 14 15 9,1,60,,171057,11,,,1,20,,171058,11,0,5 14 15 9,1,18,,171059,11,0,16 17 9,1,55,,171060,11,0,5 14 15 9,1,15,,171061,11,0,16 17 9,1,20,,171062,11,0,5 14 15 9,1,63,,171063,11,0,5 14 15 9,1,18,,171064,11,,,1,29,,171065,11,0,5 14 15 9,1,65,,171066,11,0,16 17 9,1,25,,171067,11,0,5 14 15 9,1,70,,171068,11,,,1,30,,171069,11,0,5 14 15 9,1,70,,171070,11,0,16 17 9,1,30,,171071,11,0,5 14 15 9,1,70,,171072,11,,,1,100,,171073,11,0,16 17 9,1,99,,171074,11,0,7 13,1
3301,'20260703',721,,171075,11,0,7 13,1,107,,171076,11,0,7 13,1,85,,171077,11,,,1,100,,171078,11,,,1,100,,171079,11,,,1,103,,171080,11,,,1,103,,171081,11,,,1,100,,171082,11,,,1,37,,171083,11,0,5 14 15 9,1,65,,171084,11,,,1,27,,171085,11,0,5 14 15 9,1,63,,171086,11,0,16 17 9,1,22,,171087,11,,,1,22,,171088,11,0,5 14 15 9,1,60,,171089,11,,,1,20,,171090,11,0,5 14 15 9,1,18,,171091,11,0,16 17 9,1,55,,171092,11,0,5 14 15 9,1,15,,171093,11,0,16 17 9,1,20,,171094,11,0,5 14 15 9,1,63,,171095,11,0,5 14 15 9,1,18,,171096,11,,,1,29,,171097,11,0,5 14 15 9,1,65,,171098,11,0,16 17 9,1,25,,171099,11,0,5 14 15 9,1,70,,171100,11,,,1,30,,171101,11,0,5 14 15 9,1,70,,171102,11,0,16 17 9,1,30,,171103,11,0,5 14 15 9,1,70,,171104,11,,,1,100,,171105,11,0,16 17 9,1,99,,171106,11,0,7 13,1
3301,'20260704',1016,,171108,11,,,1,200,,171110,11,,,1,197,,171112,11,,,1,197,,171114,11,,,1,202,,171115,11,,,1,200,,171116,11,,,1,200,,171117,11,,,1,209,,171118,11,,,1
3301,'20260705',1016,,171120,11,,,1,200,,171122,11,,,1,197,,171124,11,,,1,197,,171126,11,,,1,202,,171127,11,,,1,200,,171128,11,,,1,200,,171129,11,,,1,209,,171130,11,,,1
3301,'20260706',721,,171131,11,0,7 13,1,107,,171132,11,0,7 13,1,85,,171133,11,,,1,100,,171134,11,,,1,100,,171135,11,,,1,103,,171136,11,,,1,103,,171137,11,,,1,100,,171138,11,,,1,37,,171139,11,0,5 14 15 9,1,65,,171140,11,,,1,27,,171141,11,0,5 14 15 9,1,63,,171142,11,0,16 17 9,1,22,,171143,11,,,1,22,,171144,11,0,5 14 15 9,1,60,,171145,11,,,1,20,,171146,11,0,5 14 15 9,1,18,,171147,11,0,16 17 9,1,55,,171148,11,0,5 14 15 9,1,15,,171149,11,0,16 17 9,1,20,,171150,11,0,5 14 15 9,1,63,,171151,11,0,5 14 15 9,1,18,,171152,11,,,1,29,,171153,11,0,5 14 15 9,1,65,,171154,11,0,16 17 9,1,25,,171155,11,0,5 14 15 9,1,70,,171156,11,,,1,30,,171157,11,0,5 14 15 9,1,70,,171158,11,0,16 17 9,1,30,,171159,11,0,5 14 15 9,1,70,,171160,11,,,1,100,,171161,11,0,16 17 9,1,99,,171162,11,0,7 13,1
3301,'20260707',721,,171163,11,0,7 13,1,107,,171164,11,0,7 13,1,85,,171165,11,,,1,100,,171166,11,,,1,100,,171167,11,,,1,103,,171168,11,,,1,103,,171169,11,,,1,100,,171170,11,,,1,37,,171171,11,0,5 14 15 9,1,65,,171172,11,,,1,27,,171173,11,0,5 14 15 9,1,63,,171174,11,0,16 17 9,1,22,,171175,11,,,1,22,,171176,11,0,5 14 15 9,1,60,,171177,11,,,1,20,,171178,11,0,5 14 15 9,1,18,,171179,11,0,16 17 9,1,55,,171180,11,0,5 14 15 9,1,15,,171181,11,0,16 17 9,1,20,,171182,11,0,5 14 15 9,1,63,,171183,11,0,5 14 15 9,1,18,,171184,11,,,1,29,,171185,11,0,5 14 15 9,1,65,,171186,11,0,16 17 9,1,25,,171187,11,0,5 14 15 9,1,70,,171188,11,,,1,30,,171189,11,0,5 14 15 9,1,70,,171190,11,0,16 17 9,1,30,,171191,11,0,5 14 15 9,1,70,,171192,11,,,1,100,,171193,11,0,16 17 9,1,99,,171194,11,0,7 13,1
3301,'20260708',721,,171195,11,0,7 13,1,107,,171196,11,0,7 13,1,85,,171197,11,,,1,100,,171198,11,,,1,100,,171199,11,,,1,103,,171200,11,,,1,103,,171201,11,,,1,100,,171202,11,,,1,37,,171203,11,0,5 14 15 9,1,65,,171204,11,,,1,27,,171205,11,0,5 14 15 9,1,63,,171206,11,0,16 17 9,1,22,,171207,11,,,1,22,,171208,11,0,5 14 15 9,1,60,,171209,11,,,1,20,,171210,11,0,5 14 15 9,1,18,,171211,11,0,16 17 9,1,55,,171212,11,0,5 14 15 9,1,15,,171213,11,0,16 17 9,1,20,,171214,11,0,5 14 15 9,1,63,,171215,11,0,5 14 15 9,1,18,,171216,11,,,1,29,,171217,11,0,5 14 15 9,1,65,,171218,11,0,16 17 9,1,25,,171219,11,0,5 14 15 9,1,70,,171220,11,,,1,30,,171221,11,0,5 14 15 9,1,70,,171222,11,0,16 17 9,1,30,,171223,11,0,5 14 15 9,1,70,,171224,11,,,1,100,,171225,11,0,16 17 9,1,99,,171226,11,0,7 13,1
3301,'20260709',721,,171227,11,0,7 13,1,107,,171228,11,0,7 13,1,85,,171229,11,,,1,100,,171230,11,,,1,100,,171231,11,,,1,103,,171232,11,,,1,103,,171233,11,,,1,100,,171234,11,,,1,37,,171235,11,0,5 14 15 9,1,65,,171236,11,,,1,27,,171237,11,0,5 14 15 9,1,63,,171238,11,0,16 17 9,1,22,,171239,11,,,1,22,,171240,11,0,5 14 15 9,1,60,,171241,11,,,1,20,,171242,11,0,5 14 15 9,1,18,,171243,11,0,16 17 9,1,55,,171244,11,0,5 14 15 9,1,15,,171245,11,0,16 17 9,1,20,,171246,11,0,5 14 15 9,1,63,,171247,11,0,5 14 15 9,1,18,,171248,11,,,1,29,,171249,11,0,5 14 15 9,1,65,,171250,11,0,16 17 9,1,25,,171251,11,0,5 14 15 9,1,70,,171252,11,,,1,30,,171253,11,0,5 14 15 9,1,70,,171254,11,0,16 17 9,1,30,,171255,11,0,5 14 15 9,1,70,,171256,11,,,1,100,,171257,11,0,16 17 9,1,99,,171258,11,0,7 13,1
3301,'20260710',721,,171259,11,0,7 13,1,107,,171260,11,0,7 13,1,85,,171261,11,,,1,100,,171262,11,,,1,100,,171263,11,,,1,103,,171264,11,,,1,103,,171265,11,,,1,100,,171266,11,,,1,37,,171267,11,0,5 14 15 9,1,65,,171268,11,,,1,27,,171269,11,0,5 14 15 9,1,63,,171270,11,0,16 17 9,1,22,,171271,11,,,1,22,,171272,11,0,5 14 15 9,1,60,,171273,11,,,1,20,,171274,11,0,5 14 15 9,1,18,,171275,11,0,16 17 9,1,55,,171276,11,0,5 14 15 9,1,15,,171277,11,0,16 17 9,1,20,,171278,11,0,5 14 15 9,1,63,,171279,11,0,5 14 15 9,1,18,,171280,11,,,1,29,,171281,11,0,5 14 15 9,1,65,,171282,11,0,16 17 9,1,25,,171283,11,0,5 14 15 9,1,70,,171284,11,,,1,30,,171285,11,0,5 14 15 9,1,70,,171286,11,0,16 17 9,1,30,,171287,11,0,5 14 15 9,1,70,,171288,11,,,1,100,,171289,11,0,16 17 9,1,99,,171290,11,0,7 13,1
3301,'20260711',1016,,171292,11,,,1,200,,171294,11,,,1,197,,171296,11,,,1,197,,171298,11,,,1,202,,171299,11,,,1,200,,171300,11,,,1,200,,171301,11,,,1,209,,171302,11,,,1
3301,'20260712',1016,,171304,11,,,1,200,,171306,11,,,1,197,,171308,11,,,1,197,,171310,11,,,1,202,,171311,11,,,1,200,,171312,11,,,1,200,,171313,11,,,1,209,,171314,11,,,1
3301,'20260713',721,,171315,11,0,7 13,1,107,,171316,11,0,7 13,1,85,,171317,11,,,1,100,,171318,11,,,1,100,,171319,11,,,1,103,,171320,11,,,1,103,,171321,11,,,1,100,,171322,11,,,1,37,,171323,11,0,5 14 15 9,1,65,,171324,11,,,1,27,,171325,11,0,5 14 15 9,1,63,,171326,11,0,16 17 9,1,22,,171327,11,,,1,22,,171328,11,0,5 14 15 9,1,60,,171329,11,,,1,20,,171330,11,0,5 14 15 9,1,18,,171331,11,0,16 17 9,1,55,,171332,11,0,5 14 15 9,1,15,,171333,11,0,16 17 9,1,20,,171334,11,0,5 14 15 9,1,63,,171335,11,0,5 14 15 9,1,18,,171336,11,,,1,29,,171337,11,0,5 14 15 9,1,65,,171338,11,0,16 17 9,1,25,,171339,11,0,5 14 15 9,1,70,,171340,11,,,1,30,,171341,11,0,5 14 15 9,1,70,,171342,11,0,16 17 9,1,30,,171343,11,0,5 14 15 9,1,70,,171344,11,,,1,100,,171345,11,0,16 17 9,1,99,,171346,11,0,7 13,1
3301,'20260714',721,,171347,11,0,7 13,1,107,,171348,11,0,7 13,1,85,,171349,11,,,1,100,,171350,11,,,1,100,,171351,11,,,1,103,,171352,11,,,1,103,,171353,11,,,1,100,,171354,11,,,1,37,,171355,11,0,5 14 15 9,1,65,,171356,11,,,1,27,,171357,11,0,5 14 15 9,1,63,,171358,11,0,16 17 9,1,22,,171359,11,,,1,22,,171360,11,0,5 14 15 9,1,60,,171361,11,,,1,20,,171362,11,0,5 14 15 9,1,18,,171363,11,0,16 17 9,1,55,,171364,11,0,5 14 15 9,1,15,,171365,11,0,16 17 9,1,20,,171366,11,0,5 14 15 9,1,63,,171367,11,0,5 14 15 9,1,18,,171368,11,,,1,29,,171369,11,0,5 14 15 9,1,65,,171370,11,0,16 17 9,1,25,,171371,11,0,5 14 15 9,1,70,,171372,11,,,1,30,,171373,11,0,5 14 15 9,1,70,,171374,11,0,16 17 9,1,30,,171375,11,0,5 14 15 9,1,70,,171376,11,,,1,100,,171377,11,0,16 17 9,1,99,,171378,11,0,7 13,1
3301,'20260715',721,,171379,11,0,7 13,1,107,,171380,11,0,7 13,1,85,,171381,11,,,1,100,,171382,11,,,1,100,,171383,11,,,1,103,,171384,11,,,1,103,,171385,11,,,1,100,,171386,11,,,1,37,,171387,11,0,5 14 15 9,1,65,,171388,11,,,1,27,,171389,11,0,5 14 15 9,1,63,,171390,11,0,16 17 9,1,22,,171391,11,,,1,22,,171392,11,0,5 14 15 9,1,60,,171393,11,,,1,20,,171394,11,0,5 14 15 9,1,18,,171395,11,0,16 17 9,1,55,,171396,11,0,5 14 15 9,1,15,,171397,11,0,16 17 9,1,20,,171398,11,0,5 14 15 9,1,63,,171399,11,0,5 14 15 9,1,18,,171400,11,,,1,29,,171401,11,0,5 14 15 9,1,65,,171402,11,0,16 17 9,1,25,,171403,11,0,5 14 15 9,1,70,,171404,11,,,1,30,,171405,11,0,5 14 15 9,1,70,,171406,11,0,16 17 9,1,30,,171407,11,0,5 14 15 9,1,70,,171408,11,,,1,100,,171409,11,0,16 17 9,1,99,,171410,11,0,7 13,1
3301,'20260716',721,,171411,11,0,7 13,1,107,,171412,11,0,7 13,1,85,,171413,11,,,1,100,,171414,11,,,1,100,,171415,11,,,1,103,,171416,11,,,1,103,,171417,11,,,1,100,,171418,11,,,1,37,,171419,11,0,5 14 15 9,1,65,,171420,11,,,1,27,,171421,11,0,5 14 15 9,1,63,,171422,11,0,16 17 9,1,22,,171423,11,,,1,22,,171424,11,0,5 14 15 9,1,60,,171425,11,,,1,20,,171426,11,0,5 14 15 9,1,18,,171427,11,0,16 17 9,1,55,,171428,11,0,5 14 15 9,1,15,,171429,11,0,16 17 9,1,20,,171430,11,0,5 14 15 9,1,63,,171431,11,0,5 14 15 9,1,18,,171432,11,,,1,29,,171433,11,0,5 14 15 9,1,65,,171434,11,0,16 17 9,1,25,,171435,11,0,5 14 15 9,1,70,,171436,11,,,1,30,,171437,11,0,5 14 15 9,1,70,,171438,11,0,16 17 9,1,30,,171439,11,0,5 14 15 9,1,70,,171440,11,,,1,100,,171441,11,0,16 17 9,1,99,,171442,11,0,7 13,1
3301,'20260717',721,,171443,11,0,7 13,1,107,,171444,11,0,7 13,1,85,,171445,11,,,1,100,,171446,11,,,1,100,,171447,11,,,1,103,,171448,11,,,1,103,,171449,11,,,1,100,,171450,11,,,1,37,,171451,11,0,5 14 15 9,1,65,,171452,11,,,1,27,,171453,11,0,5 14 15 9,1,63,,171454,11,0,16 17 9,1,22,,171455,11,,,1,22,,171456,11,0,5 14 15 9,1,60,,171457,11,,,1,20,,171458,11,0,5 14 15 9,1,18,,171459,11,0,16 17 9,1,55,,171460,11,0,5 14 15 9,1,15,,171461,11,0,16 17 9,1,20,,171462,11,0,5 14 15 9,1,63,,171463,11,0,5 14 15 9,1,18,,171464,11,,,1,29,,171465,11,0,5 14 15 9,1,65,,171466,11,0,16 17 9,1,25,,171467,11,0,5 14 15 9,1,70,,171468,11,,,1,30,,171469,11,0,5 14 15 9,1,70,,171470,11,0,16 17 9,1,30,,171471,11,0,5 14 15 9,1,70,,171472,11,,,1,100,,171473,11,0,16 17 9,1,99,,171474,11,0,7 13,1
3301,'20260718',1016,,171476,11,,,1,200,,171478,11,,,1,197,,171480,11,,,1,197,,171482,11,,,1,202,,171483,11,,,1,200,,171484,11,,,1,200,,171485,11,,,1,209,,171486,11,,,1
3301,'20260719',1016,,171488,11,,,1,200,,171490,11,,,1,197,,171492,11,,,1,197,,171494,11,,,1,202,,171495,11,,,1,200,,171496,11,,,1,200,,171497,11,,,1,209,,171498,11,,,1
3301,'20260720',721,,171499,11,0,7 13,1,107,,171500,11,0,7 13,1,85,,171501,11,,,1,100,,171502,11,,,1,100,,171503,11,,,1,103,,171504,11,,,1,103,,171505,11,,,1,100,,171506,11,,,1,37,,171507,11,0,5 14 15 9,1,65,,171508,11,,,1,27,,171509,11,0,5 14 15 9,1,63,,171510,11,0,16 17 9,1,22,,171511,11,,,1,22,,171512,11,0,5 14 15 9,1,60,,171513,11,,,1,20,,171514,11,0,5 14 15 9,1,18,,171515,11,0,16 17 9,1,55,,171516,11,0,5 14 15 9,1,15,,171517,11,0,16 17 9,1,20,,171518,11,0,5 14 15 9,1,63,,171519,11,0,5 14 15 9,1,18,,171520,11,,,1,29,,171521,11,0,5 14 15 9,1,65,,171522,11,0,16 17 9,1,25,,171523,11,0,5 14 15 9,1,70,,171524,11,,,1,30,,171525,11,0,5 14 15 9,1,70,,171526,11,0,16 17 9,1,30,,171527,11,0,5 14 15 9,1,70,,171528,11,,,1,100,,171529,11,0,16 17 9,1,99,,171530,11,0,7 13,1
3301,'20260721',721,,171531,11,0,7 13,1,107,,171532,11,0,7 13,1,85,,171533,11,,,1,100,,171534,11,,,1,100,,171535,11,,,1,103,,171536,11,,,1,103,,171537,11,,,1,100,,171538,11,,,1,37,,171539,11,0,5 14 15 9,1,65,,171540,11,,,1,27,,171541,11,0,5 14 15 9,1,63,,171542,11,0,16 17 9,1,22,,171543,11,,,1,22,,171544,11,0,5 14 15 9,1,60,,171545,11,,,1,20,,171546,11,0,5 14 15 9,1,18,,171547,11,0,16 17 9,1,55,,171548,11,0,5 14 15 9,1,15,,171549,11,0,16 17 9,1,20,,171550,11,0,5 14 15 9,1,63,,171551,11,0,5 14 15 9,1,18,,171552,11,,,1,29,,171553,11,0,5 14 15 9,1,65,,171554,11,0,16 17 9,1,25,,171555,11,0,5 14 15 9,1,70,,171556,11,,,1,30,,171557,11,0,5 14 15 9,1,70,,171558,11,0,16 17 9,1,30,,171559,11,0,5 14 15 9,1,70,,171560,11,,,1,100,,171561,11,0,16 17 9,1,99,,171562,11,0,7 13,1
3301,'20260722',721,,171563,11,0,7 13,1,107,,171564,11,0,7 13,1,85,,171565,11,,,1,100,,171566,11,,,1,100,,171567,11,,,1,103,,171568,11,,,1,103,,171569,11,,,1,100,,171570,11,,,1,37,,171571,11,0,5 14 15 9,1,65,,171572,11,,,1,27,,171573,11,0,5 14 15 9,1,63,,171574,11,0,16 17 9,1,22,,171575,11,,,1,22,,171576,11,0,5 14 15 9,1,60,,171577,11,,,1,20,,171578,11,0,5 14 15 9,1,18,,171579,11,0,16 17 9,1,55,,171580,11,0,5 14 15 9,1,15,,171581,11,0,16 17 9,1,20,,171582,11,0,5 14 15 9,1,63,,171583,11,0,5 14 15 9,1,18,,171584,11,,,1,29,,171585,11,0,5 14 15 9,1,65,,171586,11,0,16 17 9,1,25,,171587,11,0,5 14 15 9,1,70,,171588,11,,,1,30,,171589,11,0,5 14 15 9,1,70,,171590,11,0,16 17 9,1,30,,171591,11,0,5 14 15 9,1,70,,171592,11,,,1,100,,171593,11,0,16 17 9,1,99,,171594,11,0,7 13,1
3301,'20260723',721,,171595,11,0,7 13,1,107,,171596,11,0,7 13,1,85,,171597,11,,,1,100,,171598,11,,,1,100,,171599,11,,,1,103,,171600,11,,,1,103,,171601,11,,,1,100,,171602,11,,,1,37,,171603,11,0,5 14 15 9,1,65,,171604,11,,,1,27,,171605,11,0,5 14 15 9,1,63,,171606,11,0,16 17 9,1,22,,171607,11,,,1,22,,171608,11,0,5 14 15 9,1,60,,171609,11,,,1,20,,171610,11,0,5 14 15 9,1,18,,171611,11,0,16 17 9,1,55,,171612,11,0,5 14 15 9,1,15,,171613,11,0,16 17 9,1,20,,171614,11,0,5 14 15 9,1,63,,171615,11,0,5 14 15 9,1,18,,171616,11,,,1,29,,171617,11,0,5 14 15 9,1,65,,171618,11,0,16 17 9,1,25,,171619,11,0,5 14 15 9,1,70,,171620,11,,,1,30,,171621,11,0,5 14 15 9,1,70,,171622,11,0,16 17 9,1,30,,171623,11,0,5 14 15 9,1,70,,171624,11,,,1,100,,171625,11,0,16 17 9,1,99,,171626,11,0,7 13,1
3301,'20260724',721,,171627,11,0,7 13,1,107,,171628,11,0,7 13,1,85,,171629,11,,,1,100,,171630,11,,,1,100,,171631,11,,,1,103,,171632,11,,,1,103,,171633,11,,,1,100,,171634,11,,,1,37,,171635,11,0,5 14 15 9,1,65,,171636,11,,,1,27,,171637,11,0,5 14 15 9,1,63,,171638,11,0,16 17 9,1,22,,171639,11,,,1,22,,171640,11,0,5 14 15 9,1,60,,171641,11,,,1,20,,171642,11,0,5 14 15 9,1,18,,171643,11,0,16 17 9,1,55,,171644,11,0,5 14 15 9,1,15,,171645,11,0,16 17 9,1,20,,171646,11,0,5 14 15 9,1,63,,171647,11,0,5 14 15 9,1,18,,171648,11,,,1,29,,171649,11,0,5 14 15 9,1,65,,171650,11,0,16 17 9,1,25,,171651,11,0,5 14 15 9,1,70,,171652,11,,,1,30,,171653,11,0,5 14 15 9,1,70,,171654,11,0,16 17 9,1,30,,171655,11,0,5 14 15 9,1,70,,171656,11,,,1,100,,171657,11,0,16 17 9,1,99,,171658,11,0,7 13,1
3301,'20260725',1016,,171660,11,,,1,200,,171662,11,,,1,197,,171664,11,,,1,197,,171666,11,,,1,202,,171667,11,,,1,200,,171668,11,,,1,200,,171669,11,,,1,209,,171670,11,,,1
3301,'20260726',1016,,171672,11,,,1,200,,171674,11,,,1,197,,171676,11,,,1,197,,171678,11,,,1,202,,171679,11,,,1,200,,171680,11,,,1,200,,171681,11,,,1,209,,171682,11,,,1
3301,'20260727',721,,171683,11,0,7 13,1,107,,171684,11,0,7 13,1,85,,171685,11,,,1,100,,171686,11,,,1,100,,171687,11,,,1,103,,171688,11,,,1,103,,171689,11,,,1,100,,171690,11,,,1,37,,171691,11,0,5 14 15 9,1,65,,171692,11,,,1,27,,171693,11,0,5 14 15 9,1,63,,171694,11,0,16 17 9,1,22,,171695,11,,,1,22,,171696,11,0,5 14 15 9,1,60,,171697,11,,,1,20,,171698,11,0,5 14 15 9,1,18,,171699,11,0,16 17 9,1,55,,171700,11,0,5 14 15 9,1,15,,171701,11,0,16 17 9,1,20,,171702,11,0,5 14 15 9,1,63,,171703,11,0,5 14 15 9,1,18,,171704,11,,,1,29,,171705,11,0,5 14 15 9,1,65,,171706,11,0,16 17 9,1,25,,171707,11,0,5 14 15 9,1,70,,171708,11,,,1,30,,171709,11,0,5 14 15 9,1,70,,171710,11,0,16 17 9,1,30,,171711,11,0,5 14 15 9,1,70,,171712,11,,,1,100,,171713,11,0,16 17 9,1,99,,171714,11,0,7 13,1
3301,'20260728',721,,171715,11,0,7 13,1,107,,171716,11,0,7 13,1,85,,171717,11,,,1,100,,171718,11,,,1,100,,171719,11,,,1,103,,171720,11,,,1,103,,171721,11,,,1,100,,171722,11,,,1,37,,171723,11,0,5 14 15 9,1,65,,171724,11,,,1,27,,171725,11,0,5 14 15 9,1,63,,171726,11,0,16 17 9,1,22,,171727,11,,,1,22,,171728,11,0,5 14 15 9,1,60,,171729,11,,,1,20,,171730,11,0,5 14 15 9,1,18,,171731,11,0,16 17 9,1,55,,171732,11,0,5 14 15 9,1,15,,171733,11,0,16 17 9,1,20,,171734,11,0,5 14 15 9,1,63,,171735,11,0,5 14 15 9,1,18,,171736,11,,,1,29,,171737,11,0,5 14 15 9,1,65,,171738,11,0,16 17 9,1,25,,171739,11,0,5 14 15 9,1,70,,171740,11,,,1,30,,171741,11,0,5 14 15 9,1,70,,171742,11,0,16 17 9,1,30,,171743,11,0,5 14 15 9,1,70,,171744,11,,,1,100,,171745,11,0,16 17 9,1,99,,171746,11,0,7 13,1
3301,'20260729',721,,171747,11,0,7 13,1,107,,171748,11,0,7 13,1,85,,171749,11,,,1,100,,171750,11,,,1,100,,171751,11,,,1,103,,171752,11,,,1,103,,171753,11,,,1,100,,171754,11,,,1,37,,171755,11,0,5 14 15 9,1,65,,171756,11,,,1,27,,171757,11,0,5 14 15 9,1,63,,171758,11,0,16 17 9,1,22,,171759,11,,,1,22,,171760,11,0,5 14 15 9,1,60,,171761,11,,,1,20,,171762,11,0,5 14 15 9,1,18,,171763,11,0,16 17 9,1,55,,171764,11,0,5 14 15 9,1,15,,171765,11,0,16 17 9,1,20,,171766,11,0,5 14 15 9,1,63,,171767,11,0,5 14 15 9,1,18,,171768,11,,,1,29,,171769,11,0,5 14 15 9,1,65,,171770,11,0,16 17 9,1,25,,171771,11,0,5 14 15 9,1,70,,171772,11,,,1,30,,171773,11,0,5 14 15 9,1,70,,171774,11,0,16 17 9,1,30,,171775,11,0,5 14 15 9,1,70,,171776,11,,,1,100,,171777,11,0,16 17 9,1,99,,171778,11,0,7 13,1
3301,'20260730',721,,171779,11,0,7 13,1,107,,171780,11,0,7 13,1,85,,171781,11,,,1,100,,171782,11,,,1,100,,171783,11,,,1,103,,171784,11,,,1,103,,171785,11,,,1,100,,171786,11,,,1,37,,171787,11,0,5 14 15 9,1,65,,171788,11,,,1,27,,171789,11,0,5 14 15 9,1,63,,171790,11,0,16 17 9,1,22,,171791,11,,,1,22,,171792,11,0,5 14 15 9,1,60,,171793,11,,,1,20,,171794,11,0,5 14 15 9,1,18,,171795,11,0,16 17 9,1,55,,171796,11,0,5 14 15 9,1,15,,171797,11,0,16 17 9,1,20,,171798,11,0,5 14 15 9,1,63,,171799,11,0,5 14 15 9,1,18,,171800,11,,,1,29,,171801,11,0,5 14 15 9,1,65,,171802,11,0,16 17 9,1,25,,171803,11,0,5 14 15 9,1,70,,171804,11,,,1,30,,171805,11,0,5 14 15 9,1,70,,171806,11,0,16 17 9,1,30,,171807,11,0,5 14 15 9,1,70,,171808,11,,,1,100,,171809,11,0,16 17 9,1,99,,171810,11,0,7 13,1
3301,'20260731',721,,171811,11,0,7 13,1,107,,171812,11,0,7 13,1,85,,171813,11,,,1,100,,171814,11,,,1,100,,171815,11,,,1,103,,171816,11,,,1,103,,171817,11,,,1,100,,171818,11,,,1,37,,171819,11,0,5 14 15 9,1,65,,171820,11,,,1,27,,171821,11,0,5 14 15 9,1,63,,171822,11,0,16 17 9,1,22,,171823,11,,,1,22,,171824,11,0,5 14 15 9,1,60,,171825,11,,,1,20,,171826,11,0,5 14 15 9,1,18,,171827,11,0,16 17 9,1,55,,171828,11,0,5 14 15 9,1,15,,171829,11,0,16 17 9,1,20,,171830,11,0,5 14 15 9,1,63,,171831,11,0,5 14 15 9,1,18,,171832,11,,,1,29,,171833,11,0,5 14 15 9,1,65,,171834,11,0,16 17 9,1,25,,171835,11,0,5 14 15 9,1,70,,171836,11,,,1,30,,171837,11,0,5 14 15 9,1,70,,171838,11,0,16 17 9,1,30,,171839,11,0,5 14 15 9,1,70,,171840,11,,,1,100,,171841,11,0,16 17 9,1,99,,171842,11,0,7 13,1
3301,'20260801',1016,,171844,11,,,1,200,,171846,11,,,1,197,,171848,11,,,1,197,,171850,11,,,1,202,,171851,11,,,1,200,,171852,11,,,1,200,,171853,11,,,1,209,,171854,11,,,1
3301,'20260802',1016,,171856,11,,,1,200,,171858,11,,,1,197,,171860,11,,,1,197,,171862,11,,,1,202,,171863,11,,,1,200,,171864,11,,,1,200,,171865,11,,,1,209,,171866,11,,,1
3301,'20260803',1016,,171868,11,,,1,200,,171870,11,,,1,197,,171872,11,,,1,197,,171874,11,,,1,202,,171875,11,,,1,200,,171876,11,,,1,200,,171877,11,,,1,209,,171878,11,,,1
3301,'20260804',721,,171879,11,0,7 13,1,107,,171880,11,0,7 13,1,85,,171881,11,,,1,100,,171882,11,,,1,100,,171883,11,,,1,103,,171884,11,,,1,103,,171885,11,,,1,100,,171886,11,,,1,37,,171887,11,0,5 14 15 9,1,65,,171888,11,,,1,27,,171889,11,0,5 14 15 9,1,63,,171890,11,0,16 17 9,1,22,,171891,11,,,1,22,,171892,11,0,5 14 15 9,1,60,,171893,11,,,1,20,,171894,11,0,5 14 15 9,1,18,,171895,11,0,16 17 9,1,55,,171896,11,0,5 14 15 9,1,15,,171897,11,0,16 17 9,1,20,,171898,11,0,5 14 15 9,1,63,,171899,11,0,5 14 15 9,1,18,,171900,11,,,1,29,,171901,11,0,5 14 15 9,1,65,,171902,11,0,16 17 9,1,25,,171903,11,0,5 14 15 9,1,70,,171904,11,,,1,30,,171905,11,0,5 14 15 9,1,70,,171906,11,0,16 17 9,1,30,,171907,11,0,5 14 15 9,1,70,,171908,11,,,1,100,,171909,11,0,16 17 9,1,99,,171910,11,0,7 13,1
3301,'20260805',721,,171911,11,0,7 13,1,107,,171912,11,0,7 13,1,85,,171913,11,,,1,100,,171914,11,,,1,100,,171915,11,,,1,103,,171916,11,,,1,103,,171917,11,,,1,100,,171918,11,,,1,37,,171919,11,0,5 14 15 9,1,65,,171920,11,,,1,27,,171921,11,0,5 14 15 9,1,63,,171922,11,0,16 17 9,1,22,,171923,11,,,1,22,,171924,11,0,5 14 15 9,1,60,,171925,11,,,1,20,,171926,11,0,5 14 15 9,1,18,,171927,11,0,16 17 9,1,55,,171928,11,0,5 14 15 9,1,15,,171929,11,0,16 17 9,1,20,,171930,11,0,5 14 15 9,1,63,,171931,11,0,5 14 15 9,1,18,,171932,11,,,1,29,,171933,11,0,5 14 15 9,1,65,,171934,11,0,16 17 9,1,25,,171935,11,0,5 14 15 9,1,70,,171936,11,,,1,30,,171937,11,0,5 14 15 9,1,70,,171938,11,0,16 17 9,1,30,,171939,11,0,5 14 15 9,1,70,,171940,11,,,1,100,,171941,11,0,16 17 9,1,99,,171942,11,0,7 13,1
3301,'20260806',721,,171943,11,0,7 13,1,107,,171944,11,0,7 13,1,85,,171945,11,,,1,100,,171946,11,,,1,100,,171947,11,,,1,103,,171948,11,,,1,103,,171949,11,,,1,100,,171950,11,,,1,37,,171951,11,0,5 14 15 9,1,65,,171952,11,,,1,27,,171953,11,0,5 14 15 9,1,63,,171954,11,0,16 17 9,1,22,,171955,11,,,1,22,,171956,11,0,5 14 15 9,1,60,,171957,11,,,1,20,,171958,11,0,5 14 15 9,1,18,,171959,11,0,16 17 9,1,55,,171960,11,0,5 14 15 9,1,15,,171961,11,0,16 17 9,1,20,,171962,11,0,5 14 15 9,1,63,,171963,11,0,5 14 15 9,1,18,,171964,11,,,1,29,,171965,11,0,5 14 15 9,1,65,,171966,11,0,16 17 9,1,25,,171967,11,0,5 14 15 9,1,70,,171968,11,,,1,30,,171969,11,0,5 14 15 9,1,70,,171970,11,0,16 17 9,1,30,,171971,11,0,5 14 15 9,1,70,,171972,11,,,1,100,,171973,11,0,16 17 9,1,99,,171974,11,0,7 13,1
3301,'20260807',721,,171975,11,0,7 13,1,107,,171976,11,0,7 13,1,85,,171977,11,,,1,100,,171978,11,,,1,100,,171979,11,,,1,103,,171980,11,,,1,103,,171981,11,,,1,100,,171982,11,,,1,37,,171983,11,0,5 14 15 9,1,65,,171984,11,,,1,27,,171985,11,0,5 14 15 9,1,63,,171986,11,0,16 17 9,1,22,,171987,11,,,1,22,,171988,11,0,5 14 15 9,1,60,,171989,11,,,1,20,,171990,11,0,5 14 15 9,1,18,,171991,11,0,16 17 9,1,55,,171992,11,0,5 14 15 9,1,15,,171993,11,0,16 17 9,1,20,,171994,11,0,5 14 15 9,1,63,,171995,11,0,5 14 15 9,1,18,,171996,11,,,1,29,,171997,11,0,5 14 15 9,1,65,,171998,11,0,16 17 9,1,25,,171999,11,0,5 14 15 9,1,70,,172000,11,,,1,30,,172001,11,0,5 14 15 9,1,70,,172002,11,0,16 17 9,1,30,,172003,11,0,5 14 15 9,1,70,,172004,11,,,1,100,,172005,11,0,16 17 9,1,99,,172006,11,0,7 13,1
3301,'20260808',1016,,172008,11,,,1,200,,172010,11,,,1,197,,172012,11,,,1,197,,172014,11,,,1,202,,172015,11,,,1,200,,172016,11,,,1,200,,172017,11,,,1,209,,172018,11,,,1
3301,'20260809',1016,,172020,11,,,1,200,,172022,11,,,1,197,,172024,11,,,1,197,,172026,11,,,1,202,,172027,11,,,1,200,,172028,11,,,1,200,,172029,11,,,1,209,,172030,11,,,1
3301,'20260810',721,,172031,11,0,7 13,1,107,,172032,11,0,7 13,1,85,,172033,11,,,1,100,,172034,11,,,1,100,,172035,11,,,1,103,,172036,11,,,1,103,,172037,11,,,1,100,,172038,11,,,1,37,,172039,11,0,5 14 15 9,1,65,,172040,11,,,1,27,,172041,11,0,5 14 15 9,1,63,,172042,11,0,16 17 9,1,22,,172043,11,,,1,22,,172044,11,0,5 14 15 9,1,60,,172045,11,,,1,20,,172046,11,0,5 14 15 9,1,18,,172047,11,0,16 17 9,1,55,,172048,11,0,5 14 15 9,1,15,,172049,11,0,16 17 9,1,20,,172050,11,0,5 14 15 9,1,63,,172051,11,0,5 14 15 9,1,18,,172052,11,,,1,29,,172053,11,0,5 14 15 9,1,65,,172054,11,0,16 17 9,1,25,,172055,11,0,5 14 15 9,1,70,,172056,11,,,1,30,,172057,11,0,5 14 15 9,1,70,,172058,11,0,16 17 9,1,30,,172059,11,0,5 14 15 9,1,70,,172060,11,,,1,100,,172061,11,0,16 17 9,1,99,,172062,11,0,7 13,1
3301,'20260811',721,,172063,11,0,7 13,1,107,,172064,11,0,7 13,1,85,,172065,11,,,1,100,,172066,11,,,1,100,,172067,11,,,1,103,,172068,11,,,1,103,,172069,11,,,1,100,,172070,11,,,1,37,,172071,11,0,5 14 15 9,1,65,,172072,11,,,1,27,,172073,11,0,5 14 15 9,1,63,,172074,11,0,16 17 9,1,22,,172075,11,,,1,22,,172076,11,0,5 14 15 9,1,60,,172077,11,,,1,20,,172078,11,0,5 14 15 9,1,18,,172079,11,0,16 17 9,1,55,,172080,11,0,5 14 15 9,1,15,,172081,11,0,16 17 9,1,20,,172082,11,0,5 14 15 9,1,63,,172083,11,0,5 14 15 9,1,18,,172084,11,,,1,29,,172085,11,0,5 14 15 9,1,65,,172086,11,0,16 17 9,1,25,,172087,11,0,5 14 15 9,1,70,,172088,11,,,1,30,,172089,11,0,5 14 15 9,1,70,,172090,11,0,16 17 9,1,30,,172091,11,0,5 14 15 9,1,70,,172092,11,,,1,100,,172093,11,0,16 17 9,1,99,,172094,11,0,7 13,1
3301,'20260812',721,,172095,11,0,7 13,1,107,,172096,11,0,7 13,1,85,,172097,11,,,1,100,,172098,11,,,1,100,,172099,11,,,1,103,,172100,11,,,1,103,,172101,11,,,1,100,,172102,11,,,1,37,,172103,11,0,5 14 15 9,1,65,,172104,11,,,1,27,,172105,11,0,5 14 15 9,1,63,,172106,11,0,16 17 9,1,22,,172107,11,,,1,22,,172108,11,0,5 14 15 9,1,60,,172109,11,,,1,20,,172110,11,0,5 14 15 9,1,18,,172111,11,0,16 17 9,1,55,,172112,11,0,5 14 15 9,1,15,,172113,11,0,16 17 9,1,20,,172114,11,0,5 14 15 9,1,63,,172115,11,0,5 14 15 9,1,18,,172116,11,,,1,29,,172117,11,0,5 14 15 9,1,65,,172118,11,0,16 17 9,1,25,,172119,11,0,5 14 15 9,1,70,,172120,11,,,1,30,,172121,11,0,5 14 15 9,1,70,,172122,11,0,16 17 9,1,30,,172123,11,0,5 14 15 9,1,70,,172124,11,,,1,100,,172125,11,0,16 17 9,1,99,,172126,11,0,7 13,1
3301,'20260813',721,,172127,11,0,7 13,1,107,,172128,11,0,7 13,1,85,,172129,11,,,1,100,,172130,11,,,1,100,,172131,11,,,1,103,,172132,11,,,1,103,,172133,11,,,1,100,,172134,11,,,1,37,,172135,11,0,5 14 15 9,1,65,,172136,11,,,1,27,,172137,11,0,5 14 15 9,1,63,,172138,11,0,16 17 9,1,22,,172139,11,,,1,22,,172140,11,0,5 14 15 9,1,60,,172141,11,,,1,20,,172142,11,0,5 14 15 9,1,18,,172143,11,0,16 17 9,1,55,,172144,11,0,5 14 15 9,1,15,,172145,11,0,16 17 9,1,20,,172146,11,0,5 14 15 9,1,63,,172147,11,0,5 14 15 9,1,18,,172148,11,,,1,29,,172149,11,0,5 14 15 9,1,65,,172150,11,0,16 17 9,1,25,,172151,11,0,5 14 15 9,1,70,,172152,11,,,1,30,,172153,11,0,5 14 15 9,1,70,,172154,11,0,16 17 9,1,30,,172155,11,0,5 14 15 9,1,70,,172156,11,,,1,100,,172157,11,0,16 17 9,1,99,,172158,11,0,7 13,1
3301,'20260814',721,,172159,11,0,7 13,1,107,,172160,11,0,7 13,1,85,,172161,11,,,1,100,,172162,11,,,1,100,,172163,11,,,1,103,,172164,11,,,1,103,,172165,11,,,1,100,,172166,11,,,1,37,,172167,11,0,5 14 15 9,1,65,,172168,11,,,1,27,,172169,11,0,5 14 15 9,1,63,,172170,11,0,16 17 9,1,22,,172171,11,,,1,22,,172172,11,0,5 14 15 9,1,60,,172173,11,,,1,20,,172174,11,0,5 14 15 9,1,18,,172175,11,0,16 17 9,1,55,,172176,11,0,5 14 15 9,1,15,,172177,11,0,16 17 9,1,20,,172178,11,0,5 14 15 9,1,63,,172179,11,0,5 14 15 9,1,18,,172180,11,,,1,29,,172181,11,0,5 14 15 9,1,65,,172182,11,0,16 17 9,1,25,,172183,11,0,5 14 15 9,1,70,,172184,11,,,1,30,,172185,11,0,5 14 15 9,1,70,,172186,11,0,16 17 9,1,30,,172187,11,0,5 14 15 9,1,70,,172188,11,,,1,100,,172189,11,0,16 17 9,1,99,,172190,11,0,7 13,1
3301,'20260815',1016,,172192,11,,,1,200,,172194,11,,,1,197,,172196,11,,,1,197,,172198,11,,,1,202,,172199,11,,,1,200,,172200,11,,,1,200,,172201,11,,,1,209,,172202,11,,,1
3301,'20260816',1016,,172204,11,,,1,200,,172206,11,,,1,197,,172208,11,,,1,197,,172210,11,,,1,202,,172211,11,,,1,200,,172212,11,,,1,200,,172213,11,,,1,209,,172214,11,,,1
3301,'20260817',721,,172215,11,0,7 13,1,107,,172216,11,0,7 13,1,85,,172217,11,,,1,100,,172218,11,,,1,100,,172219,11,,,1,103,,172220,11,,,1,103,,172221,11,,,1,100,,172222,11,,,1,37,,172223,11,0,5 14 15 9,1,65,,172224,11,,,1,27,,172225,11,0,5 14 15 9,1,63,,172226,11,0,16 17 9,1,22,,172227,11,,,1,22,,172228,11,0,5 14 15 9,1,60,,172229,11,,,1,20,,172230,11,0,5 14 15 9,1,18,,172231,11,0,16 17 9,1,55,,172232,11,0,5 14 15 9,1,15,,172233,11,0,16 17 9,1,20,,172234,11,0,5 14 15 9,1,63,,172235,11,0,5 14 15 9,1,18,,172236,11,,,1,29,,172237,11,0,5 14 15 9,1,65,,172238,11,0,16 17 9,1,25,,172239,11,0,5 14 15 9,1,70,,172240,11,,,1,30,,172241,11,0,5 14 15 9,1,70,,172242,11,0,16 17 9,1,30,,172243,11,0,5 14 15 9,1,70,,172244,11,,,1,100,,172245,11,0,16 17 9,1,99,,172246,11,0,7 13,1
3301,'20260818',721,,172247,11,0,7 13,1,107,,172248,11,0,7 13,1,85,,172249,11,,,1,100,,172250,11,,,1,100,,172251,11,,,1,103,,172252,11,,,1,103,,172253,11,,,1,100,,172254,11,,,1,37,,172255,11,0,5 14 15 9,1,65,,172256,11,,,1,27,,172257,11,0,5 14 15 9,1,63,,172258,11,0,16 17 9,1,22,,172259,11,,,1,22,,172260,11,0,5 14 15 9,1,60,,172261,11,,,1,20,,172262,11,0,5 14 15 9,1,18,,172263,11,0,16 17 9,1,55,,172264,11,0,5 14 15 9,1,15,,172265,11,0,16 17 9,1,20,,172266,11,0,5 14 15 9,1,63,,172267,11,0,5 14 15 9,1,18,,172268,11,,,1,29,,172269,11,0,5 14 15 9,1,65,,172270,11,0,16 17 9,1,25,,172271,11,0,5 14 15 9,1,70,,172272,11,,,1,30,,172273,11,0,5 14 15 9,1,70,,172274,11,0,16 17 9,1,30,,172275,11,0,5 14 15 9,1,70,,172276,11,,,1,100,,172277,11,0,16 17 9,1,99,,172278,11,0,7 13,1
3301,'20260819',721,,172279,11,0,7 13,1,107,,172280,11,0,7 13,1,85,,172281,11,,,1,100,,172282,11,,,1,100,,172283,11,,,1,103,,172284,11,,,1,103,,172285,11,,,1,100,,172286,11,,,1,37,,172287,11,0,5 14 15 9,1,65,,172288,11,,,1,27,,172289,11,0,5 14 15 9,1,63,,172290,11,0,16 17 9,1,22,,172291,11,,,1,22,,172292,11,0,5 14 15 9,1,60,,172293,11,,,1,20,,172294,11,0,5 14 15 9,1,18,,172295,11,0,16 17 9,1,55,,172296,11,0,5 14 15 9,1,15,,172297,11,0,16 17 9,1,20,,172298,11,0,5 14 15 9,1,63,,172299,11,0,5 14 15 9,1,18,,172300,11,,,1,29,,172301,11,0,5 14 15 9,1,65,,172302,11,0,16 17 9,1,25,,172303,11,0,5 14 15 9,1,70,,172304,11,,,1,30,,172305,11,0,5 14 15 9,1,70,,172306,11,0,16 17 9,1,30,,172307,11,0,5 14 15 9,1,70,,172308,11,,,1,100,,172309,11,0,16 17 9,1,99,,172310,11,0,7 13,1
3301,'20260820',721,,172311,11,0,7 13,1,107,,172312,11,0,7 13,1,85,,172313,11,,,1,100,,172314,11,,,1,100,,172315,11,,,1,103,,172316,11,,,1,103,,172317,11,,,1,100,,172318,11,,,1,37,,172319,11,0,5 14 15 9,1,65,,172320,11,,,1,27,,172321,11,0,5 14 15 9,1,63,,172322,11,0,16 17 9,1,22,,172323,11,,,1,22,,172324,11,0,5 14 15 9,1,60,,172325,11,,,1,20,,172326,11,0,5 14 15 9,1,18,,172327,11,0,16 17 9,1,55,,172328,11,0,5 14 15 9,1,15,,172329,11,0,16 17 9,1,20,,172330,11,0,5 14 15 9,1,63,,172331,11,0,5 14 15 9,1,18,,172332,11,,,1,29,,172333,11,0,5 14 15 9,1,65,,172334,11,0,16 17 9,1,25,,172335,11,0,5 14 15 9,1,70,,172336,11,,,1,30,,172337,11,0,5 14 15 9,1,70,,172338,11,0,16 17 9,1,30,,172339,11,0,5 14 15 9,1,70,,172340,11,,,1,100,,172341,11,0,16 17 9,1,99,,172342,11,0,7 13,1
3301,'20260821',721,,172343,11,0,7 13,1,107,,172344,11,0,7 13,1,85,,172345,11,,,1,100,,172346,11,,,1,100,,172347,11,,,1,103,,172348,11,,,1,103,,172349,11,,,1,100,,172350,11,,,1,37,,172351,11,0,5 14 15 9,1,65,,172352,11,,,1,27,,172353,11,0,5 14 15 9,1,63,,172354,11,0,16 17 9,1,22,,172355,11,,,1,22,,172356,11,0,5 14 15 9,1,60,,172357,11,,,1,20,,172358,11,0,5 14 15 9,1,18,,172359,11,0,16 17 9,1,55,,172360,11,0,5 14 15 9,1,15,,172361,11,0,16 17 9,1,20,,172362,11,0,5 14 15 9,1,63,,172363,11,0,5 14 15 9,1,18,,172364,11,,,1,29,,172365,11,0,5 14 15 9,1,65,,172366,11,0,16 17 9,1,25,,172367,11,0,5 14 15 9,1,70,,172368,11,,,1,30,,172369,11,0,5 14 15 9,1,70,,172370,11,0,16 17 9,1,30,,172371,11,0,5 14 15 9,1,70,,172372,11,,,1,100,,172373,11,0,16 17 9,1,99,,172374,11,0,7 13,1
3301,'20260822',1016,,172376,11,,,1,200,,172378,11,,,1,197,,172380,11,,,1,197,,172382,11,,,1,202,,172383,11,,,1,200,,172384,11,,,1,200,,172385,11,,,1,209,,172386,11,,,1
3301,'20260823',1016,,172388,11,,,1,200,,172390,11,,,1,197,,172392,11,,,1,197,,172394,11,,,1,202,,172395,11,,,1,200,,172396,11,,,1,200,,172397,11,,,1,209,,172398,11,,,1
3301,'20260824',721,,172399,11,0,7 13,1,107,,172400,11,0,7 13,1,85,,172401,11,,,1,100,,172402,11,,,1,100,,172403,11,,,1,103,,172404,11,,,1,103,,172405,11,,,1,100,,172406,11,,,1,37,,172407,11,0,5 14 15 9,1,65,,172408,11,,,1,27,,172409,11,0,5 14 15 9,1,63,,172410,11,0,16 17 9,1,22,,172411,11,,,1,22,,172412,11,0,5 14 15 9,1,60,,172413,11,,,1,20,,172414,11,0,5 14 15 9,1,18,,172415,11,0,16 17 9,1,55,,172416,11,0,5 14 15 9,1,15,,172417,11,0,16 17 9,1,20,,172418,11,0,5 14 15 9,1,63,,172419,11,0,5 14 15 9,1,18,,172420,11,,,1,29,,172421,11,0,5 14 15 9,1,65,,172422,11,0,16 17 9,1,25,,172423,11,0,5 14 15 9,1,70,,172424,11,,,1,30,,172425,11,0,5 14 15 9,1,70,,172426,11,0,16 17 9,1,30,,172427,11,0,5 14 15 9,1,70,,172428,11,,,1,100,,172429,11,0,16 17 9,1,99,,172430,11,0,7 13,1
3301,'20260825',721,,172431,11,0,7 13,1,107,,172432,11,0,7 13,1,85,,172433,11,,,1,100,,172434,11,,,1,100,,172435,11,,,1,103,,172436,11,,,1,103,,172437,11,,,1,100,,172438,11,,,1,37,,172439,11,0,5 14 15 9,1,65,,172440,11,,,1,27,,172441,11,0,5 14 15 9,1,63,,172442,11,0,16 17 9,1,22,,172443,11,,,1,22,,172444,11,0,5 14 15 9,1,60,,172445,11,,,1,20,,172446,11,0,5 14 15 9,1,18,,172447,11,0,16 17 9,1,55,,172448,11,0,5 14 15 9,1,15,,172449,11,0,16 17 9,1,20,,172450,11,0,5 14 15 9,1,63,,172451,11,0,5 14 15 9,1,18,,172452,11,,,1,29,,172453,11,0,5 14 15 9,1,65,,172454,11,0,16 17 9,1,25,,172455,11,0,5 14 15 9,1,70,,172456,11,,,1,30,,172457,11,0,5 14 15 9,1,70,,172458,11,0,16 17 9,1,30,,172459,11,0,5 14 15 9,1,70,,172460,11,,,1,100,,172461,11,0,16 17 9,1,99,,172462,11,0,7 13,1
3301,'20260826',721,,172463,11,0,7 13,1,107,,172464,11,0,7 13,1,85,,172465,11,,,1,100,,172466,11,,,1,100,,172467,11,,,1,103,,172468,11,,,1,103,,172469,11,,,1,100,,172470,11,,,1,37,,172471,11,0,5 14 15 9,1,65,,172472,11,,,1,27,,172473,11,0,5 14 15 9,1,63,,172474,11,0,16 17 9,1,22,,172475,11,,,1,22,,172476,11,0,5 14 15 9,1,60,,172477,11,,,1,20,,172478,11,0,5 14 15 9,1,18,,172479,11,0,16 17 9,1,55,,172480,11,0,5 14 15 9,1,15,,172481,11,0,16 17 9,1,20,,172482,11,0,5 14 15 9,1,63,,172483,11,0,5 14 15 9,1,18,,172484,11,,,1,29,,172485,11,0,5 14 15 9,1,65,,172486,11,0,16 17 9,1,25,,172487,11,0,5 14 15 9,1,70,,172488,11,,,1,30,,172489,11,0,5 14 15 9,1,70,,172490,11,0,16 17 9,1,30,,172491,11,0,5 14 15 9,1,70,,172492,11,,,1,100,,172493,11,0,16 17 9,1,99,,172494,11,0,7 13,1
3301,'20260827',721,,172495,11,0,7 13,1,107,,172496,11,0,7 13,1,85,,172497,11,,,1,100,,172498,11,,,1,100,,172499,11,,,1,103,,172500,11,,,1,103,,172501,11,,,1,100,,172502,11,,,1,37,,172503,11,0,5 14 15 9,1,65,,172504,11,,,1,27,,172505,11,0,5 14 15 9,1,63,,172506,11,0,16 17 9,1,22,,172507,11,,,1,22,,172508,11,0,5 14 15 9,1,60,,172509,11,,,1,20,,172510,11,0,5 14 15 9,1,18,,172511,11,0,16 17 9,1,55,,172512,11,0,5 14 15 9,1,15,,172513,11,0,16 17 9,1,20,,172514,11,0,5 14 15 9,1,63,,172515,11,0,5 14 15 9,1,18,,172516,11,,,1,29,,172517,11,0,5 14 15 9,1,65,,172518,11,0,16 17 9,1,25,,172519,11,0,5 14 15 9,1,70,,172520,11,,,1,30,,172521,11,0,5 14 15 9,1,70,,172522,11,0,16 17 9,1,30,,172523,11,0,5 14 15 9,1,70,,172524,11,,,1,100,,172525,11,0,16 17 9,1,99,,172526,11,0,7 13,1
3301,'20260828',721,,172527,11,0,7 13,1,107,,172528,11,0,7 13,1,85,,172529,11,,,1,100,,172530,11,,,1,100,,172531,11,,,1,103,,172532,11,,,1,103,,172533,11,,,1,100,,172534,11,,,1,37,,172535,11,0,5 14 15 9,1,65,,172536,11,,,1,27,,172537,11,0,5 14 15 9,1,63,,172538,11,0,16 17 9,1,22,,172539,11,,,1,22,,172540,11,0,5 14 15 9,1,60,,172541,11,,,1,20,,172542,11,0,5 14 15 9,1,18,,172543,11,0,16 17 9,1,55,,172544,11,0,5 14 15 9,1,15,,172545,11,0,16 17 9,1,20,,172546,11,0,5 14 15 9,1,63,,172547,11,0,5 14 15 9,1,18,,172548,11,,,1,29,,172549,11,0,5 14 15 9,1,65,,172550,11,0,16 17 9,1,25,,172551,11,0,5 14 15 9,1,70,,172552,11,,,1,30,,172553,11,0,5 14 15 9,1,70,,172554,11,0,16 17 9,1,30,,172555,11,0,5 14 15 9,1,70,,172556,11,,,1,100,,172557,11,0,16 17 9,1,99,,172558,11,0,7 13,1
3301,'20260829',1016,,172560,11,,,1,200,,172562,11,,,1,197,,172564,11,,,1,197,,172566,11,,,1,202,,172567,11,,,1,200,,172568,11,,,1,200,,172569,11,,,1,209,,172570,11,,,1
3301,'20260830',1016,,172572,11,,,1,200,,172574,11,,,1,197,,172576,11,,,1,197,,172578,11,,,1,202,,172579,11,,,1,200,,172580,11,,,1,200,,172581,11,,,1,209,,172582,11,,,1
3301,'20260831',721,,172583,11,0,7 13,1,107,,172584,11,0,7 13,1,85,,172585,11,,,1,100,,172586,11,,,1,100,,172587,11,,,1,103,,172588,11,,,1,103,,172589,11,,,1,100,,172590,11,,,1,37,,172591,11,0,5 14 15 9,1,65,,172592,11,,,1,27,,172593,11,0,5 14 15 9,1,63,,172594,11,0,16 17 9,1,22,,172595,11,,,1,22,,172596,11,0,5 14 15 9,1,60,,172597,11,,,1,20,,172598,11,0,5 14 15 9,1,18,,172599,11,0,16 17 9,1,55,,172600,11,0,5 14 15 9,1,15,,172601,11,0,16 17 9,1,20,,172602,11,0,5 14 15 9,1,63,,172603,11,0,5 14 15 9,1,18,,172604,11,,,1,29,,172605,11,0,5 14 15 9,1,65,,172606,11,0,16 17 9,1,25,,172607,11,0,5 14 15 9,1,70,,172608,11,,,1,30,,172609,11,0,5 14 15 9,1,70,,172610,11,0,16 17 9,1,30,,172611,11,0,5 14 15 9,1,70,,172612,11,,,1,100,,172613,11,0,16 17 9,1,99,,172614,11,0,7 13,1
3301,'20260901',721,,172615,11,0,7 13,1,107,,172616,11,0,7 13,1,85,,172617,11,,,1,100,,172618,11,,,1,100,,172619,11,,,1,103,,172620,11,,,1,103,,172621,11,,,1,100,,172622,11,,,1,37,,172623,11,0,5 14 15 9,1,65,,172624,11,,,1,27,,172625,11,0,5 14 15 9,1,63,,172626,11,0,16 17 9,1,22,,172627,11,,,1,22,,172628,11,0,5 14 15 9,1,60,,172629,11,,,1,20,,172630,11,0,5 14 15 9,1,18,,172631,11,0,16 17 9,1,55,,172632,11,0,5 14 15 9,1,15,,172633,11,0,16 17 9,1,20,,172634,11,0,5 14 15 9,1,63,,172635,11,0,5 14 15 9,1,18,,172636,11,,,1,29,,172637,11,0,5 14 15 9,1,65,,172638,11,0,16 17 9,1,25,,172639,11,0,5 14 15 9,1,70,,172640,11,,,1,30,,172641,11,0,5 14 15 9,1,70,,172642,11,0,16 17 9,1,30,,172643,11,0,5 14 15 9,1,70,,172644,11,,,1,100,,172645,11,0,16 17 9,1,99,,172646,11,0,7 13,1
3301,'20260902',721,,172647,11,0,7 13,1,107,,172648,11,0,7 13,1,85,,172649,11,,,1,100,,172650,11,,,1,100,,172651,11,,,1,103,,172652,11,,,1,103,,172653,11,,,1,100,,172654,11,,,1,37,,172655,11,0,5 14 15 9,1,65,,172656,11,,,1,27,,172657,11,0,5 14 15 9,1,63,,172658,11,0,16 17 9,1,22,,172659,11,,,1,22,,172660,11,0,5 14 15 9,1,60,,172661,11,,,1,20,,172662,11,0,5 14 15 9,1,18,,172663,11,0,16 17 9,1,55,,172664,11,0,5 14 15 9,1,15,,172665,11,0,16 17 9,1,20,,172666,11,0,5 14 15 9,1,63,,172667,11,0,5 14 15 9,1,18,,172668,11,,,1,29,,172669,11,0,5 14 15 9,1,65,,172670,11,0,16 17 9,1,25,,172671,11,0,5 14 15 9,1,70,,172672,11,,,1,30,,172673,11,0,5 14 15 9,1,70,,172674,11,0,16 17 9,1,30,,172675,11,0,5 14 15 9,1,70,,172676,11,,,1,100,,172677,11,0,16 17 9,1,99,,172678,11,0,7 13,1
3301,'20260903',721,,172679,11,0,7 13,1,107,,172680,11,0,7 13,1,85,,172681,11,,,1,100,,172682,11,,,1,100,,172683,11,,,1,103,,172684,11,,,1,103,,172685,11,,,1,100,,172686,11,,,1,37,,172687,11,0,5 14 15 9,1,65,,172688,11,,,1,27,,172689,11,0,5 14 15 9,1,63,,172690,11,0,16 17 9,1,22,,172691,11,,,1,22,,172692,11,0,5 14 15 9,1,60,,172693,11,,,1,20,,172694,11,0,5 14 15 9,1,18,,172695,11,0,16 17 9,1,55,,172696,11,0,5 14 15 9,1,15,,172697,11,0,16 17 9,1,20,,172698,11,0,5 14 15 9,1,63,,172699,11,0,5 14 15 9,1,18,,172700,11,,,1,29,,172701,11,0,5 14 15 9,1,65,,172702,11,0,16 17 9,1,25,,172703,11,0,5 14 15 9,1,70,,172704,11,,,1,30,,172705,11,0,5 14 15 9,1,70,,172706,11,0,16 17 9,1,30,,172707,11,0,5 14 15 9,1,70,,172708,11,,,1,100,,172709,11,0,16 17 9,1,99,,172710,11,0,7 13,1
3301,'20260904',721,,172711,11,0,7 13,1,107,,172712,11,0,7 13,1,85,,172713,11,,,1,100,,172714,11,,,1,100,,172715,11,,,1,103,,172716,11,,,1,103,,172717,11,,,1,100,,172718,11,,,1,37,,172719,11,0,5 14 15 9,1,65,,172720,11,,,1,27,,172721,11,0,5 14 15 9,1,63,,172722,11,0,16 17 9,1,22,,172723,11,,,1,22,,172724,11,0,5 14 15 9,1,60,,172725,11,,,1,20,,172726,11,0,5 14 15 9,1,18,,172727,11,0,16 17 9,1,55,,172728,11,0,5 14 15 9,1,15,,172729,11,0,16 17 9,1,20,,172730,11,0,5 14 15 9,1,63,,172731,11,0,5 14 15 9,1,18,,172732,11,,,1,29,,172733,11,0,5 14 15 9,1,65,,172734,11,0,16 17 9,1,25,,172735,11,0,5 14 15 9,1,70,,172736,11,,,1,30,,172737,11,0,5 14 15 9,1,70,,172738,11,0,16 17 9,1,30,,172739,11,0,5 14 15 9,1,70,,172740,11,,,1,100,,172741,11,0,16 17 9,1,99,,172742,11,0,7 13,1
