1901,'20260310',622,,9807,4,,,1,15,,9808,4,,,1,15,,9809,4,,,1,55,,9810,4,,,1,15,,9811,4,,,1,15,,9812,4,,,1,15,,9813,4,,,1,55,,9814,4,,,1,20,,9815,4,,,1,25,,9816,4,,,1,70,,9817,4,,,1,30,,9818,4,,,1,100,,9819,4,,,1,100,,9820,4,,,1,100,,9821,4,,,1,100,,9822,4,,,1,100,,9823,4,,,1,70,,9824,4,,,1,20,,9825,4,,,1,60,,9826,4,,,1,15,,9827,4,,,1,15,,9828,4,,,1,15,,9829,4,,,1,55,,9830,4,,,1,20,,9831,4,,,1,25,,9832,4,,,1,60,,9833,4,,,1,20,,9834,4,,,1,25,,9835,4,,,1,100,,9836,4,,,1,100,,9837,4,,,1,100,,9838,4,,,1,200,,9839,4,,,1
1901,'20260311',622,,9840,4,,,1,15,,9841,4,,,1,15,,9842,4,,,1,55,,9843,4,,,1,15,,9844,4,,,1,15,,9845,4,,,1,15,,9846,4,,,1,55,,9847,4,,,1,20,,9848,4,,,1,25,,9849,4,,,1,70,,9850,4,,,1,30,,9851,4,,,1,100,,9852,4,,,1,100,,9853,4,,,1,100,,9854,4,,,1,100,,9855,4,,,1,100,,9856,4,,,1,70,,9857,4,,,1,20,,9858,4,,,1,60,,9859,4,,,1,15,,9860,4,,,1,15,,9861,4,,,1,15,,9862,4,,,1,55,,9863,4,,,1,20,,9864,4,,,1,25,,9865,4,,,1,60,,9866,4,,,1,20,,9867,4,,,1,25,,9868,4,,,1,100,,9869,4,,,1,100,,9870,4,,,1,100,,9871,4,,,1,200,,9872,4,,,1
1901,'20260312',622,,9873,4,,,1,15,,9874,4,,,1,15,,9875,4,,,1,55,,9876,4,,,1,15,,9877,4,,,1,15,,9878,4,,,1,15,,9879,4,,,1,55,,9880,4,,,1,20,,9881,4,,,1,25,,9882,4,,,1,70,,9883,4,,,1,30,,9884,4,,,1,100,,9885,4,,,1,100,,9886,4,,,1,100,,9887,4,,,1,100,,9888,4,,,1,100,,9889,4,,,1,70,,9890,4,,,1,20,,9891,4,,,1,60,,9892,4,,,1,15,,9893,4,,,1,15,,9894,4,,,1,15,,9895,4,,,1,55,,9896,4,,,1,20,,9897,4,,,1,25,,9898,4,,,1,60,,9899,4,,,1,20,,9900,4,,,1,25,,9901,4,,,1,100,,9902,4,,,1,100,,9903,4,,,1,100,,9904,4,,,1,200,,9905,4,,,1
1901,'20260313',622,,9906,4,,,1,15,,9907,4,,,1,15,,9908,4,,,1,55,,9909,4,,,1,15,,9910,4,,,1,15,,9911,4,,,1,15,,9912,4,,,1,55,,9913,4,,,1,20,,9914,4,,,1,25,,9915,4,,,1,70,,9916,4,,,1,30,,9917,4,,,1,100,,9918,4,,,1,100,,9919,4,,,1,100,,9920,4,,,1,100,,9921,4,,,1,100,,9922,4,,,1,70,,9923,4,,,1,20,,9924,4,,,1,60,,9925,4,,,1,15,,9926,4,,,1,15,,9927,4,,,1,15,,9928,4,,,1,55,,9929,4,,,1,20,,9930,4,,,1,25,,9931,4,,,1,60,,9932,4,,,1,20,,9933,4,,,1,25,,9934,4,,,1,100,,9935,4,,,1,100,,9936,4,,,1,100,,9937,4,,,1,200,,9938,4,,,1
1901,'20260314',652,,9939,4,,,1,100,,9940,4,,,1,100,,9941,4,,,1,100,,9942,4,,,1,100,,9943,4,,,1,100,,9944,4,,,1,101,,9945,4,,,1,100,,9946,4,,,1,100,,9947,4,,,1,99,,9948,4,,,1,100,,9949,4,,,1,100,,9950,4,,,1,100,,9951,4,,,1,100,,9952,4,,,1,100,,9953,4,,,1,100,,9954,4,,,1,200,,9955,4,,,1
1901,'20260315',652,,9956,4,,,1,100,,9957,4,,,1,100,,9958,4,,,1,100,,9959,4,,,1,100,,9960,4,,,1,100,,9961,4,,,1,101,,9962,4,,,1,100,,9963,4,,,1,100,,9964,4,,,1,99,,9965,4,,,1,100,,9966,4,,,1,100,,9967,4,,,1,100,,9968,4,,,1,100,,9969,4,,,1,100,,9970,4,,,1,100,,9971,4,,,1,200,,9972,4,,,1
1901,'20260316',622,,9973,4,,,1,15,,9974,4,,,1,15,,9975,4,,,1,55,,9976,4,,,1,15,,9977,4,,,1,15,,9978,4,,,1,15,,9979,4,,,1,55,,9980,4,,,1,20,,9981,4,,,1,25,,9982,4,,,1,70,,9983,4,,,1,30,,9984,4,,,1,100,,9985,4,,,1,100,,9986,4,,,1,100,,9987,4,,,1,100,,9988,4,,,1,100,,9989,4,,,1,70,,9990,4,,,1,20,,9991,4,,,1,60,,9992,4,,,1,15,,9993,4,,,1,15,,9994,4,,,1,15,,9995,4,,,1,55,,9996,4,,,1,20,,9997,4,,,1,25,,9998,4,,,1,60,,9999,4,,,1,20,,10000,4,,,1,25,,10001,4,,,1,100,,10002,4,,,1,100,,10003,4,,,1,100,,10004,4,,,1,200,,10005,4,,,1
1901,'20260317',622,,10006,4,,,1,15,,10007,4,,,1,15,,10008,4,,,1,55,,10009,4,,,1,15,,10010,4,,,1,15,,10011,4,,,1,15,,10012,4,,,1,55,,10013,4,,,1,20,,10014,4,,,1,25,,10015,4,,,1,70,,10016,4,,,1,30,,10017,4,,,1,100,,10018,4,,,1,100,,10019,4,,,1,100,,10020,4,,,1,100,,10021,4,,,1,100,,10022,4,,,1,70,,10023,4,,,1,20,,10024,4,,,1,60,,10025,4,,,1,15,,10026,4,,,1,15,,10027,4,,,1,15,,10028,4,,,1,55,,10029,4,,,1,20,,10030,4,,,1,25,,10031,4,,,1,60,,10032,4,,,1,20,,10033,4,,,1,25,,10034,4,,,1,100,,10035,4,,,1,100,,10036,4,,,1,100,,10037,4,,,1,200,,10038,4,,,1
1901,'20260318',622,,10039,4,,,1,15,,10040,4,,,1,15,,10041,4,,,1,55,,10042,4,,,1,15,,10043,4,,,1,15,,10044,4,,,1,15,,10045,4,,,1,55,,10046,4,,,1,20,,10047,4,,,1,25,,10048,4,,,1,70,,10049,4,,,1,30,,10050,4,,,1,100,,10051,4,,,1,100,,10052,4,,,1,100,,10053,4,,,1,100,,10054,4,,,1,100,,10055,4,,,1,70,,10056,4,,,1,20,,10057,4,,,1,60,,10058,4,,,1,15,,10059,4,,,1,15,,10060,4,,,1,15,,10061,4,,,1,55,,10062,4,,,1,20,,10063,4,,,1,25,,10064,4,,,1,60,,10065,4,,,1,20,,10066,4,,,1,25,,10067,4,,,1,100,,10068,4,,,1,100,,10069,4,,,1,100,,10070,4,,,1,200,,10071,4,,,1
1901,'20260319',622,,10072,4,,,1,15,,10073,4,,,1,15,,10074,4,,,1,55,,10075,4,,,1,15,,10076,4,,,1,15,,10077,4,,,1,15,,10078,4,,,1,55,,10079,4,,,1,20,,10080,4,,,1,25,,10081,4,,,1,70,,10082,4,,,1,30,,10083,4,,,1,100,,10084,4,,,1,100,,10085,4,,,1,100,,10086,4,,,1,100,,10087,4,,,1,100,,10088,4,,,1,70,,10089,4,,,1,20,,10090,4,,,1,60,,10091,4,,,1,15,,10092,4,,,1,15,,10093,4,,,1,15,,10094,4,,,1,55,,10095,4,,,1,20,,10096,4,,,1,25,,10097,4,,,1,60,,10098,4,,,1,20,,10099,4,,,1,25,,10100,4,,,1,100,,10101,4,,,1,100,,10102,4,,,1,100,,10103,4,,,1,200,,10104,4,,,1
1901,'20260320',622,,10105,4,,,1,15,,10106,4,,,1,15,,10107,4,,,1,55,,10108,4,,,1,15,,10109,4,,,1,15,,10110,4,,,1,15,,10111,4,,,1,55,,10112,4,,,1,20,,10113,4,,,1,25,,10114,4,,,1,70,,10115,4,,,1,30,,10116,4,,,1,100,,10117,4,,,1,100,,10118,4,,,1,100,,10119,4,,,1,100,,10120,4,,,1,100,,10121,4,,,1,70,,10122,4,,,1,20,,10123,4,,,1,60,,10124,4,,,1,15,,10125,4,,,1,15,,10126,4,,,1,15,,10127,4,,,1,55,,10128,4,,,1,20,,10129,4,,,1,25,,10130,4,,,1,60,,10131,4,,,1,20,,10132,4,,,1,25,,10133,4,,,1,100,,10134,4,,,1,100,,10135,4,,,1,100,,10136,4,,,1,200,,10137,4,,,1
1901,'20260321',652,,10138,4,,,1,100,,10139,4,,,1,100,,10140,4,,,1,100,,10141,4,,,1,100,,10142,4,,,1,100,,10143,4,,,1,101,,10144,4,,,1,100,,10145,4,,,1,100,,10146,4,,,1,99,,10147,4,,,1,100,,10148,4,,,1,100,,10149,4,,,1,100,,10150,4,,,1,100,,10151,4,,,1,100,,10152,4,,,1,100,,10153,4,,,1,200,,10154,4,,,1
1901,'20260322',652,,10155,4,,,1,100,,10156,4,,,1,100,,10157,4,,,1,100,,10158,4,,,1,100,,10159,4,,,1,100,,10160,4,,,1,101,,10161,4,,,1,100,,10162,4,,,1,100,,10163,4,,,1,99,,10164,4,,,1,100,,10165,4,,,1,100,,10166,4,,,1,100,,10167,4,,,1,100,,10168,4,,,1,100,,10169,4,,,1,100,,10170,4,,,1,200,,10171,4,,,1
1901,'20260323',622,,10172,4,,,1,15,,10173,4,,,1,15,,10174,4,,,1,55,,10175,4,,,1,15,,10176,4,,,1,15,,10177,4,,,1,15,,10178,4,,,1,55,,10179,4,,,1,20,,10180,4,,,1,25,,10181,4,,,1,70,,10182,4,,,1,30,,10183,4,,,1,100,,10184,4,,,1,100,,10185,4,,,1,100,,10186,4,,,1,100,,10187,4,,,1,100,,10188,4,,,1,70,,10189,4,,,1,20,,10190,4,,,1,60,,10191,4,,,1,15,,10192,4,,,1,15,,10193,4,,,1,15,,10194,4,,,1,55,,10195,4,,,1,20,,10196,4,,,1,25,,10197,4,,,1,60,,10198,4,,,1,20,,10199,4,,,1,25,,10200,4,,,1,100,,10201,4,,,1,100,,10202,4,,,1,100,,10203,4,,,1,200,,10204,4,,,1
1901,'20260324',622,,10205,4,,,1,15,,10206,4,,,1,15,,10207,4,,,1,55,,10208,4,,,1,15,,10209,4,,,1,15,,10210,4,,,1,15,,10211,4,,,1,55,,10212,4,,,1,20,,10213,4,,,1,25,,10214,4,,,1,70,,10215,4,,,1,30,,10216,4,,,1,100,,10217,4,,,1,100,,10218,4,,,1,100,,10219,4,,,1,100,,10220,4,,,1,100,,10221,4,,,1,70,,10222,4,,,1,20,,10223,4,,,1,60,,10224,4,,,1,15,,10225,4,,,1,15,,10226,4,,,1,15,,10227,4,,,1,55,,10228,4,,,1,20,,10229,4,,,1,25,,10230,4,,,1,60,,10231,4,,,1,20,,10232,4,,,1,25,,10233,4,,,1,100,,10234,4,,,1,100,,10235,4,,,1,100,,10236,4,,,1,200,,10237,4,,,1
1901,'20260325',622,,10238,4,,,1,15,,10239,4,,,1,15,,10240,4,,,1,55,,10241,4,,,1,15,,10242,4,,,1,15,,10243,4,,,1,15,,10244,4,,,1,55,,10245,4,,,1,20,,10246,4,,,1,25,,10247,4,,,1,70,,10248,4,,,1,30,,10249,4,,,1,100,,10250,4,,,1,100,,10251,4,,,1,100,,10252,4,,,1,100,,10253,4,,,1,100,,10254,4,,,1,70,,10255,4,,,1,20,,10256,4,,,1,60,,10257,4,,,1,15,,10258,4,,,1,15,,10259,4,,,1,15,,10260,4,,,1,55,,10261,4,,,1,20,,10262,4,,,1,25,,10263,4,,,1,60,,10264,4,,,1,20,,10265,4,,,1,25,,10266,4,,,1,100,,10267,4,,,1,100,,10268,4,,,1,100,,10269,4,,,1,200,,10270,4,,,1
1901,'20260326',622,,10271,4,,,1,15,,10272,4,,,1,15,,10273,4,,,1,55,,10274,4,,,1,15,,10275,4,,,1,15,,10276,4,,,1,15,,10277,4,,,1,55,,10278,4,,,1,20,,10279,4,,,1,25,,10280,4,,,1,70,,10281,4,,,1,30,,10282,4,,,1,100,,10283,4,,,1,100,,10284,4,,,1,100,,10285,4,,,1,100,,10286,4,,,1,100,,10287,4,,,1,70,,10288,4,,,1,20,,10289,4,,,1,60,,10290,4,,,1,15,,10291,4,,,1,15,,10292,4,,,1,15,,10293,4,,,1,55,,10294,4,,,1,20,,10295,4,,,1,25,,10296,4,,,1,60,,10297,4,,,1,20,,10298,4,,,1,25,,10299,4,,,1,100,,10300,4,,,1,100,,10301,4,,,1,100,,10302,4,,,1,200,,10303,4,,,1
1901,'20260327',622,,10304,4,,,1,15,,10305,4,,,1,15,,10306,4,,,1,55,,10307,4,,,1,15,,10308,4,,,1,15,,10309,4,,,1,15,,10310,4,,,1,55,,10311,4,,,1,20,,10312,4,,,1,25,,10313,4,,,1,70,,10314,4,,,1,30,,10315,4,,,1,100,,10316,4,,,1,100,,10317,4,,,1,100,,10318,4,,,1,100,,10319,4,,,1,100,,10320,4,,,1,70,,10321,4,,,1,20,,10322,4,,,1,60,,10323,4,,,1,15,,10324,4,,,1,15,,10325,4,,,1,15,,10326,4,,,1,55,,10327,4,,,1,20,,10328,4,,,1,25,,10329,4,,,1,60,,10330,4,,,1,20,,10331,4,,,1,25,,10332,4,,,1,100,,10333,4,,,1,100,,10334,4,,,1,100,,10335,4,,,1,200,,10336,4,,,1
1901,'20260328',652,,10337,4,,,1,100,,10338,4,,,1,100,,10339,4,,,1,100,,10340,4,,,1,100,,10341,4,,,1,100,,10342,4,,,1,101,,10343,4,,,1,100,,10344,4,,,1,100,,10345,4,,,1,99,,10346,4,,,1,100,,10347,4,,,1,100,,10348,4,,,1,100,,10349,4,,,1,100,,10350,4,,,1,100,,10351,4,,,1,100,,10352,4,,,1,200,,10353,4,,,1
1901,'20260329',652,,10354,4,,,1,100,,10355,4,,,1,100,,10356,4,,,1,100,,10357,4,,,1,100,,10358,4,,,1,100,,10359,4,,,1,101,,10360,4,,,1,100,,10361,4,,,1,100,,10362,4,,,1,99,,10363,4,,,1,100,,10364,4,,,1,100,,10365,4,,,1,100,,10366,4,,,1,100,,10367,4,,,1,100,,10368,4,,,1,100,,10369,4,,,1,200,,10370,4,,,1
1901,'20260330',622,,10371,4,,,1,15,,10372,4,,,1,15,,10373,4,,,1,55,,10374,4,,,1,15,,10375,4,,,1,15,,10376,4,,,1,15,,10377,4,,,1,55,,10378,4,,,1,20,,10379,4,,,1,25,,10380,4,,,1,70,,10381,4,,,1,30,,10382,4,,,1,100,,10383,4,,,1,100,,10384,4,,,1,100,,10385,4,,,1,100,,10386,4,,,1,100,,10387,4,,,1,70,,10388,4,,,1,20,,10389,4,,,1,60,,10390,4,,,1,15,,10391,4,,,1,15,,10392,4,,,1,15,,10393,4,,,1,55,,10394,4,,,1,20,,10395,4,,,1,25,,10396,4,,,1,60,,10397,4,,,1,20,,10398,4,,,1,25,,10399,4,,,1,100,,10400,4,,,1,100,,10401,4,,,1,100,,10402,4,,,1,200,,10403,4,,,1
1901,'20260331',622,,10404,4,,,1,15,,10405,4,,,1,15,,10406,4,,,1,55,,10407,4,,,1,15,,10408,4,,,1,15,,10409,4,,,1,15,,10410,4,,,1,55,,10411,4,,,1,20,,10412,4,,,1,25,,10413,4,,,1,70,,10414,4,,,1,30,,10415,4,,,1,100,,10416,4,,,1,100,,10417,4,,,1,100,,10418,4,,,1,100,,10419,4,,,1,100,,10420,4,,,1,70,,10421,4,,,1,20,,10422,4,,,1,60,,10423,4,,,1,15,,10424,4,,,1,15,,10425,4,,,1,15,,10426,4,,,1,55,,10427,4,,,1,20,,10428,4,,,1,25,,10429,4,,,1,60,,10430,4,,,1,20,,10431,4,,,1,25,,10432,4,,,1,100,,10433,4,,,1,100,,10434,4,,,1,100,,10435,4,,,1,200,,10436,4,,,1
1901,'20260401',622,,10437,4,,,1,15,,10438,4,,,1,15,,10439,4,,,1,55,,10440,4,,,1,15,,10441,4,,,1,15,,10442,4,,,1,15,,10443,4,,,1,55,,10444,4,,,1,20,,10445,4,,,1,25,,10446,4,,,1,70,,10447,4,,,1,30,,10448,4,,,1,100,,10449,4,,,1,100,,10450,4,,,1,100,,10451,4,,,1,100,,10452,4,,,1,100,,10453,4,,,1,70,,10454,4,,,1,20,,10455,4,,,1,60,,10456,4,,,1,15,,10457,4,,,1,15,,10458,4,,,1,15,,10459,4,,,1,55,,10460,4,,,1,20,,10461,4,,,1,25,,10462,4,,,1,60,,10463,4,,,1,20,,10464,4,,,1,25,,10465,4,,,1,100,,10466,4,,,1,100,,10467,4,,,1,100,,10468,4,,,1,200,,10469,4,,,1
1901,'20260402',622,,10470,4,,,1,15,,10471,4,,,1,15,,10472,4,,,1,55,,10473,4,,,1,15,,10474,4,,,1,15,,10475,4,,,1,15,,10476,4,,,1,55,,10477,4,,,1,20,,10478,4,,,1,25,,10479,4,,,1,70,,10480,4,,,1,30,,10481,4,,,1,100,,10482,4,,,1,100,,10483,4,,,1,100,,10484,4,,,1,100,,10485,4,,,1,100,,10486,4,,,1,70,,10487,4,,,1,20,,10488,4,,,1,60,,10489,4,,,1,15,,10490,4,,,1,15,,10491,4,,,1,15,,10492,4,,,1,55,,10493,4,,,1,20,,10494,4,,,1,25,,10495,4,,,1,60,,10496,4,,,1,20,,10497,4,,,1,25,,10498,4,,,1,100,,10499,4,,,1,100,,10500,4,,,1,100,,10501,4,,,1,200,,10502,4,,,1
1901,'20260403',652,,10503,4,,,1,100,,10504,4,,,1,100,,10505,4,,,1,100,,10506,4,,,1,100,,10507,4,,,1,100,,10508,4,,,1,101,,10509,4,,,1,100,,10510,4,,,1,100,,10511,4,,,1,99,,10512,4,,,1,100,,10513,4,,,1,100,,10514,4,,,1,100,,10515,4,,,1,100,,10516,4,,,1,100,,10517,4,,,1,100,,10518,4,,,1,200,,10519,4,,,1
1901,'20260404',652,,10520,4,,,1,100,,10521,4,,,1,100,,10522,4,,,1,100,,10523,4,,,1,100,,10524,4,,,1,100,,10525,4,,,1,101,,10526,4,,,1,100,,10527,4,,,1,100,,10528,4,,,1,99,,10529,4,,,1,100,,10530,4,,,1,100,,10531,4,,,1,100,,10532,4,,,1,100,,10533,4,,,1,100,,10534,4,,,1,100,,10535,4,,,1,200,,10536,4,,,1
1901,'20260405',652,,10537,4,,,1,100,,10538,4,,,1,100,,10539,4,,,1,100,,10540,4,,,1,100,,10541,4,,,1,100,,10542,4,,,1,101,,10543,4,,,1,100,,10544,4,,,1,100,,10545,4,,,1,99,,10546,4,,,1,100,,10547,4,,,1,100,,10548,4,,,1,100,,10549,4,,,1,100,,10550,4,,,1,100,,10551,4,,,1,100,,10552,4,,,1,200,,10553,4,,,1
1901,'20260406',622,,10554,4,,,1,15,,10555,4,,,1,15,,10556,4,,,1,55,,10557,4,,,1,15,,10558,4,,,1,15,,10559,4,,,1,15,,10560,4,,,1,55,,10561,4,,,1,20,,10562,4,,,1,25,,10563,4,,,1,70,,10564,4,,,1,30,,10565,4,,,1,100,,10566,4,,,1,100,,10567,4,,,1,100,,10568,4,,,1,100,,10569,4,,,1,100,,10570,4,,,1,70,,10571,4,,,1,20,,10572,4,,,1,60,,10573,4,,,1,15,,10574,4,,,1,15,,10575,4,,,1,15,,10576,4,,,1,55,,10577,4,,,1,20,,10578,4,,,1,25,,10579,4,,,1,60,,10580,4,,,1,20,,10581,4,,,1,25,,10582,4,,,1,100,,10583,4,,,1,100,,10584,4,,,1,100,,10585,4,,,1,200,,10586,4,,,1
1901,'20260407',622,,10587,4,,,1,15,,10588,4,,,1,15,,10589,4,,,1,55,,10590,4,,,1,15,,10591,4,,,1,15,,10592,4,,,1,15,,10593,4,,,1,55,,10594,4,,,1,20,,10595,4,,,1,25,,10596,4,,,1,70,,10597,4,,,1,30,,10598,4,,,1,100,,10599,4,,,1,100,,10600,4,,,1,100,,10601,4,,,1,100,,10602,4,,,1,100,,10603,4,,,1,70,,10604,4,,,1,20,,10605,4,,,1,60,,10606,4,,,1,15,,10607,4,,,1,15,,10608,4,,,1,15,,10609,4,,,1,55,,10610,4,,,1,20,,10611,4,,,1,25,,10612,4,,,1,60,,10613,4,,,1,20,,10614,4,,,1,25,,10615,4,,,1,100,,10616,4,,,1,100,,10617,4,,,1,100,,10618,4,,,1,200,,10619,4,,,1
1901,'20260408',622,,10620,4,,,1,15,,10621,4,,,1,15,,10622,4,,,1,55,,10623,4,,,1,15,,10624,4,,,1,15,,10625,4,,,1,15,,10626,4,,,1,55,,10627,4,,,1,20,,10628,4,,,1,25,,10629,4,,,1,70,,10630,4,,,1,30,,10631,4,,,1,100,,10632,4,,,1,100,,10633,4,,,1,100,,10634,4,,,1,100,,10635,4,,,1,100,,10636,4,,,1,70,,10637,4,,,1,20,,10638,4,,,1,60,,10639,4,,,1,15,,10640,4,,,1,15,,10641,4,,,1,15,,10642,4,,,1,55,,10643,4,,,1,20,,10644,4,,,1,25,,10645,4,,,1,60,,10646,4,,,1,20,,10647,4,,,1,25,,10648,4,,,1,100,,10649,4,,,1,100,,10650,4,,,1,100,,10651,4,,,1,200,,10652,4,,,1
1901,'20260409',622,,10653,4,,,1,15,,10654,4,,,1,15,,10655,4,,,1,55,,10656,4,,,1,15,,10657,4,,,1,15,,10658,4,,,1,15,,10659,4,,,1,55,,10660,4,,,1,20,,10661,4,,,1,25,,10662,4,,,1,70,,10663,4,,,1,30,,10664,4,,,1,100,,10665,4,,,1,100,,10666,4,,,1,100,,10667,4,,,1,100,,10668,4,,,1,100,,10669,4,,,1,70,,10670,4,,,1,20,,10671,4,,,1,60,,10672,4,,,1,15,,10673,4,,,1,15,,10674,4,,,1,15,,10675,4,,,1,55,,10676,4,,,1,20,,10677,4,,,1,25,,10678,4,,,1,60,,10679,4,,,1,20,,10680,4,,,1,25,,10681,4,,,1,100,,10682,4,,,1,100,,10683,4,,,1,100,,10684,4,,,1,200,,10685,4,,,1
1901,'20260410',622,,10686,4,,,1,15,,10687,4,,,1,15,,10688,4,,,1,55,,10689,4,,,1,15,,10690,4,,,1,15,,10691,4,,,1,15,,10692,4,,,1,55,,10693,4,,,1,20,,10694,4,,,1,25,,10695,4,,,1,70,,10696,4,,,1,30,,10697,4,,,1,100,,10698,4,,,1,100,,10699,4,,,1,100,,10700,4,,,1,100,,10701,4,,,1,100,,10702,4,,,1,70,,10703,4,,,1,20,,10704,4,,,1,60,,10705,4,,,1,15,,10706,4,,,1,15,,10707,4,,,1,15,,10708,4,,,1,55,,10709,4,,,1,20,,10710,4,,,1,25,,10711,4,,,1,60,,10712,4,,,1,20,,10713,4,,,1,25,,10714,4,,,1,100,,10715,4,,,1,100,,10716,4,,,1,100,,10717,4,,,1,200,,10718,4,,,1
1901,'20260411',652,,10719,4,,,1,100,,10720,4,,,1,100,,10721,4,,,1,100,,10722,4,,,1,100,,10723,4,,,1,100,,10724,4,,,1,101,,10725,4,,,1,100,,10726,4,,,1,100,,10727,4,,,1,99,,10728,4,,,1,100,,10729,4,,,1,100,,10730,4,,,1,100,,10731,4,,,1,100,,10732,4,,,1,100,,10733,4,,,1,100,,10734,4,,,1,200,,10735,4,,,1
1901,'20260412',652,,10736,4,,,1,100,,10737,4,,,1,100,,10738,4,,,1,100,,10739,4,,,1,100,,10740,4,,,1,100,,10741,4,,,1,101,,10742,4,,,1,100,,10743,4,,,1,100,,10744,4,,,1,99,,10745,4,,,1,100,,10746,4,,,1,100,,10747,4,,,1,100,,10748,4,,,1,100,,10749,4,,,1,100,,10750,4,,,1,100,,10751,4,,,1,200,,10752,4,,,1
1901,'20260413',622,,10753,4,,,1,15,,10754,4,,,1,15,,10755,4,,,1,55,,10756,4,,,1,15,,10757,4,,,1,15,,10758,4,,,1,15,,10759,4,,,1,55,,10760,4,,,1,20,,10761,4,,,1,25,,10762,4,,,1,70,,10763,4,,,1,30,,10764,4,,,1,100,,10765,4,,,1,100,,10766,4,,,1,100,,10767,4,,,1,100,,10768,4,,,1,100,,10769,4,,,1,70,,10770,4,,,1,20,,10771,4,,,1,60,,10772,4,,,1,15,,10773,4,,,1,15,,10774,4,,,1,15,,10775,4,,,1,55,,10776,4,,,1,20,,10777,4,,,1,25,,10778,4,,,1,60,,10779,4,,,1,20,,10780,4,,,1,25,,10781,4,,,1,100,,10782,4,,,1,100,,10783,4,,,1,100,,10784,4,,,1,200,,10785,4,,,1
1901,'20260414',622,,10786,4,,,1,15,,10787,4,,,1,15,,10788,4,,,1,55,,10789,4,,,1,15,,10790,4,,,1,15,,10791,4,,,1,15,,10792,4,,,1,55,,10793,4,,,1,20,,10794,4,,,1,25,,10795,4,,,1,70,,10796,4,,,1,30,,10797,4,,,1,100,,10798,4,,,1,100,,10799,4,,,1,100,,10800,4,,,1,100,,10801,4,,,1,100,,10802,4,,,1,70,,10803,4,,,1,20,,10804,4,,,1,60,,10805,4,,,1,15,,10806,4,,,1,15,,10807,4,,,1,15,,10808,4,,,1,55,,10809,4,,,1,20,,10810,4,,,1,25,,10811,4,,,1,60,,10812,4,,,1,20,,10813,4,,,1,25,,10814,4,,,1,100,,10815,4,,,1,100,,10816,4,,,1,100,,10817,4,,,1,200,,10818,4,,,1
1901,'20260415',622,,10819,4,,,1,15,,10820,4,,,1,15,,10821,4,,,1,55,,10822,4,,,1,15,,10823,4,,,1,15,,10824,4,,,1,15,,10825,4,,,1,55,,10826,4,,,1,20,,10827,4,,,1,25,,10828,4,,,1,70,,10829,4,,,1,30,,10830,4,,,1,100,,10831,4,,,1,100,,10832,4,,,1,100,,10833,4,,,1,100,,10834,4,,,1,100,,10835,4,,,1,70,,10836,4,,,1,20,,10837,4,,,1,60,,10838,4,,,1,15,,10839,4,,,1,15,,10840,4,,,1,15,,10841,4,,,1,55,,10842,4,,,1,20,,10843,4,,,1,25,,10844,4,,,1,60,,10845,4,,,1,20,,10846,4,,,1,25,,10847,4,,,1,100,,10848,4,,,1,100,,10849,4,,,1,100,,10850,4,,,1,200,,10851,4,,,1
1901,'20260416',622,,10852,4,,,1,15,,10853,4,,,1,15,,10854,4,,,1,55,,10855,4,,,1,15,,10856,4,,,1,15,,10857,4,,,1,15,,10858,4,,,1,55,,10859,4,,,1,20,,10860,4,,,1,25,,10861,4,,,1,70,,10862,4,,,1,30,,10863,4,,,1,100,,10864,4,,,1,100,,10865,4,,,1,100,,10866,4,,,1,100,,10867,4,,,1,100,,10868,4,,,1,70,,10869,4,,,1,20,,10870,4,,,1,60,,10871,4,,,1,15,,10872,4,,,1,15,,10873,4,,,1,15,,10874,4,,,1,55,,10875,4,,,1,20,,10876,4,,,1,25,,10877,4,,,1,60,,10878,4,,,1,20,,10879,4,,,1,25,,10880,4,,,1,100,,10881,4,,,1,100,,10882,4,,,1,100,,10883,4,,,1,200,,10884,4,,,1
1901,'20260417',622,,10885,4,,,1,15,,10886,4,,,1,15,,10887,4,,,1,55,,10888,4,,,1,15,,10889,4,,,1,15,,10890,4,,,1,15,,10891,4,,,1,55,,10892,4,,,1,20,,10893,4,,,1,25,,10894,4,,,1,70,,10895,4,,,1,30,,10896,4,,,1,100,,10897,4,,,1,100,,10898,4,,,1,100,,10899,4,,,1,100,,10900,4,,,1,100,,10901,4,,,1,70,,10902,4,,,1,20,,10903,4,,,1,60,,10904,4,,,1,15,,10905,4,,,1,15,,10906,4,,,1,15,,10907,4,,,1,55,,10908,4,,,1,20,,10909,4,,,1,25,,10910,4,,,1,60,,10911,4,,,1,20,,10912,4,,,1,25,,10913,4,,,1,100,,10914,4,,,1,100,,10915,4,,,1,100,,10916,4,,,1,200,,10917,4,,,1
1901,'20260418',652,,10918,4,,,1,100,,10919,4,,,1,100,,10920,4,,,1,100,,10921,4,,,1,100,,10922,4,,,1,100,,10923,4,,,1,101,,10924,4,,,1,100,,10925,4,,,1,100,,10926,4,,,1,99,,10927,4,,,1,100,,10928,4,,,1,100,,10929,4,,,1,100,,10930,4,,,1,100,,10931,4,,,1,100,,10932,4,,,1,100,,10933,4,,,1,200,,10934,4,,,1
1901,'20260419',652,,10935,4,,,1,100,,10936,4,,,1,100,,10937,4,,,1,100,,10938,4,,,1,100,,10939,4,,,1,100,,10940,4,,,1,101,,10941,4,,,1,100,,10942,4,,,1,100,,10943,4,,,1,99,,10944,4,,,1,100,,10945,4,,,1,100,,10946,4,,,1,100,,10947,4,,,1,100,,10948,4,,,1,100,,10949,4,,,1,100,,10950,4,,,1,200,,10951,4,,,1
1901,'20260420',622,,10952,4,,,1,15,,10953,4,,,1,15,,10954,4,,,1,55,,10955,4,,,1,15,,10956,4,,,1,15,,10957,4,,,1,15,,10958,4,,,1,55,,10959,4,,,1,20,,10960,4,,,1,25,,10961,4,,,1,70,,10962,4,,,1,30,,10963,4,,,1,100,,10964,4,,,1,100,,10965,4,,,1,100,,10966,4,,,1,100,,10967,4,,,1,100,,10968,4,,,1,70,,10969,4,,,1,20,,10970,4,,,1,60,,10971,4,,,1,15,,10972,4,,,1,15,,10973,4,,,1,15,,10974,4,,,1,55,,10975,4,,,1,20,,10976,4,,,1,25,,10977,4,,,1,60,,10978,4,,,1,20,,10979,4,,,1,25,,10980,4,,,1,100,,10981,4,,,1,100,,10982,4,,,1,100,,10983,4,,,1,200,,10984,4,,,1
1901,'20260421',622,,10985,4,,,1,15,,10986,4,,,1,15,,10987,4,,,1,55,,10988,4,,,1,15,,10989,4,,,1,15,,10990,4,,,1,15,,10991,4,,,1,55,,10992,4,,,1,20,,10993,4,,,1,25,,10994,4,,,1,70,,10995,4,,,1,30,,10996,4,,,1,100,,10997,4,,,1,100,,10998,4,,,1,100,,10999,4,,,1,100,,11000,4,,,1,100,,11001,4,,,1,70,,11002,4,,,1,20,,11003,4,,,1,60,,11004,4,,,1,15,,11005,4,,,1,15,,11006,4,,,1,15,,11007,4,,,1,55,,11008,4,,,1,20,,11009,4,,,1,25,,11010,4,,,1,60,,11011,4,,,1,20,,11012,4,,,1,25,,11013,4,,,1,100,,11014,4,,,1,100,,11015,4,,,1,100,,11016,4,,,1,200,,11017,4,,,1
1901,'20260422',622,,11018,4,,,1,15,,11019,4,,,1,15,,11020,4,,,1,55,,11021,4,,,1,15,,11022,4,,,1,15,,11023,4,,,1,15,,11024,4,,,1,55,,11025,4,,,1,20,,11026,4,,,1,25,,11027,4,,,1,70,,11028,4,,,1,30,,11029,4,,,1,100,,11030,4,,,1,100,,11031,4,,,1,100,,11032,4,,,1,100,,11033,4,,,1,100,,11034,4,,,1,70,,11035,4,,,1,20,,11036,4,,,1,60,,11037,4,,,1,15,,11038,4,,,1,15,,11039,4,,,1,15,,11040,4,,,1,55,,11041,4,,,1,20,,11042,4,,,1,25,,11043,4,,,1,60,,11044,4,,,1,20,,11045,4,,,1,25,,11046,4,,,1,100,,11047,4,,,1,100,,11048,4,,,1,100,,11049,4,,,1,200,,11050,4,,,1
1901,'20260423',622,,11051,4,,,1,15,,11052,4,,,1,15,,11053,4,,,1,55,,11054,4,,,1,15,,11055,4,,,1,15,,11056,4,,,1,15,,11057,4,,,1,55,,11058,4,,,1,20,,11059,4,,,1,25,,11060,4,,,1,70,,11061,4,,,1,30,,11062,4,,,1,100,,11063,4,,,1,100,,11064,4,,,1,100,,11065,4,,,1,100,,11066,4,,,1,100,,11067,4,,,1,70,,11068,4,,,1,20,,11069,4,,,1,60,,11070,4,,,1,15,,11071,4,,,1,15,,11072,4,,,1,15,,11073,4,,,1,55,,11074,4,,,1,20,,11075,4,,,1,25,,11076,4,,,1,60,,11077,4,,,1,20,,11078,4,,,1,25,,11079,4,,,1,100,,11080,4,,,1,100,,11081,4,,,1,100,,11082,4,,,1,200,,11083,4,,,1
1901,'20260424',622,,11084,4,,,1,15,,11085,4,,,1,15,,11086,4,,,1,55,,11087,4,,,1,15,,11088,4,,,1,15,,11089,4,,,1,15,,11090,4,,,1,55,,11091,4,,,1,20,,11092,4,,,1,25,,11093,4,,,1,70,,11094,4,,,1,30,,11095,4,,,1,100,,11096,4,,,1,100,,11097,4,,,1,100,,11098,4,,,1,100,,11099,4,,,1,100,,11100,4,,,1,70,,11101,4,,,1,20,,11102,4,,,1,60,,11103,4,,,1,15,,11104,4,,,1,15,,11105,4,,,1,15,,11106,4,,,1,55,,11107,4,,,1,20,,11108,4,,,1,25,,11109,4,,,1,60,,11110,4,,,1,20,,11111,4,,,1,25,,11112,4,,,1,100,,11113,4,,,1,100,,11114,4,,,1,100,,11115,4,,,1,200,,11116,4,,,1
2701,'20260310',532,,19394,4,0,7 8 9,1,100,,19395,4,0,7 8 9,1,70,,19396,4,0,7 8 9,1,20,,19397,4,0,7 8 9,1,10,,19398,4,0,5 10 9,1,10,,19399,4,0,7 8 9,1,70,,19400,4,0,7 8 9,1,90,,19401,4,0,7 8 9,1,120,,19402,4,0,5 10 9,1,100,,19403,4,0,5 10 9,1,95,,19404,4,0,5 10 9,1,105,,19405,4,0,5 10 9,1,100,,19406,4,0,7 8 9,1,105,,19407,4,0,7 8 9,1,30,,19408,4,0,7 8 9,1,75,,19409,4,0,7 8 9,1,75,,19410,4,0,7 8 9,1,30,,19411,4,0,7 8 9,1,75,,19412,4,0,7 8 9,1,15,,19413,4,0,5 10 9,1,15,,19414,4,0,7 8 9,1,75,,19415,4,0,5 10 9,1,100,,19416,4,0,5 10 9,1,100,,19417,4,0,5 10 9,1,100,,19418,4,0,5 10 9,1,200,,19419,4,0,5 10 9,1
2701,'20260311',532,,19420,4,0,7 8 9,1,100,,19421,4,0,7 8 9,1,70,,19422,4,0,7 8 9,1,20,,19423,4,0,7 8 9,1,10,,19424,4,0,5 10 9,1,10,,19425,4,0,7 8 9,1,70,,19426,4,0,7 8 9,1,90,,19427,4,0,7 8 9,1,120,,19428,4,0,5 10 9,1,100,,19429,4,0,5 10 9,1,95,,19430,4,0,5 10 9,1,105,,19431,4,0,5 10 9,1,100,,19432,4,0,7 8 9,1,105,,19433,4,0,7 8 9,1,30,,19434,4,0,7 8 9,1,75,,19435,4,0,7 8 9,1,75,,19436,4,0,7 8 9,1,30,,19437,4,0,7 8 9,1,75,,19438,4,0,7 8 9,1,15,,19439,4,0,5 10 9,1,15,,19440,4,0,7 8 9,1,75,,19441,4,0,5 10 9,1,100,,19442,4,0,5 10 9,1,100,,19443,4,0,5 10 9,1,100,,19444,4,0,5 10 9,1,200,,19445,4,0,5 10 9,1
2701,'20260312',532,,19446,4,0,7 8 9,1,100,,19447,4,0,7 8 9,1,70,,19448,4,0,7 8 9,1,20,,19449,4,0,7 8 9,1,10,,19450,4,0,5 10 9,1,10,,19451,4,0,7 8 9,1,70,,19452,4,0,7 8 9,1,90,,19453,4,0,7 8 9,1,120,,19454,4,0,5 10 9,1,100,,19455,4,0,5 10 9,1,95,,19456,4,0,5 10 9,1,105,,19457,4,0,5 10 9,1,100,,19458,4,0,7 8 9,1,105,,19459,4,0,7 8 9,1,30,,19460,4,0,7 8 9,1,75,,19461,4,0,7 8 9,1,75,,19462,4,0,7 8 9,1,30,,19463,4,0,7 8 9,1,75,,19464,4,0,7 8 9,1,15,,19465,4,0,5 10 9,1,15,,19466,4,0,7 8 9,1,75,,19467,4,0,5 10 9,1,100,,19468,4,0,5 10 9,1,100,,19469,4,0,5 10 9,1,100,,19470,4,0,5 10 9,1,200,,19471,4,0,5 10 9,1
2701,'20260313',532,,19472,4,0,7 8 9,1,100,,19473,4,0,7 8 9,1,70,,19474,4,0,7 8 9,1,20,,19475,4,0,7 8 9,1,20,,19476,4,0,7 8 9,1,70,,19477,4,0,7 8 9,1,90,,19478,4,0,7 8 9,1,120,,19479,4,0,5 10 9,1,100,,19480,4,0,5 10 9,1,95,,19481,4,0,5 10 9,1,105,,19482,4,0,5 10 9,1,100,,19483,4,0,7 8 9,1,105,,19484,4,0,7 8 9,1,30,,19485,4,0,7 8 9,1,75,,19486,4,0,7 8 9,1,75,,19487,4,0,7 8 9,1,30,,19488,4,0,7 8 9,1,75,,19489,4,0,7 8 9,1,30,,19490,4,0,7 8 9,1,75,,19491,4,0,5 10 9,1,100,,19492,4,0,5 10 9,1,100,,19493,4,0,5 10 9,1,100,,19494,4,0,5 10 9,1,200,,19495,4,0,5 10 9,1
2701,'20260314',632,,19496,4,0,7 8 9,1,100,,19497,4,0,5 10 9,1,100,,19498,4,0,5 10 9,1,95,,19499,4,0,5 10 9,1,101,,19500,4,0,5 10 9,1,100,,19501,4,0,5 10 9,1,105,,19502,4,0,5 10 9,1,95,,19503,4,0,5 10 9,1,105,,19504,4,0,5 10 9,1,100,,19505,4,0,5 10 9,1,99,,19506,4,0,5 10 9,1,100,,19507,4,0,5 10 9,1,100,,19508,4,0,5 10 9,1,100,,19509,4,0,5 10 9,1,200,,19510,4,0,5 10 9,1,200,,19511,4,0,5 10 9,1
2701,'20260315',632,,19512,4,0,7 8 9,1,100,,19513,4,0,5 10 9,1,100,,19514,4,0,5 10 9,1,95,,19515,4,0,5 10 9,1,101,,19516,4,0,5 10 9,1,100,,19517,4,0,5 10 9,1,105,,19518,4,0,5 10 9,1,95,,19519,4,0,5 10 9,1,105,,19520,4,0,5 10 9,1,100,,19521,4,0,5 10 9,1,99,,19522,4,0,5 10 9,1,100,,19523,4,0,5 10 9,1,100,,19524,4,0,5 10 9,1,100,,19525,4,0,5 10 9,1,200,,19526,4,0,5 10 9,1,200,,19527,4,0,5 10 9,1
2701,'20260316',532,,19528,4,0,7 8 9,1,100,,19529,4,0,7 8 9,1,70,,19530,4,0,7 8 9,1,20,,19531,4,0,7 8 9,1,10,,19532,4,0,5 10 9,1,10,,19533,4,0,7 8 9,1,70,,19534,4,0,7 8 9,1,90,,19535,4,0,7 8 9,1,120,,19536,4,0,5 10 9,1,100,,19537,4,0,5 10 9,1,95,,19538,4,0,5 10 9,1,105,,19539,4,0,5 10 9,1,100,,19540,4,0,7 8 9,1,105,,19541,4,0,7 8 9,1,30,,19542,4,0,7 8 9,1,75,,19543,4,0,7 8 9,1,75,,19544,4,0,7 8 9,1,30,,19545,4,0,7 8 9,1,75,,19546,4,0,7 8 9,1,15,,19547,4,0,5 10 9,1,15,,19548,4,0,7 8 9,1,75,,19549,4,0,5 10 9,1,100,,19550,4,0,5 10 9,1,100,,19551,4,0,5 10 9,1,100,,19552,4,0,5 10 9,1,200,,19553,4,0,5 10 9,1
2701,'20260317',532,,19554,4,0,7 8 9,1,100,,19555,4,0,7 8 9,1,70,,19556,4,0,7 8 9,1,20,,19557,4,0,7 8 9,1,10,,19558,4,0,5 10 9,1,10,,19559,4,0,7 8 9,1,70,,19560,4,0,7 8 9,1,90,,19561,4,0,7 8 9,1,120,,19562,4,0,5 10 9,1,100,,19563,4,0,5 10 9,1,95,,19564,4,0,5 10 9,1,105,,19565,4,0,5 10 9,1,100,,19566,4,0,7 8 9,1,105,,19567,4,0,7 8 9,1,30,,19568,4,0,7 8 9,1,75,,19569,4,0,7 8 9,1,75,,19570,4,0,7 8 9,1,30,,19571,4,0,7 8 9,1,75,,19572,4,0,7 8 9,1,15,,19573,4,0,5 10 9,1,15,,19574,4,0,7 8 9,1,75,,19575,4,0,5 10 9,1,100,,19576,4,0,5 10 9,1,100,,19577,4,0,5 10 9,1,100,,19578,4,0,5 10 9,1,200,,19579,4,0,5 10 9,1
2701,'20260318',532,,19580,4,0,7 8 9,1,100,,19581,4,0,7 8 9,1,70,,19582,4,0,7 8 9,1,20,,19583,4,0,7 8 9,1,10,,19584,4,0,5 10 9,1,10,,19585,4,0,7 8 9,1,70,,19586,4,0,7 8 9,1,90,,19587,4,0,7 8 9,1,120,,19588,4,0,5 10 9,1,100,,19589,4,0,5 10 9,1,95,,19590,4,0,5 10 9,1,105,,19591,4,0,5 10 9,1,100,,19592,4,0,7 8 9,1,105,,19593,4,0,7 8 9,1,30,,19594,4,0,7 8 9,1,75,,19595,4,0,7 8 9,1,75,,19596,4,0,7 8 9,1,30,,19597,4,0,7 8 9,1,75,,19598,4,0,7 8 9,1,15,,19599,4,0,5 10 9,1,15,,19600,4,0,7 8 9,1,75,,19601,4,0,5 10 9,1,100,,19602,4,0,5 10 9,1,100,,19603,4,0,5 10 9,1,100,,19604,4,0,5 10 9,1,200,,19605,4,0,5 10 9,1
2701,'20260319',532,,19606,4,0,7 8 9,1,100,,19607,4,0,7 8 9,1,70,,19608,4,0,7 8 9,1,20,,19609,4,0,7 8 9,1,10,,19610,4,0,5 10 9,1,10,,19611,4,0,7 8 9,1,70,,19612,4,0,7 8 9,1,90,,19613,4,0,7 8 9,1,120,,19614,4,0,5 10 9,1,100,,19615,4,0,5 10 9,1,95,,19616,4,0,5 10 9,1,105,,19617,4,0,5 10 9,1,100,,19618,4,0,7 8 9,1,105,,19619,4,0,7 8 9,1,30,,19620,4,0,7 8 9,1,75,,19621,4,0,7 8 9,1,75,,19622,4,0,7 8 9,1,30,,19623,4,0,7 8 9,1,75,,19624,4,0,7 8 9,1,15,,19625,4,0,5 10 9,1,15,,19626,4,0,7 8 9,1,75,,19627,4,0,5 10 9,1,100,,19628,4,0,5 10 9,1,100,,19629,4,0,5 10 9,1,100,,19630,4,0,5 10 9,1,200,,19631,4,0,5 10 9,1
2701,'20260320',532,,19632,4,0,7 8 9,1,100,,19633,4,0,7 8 9,1,70,,19634,4,0,7 8 9,1,20,,19635,4,0,7 8 9,1,20,,19636,4,0,7 8 9,1,70,,19637,4,0,7 8 9,1,90,,19638,4,0,7 8 9,1,120,,19639,4,0,5 10 9,1,100,,19640,4,0,5 10 9,1,95,,19641,4,0,5 10 9,1,105,,19642,4,0,5 10 9,1,100,,19643,4,0,7 8 9,1,105,,19644,4,0,7 8 9,1,30,,19645,4,0,7 8 9,1,75,,19646,4,0,7 8 9,1,75,,19647,4,0,7 8 9,1,30,,19648,4,0,7 8 9,1,75,,19649,4,0,7 8 9,1,30,,19650,4,0,7 8 9,1,75,,19651,4,0,5 10 9,1,100,,19652,4,0,5 10 9,1,100,,19653,4,0,5 10 9,1,100,,19654,4,0,5 10 9,1,200,,19655,4,0,5 10 9,1
2701,'20260321',632,,19656,4,0,7 8 9,1,100,,19657,4,0,5 10 9,1,100,,19658,4,0,5 10 9,1,95,,19659,4,0,5 10 9,1,101,,19660,4,0,5 10 9,1,100,,19661,4,0,5 10 9,1,105,,19662,4,0,5 10 9,1,95,,19663,4,0,5 10 9,1,105,,19664,4,0,5 10 9,1,100,,19665,4,0,5 10 9,1,99,,19666,4,0,5 10 9,1,100,,19667,4,0,5 10 9,1,100,,19668,4,0,5 10 9,1,100,,19669,4,0,5 10 9,1,200,,19670,4,0,5 10 9,1,200,,19671,4,0,5 10 9,1
2701,'20260322',632,,19672,4,0,7 8 9,1,100,,19673,4,0,5 10 9,1,100,,19674,4,0,5 10 9,1,95,,19675,4,0,5 10 9,1,101,,19676,4,0,5 10 9,1,100,,19677,4,0,5 10 9,1,105,,19678,4,0,5 10 9,1,95,,19679,4,0,5 10 9,1,105,,19680,4,0,5 10 9,1,100,,19681,4,0,5 10 9,1,99,,19682,4,0,5 10 9,1,100,,19683,4,0,5 10 9,1,100,,19684,4,0,5 10 9,1,100,,19685,4,0,5 10 9,1,200,,19686,4,0,5 10 9,1,200,,19687,4,0,5 10 9,1
2701,'20260323',532,,19688,4,0,7 8 9,1,100,,19689,4,0,7 8 9,1,70,,19690,4,0,7 8 9,1,20,,19691,4,0,7 8 9,1,10,,19692,4,0,5 10 9,1,10,,19693,4,0,7 8 9,1,70,,19694,4,0,7 8 9,1,90,,19695,4,0,7 8 9,1,120,,19696,4,0,5 10 9,1,100,,19697,4,0,5 10 9,1,95,,19698,4,0,5 10 9,1,105,,19699,4,0,5 10 9,1,100,,19700,4,0,7 8 9,1,105,,19701,4,0,7 8 9,1,30,,19702,4,0,7 8 9,1,75,,19703,4,0,7 8 9,1,75,,19704,4,0,7 8 9,1,30,,19705,4,0,7 8 9,1,75,,19706,4,0,7 8 9,1,15,,19707,4,0,5 10 9,1,15,,19708,4,0,7 8 9,1,75,,19709,4,0,5 10 9,1,100,,19710,4,0,5 10 9,1,100,,19711,4,0,5 10 9,1,100,,19712,4,0,5 10 9,1,200,,19713,4,0,5 10 9,1
2701,'20260324',532,,19714,4,0,7 8 9,1,100,,19715,4,0,7 8 9,1,70,,19716,4,0,7 8 9,1,20,,19717,4,0,7 8 9,1,10,,19718,4,0,5 10 9,1,10,,19719,4,0,7 8 9,1,70,,19720,4,0,7 8 9,1,90,,19721,4,0,7 8 9,1,120,,19722,4,0,5 10 9,1,100,,19723,4,0,5 10 9,1,95,,19724,4,0,5 10 9,1,105,,19725,4,0,5 10 9,1,100,,19726,4,0,7 8 9,1,105,,19727,4,0,7 8 9,1,30,,19728,4,0,7 8 9,1,75,,19729,4,0,7 8 9,1,75,,19730,4,0,7 8 9,1,30,,19731,4,0,7 8 9,1,75,,19732,4,0,7 8 9,1,15,,19733,4,0,5 10 9,1,15,,19734,4,0,7 8 9,1,75,,19735,4,0,5 10 9,1,100,,19736,4,0,5 10 9,1,100,,19737,4,0,5 10 9,1,100,,19738,4,0,5 10 9,1,200,,19739,4,0,5 10 9,1
2701,'20260325',532,,19740,4,0,7 8 9,1,100,,19741,4,0,7 8 9,1,70,,19742,4,0,7 8 9,1,20,,19743,4,0,7 8 9,1,10,,19744,4,0,5 10 9,1,10,,19745,4,0,7 8 9,1,70,,19746,4,0,7 8 9,1,90,,19747,4,0,7 8 9,1,120,,19748,4,0,5 10 9,1,100,,19749,4,0,5 10 9,1,95,,19750,4,0,5 10 9,1,105,,19751,4,0,5 10 9,1,100,,19752,4,0,7 8 9,1,105,,19753,4,0,7 8 9,1,30,,19754,4,0,7 8 9,1,75,,19755,4,0,7 8 9,1,75,,19756,4,0,7 8 9,1,30,,19757,4,0,7 8 9,1,75,,19758,4,0,7 8 9,1,15,,19759,4,0,5 10 9,1,15,,19760,4,0,7 8 9,1,75,,19761,4,0,5 10 9,1,100,,19762,4,0,5 10 9,1,100,,19763,4,0,5 10 9,1,100,,19764,4,0,5 10 9,1,200,,19765,4,0,5 10 9,1
2701,'20260326',532,,19766,4,0,7 8 9,1,100,,19767,4,0,7 8 9,1,70,,19768,4,0,7 8 9,1,20,,19769,4,0,7 8 9,1,10,,19770,4,0,5 10 9,1,10,,19771,4,0,7 8 9,1,70,,19772,4,0,7 8 9,1,90,,19773,4,0,7 8 9,1,120,,19774,4,0,5 10 9,1,100,,19775,4,0,5 10 9,1,95,,19776,4,0,5 10 9,1,105,,19777,4,0,5 10 9,1,100,,19778,4,0,7 8 9,1,105,,19779,4,0,7 8 9,1,30,,19780,4,0,7 8 9,1,75,,19781,4,0,7 8 9,1,75,,19782,4,0,7 8 9,1,30,,19783,4,0,7 8 9,1,75,,19784,4,0,7 8 9,1,15,,19785,4,0,5 10 9,1,15,,19786,4,0,7 8 9,1,75,,19787,4,0,5 10 9,1,100,,19788,4,0,5 10 9,1,100,,19789,4,0,5 10 9,1,100,,19790,4,0,5 10 9,1,200,,19791,4,0,5 10 9,1
2701,'20260327',532,,19792,4,0,7 8 9,1,100,,19793,4,0,7 8 9,1,70,,19794,4,0,7 8 9,1,20,,19795,4,0,7 8 9,1,20,,19796,4,0,7 8 9,1,70,,19797,4,0,7 8 9,1,90,,19798,4,0,7 8 9,1,120,,19799,4,0,5 10 9,1,100,,19800,4,0,5 10 9,1,95,,19801,4,0,5 10 9,1,105,,19802,4,0,5 10 9,1,100,,19803,4,0,7 8 9,1,105,,19804,4,0,7 8 9,1,30,,19805,4,0,7 8 9,1,75,,19806,4,0,7 8 9,1,75,,19807,4,0,7 8 9,1,30,,19808,4,0,7 8 9,1,75,,19809,4,0,7 8 9,1,30,,19810,4,0,7 8 9,1,75,,19811,4,0,5 10 9,1,100,,19812,4,0,5 10 9,1,100,,19813,4,0,5 10 9,1,100,,19814,4,0,5 10 9,1,200,,19815,4,0,5 10 9,1
2701,'20260328',632,,19816,4,0,7 8 9,1,100,,19817,4,0,5 10 9,1,100,,19818,4,0,5 10 9,1,95,,19819,4,0,5 10 9,1,101,,19820,4,0,5 10 9,1,100,,19821,4,0,5 10 9,1,105,,19822,4,0,5 10 9,1,95,,19823,4,0,5 10 9,1,105,,19824,4,0,5 10 9,1,100,,19825,4,0,5 10 9,1,99,,19826,4,0,5 10 9,1,100,,19827,4,0,5 10 9,1,100,,19828,4,0,5 10 9,1,100,,19829,4,0,5 10 9,1,200,,19830,4,0,5 10 9,1,200,,19831,4,0,5 10 9,1
2701,'20260329',632,,19832,4,0,7 8 9,1,100,,19833,4,0,5 10 9,1,100,,19834,4,0,5 10 9,1,95,,19835,4,0,5 10 9,1,101,,19836,4,0,5 10 9,1,100,,19837,4,0,5 10 9,1,105,,19838,4,0,5 10 9,1,95,,19839,4,0,5 10 9,1,105,,19840,4,0,5 10 9,1,100,,19841,4,0,5 10 9,1,99,,19842,4,0,5 10 9,1,100,,19843,4,0,5 10 9,1,100,,19844,4,0,5 10 9,1,100,,19845,4,0,5 10 9,1,200,,19846,4,0,5 10 9,1,200,,19847,4,0,5 10 9,1
2701,'20260330',532,,19848,4,0,7 8 9,1,100,,19849,4,0,7 8 9,1,70,,19850,4,0,7 8 9,1,20,,19851,4,0,7 8 9,1,10,,19852,4,0,5 10 9,1,10,,19853,4,0,7 8 9,1,70,,19854,4,0,7 8 9,1,90,,19855,4,0,7 8 9,1,120,,19856,4,0,5 10 9,1,100,,19857,4,0,5 10 9,1,95,,19858,4,0,5 10 9,1,105,,19859,4,0,5 10 9,1,100,,19860,4,0,7 8 9,1,105,,19861,4,0,7 8 9,1,30,,19862,4,0,7 8 9,1,75,,19863,4,0,7 8 9,1,75,,19864,4,0,7 8 9,1,30,,19865,4,0,7 8 9,1,75,,19866,4,0,7 8 9,1,15,,19867,4,0,5 10 9,1,15,,19868,4,0,7 8 9,1,75,,19869,4,0,5 10 9,1,100,,19870,4,0,5 10 9,1,100,,19871,4,0,5 10 9,1,100,,19872,4,0,5 10 9,1,200,,19873,4,0,5 10 9,1
2701,'20260331',532,,19874,4,0,7 8 9,1,100,,19875,4,0,7 8 9,1,70,,19876,4,0,7 8 9,1,20,,19877,4,0,7 8 9,1,10,,19878,4,0,5 10 9,1,10,,19879,4,0,7 8 9,1,70,,19880,4,0,7 8 9,1,90,,19881,4,0,7 8 9,1,120,,19882,4,0,5 10 9,1,100,,19883,4,0,5 10 9,1,95,,19884,4,0,5 10 9,1,105,,19885,4,0,5 10 9,1,100,,19886,4,0,7 8 9,1,105,,19887,4,0,7 8 9,1,30,,19888,4,0,7 8 9,1,75,,19889,4,0,7 8 9,1,75,,19890,4,0,7 8 9,1,30,,19891,4,0,7 8 9,1,75,,19892,4,0,7 8 9,1,15,,19893,4,0,5 10 9,1,15,,19894,4,0,7 8 9,1,75,,19895,4,0,5 10 9,1,100,,19896,4,0,5 10 9,1,100,,19897,4,0,5 10 9,1,100,,19898,4,0,5 10 9,1,200,,19899,4,0,5 10 9,1
2701,'20260401',532,,19900,4,0,7 8 9,1,100,,19901,4,0,7 8 9,1,70,,19902,4,0,7 8 9,1,20,,19903,4,0,7 8 9,1,10,,19904,4,0,5 10 9,1,10,,19905,4,0,7 8 9,1,70,,19906,4,0,7 8 9,1,90,,19907,4,0,7 8 9,1,120,,19908,4,0,5 10 9,1,100,,19909,4,0,5 10 9,1,95,,19910,4,0,5 10 9,1,105,,19911,4,0,5 10 9,1,100,,19912,4,0,7 8 9,1,105,,19913,4,0,7 8 9,1,30,,19914,4,0,7 8 9,1,75,,19915,4,0,7 8 9,1,75,,19916,4,0,7 8 9,1,30,,19917,4,0,7 8 9,1,75,,19918,4,0,7 8 9,1,15,,19919,4,0,5 10 9,1,15,,19920,4,0,7 8 9,1,75,,19921,4,0,5 10 9,1,100,,19922,4,0,5 10 9,1,100,,19923,4,0,5 10 9,1,100,,19924,4,0,5 10 9,1,200,,19925,4,0,5 10 9,1
2701,'20260402',532,,19926,4,0,7 8 9,1,100,,19927,4,0,7 8 9,1,70,,19928,4,0,7 8 9,1,20,,19929,4,0,7 8 9,1,10,,19930,4,0,5 10 9,1,10,,19931,4,0,7 8 9,1,70,,19932,4,0,7 8 9,1,90,,19933,4,0,7 8 9,1,120,,19934,4,0,5 10 9,1,100,,19935,4,0,5 10 9,1,95,,19936,4,0,5 10 9,1,105,,19937,4,0,5 10 9,1,100,,19938,4,0,7 8 9,1,105,,19939,4,0,7 8 9,1,30,,19940,4,0,7 8 9,1,75,,19941,4,0,7 8 9,1,75,,19942,4,0,7 8 9,1,30,,19943,4,0,7 8 9,1,75,,19944,4,0,7 8 9,1,15,,19945,4,0,5 10 9,1,15,,19946,4,0,7 8 9,1,75,,19947,4,0,5 10 9,1,100,,19948,4,0,5 10 9,1,100,,19949,4,0,5 10 9,1,100,,19950,4,0,5 10 9,1,200,,19951,4,0,5 10 9,1
2701,'20260403',632,,19952,4,0,7 8 9,1,100,,19953,4,0,5 10 9,1,100,,19954,4,0,5 10 9,1,95,,19955,4,0,5 10 9,1,101,,19956,4,0,5 10 9,1,100,,19957,4,0,5 10 9,1,105,,19958,4,0,5 10 9,1,95,,19959,4,0,5 10 9,1,105,,19960,4,0,5 10 9,1,100,,19961,4,0,5 10 9,1,99,,19962,4,0,5 10 9,1,100,,19963,4,0,5 10 9,1,100,,19964,4,0,5 10 9,1,100,,19965,4,0,5 10 9,1,200,,19966,4,0,5 10 9,1,200,,19967,4,0,5 10 9,1
2701,'20260404',632,,19968,4,0,7 8 9,1,100,,19969,4,0,5 10 9,1,100,,19970,4,0,5 10 9,1,95,,19971,4,0,5 10 9,1,101,,19972,4,0,5 10 9,1,100,,19973,4,0,5 10 9,1,105,,19974,4,0,5 10 9,1,95,,19975,4,0,5 10 9,1,105,,19976,4,0,5 10 9,1,100,,19977,4,0,5 10 9,1,99,,19978,4,0,5 10 9,1,100,,19979,4,0,5 10 9,1,100,,19980,4,0,5 10 9,1,100,,19981,4,0,5 10 9,1,200,,19982,4,0,5 10 9,1,200,,19983,4,0,5 10 9,1
2701,'20260405',632,,19984,4,0,7 8 9,1,100,,19985,4,0,5 10 9,1,100,,19986,4,0,5 10 9,1,95,,19987,4,0,5 10 9,1,101,,19988,4,0,5 10 9,1,100,,19989,4,0,5 10 9,1,105,,19990,4,0,5 10 9,1,95,,19991,4,0,5 10 9,1,105,,19992,4,0,5 10 9,1,100,,19993,4,0,5 10 9,1,99,,19994,4,0,5 10 9,1,100,,19995,4,0,5 10 9,1,100,,19996,4,0,5 10 9,1,100,,19997,4,0,5 10 9,1,200,,19998,4,0,5 10 9,1,200,,19999,4,0,5 10 9,1
2701,'20260406',532,,20000,4,0,7 8 9,1,100,,20001,4,0,7 8 9,1,70,,20002,4,0,7 8 9,1,20,,20003,4,0,7 8 9,1,10,,20004,4,0,5 10 9,1,10,,20005,4,0,7 8 9,1,70,,20006,4,0,7 8 9,1,90,,20007,4,0,7 8 9,1,120,,20008,4,0,5 10 9,1,100,,20009,4,0,5 10 9,1,95,,20010,4,0,5 10 9,1,105,,20011,4,0,5 10 9,1,100,,20012,4,0,7 8 9,1,105,,20013,4,0,7 8 9,1,30,,20014,4,0,7 8 9,1,75,,20015,4,0,7 8 9,1,75,,20016,4,0,7 8 9,1,30,,20017,4,0,7 8 9,1,75,,20018,4,0,7 8 9,1,15,,20019,4,0,5 10 9,1,15,,20020,4,0,7 8 9,1,75,,20021,4,0,5 10 9,1,100,,20022,4,0,5 10 9,1,100,,20023,4,0,5 10 9,1,100,,20024,4,0,5 10 9,1,200,,20025,4,0,5 10 9,1
2701,'20260407',532,,20026,4,0,7 8 9,1,100,,20027,4,0,7 8 9,1,70,,20028,4,0,7 8 9,1,20,,20029,4,0,7 8 9,1,10,,20030,4,0,5 10 9,1,10,,20031,4,0,7 8 9,1,70,,20032,4,0,7 8 9,1,90,,20033,4,0,7 8 9,1,120,,20034,4,0,5 10 9,1,100,,20035,4,0,5 10 9,1,95,,20036,4,0,5 10 9,1,105,,20037,4,0,5 10 9,1,100,,20038,4,0,7 8 9,1,105,,20039,4,0,7 8 9,1,30,,20040,4,0,7 8 9,1,75,,20041,4,0,7 8 9,1,75,,20042,4,0,7 8 9,1,30,,20043,4,0,7 8 9,1,75,,20044,4,0,7 8 9,1,15,,20045,4,0,5 10 9,1,15,,20046,4,0,7 8 9,1,75,,20047,4,0,5 10 9,1,100,,20048,4,0,5 10 9,1,100,,20049,4,0,5 10 9,1,100,,20050,4,0,5 10 9,1,200,,20051,4,0,5 10 9,1
2701,'20260408',532,,20052,4,0,7 8 9,1,100,,20053,4,0,7 8 9,1,70,,20054,4,0,7 8 9,1,20,,20055,4,0,7 8 9,1,10,,20056,4,0,5 10 9,1,10,,20057,4,0,7 8 9,1,70,,20058,4,0,7 8 9,1,90,,20059,4,0,7 8 9,1,120,,20060,4,0,5 10 9,1,100,,20061,4,0,5 10 9,1,95,,20062,4,0,5 10 9,1,105,,20063,4,0,5 10 9,1,100,,20064,4,0,7 8 9,1,105,,20065,4,0,7 8 9,1,30,,20066,4,0,7 8 9,1,75,,20067,4,0,7 8 9,1,75,,20068,4,0,7 8 9,1,30,,20069,4,0,7 8 9,1,75,,20070,4,0,7 8 9,1,15,,20071,4,0,5 10 9,1,15,,20072,4,0,7 8 9,1,75,,20073,4,0,5 10 9,1,100,,20074,4,0,5 10 9,1,100,,20075,4,0,5 10 9,1,100,,20076,4,0,5 10 9,1,200,,20077,4,0,5 10 9,1
2701,'20260409',532,,20078,4,0,7 8 9,1,100,,20079,4,0,7 8 9,1,70,,20080,4,0,7 8 9,1,20,,20081,4,0,7 8 9,1,10,,20082,4,0,5 10 9,1,10,,20083,4,0,7 8 9,1,70,,20084,4,0,7 8 9,1,90,,20085,4,0,7 8 9,1,120,,20086,4,0,5 10 9,1,100,,20087,4,0,5 10 9,1,95,,20088,4,0,5 10 9,1,105,,20089,4,0,5 10 9,1,100,,20090,4,0,7 8 9,1,105,,20091,4,0,7 8 9,1,30,,20092,4,0,7 8 9,1,75,,20093,4,0,7 8 9,1,75,,20094,4,0,7 8 9,1,30,,20095,4,0,7 8 9,1,75,,20096,4,0,7 8 9,1,15,,20097,4,0,5 10 9,1,15,,20098,4,0,7 8 9,1,75,,20099,4,0,5 10 9,1,100,,20100,4,0,5 10 9,1,100,,20101,4,0,5 10 9,1,100,,20102,4,0,5 10 9,1,200,,20103,4,0,5 10 9,1
2701,'20260410',532,,20104,4,0,7 8 9,1,100,,20105,4,0,7 8 9,1,70,,20106,4,0,7 8 9,1,20,,20107,4,0,7 8 9,1,20,,20108,4,0,7 8 9,1,70,,20109,4,0,7 8 9,1,90,,20110,4,0,7 8 9,1,120,,20111,4,0,5 10 9,1,100,,20112,4,0,5 10 9,1,95,,20113,4,0,5 10 9,1,105,,20114,4,0,5 10 9,1,100,,20115,4,0,7 8 9,1,105,,20116,4,0,7 8 9,1,30,,20117,4,0,7 8 9,1,75,,20118,4,0,7 8 9,1,75,,20119,4,0,7 8 9,1,30,,20120,4,0,7 8 9,1,75,,20121,4,0,7 8 9,1,30,,20122,4,0,7 8 9,1,75,,20123,4,0,5 10 9,1,100,,20124,4,0,5 10 9,1,100,,20125,4,0,5 10 9,1,100,,20126,4,0,5 10 9,1,200,,20127,4,0,5 10 9,1
2701,'20260411',632,,20128,4,0,7 8 9,1,100,,20129,4,0,5 10 9,1,100,,20130,4,0,5 10 9,1,95,,20131,4,0,5 10 9,1,101,,20132,4,0,5 10 9,1,100,,20133,4,0,5 10 9,1,105,,20134,4,0,5 10 9,1,95,,20135,4,0,5 10 9,1,105,,20136,4,0,5 10 9,1,100,,20137,4,0,5 10 9,1,99,,20138,4,0,5 10 9,1,100,,20139,4,0,5 10 9,1,100,,20140,4,0,5 10 9,1,100,,20141,4,0,5 10 9,1,200,,20142,4,0,5 10 9,1,200,,20143,4,0,5 10 9,1
2701,'20260412',632,,20144,4,0,7 8 9,1,100,,20145,4,0,5 10 9,1,100,,20146,4,0,5 10 9,1,95,,20147,4,0,5 10 9,1,101,,20148,4,0,5 10 9,1,100,,20149,4,0,5 10 9,1,105,,20150,4,0,5 10 9,1,95,,20151,4,0,5 10 9,1,105,,20152,4,0,5 10 9,1,100,,20153,4,0,5 10 9,1,99,,20154,4,0,5 10 9,1,100,,20155,4,0,5 10 9,1,100,,20156,4,0,5 10 9,1,100,,20157,4,0,5 10 9,1,200,,20158,4,0,5 10 9,1,200,,20159,4,0,5 10 9,1
2701,'20260413',532,,20160,4,0,7 8 9,1,100,,20161,4,0,7 8 9,1,70,,20162,4,0,7 8 9,1,20,,20163,4,0,7 8 9,1,10,,20164,4,0,5 10 9,1,10,,20165,4,0,7 8 9,1,70,,20166,4,0,7 8 9,1,90,,20167,4,0,7 8 9,1,120,,20168,4,0,5 10 9,1,100,,20169,4,0,5 10 9,1,95,,20170,4,0,5 10 9,1,105,,20171,4,0,5 10 9,1,100,,20172,4,0,7 8 9,1,105,,20173,4,0,7 8 9,1,30,,20174,4,0,7 8 9,1,75,,20175,4,0,7 8 9,1,75,,20176,4,0,7 8 9,1,30,,20177,4,0,7 8 9,1,75,,20178,4,0,7 8 9,1,15,,20179,4,0,5 10 9,1,15,,20180,4,0,7 8 9,1,75,,20181,4,0,5 10 9,1,100,,20182,4,0,5 10 9,1,100,,20183,4,0,5 10 9,1,100,,20184,4,0,5 10 9,1,200,,20185,4,0,5 10 9,1
2701,'20260414',532,,20186,4,0,7 8 9,1,100,,20187,4,0,7 8 9,1,70,,20188,4,0,7 8 9,1,20,,20189,4,0,7 8 9,1,10,,20190,4,0,5 10 9,1,10,,20191,4,0,7 8 9,1,70,,20192,4,0,7 8 9,1,90,,20193,4,0,7 8 9,1,120,,20194,4,0,5 10 9,1,100,,20195,4,0,5 10 9,1,95,,20196,4,0,5 10 9,1,105,,20197,4,0,5 10 9,1,100,,20198,4,0,7 8 9,1,105,,20199,4,0,7 8 9,1,30,,20200,4,0,7 8 9,1,75,,20201,4,0,7 8 9,1,75,,20202,4,0,7 8 9,1,30,,20203,4,0,7 8 9,1,75,,20204,4,0,7 8 9,1,15,,20205,4,0,5 10 9,1,15,,20206,4,0,7 8 9,1,75,,20207,4,0,5 10 9,1,100,,20208,4,0,5 10 9,1,100,,20209,4,0,5 10 9,1,100,,20210,4,0,5 10 9,1,200,,20211,4,0,5 10 9,1
2701,'20260415',532,,20212,4,0,7 8 9,1,100,,20213,4,0,7 8 9,1,70,,20214,4,0,7 8 9,1,20,,20215,4,0,7 8 9,1,10,,20216,4,0,5 10 9,1,10,,20217,4,0,7 8 9,1,70,,20218,4,0,7 8 9,1,90,,20219,4,0,7 8 9,1,120,,20220,4,0,5 10 9,1,100,,20221,4,0,5 10 9,1,95,,20222,4,0,5 10 9,1,105,,20223,4,0,5 10 9,1,100,,20224,4,0,7 8 9,1,105,,20225,4,0,7 8 9,1,30,,20226,4,0,7 8 9,1,75,,20227,4,0,7 8 9,1,75,,20228,4,0,7 8 9,1,30,,20229,4,0,7 8 9,1,75,,20230,4,0,7 8 9,1,15,,20231,4,0,5 10 9,1,15,,20232,4,0,7 8 9,1,75,,20233,4,0,5 10 9,1,100,,20234,4,0,5 10 9,1,100,,20235,4,0,5 10 9,1,100,,20236,4,0,5 10 9,1,200,,20237,4,0,5 10 9,1
2701,'20260416',532,,20238,4,0,7 8 9,1,100,,20239,4,0,7 8 9,1,70,,20240,4,0,7 8 9,1,20,,20241,4,0,7 8 9,1,10,,20242,4,0,5 10 9,1,10,,20243,4,0,7 8 9,1,70,,20244,4,0,7 8 9,1,90,,20245,4,0,7 8 9,1,120,,20246,4,0,5 10 9,1,100,,20247,4,0,5 10 9,1,95,,20248,4,0,5 10 9,1,105,,20249,4,0,5 10 9,1,100,,20250,4,0,7 8 9,1,105,,20251,4,0,7 8 9,1,30,,20252,4,0,7 8 9,1,75,,20253,4,0,7 8 9,1,75,,20254,4,0,7 8 9,1,30,,20255,4,0,7 8 9,1,75,,20256,4,0,7 8 9,1,15,,20257,4,0,5 10 9,1,15,,20258,4,0,7 8 9,1,75,,20259,4,0,5 10 9,1,100,,20260,4,0,5 10 9,1,100,,20261,4,0,5 10 9,1,100,,20262,4,0,5 10 9,1,200,,20263,4,0,5 10 9,1
2701,'20260417',532,,20264,4,0,7 8 9,1,100,,20265,4,0,7 8 9,1,70,,20266,4,0,7 8 9,1,20,,20267,4,0,7 8 9,1,20,,20268,4,0,7 8 9,1,70,,20269,4,0,7 8 9,1,90,,20270,4,0,7 8 9,1,120,,20271,4,0,5 10 9,1,100,,20272,4,0,5 10 9,1,95,,20273,4,0,5 10 9,1,105,,20274,4,0,5 10 9,1,100,,20275,4,0,7 8 9,1,105,,20276,4,0,7 8 9,1,30,,20277,4,0,7 8 9,1,75,,20278,4,0,7 8 9,1,75,,20279,4,0,7 8 9,1,30,,20280,4,0,7 8 9,1,75,,20281,4,0,7 8 9,1,30,,20282,4,0,7 8 9,1,75,,20283,4,0,5 10 9,1,100,,20284,4,0,5 10 9,1,100,,20285,4,0,5 10 9,1,100,,20286,4,0,5 10 9,1,200,,20287,4,0,5 10 9,1
2701,'20260418',632,,20288,4,0,7 8 9,1,100,,20289,4,0,5 10 9,1,100,,20290,4,0,5 10 9,1,95,,20291,4,0,5 10 9,1,101,,20292,4,0,5 10 9,1,100,,20293,4,0,5 10 9,1,105,,20294,4,0,5 10 9,1,95,,20295,4,0,5 10 9,1,105,,20296,4,0,5 10 9,1,100,,20297,4,0,5 10 9,1,99,,20298,4,0,5 10 9,1,100,,20299,4,0,5 10 9,1,100,,20300,4,0,5 10 9,1,100,,20301,4,0,5 10 9,1,200,,20302,4,0,5 10 9,1,200,,20303,4,0,5 10 9,1
2701,'20260419',632,,20304,4,0,7 8 9,1,100,,20305,4,0,5 10 9,1,100,,20306,4,0,5 10 9,1,95,,20307,4,0,5 10 9,1,101,,20308,4,0,5 10 9,1,100,,20309,4,0,5 10 9,1,105,,20310,4,0,5 10 9,1,95,,20311,4,0,5 10 9,1,105,,20312,4,0,5 10 9,1,100,,20313,4,0,5 10 9,1,99,,20314,4,0,5 10 9,1,100,,20315,4,0,5 10 9,1,100,,20316,4,0,5 10 9,1,100,,20317,4,0,5 10 9,1,200,,20318,4,0,5 10 9,1,200,,20319,4,0,5 10 9,1
2701,'20260420',532,,20320,4,0,7 8 9,1,100,,20321,4,0,7 8 9,1,70,,20322,4,0,7 8 9,1,20,,20323,4,0,7 8 9,1,10,,20324,4,0,5 10 9,1,10,,20325,4,0,7 8 9,1,70,,20326,4,0,7 8 9,1,90,,20327,4,0,7 8 9,1,120,,20328,4,0,5 10 9,1,100,,20329,4,0,5 10 9,1,95,,20330,4,0,5 10 9,1,105,,20331,4,0,5 10 9,1,100,,20332,4,0,7 8 9,1,105,,20333,4,0,7 8 9,1,30,,20334,4,0,7 8 9,1,75,,20335,4,0,7 8 9,1,75,,20336,4,0,7 8 9,1,30,,20337,4,0,7 8 9,1,75,,20338,4,0,7 8 9,1,15,,20339,4,0,5 10 9,1,15,,20340,4,0,7 8 9,1,75,,20341,4,0,5 10 9,1,100,,20342,4,0,5 10 9,1,100,,20343,4,0,5 10 9,1,100,,20344,4,0,5 10 9,1,200,,20345,4,0,5 10 9,1
2701,'20260421',532,,20346,4,0,7 8 9,1,100,,20347,4,0,7 8 9,1,70,,20348,4,0,7 8 9,1,20,,20349,4,0,7 8 9,1,10,,20350,4,0,5 10 9,1,10,,20351,4,0,7 8 9,1,70,,20352,4,0,7 8 9,1,90,,20353,4,0,7 8 9,1,120,,20354,4,0,5 10 9,1,100,,20355,4,0,5 10 9,1,95,,20356,4,0,5 10 9,1,105,,20357,4,0,5 10 9,1,100,,20358,4,0,7 8 9,1,105,,20359,4,0,7 8 9,1,30,,20360,4,0,7 8 9,1,75,,20361,4,0,7 8 9,1,75,,20362,4,0,7 8 9,1,30,,20363,4,0,7 8 9,1,75,,20364,4,0,7 8 9,1,15,,20365,4,0,5 10 9,1,15,,20366,4,0,7 8 9,1,75,,20367,4,0,5 10 9,1,100,,20368,4,0,5 10 9,1,100,,20369,4,0,5 10 9,1,100,,20370,4,0,5 10 9,1,200,,20371,4,0,5 10 9,1
2701,'20260422',532,,20372,4,0,7 8 9,1,100,,20373,4,0,7 8 9,1,70,,20374,4,0,7 8 9,1,20,,20375,4,0,7 8 9,1,10,,20376,4,0,5 10 9,1,10,,20377,4,0,7 8 9,1,70,,20378,4,0,7 8 9,1,90,,20379,4,0,7 8 9,1,120,,20380,4,0,5 10 9,1,100,,20381,4,0,5 10 9,1,95,,20382,4,0,5 10 9,1,105,,20383,4,0,5 10 9,1,100,,20384,4,0,7 8 9,1,105,,20385,4,0,7 8 9,1,30,,20386,4,0,7 8 9,1,75,,20387,4,0,7 8 9,1,75,,20388,4,0,7 8 9,1,30,,20389,4,0,7 8 9,1,75,,20390,4,0,7 8 9,1,15,,20391,4,0,5 10 9,1,15,,20392,4,0,7 8 9,1,75,,20393,4,0,5 10 9,1,100,,20394,4,0,5 10 9,1,100,,20395,4,0,5 10 9,1,100,,20396,4,0,5 10 9,1,200,,20397,4,0,5 10 9,1
2701,'20260423',532,,20398,4,0,7 8 9,1,100,,20399,4,0,7 8 9,1,70,,20400,4,0,7 8 9,1,20,,20401,4,0,7 8 9,1,10,,20402,4,0,5 10 9,1,10,,20403,4,0,7 8 9,1,70,,20404,4,0,7 8 9,1,90,,20405,4,0,7 8 9,1,120,,20406,4,0,5 10 9,1,100,,20407,4,0,5 10 9,1,95,,20408,4,0,5 10 9,1,105,,20409,4,0,5 10 9,1,100,,20410,4,0,7 8 9,1,105,,20411,4,0,7 8 9,1,30,,20412,4,0,7 8 9,1,75,,20413,4,0,7 8 9,1,75,,20414,4,0,7 8 9,1,30,,20415,4,0,7 8 9,1,75,,20416,4,0,7 8 9,1,15,,20417,4,0,5 10 9,1,15,,20418,4,0,7 8 9,1,75,,20419,4,0,5 10 9,1,100,,20420,4,0,5 10 9,1,100,,20421,4,0,5 10 9,1,100,,20422,4,0,5 10 9,1,200,,20423,4,0,5 10 9,1
2701,'20260424',532,,20424,4,0,7 8 9,1,100,,20425,4,0,7 8 9,1,70,,20426,4,0,7 8 9,1,20,,20427,4,0,7 8 9,1,20,,20428,4,0,7 8 9,1,70,,20429,4,0,7 8 9,1,90,,20430,4,0,7 8 9,1,120,,20431,4,0,5 10 9,1,100,,20432,4,0,5 10 9,1,95,,20433,4,0,5 10 9,1,105,,20434,4,0,5 10 9,1,100,,20435,4,0,7 8 9,1,105,,20436,4,0,7 8 9,1,30,,20437,4,0,7 8 9,1,75,,20438,4,0,7 8 9,1,75,,20439,4,0,7 8 9,1,30,,20440,4,0,7 8 9,1,75,,20441,4,0,7 8 9,1,30,,20442,4,0,7 8 9,1,75,,20443,4,0,5 10 9,1,100,,20444,4,0,5 10 9,1,100,,20445,4,0,5 10 9,1,100,,20446,4,0,5 10 9,1,200,,20447,4,0,5 10 9,1
6700,'20260310',1512,,50484,4,,,1,205,,50485,4,,,1,205,,50486,4,,,1
6700,'20260311',1512,,50487,4,,,1,205,,50488,4,,,1,205,,50489,4,,,1
6700,'20260312',1512,,50490,4,,,1,205,,50491,4,,,1,205,,50492,4,,,1
6700,'20260313',1512,,50493,4,,,1,205,,50494,4,,,1,205,,50495,4,,,1
6700,'20260316',1512,,50496,4,,,1,205,,50497,4,,,1,205,,50498,4,,,1
6700,'20260317',1512,,50499,4,,,1,205,,50500,4,,,1,205,,50501,4,,,1
6700,'20260318',1512,,50502,4,,,1,205,,50503,4,,,1,205,,50504,4,,,1
6700,'20260319',1512,,50505,4,,,1,205,,50506,4,,,1,205,,50507,4,,,1
6700,'20260320',1512,,50508,4,,,1,205,,50509,4,,,1,205,,50510,4,,,1
6700,'20260323',1512,,50511,4,,,1,205,,50512,4,,,1,205,,50513,4,,,1
6700,'20260324',1512,,50514,4,,,1,205,,50515,4,,,1,205,,50516,4,,,1
6700,'20260325',1512,,50517,4,,,1,205,,50518,4,,,1,205,,50519,4,,,1
6700,'20260326',1512,,50520,4,,,1,205,,50521,4,,,1,205,,50522,4,,,1
6700,'20260327',1512,,50523,4,,,1,205,,50524,4,,,1,205,,50525,4,,,1
6700,'20260330',1512,,50526,4,,,1,205,,50527,4,,,1,205,,50528,4,,,1
6700,'20260331',1512,,50529,4,,,1,205,,50530,4,,,1,205,,50531,4,,,1
6700,'20260401',1512,,50532,4,,,1,205,,50533,4,,,1,205,,50534,4,,,1
6700,'20260402',1512,,50535,4,,,1,205,,50536,4,,,1,205,,50537,4,,,1
6700,'20260406',1512,,50538,4,,,1,205,,50539,4,,,1,205,,50540,4,,,1
6700,'20260407',1512,,50541,4,,,1,205,,50542,4,,,1,205,,50543,4,,,1
6700,'20260408',1512,,50544,4,,,1,205,,50545,4,,,1,205,,50546,4,,,1
6700,'20260409',1512,,50547,4,,,1,205,,50548,4,,,1,205,,50549,4,,,1
6700,'20260410',1512,,50550,4,,,1,205,,50551,4,,,1,205,,50552,4,,,1
6700,'20260413',1512,,50553,4,,,1,205,,50554,4,,,1,205,,50555,4,,,1
6700,'20260414',1512,,50556,4,,,1,205,,50557,4,,,1,205,,50558,4,,,1
6700,'20260415',1512,,50559,4,,,1,205,,50560,4,,,1,205,,50561,4,,,1
6700,'20260416',1512,,50562,4,,,1,205,,50563,4,,,1,205,,50564,4,,,1
6700,'20260417',1512,,50565,4,,,1,205,,50566,4,,,1,205,,50567,4,,,1
6700,'20260420',1512,,50568,4,,,1,205,,50569,4,,,1,205,,50570,4,,,1
6700,'20260421',1512,,50571,4,,,1,205,,50572,4,,,1,205,,50573,4,,,1
6700,'20260422',1512,,50574,4,,,1,205,,50575,4,,,1,205,,50576,4,,,1
6700,'20260423',1512,,50577,4,,,1,205,,50578,4,,,1,205,,50579,4,,,1
6700,'20260424',1512,,50580,4,,,1,205,,50581,4,,,1,205,,50582,4,,,1
9600,'20260310',617,,57765,4,0,5 11 12 9,1,90,,57766,4,0,5 11 12 9,1,95,,57767,4,0,5 11 12 9,1,35,,57768,4,0,5 11 12 9,1,65,,57769,4,0,5 11 12 9,1,110,,57770,4,0,5 11 12 9,1,195,,57771,4,0,5 11 12 9,1,200,,57772,4,0,5 11 12 9,1,105,,57773,4,0,5 11 12 9,1,95,,57774,4,0,5 11 12 9,1,25,,57775,4,0,5 11 12 9,1,75,,57776,4,0,5 11 12 9,1,35,,57777,4,0,5 11 12 9,1,70,,57778,4,0,5 11 12 9,1,90,,57779,4,0,5 11 12 9,1,205,,57780,4,0,5 11 12 9,1,300,,57781,4,0,5 11 12 9,1
9600,'20260311',617,,57782,4,0,5 11 12 9,1,90,,57783,4,0,5 11 12 9,1,95,,57784,4,0,5 11 12 9,1,35,,57785,4,0,5 11 12 9,1,65,,57786,4,0,5 11 12 9,1,110,,57787,4,0,5 11 12 9,1,195,,57788,4,0,5 11 12 9,1,200,,57789,4,0,5 11 12 9,1,105,,57790,4,0,5 11 12 9,1,95,,57791,4,0,5 11 12 9,1,25,,57792,4,0,5 11 12 9,1,75,,57793,4,0,5 11 12 9,1,35,,57794,4,0,5 11 12 9,1,70,,57795,4,0,5 11 12 9,1,90,,57796,4,0,5 11 12 9,1,205,,57797,4,0,5 11 12 9,1,300,,57798,4,0,5 11 12 9,1
9600,'20260312',617,,57799,4,0,5 11 12 9,1,90,,57800,4,0,5 11 12 9,1,95,,57801,4,0,5 11 12 9,1,35,,57802,4,0,5 11 12 9,1,65,,57803,4,0,5 11 12 9,1,110,,57804,4,0,5 11 12 9,1,195,,57805,4,0,5 11 12 9,1,200,,57806,4,0,5 11 12 9,1,105,,57807,4,0,5 11 12 9,1,95,,57808,4,0,5 11 12 9,1,25,,57809,4,0,5 11 12 9,1,75,,57810,4,0,5 11 12 9,1,35,,57811,4,0,5 11 12 9,1,70,,57812,4,0,5 11 12 9,1,90,,57813,4,0,5 11 12 9,1,205,,57814,4,0,5 11 12 9,1,300,,57815,4,0,5 11 12 9,1
9600,'20260313',617,,57816,4,0,5 11 12 9,1,90,,57817,4,0,5 11 12 9,1,95,,57818,4,0,5 11 12 9,1,100,,57819,4,0,5 11 12 9,1,110,,57820,4,0,5 11 12 9,1,195,,57821,4,0,5 11 12 9,1,200,,57822,4,0,5 11 12 9,1,105,,57823,4,0,5 11 12 9,1,95,,57824,4,0,5 11 12 9,1,25,,57825,4,0,5 11 12 9,1,75,,57826,4,0,5 11 12 9,1,35,,57827,4,0,5 11 12 9,1,70,,57828,4,0,5 11 12 9,1,90,,57829,4,0,5 11 12 9,1,205,,57830,4,0,5 11 12 9,1,300,,57831,4,0,5 11 12 9,1
9600,'20260314',812,,57832,4,0,5 11 12 9,1,200,,57833,4,0,5 11 12 9,1,200,,57834,4,0,5 11 12 9,1,100,,57835,4,0,5 11 12 9,1,100,,57836,4,0,5 11 12 9,1,100,,57837,4,0,5 11 12 9,1,100,,57838,4,0,5 11 12 9,1,100,,57839,4,0,5 11 12 9,1,100,,57840,4,0,5 11 12 9,1,200,,57841,4,0,5 11 12 9,1,200,,57842,4,0,5 11 12 9,1,200,,57843,4,0,5 11 12 9,1
9600,'20260315',812,,57844,4,0,5 11 12 9,1,200,,57845,4,0,5 11 12 9,1,200,,57846,4,0,5 11 12 9,1,100,,57847,4,0,5 11 12 9,1,100,,57848,4,0,5 11 12 9,1,100,,57849,4,0,5 11 12 9,1,100,,57850,4,0,5 11 12 9,1,100,,57851,4,0,5 11 12 9,1,100,,57852,4,0,5 11 12 9,1,200,,57853,4,0,5 11 12 9,1,200,,57854,4,0,5 11 12 9,1,200,,57855,4,0,5 11 12 9,1
9600,'20260316',617,,57856,4,0,5 11 12 9,1,90,,57857,4,0,5 11 12 9,1,95,,57858,4,0,5 11 12 9,1,35,,57859,4,0,5 11 12 9,1,65,,57860,4,0,5 11 12 9,1,110,,57861,4,0,5 11 12 9,1,195,,57862,4,0,5 11 12 9,1,200,,57863,4,0,5 11 12 9,1,105,,57864,4,0,5 11 12 9,1,95,,57865,4,0,5 11 12 9,1,25,,57866,4,0,5 11 12 9,1,75,,57867,4,0,5 11 12 9,1,35,,57868,4,0,5 11 12 9,1,70,,57869,4,0,5 11 12 9,1,90,,57870,4,0,5 11 12 9,1,205,,57871,4,0,5 11 12 9,1,300,,57872,4,0,5 11 12 9,1
9600,'20260317',617,,57873,4,0,5 11 12 9,1,90,,57874,4,0,5 11 12 9,1,95,,57875,4,0,5 11 12 9,1,35,,57876,4,0,5 11 12 9,1,65,,57877,4,0,5 11 12 9,1,110,,57878,4,0,5 11 12 9,1,195,,57879,4,0,5 11 12 9,1,200,,57880,4,0,5 11 12 9,1,105,,57881,4,0,5 11 12 9,1,95,,57882,4,0,5 11 12 9,1,25,,57883,4,0,5 11 12 9,1,75,,57884,4,0,5 11 12 9,1,35,,57885,4,0,5 11 12 9,1,70,,57886,4,0,5 11 12 9,1,90,,57887,4,0,5 11 12 9,1,205,,57888,4,0,5 11 12 9,1,300,,57889,4,0,5 11 12 9,1
9600,'20260318',617,,57890,4,0,5 11 12 9,1,90,,57891,4,0,5 11 12 9,1,95,,57892,4,0,5 11 12 9,1,35,,57893,4,0,5 11 12 9,1,65,,57894,4,0,5 11 12 9,1,110,,57895,4,0,5 11 12 9,1,195,,57896,4,0,5 11 12 9,1,200,,57897,4,0,5 11 12 9,1,105,,57898,4,0,5 11 12 9,1,95,,57899,4,0,5 11 12 9,1,25,,57900,4,0,5 11 12 9,1,75,,57901,4,0,5 11 12 9,1,35,,57902,4,0,5 11 12 9,1,70,,57903,4,0,5 11 12 9,1,90,,57904,4,0,5 11 12 9,1,205,,57905,4,0,5 11 12 9,1,300,,57906,4,0,5 11 12 9,1
9600,'20260319',617,,57907,4,0,5 11 12 9,1,90,,57908,4,0,5 11 12 9,1,95,,57909,4,0,5 11 12 9,1,35,,57910,4,0,5 11 12 9,1,65,,57911,4,0,5 11 12 9,1,110,,57912,4,0,5 11 12 9,1,195,,57913,4,0,5 11 12 9,1,200,,57914,4,0,5 11 12 9,1,105,,57915,4,0,5 11 12 9,1,95,,57916,4,0,5 11 12 9,1,25,,57917,4,0,5 11 12 9,1,75,,57918,4,0,5 11 12 9,1,35,,57919,4,0,5 11 12 9,1,70,,57920,4,0,5 11 12 9,1,90,,57921,4,0,5 11 12 9,1,205,,57922,4,0,5 11 12 9,1,300,,57923,4,0,5 11 12 9,1
9600,'20260320',617,,57924,4,0,5 11 12 9,1,90,,57925,4,0,5 11 12 9,1,95,,57926,4,0,5 11 12 9,1,100,,57927,4,0,5 11 12 9,1,110,,57928,4,0,5 11 12 9,1,195,,57929,4,0,5 11 12 9,1,200,,57930,4,0,5 11 12 9,1,105,,57931,4,0,5 11 12 9,1,95,,57932,4,0,5 11 12 9,1,25,,57933,4,0,5 11 12 9,1,75,,57934,4,0,5 11 12 9,1,35,,57935,4,0,5 11 12 9,1,70,,57936,4,0,5 11 12 9,1,90,,57937,4,0,5 11 12 9,1,205,,57938,4,0,5 11 12 9,1,300,,57939,4,0,5 11 12 9,1
9600,'20260321',812,,57940,4,0,5 11 12 9,1,200,,57941,4,0,5 11 12 9,1,200,,57942,4,0,5 11 12 9,1,100,,57943,4,0,5 11 12 9,1,100,,57944,4,0,5 11 12 9,1,100,,57945,4,0,5 11 12 9,1,100,,57946,4,0,5 11 12 9,1,100,,57947,4,0,5 11 12 9,1,100,,57948,4,0,5 11 12 9,1,200,,57949,4,0,5 11 12 9,1,200,,57950,4,0,5 11 12 9,1,200,,57951,4,0,5 11 12 9,1
9600,'20260322',812,,57952,4,0,5 11 12 9,1,200,,57953,4,0,5 11 12 9,1,200,,57954,4,0,5 11 12 9,1,100,,57955,4,0,5 11 12 9,1,100,,57956,4,0,5 11 12 9,1,100,,57957,4,0,5 11 12 9,1,100,,57958,4,0,5 11 12 9,1,100,,57959,4,0,5 11 12 9,1,100,,57960,4,0,5 11 12 9,1,200,,57961,4,0,5 11 12 9,1,200,,57962,4,0,5 11 12 9,1,200,,57963,4,0,5 11 12 9,1
9600,'20260323',617,,57964,4,0,5 11 12 9,1,90,,57965,4,0,5 11 12 9,1,95,,57966,4,0,5 11 12 9,1,35,,57967,4,0,5 11 12 9,1,65,,57968,4,0,5 11 12 9,1,110,,57969,4,0,5 11 12 9,1,195,,57970,4,0,5 11 12 9,1,200,,57971,4,0,5 11 12 9,1,105,,57972,4,0,5 11 12 9,1,95,,57973,4,0,5 11 12 9,1,25,,57974,4,0,5 11 12 9,1,75,,57975,4,0,5 11 12 9,1,35,,57976,4,0,5 11 12 9,1,70,,57977,4,0,5 11 12 9,1,90,,57978,4,0,5 11 12 9,1,205,,57979,4,0,5 11 12 9,1,300,,57980,4,0,5 11 12 9,1
9600,'20260324',617,,57981,4,0,5 11 12 9,1,90,,57982,4,0,5 11 12 9,1,95,,57983,4,0,5 11 12 9,1,35,,57984,4,0,5 11 12 9,1,65,,57985,4,0,5 11 12 9,1,110,,57986,4,0,5 11 12 9,1,195,,57987,4,0,5 11 12 9,1,200,,57988,4,0,5 11 12 9,1,105,,57989,4,0,5 11 12 9,1,95,,57990,4,0,5 11 12 9,1,25,,57991,4,0,5 11 12 9,1,75,,57992,4,0,5 11 12 9,1,35,,57993,4,0,5 11 12 9,1,70,,57994,4,0,5 11 12 9,1,90,,57995,4,0,5 11 12 9,1,205,,57996,4,0,5 11 12 9,1,300,,57997,4,0,5 11 12 9,1
9600,'20260325',617,,57998,4,0,5 11 12 9,1,90,,57999,4,0,5 11 12 9,1,95,,58000,4,0,5 11 12 9,1,35,,58001,4,0,5 11 12 9,1,65,,58002,4,0,5 11 12 9,1,110,,58003,4,0,5 11 12 9,1,195,,58004,4,0,5 11 12 9,1,200,,58005,4,0,5 11 12 9,1,105,,58006,4,0,5 11 12 9,1,95,,58007,4,0,5 11 12 9,1,25,,58008,4,0,5 11 12 9,1,75,,58009,4,0,5 11 12 9,1,35,,58010,4,0,5 11 12 9,1,70,,58011,4,0,5 11 12 9,1,90,,58012,4,0,5 11 12 9,1,205,,58013,4,0,5 11 12 9,1,300,,58014,4,0,5 11 12 9,1
9600,'20260326',617,,58015,4,0,5 11 12 9,1,90,,58016,4,0,5 11 12 9,1,95,,58017,4,0,5 11 12 9,1,35,,58018,4,0,5 11 12 9,1,65,,58019,4,0,5 11 12 9,1,110,,58020,4,0,5 11 12 9,1,195,,58021,4,0,5 11 12 9,1,200,,58022,4,0,5 11 12 9,1,105,,58023,4,0,5 11 12 9,1,95,,58024,4,0,5 11 12 9,1,25,,58025,4,0,5 11 12 9,1,75,,58026,4,0,5 11 12 9,1,35,,58027,4,0,5 11 12 9,1,70,,58028,4,0,5 11 12 9,1,90,,58029,4,0,5 11 12 9,1,205,,58030,4,0,5 11 12 9,1,300,,58031,4,0,5 11 12 9,1
9600,'20260327',617,,58032,4,0,5 11 12 9,1,90,,58033,4,0,5 11 12 9,1,95,,58034,4,0,5 11 12 9,1,100,,58035,4,0,5 11 12 9,1,110,,58036,4,0,5 11 12 9,1,195,,58037,4,0,5 11 12 9,1,200,,58038,4,0,5 11 12 9,1,105,,58039,4,0,5 11 12 9,1,95,,58040,4,0,5 11 12 9,1,25,,58041,4,0,5 11 12 9,1,75,,58042,4,0,5 11 12 9,1,35,,58043,4,0,5 11 12 9,1,70,,58044,4,0,5 11 12 9,1,90,,58045,4,0,5 11 12 9,1,205,,58046,4,0,5 11 12 9,1,300,,58047,4,0,5 11 12 9,1
9600,'20260328',812,,58048,4,0,5 11 12 9,1,200,,58049,4,0,5 11 12 9,1,200,,58050,4,0,5 11 12 9,1,100,,58051,4,0,5 11 12 9,1,100,,58052,4,0,5 11 12 9,1,100,,58053,4,0,5 11 12 9,1,100,,58054,4,0,5 11 12 9,1,100,,58055,4,0,5 11 12 9,1,100,,58056,4,0,5 11 12 9,1,200,,58057,4,0,5 11 12 9,1,200,,58058,4,0,5 11 12 9,1,200,,58059,4,0,5 11 12 9,1
9600,'20260329',812,,58060,4,0,5 11 12 9,1,200,,58061,4,0,5 11 12 9,1,200,,58062,4,0,5 11 12 9,1,100,,58063,4,0,5 11 12 9,1,100,,58064,4,0,5 11 12 9,1,100,,58065,4,0,5 11 12 9,1,100,,58066,4,0,5 11 12 9,1,100,,58067,4,0,5 11 12 9,1,100,,58068,4,0,5 11 12 9,1,200,,58069,4,0,5 11 12 9,1,200,,58070,4,0,5 11 12 9,1,200,,58071,4,0,5 11 12 9,1
9600,'20260330',617,,58072,4,0,5 11 12 9,1,90,,58073,4,0,5 11 12 9,1,95,,58074,4,0,5 11 12 9,1,35,,58075,4,0,5 11 12 9,1,65,,58076,4,0,5 11 12 9,1,110,,58077,4,0,5 11 12 9,1,195,,58078,4,0,5 11 12 9,1,200,,58079,4,0,5 11 12 9,1,105,,58080,4,0,5 11 12 9,1,95,,58081,4,0,5 11 12 9,1,25,,58082,4,0,5 11 12 9,1,75,,58083,4,0,5 11 12 9,1,35,,58084,4,0,5 11 12 9,1,70,,58085,4,0,5 11 12 9,1,90,,58086,4,0,5 11 12 9,1,205,,58087,4,0,5 11 12 9,1,300,,58088,4,0,5 11 12 9,1
9600,'20260331',617,,58089,4,0,5 11 12 9,1,90,,58090,4,0,5 11 12 9,1,95,,58091,4,0,5 11 12 9,1,35,,58092,4,0,5 11 12 9,1,65,,58093,4,0,5 11 12 9,1,110,,58094,4,0,5 11 12 9,1,195,,58095,4,0,5 11 12 9,1,200,,58096,4,0,5 11 12 9,1,105,,58097,4,0,5 11 12 9,1,95,,58098,4,0,5 11 12 9,1,25,,58099,4,0,5 11 12 9,1,75,,58100,4,0,5 11 12 9,1,35,,58101,4,0,5 11 12 9,1,70,,58102,4,0,5 11 12 9,1,90,,58103,4,0,5 11 12 9,1,205,,58104,4,0,5 11 12 9,1,300,,58105,4,0,5 11 12 9,1
9600,'20260401',617,,58106,4,0,5 11 12 9,1,90,,58107,4,0,5 11 12 9,1,95,,58108,4,0,5 11 12 9,1,35,,58109,4,0,5 11 12 9,1,65,,58110,4,0,5 11 12 9,1,110,,58111,4,0,5 11 12 9,1,195,,58112,4,0,5 11 12 9,1,200,,58113,4,0,5 11 12 9,1,105,,58114,4,0,5 11 12 9,1,95,,58115,4,0,5 11 12 9,1,25,,58116,4,0,5 11 12 9,1,75,,58117,4,0,5 11 12 9,1,35,,58118,4,0,5 11 12 9,1,70,,58119,4,0,5 11 12 9,1,90,,58120,4,0,5 11 12 9,1,205,,58121,4,0,5 11 12 9,1,300,,58122,4,0,5 11 12 9,1
9600,'20260402',617,,58123,4,0,5 11 12 9,1,90,,58124,4,0,5 11 12 9,1,95,,58125,4,0,5 11 12 9,1,35,,58126,4,0,5 11 12 9,1,65,,58127,4,0,5 11 12 9,1,110,,58128,4,0,5 11 12 9,1,195,,58129,4,0,5 11 12 9,1,200,,58130,4,0,5 11 12 9,1,105,,58131,4,0,5 11 12 9,1,95,,58132,4,0,5 11 12 9,1,25,,58133,4,0,5 11 12 9,1,75,,58134,4,0,5 11 12 9,1,35,,58135,4,0,5 11 12 9,1,70,,58136,4,0,5 11 12 9,1,90,,58137,4,0,5 11 12 9,1,205,,58138,4,0,5 11 12 9,1,300,,58139,4,0,5 11 12 9,1
9600,'20260403',812,,58140,4,0,5 11 12 9,1,200,,58141,4,0,5 11 12 9,1,200,,58142,4,0,5 11 12 9,1,100,,58143,4,0,5 11 12 9,1,100,,58144,4,0,5 11 12 9,1,100,,58145,4,0,5 11 12 9,1,100,,58146,4,0,5 11 12 9,1,100,,58147,4,0,5 11 12 9,1,100,,58148,4,0,5 11 12 9,1,200,,58149,4,0,5 11 12 9,1,200,,58150,4,0,5 11 12 9,1,200,,58151,4,0,5 11 12 9,1
9600,'20260404',812,,58152,4,0,5 11 12 9,1,200,,58153,4,0,5 11 12 9,1,200,,58154,4,0,5 11 12 9,1,100,,58155,4,0,5 11 12 9,1,100,,58156,4,0,5 11 12 9,1,100,,58157,4,0,5 11 12 9,1,100,,58158,4,0,5 11 12 9,1,100,,58159,4,0,5 11 12 9,1,100,,58160,4,0,5 11 12 9,1,200,,58161,4,0,5 11 12 9,1,200,,58162,4,0,5 11 12 9,1,200,,58163,4,0,5 11 12 9,1
9600,'20260405',812,,58164,4,0,5 11 12 9,1,200,,58165,4,0,5 11 12 9,1,200,,58166,4,0,5 11 12 9,1,100,,58167,4,0,5 11 12 9,1,100,,58168,4,0,5 11 12 9,1,100,,58169,4,0,5 11 12 9,1,100,,58170,4,0,5 11 12 9,1,100,,58171,4,0,5 11 12 9,1,100,,58172,4,0,5 11 12 9,1,200,,58173,4,0,5 11 12 9,1,200,,58174,4,0,5 11 12 9,1,200,,58175,4,0,5 11 12 9,1
9600,'20260406',617,,58176,4,0,5 11 12 9,1,90,,58177,4,0,5 11 12 9,1,95,,58178,4,0,5 11 12 9,1,35,,58179,4,0,5 11 12 9,1,65,,58180,4,0,5 11 12 9,1,110,,58181,4,0,5 11 12 9,1,195,,58182,4,0,5 11 12 9,1,200,,58183,4,0,5 11 12 9,1,105,,58184,4,0,5 11 12 9,1,95,,58185,4,0,5 11 12 9,1,25,,58186,4,0,5 11 12 9,1,75,,58187,4,0,5 11 12 9,1,35,,58188,4,0,5 11 12 9,1,70,,58189,4,0,5 11 12 9,1,90,,58190,4,0,5 11 12 9,1,205,,58191,4,0,5 11 12 9,1,300,,58192,4,0,5 11 12 9,1
9600,'20260407',617,,58193,4,0,5 11 12 9,1,90,,58194,4,0,5 11 12 9,1,95,,58195,4,0,5 11 12 9,1,35,,58196,4,0,5 11 12 9,1,65,,58197,4,0,5 11 12 9,1,110,,58198,4,0,5 11 12 9,1,195,,58199,4,0,5 11 12 9,1,200,,58200,4,0,5 11 12 9,1,105,,58201,4,0,5 11 12 9,1,95,,58202,4,0,5 11 12 9,1,25,,58203,4,0,5 11 12 9,1,75,,58204,4,0,5 11 12 9,1,35,,58205,4,0,5 11 12 9,1,70,,58206,4,0,5 11 12 9,1,90,,58207,4,0,5 11 12 9,1,205,,58208,4,0,5 11 12 9,1,300,,58209,4,0,5 11 12 9,1
9600,'20260408',617,,58210,4,0,5 11 12 9,1,90,,58211,4,0,5 11 12 9,1,95,,58212,4,0,5 11 12 9,1,35,,58213,4,0,5 11 12 9,1,65,,58214,4,0,5 11 12 9,1,110,,58215,4,0,5 11 12 9,1,195,,58216,4,0,5 11 12 9,1,200,,58217,4,0,5 11 12 9,1,105,,58218,4,0,5 11 12 9,1,95,,58219,4,0,5 11 12 9,1,25,,58220,4,0,5 11 12 9,1,75,,58221,4,0,5 11 12 9,1,35,,58222,4,0,5 11 12 9,1,70,,58223,4,0,5 11 12 9,1,90,,58224,4,0,5 11 12 9,1,205,,58225,4,0,5 11 12 9,1,300,,58226,4,0,5 11 12 9,1
9600,'20260409',617,,58227,4,0,5 11 12 9,1,90,,58228,4,0,5 11 12 9,1,95,,58229,4,0,5 11 12 9,1,35,,58230,4,0,5 11 12 9,1,65,,58231,4,0,5 11 12 9,1,110,,58232,4,0,5 11 12 9,1,195,,58233,4,0,5 11 12 9,1,200,,58234,4,0,5 11 12 9,1,105,,58235,4,0,5 11 12 9,1,95,,58236,4,0,5 11 12 9,1,25,,58237,4,0,5 11 12 9,1,75,,58238,4,0,5 11 12 9,1,35,,58239,4,0,5 11 12 9,1,70,,58240,4,0,5 11 12 9,1,90,,58241,4,0,5 11 12 9,1,205,,58242,4,0,5 11 12 9,1,300,,58243,4,0,5 11 12 9,1
9600,'20260410',617,,58244,4,0,5 11 12 9,1,90,,58245,4,0,5 11 12 9,1,95,,58246,4,0,5 11 12 9,1,100,,58247,4,0,5 11 12 9,1,110,,58248,4,0,5 11 12 9,1,195,,58249,4,0,5 11 12 9,1,200,,58250,4,0,5 11 12 9,1,105,,58251,4,0,5 11 12 9,1,95,,58252,4,0,5 11 12 9,1,25,,58253,4,0,5 11 12 9,1,75,,58254,4,0,5 11 12 9,1,35,,58255,4,0,5 11 12 9,1,70,,58256,4,0,5 11 12 9,1,90,,58257,4,0,5 11 12 9,1,205,,58258,4,0,5 11 12 9,1,300,,58259,4,0,5 11 12 9,1
9600,'20260411',812,,58260,4,0,5 11 12 9,1,200,,58261,4,0,5 11 12 9,1,200,,58262,4,0,5 11 12 9,1,100,,58263,4,0,5 11 12 9,1,100,,58264,4,0,5 11 12 9,1,100,,58265,4,0,5 11 12 9,1,100,,58266,4,0,5 11 12 9,1,100,,58267,4,0,5 11 12 9,1,100,,58268,4,0,5 11 12 9,1,200,,58269,4,0,5 11 12 9,1,200,,58270,4,0,5 11 12 9,1,200,,58271,4,0,5 11 12 9,1
9600,'20260412',812,,58272,4,0,5 11 12 9,1,200,,58273,4,0,5 11 12 9,1,200,,58274,4,0,5 11 12 9,1,100,,58275,4,0,5 11 12 9,1,100,,58276,4,0,5 11 12 9,1,100,,58277,4,0,5 11 12 9,1,100,,58278,4,0,5 11 12 9,1,100,,58279,4,0,5 11 12 9,1,100,,58280,4,0,5 11 12 9,1,200,,58281,4,0,5 11 12 9,1,200,,58282,4,0,5 11 12 9,1,200,,58283,4,0,5 11 12 9,1
9600,'20260413',617,,58284,4,0,5 11 12 9,1,90,,58285,4,0,5 11 12 9,1,95,,58286,4,0,5 11 12 9,1,35,,58287,4,0,5 11 12 9,1,65,,58288,4,0,5 11 12 9,1,110,,58289,4,0,5 11 12 9,1,195,,58290,4,0,5 11 12 9,1,200,,58291,4,0,5 11 12 9,1,105,,58292,4,0,5 11 12 9,1,95,,58293,4,0,5 11 12 9,1,25,,58294,4,0,5 11 12 9,1,75,,58295,4,0,5 11 12 9,1,35,,58296,4,0,5 11 12 9,1,70,,58297,4,0,5 11 12 9,1,90,,58298,4,0,5 11 12 9,1,205,,58299,4,0,5 11 12 9,1,300,,58300,4,0,5 11 12 9,1
9600,'20260414',617,,58301,4,0,5 11 12 9,1,90,,58302,4,0,5 11 12 9,1,95,,58303,4,0,5 11 12 9,1,35,,58304,4,0,5 11 12 9,1,65,,58305,4,0,5 11 12 9,1,110,,58306,4,0,5 11 12 9,1,195,,58307,4,0,5 11 12 9,1,200,,58308,4,0,5 11 12 9,1,105,,58309,4,0,5 11 12 9,1,95,,58310,4,0,5 11 12 9,1,25,,58311,4,0,5 11 12 9,1,75,,58312,4,0,5 11 12 9,1,35,,58313,4,0,5 11 12 9,1,70,,58314,4,0,5 11 12 9,1,90,,58315,4,0,5 11 12 9,1,205,,58316,4,0,5 11 12 9,1,300,,58317,4,0,5 11 12 9,1
9600,'20260415',617,,58318,4,0,5 11 12 9,1,90,,58319,4,0,5 11 12 9,1,95,,58320,4,0,5 11 12 9,1,35,,58321,4,0,5 11 12 9,1,65,,58322,4,0,5 11 12 9,1,110,,58323,4,0,5 11 12 9,1,195,,58324,4,0,5 11 12 9,1,200,,58325,4,0,5 11 12 9,1,105,,58326,4,0,5 11 12 9,1,95,,58327,4,0,5 11 12 9,1,25,,58328,4,0,5 11 12 9,1,75,,58329,4,0,5 11 12 9,1,35,,58330,4,0,5 11 12 9,1,70,,58331,4,0,5 11 12 9,1,90,,58332,4,0,5 11 12 9,1,205,,58333,4,0,5 11 12 9,1,300,,58334,4,0,5 11 12 9,1
9600,'20260416',617,,58335,4,0,5 11 12 9,1,90,,58336,4,0,5 11 12 9,1,95,,58337,4,0,5 11 12 9,1,35,,58338,4,0,5 11 12 9,1,65,,58339,4,0,5 11 12 9,1,110,,58340,4,0,5 11 12 9,1,195,,58341,4,0,5 11 12 9,1,200,,58342,4,0,5 11 12 9,1,105,,58343,4,0,5 11 12 9,1,95,,58344,4,0,5 11 12 9,1,25,,58345,4,0,5 11 12 9,1,75,,58346,4,0,5 11 12 9,1,35,,58347,4,0,5 11 12 9,1,70,,58348,4,0,5 11 12 9,1,90,,58349,4,0,5 11 12 9,1,205,,58350,4,0,5 11 12 9,1,300,,58351,4,0,5 11 12 9,1
9600,'20260417',617,,58352,4,0,5 11 12 9,1,90,,58353,4,0,5 11 12 9,1,95,,58354,4,0,5 11 12 9,1,100,,58355,4,0,5 11 12 9,1,110,,58356,4,0,5 11 12 9,1,195,,58357,4,0,5 11 12 9,1,200,,58358,4,0,5 11 12 9,1,105,,58359,4,0,5 11 12 9,1,95,,58360,4,0,5 11 12 9,1,25,,58361,4,0,5 11 12 9,1,75,,58362,4,0,5 11 12 9,1,35,,58363,4,0,5 11 12 9,1,70,,58364,4,0,5 11 12 9,1,90,,58365,4,0,5 11 12 9,1,205,,58366,4,0,5 11 12 9,1,300,,58367,4,0,5 11 12 9,1
9600,'20260418',812,,58368,4,0,5 11 12 9,1,200,,58369,4,0,5 11 12 9,1,200,,58370,4,0,5 11 12 9,1,100,,58371,4,0,5 11 12 9,1,100,,58372,4,0,5 11 12 9,1,100,,58373,4,0,5 11 12 9,1,100,,58374,4,0,5 11 12 9,1,100,,58375,4,0,5 11 12 9,1,100,,58376,4,0,5 11 12 9,1,200,,58377,4,0,5 11 12 9,1,200,,58378,4,0,5 11 12 9,1,200,,58379,4,0,5 11 12 9,1
9600,'20260419',812,,58380,4,0,5 11 12 9,1,200,,58381,4,0,5 11 12 9,1,200,,58382,4,0,5 11 12 9,1,100,,58383,4,0,5 11 12 9,1,100,,58384,4,0,5 11 12 9,1,100,,58385,4,0,5 11 12 9,1,100,,58386,4,0,5 11 12 9,1,100,,58387,4,0,5 11 12 9,1,100,,58388,4,0,5 11 12 9,1,200,,58389,4,0,5 11 12 9,1,200,,58390,4,0,5 11 12 9,1,200,,58391,4,0,5 11 12 9,1
9600,'20260420',617,,58392,4,0,5 11 12 9,1,90,,58393,4,0,5 11 12 9,1,95,,58394,4,0,5 11 12 9,1,35,,58395,4,0,5 11 12 9,1,65,,58396,4,0,5 11 12 9,1,110,,58397,4,0,5 11 12 9,1,195,,58398,4,0,5 11 12 9,1,200,,58399,4,0,5 11 12 9,1,105,,58400,4,0,5 11 12 9,1,95,,58401,4,0,5 11 12 9,1,25,,58402,4,0,5 11 12 9,1,75,,58403,4,0,5 11 12 9,1,35,,58404,4,0,5 11 12 9,1,70,,58405,4,0,5 11 12 9,1,90,,58406,4,0,5 11 12 9,1,205,,58407,4,0,5 11 12 9,1,300,,58408,4,0,5 11 12 9,1
9600,'20260421',617,,58409,4,0,5 11 12 9,1,90,,58410,4,0,5 11 12 9,1,95,,58411,4,0,5 11 12 9,1,35,,58412,4,0,5 11 12 9,1,65,,58413,4,0,5 11 12 9,1,110,,58414,4,0,5 11 12 9,1,195,,58415,4,0,5 11 12 9,1,200,,58416,4,0,5 11 12 9,1,105,,58417,4,0,5 11 12 9,1,95,,58418,4,0,5 11 12 9,1,25,,58419,4,0,5 11 12 9,1,75,,58420,4,0,5 11 12 9,1,35,,58421,4,0,5 11 12 9,1,70,,58422,4,0,5 11 12 9,1,90,,58423,4,0,5 11 12 9,1,205,,58424,4,0,5 11 12 9,1,300,,58425,4,0,5 11 12 9,1
9600,'20260422',617,,58426,4,0,5 11 12 9,1,90,,58427,4,0,5 11 12 9,1,95,,58428,4,0,5 11 12 9,1,35,,58429,4,0,5 11 12 9,1,65,,58430,4,0,5 11 12 9,1,110,,58431,4,0,5 11 12 9,1,195,,58432,4,0,5 11 12 9,1,200,,58433,4,0,5 11 12 9,1,105,,58434,4,0,5 11 12 9,1,95,,58435,4,0,5 11 12 9,1,25,,58436,4,0,5 11 12 9,1,75,,58437,4,0,5 11 12 9,1,35,,58438,4,0,5 11 12 9,1,70,,58439,4,0,5 11 12 9,1,90,,58440,4,0,5 11 12 9,1,205,,58441,4,0,5 11 12 9,1,300,,58442,4,0,5 11 12 9,1
9600,'20260423',617,,58443,4,0,5 11 12 9,1,90,,58444,4,0,5 11 12 9,1,95,,58445,4,0,5 11 12 9,1,35,,58446,4,0,5 11 12 9,1,65,,58447,4,0,5 11 12 9,1,110,,58448,4,0,5 11 12 9,1,195,,58449,4,0,5 11 12 9,1,200,,58450,4,0,5 11 12 9,1,105,,58451,4,0,5 11 12 9,1,95,,58452,4,0,5 11 12 9,1,25,,58453,4,0,5 11 12 9,1,75,,58454,4,0,5 11 12 9,1,35,,58455,4,0,5 11 12 9,1,70,,58456,4,0,5 11 12 9,1,90,,58457,4,0,5 11 12 9,1,205,,58458,4,0,5 11 12 9,1,300,,58459,4,0,5 11 12 9,1
9600,'20260424',617,,58460,4,0,5 11 12 9,1,90,,58461,4,0,5 11 12 9,1,95,,58462,4,0,5 11 12 9,1,100,,58463,4,0,5 11 12 9,1,110,,58464,4,0,5 11 12 9,1,195,,58465,4,0,5 11 12 9,1,200,,58466,4,0,5 11 12 9,1,105,,58467,4,0,5 11 12 9,1,95,,58468,4,0,5 11 12 9,1,25,,58469,4,0,5 11 12 9,1,75,,58470,4,0,5 11 12 9,1,35,,58471,4,0,5 11 12 9,1,70,,58472,4,0,5 11 12 9,1,90,,58473,4,0,5 11 12 9,1,205,,58474,4,0,5 11 12 9,1,300,,58475,4,0,5 11 12 9,1
