3200,'20260707',614,,166269,9,,,1,15,,166270,9,,,1,19,,166271,9,,,1,55,,166272,9,,,1,15,,166273,9,,,1,10,,166274,9,,,1,5,,166275,11,0,5 6,1,5,,166276,9,,,1,10,,166277,9,,,1,10,,166278,9,,,1,50,,166279,11,0,5 6,1,14,,166280,9,,,1,10,,166281,9,,,1,15,,166282,9,,,1,55,,166283,9,,,1,30,,166284,9,,,1,76,,166285,9,,,1,100,,166286,9,,,1,100,,166287,9,,,1,100,,166288,9,,,1,100,,166289,9,,,1,100,,166290,9,,,1
3200,'20260708',614,,166291,9,,,1,15,,166292,9,,,1,19,,166293,9,,,1,55,,166294,9,,,1,15,,166295,9,,,1,10,,166296,9,,,1,5,,166297,11,0,5 6,1,5,,166298,9,,,1,10,,166299,9,,,1,10,,166300,9,,,1,50,,166301,11,0,5 6,1,14,,166302,9,,,1,10,,166303,9,,,1,15,,166304,9,,,1,55,,166305,9,,,1,30,,166306,9,,,1,76,,166307,9,,,1,100,,166308,9,,,1,100,,166309,9,,,1,100,,166310,9,,,1,100,,166311,9,,,1,100,,166312,9,,,1
3200,'20260709',614,,166313,9,,,1,15,,166314,9,,,1,19,,166315,9,,,1,55,,166316,9,,,1,15,,166317,9,,,1,10,,166318,9,,,1,5,,166319,11,0,5 6,1,5,,166320,9,,,1,10,,166321,9,,,1,10,,166322,9,,,1,50,,166323,11,0,5 6,1,14,,166324,9,,,1,10,,166325,9,,,1,15,,166326,9,,,1,55,,166327,9,,,1,30,,166328,9,,,1,76,,166329,9,,,1,100,,166330,9,,,1,100,,166331,9,,,1,100,,166332,9,,,1,100,,166333,9,,,1,100,,166334,9,,,1
3200,'20260710',614,,166335,9,,,1,15,,166336,9,,,1,19,,166337,9,,,1,55,,166338,9,,,1,15,,166339,9,,,1,10,,166340,9,,,1,5,,166341,11,0,5 6,1,5,,166342,9,,,1,10,,166343,9,,,1,10,,166344,9,,,1,50,,166345,11,0,5 6,1,14,,166346,9,,,1,10,,166347,9,,,1,15,,166348,9,,,1,55,,166349,9,,,1,30,,166350,9,,,1,76,,166351,9,,,1,100,,166352,9,,,1,100,,166353,9,,,1,100,,166354,9,,,1,100,,166355,9,,,1,100,,166356,9,,,1
3200,'20260713',614,,166357,9,,,1,15,,166358,9,,,1,19,,166359,9,,,1,55,,166360,9,,,1,15,,166361,9,,,1,10,,166362,9,,,1,5,,166363,11,0,5 6,1,5,,166364,9,,,1,10,,166365,9,,,1,10,,166366,9,,,1,50,,166367,11,0,5 6,1,14,,166368,9,,,1,10,,166369,9,,,1,15,,166370,9,,,1,55,,166371,9,,,1,30,,166372,9,,,1,76,,166373,9,,,1,100,,166374,9,,,1,100,,166375,9,,,1,100,,166376,9,,,1,100,,166377,9,,,1,100,,166378,9,,,1
3200,'20260714',614,,166379,9,,,1,15,,166380,9,,,1,19,,166381,9,,,1,55,,166382,9,,,1,15,,166383,9,,,1,10,,166384,9,,,1,5,,166385,11,0,5 6,1,5,,166386,9,,,1,10,,166387,9,,,1,10,,166388,9,,,1,50,,166389,11,0,5 6,1,14,,166390,9,,,1,10,,166391,9,,,1,15,,166392,9,,,1,55,,166393,9,,,1,30,,166394,9,,,1,76,,166395,9,,,1,100,,166396,9,,,1,100,,166397,9,,,1,100,,166398,9,,,1,100,,166399,9,,,1,100,,166400,9,,,1
3200,'20260715',614,,166401,9,,,1,15,,166402,9,,,1,19,,166403,9,,,1,55,,166404,9,,,1,15,,166405,9,,,1,10,,166406,9,,,1,5,,166407,11,0,5 6,1,5,,166408,9,,,1,10,,166409,9,,,1,10,,166410,9,,,1,50,,166411,11,0,5 6,1,14,,166412,9,,,1,10,,166413,9,,,1,15,,166414,9,,,1,55,,166415,9,,,1,30,,166416,9,,,1,76,,166417,9,,,1,100,,166418,9,,,1,100,,166419,9,,,1,100,,166420,9,,,1,100,,166421,9,,,1,100,,166422,9,,,1
3200,'20260716',614,,166423,9,,,1,15,,166424,9,,,1,19,,166425,9,,,1,55,,166426,9,,,1,15,,166427,9,,,1,10,,166428,9,,,1,5,,166429,11,0,5 6,1,5,,166430,9,,,1,10,,166431,9,,,1,10,,166432,9,,,1,50,,166433,11,0,5 6,1,14,,166434,9,,,1,10,,166435,9,,,1,15,,166436,9,,,1,55,,166437,9,,,1,30,,166438,9,,,1,76,,166439,9,,,1,100,,166440,9,,,1,100,,166441,9,,,1,100,,166442,9,,,1,100,,166443,9,,,1,100,,166444,9,,,1
3200,'20260717',614,,166445,9,,,1,15,,166446,9,,,1,19,,166447,9,,,1,55,,166448,9,,,1,15,,166449,9,,,1,10,,166450,9,,,1,5,,166451,11,0,5 6,1,5,,166452,9,,,1,10,,166453,9,,,1,10,,166454,9,,,1,50,,166455,11,0,5 6,1,14,,166456,9,,,1,10,,166457,9,,,1,15,,166458,9,,,1,55,,166459,9,,,1,30,,166460,9,,,1,76,,166461,9,,,1,100,,166462,9,,,1,100,,166463,9,,,1,100,,166464,9,,,1,100,,166465,9,,,1,100,,166466,9,,,1
3200,'20260720',614,,166467,9,,,1,15,,166468,9,,,1,19,,166469,9,,,1,55,,166470,9,,,1,15,,166471,9,,,1,10,,166472,9,,,1,5,,166473,11,0,5 6,1,5,,166474,9,,,1,10,,166475,9,,,1,10,,166476,9,,,1,50,,166477,11,0,5 6,1,14,,166478,9,,,1,10,,166479,9,,,1,15,,166480,9,,,1,55,,166481,9,,,1,30,,166482,9,,,1,76,,166483,9,,,1,100,,166484,9,,,1,100,,166485,9,,,1,100,,166486,9,,,1,100,,166487,9,,,1,100,,166488,9,,,1
3200,'20260721',614,,166489,9,,,1,15,,166490,9,,,1,19,,166491,9,,,1,55,,166492,9,,,1,15,,166493,9,,,1,10,,166494,9,,,1,5,,166495,11,0,5 6,1,5,,166496,9,,,1,10,,166497,9,,,1,10,,166498,9,,,1,50,,166499,11,0,5 6,1,14,,166500,9,,,1,10,,166501,9,,,1,15,,166502,9,,,1,55,,166503,9,,,1,30,,166504,9,,,1,76,,166505,9,,,1,100,,166506,9,,,1,100,,166507,9,,,1,100,,166508,9,,,1,100,,166509,9,,,1,100,,166510,9,,,1
3200,'20260722',614,,166511,9,,,1,15,,166512,9,,,1,19,,166513,9,,,1,55,,166514,9,,,1,15,,166515,9,,,1,10,,166516,9,,,1,5,,166517,11,0,5 6,1,5,,166518,9,,,1,10,,166519,9,,,1,10,,166520,9,,,1,50,,166521,11,0,5 6,1,14,,166522,9,,,1,10,,166523,9,,,1,15,,166524,9,,,1,55,,166525,9,,,1,30,,166526,9,,,1,76,,166527,9,,,1,100,,166528,9,,,1,100,,166529,9,,,1,100,,166530,9,,,1,100,,166531,9,,,1,100,,166532,9,,,1
3200,'20260723',614,,166533,9,,,1,15,,166534,9,,,1,19,,166535,9,,,1,55,,166536,9,,,1,15,,166537,9,,,1,10,,166538,9,,,1,5,,166539,11,0,5 6,1,5,,166540,9,,,1,10,,166541,9,,,1,10,,166542,9,,,1,50,,166543,11,0,5 6,1,14,,166544,9,,,1,10,,166545,9,,,1,15,,166546,9,,,1,55,,166547,9,,,1,30,,166548,9,,,1,76,,166549,9,,,1,100,,166550,9,,,1,100,,166551,9,,,1,100,,166552,9,,,1,100,,166553,9,,,1,100,,166554,9,,,1
3200,'20260724',614,,166555,9,,,1,15,,166556,9,,,1,19,,166557,9,,,1,55,,166558,9,,,1,15,,166559,9,,,1,10,,166560,9,,,1,5,,166561,11,0,5 6,1,5,,166562,9,,,1,10,,166563,9,,,1,10,,166564,9,,,1,50,,166565,11,0,5 6,1,14,,166566,9,,,1,10,,166567,9,,,1,15,,166568,9,,,1,55,,166569,9,,,1,30,,166570,9,,,1,76,,166571,9,,,1,100,,166572,9,,,1,100,,166573,9,,,1,100,,166574,9,,,1,100,,166575,9,,,1,100,,166576,9,,,1
3200,'20260727',614,,166577,9,,,1,15,,166578,9,,,1,19,,166579,9,,,1,55,,166580,9,,,1,15,,166581,9,,,1,10,,166582,9,,,1,5,,166583,11,0,5 6,1,5,,166584,9,,,1,10,,166585,9,,,1,10,,166586,9,,,1,50,,166587,11,0,5 6,1,14,,166588,9,,,1,10,,166589,9,,,1,15,,166590,9,,,1,55,,166591,9,,,1,30,,166592,9,,,1,76,,166593,9,,,1,100,,166594,9,,,1,100,,166595,9,,,1,100,,166596,9,,,1,100,,166597,9,,,1,100,,166598,9,,,1
3200,'20260728',614,,166599,9,,,1,15,,166600,9,,,1,19,,166601,9,,,1,55,,166602,9,,,1,15,,166603,9,,,1,10,,166604,9,,,1,5,,166605,11,0,5 6,1,5,,166606,9,,,1,10,,166607,9,,,1,10,,166608,9,,,1,50,,166609,11,0,5 6,1,14,,166610,9,,,1,10,,166611,9,,,1,15,,166612,9,,,1,55,,166613,9,,,1,30,,166614,9,,,1,76,,166615,9,,,1,100,,166616,9,,,1,100,,166617,9,,,1,100,,166618,9,,,1,100,,166619,9,,,1,100,,166620,9,,,1
3200,'20260729',614,,166621,9,,,1,15,,166622,9,,,1,19,,166623,9,,,1,55,,166624,9,,,1,15,,166625,9,,,1,10,,166626,9,,,1,5,,166627,11,0,5 6,1,5,,166628,9,,,1,10,,166629,9,,,1,10,,166630,9,,,1,50,,166631,11,0,5 6,1,14,,166632,9,,,1,10,,166633,9,,,1,15,,166634,9,,,1,55,,166635,9,,,1,30,,166636,9,,,1,76,,166637,9,,,1,100,,166638,9,,,1,100,,166639,9,,,1,100,,166640,9,,,1,100,,166641,9,,,1,100,,166642,9,,,1
3200,'20260730',614,,166643,9,,,1,15,,166644,9,,,1,19,,166645,9,,,1,55,,166646,9,,,1,15,,166647,9,,,1,10,,166648,9,,,1,5,,166649,11,0,5 6,1,5,,166650,9,,,1,10,,166651,9,,,1,10,,166652,9,,,1,50,,166653,11,0,5 6,1,14,,166654,9,,,1,10,,166655,9,,,1,15,,166656,9,,,1,55,,166657,9,,,1,30,,166658,9,,,1,76,,166659,9,,,1,100,,166660,9,,,1,100,,166661,9,,,1,100,,166662,9,,,1,100,,166663,9,,,1,100,,166664,9,,,1
3200,'20260731',614,,166665,9,,,1,15,,166666,9,,,1,19,,166667,9,,,1,55,,166668,9,,,1,15,,166669,9,,,1,10,,166670,9,,,1,5,,166671,11,0,5 6,1,5,,166672,9,,,1,10,,166673,9,,,1,10,,166674,9,,,1,50,,166675,11,0,5 6,1,14,,166676,9,,,1,10,,166677,9,,,1,15,,166678,9,,,1,55,,166679,9,,,1,30,,166680,9,,,1,76,,166681,9,,,1,100,,166682,9,,,1,100,,166683,9,,,1,100,,166684,9,,,1,100,,166685,9,,,1,100,,166686,9,,,1
3200,'20260804',614,,166687,9,,,1,15,,166688,9,,,1,19,,166689,9,,,1,55,,166690,9,,,1,15,,166691,9,,,1,10,,166692,9,,,1,5,,166693,11,0,5 6,1,5,,166694,9,,,1,10,,166695,9,,,1,10,,166696,9,,,1,50,,166697,11,0,5 6,1,14,,166698,9,,,1,10,,166699,9,,,1,15,,166700,9,,,1,55,,166701,9,,,1,30,,166702,9,,,1,76,,166703,9,,,1,100,,166704,9,,,1,100,,166705,9,,,1,100,,166706,9,,,1,100,,166707,9,,,1,100,,166708,9,,,1
3200,'20260805',614,,166709,9,,,1,15,,166710,9,,,1,19,,166711,9,,,1,55,,166712,9,,,1,15,,166713,9,,,1,10,,166714,9,,,1,5,,166715,11,0,5 6,1,5,,166716,9,,,1,10,,166717,9,,,1,10,,166718,9,,,1,50,,166719,11,0,5 6,1,14,,166720,9,,,1,10,,166721,9,,,1,15,,166722,9,,,1,55,,166723,9,,,1,30,,166724,9,,,1,76,,166725,9,,,1,100,,166726,9,,,1,100,,166727,9,,,1,100,,166728,9,,,1,100,,166729,9,,,1,100,,166730,9,,,1
3200,'20260806',614,,166731,9,,,1,15,,166732,9,,,1,19,,166733,9,,,1,55,,166734,9,,,1,15,,166735,9,,,1,10,,166736,9,,,1,5,,166737,11,0,5 6,1,5,,166738,9,,,1,10,,166739,9,,,1,10,,166740,9,,,1,50,,166741,11,0,5 6,1,14,,166742,9,,,1,10,,166743,9,,,1,15,,166744,9,,,1,55,,166745,9,,,1,30,,166746,9,,,1,76,,166747,9,,,1,100,,166748,9,,,1,100,,166749,9,,,1,100,,166750,9,,,1,100,,166751,9,,,1,100,,166752,9,,,1
3200,'20260807',614,,166753,9,,,1,15,,166754,9,,,1,19,,166755,9,,,1,55,,166756,9,,,1,15,,166757,9,,,1,10,,166758,9,,,1,5,,166759,11,0,5 6,1,5,,166760,9,,,1,10,,166761,9,,,1,10,,166762,9,,,1,50,,166763,11,0,5 6,1,14,,166764,9,,,1,10,,166765,9,,,1,15,,166766,9,,,1,55,,166767,9,,,1,30,,166768,9,,,1,76,,166769,9,,,1,100,,166770,9,,,1,100,,166771,9,,,1,100,,166772,9,,,1,100,,166773,9,,,1,100,,166774,9,,,1
3200,'20260810',614,,166775,9,,,1,15,,166776,9,,,1,19,,166777,9,,,1,55,,166778,9,,,1,15,,166779,9,,,1,10,,166780,9,,,1,5,,166781,11,0,5 6,1,5,,166782,9,,,1,10,,166783,9,,,1,10,,166784,9,,,1,50,,166785,11,0,5 6,1,14,,166786,9,,,1,10,,166787,9,,,1,15,,166788,9,,,1,55,,166789,9,,,1,30,,166790,9,,,1,76,,166791,9,,,1,100,,166792,9,,,1,100,,166793,9,,,1,100,,166794,9,,,1,100,,166795,9,,,1,100,,166796,9,,,1
3200,'20260811',614,,166797,9,,,1,15,,166798,9,,,1,19,,166799,9,,,1,55,,166800,9,,,1,15,,166801,9,,,1,10,,166802,9,,,1,5,,166803,11,0,5 6,1,5,,166804,9,,,1,10,,166805,9,,,1,10,,166806,9,,,1,50,,166807,11,0,5 6,1,14,,166808,9,,,1,10,,166809,9,,,1,15,,166810,9,,,1,55,,166811,9,,,1,30,,166812,9,,,1,76,,166813,9,,,1,100,,166814,9,,,1,100,,166815,9,,,1,100,,166816,9,,,1,100,,166817,9,,,1,100,,166818,9,,,1
3200,'20260812',614,,166819,9,,,1,15,,166820,9,,,1,19,,166821,9,,,1,55,,166822,9,,,1,15,,166823,9,,,1,10,,166824,9,,,1,5,,166825,11,0,5 6,1,5,,166826,9,,,1,10,,166827,9,,,1,10,,166828,9,,,1,50,,166829,11,0,5 6,1,14,,166830,9,,,1,10,,166831,9,,,1,15,,166832,9,,,1,55,,166833,9,,,1,30,,166834,9,,,1,76,,166835,9,,,1,100,,166836,9,,,1,100,,166837,9,,,1,100,,166838,9,,,1,100,,166839,9,,,1,100,,166840,9,,,1
3200,'20260813',614,,166841,9,,,1,15,,166842,9,,,1,19,,166843,9,,,1,55,,166844,9,,,1,15,,166845,9,,,1,10,,166846,9,,,1,5,,166847,11,0,5 6,1,5,,166848,9,,,1,10,,166849,9,,,1,10,,166850,9,,,1,50,,166851,11,0,5 6,1,14,,166852,9,,,1,10,,166853,9,,,1,15,,166854,9,,,1,55,,166855,9,,,1,30,,166856,9,,,1,76,,166857,9,,,1,100,,166858,9,,,1,100,,166859,9,,,1,100,,166860,9,,,1,100,,166861,9,,,1,100,,166862,9,,,1
3200,'20260814',614,,166863,9,,,1,15,,166864,9,,,1,19,,166865,9,,,1,55,,166866,9,,,1,15,,166867,9,,,1,10,,166868,9,,,1,5,,166869,11,0,5 6,1,5,,166870,9,,,1,10,,166871,9,,,1,10,,166872,9,,,1,50,,166873,11,0,5 6,1,14,,166874,9,,,1,10,,166875,9,,,1,15,,166876,9,,,1,55,,166877,9,,,1,30,,166878,9,,,1,76,,166879,9,,,1,100,,166880,9,,,1,100,,166881,9,,,1,100,,166882,9,,,1,100,,166883,9,,,1,100,,166884,9,,,1
3200,'20260817',614,,166885,9,,,1,15,,166886,9,,,1,19,,166887,9,,,1,55,,166888,9,,,1,15,,166889,9,,,1,10,,166890,9,,,1,5,,166891,11,0,5 6,1,5,,166892,9,,,1,10,,166893,9,,,1,10,,166894,9,,,1,50,,166895,11,0,5 6,1,14,,166896,9,,,1,10,,166897,9,,,1,15,,166898,9,,,1,55,,166899,9,,,1,30,,166900,9,,,1,76,,166901,9,,,1,100,,166902,9,,,1,100,,166903,9,,,1,100,,166904,9,,,1,100,,166905,9,,,1,100,,166906,9,,,1
3200,'20260818',614,,166907,9,,,1,15,,166908,9,,,1,19,,166909,9,,,1,55,,166910,9,,,1,15,,166911,9,,,1,10,,166912,9,,,1,5,,166913,11,0,5 6,1,5,,166914,9,,,1,10,,166915,9,,,1,10,,166916,9,,,1,50,,166917,11,0,5 6,1,14,,166918,9,,,1,10,,166919,9,,,1,15,,166920,9,,,1,55,,166921,9,,,1,30,,166922,9,,,1,76,,166923,9,,,1,100,,166924,9,,,1,100,,166925,9,,,1,100,,166926,9,,,1,100,,166927,9,,,1,100,,166928,9,,,1
3200,'20260819',614,,166929,9,,,1,15,,166930,9,,,1,19,,166931,9,,,1,55,,166932,9,,,1,15,,166933,9,,,1,10,,166934,9,,,1,5,,166935,11,0,5 6,1,5,,166936,9,,,1,10,,166937,9,,,1,10,,166938,9,,,1,50,,166939,11,0,5 6,1,14,,166940,9,,,1,10,,166941,9,,,1,15,,166942,9,,,1,55,,166943,9,,,1,30,,166944,9,,,1,76,,166945,9,,,1,100,,166946,9,,,1,100,,166947,9,,,1,100,,166948,9,,,1,100,,166949,9,,,1,100,,166950,9,,,1
3200,'20260820',614,,166951,9,,,1,15,,166952,9,,,1,19,,166953,9,,,1,55,,166954,9,,,1,15,,166955,9,,,1,10,,166956,9,,,1,5,,166957,11,0,5 6,1,5,,166958,9,,,1,10,,166959,9,,,1,10,,166960,9,,,1,50,,166961,11,0,5 6,1,14,,166962,9,,,1,10,,166963,9,,,1,15,,166964,9,,,1,55,,166965,9,,,1,30,,166966,9,,,1,76,,166967,9,,,1,100,,166968,9,,,1,100,,166969,9,,,1,100,,166970,9,,,1,100,,166971,9,,,1,100,,166972,9,,,1
3200,'20260821',614,,166973,9,,,1,15,,166974,9,,,1,19,,166975,9,,,1,55,,166976,9,,,1,15,,166977,9,,,1,10,,166978,9,,,1,5,,166979,11,0,5 6,1,5,,166980,9,,,1,10,,166981,9,,,1,10,,166982,9,,,1,50,,166983,11,0,5 6,1,14,,166984,9,,,1,10,,166985,9,,,1,15,,166986,9,,,1,55,,166987,9,,,1,30,,166988,9,,,1,76,,166989,9,,,1,100,,166990,9,,,1,100,,166991,9,,,1,100,,166992,9,,,1,100,,166993,9,,,1,100,,166994,9,,,1
3200,'20260824',614,,166995,9,,,1,15,,166996,9,,,1,19,,166997,9,,,1,55,,166998,9,,,1,15,,166999,9,,,1,10,,167000,9,,,1,5,,167001,11,0,5 6,1,5,,167002,9,,,1,10,,167003,9,,,1,10,,167004,9,,,1,50,,167005,11,0,5 6,1,14,,167006,9,,,1,10,,167007,9,,,1,15,,167008,9,,,1,55,,167009,9,,,1,30,,167010,9,,,1,76,,167011,9,,,1,100,,167012,9,,,1,100,,167013,9,,,1,100,,167014,9,,,1,100,,167015,9,,,1,100,,167016,9,,,1
3200,'20260825',614,,167017,9,,,1,15,,167018,9,,,1,19,,167019,9,,,1,55,,167020,9,,,1,15,,167021,9,,,1,10,,167022,9,,,1,5,,167023,11,0,5 6,1,5,,167024,9,,,1,10,,167025,9,,,1,10,,167026,9,,,1,50,,167027,11,0,5 6,1,14,,167028,9,,,1,10,,167029,9,,,1,15,,167030,9,,,1,55,,167031,9,,,1,30,,167032,9,,,1,76,,167033,9,,,1,100,,167034,9,,,1,100,,167035,9,,,1,100,,167036,9,,,1,100,,167037,9,,,1,100,,167038,9,,,1
3200,'20260826',614,,167039,9,,,1,15,,167040,9,,,1,19,,167041,9,,,1,55,,167042,9,,,1,15,,167043,9,,,1,10,,167044,9,,,1,5,,167045,11,0,5 6,1,5,,167046,9,,,1,10,,167047,9,,,1,10,,167048,9,,,1,50,,167049,11,0,5 6,1,14,,167050,9,,,1,10,,167051,9,,,1,15,,167052,9,,,1,55,,167053,9,,,1,30,,167054,9,,,1,76,,167055,9,,,1,100,,167056,9,,,1,100,,167057,9,,,1,100,,167058,9,,,1,100,,167059,9,,,1,100,,167060,9,,,1
3200,'20260827',614,,167061,9,,,1,15,,167062,9,,,1,19,,167063,9,,,1,55,,167064,9,,,1,15,,167065,9,,,1,10,,167066,9,,,1,5,,167067,11,0,5 6,1,5,,167068,9,,,1,10,,167069,9,,,1,10,,167070,9,,,1,50,,167071,11,0,5 6,1,14,,167072,9,,,1,10,,167073,9,,,1,15,,167074,9,,,1,55,,167075,9,,,1,30,,167076,9,,,1,76,,167077,9,,,1,100,,167078,9,,,1,100,,167079,9,,,1,100,,167080,9,,,1,100,,167081,9,,,1,100,,167082,9,,,1
3200,'20260828',614,,167083,9,,,1,15,,167084,9,,,1,19,,167085,9,,,1,55,,167086,9,,,1,15,,167087,9,,,1,10,,167088,9,,,1,5,,167089,11,0,5 6,1,5,,167090,9,,,1,10,,167091,9,,,1,10,,167092,9,,,1,50,,167093,11,0,5 6,1,14,,167094,9,,,1,10,,167095,9,,,1,15,,167096,9,,,1,55,,167097,9,,,1,30,,167098,9,,,1,76,,167099,9,,,1,100,,167100,9,,,1,100,,167101,9,,,1,100,,167102,9,,,1,100,,167103,9,,,1,100,,167104,9,,,1
3200,'20260831',614,,167105,9,,,1,15,,167106,9,,,1,19,,167107,9,,,1,55,,167108,9,,,1,15,,167109,9,,,1,10,,167110,9,,,1,5,,167111,11,0,5 6,1,5,,167112,9,,,1,10,,167113,9,,,1,10,,167114,9,,,1,50,,167115,11,0,5 6,1,14,,167116,9,,,1,10,,167117,9,,,1,15,,167118,9,,,1,55,,167119,9,,,1,30,,167120,9,,,1,76,,167121,9,,,1,100,,167122,9,,,1,100,,167123,9,,,1,100,,167124,9,,,1,100,,167125,9,,,1,100,,167126,9,,,1
3200,'20260901',614,,167127,9,,,1,15,,167128,9,,,1,19,,167129,9,,,1,55,,167130,9,,,1,15,,167131,9,,,1,10,,167132,9,,,1,5,,167133,11,0,5 6,1,5,,167134,9,,,1,10,,167135,9,,,1,10,,167136,9,,,1,50,,167137,11,0,5 6,1,14,,167138,9,,,1,10,,167139,9,,,1,15,,167140,9,,,1,55,,167141,9,,,1,30,,167142,9,,,1,76,,167143,9,,,1,100,,167144,9,,,1,100,,167145,9,,,1,100,,167146,9,,,1,100,,167147,9,,,1,100,,167148,9,,,1
3200,'20260902',614,,167149,9,,,1,15,,167150,9,,,1,19,,167151,9,,,1,55,,167152,9,,,1,15,,167153,9,,,1,10,,167154,9,,,1,5,,167155,11,0,5 6,1,5,,167156,9,,,1,10,,167157,9,,,1,10,,167158,9,,,1,50,,167159,11,0,5 6,1,14,,167160,9,,,1,10,,167161,9,,,1,15,,167162,9,,,1,55,,167163,9,,,1,30,,167164,9,,,1,76,,167165,9,,,1,100,,167166,9,,,1,100,,167167,9,,,1,100,,167168,9,,,1,100,,167169,9,,,1,100,,167170,9,,,1
3200,'20260903',614,,167171,9,,,1,15,,167172,9,,,1,19,,167173,9,,,1,55,,167174,9,,,1,15,,167175,9,,,1,10,,167176,9,,,1,5,,167177,11,0,5 6,1,5,,167178,9,,,1,10,,167179,9,,,1,10,,167180,9,,,1,50,,167181,11,0,5 6,1,14,,167182,9,,,1,10,,167183,9,,,1,15,,167184,9,,,1,55,,167185,9,,,1,30,,167186,9,,,1,76,,167187,9,,,1,100,,167188,9,,,1,100,,167189,9,,,1,100,,167190,9,,,1,100,,167191,9,,,1,100,,167192,9,,,1
3200,'20260904',614,,167193,9,,,1,15,,167194,9,,,1,19,,167195,9,,,1,55,,167196,9,,,1,15,,167197,9,,,1,10,,167198,9,,,1,5,,167199,11,0,5 6,1,5,,167200,9,,,1,10,,167201,9,,,1,10,,167202,9,,,1,50,,167203,11,0,5 6,1,14,,167204,9,,,1,10,,167205,9,,,1,15,,167206,9,,,1,55,,167207,9,,,1,30,,167208,9,,,1,76,,167209,9,,,1,100,,167210,9,,,1,100,,167211,9,,,1,100,,167212,9,,,1,100,,167213,9,,,1,100,,167214,9,,,1
