7000,'20260506',1116,,111348,8,0,34 35,1,200,,111349,8,0,34 35,1,202,,111350,8,0,34 35,1,413,,111352,8,0,34 35,1,84,,111353,8,0,34 35,1,100,,111354,8,0,34 35,1,204,,111355,8,0,34 35,1
7000,'20260507',1116,,111356,8,0,34 35,1,200,,111357,8,0,34 35,1,202,,111358,8,0,34 35,1,413,,111360,8,0,34 35,1,84,,111361,8,0,34 35,1,100,,111362,8,0,34 35,1,204,,111363,8,0,34 35,1
7000,'20260508',1116,,111364,8,0,34 35,1,200,,111365,8,0,34 35,1,202,,111366,8,0,34 35,1,413,,111368,8,0,34 35,1,84,,111369,8,0,34 35,1,100,,111370,8,0,34 35,1,204,,111371,8,0,34 35,1
7000,'20260509',1015,,111372,8,0,34 35,1,200,,111373,8,0,34 35,1,200,,111374,8,0,34 35,1,200,,111375,8,0,34 35,1,200,,111376,8,0,34 35,1,200,,111377,8,0,34 35,1
7000,'20260510',1015,,111380,8,0,34 35,1,200,,111381,8,0,34 35,1,200,,111382,8,0,34 35,1,200,,111383,8,0,34 35,1,200,,111384,8,0,34 35,1,200,,111385,8,0,34 35,1
7000,'20260511',1116,,111388,8,0,34 35,1,200,,111389,8,0,34 35,1,202,,111390,8,0,34 35,1,413,,111392,8,0,34 35,1,84,,111393,8,0,34 35,1,100,,111394,8,0,34 35,1,204,,111395,8,0,34 35,1
7000,'20260512',1116,,111396,8,0,34 35,1,200,,111397,8,0,34 35,1,202,,111398,8,0,34 35,1,413,,111400,8,0,34 35,1,84,,111401,8,0,34 35,1,100,,111402,8,0,34 35,1,204,,111403,8,0,34 35,1
7000,'20260513',1116,,111404,8,0,34 35,1,200,,111405,8,0,34 35,1,202,,111406,8,0,34 35,1,413,,111408,8,0,34 35,1,84,,111409,8,0,34 35,1,100,,111410,8,0,34 35,1,204,,111411,8,0,34 35,1
7000,'20260514',1116,,111412,8,0,34 35,1,200,,111413,8,0,34 35,1,202,,111414,8,0,34 35,1,413,,111416,8,0,34 35,1,84,,111417,8,0,34 35,1,100,,111418,8,0,34 35,1,204,,111419,8,0,34 35,1
7000,'20260515',1116,,111420,8,0,34 35,1,200,,111421,8,0,34 35,1,202,,111422,8,0,34 35,1,413,,111424,8,0,34 35,1,84,,111425,8,0,34 35,1,100,,111426,8,0,34 35,1,204,,111427,8,0,34 35,1
7000,'20260516',1015,,111428,8,0,34 35,1,200,,111429,8,0,34 35,1,200,,111430,8,0,34 35,1,200,,111431,8,0,34 35,1,200,,111432,8,0,34 35,1,200,,111433,8,0,34 35,1
7000,'20260517',1015,,111436,8,0,34 35,1,200,,111437,8,0,34 35,1,200,,111438,8,0,34 35,1,200,,111439,8,0,34 35,1,200,,111440,8,0,34 35,1,200,,111441,8,0,34 35,1
7000,'20260518',1015,,111444,8,0,34 35,1,200,,111445,8,0,34 35,1,200,,111446,8,0,34 35,1,200,,111447,8,0,34 35,1,200,,111448,8,0,34 35,1,200,,111449,8,0,34 35,1
7000,'20260519',1116,,111452,8,0,34 35,1,200,,111453,8,0,34 35,1,202,,111454,8,0,34 35,1,413,,111456,8,0,34 35,1,84,,111457,8,0,34 35,1,100,,111458,8,0,34 35,1,204,,111459,8,0,34 35,1
7000,'20260520',1116,,111460,8,0,34 35,1,200,,111461,8,0,34 35,1,202,,111462,8,0,34 35,1,413,,111464,8,0,34 35,1,84,,111465,8,0,34 35,1,100,,111466,8,0,34 35,1,204,,111467,8,0,34 35,1
7000,'20260521',1116,,111468,8,0,34 35,1,200,,111469,8,0,34 35,1,202,,111470,8,0,34 35,1,413,,111472,8,0,34 35,1,84,,111473,8,0,34 35,1,100,,111474,8,0,34 35,1,204,,111475,8,0,34 35,1
7000,'20260522',1116,,111476,8,0,34 35,1,200,,111477,8,0,34 35,1,202,,111478,8,0,34 35,1,413,,111480,8,0,34 35,1,84,,111481,8,0,34 35,1,100,,111482,8,0,34 35,1,204,,111483,8,0,34 35,1
7000,'20260523',1015,,111484,8,0,34 35,1,200,,111485,8,0,34 35,1,200,,111486,8,0,34 35,1,200,,111487,8,0,34 35,1,200,,111488,8,0,34 35,1,200,,111489,8,0,34 35,1
7000,'20260524',1015,,111492,8,0,34 35,1,200,,111493,8,0,34 35,1,200,,111494,8,0,34 35,1,200,,111495,8,0,34 35,1,200,,111496,8,0,34 35,1,200,,111497,8,0,34 35,1
7000,'20260525',1116,,111500,8,0,34 35,1,200,,111501,8,0,34 35,1,202,,111502,8,0,34 35,1,413,,111504,8,0,34 35,1,84,,111505,8,0,34 35,1,100,,111506,8,0,34 35,1,204,,111507,8,0,34 35,1
7000,'20260526',1116,,111508,8,0,34 35,1,200,,111509,8,0,34 35,1,202,,111510,8,0,34 35,1,413,,111512,8,0,34 35,1,84,,111513,8,0,34 35,1,100,,111514,8,0,34 35,1,204,,111515,8,0,34 35,1
7000,'20260527',1116,,111516,8,0,34 35,1,200,,111517,8,0,34 35,1,202,,111518,8,0,34 35,1,413,,111520,8,0,34 35,1,84,,111521,8,0,34 35,1,100,,111522,8,0,34 35,1,204,,111523,8,0,34 35,1
7000,'20260528',1116,,111524,8,0,34 35,1,200,,111525,8,0,34 35,1,202,,111526,8,0,34 35,1,413,,111528,8,0,34 35,1,84,,111529,8,0,34 35,1,100,,111530,8,0,34 35,1,204,,111531,8,0,34 35,1
7000,'20260529',1116,,111532,8,0,34 35,1,200,,111533,8,0,34 35,1,202,,111534,8,0,34 35,1,413,,111536,8,0,34 35,1,84,,111537,8,0,34 35,1,100,,111538,8,0,34 35,1,204,,111539,8,0,34 35,1
7000,'20260530',1015,,111540,8,0,34 35,1,200,,111541,8,0,34 35,1,200,,111542,8,0,34 35,1,200,,111543,8,0,34 35,1,200,,111544,8,0,34 35,1,200,,111545,8,0,34 35,1
7000,'20260531',1015,,111548,8,0,34 35,1,200,,111549,8,0,34 35,1,200,,111550,8,0,34 35,1,200,,111551,8,0,34 35,1,200,,111552,8,0,34 35,1,200,,111553,8,0,34 35,1
7000,'20260601',1116,,111556,8,0,34 35,1,200,,111557,8,0,34 35,1,202,,111558,8,0,34 35,1,413,,111560,8,0,34 35,1,84,,111561,8,0,34 35,1,100,,111562,8,0,34 35,1,204,,111563,8,0,34 35,1
7000,'20260602',1116,,111564,8,0,34 35,1,200,,111565,8,0,34 35,1,202,,111566,8,0,34 35,1,413,,111568,8,0,34 35,1,84,,111569,8,0,34 35,1,100,,111570,8,0,34 35,1,204,,111571,8,0,34 35,1
7000,'20260603',1116,,111572,8,0,34 35,1,200,,111573,8,0,34 35,1,202,,111574,8,0,34 35,1,413,,111576,8,0,34 35,1,84,,111577,8,0,34 35,1,100,,111578,8,0,34 35,1,204,,111579,8,0,34 35,1
7000,'20260604',1116,,111580,8,0,34 35,1,200,,111581,8,0,34 35,1,202,,111582,8,0,34 35,1,413,,111584,8,0,34 35,1,84,,111585,8,0,34 35,1,100,,111586,8,0,34 35,1,204,,111587,8,0,34 35,1
7000,'20260605',1116,,111588,8,0,34 35,1,200,,111589,8,0,34 35,1,202,,111590,8,0,34 35,1,413,,111592,8,0,34 35,1,84,,111593,8,0,34 35,1,100,,111594,8,0,34 35,1,204,,111595,8,0,34 35,1
7000,'20260606',1015,,111596,8,0,34 35,1,200,,111597,8,0,34 35,1,200,,111598,8,0,34 35,1,200,,111599,8,0,34 35,1,200,,111600,8,0,34 35,1,200,,111601,8,0,34 35,1
7000,'20260607',1015,,111604,8,0,34 35,1,200,,111605,8,0,34 35,1,200,,111606,8,0,34 35,1,200,,111607,8,0,34 35,1,200,,111608,8,0,34 35,1,200,,111609,8,0,34 35,1
7000,'20260608',1116,,111612,8,0,34 35,1,200,,111613,8,0,34 35,1,202,,111614,8,0,34 35,1,413,,111616,8,0,34 35,1,84,,111617,8,0,34 35,1,100,,111618,8,0,34 35,1,204,,111619,8,0,34 35,1
7000,'20260609',1116,,111620,8,0,34 35,1,200,,111621,8,0,34 35,1,202,,111622,8,0,34 35,1,413,,111624,8,0,34 35,1,84,,111625,8,0,34 35,1,100,,111626,8,0,34 35,1,204,,111627,8,0,34 35,1
7000,'20260610',1116,,111628,8,0,34 35,1,200,,111629,8,0,34 35,1,202,,111630,8,0,34 35,1,413,,111632,8,0,34 35,1,84,,111633,8,0,34 35,1,100,,111634,8,0,34 35,1,204,,111635,8,0,34 35,1
7000,'20260611',1116,,111636,8,0,34 35,1,200,,111637,8,0,34 35,1,202,,111638,8,0,34 35,1,413,,111640,8,0,34 35,1,84,,111641,8,0,34 35,1,100,,111642,8,0,34 35,1,204,,111643,8,0,34 35,1
7000,'20260612',1116,,111644,8,0,34 35,1,200,,111645,8,0,34 35,1,202,,111646,8,0,34 35,1,413,,111648,8,0,34 35,1,84,,111649,8,0,34 35,1,100,,111650,8,0,34 35,1,204,,111651,8,0,34 35,1
7100,'20260506',747,,112073,21,,,1,159,,112074,21,,,1,1653,,112075,21,0,31 32 33 9,1,175,,112076,21,0,31 32 33 9,1
7100,'20260507',747,,112077,21,,,1,159,,112078,21,,,1,1653,,112079,21,0,31 32 33 9,1,175,,112080,21,0,31 32 33 9,1
7100,'20260508',747,,112081,21,,,1,159,,112082,21,,,1,1653,,112083,21,0,31 32 33 9,1,175,,112084,21,0,31 32 33 9,1
7100,'20260509',842,,112085,21,,,1,1674,,112086,21,0,31 32 33 9,1,93,,112087,21,0,31 32 33 9,1,125,,112088,21,0,31 32 33 9,1
7100,'20260510',842,,112089,21,,,1,1674,,112090,21,0,31 32 33 9,1,93,,112091,21,0,31 32 33 9,1,125,,112092,21,0,31 32 33 9,1
7100,'20260511',747,,112093,21,,,1,159,,112094,21,,,1,1653,,112095,21,0,31 32 33 9,1,175,,112096,21,0,31 32 33 9,1
7100,'20260512',747,,112097,21,,,1,159,,112098,21,,,1,1653,,112099,21,0,31 32 33 9,1,175,,112100,21,0,31 32 33 9,1
7100,'20260513',747,,112101,21,,,1,159,,112102,21,,,1,1653,,112103,21,0,31 32 33 9,1,175,,112104,21,0,31 32 33 9,1
7100,'20260514',747,,112105,21,,,1,159,,112106,21,,,1,1653,,112107,21,0,31 32 33 9,1,175,,112108,21,0,31 32 33 9,1
7100,'20260515',747,,112109,21,,,1,159,,112110,21,,,1,1653,,112111,21,0,31 32 33 9,1,175,,112112,21,0,31 32 33 9,1
7100,'20260516',842,,112113,21,,,1,1674,,112114,21,0,31 32 33 9,1,93,,112115,21,0,31 32 33 9,1,125,,112116,21,0,31 32 33 9,1
7100,'20260517',842,,112117,21,,,1,1674,,112118,21,0,31 32 33 9,1,93,,112119,21,0,31 32 33 9,1,125,,112120,21,0,31 32 33 9,1
7100,'20260518',842,,112121,21,,,1,1674,,112122,21,0,31 32 33 9,1,93,,112123,21,0,31 32 33 9,1,125,,112124,21,0,31 32 33 9,1
7100,'20260519',747,,112125,21,,,1,159,,112126,21,,,1,1653,,112127,21,0,31 32 33 9,1,175,,112128,21,0,31 32 33 9,1
7100,'20260520',747,,112129,21,,,1,159,,112130,21,,,1,1653,,112131,21,0,31 32 33 9,1,175,,112132,21,0,31 32 33 9,1
7100,'20260521',747,,112133,21,,,1,159,,112134,21,,,1,1653,,112135,21,0,31 32 33 9,1,175,,112136,21,0,31 32 33 9,1
7100,'20260522',747,,112137,21,,,1,159,,112138,21,,,1,1653,,112139,21,0,31 32 33 9,1,175,,112140,21,0,31 32 33 9,1
7100,'20260523',842,,112141,21,,,1,1674,,112142,21,0,31 32 33 9,1,93,,112143,21,0,31 32 33 9,1,125,,112144,21,0,31 32 33 9,1
7100,'20260524',842,,112145,21,,,1,1674,,112146,21,0,31 32 33 9,1,93,,112147,21,0,31 32 33 9,1,125,,112148,21,0,31 32 33 9,1
7100,'20260525',747,,112149,21,,,1,159,,112150,21,,,1,1653,,112151,21,0,31 32 33 9,1,175,,112152,21,0,31 32 33 9,1
7100,'20260526',747,,112153,21,,,1,159,,112154,21,,,1,1653,,112155,21,0,31 32 33 9,1,175,,112156,21,0,31 32 33 9,1
7100,'20260527',747,,112157,21,,,1,159,,112158,21,,,1,1653,,112159,21,0,31 32 33 9,1,175,,112160,21,0,31 32 33 9,1
7100,'20260528',747,,112161,21,,,1,159,,112162,21,,,1,1653,,112163,21,0,31 32 33 9,1,175,,112164,21,0,31 32 33 9,1
7100,'20260529',747,,112165,21,,,1,159,,112166,21,,,1,1653,,112167,21,0,31 32 33 9,1,175,,112168,21,0,31 32 33 9,1
7100,'20260530',842,,112169,21,,,1,1674,,112170,21,0,31 32 33 9,1,93,,112171,21,0,31 32 33 9,1,125,,112172,21,0,31 32 33 9,1
7100,'20260531',842,,112173,21,,,1,1674,,112174,21,0,31 32 33 9,1,93,,112175,21,0,31 32 33 9,1,125,,112176,21,0,31 32 33 9,1
7100,'20260601',747,,112177,21,,,1,159,,112178,21,,,1,1653,,112179,21,0,31 32 33 9,1,175,,112180,21,0,31 32 33 9,1
7100,'20260602',747,,112181,21,,,1,159,,112182,21,,,1,1653,,112183,21,0,31 32 33 9,1,175,,112184,21,0,31 32 33 9,1
7100,'20260603',747,,112185,21,,,1,159,,112186,21,,,1,1653,,112187,21,0,31 32 33 9,1,175,,112188,21,0,31 32 33 9,1
7100,'20260604',747,,112189,21,,,1,159,,112190,21,,,1,1653,,112191,21,0,31 32 33 9,1,175,,112192,21,0,31 32 33 9,1
7100,'20260605',747,,112193,21,,,1,159,,112194,21,,,1,1653,,112195,21,0,31 32 33 9,1,175,,112196,21,0,31 32 33 9,1
7100,'20260606',842,,112197,21,,,1,1674,,112198,21,0,31 32 33 9,1,93,,112199,21,0,31 32 33 9,1,125,,112200,21,0,31 32 33 9,1
7100,'20260607',842,,112201,21,,,1,1674,,112202,21,0,31 32 33 9,1,93,,112203,21,0,31 32 33 9,1,125,,112204,21,0,31 32 33 9,1
7100,'20260608',747,,112205,21,,,1,159,,112206,21,,,1,1653,,112207,21,0,31 32 33 9,1,175,,112208,21,0,31 32 33 9,1
7100,'20260609',747,,112209,21,,,1,159,,112210,21,,,1,1653,,112211,21,0,31 32 33 9,1,175,,112212,21,0,31 32 33 9,1
7100,'20260610',747,,112213,21,,,1,159,,112214,21,,,1,1653,,112215,21,0,31 32 33 9,1,175,,112216,21,0,31 32 33 9,1
7100,'20260611',747,,112217,21,,,1,159,,112218,21,,,1,1653,,112219,21,0,31 32 33 9,1,175,,112220,21,0,31 32 33 9,1
7100,'20260612',747,,112221,21,,,1,159,,112222,21,,,1,1653,,112223,21,0,31 32 33 9,1,175,,112224,21,0,31 32 33 9,1
