1901,'20260310',621,,9807,3,,,1,15,,9808,3,,,1,15,,9809,3,,,1,55,,9810,3,,,1,15,,9811,3,,,1,15,,9812,3,,,1,15,,9813,3,,,1,55,,9814,3,,,1,20,,9815,3,,,1,25,,9816,3,,,1,70,,9817,3,,,1,30,,9818,3,,,1,100,,9819,3,,,1,100,,9820,3,,,1,100,,9821,3,,,1,100,,9822,3,,,1,100,,9823,3,,,1,70,,9824,3,,,1,20,,9825,3,,,1,60,,9826,3,,,1,15,,9827,3,,,1,15,,9828,3,,,1,15,,9829,3,,,1,55,,9830,3,,,1,20,,9831,3,,,1,25,,9832,3,,,1,60,,9833,3,,,1,20,,9834,3,,,1,25,,9835,3,,,1,100,,9836,3,,,1,100,,9837,3,,,1,100,,9838,3,,,1,200,,9839,3,,,1
1901,'20260311',621,,9840,3,,,1,15,,9841,3,,,1,15,,9842,3,,,1,55,,9843,3,,,1,15,,9844,3,,,1,15,,9845,3,,,1,15,,9846,3,,,1,55,,9847,3,,,1,20,,9848,3,,,1,25,,9849,3,,,1,70,,9850,3,,,1,30,,9851,3,,,1,100,,9852,3,,,1,100,,9853,3,,,1,100,,9854,3,,,1,100,,9855,3,,,1,100,,9856,3,,,1,70,,9857,3,,,1,20,,9858,3,,,1,60,,9859,3,,,1,15,,9860,3,,,1,15,,9861,3,,,1,15,,9862,3,,,1,55,,9863,3,,,1,20,,9864,3,,,1,25,,9865,3,,,1,60,,9866,3,,,1,20,,9867,3,,,1,25,,9868,3,,,1,100,,9869,3,,,1,100,,9870,3,,,1,100,,9871,3,,,1,200,,9872,3,,,1
1901,'20260312',621,,9873,3,,,1,15,,9874,3,,,1,15,,9875,3,,,1,55,,9876,3,,,1,15,,9877,3,,,1,15,,9878,3,,,1,15,,9879,3,,,1,55,,9880,3,,,1,20,,9881,3,,,1,25,,9882,3,,,1,70,,9883,3,,,1,30,,9884,3,,,1,100,,9885,3,,,1,100,,9886,3,,,1,100,,9887,3,,,1,100,,9888,3,,,1,100,,9889,3,,,1,70,,9890,3,,,1,20,,9891,3,,,1,60,,9892,3,,,1,15,,9893,3,,,1,15,,9894,3,,,1,15,,9895,3,,,1,55,,9896,3,,,1,20,,9897,3,,,1,25,,9898,3,,,1,60,,9899,3,,,1,20,,9900,3,,,1,25,,9901,3,,,1,100,,9902,3,,,1,100,,9903,3,,,1,100,,9904,3,,,1,200,,9905,3,,,1
1901,'20260313',621,,9906,3,,,1,15,,9907,3,,,1,15,,9908,3,,,1,55,,9909,3,,,1,15,,9910,3,,,1,15,,9911,3,,,1,15,,9912,3,,,1,55,,9913,3,,,1,20,,9914,3,,,1,25,,9915,3,,,1,70,,9916,3,,,1,30,,9917,3,,,1,100,,9918,3,,,1,100,,9919,3,,,1,100,,9920,3,,,1,100,,9921,3,,,1,100,,9922,3,,,1,70,,9923,3,,,1,20,,9924,3,,,1,60,,9925,3,,,1,15,,9926,3,,,1,15,,9927,3,,,1,15,,9928,3,,,1,55,,9929,3,,,1,20,,9930,3,,,1,25,,9931,3,,,1,60,,9932,3,,,1,20,,9933,3,,,1,25,,9934,3,,,1,100,,9935,3,,,1,100,,9936,3,,,1,100,,9937,3,,,1,200,,9938,3,,,1
1901,'20260314',651,,9939,3,,,1,100,,9940,3,,,1,100,,9941,3,,,1,100,,9942,3,,,1,100,,9943,3,,,1,100,,9944,3,,,1,100,,9945,3,,,1,100,,9946,3,,,1,100,,9947,3,,,1,100,,9948,3,,,1,100,,9949,3,,,1,100,,9950,3,,,1,100,,9951,3,,,1,100,,9952,3,,,1,100,,9953,3,,,1,100,,9954,3,,,1,200,,9955,3,,,1
1901,'20260315',651,,9956,3,,,1,100,,9957,3,,,1,100,,9958,3,,,1,100,,9959,3,,,1,100,,9960,3,,,1,100,,9961,3,,,1,100,,9962,3,,,1,100,,9963,3,,,1,100,,9964,3,,,1,100,,9965,3,,,1,100,,9966,3,,,1,100,,9967,3,,,1,100,,9968,3,,,1,100,,9969,3,,,1,100,,9970,3,,,1,100,,9971,3,,,1,200,,9972,3,,,1
1901,'20260316',621,,9973,3,,,1,15,,9974,3,,,1,15,,9975,3,,,1,55,,9976,3,,,1,15,,9977,3,,,1,15,,9978,3,,,1,15,,9979,3,,,1,55,,9980,3,,,1,20,,9981,3,,,1,25,,9982,3,,,1,70,,9983,3,,,1,30,,9984,3,,,1,100,,9985,3,,,1,100,,9986,3,,,1,100,,9987,3,,,1,100,,9988,3,,,1,100,,9989,3,,,1,70,,9990,3,,,1,20,,9991,3,,,1,60,,9992,3,,,1,15,,9993,3,,,1,15,,9994,3,,,1,15,,9995,3,,,1,55,,9996,3,,,1,20,,9997,3,,,1,25,,9998,3,,,1,60,,9999,3,,,1,20,,10000,3,,,1,25,,10001,3,,,1,100,,10002,3,,,1,100,,10003,3,,,1,100,,10004,3,,,1,200,,10005,3,,,1
1901,'20260317',621,,10006,3,,,1,15,,10007,3,,,1,15,,10008,3,,,1,55,,10009,3,,,1,15,,10010,3,,,1,15,,10011,3,,,1,15,,10012,3,,,1,55,,10013,3,,,1,20,,10014,3,,,1,25,,10015,3,,,1,70,,10016,3,,,1,30,,10017,3,,,1,100,,10018,3,,,1,100,,10019,3,,,1,100,,10020,3,,,1,100,,10021,3,,,1,100,,10022,3,,,1,70,,10023,3,,,1,20,,10024,3,,,1,60,,10025,3,,,1,15,,10026,3,,,1,15,,10027,3,,,1,15,,10028,3,,,1,55,,10029,3,,,1,20,,10030,3,,,1,25,,10031,3,,,1,60,,10032,3,,,1,20,,10033,3,,,1,25,,10034,3,,,1,100,,10035,3,,,1,100,,10036,3,,,1,100,,10037,3,,,1,200,,10038,3,,,1
1901,'20260318',621,,10039,3,,,1,15,,10040,3,,,1,15,,10041,3,,,1,55,,10042,3,,,1,15,,10043,3,,,1,15,,10044,3,,,1,15,,10045,3,,,1,55,,10046,3,,,1,20,,10047,3,,,1,25,,10048,3,,,1,70,,10049,3,,,1,30,,10050,3,,,1,100,,10051,3,,,1,100,,10052,3,,,1,100,,10053,3,,,1,100,,10054,3,,,1,100,,10055,3,,,1,70,,10056,3,,,1,20,,10057,3,,,1,60,,10058,3,,,1,15,,10059,3,,,1,15,,10060,3,,,1,15,,10061,3,,,1,55,,10062,3,,,1,20,,10063,3,,,1,25,,10064,3,,,1,60,,10065,3,,,1,20,,10066,3,,,1,25,,10067,3,,,1,100,,10068,3,,,1,100,,10069,3,,,1,100,,10070,3,,,1,200,,10071,3,,,1
1901,'20260319',621,,10072,3,,,1,15,,10073,3,,,1,15,,10074,3,,,1,55,,10075,3,,,1,15,,10076,3,,,1,15,,10077,3,,,1,15,,10078,3,,,1,55,,10079,3,,,1,20,,10080,3,,,1,25,,10081,3,,,1,70,,10082,3,,,1,30,,10083,3,,,1,100,,10084,3,,,1,100,,10085,3,,,1,100,,10086,3,,,1,100,,10087,3,,,1,100,,10088,3,,,1,70,,10089,3,,,1,20,,10090,3,,,1,60,,10091,3,,,1,15,,10092,3,,,1,15,,10093,3,,,1,15,,10094,3,,,1,55,,10095,3,,,1,20,,10096,3,,,1,25,,10097,3,,,1,60,,10098,3,,,1,20,,10099,3,,,1,25,,10100,3,,,1,100,,10101,3,,,1,100,,10102,3,,,1,100,,10103,3,,,1,200,,10104,3,,,1
1901,'20260320',621,,10105,3,,,1,15,,10106,3,,,1,15,,10107,3,,,1,55,,10108,3,,,1,15,,10109,3,,,1,15,,10110,3,,,1,15,,10111,3,,,1,55,,10112,3,,,1,20,,10113,3,,,1,25,,10114,3,,,1,70,,10115,3,,,1,30,,10116,3,,,1,100,,10117,3,,,1,100,,10118,3,,,1,100,,10119,3,,,1,100,,10120,3,,,1,100,,10121,3,,,1,70,,10122,3,,,1,20,,10123,3,,,1,60,,10124,3,,,1,15,,10125,3,,,1,15,,10126,3,,,1,15,,10127,3,,,1,55,,10128,3,,,1,20,,10129,3,,,1,25,,10130,3,,,1,60,,10131,3,,,1,20,,10132,3,,,1,25,,10133,3,,,1,100,,10134,3,,,1,100,,10135,3,,,1,100,,10136,3,,,1,200,,10137,3,,,1
1901,'20260321',651,,10138,3,,,1,100,,10139,3,,,1,100,,10140,3,,,1,100,,10141,3,,,1,100,,10142,3,,,1,100,,10143,3,,,1,100,,10144,3,,,1,100,,10145,3,,,1,100,,10146,3,,,1,100,,10147,3,,,1,100,,10148,3,,,1,100,,10149,3,,,1,100,,10150,3,,,1,100,,10151,3,,,1,100,,10152,3,,,1,100,,10153,3,,,1,200,,10154,3,,,1
1901,'20260322',651,,10155,3,,,1,100,,10156,3,,,1,100,,10157,3,,,1,100,,10158,3,,,1,100,,10159,3,,,1,100,,10160,3,,,1,100,,10161,3,,,1,100,,10162,3,,,1,100,,10163,3,,,1,100,,10164,3,,,1,100,,10165,3,,,1,100,,10166,3,,,1,100,,10167,3,,,1,100,,10168,3,,,1,100,,10169,3,,,1,100,,10170,3,,,1,200,,10171,3,,,1
1901,'20260323',621,,10172,3,,,1,15,,10173,3,,,1,15,,10174,3,,,1,55,,10175,3,,,1,15,,10176,3,,,1,15,,10177,3,,,1,15,,10178,3,,,1,55,,10179,3,,,1,20,,10180,3,,,1,25,,10181,3,,,1,70,,10182,3,,,1,30,,10183,3,,,1,100,,10184,3,,,1,100,,10185,3,,,1,100,,10186,3,,,1,100,,10187,3,,,1,100,,10188,3,,,1,70,,10189,3,,,1,20,,10190,3,,,1,60,,10191,3,,,1,15,,10192,3,,,1,15,,10193,3,,,1,15,,10194,3,,,1,55,,10195,3,,,1,20,,10196,3,,,1,25,,10197,3,,,1,60,,10198,3,,,1,20,,10199,3,,,1,25,,10200,3,,,1,100,,10201,3,,,1,100,,10202,3,,,1,100,,10203,3,,,1,200,,10204,3,,,1
1901,'20260324',621,,10205,3,,,1,15,,10206,3,,,1,15,,10207,3,,,1,55,,10208,3,,,1,15,,10209,3,,,1,15,,10210,3,,,1,15,,10211,3,,,1,55,,10212,3,,,1,20,,10213,3,,,1,25,,10214,3,,,1,70,,10215,3,,,1,30,,10216,3,,,1,100,,10217,3,,,1,100,,10218,3,,,1,100,,10219,3,,,1,100,,10220,3,,,1,100,,10221,3,,,1,70,,10222,3,,,1,20,,10223,3,,,1,60,,10224,3,,,1,15,,10225,3,,,1,15,,10226,3,,,1,15,,10227,3,,,1,55,,10228,3,,,1,20,,10229,3,,,1,25,,10230,3,,,1,60,,10231,3,,,1,20,,10232,3,,,1,25,,10233,3,,,1,100,,10234,3,,,1,100,,10235,3,,,1,100,,10236,3,,,1,200,,10237,3,,,1
1901,'20260325',621,,10238,3,,,1,15,,10239,3,,,1,15,,10240,3,,,1,55,,10241,3,,,1,15,,10242,3,,,1,15,,10243,3,,,1,15,,10244,3,,,1,55,,10245,3,,,1,20,,10246,3,,,1,25,,10247,3,,,1,70,,10248,3,,,1,30,,10249,3,,,1,100,,10250,3,,,1,100,,10251,3,,,1,100,,10252,3,,,1,100,,10253,3,,,1,100,,10254,3,,,1,70,,10255,3,,,1,20,,10256,3,,,1,60,,10257,3,,,1,15,,10258,3,,,1,15,,10259,3,,,1,15,,10260,3,,,1,55,,10261,3,,,1,20,,10262,3,,,1,25,,10263,3,,,1,60,,10264,3,,,1,20,,10265,3,,,1,25,,10266,3,,,1,100,,10267,3,,,1,100,,10268,3,,,1,100,,10269,3,,,1,200,,10270,3,,,1
1901,'20260326',621,,10271,3,,,1,15,,10272,3,,,1,15,,10273,3,,,1,55,,10274,3,,,1,15,,10275,3,,,1,15,,10276,3,,,1,15,,10277,3,,,1,55,,10278,3,,,1,20,,10279,3,,,1,25,,10280,3,,,1,70,,10281,3,,,1,30,,10282,3,,,1,100,,10283,3,,,1,100,,10284,3,,,1,100,,10285,3,,,1,100,,10286,3,,,1,100,,10287,3,,,1,70,,10288,3,,,1,20,,10289,3,,,1,60,,10290,3,,,1,15,,10291,3,,,1,15,,10292,3,,,1,15,,10293,3,,,1,55,,10294,3,,,1,20,,10295,3,,,1,25,,10296,3,,,1,60,,10297,3,,,1,20,,10298,3,,,1,25,,10299,3,,,1,100,,10300,3,,,1,100,,10301,3,,,1,100,,10302,3,,,1,200,,10303,3,,,1
1901,'20260327',621,,10304,3,,,1,15,,10305,3,,,1,15,,10306,3,,,1,55,,10307,3,,,1,15,,10308,3,,,1,15,,10309,3,,,1,15,,10310,3,,,1,55,,10311,3,,,1,20,,10312,3,,,1,25,,10313,3,,,1,70,,10314,3,,,1,30,,10315,3,,,1,100,,10316,3,,,1,100,,10317,3,,,1,100,,10318,3,,,1,100,,10319,3,,,1,100,,10320,3,,,1,70,,10321,3,,,1,20,,10322,3,,,1,60,,10323,3,,,1,15,,10324,3,,,1,15,,10325,3,,,1,15,,10326,3,,,1,55,,10327,3,,,1,20,,10328,3,,,1,25,,10329,3,,,1,60,,10330,3,,,1,20,,10331,3,,,1,25,,10332,3,,,1,100,,10333,3,,,1,100,,10334,3,,,1,100,,10335,3,,,1,200,,10336,3,,,1
1901,'20260328',651,,10337,3,,,1,100,,10338,3,,,1,100,,10339,3,,,1,100,,10340,3,,,1,100,,10341,3,,,1,100,,10342,3,,,1,100,,10343,3,,,1,100,,10344,3,,,1,100,,10345,3,,,1,100,,10346,3,,,1,100,,10347,3,,,1,100,,10348,3,,,1,100,,10349,3,,,1,100,,10350,3,,,1,100,,10351,3,,,1,100,,10352,3,,,1,200,,10353,3,,,1
1901,'20260329',651,,10354,3,,,1,100,,10355,3,,,1,100,,10356,3,,,1,100,,10357,3,,,1,100,,10358,3,,,1,100,,10359,3,,,1,100,,10360,3,,,1,100,,10361,3,,,1,100,,10362,3,,,1,100,,10363,3,,,1,100,,10364,3,,,1,100,,10365,3,,,1,100,,10366,3,,,1,100,,10367,3,,,1,100,,10368,3,,,1,100,,10369,3,,,1,200,,10370,3,,,1
1901,'20260330',621,,10371,3,,,1,15,,10372,3,,,1,15,,10373,3,,,1,55,,10374,3,,,1,15,,10375,3,,,1,15,,10376,3,,,1,15,,10377,3,,,1,55,,10378,3,,,1,20,,10379,3,,,1,25,,10380,3,,,1,70,,10381,3,,,1,30,,10382,3,,,1,100,,10383,3,,,1,100,,10384,3,,,1,100,,10385,3,,,1,100,,10386,3,,,1,100,,10387,3,,,1,70,,10388,3,,,1,20,,10389,3,,,1,60,,10390,3,,,1,15,,10391,3,,,1,15,,10392,3,,,1,15,,10393,3,,,1,55,,10394,3,,,1,20,,10395,3,,,1,25,,10396,3,,,1,60,,10397,3,,,1,20,,10398,3,,,1,25,,10399,3,,,1,100,,10400,3,,,1,100,,10401,3,,,1,100,,10402,3,,,1,200,,10403,3,,,1
1901,'20260331',621,,10404,3,,,1,15,,10405,3,,,1,15,,10406,3,,,1,55,,10407,3,,,1,15,,10408,3,,,1,15,,10409,3,,,1,15,,10410,3,,,1,55,,10411,3,,,1,20,,10412,3,,,1,25,,10413,3,,,1,70,,10414,3,,,1,30,,10415,3,,,1,100,,10416,3,,,1,100,,10417,3,,,1,100,,10418,3,,,1,100,,10419,3,,,1,100,,10420,3,,,1,70,,10421,3,,,1,20,,10422,3,,,1,60,,10423,3,,,1,15,,10424,3,,,1,15,,10425,3,,,1,15,,10426,3,,,1,55,,10427,3,,,1,20,,10428,3,,,1,25,,10429,3,,,1,60,,10430,3,,,1,20,,10431,3,,,1,25,,10432,3,,,1,100,,10433,3,,,1,100,,10434,3,,,1,100,,10435,3,,,1,200,,10436,3,,,1
1901,'20260401',621,,10437,3,,,1,15,,10438,3,,,1,15,,10439,3,,,1,55,,10440,3,,,1,15,,10441,3,,,1,15,,10442,3,,,1,15,,10443,3,,,1,55,,10444,3,,,1,20,,10445,3,,,1,25,,10446,3,,,1,70,,10447,3,,,1,30,,10448,3,,,1,100,,10449,3,,,1,100,,10450,3,,,1,100,,10451,3,,,1,100,,10452,3,,,1,100,,10453,3,,,1,70,,10454,3,,,1,20,,10455,3,,,1,60,,10456,3,,,1,15,,10457,3,,,1,15,,10458,3,,,1,15,,10459,3,,,1,55,,10460,3,,,1,20,,10461,3,,,1,25,,10462,3,,,1,60,,10463,3,,,1,20,,10464,3,,,1,25,,10465,3,,,1,100,,10466,3,,,1,100,,10467,3,,,1,100,,10468,3,,,1,200,,10469,3,,,1
1901,'20260402',621,,10470,3,,,1,15,,10471,3,,,1,15,,10472,3,,,1,55,,10473,3,,,1,15,,10474,3,,,1,15,,10475,3,,,1,15,,10476,3,,,1,55,,10477,3,,,1,20,,10478,3,,,1,25,,10479,3,,,1,70,,10480,3,,,1,30,,10481,3,,,1,100,,10482,3,,,1,100,,10483,3,,,1,100,,10484,3,,,1,100,,10485,3,,,1,100,,10486,3,,,1,70,,10487,3,,,1,20,,10488,3,,,1,60,,10489,3,,,1,15,,10490,3,,,1,15,,10491,3,,,1,15,,10492,3,,,1,55,,10493,3,,,1,20,,10494,3,,,1,25,,10495,3,,,1,60,,10496,3,,,1,20,,10497,3,,,1,25,,10498,3,,,1,100,,10499,3,,,1,100,,10500,3,,,1,100,,10501,3,,,1,200,,10502,3,,,1
1901,'20260403',651,,10503,3,,,1,100,,10504,3,,,1,100,,10505,3,,,1,100,,10506,3,,,1,100,,10507,3,,,1,100,,10508,3,,,1,100,,10509,3,,,1,100,,10510,3,,,1,100,,10511,3,,,1,100,,10512,3,,,1,100,,10513,3,,,1,100,,10514,3,,,1,100,,10515,3,,,1,100,,10516,3,,,1,100,,10517,3,,,1,100,,10518,3,,,1,200,,10519,3,,,1
1901,'20260404',651,,10520,3,,,1,100,,10521,3,,,1,100,,10522,3,,,1,100,,10523,3,,,1,100,,10524,3,,,1,100,,10525,3,,,1,100,,10526,3,,,1,100,,10527,3,,,1,100,,10528,3,,,1,100,,10529,3,,,1,100,,10530,3,,,1,100,,10531,3,,,1,100,,10532,3,,,1,100,,10533,3,,,1,100,,10534,3,,,1,100,,10535,3,,,1,200,,10536,3,,,1
1901,'20260405',651,,10537,3,,,1,100,,10538,3,,,1,100,,10539,3,,,1,100,,10540,3,,,1,100,,10541,3,,,1,100,,10542,3,,,1,100,,10543,3,,,1,100,,10544,3,,,1,100,,10545,3,,,1,100,,10546,3,,,1,100,,10547,3,,,1,100,,10548,3,,,1,100,,10549,3,,,1,100,,10550,3,,,1,100,,10551,3,,,1,100,,10552,3,,,1,200,,10553,3,,,1
1901,'20260406',621,,10554,3,,,1,15,,10555,3,,,1,15,,10556,3,,,1,55,,10557,3,,,1,15,,10558,3,,,1,15,,10559,3,,,1,15,,10560,3,,,1,55,,10561,3,,,1,20,,10562,3,,,1,25,,10563,3,,,1,70,,10564,3,,,1,30,,10565,3,,,1,100,,10566,3,,,1,100,,10567,3,,,1,100,,10568,3,,,1,100,,10569,3,,,1,100,,10570,3,,,1,70,,10571,3,,,1,20,,10572,3,,,1,60,,10573,3,,,1,15,,10574,3,,,1,15,,10575,3,,,1,15,,10576,3,,,1,55,,10577,3,,,1,20,,10578,3,,,1,25,,10579,3,,,1,60,,10580,3,,,1,20,,10581,3,,,1,25,,10582,3,,,1,100,,10583,3,,,1,100,,10584,3,,,1,100,,10585,3,,,1,200,,10586,3,,,1
1901,'20260407',621,,10587,3,,,1,15,,10588,3,,,1,15,,10589,3,,,1,55,,10590,3,,,1,15,,10591,3,,,1,15,,10592,3,,,1,15,,10593,3,,,1,55,,10594,3,,,1,20,,10595,3,,,1,25,,10596,3,,,1,70,,10597,3,,,1,30,,10598,3,,,1,100,,10599,3,,,1,100,,10600,3,,,1,100,,10601,3,,,1,100,,10602,3,,,1,100,,10603,3,,,1,70,,10604,3,,,1,20,,10605,3,,,1,60,,10606,3,,,1,15,,10607,3,,,1,15,,10608,3,,,1,15,,10609,3,,,1,55,,10610,3,,,1,20,,10611,3,,,1,25,,10612,3,,,1,60,,10613,3,,,1,20,,10614,3,,,1,25,,10615,3,,,1,100,,10616,3,,,1,100,,10617,3,,,1,100,,10618,3,,,1,200,,10619,3,,,1
1901,'20260408',621,,10620,3,,,1,15,,10621,3,,,1,15,,10622,3,,,1,55,,10623,3,,,1,15,,10624,3,,,1,15,,10625,3,,,1,15,,10626,3,,,1,55,,10627,3,,,1,20,,10628,3,,,1,25,,10629,3,,,1,70,,10630,3,,,1,30,,10631,3,,,1,100,,10632,3,,,1,100,,10633,3,,,1,100,,10634,3,,,1,100,,10635,3,,,1,100,,10636,3,,,1,70,,10637,3,,,1,20,,10638,3,,,1,60,,10639,3,,,1,15,,10640,3,,,1,15,,10641,3,,,1,15,,10642,3,,,1,55,,10643,3,,,1,20,,10644,3,,,1,25,,10645,3,,,1,60,,10646,3,,,1,20,,10647,3,,,1,25,,10648,3,,,1,100,,10649,3,,,1,100,,10650,3,,,1,100,,10651,3,,,1,200,,10652,3,,,1
1901,'20260409',621,,10653,3,,,1,15,,10654,3,,,1,15,,10655,3,,,1,55,,10656,3,,,1,15,,10657,3,,,1,15,,10658,3,,,1,15,,10659,3,,,1,55,,10660,3,,,1,20,,10661,3,,,1,25,,10662,3,,,1,70,,10663,3,,,1,30,,10664,3,,,1,100,,10665,3,,,1,100,,10666,3,,,1,100,,10667,3,,,1,100,,10668,3,,,1,100,,10669,3,,,1,70,,10670,3,,,1,20,,10671,3,,,1,60,,10672,3,,,1,15,,10673,3,,,1,15,,10674,3,,,1,15,,10675,3,,,1,55,,10676,3,,,1,20,,10677,3,,,1,25,,10678,3,,,1,60,,10679,3,,,1,20,,10680,3,,,1,25,,10681,3,,,1,100,,10682,3,,,1,100,,10683,3,,,1,100,,10684,3,,,1,200,,10685,3,,,1
1901,'20260410',621,,10686,3,,,1,15,,10687,3,,,1,15,,10688,3,,,1,55,,10689,3,,,1,15,,10690,3,,,1,15,,10691,3,,,1,15,,10692,3,,,1,55,,10693,3,,,1,20,,10694,3,,,1,25,,10695,3,,,1,70,,10696,3,,,1,30,,10697,3,,,1,100,,10698,3,,,1,100,,10699,3,,,1,100,,10700,3,,,1,100,,10701,3,,,1,100,,10702,3,,,1,70,,10703,3,,,1,20,,10704,3,,,1,60,,10705,3,,,1,15,,10706,3,,,1,15,,10707,3,,,1,15,,10708,3,,,1,55,,10709,3,,,1,20,,10710,3,,,1,25,,10711,3,,,1,60,,10712,3,,,1,20,,10713,3,,,1,25,,10714,3,,,1,100,,10715,3,,,1,100,,10716,3,,,1,100,,10717,3,,,1,200,,10718,3,,,1
1901,'20260411',651,,10719,3,,,1,100,,10720,3,,,1,100,,10721,3,,,1,100,,10722,3,,,1,100,,10723,3,,,1,100,,10724,3,,,1,100,,10725,3,,,1,100,,10726,3,,,1,100,,10727,3,,,1,100,,10728,3,,,1,100,,10729,3,,,1,100,,10730,3,,,1,100,,10731,3,,,1,100,,10732,3,,,1,100,,10733,3,,,1,100,,10734,3,,,1,200,,10735,3,,,1
1901,'20260412',651,,10736,3,,,1,100,,10737,3,,,1,100,,10738,3,,,1,100,,10739,3,,,1,100,,10740,3,,,1,100,,10741,3,,,1,100,,10742,3,,,1,100,,10743,3,,,1,100,,10744,3,,,1,100,,10745,3,,,1,100,,10746,3,,,1,100,,10747,3,,,1,100,,10748,3,,,1,100,,10749,3,,,1,100,,10750,3,,,1,100,,10751,3,,,1,200,,10752,3,,,1
1901,'20260413',621,,10753,3,,,1,15,,10754,3,,,1,15,,10755,3,,,1,55,,10756,3,,,1,15,,10757,3,,,1,15,,10758,3,,,1,15,,10759,3,,,1,55,,10760,3,,,1,20,,10761,3,,,1,25,,10762,3,,,1,70,,10763,3,,,1,30,,10764,3,,,1,100,,10765,3,,,1,100,,10766,3,,,1,100,,10767,3,,,1,100,,10768,3,,,1,100,,10769,3,,,1,70,,10770,3,,,1,20,,10771,3,,,1,60,,10772,3,,,1,15,,10773,3,,,1,15,,10774,3,,,1,15,,10775,3,,,1,55,,10776,3,,,1,20,,10777,3,,,1,25,,10778,3,,,1,60,,10779,3,,,1,20,,10780,3,,,1,25,,10781,3,,,1,100,,10782,3,,,1,100,,10783,3,,,1,100,,10784,3,,,1,200,,10785,3,,,1
1901,'20260414',621,,10786,3,,,1,15,,10787,3,,,1,15,,10788,3,,,1,55,,10789,3,,,1,15,,10790,3,,,1,15,,10791,3,,,1,15,,10792,3,,,1,55,,10793,3,,,1,20,,10794,3,,,1,25,,10795,3,,,1,70,,10796,3,,,1,30,,10797,3,,,1,100,,10798,3,,,1,100,,10799,3,,,1,100,,10800,3,,,1,100,,10801,3,,,1,100,,10802,3,,,1,70,,10803,3,,,1,20,,10804,3,,,1,60,,10805,3,,,1,15,,10806,3,,,1,15,,10807,3,,,1,15,,10808,3,,,1,55,,10809,3,,,1,20,,10810,3,,,1,25,,10811,3,,,1,60,,10812,3,,,1,20,,10813,3,,,1,25,,10814,3,,,1,100,,10815,3,,,1,100,,10816,3,,,1,100,,10817,3,,,1,200,,10818,3,,,1
1901,'20260415',621,,10819,3,,,1,15,,10820,3,,,1,15,,10821,3,,,1,55,,10822,3,,,1,15,,10823,3,,,1,15,,10824,3,,,1,15,,10825,3,,,1,55,,10826,3,,,1,20,,10827,3,,,1,25,,10828,3,,,1,70,,10829,3,,,1,30,,10830,3,,,1,100,,10831,3,,,1,100,,10832,3,,,1,100,,10833,3,,,1,100,,10834,3,,,1,100,,10835,3,,,1,70,,10836,3,,,1,20,,10837,3,,,1,60,,10838,3,,,1,15,,10839,3,,,1,15,,10840,3,,,1,15,,10841,3,,,1,55,,10842,3,,,1,20,,10843,3,,,1,25,,10844,3,,,1,60,,10845,3,,,1,20,,10846,3,,,1,25,,10847,3,,,1,100,,10848,3,,,1,100,,10849,3,,,1,100,,10850,3,,,1,200,,10851,3,,,1
1901,'20260416',621,,10852,3,,,1,15,,10853,3,,,1,15,,10854,3,,,1,55,,10855,3,,,1,15,,10856,3,,,1,15,,10857,3,,,1,15,,10858,3,,,1,55,,10859,3,,,1,20,,10860,3,,,1,25,,10861,3,,,1,70,,10862,3,,,1,30,,10863,3,,,1,100,,10864,3,,,1,100,,10865,3,,,1,100,,10866,3,,,1,100,,10867,3,,,1,100,,10868,3,,,1,70,,10869,3,,,1,20,,10870,3,,,1,60,,10871,3,,,1,15,,10872,3,,,1,15,,10873,3,,,1,15,,10874,3,,,1,55,,10875,3,,,1,20,,10876,3,,,1,25,,10877,3,,,1,60,,10878,3,,,1,20,,10879,3,,,1,25,,10880,3,,,1,100,,10881,3,,,1,100,,10882,3,,,1,100,,10883,3,,,1,200,,10884,3,,,1
1901,'20260417',621,,10885,3,,,1,15,,10886,3,,,1,15,,10887,3,,,1,55,,10888,3,,,1,15,,10889,3,,,1,15,,10890,3,,,1,15,,10891,3,,,1,55,,10892,3,,,1,20,,10893,3,,,1,25,,10894,3,,,1,70,,10895,3,,,1,30,,10896,3,,,1,100,,10897,3,,,1,100,,10898,3,,,1,100,,10899,3,,,1,100,,10900,3,,,1,100,,10901,3,,,1,70,,10902,3,,,1,20,,10903,3,,,1,60,,10904,3,,,1,15,,10905,3,,,1,15,,10906,3,,,1,15,,10907,3,,,1,55,,10908,3,,,1,20,,10909,3,,,1,25,,10910,3,,,1,60,,10911,3,,,1,20,,10912,3,,,1,25,,10913,3,,,1,100,,10914,3,,,1,100,,10915,3,,,1,100,,10916,3,,,1,200,,10917,3,,,1
1901,'20260418',651,,10918,3,,,1,100,,10919,3,,,1,100,,10920,3,,,1,100,,10921,3,,,1,100,,10922,3,,,1,100,,10923,3,,,1,100,,10924,3,,,1,100,,10925,3,,,1,100,,10926,3,,,1,100,,10927,3,,,1,100,,10928,3,,,1,100,,10929,3,,,1,100,,10930,3,,,1,100,,10931,3,,,1,100,,10932,3,,,1,100,,10933,3,,,1,200,,10934,3,,,1
1901,'20260419',651,,10935,3,,,1,100,,10936,3,,,1,100,,10937,3,,,1,100,,10938,3,,,1,100,,10939,3,,,1,100,,10940,3,,,1,100,,10941,3,,,1,100,,10942,3,,,1,100,,10943,3,,,1,100,,10944,3,,,1,100,,10945,3,,,1,100,,10946,3,,,1,100,,10947,3,,,1,100,,10948,3,,,1,100,,10949,3,,,1,100,,10950,3,,,1,200,,10951,3,,,1
1901,'20260420',621,,10952,3,,,1,15,,10953,3,,,1,15,,10954,3,,,1,55,,10955,3,,,1,15,,10956,3,,,1,15,,10957,3,,,1,15,,10958,3,,,1,55,,10959,3,,,1,20,,10960,3,,,1,25,,10961,3,,,1,70,,10962,3,,,1,30,,10963,3,,,1,100,,10964,3,,,1,100,,10965,3,,,1,100,,10966,3,,,1,100,,10967,3,,,1,100,,10968,3,,,1,70,,10969,3,,,1,20,,10970,3,,,1,60,,10971,3,,,1,15,,10972,3,,,1,15,,10973,3,,,1,15,,10974,3,,,1,55,,10975,3,,,1,20,,10976,3,,,1,25,,10977,3,,,1,60,,10978,3,,,1,20,,10979,3,,,1,25,,10980,3,,,1,100,,10981,3,,,1,100,,10982,3,,,1,100,,10983,3,,,1,200,,10984,3,,,1
1901,'20260421',621,,10985,3,,,1,15,,10986,3,,,1,15,,10987,3,,,1,55,,10988,3,,,1,15,,10989,3,,,1,15,,10990,3,,,1,15,,10991,3,,,1,55,,10992,3,,,1,20,,10993,3,,,1,25,,10994,3,,,1,70,,10995,3,,,1,30,,10996,3,,,1,100,,10997,3,,,1,100,,10998,3,,,1,100,,10999,3,,,1,100,,11000,3,,,1,100,,11001,3,,,1,70,,11002,3,,,1,20,,11003,3,,,1,60,,11004,3,,,1,15,,11005,3,,,1,15,,11006,3,,,1,15,,11007,3,,,1,55,,11008,3,,,1,20,,11009,3,,,1,25,,11010,3,,,1,60,,11011,3,,,1,20,,11012,3,,,1,25,,11013,3,,,1,100,,11014,3,,,1,100,,11015,3,,,1,100,,11016,3,,,1,200,,11017,3,,,1
1901,'20260422',621,,11018,3,,,1,15,,11019,3,,,1,15,,11020,3,,,1,55,,11021,3,,,1,15,,11022,3,,,1,15,,11023,3,,,1,15,,11024,3,,,1,55,,11025,3,,,1,20,,11026,3,,,1,25,,11027,3,,,1,70,,11028,3,,,1,30,,11029,3,,,1,100,,11030,3,,,1,100,,11031,3,,,1,100,,11032,3,,,1,100,,11033,3,,,1,100,,11034,3,,,1,70,,11035,3,,,1,20,,11036,3,,,1,60,,11037,3,,,1,15,,11038,3,,,1,15,,11039,3,,,1,15,,11040,3,,,1,55,,11041,3,,,1,20,,11042,3,,,1,25,,11043,3,,,1,60,,11044,3,,,1,20,,11045,3,,,1,25,,11046,3,,,1,100,,11047,3,,,1,100,,11048,3,,,1,100,,11049,3,,,1,200,,11050,3,,,1
1901,'20260423',621,,11051,3,,,1,15,,11052,3,,,1,15,,11053,3,,,1,55,,11054,3,,,1,15,,11055,3,,,1,15,,11056,3,,,1,15,,11057,3,,,1,55,,11058,3,,,1,20,,11059,3,,,1,25,,11060,3,,,1,70,,11061,3,,,1,30,,11062,3,,,1,100,,11063,3,,,1,100,,11064,3,,,1,100,,11065,3,,,1,100,,11066,3,,,1,100,,11067,3,,,1,70,,11068,3,,,1,20,,11069,3,,,1,60,,11070,3,,,1,15,,11071,3,,,1,15,,11072,3,,,1,15,,11073,3,,,1,55,,11074,3,,,1,20,,11075,3,,,1,25,,11076,3,,,1,60,,11077,3,,,1,20,,11078,3,,,1,25,,11079,3,,,1,100,,11080,3,,,1,100,,11081,3,,,1,100,,11082,3,,,1,200,,11083,3,,,1
1901,'20260424',621,,11084,3,,,1,15,,11085,3,,,1,15,,11086,3,,,1,55,,11087,3,,,1,15,,11088,3,,,1,15,,11089,3,,,1,15,,11090,3,,,1,55,,11091,3,,,1,20,,11092,3,,,1,25,,11093,3,,,1,70,,11094,3,,,1,30,,11095,3,,,1,100,,11096,3,,,1,100,,11097,3,,,1,100,,11098,3,,,1,100,,11099,3,,,1,100,,11100,3,,,1,70,,11101,3,,,1,20,,11102,3,,,1,60,,11103,3,,,1,15,,11104,3,,,1,15,,11105,3,,,1,15,,11106,3,,,1,55,,11107,3,,,1,20,,11108,3,,,1,25,,11109,3,,,1,60,,11110,3,,,1,20,,11111,3,,,1,25,,11112,3,,,1,100,,11113,3,,,1,100,,11114,3,,,1,100,,11115,3,,,1,200,,11116,3,,,1
2701,'20260310',531,,19394,3,0,7 8 9,1,100,,19395,3,0,7 8 9,1,70,,19396,3,0,7 8 9,1,20,,19397,3,0,7 8 9,1,10,,19398,3,0,5 10 9,1,10,,19399,3,0,7 8 9,1,70,,19400,3,0,7 8 9,1,90,,19401,3,0,7 8 9,1,120,,19402,3,0,5 10 9,1,100,,19403,3,0,5 10 9,1,95,,19404,3,0,5 10 9,1,105,,19405,3,0,5 10 9,1,100,,19406,3,0,7 8 9,1,105,,19407,3,0,7 8 9,1,30,,19408,3,0,7 8 9,1,75,,19409,3,0,7 8 9,1,75,,19410,3,0,7 8 9,1,30,,19411,3,0,7 8 9,1,75,,19412,3,0,7 8 9,1,15,,19413,3,0,5 10 9,1,15,,19414,3,0,7 8 9,1,75,,19415,3,0,5 10 9,1,100,,19416,3,0,5 10 9,1,100,,19417,3,0,5 10 9,1,100,,19418,3,0,5 10 9,1,200,,19419,3,0,5 10 9,1
2701,'20260311',531,,19420,3,0,7 8 9,1,100,,19421,3,0,7 8 9,1,70,,19422,3,0,7 8 9,1,20,,19423,3,0,7 8 9,1,10,,19424,3,0,5 10 9,1,10,,19425,3,0,7 8 9,1,70,,19426,3,0,7 8 9,1,90,,19427,3,0,7 8 9,1,120,,19428,3,0,5 10 9,1,100,,19429,3,0,5 10 9,1,95,,19430,3,0,5 10 9,1,105,,19431,3,0,5 10 9,1,100,,19432,3,0,7 8 9,1,105,,19433,3,0,7 8 9,1,30,,19434,3,0,7 8 9,1,75,,19435,3,0,7 8 9,1,75,,19436,3,0,7 8 9,1,30,,19437,3,0,7 8 9,1,75,,19438,3,0,7 8 9,1,15,,19439,3,0,5 10 9,1,15,,19440,3,0,7 8 9,1,75,,19441,3,0,5 10 9,1,100,,19442,3,0,5 10 9,1,100,,19443,3,0,5 10 9,1,100,,19444,3,0,5 10 9,1,200,,19445,3,0,5 10 9,1
2701,'20260312',531,,19446,3,0,7 8 9,1,100,,19447,3,0,7 8 9,1,70,,19448,3,0,7 8 9,1,20,,19449,3,0,7 8 9,1,10,,19450,3,0,5 10 9,1,10,,19451,3,0,7 8 9,1,70,,19452,3,0,7 8 9,1,90,,19453,3,0,7 8 9,1,120,,19454,3,0,5 10 9,1,100,,19455,3,0,5 10 9,1,95,,19456,3,0,5 10 9,1,105,,19457,3,0,5 10 9,1,100,,19458,3,0,7 8 9,1,105,,19459,3,0,7 8 9,1,30,,19460,3,0,7 8 9,1,75,,19461,3,0,7 8 9,1,75,,19462,3,0,7 8 9,1,30,,19463,3,0,7 8 9,1,75,,19464,3,0,7 8 9,1,15,,19465,3,0,5 10 9,1,15,,19466,3,0,7 8 9,1,75,,19467,3,0,5 10 9,1,100,,19468,3,0,5 10 9,1,100,,19469,3,0,5 10 9,1,100,,19470,3,0,5 10 9,1,200,,19471,3,0,5 10 9,1
2701,'20260313',531,,19472,3,0,7 8 9,1,100,,19473,3,0,7 8 9,1,70,,19474,3,0,7 8 9,1,20,,19475,3,0,7 8 9,1,20,,19476,3,0,7 8 9,1,70,,19477,3,0,7 8 9,1,90,,19478,3,0,7 8 9,1,120,,19479,3,0,5 10 9,1,100,,19480,3,0,5 10 9,1,95,,19481,3,0,5 10 9,1,105,,19482,3,0,5 10 9,1,100,,19483,3,0,7 8 9,1,105,,19484,3,0,7 8 9,1,30,,19485,3,0,7 8 9,1,75,,19486,3,0,7 8 9,1,75,,19487,3,0,7 8 9,1,30,,19488,3,0,7 8 9,1,75,,19489,3,0,7 8 9,1,30,,19490,3,0,7 8 9,1,75,,19491,3,0,5 10 9,1,100,,19492,3,0,5 10 9,1,100,,19493,3,0,5 10 9,1,100,,19494,3,0,5 10 9,1,200,,19495,3,0,5 10 9,1
2701,'20260314',631,,19496,3,0,7 8 9,1,100,,19497,3,0,5 10 9,1,100,,19498,3,0,5 10 9,1,95,,19499,3,0,5 10 9,1,100,,19500,3,0,5 10 9,1,100,,19501,3,0,5 10 9,1,105,,19502,3,0,5 10 9,1,95,,19503,3,0,5 10 9,1,105,,19504,3,0,5 10 9,1,100,,19505,3,0,5 10 9,1,100,,19506,3,0,5 10 9,1,100,,19507,3,0,5 10 9,1,100,,19508,3,0,5 10 9,1,100,,19509,3,0,5 10 9,1,200,,19510,3,0,5 10 9,1,200,,19511,3,0,5 10 9,1
2701,'20260315',631,,19512,3,0,7 8 9,1,100,,19513,3,0,5 10 9,1,100,,19514,3,0,5 10 9,1,95,,19515,3,0,5 10 9,1,100,,19516,3,0,5 10 9,1,100,,19517,3,0,5 10 9,1,105,,19518,3,0,5 10 9,1,95,,19519,3,0,5 10 9,1,105,,19520,3,0,5 10 9,1,100,,19521,3,0,5 10 9,1,100,,19522,3,0,5 10 9,1,100,,19523,3,0,5 10 9,1,100,,19524,3,0,5 10 9,1,100,,19525,3,0,5 10 9,1,200,,19526,3,0,5 10 9,1,200,,19527,3,0,5 10 9,1
2701,'20260316',531,,19528,3,0,7 8 9,1,100,,19529,3,0,7 8 9,1,70,,19530,3,0,7 8 9,1,20,,19531,3,0,7 8 9,1,10,,19532,3,0,5 10 9,1,10,,19533,3,0,7 8 9,1,70,,19534,3,0,7 8 9,1,90,,19535,3,0,7 8 9,1,120,,19536,3,0,5 10 9,1,100,,19537,3,0,5 10 9,1,95,,19538,3,0,5 10 9,1,105,,19539,3,0,5 10 9,1,100,,19540,3,0,7 8 9,1,105,,19541,3,0,7 8 9,1,30,,19542,3,0,7 8 9,1,75,,19543,3,0,7 8 9,1,75,,19544,3,0,7 8 9,1,30,,19545,3,0,7 8 9,1,75,,19546,3,0,7 8 9,1,15,,19547,3,0,5 10 9,1,15,,19548,3,0,7 8 9,1,75,,19549,3,0,5 10 9,1,100,,19550,3,0,5 10 9,1,100,,19551,3,0,5 10 9,1,100,,19552,3,0,5 10 9,1,200,,19553,3,0,5 10 9,1
2701,'20260317',531,,19554,3,0,7 8 9,1,100,,19555,3,0,7 8 9,1,70,,19556,3,0,7 8 9,1,20,,19557,3,0,7 8 9,1,10,,19558,3,0,5 10 9,1,10,,19559,3,0,7 8 9,1,70,,19560,3,0,7 8 9,1,90,,19561,3,0,7 8 9,1,120,,19562,3,0,5 10 9,1,100,,19563,3,0,5 10 9,1,95,,19564,3,0,5 10 9,1,105,,19565,3,0,5 10 9,1,100,,19566,3,0,7 8 9,1,105,,19567,3,0,7 8 9,1,30,,19568,3,0,7 8 9,1,75,,19569,3,0,7 8 9,1,75,,19570,3,0,7 8 9,1,30,,19571,3,0,7 8 9,1,75,,19572,3,0,7 8 9,1,15,,19573,3,0,5 10 9,1,15,,19574,3,0,7 8 9,1,75,,19575,3,0,5 10 9,1,100,,19576,3,0,5 10 9,1,100,,19577,3,0,5 10 9,1,100,,19578,3,0,5 10 9,1,200,,19579,3,0,5 10 9,1
2701,'20260318',531,,19580,3,0,7 8 9,1,100,,19581,3,0,7 8 9,1,70,,19582,3,0,7 8 9,1,20,,19583,3,0,7 8 9,1,10,,19584,3,0,5 10 9,1,10,,19585,3,0,7 8 9,1,70,,19586,3,0,7 8 9,1,90,,19587,3,0,7 8 9,1,120,,19588,3,0,5 10 9,1,100,,19589,3,0,5 10 9,1,95,,19590,3,0,5 10 9,1,105,,19591,3,0,5 10 9,1,100,,19592,3,0,7 8 9,1,105,,19593,3,0,7 8 9,1,30,,19594,3,0,7 8 9,1,75,,19595,3,0,7 8 9,1,75,,19596,3,0,7 8 9,1,30,,19597,3,0,7 8 9,1,75,,19598,3,0,7 8 9,1,15,,19599,3,0,5 10 9,1,15,,19600,3,0,7 8 9,1,75,,19601,3,0,5 10 9,1,100,,19602,3,0,5 10 9,1,100,,19603,3,0,5 10 9,1,100,,19604,3,0,5 10 9,1,200,,19605,3,0,5 10 9,1
2701,'20260319',531,,19606,3,0,7 8 9,1,100,,19607,3,0,7 8 9,1,70,,19608,3,0,7 8 9,1,20,,19609,3,0,7 8 9,1,10,,19610,3,0,5 10 9,1,10,,19611,3,0,7 8 9,1,70,,19612,3,0,7 8 9,1,90,,19613,3,0,7 8 9,1,120,,19614,3,0,5 10 9,1,100,,19615,3,0,5 10 9,1,95,,19616,3,0,5 10 9,1,105,,19617,3,0,5 10 9,1,100,,19618,3,0,7 8 9,1,105,,19619,3,0,7 8 9,1,30,,19620,3,0,7 8 9,1,75,,19621,3,0,7 8 9,1,75,,19622,3,0,7 8 9,1,30,,19623,3,0,7 8 9,1,75,,19624,3,0,7 8 9,1,15,,19625,3,0,5 10 9,1,15,,19626,3,0,7 8 9,1,75,,19627,3,0,5 10 9,1,100,,19628,3,0,5 10 9,1,100,,19629,3,0,5 10 9,1,100,,19630,3,0,5 10 9,1,200,,19631,3,0,5 10 9,1
2701,'20260320',531,,19632,3,0,7 8 9,1,100,,19633,3,0,7 8 9,1,70,,19634,3,0,7 8 9,1,20,,19635,3,0,7 8 9,1,20,,19636,3,0,7 8 9,1,70,,19637,3,0,7 8 9,1,90,,19638,3,0,7 8 9,1,120,,19639,3,0,5 10 9,1,100,,19640,3,0,5 10 9,1,95,,19641,3,0,5 10 9,1,105,,19642,3,0,5 10 9,1,100,,19643,3,0,7 8 9,1,105,,19644,3,0,7 8 9,1,30,,19645,3,0,7 8 9,1,75,,19646,3,0,7 8 9,1,75,,19647,3,0,7 8 9,1,30,,19648,3,0,7 8 9,1,75,,19649,3,0,7 8 9,1,30,,19650,3,0,7 8 9,1,75,,19651,3,0,5 10 9,1,100,,19652,3,0,5 10 9,1,100,,19653,3,0,5 10 9,1,100,,19654,3,0,5 10 9,1,200,,19655,3,0,5 10 9,1
2701,'20260321',631,,19656,3,0,7 8 9,1,100,,19657,3,0,5 10 9,1,100,,19658,3,0,5 10 9,1,95,,19659,3,0,5 10 9,1,100,,19660,3,0,5 10 9,1,100,,19661,3,0,5 10 9,1,105,,19662,3,0,5 10 9,1,95,,19663,3,0,5 10 9,1,105,,19664,3,0,5 10 9,1,100,,19665,3,0,5 10 9,1,100,,19666,3,0,5 10 9,1,100,,19667,3,0,5 10 9,1,100,,19668,3,0,5 10 9,1,100,,19669,3,0,5 10 9,1,200,,19670,3,0,5 10 9,1,200,,19671,3,0,5 10 9,1
2701,'20260322',631,,19672,3,0,7 8 9,1,100,,19673,3,0,5 10 9,1,100,,19674,3,0,5 10 9,1,95,,19675,3,0,5 10 9,1,100,,19676,3,0,5 10 9,1,100,,19677,3,0,5 10 9,1,105,,19678,3,0,5 10 9,1,95,,19679,3,0,5 10 9,1,105,,19680,3,0,5 10 9,1,100,,19681,3,0,5 10 9,1,100,,19682,3,0,5 10 9,1,100,,19683,3,0,5 10 9,1,100,,19684,3,0,5 10 9,1,100,,19685,3,0,5 10 9,1,200,,19686,3,0,5 10 9,1,200,,19687,3,0,5 10 9,1
2701,'20260323',531,,19688,3,0,7 8 9,1,100,,19689,3,0,7 8 9,1,70,,19690,3,0,7 8 9,1,20,,19691,3,0,7 8 9,1,10,,19692,3,0,5 10 9,1,10,,19693,3,0,7 8 9,1,70,,19694,3,0,7 8 9,1,90,,19695,3,0,7 8 9,1,120,,19696,3,0,5 10 9,1,100,,19697,3,0,5 10 9,1,95,,19698,3,0,5 10 9,1,105,,19699,3,0,5 10 9,1,100,,19700,3,0,7 8 9,1,105,,19701,3,0,7 8 9,1,30,,19702,3,0,7 8 9,1,75,,19703,3,0,7 8 9,1,75,,19704,3,0,7 8 9,1,30,,19705,3,0,7 8 9,1,75,,19706,3,0,7 8 9,1,15,,19707,3,0,5 10 9,1,15,,19708,3,0,7 8 9,1,75,,19709,3,0,5 10 9,1,100,,19710,3,0,5 10 9,1,100,,19711,3,0,5 10 9,1,100,,19712,3,0,5 10 9,1,200,,19713,3,0,5 10 9,1
2701,'20260324',531,,19714,3,0,7 8 9,1,100,,19715,3,0,7 8 9,1,70,,19716,3,0,7 8 9,1,20,,19717,3,0,7 8 9,1,10,,19718,3,0,5 10 9,1,10,,19719,3,0,7 8 9,1,70,,19720,3,0,7 8 9,1,90,,19721,3,0,7 8 9,1,120,,19722,3,0,5 10 9,1,100,,19723,3,0,5 10 9,1,95,,19724,3,0,5 10 9,1,105,,19725,3,0,5 10 9,1,100,,19726,3,0,7 8 9,1,105,,19727,3,0,7 8 9,1,30,,19728,3,0,7 8 9,1,75,,19729,3,0,7 8 9,1,75,,19730,3,0,7 8 9,1,30,,19731,3,0,7 8 9,1,75,,19732,3,0,7 8 9,1,15,,19733,3,0,5 10 9,1,15,,19734,3,0,7 8 9,1,75,,19735,3,0,5 10 9,1,100,,19736,3,0,5 10 9,1,100,,19737,3,0,5 10 9,1,100,,19738,3,0,5 10 9,1,200,,19739,3,0,5 10 9,1
2701,'20260325',531,,19740,3,0,7 8 9,1,100,,19741,3,0,7 8 9,1,70,,19742,3,0,7 8 9,1,20,,19743,3,0,7 8 9,1,10,,19744,3,0,5 10 9,1,10,,19745,3,0,7 8 9,1,70,,19746,3,0,7 8 9,1,90,,19747,3,0,7 8 9,1,120,,19748,3,0,5 10 9,1,100,,19749,3,0,5 10 9,1,95,,19750,3,0,5 10 9,1,105,,19751,3,0,5 10 9,1,100,,19752,3,0,7 8 9,1,105,,19753,3,0,7 8 9,1,30,,19754,3,0,7 8 9,1,75,,19755,3,0,7 8 9,1,75,,19756,3,0,7 8 9,1,30,,19757,3,0,7 8 9,1,75,,19758,3,0,7 8 9,1,15,,19759,3,0,5 10 9,1,15,,19760,3,0,7 8 9,1,75,,19761,3,0,5 10 9,1,100,,19762,3,0,5 10 9,1,100,,19763,3,0,5 10 9,1,100,,19764,3,0,5 10 9,1,200,,19765,3,0,5 10 9,1
2701,'20260326',531,,19766,3,0,7 8 9,1,100,,19767,3,0,7 8 9,1,70,,19768,3,0,7 8 9,1,20,,19769,3,0,7 8 9,1,10,,19770,3,0,5 10 9,1,10,,19771,3,0,7 8 9,1,70,,19772,3,0,7 8 9,1,90,,19773,3,0,7 8 9,1,120,,19774,3,0,5 10 9,1,100,,19775,3,0,5 10 9,1,95,,19776,3,0,5 10 9,1,105,,19777,3,0,5 10 9,1,100,,19778,3,0,7 8 9,1,105,,19779,3,0,7 8 9,1,30,,19780,3,0,7 8 9,1,75,,19781,3,0,7 8 9,1,75,,19782,3,0,7 8 9,1,30,,19783,3,0,7 8 9,1,75,,19784,3,0,7 8 9,1,15,,19785,3,0,5 10 9,1,15,,19786,3,0,7 8 9,1,75,,19787,3,0,5 10 9,1,100,,19788,3,0,5 10 9,1,100,,19789,3,0,5 10 9,1,100,,19790,3,0,5 10 9,1,200,,19791,3,0,5 10 9,1
2701,'20260327',531,,19792,3,0,7 8 9,1,100,,19793,3,0,7 8 9,1,70,,19794,3,0,7 8 9,1,20,,19795,3,0,7 8 9,1,20,,19796,3,0,7 8 9,1,70,,19797,3,0,7 8 9,1,90,,19798,3,0,7 8 9,1,120,,19799,3,0,5 10 9,1,100,,19800,3,0,5 10 9,1,95,,19801,3,0,5 10 9,1,105,,19802,3,0,5 10 9,1,100,,19803,3,0,7 8 9,1,105,,19804,3,0,7 8 9,1,30,,19805,3,0,7 8 9,1,75,,19806,3,0,7 8 9,1,75,,19807,3,0,7 8 9,1,30,,19808,3,0,7 8 9,1,75,,19809,3,0,7 8 9,1,30,,19810,3,0,7 8 9,1,75,,19811,3,0,5 10 9,1,100,,19812,3,0,5 10 9,1,100,,19813,3,0,5 10 9,1,100,,19814,3,0,5 10 9,1,200,,19815,3,0,5 10 9,1
2701,'20260328',631,,19816,3,0,7 8 9,1,100,,19817,3,0,5 10 9,1,100,,19818,3,0,5 10 9,1,95,,19819,3,0,5 10 9,1,100,,19820,3,0,5 10 9,1,100,,19821,3,0,5 10 9,1,105,,19822,3,0,5 10 9,1,95,,19823,3,0,5 10 9,1,105,,19824,3,0,5 10 9,1,100,,19825,3,0,5 10 9,1,100,,19826,3,0,5 10 9,1,100,,19827,3,0,5 10 9,1,100,,19828,3,0,5 10 9,1,100,,19829,3,0,5 10 9,1,200,,19830,3,0,5 10 9,1,200,,19831,3,0,5 10 9,1
2701,'20260329',631,,19832,3,0,7 8 9,1,100,,19833,3,0,5 10 9,1,100,,19834,3,0,5 10 9,1,95,,19835,3,0,5 10 9,1,100,,19836,3,0,5 10 9,1,100,,19837,3,0,5 10 9,1,105,,19838,3,0,5 10 9,1,95,,19839,3,0,5 10 9,1,105,,19840,3,0,5 10 9,1,100,,19841,3,0,5 10 9,1,100,,19842,3,0,5 10 9,1,100,,19843,3,0,5 10 9,1,100,,19844,3,0,5 10 9,1,100,,19845,3,0,5 10 9,1,200,,19846,3,0,5 10 9,1,200,,19847,3,0,5 10 9,1
2701,'20260330',531,,19848,3,0,7 8 9,1,100,,19849,3,0,7 8 9,1,70,,19850,3,0,7 8 9,1,20,,19851,3,0,7 8 9,1,10,,19852,3,0,5 10 9,1,10,,19853,3,0,7 8 9,1,70,,19854,3,0,7 8 9,1,90,,19855,3,0,7 8 9,1,120,,19856,3,0,5 10 9,1,100,,19857,3,0,5 10 9,1,95,,19858,3,0,5 10 9,1,105,,19859,3,0,5 10 9,1,100,,19860,3,0,7 8 9,1,105,,19861,3,0,7 8 9,1,30,,19862,3,0,7 8 9,1,75,,19863,3,0,7 8 9,1,75,,19864,3,0,7 8 9,1,30,,19865,3,0,7 8 9,1,75,,19866,3,0,7 8 9,1,15,,19867,3,0,5 10 9,1,15,,19868,3,0,7 8 9,1,75,,19869,3,0,5 10 9,1,100,,19870,3,0,5 10 9,1,100,,19871,3,0,5 10 9,1,100,,19872,3,0,5 10 9,1,200,,19873,3,0,5 10 9,1
2701,'20260331',531,,19874,3,0,7 8 9,1,100,,19875,3,0,7 8 9,1,70,,19876,3,0,7 8 9,1,20,,19877,3,0,7 8 9,1,10,,19878,3,0,5 10 9,1,10,,19879,3,0,7 8 9,1,70,,19880,3,0,7 8 9,1,90,,19881,3,0,7 8 9,1,120,,19882,3,0,5 10 9,1,100,,19883,3,0,5 10 9,1,95,,19884,3,0,5 10 9,1,105,,19885,3,0,5 10 9,1,100,,19886,3,0,7 8 9,1,105,,19887,3,0,7 8 9,1,30,,19888,3,0,7 8 9,1,75,,19889,3,0,7 8 9,1,75,,19890,3,0,7 8 9,1,30,,19891,3,0,7 8 9,1,75,,19892,3,0,7 8 9,1,15,,19893,3,0,5 10 9,1,15,,19894,3,0,7 8 9,1,75,,19895,3,0,5 10 9,1,100,,19896,3,0,5 10 9,1,100,,19897,3,0,5 10 9,1,100,,19898,3,0,5 10 9,1,200,,19899,3,0,5 10 9,1
2701,'20260401',531,,19900,3,0,7 8 9,1,100,,19901,3,0,7 8 9,1,70,,19902,3,0,7 8 9,1,20,,19903,3,0,7 8 9,1,10,,19904,3,0,5 10 9,1,10,,19905,3,0,7 8 9,1,70,,19906,3,0,7 8 9,1,90,,19907,3,0,7 8 9,1,120,,19908,3,0,5 10 9,1,100,,19909,3,0,5 10 9,1,95,,19910,3,0,5 10 9,1,105,,19911,3,0,5 10 9,1,100,,19912,3,0,7 8 9,1,105,,19913,3,0,7 8 9,1,30,,19914,3,0,7 8 9,1,75,,19915,3,0,7 8 9,1,75,,19916,3,0,7 8 9,1,30,,19917,3,0,7 8 9,1,75,,19918,3,0,7 8 9,1,15,,19919,3,0,5 10 9,1,15,,19920,3,0,7 8 9,1,75,,19921,3,0,5 10 9,1,100,,19922,3,0,5 10 9,1,100,,19923,3,0,5 10 9,1,100,,19924,3,0,5 10 9,1,200,,19925,3,0,5 10 9,1
2701,'20260402',531,,19926,3,0,7 8 9,1,100,,19927,3,0,7 8 9,1,70,,19928,3,0,7 8 9,1,20,,19929,3,0,7 8 9,1,10,,19930,3,0,5 10 9,1,10,,19931,3,0,7 8 9,1,70,,19932,3,0,7 8 9,1,90,,19933,3,0,7 8 9,1,120,,19934,3,0,5 10 9,1,100,,19935,3,0,5 10 9,1,95,,19936,3,0,5 10 9,1,105,,19937,3,0,5 10 9,1,100,,19938,3,0,7 8 9,1,105,,19939,3,0,7 8 9,1,30,,19940,3,0,7 8 9,1,75,,19941,3,0,7 8 9,1,75,,19942,3,0,7 8 9,1,30,,19943,3,0,7 8 9,1,75,,19944,3,0,7 8 9,1,15,,19945,3,0,5 10 9,1,15,,19946,3,0,7 8 9,1,75,,19947,3,0,5 10 9,1,100,,19948,3,0,5 10 9,1,100,,19949,3,0,5 10 9,1,100,,19950,3,0,5 10 9,1,200,,19951,3,0,5 10 9,1
2701,'20260403',631,,19952,3,0,7 8 9,1,100,,19953,3,0,5 10 9,1,100,,19954,3,0,5 10 9,1,95,,19955,3,0,5 10 9,1,100,,19956,3,0,5 10 9,1,100,,19957,3,0,5 10 9,1,105,,19958,3,0,5 10 9,1,95,,19959,3,0,5 10 9,1,105,,19960,3,0,5 10 9,1,100,,19961,3,0,5 10 9,1,100,,19962,3,0,5 10 9,1,100,,19963,3,0,5 10 9,1,100,,19964,3,0,5 10 9,1,100,,19965,3,0,5 10 9,1,200,,19966,3,0,5 10 9,1,200,,19967,3,0,5 10 9,1
2701,'20260404',631,,19968,3,0,7 8 9,1,100,,19969,3,0,5 10 9,1,100,,19970,3,0,5 10 9,1,95,,19971,3,0,5 10 9,1,100,,19972,3,0,5 10 9,1,100,,19973,3,0,5 10 9,1,105,,19974,3,0,5 10 9,1,95,,19975,3,0,5 10 9,1,105,,19976,3,0,5 10 9,1,100,,19977,3,0,5 10 9,1,100,,19978,3,0,5 10 9,1,100,,19979,3,0,5 10 9,1,100,,19980,3,0,5 10 9,1,100,,19981,3,0,5 10 9,1,200,,19982,3,0,5 10 9,1,200,,19983,3,0,5 10 9,1
2701,'20260405',631,,19984,3,0,7 8 9,1,100,,19985,3,0,5 10 9,1,100,,19986,3,0,5 10 9,1,95,,19987,3,0,5 10 9,1,100,,19988,3,0,5 10 9,1,100,,19989,3,0,5 10 9,1,105,,19990,3,0,5 10 9,1,95,,19991,3,0,5 10 9,1,105,,19992,3,0,5 10 9,1,100,,19993,3,0,5 10 9,1,100,,19994,3,0,5 10 9,1,100,,19995,3,0,5 10 9,1,100,,19996,3,0,5 10 9,1,100,,19997,3,0,5 10 9,1,200,,19998,3,0,5 10 9,1,200,,19999,3,0,5 10 9,1
2701,'20260406',531,,20000,3,0,7 8 9,1,100,,20001,3,0,7 8 9,1,70,,20002,3,0,7 8 9,1,20,,20003,3,0,7 8 9,1,10,,20004,3,0,5 10 9,1,10,,20005,3,0,7 8 9,1,70,,20006,3,0,7 8 9,1,90,,20007,3,0,7 8 9,1,120,,20008,3,0,5 10 9,1,100,,20009,3,0,5 10 9,1,95,,20010,3,0,5 10 9,1,105,,20011,3,0,5 10 9,1,100,,20012,3,0,7 8 9,1,105,,20013,3,0,7 8 9,1,30,,20014,3,0,7 8 9,1,75,,20015,3,0,7 8 9,1,75,,20016,3,0,7 8 9,1,30,,20017,3,0,7 8 9,1,75,,20018,3,0,7 8 9,1,15,,20019,3,0,5 10 9,1,15,,20020,3,0,7 8 9,1,75,,20021,3,0,5 10 9,1,100,,20022,3,0,5 10 9,1,100,,20023,3,0,5 10 9,1,100,,20024,3,0,5 10 9,1,200,,20025,3,0,5 10 9,1
2701,'20260407',531,,20026,3,0,7 8 9,1,100,,20027,3,0,7 8 9,1,70,,20028,3,0,7 8 9,1,20,,20029,3,0,7 8 9,1,10,,20030,3,0,5 10 9,1,10,,20031,3,0,7 8 9,1,70,,20032,3,0,7 8 9,1,90,,20033,3,0,7 8 9,1,120,,20034,3,0,5 10 9,1,100,,20035,3,0,5 10 9,1,95,,20036,3,0,5 10 9,1,105,,20037,3,0,5 10 9,1,100,,20038,3,0,7 8 9,1,105,,20039,3,0,7 8 9,1,30,,20040,3,0,7 8 9,1,75,,20041,3,0,7 8 9,1,75,,20042,3,0,7 8 9,1,30,,20043,3,0,7 8 9,1,75,,20044,3,0,7 8 9,1,15,,20045,3,0,5 10 9,1,15,,20046,3,0,7 8 9,1,75,,20047,3,0,5 10 9,1,100,,20048,3,0,5 10 9,1,100,,20049,3,0,5 10 9,1,100,,20050,3,0,5 10 9,1,200,,20051,3,0,5 10 9,1
2701,'20260408',531,,20052,3,0,7 8 9,1,100,,20053,3,0,7 8 9,1,70,,20054,3,0,7 8 9,1,20,,20055,3,0,7 8 9,1,10,,20056,3,0,5 10 9,1,10,,20057,3,0,7 8 9,1,70,,20058,3,0,7 8 9,1,90,,20059,3,0,7 8 9,1,120,,20060,3,0,5 10 9,1,100,,20061,3,0,5 10 9,1,95,,20062,3,0,5 10 9,1,105,,20063,3,0,5 10 9,1,100,,20064,3,0,7 8 9,1,105,,20065,3,0,7 8 9,1,30,,20066,3,0,7 8 9,1,75,,20067,3,0,7 8 9,1,75,,20068,3,0,7 8 9,1,30,,20069,3,0,7 8 9,1,75,,20070,3,0,7 8 9,1,15,,20071,3,0,5 10 9,1,15,,20072,3,0,7 8 9,1,75,,20073,3,0,5 10 9,1,100,,20074,3,0,5 10 9,1,100,,20075,3,0,5 10 9,1,100,,20076,3,0,5 10 9,1,200,,20077,3,0,5 10 9,1
2701,'20260409',531,,20078,3,0,7 8 9,1,100,,20079,3,0,7 8 9,1,70,,20080,3,0,7 8 9,1,20,,20081,3,0,7 8 9,1,10,,20082,3,0,5 10 9,1,10,,20083,3,0,7 8 9,1,70,,20084,3,0,7 8 9,1,90,,20085,3,0,7 8 9,1,120,,20086,3,0,5 10 9,1,100,,20087,3,0,5 10 9,1,95,,20088,3,0,5 10 9,1,105,,20089,3,0,5 10 9,1,100,,20090,3,0,7 8 9,1,105,,20091,3,0,7 8 9,1,30,,20092,3,0,7 8 9,1,75,,20093,3,0,7 8 9,1,75,,20094,3,0,7 8 9,1,30,,20095,3,0,7 8 9,1,75,,20096,3,0,7 8 9,1,15,,20097,3,0,5 10 9,1,15,,20098,3,0,7 8 9,1,75,,20099,3,0,5 10 9,1,100,,20100,3,0,5 10 9,1,100,,20101,3,0,5 10 9,1,100,,20102,3,0,5 10 9,1,200,,20103,3,0,5 10 9,1
2701,'20260410',531,,20104,3,0,7 8 9,1,100,,20105,3,0,7 8 9,1,70,,20106,3,0,7 8 9,1,20,,20107,3,0,7 8 9,1,20,,20108,3,0,7 8 9,1,70,,20109,3,0,7 8 9,1,90,,20110,3,0,7 8 9,1,120,,20111,3,0,5 10 9,1,100,,20112,3,0,5 10 9,1,95,,20113,3,0,5 10 9,1,105,,20114,3,0,5 10 9,1,100,,20115,3,0,7 8 9,1,105,,20116,3,0,7 8 9,1,30,,20117,3,0,7 8 9,1,75,,20118,3,0,7 8 9,1,75,,20119,3,0,7 8 9,1,30,,20120,3,0,7 8 9,1,75,,20121,3,0,7 8 9,1,30,,20122,3,0,7 8 9,1,75,,20123,3,0,5 10 9,1,100,,20124,3,0,5 10 9,1,100,,20125,3,0,5 10 9,1,100,,20126,3,0,5 10 9,1,200,,20127,3,0,5 10 9,1
2701,'20260411',631,,20128,3,0,7 8 9,1,100,,20129,3,0,5 10 9,1,100,,20130,3,0,5 10 9,1,95,,20131,3,0,5 10 9,1,100,,20132,3,0,5 10 9,1,100,,20133,3,0,5 10 9,1,105,,20134,3,0,5 10 9,1,95,,20135,3,0,5 10 9,1,105,,20136,3,0,5 10 9,1,100,,20137,3,0,5 10 9,1,100,,20138,3,0,5 10 9,1,100,,20139,3,0,5 10 9,1,100,,20140,3,0,5 10 9,1,100,,20141,3,0,5 10 9,1,200,,20142,3,0,5 10 9,1,200,,20143,3,0,5 10 9,1
2701,'20260412',631,,20144,3,0,7 8 9,1,100,,20145,3,0,5 10 9,1,100,,20146,3,0,5 10 9,1,95,,20147,3,0,5 10 9,1,100,,20148,3,0,5 10 9,1,100,,20149,3,0,5 10 9,1,105,,20150,3,0,5 10 9,1,95,,20151,3,0,5 10 9,1,105,,20152,3,0,5 10 9,1,100,,20153,3,0,5 10 9,1,100,,20154,3,0,5 10 9,1,100,,20155,3,0,5 10 9,1,100,,20156,3,0,5 10 9,1,100,,20157,3,0,5 10 9,1,200,,20158,3,0,5 10 9,1,200,,20159,3,0,5 10 9,1
2701,'20260413',531,,20160,3,0,7 8 9,1,100,,20161,3,0,7 8 9,1,70,,20162,3,0,7 8 9,1,20,,20163,3,0,7 8 9,1,10,,20164,3,0,5 10 9,1,10,,20165,3,0,7 8 9,1,70,,20166,3,0,7 8 9,1,90,,20167,3,0,7 8 9,1,120,,20168,3,0,5 10 9,1,100,,20169,3,0,5 10 9,1,95,,20170,3,0,5 10 9,1,105,,20171,3,0,5 10 9,1,100,,20172,3,0,7 8 9,1,105,,20173,3,0,7 8 9,1,30,,20174,3,0,7 8 9,1,75,,20175,3,0,7 8 9,1,75,,20176,3,0,7 8 9,1,30,,20177,3,0,7 8 9,1,75,,20178,3,0,7 8 9,1,15,,20179,3,0,5 10 9,1,15,,20180,3,0,7 8 9,1,75,,20181,3,0,5 10 9,1,100,,20182,3,0,5 10 9,1,100,,20183,3,0,5 10 9,1,100,,20184,3,0,5 10 9,1,200,,20185,3,0,5 10 9,1
2701,'20260414',531,,20186,3,0,7 8 9,1,100,,20187,3,0,7 8 9,1,70,,20188,3,0,7 8 9,1,20,,20189,3,0,7 8 9,1,10,,20190,3,0,5 10 9,1,10,,20191,3,0,7 8 9,1,70,,20192,3,0,7 8 9,1,90,,20193,3,0,7 8 9,1,120,,20194,3,0,5 10 9,1,100,,20195,3,0,5 10 9,1,95,,20196,3,0,5 10 9,1,105,,20197,3,0,5 10 9,1,100,,20198,3,0,7 8 9,1,105,,20199,3,0,7 8 9,1,30,,20200,3,0,7 8 9,1,75,,20201,3,0,7 8 9,1,75,,20202,3,0,7 8 9,1,30,,20203,3,0,7 8 9,1,75,,20204,3,0,7 8 9,1,15,,20205,3,0,5 10 9,1,15,,20206,3,0,7 8 9,1,75,,20207,3,0,5 10 9,1,100,,20208,3,0,5 10 9,1,100,,20209,3,0,5 10 9,1,100,,20210,3,0,5 10 9,1,200,,20211,3,0,5 10 9,1
2701,'20260415',531,,20212,3,0,7 8 9,1,100,,20213,3,0,7 8 9,1,70,,20214,3,0,7 8 9,1,20,,20215,3,0,7 8 9,1,10,,20216,3,0,5 10 9,1,10,,20217,3,0,7 8 9,1,70,,20218,3,0,7 8 9,1,90,,20219,3,0,7 8 9,1,120,,20220,3,0,5 10 9,1,100,,20221,3,0,5 10 9,1,95,,20222,3,0,5 10 9,1,105,,20223,3,0,5 10 9,1,100,,20224,3,0,7 8 9,1,105,,20225,3,0,7 8 9,1,30,,20226,3,0,7 8 9,1,75,,20227,3,0,7 8 9,1,75,,20228,3,0,7 8 9,1,30,,20229,3,0,7 8 9,1,75,,20230,3,0,7 8 9,1,15,,20231,3,0,5 10 9,1,15,,20232,3,0,7 8 9,1,75,,20233,3,0,5 10 9,1,100,,20234,3,0,5 10 9,1,100,,20235,3,0,5 10 9,1,100,,20236,3,0,5 10 9,1,200,,20237,3,0,5 10 9,1
2701,'20260416',531,,20238,3,0,7 8 9,1,100,,20239,3,0,7 8 9,1,70,,20240,3,0,7 8 9,1,20,,20241,3,0,7 8 9,1,10,,20242,3,0,5 10 9,1,10,,20243,3,0,7 8 9,1,70,,20244,3,0,7 8 9,1,90,,20245,3,0,7 8 9,1,120,,20246,3,0,5 10 9,1,100,,20247,3,0,5 10 9,1,95,,20248,3,0,5 10 9,1,105,,20249,3,0,5 10 9,1,100,,20250,3,0,7 8 9,1,105,,20251,3,0,7 8 9,1,30,,20252,3,0,7 8 9,1,75,,20253,3,0,7 8 9,1,75,,20254,3,0,7 8 9,1,30,,20255,3,0,7 8 9,1,75,,20256,3,0,7 8 9,1,15,,20257,3,0,5 10 9,1,15,,20258,3,0,7 8 9,1,75,,20259,3,0,5 10 9,1,100,,20260,3,0,5 10 9,1,100,,20261,3,0,5 10 9,1,100,,20262,3,0,5 10 9,1,200,,20263,3,0,5 10 9,1
2701,'20260417',531,,20264,3,0,7 8 9,1,100,,20265,3,0,7 8 9,1,70,,20266,3,0,7 8 9,1,20,,20267,3,0,7 8 9,1,20,,20268,3,0,7 8 9,1,70,,20269,3,0,7 8 9,1,90,,20270,3,0,7 8 9,1,120,,20271,3,0,5 10 9,1,100,,20272,3,0,5 10 9,1,95,,20273,3,0,5 10 9,1,105,,20274,3,0,5 10 9,1,100,,20275,3,0,7 8 9,1,105,,20276,3,0,7 8 9,1,30,,20277,3,0,7 8 9,1,75,,20278,3,0,7 8 9,1,75,,20279,3,0,7 8 9,1,30,,20280,3,0,7 8 9,1,75,,20281,3,0,7 8 9,1,30,,20282,3,0,7 8 9,1,75,,20283,3,0,5 10 9,1,100,,20284,3,0,5 10 9,1,100,,20285,3,0,5 10 9,1,100,,20286,3,0,5 10 9,1,200,,20287,3,0,5 10 9,1
2701,'20260418',631,,20288,3,0,7 8 9,1,100,,20289,3,0,5 10 9,1,100,,20290,3,0,5 10 9,1,95,,20291,3,0,5 10 9,1,100,,20292,3,0,5 10 9,1,100,,20293,3,0,5 10 9,1,105,,20294,3,0,5 10 9,1,95,,20295,3,0,5 10 9,1,105,,20296,3,0,5 10 9,1,100,,20297,3,0,5 10 9,1,100,,20298,3,0,5 10 9,1,100,,20299,3,0,5 10 9,1,100,,20300,3,0,5 10 9,1,100,,20301,3,0,5 10 9,1,200,,20302,3,0,5 10 9,1,200,,20303,3,0,5 10 9,1
2701,'20260419',631,,20304,3,0,7 8 9,1,100,,20305,3,0,5 10 9,1,100,,20306,3,0,5 10 9,1,95,,20307,3,0,5 10 9,1,100,,20308,3,0,5 10 9,1,100,,20309,3,0,5 10 9,1,105,,20310,3,0,5 10 9,1,95,,20311,3,0,5 10 9,1,105,,20312,3,0,5 10 9,1,100,,20313,3,0,5 10 9,1,100,,20314,3,0,5 10 9,1,100,,20315,3,0,5 10 9,1,100,,20316,3,0,5 10 9,1,100,,20317,3,0,5 10 9,1,200,,20318,3,0,5 10 9,1,200,,20319,3,0,5 10 9,1
2701,'20260420',531,,20320,3,0,7 8 9,1,100,,20321,3,0,7 8 9,1,70,,20322,3,0,7 8 9,1,20,,20323,3,0,7 8 9,1,10,,20324,3,0,5 10 9,1,10,,20325,3,0,7 8 9,1,70,,20326,3,0,7 8 9,1,90,,20327,3,0,7 8 9,1,120,,20328,3,0,5 10 9,1,100,,20329,3,0,5 10 9,1,95,,20330,3,0,5 10 9,1,105,,20331,3,0,5 10 9,1,100,,20332,3,0,7 8 9,1,105,,20333,3,0,7 8 9,1,30,,20334,3,0,7 8 9,1,75,,20335,3,0,7 8 9,1,75,,20336,3,0,7 8 9,1,30,,20337,3,0,7 8 9,1,75,,20338,3,0,7 8 9,1,15,,20339,3,0,5 10 9,1,15,,20340,3,0,7 8 9,1,75,,20341,3,0,5 10 9,1,100,,20342,3,0,5 10 9,1,100,,20343,3,0,5 10 9,1,100,,20344,3,0,5 10 9,1,200,,20345,3,0,5 10 9,1
2701,'20260421',531,,20346,3,0,7 8 9,1,100,,20347,3,0,7 8 9,1,70,,20348,3,0,7 8 9,1,20,,20349,3,0,7 8 9,1,10,,20350,3,0,5 10 9,1,10,,20351,3,0,7 8 9,1,70,,20352,3,0,7 8 9,1,90,,20353,3,0,7 8 9,1,120,,20354,3,0,5 10 9,1,100,,20355,3,0,5 10 9,1,95,,20356,3,0,5 10 9,1,105,,20357,3,0,5 10 9,1,100,,20358,3,0,7 8 9,1,105,,20359,3,0,7 8 9,1,30,,20360,3,0,7 8 9,1,75,,20361,3,0,7 8 9,1,75,,20362,3,0,7 8 9,1,30,,20363,3,0,7 8 9,1,75,,20364,3,0,7 8 9,1,15,,20365,3,0,5 10 9,1,15,,20366,3,0,7 8 9,1,75,,20367,3,0,5 10 9,1,100,,20368,3,0,5 10 9,1,100,,20369,3,0,5 10 9,1,100,,20370,3,0,5 10 9,1,200,,20371,3,0,5 10 9,1
2701,'20260422',531,,20372,3,0,7 8 9,1,100,,20373,3,0,7 8 9,1,70,,20374,3,0,7 8 9,1,20,,20375,3,0,7 8 9,1,10,,20376,3,0,5 10 9,1,10,,20377,3,0,7 8 9,1,70,,20378,3,0,7 8 9,1,90,,20379,3,0,7 8 9,1,120,,20380,3,0,5 10 9,1,100,,20381,3,0,5 10 9,1,95,,20382,3,0,5 10 9,1,105,,20383,3,0,5 10 9,1,100,,20384,3,0,7 8 9,1,105,,20385,3,0,7 8 9,1,30,,20386,3,0,7 8 9,1,75,,20387,3,0,7 8 9,1,75,,20388,3,0,7 8 9,1,30,,20389,3,0,7 8 9,1,75,,20390,3,0,7 8 9,1,15,,20391,3,0,5 10 9,1,15,,20392,3,0,7 8 9,1,75,,20393,3,0,5 10 9,1,100,,20394,3,0,5 10 9,1,100,,20395,3,0,5 10 9,1,100,,20396,3,0,5 10 9,1,200,,20397,3,0,5 10 9,1
2701,'20260423',531,,20398,3,0,7 8 9,1,100,,20399,3,0,7 8 9,1,70,,20400,3,0,7 8 9,1,20,,20401,3,0,7 8 9,1,10,,20402,3,0,5 10 9,1,10,,20403,3,0,7 8 9,1,70,,20404,3,0,7 8 9,1,90,,20405,3,0,7 8 9,1,120,,20406,3,0,5 10 9,1,100,,20407,3,0,5 10 9,1,95,,20408,3,0,5 10 9,1,105,,20409,3,0,5 10 9,1,100,,20410,3,0,7 8 9,1,105,,20411,3,0,7 8 9,1,30,,20412,3,0,7 8 9,1,75,,20413,3,0,7 8 9,1,75,,20414,3,0,7 8 9,1,30,,20415,3,0,7 8 9,1,75,,20416,3,0,7 8 9,1,15,,20417,3,0,5 10 9,1,15,,20418,3,0,7 8 9,1,75,,20419,3,0,5 10 9,1,100,,20420,3,0,5 10 9,1,100,,20421,3,0,5 10 9,1,100,,20422,3,0,5 10 9,1,200,,20423,3,0,5 10 9,1
2701,'20260424',531,,20424,3,0,7 8 9,1,100,,20425,3,0,7 8 9,1,70,,20426,3,0,7 8 9,1,20,,20427,3,0,7 8 9,1,20,,20428,3,0,7 8 9,1,70,,20429,3,0,7 8 9,1,90,,20430,3,0,7 8 9,1,120,,20431,3,0,5 10 9,1,100,,20432,3,0,5 10 9,1,95,,20433,3,0,5 10 9,1,105,,20434,3,0,5 10 9,1,100,,20435,3,0,7 8 9,1,105,,20436,3,0,7 8 9,1,30,,20437,3,0,7 8 9,1,75,,20438,3,0,7 8 9,1,75,,20439,3,0,7 8 9,1,30,,20440,3,0,7 8 9,1,75,,20441,3,0,7 8 9,1,30,,20442,3,0,7 8 9,1,75,,20443,3,0,5 10 9,1,100,,20444,3,0,5 10 9,1,100,,20445,3,0,5 10 9,1,100,,20446,3,0,5 10 9,1,200,,20447,3,0,5 10 9,1
6700,'20260310',1511,,50484,3,,,1,205,,50485,3,,,1,205,,50486,3,,,1
6700,'20260311',1511,,50487,3,,,1,205,,50488,3,,,1,205,,50489,3,,,1
6700,'20260312',1511,,50490,3,,,1,205,,50491,3,,,1,205,,50492,3,,,1
6700,'20260313',1511,,50493,3,,,1,205,,50494,3,,,1,205,,50495,3,,,1
6700,'20260316',1511,,50496,3,,,1,205,,50497,3,,,1,205,,50498,3,,,1
6700,'20260317',1511,,50499,3,,,1,205,,50500,3,,,1,205,,50501,3,,,1
6700,'20260318',1511,,50502,3,,,1,205,,50503,3,,,1,205,,50504,3,,,1
6700,'20260319',1511,,50505,3,,,1,205,,50506,3,,,1,205,,50507,3,,,1
6700,'20260320',1511,,50508,3,,,1,205,,50509,3,,,1,205,,50510,3,,,1
6700,'20260323',1511,,50511,3,,,1,205,,50512,3,,,1,205,,50513,3,,,1
6700,'20260324',1511,,50514,3,,,1,205,,50515,3,,,1,205,,50516,3,,,1
6700,'20260325',1511,,50517,3,,,1,205,,50518,3,,,1,205,,50519,3,,,1
6700,'20260326',1511,,50520,3,,,1,205,,50521,3,,,1,205,,50522,3,,,1
6700,'20260327',1511,,50523,3,,,1,205,,50524,3,,,1,205,,50525,3,,,1
6700,'20260330',1511,,50526,3,,,1,205,,50527,3,,,1,205,,50528,3,,,1
6700,'20260331',1511,,50529,3,,,1,205,,50530,3,,,1,205,,50531,3,,,1
6700,'20260401',1511,,50532,3,,,1,205,,50533,3,,,1,205,,50534,3,,,1
6700,'20260402',1511,,50535,3,,,1,205,,50536,3,,,1,205,,50537,3,,,1
6700,'20260406',1511,,50538,3,,,1,205,,50539,3,,,1,205,,50540,3,,,1
6700,'20260407',1511,,50541,3,,,1,205,,50542,3,,,1,205,,50543,3,,,1
6700,'20260408',1511,,50544,3,,,1,205,,50545,3,,,1,205,,50546,3,,,1
6700,'20260409',1511,,50547,3,,,1,205,,50548,3,,,1,205,,50549,3,,,1
6700,'20260410',1511,,50550,3,,,1,205,,50551,3,,,1,205,,50552,3,,,1
6700,'20260413',1511,,50553,3,,,1,205,,50554,3,,,1,205,,50555,3,,,1
6700,'20260414',1511,,50556,3,,,1,205,,50557,3,,,1,205,,50558,3,,,1
6700,'20260415',1511,,50559,3,,,1,205,,50560,3,,,1,205,,50561,3,,,1
6700,'20260416',1511,,50562,3,,,1,205,,50563,3,,,1,205,,50564,3,,,1
6700,'20260417',1511,,50565,3,,,1,205,,50566,3,,,1,205,,50567,3,,,1
6700,'20260420',1511,,50568,3,,,1,205,,50569,3,,,1,205,,50570,3,,,1
6700,'20260421',1511,,50571,3,,,1,205,,50572,3,,,1,205,,50573,3,,,1
6700,'20260422',1511,,50574,3,,,1,205,,50575,3,,,1,205,,50576,3,,,1
6700,'20260423',1511,,50577,3,,,1,205,,50578,3,,,1,205,,50579,3,,,1
6700,'20260424',1511,,50580,3,,,1,205,,50581,3,,,1,205,,50582,3,,,1
9600,'20260310',616,,57765,3,0,5 11 12 9,1,90,,57766,3,0,5 11 12 9,1,95,,57767,3,0,5 11 12 9,1,35,,57768,3,0,5 11 12 9,1,65,,57769,3,0,5 11 12 9,1,110,,57770,3,0,5 11 12 9,1,195,,57771,3,0,5 11 12 9,1,200,,57772,3,0,5 11 12 9,1,105,,57773,3,0,5 11 12 9,1,95,,57774,3,0,5 11 12 9,1,25,,57775,3,0,5 11 12 9,1,75,,57776,3,0,5 11 12 9,1,35,,57777,3,0,5 11 12 9,1,70,,57778,3,0,5 11 12 9,1,90,,57779,3,0,5 11 12 9,1,205,,57780,3,0,5 11 12 9,1,300,,57781,3,0,5 11 12 9,1
9600,'20260311',616,,57782,3,0,5 11 12 9,1,90,,57783,3,0,5 11 12 9,1,95,,57784,3,0,5 11 12 9,1,35,,57785,3,0,5 11 12 9,1,65,,57786,3,0,5 11 12 9,1,110,,57787,3,0,5 11 12 9,1,195,,57788,3,0,5 11 12 9,1,200,,57789,3,0,5 11 12 9,1,105,,57790,3,0,5 11 12 9,1,95,,57791,3,0,5 11 12 9,1,25,,57792,3,0,5 11 12 9,1,75,,57793,3,0,5 11 12 9,1,35,,57794,3,0,5 11 12 9,1,70,,57795,3,0,5 11 12 9,1,90,,57796,3,0,5 11 12 9,1,205,,57797,3,0,5 11 12 9,1,300,,57798,3,0,5 11 12 9,1
9600,'20260312',616,,57799,3,0,5 11 12 9,1,90,,57800,3,0,5 11 12 9,1,95,,57801,3,0,5 11 12 9,1,35,,57802,3,0,5 11 12 9,1,65,,57803,3,0,5 11 12 9,1,110,,57804,3,0,5 11 12 9,1,195,,57805,3,0,5 11 12 9,1,200,,57806,3,0,5 11 12 9,1,105,,57807,3,0,5 11 12 9,1,95,,57808,3,0,5 11 12 9,1,25,,57809,3,0,5 11 12 9,1,75,,57810,3,0,5 11 12 9,1,35,,57811,3,0,5 11 12 9,1,70,,57812,3,0,5 11 12 9,1,90,,57813,3,0,5 11 12 9,1,205,,57814,3,0,5 11 12 9,1,300,,57815,3,0,5 11 12 9,1
9600,'20260313',616,,57816,3,0,5 11 12 9,1,90,,57817,3,0,5 11 12 9,1,95,,57818,3,0,5 11 12 9,1,100,,57819,3,0,5 11 12 9,1,110,,57820,3,0,5 11 12 9,1,195,,57821,3,0,5 11 12 9,1,200,,57822,3,0,5 11 12 9,1,105,,57823,3,0,5 11 12 9,1,95,,57824,3,0,5 11 12 9,1,25,,57825,3,0,5 11 12 9,1,75,,57826,3,0,5 11 12 9,1,35,,57827,3,0,5 11 12 9,1,70,,57828,3,0,5 11 12 9,1,90,,57829,3,0,5 11 12 9,1,205,,57830,3,0,5 11 12 9,1,300,,57831,3,0,5 11 12 9,1
9600,'20260314',811,,57832,3,0,5 11 12 9,1,200,,57833,3,0,5 11 12 9,1,200,,57834,3,0,5 11 12 9,1,100,,57835,3,0,5 11 12 9,1,100,,57836,3,0,5 11 12 9,1,100,,57837,3,0,5 11 12 9,1,100,,57838,3,0,5 11 12 9,1,100,,57839,3,0,5 11 12 9,1,100,,57840,3,0,5 11 12 9,1,200,,57841,3,0,5 11 12 9,1,200,,57842,3,0,5 11 12 9,1,200,,57843,3,0,5 11 12 9,1
9600,'20260315',811,,57844,3,0,5 11 12 9,1,200,,57845,3,0,5 11 12 9,1,200,,57846,3,0,5 11 12 9,1,100,,57847,3,0,5 11 12 9,1,100,,57848,3,0,5 11 12 9,1,100,,57849,3,0,5 11 12 9,1,100,,57850,3,0,5 11 12 9,1,100,,57851,3,0,5 11 12 9,1,100,,57852,3,0,5 11 12 9,1,200,,57853,3,0,5 11 12 9,1,200,,57854,3,0,5 11 12 9,1,200,,57855,3,0,5 11 12 9,1
9600,'20260316',616,,57856,3,0,5 11 12 9,1,90,,57857,3,0,5 11 12 9,1,95,,57858,3,0,5 11 12 9,1,35,,57859,3,0,5 11 12 9,1,65,,57860,3,0,5 11 12 9,1,110,,57861,3,0,5 11 12 9,1,195,,57862,3,0,5 11 12 9,1,200,,57863,3,0,5 11 12 9,1,105,,57864,3,0,5 11 12 9,1,95,,57865,3,0,5 11 12 9,1,25,,57866,3,0,5 11 12 9,1,75,,57867,3,0,5 11 12 9,1,35,,57868,3,0,5 11 12 9,1,70,,57869,3,0,5 11 12 9,1,90,,57870,3,0,5 11 12 9,1,205,,57871,3,0,5 11 12 9,1,300,,57872,3,0,5 11 12 9,1
9600,'20260317',616,,57873,3,0,5 11 12 9,1,90,,57874,3,0,5 11 12 9,1,95,,57875,3,0,5 11 12 9,1,35,,57876,3,0,5 11 12 9,1,65,,57877,3,0,5 11 12 9,1,110,,57878,3,0,5 11 12 9,1,195,,57879,3,0,5 11 12 9,1,200,,57880,3,0,5 11 12 9,1,105,,57881,3,0,5 11 12 9,1,95,,57882,3,0,5 11 12 9,1,25,,57883,3,0,5 11 12 9,1,75,,57884,3,0,5 11 12 9,1,35,,57885,3,0,5 11 12 9,1,70,,57886,3,0,5 11 12 9,1,90,,57887,3,0,5 11 12 9,1,205,,57888,3,0,5 11 12 9,1,300,,57889,3,0,5 11 12 9,1
9600,'20260318',616,,57890,3,0,5 11 12 9,1,90,,57891,3,0,5 11 12 9,1,95,,57892,3,0,5 11 12 9,1,35,,57893,3,0,5 11 12 9,1,65,,57894,3,0,5 11 12 9,1,110,,57895,3,0,5 11 12 9,1,195,,57896,3,0,5 11 12 9,1,200,,57897,3,0,5 11 12 9,1,105,,57898,3,0,5 11 12 9,1,95,,57899,3,0,5 11 12 9,1,25,,57900,3,0,5 11 12 9,1,75,,57901,3,0,5 11 12 9,1,35,,57902,3,0,5 11 12 9,1,70,,57903,3,0,5 11 12 9,1,90,,57904,3,0,5 11 12 9,1,205,,57905,3,0,5 11 12 9,1,300,,57906,3,0,5 11 12 9,1
9600,'20260319',616,,57907,3,0,5 11 12 9,1,90,,57908,3,0,5 11 12 9,1,95,,57909,3,0,5 11 12 9,1,35,,57910,3,0,5 11 12 9,1,65,,57911,3,0,5 11 12 9,1,110,,57912,3,0,5 11 12 9,1,195,,57913,3,0,5 11 12 9,1,200,,57914,3,0,5 11 12 9,1,105,,57915,3,0,5 11 12 9,1,95,,57916,3,0,5 11 12 9,1,25,,57917,3,0,5 11 12 9,1,75,,57918,3,0,5 11 12 9,1,35,,57919,3,0,5 11 12 9,1,70,,57920,3,0,5 11 12 9,1,90,,57921,3,0,5 11 12 9,1,205,,57922,3,0,5 11 12 9,1,300,,57923,3,0,5 11 12 9,1
9600,'20260320',616,,57924,3,0,5 11 12 9,1,90,,57925,3,0,5 11 12 9,1,95,,57926,3,0,5 11 12 9,1,100,,57927,3,0,5 11 12 9,1,110,,57928,3,0,5 11 12 9,1,195,,57929,3,0,5 11 12 9,1,200,,57930,3,0,5 11 12 9,1,105,,57931,3,0,5 11 12 9,1,95,,57932,3,0,5 11 12 9,1,25,,57933,3,0,5 11 12 9,1,75,,57934,3,0,5 11 12 9,1,35,,57935,3,0,5 11 12 9,1,70,,57936,3,0,5 11 12 9,1,90,,57937,3,0,5 11 12 9,1,205,,57938,3,0,5 11 12 9,1,300,,57939,3,0,5 11 12 9,1
9600,'20260321',811,,57940,3,0,5 11 12 9,1,200,,57941,3,0,5 11 12 9,1,200,,57942,3,0,5 11 12 9,1,100,,57943,3,0,5 11 12 9,1,100,,57944,3,0,5 11 12 9,1,100,,57945,3,0,5 11 12 9,1,100,,57946,3,0,5 11 12 9,1,100,,57947,3,0,5 11 12 9,1,100,,57948,3,0,5 11 12 9,1,200,,57949,3,0,5 11 12 9,1,200,,57950,3,0,5 11 12 9,1,200,,57951,3,0,5 11 12 9,1
9600,'20260322',811,,57952,3,0,5 11 12 9,1,200,,57953,3,0,5 11 12 9,1,200,,57954,3,0,5 11 12 9,1,100,,57955,3,0,5 11 12 9,1,100,,57956,3,0,5 11 12 9,1,100,,57957,3,0,5 11 12 9,1,100,,57958,3,0,5 11 12 9,1,100,,57959,3,0,5 11 12 9,1,100,,57960,3,0,5 11 12 9,1,200,,57961,3,0,5 11 12 9,1,200,,57962,3,0,5 11 12 9,1,200,,57963,3,0,5 11 12 9,1
9600,'20260323',616,,57964,3,0,5 11 12 9,1,90,,57965,3,0,5 11 12 9,1,95,,57966,3,0,5 11 12 9,1,35,,57967,3,0,5 11 12 9,1,65,,57968,3,0,5 11 12 9,1,110,,57969,3,0,5 11 12 9,1,195,,57970,3,0,5 11 12 9,1,200,,57971,3,0,5 11 12 9,1,105,,57972,3,0,5 11 12 9,1,95,,57973,3,0,5 11 12 9,1,25,,57974,3,0,5 11 12 9,1,75,,57975,3,0,5 11 12 9,1,35,,57976,3,0,5 11 12 9,1,70,,57977,3,0,5 11 12 9,1,90,,57978,3,0,5 11 12 9,1,205,,57979,3,0,5 11 12 9,1,300,,57980,3,0,5 11 12 9,1
9600,'20260324',616,,57981,3,0,5 11 12 9,1,90,,57982,3,0,5 11 12 9,1,95,,57983,3,0,5 11 12 9,1,35,,57984,3,0,5 11 12 9,1,65,,57985,3,0,5 11 12 9,1,110,,57986,3,0,5 11 12 9,1,195,,57987,3,0,5 11 12 9,1,200,,57988,3,0,5 11 12 9,1,105,,57989,3,0,5 11 12 9,1,95,,57990,3,0,5 11 12 9,1,25,,57991,3,0,5 11 12 9,1,75,,57992,3,0,5 11 12 9,1,35,,57993,3,0,5 11 12 9,1,70,,57994,3,0,5 11 12 9,1,90,,57995,3,0,5 11 12 9,1,205,,57996,3,0,5 11 12 9,1,300,,57997,3,0,5 11 12 9,1
9600,'20260325',616,,57998,3,0,5 11 12 9,1,90,,57999,3,0,5 11 12 9,1,95,,58000,3,0,5 11 12 9,1,35,,58001,3,0,5 11 12 9,1,65,,58002,3,0,5 11 12 9,1,110,,58003,3,0,5 11 12 9,1,195,,58004,3,0,5 11 12 9,1,200,,58005,3,0,5 11 12 9,1,105,,58006,3,0,5 11 12 9,1,95,,58007,3,0,5 11 12 9,1,25,,58008,3,0,5 11 12 9,1,75,,58009,3,0,5 11 12 9,1,35,,58010,3,0,5 11 12 9,1,70,,58011,3,0,5 11 12 9,1,90,,58012,3,0,5 11 12 9,1,205,,58013,3,0,5 11 12 9,1,300,,58014,3,0,5 11 12 9,1
9600,'20260326',616,,58015,3,0,5 11 12 9,1,90,,58016,3,0,5 11 12 9,1,95,,58017,3,0,5 11 12 9,1,35,,58018,3,0,5 11 12 9,1,65,,58019,3,0,5 11 12 9,1,110,,58020,3,0,5 11 12 9,1,195,,58021,3,0,5 11 12 9,1,200,,58022,3,0,5 11 12 9,1,105,,58023,3,0,5 11 12 9,1,95,,58024,3,0,5 11 12 9,1,25,,58025,3,0,5 11 12 9,1,75,,58026,3,0,5 11 12 9,1,35,,58027,3,0,5 11 12 9,1,70,,58028,3,0,5 11 12 9,1,90,,58029,3,0,5 11 12 9,1,205,,58030,3,0,5 11 12 9,1,300,,58031,3,0,5 11 12 9,1
9600,'20260327',616,,58032,3,0,5 11 12 9,1,90,,58033,3,0,5 11 12 9,1,95,,58034,3,0,5 11 12 9,1,100,,58035,3,0,5 11 12 9,1,110,,58036,3,0,5 11 12 9,1,195,,58037,3,0,5 11 12 9,1,200,,58038,3,0,5 11 12 9,1,105,,58039,3,0,5 11 12 9,1,95,,58040,3,0,5 11 12 9,1,25,,58041,3,0,5 11 12 9,1,75,,58042,3,0,5 11 12 9,1,35,,58043,3,0,5 11 12 9,1,70,,58044,3,0,5 11 12 9,1,90,,58045,3,0,5 11 12 9,1,205,,58046,3,0,5 11 12 9,1,300,,58047,3,0,5 11 12 9,1
9600,'20260328',811,,58048,3,0,5 11 12 9,1,200,,58049,3,0,5 11 12 9,1,200,,58050,3,0,5 11 12 9,1,100,,58051,3,0,5 11 12 9,1,100,,58052,3,0,5 11 12 9,1,100,,58053,3,0,5 11 12 9,1,100,,58054,3,0,5 11 12 9,1,100,,58055,3,0,5 11 12 9,1,100,,58056,3,0,5 11 12 9,1,200,,58057,3,0,5 11 12 9,1,200,,58058,3,0,5 11 12 9,1,200,,58059,3,0,5 11 12 9,1
9600,'20260329',811,,58060,3,0,5 11 12 9,1,200,,58061,3,0,5 11 12 9,1,200,,58062,3,0,5 11 12 9,1,100,,58063,3,0,5 11 12 9,1,100,,58064,3,0,5 11 12 9,1,100,,58065,3,0,5 11 12 9,1,100,,58066,3,0,5 11 12 9,1,100,,58067,3,0,5 11 12 9,1,100,,58068,3,0,5 11 12 9,1,200,,58069,3,0,5 11 12 9,1,200,,58070,3,0,5 11 12 9,1,200,,58071,3,0,5 11 12 9,1
9600,'20260330',616,,58072,3,0,5 11 12 9,1,90,,58073,3,0,5 11 12 9,1,95,,58074,3,0,5 11 12 9,1,35,,58075,3,0,5 11 12 9,1,65,,58076,3,0,5 11 12 9,1,110,,58077,3,0,5 11 12 9,1,195,,58078,3,0,5 11 12 9,1,200,,58079,3,0,5 11 12 9,1,105,,58080,3,0,5 11 12 9,1,95,,58081,3,0,5 11 12 9,1,25,,58082,3,0,5 11 12 9,1,75,,58083,3,0,5 11 12 9,1,35,,58084,3,0,5 11 12 9,1,70,,58085,3,0,5 11 12 9,1,90,,58086,3,0,5 11 12 9,1,205,,58087,3,0,5 11 12 9,1,300,,58088,3,0,5 11 12 9,1
9600,'20260331',616,,58089,3,0,5 11 12 9,1,90,,58090,3,0,5 11 12 9,1,95,,58091,3,0,5 11 12 9,1,35,,58092,3,0,5 11 12 9,1,65,,58093,3,0,5 11 12 9,1,110,,58094,3,0,5 11 12 9,1,195,,58095,3,0,5 11 12 9,1,200,,58096,3,0,5 11 12 9,1,105,,58097,3,0,5 11 12 9,1,95,,58098,3,0,5 11 12 9,1,25,,58099,3,0,5 11 12 9,1,75,,58100,3,0,5 11 12 9,1,35,,58101,3,0,5 11 12 9,1,70,,58102,3,0,5 11 12 9,1,90,,58103,3,0,5 11 12 9,1,205,,58104,3,0,5 11 12 9,1,300,,58105,3,0,5 11 12 9,1
9600,'20260401',616,,58106,3,0,5 11 12 9,1,90,,58107,3,0,5 11 12 9,1,95,,58108,3,0,5 11 12 9,1,35,,58109,3,0,5 11 12 9,1,65,,58110,3,0,5 11 12 9,1,110,,58111,3,0,5 11 12 9,1,195,,58112,3,0,5 11 12 9,1,200,,58113,3,0,5 11 12 9,1,105,,58114,3,0,5 11 12 9,1,95,,58115,3,0,5 11 12 9,1,25,,58116,3,0,5 11 12 9,1,75,,58117,3,0,5 11 12 9,1,35,,58118,3,0,5 11 12 9,1,70,,58119,3,0,5 11 12 9,1,90,,58120,3,0,5 11 12 9,1,205,,58121,3,0,5 11 12 9,1,300,,58122,3,0,5 11 12 9,1
9600,'20260402',616,,58123,3,0,5 11 12 9,1,90,,58124,3,0,5 11 12 9,1,95,,58125,3,0,5 11 12 9,1,35,,58126,3,0,5 11 12 9,1,65,,58127,3,0,5 11 12 9,1,110,,58128,3,0,5 11 12 9,1,195,,58129,3,0,5 11 12 9,1,200,,58130,3,0,5 11 12 9,1,105,,58131,3,0,5 11 12 9,1,95,,58132,3,0,5 11 12 9,1,25,,58133,3,0,5 11 12 9,1,75,,58134,3,0,5 11 12 9,1,35,,58135,3,0,5 11 12 9,1,70,,58136,3,0,5 11 12 9,1,90,,58137,3,0,5 11 12 9,1,205,,58138,3,0,5 11 12 9,1,300,,58139,3,0,5 11 12 9,1
9600,'20260403',811,,58140,3,0,5 11 12 9,1,200,,58141,3,0,5 11 12 9,1,200,,58142,3,0,5 11 12 9,1,100,,58143,3,0,5 11 12 9,1,100,,58144,3,0,5 11 12 9,1,100,,58145,3,0,5 11 12 9,1,100,,58146,3,0,5 11 12 9,1,100,,58147,3,0,5 11 12 9,1,100,,58148,3,0,5 11 12 9,1,200,,58149,3,0,5 11 12 9,1,200,,58150,3,0,5 11 12 9,1,200,,58151,3,0,5 11 12 9,1
9600,'20260404',811,,58152,3,0,5 11 12 9,1,200,,58153,3,0,5 11 12 9,1,200,,58154,3,0,5 11 12 9,1,100,,58155,3,0,5 11 12 9,1,100,,58156,3,0,5 11 12 9,1,100,,58157,3,0,5 11 12 9,1,100,,58158,3,0,5 11 12 9,1,100,,58159,3,0,5 11 12 9,1,100,,58160,3,0,5 11 12 9,1,200,,58161,3,0,5 11 12 9,1,200,,58162,3,0,5 11 12 9,1,200,,58163,3,0,5 11 12 9,1
9600,'20260405',811,,58164,3,0,5 11 12 9,1,200,,58165,3,0,5 11 12 9,1,200,,58166,3,0,5 11 12 9,1,100,,58167,3,0,5 11 12 9,1,100,,58168,3,0,5 11 12 9,1,100,,58169,3,0,5 11 12 9,1,100,,58170,3,0,5 11 12 9,1,100,,58171,3,0,5 11 12 9,1,100,,58172,3,0,5 11 12 9,1,200,,58173,3,0,5 11 12 9,1,200,,58174,3,0,5 11 12 9,1,200,,58175,3,0,5 11 12 9,1
9600,'20260406',616,,58176,3,0,5 11 12 9,1,90,,58177,3,0,5 11 12 9,1,95,,58178,3,0,5 11 12 9,1,35,,58179,3,0,5 11 12 9,1,65,,58180,3,0,5 11 12 9,1,110,,58181,3,0,5 11 12 9,1,195,,58182,3,0,5 11 12 9,1,200,,58183,3,0,5 11 12 9,1,105,,58184,3,0,5 11 12 9,1,95,,58185,3,0,5 11 12 9,1,25,,58186,3,0,5 11 12 9,1,75,,58187,3,0,5 11 12 9,1,35,,58188,3,0,5 11 12 9,1,70,,58189,3,0,5 11 12 9,1,90,,58190,3,0,5 11 12 9,1,205,,58191,3,0,5 11 12 9,1,300,,58192,3,0,5 11 12 9,1
9600,'20260407',616,,58193,3,0,5 11 12 9,1,90,,58194,3,0,5 11 12 9,1,95,,58195,3,0,5 11 12 9,1,35,,58196,3,0,5 11 12 9,1,65,,58197,3,0,5 11 12 9,1,110,,58198,3,0,5 11 12 9,1,195,,58199,3,0,5 11 12 9,1,200,,58200,3,0,5 11 12 9,1,105,,58201,3,0,5 11 12 9,1,95,,58202,3,0,5 11 12 9,1,25,,58203,3,0,5 11 12 9,1,75,,58204,3,0,5 11 12 9,1,35,,58205,3,0,5 11 12 9,1,70,,58206,3,0,5 11 12 9,1,90,,58207,3,0,5 11 12 9,1,205,,58208,3,0,5 11 12 9,1,300,,58209,3,0,5 11 12 9,1
9600,'20260408',616,,58210,3,0,5 11 12 9,1,90,,58211,3,0,5 11 12 9,1,95,,58212,3,0,5 11 12 9,1,35,,58213,3,0,5 11 12 9,1,65,,58214,3,0,5 11 12 9,1,110,,58215,3,0,5 11 12 9,1,195,,58216,3,0,5 11 12 9,1,200,,58217,3,0,5 11 12 9,1,105,,58218,3,0,5 11 12 9,1,95,,58219,3,0,5 11 12 9,1,25,,58220,3,0,5 11 12 9,1,75,,58221,3,0,5 11 12 9,1,35,,58222,3,0,5 11 12 9,1,70,,58223,3,0,5 11 12 9,1,90,,58224,3,0,5 11 12 9,1,205,,58225,3,0,5 11 12 9,1,300,,58226,3,0,5 11 12 9,1
9600,'20260409',616,,58227,3,0,5 11 12 9,1,90,,58228,3,0,5 11 12 9,1,95,,58229,3,0,5 11 12 9,1,35,,58230,3,0,5 11 12 9,1,65,,58231,3,0,5 11 12 9,1,110,,58232,3,0,5 11 12 9,1,195,,58233,3,0,5 11 12 9,1,200,,58234,3,0,5 11 12 9,1,105,,58235,3,0,5 11 12 9,1,95,,58236,3,0,5 11 12 9,1,25,,58237,3,0,5 11 12 9,1,75,,58238,3,0,5 11 12 9,1,35,,58239,3,0,5 11 12 9,1,70,,58240,3,0,5 11 12 9,1,90,,58241,3,0,5 11 12 9,1,205,,58242,3,0,5 11 12 9,1,300,,58243,3,0,5 11 12 9,1
9600,'20260410',616,,58244,3,0,5 11 12 9,1,90,,58245,3,0,5 11 12 9,1,95,,58246,3,0,5 11 12 9,1,100,,58247,3,0,5 11 12 9,1,110,,58248,3,0,5 11 12 9,1,195,,58249,3,0,5 11 12 9,1,200,,58250,3,0,5 11 12 9,1,105,,58251,3,0,5 11 12 9,1,95,,58252,3,0,5 11 12 9,1,25,,58253,3,0,5 11 12 9,1,75,,58254,3,0,5 11 12 9,1,35,,58255,3,0,5 11 12 9,1,70,,58256,3,0,5 11 12 9,1,90,,58257,3,0,5 11 12 9,1,205,,58258,3,0,5 11 12 9,1,300,,58259,3,0,5 11 12 9,1
9600,'20260411',811,,58260,3,0,5 11 12 9,1,200,,58261,3,0,5 11 12 9,1,200,,58262,3,0,5 11 12 9,1,100,,58263,3,0,5 11 12 9,1,100,,58264,3,0,5 11 12 9,1,100,,58265,3,0,5 11 12 9,1,100,,58266,3,0,5 11 12 9,1,100,,58267,3,0,5 11 12 9,1,100,,58268,3,0,5 11 12 9,1,200,,58269,3,0,5 11 12 9,1,200,,58270,3,0,5 11 12 9,1,200,,58271,3,0,5 11 12 9,1
9600,'20260412',811,,58272,3,0,5 11 12 9,1,200,,58273,3,0,5 11 12 9,1,200,,58274,3,0,5 11 12 9,1,100,,58275,3,0,5 11 12 9,1,100,,58276,3,0,5 11 12 9,1,100,,58277,3,0,5 11 12 9,1,100,,58278,3,0,5 11 12 9,1,100,,58279,3,0,5 11 12 9,1,100,,58280,3,0,5 11 12 9,1,200,,58281,3,0,5 11 12 9,1,200,,58282,3,0,5 11 12 9,1,200,,58283,3,0,5 11 12 9,1
9600,'20260413',616,,58284,3,0,5 11 12 9,1,90,,58285,3,0,5 11 12 9,1,95,,58286,3,0,5 11 12 9,1,35,,58287,3,0,5 11 12 9,1,65,,58288,3,0,5 11 12 9,1,110,,58289,3,0,5 11 12 9,1,195,,58290,3,0,5 11 12 9,1,200,,58291,3,0,5 11 12 9,1,105,,58292,3,0,5 11 12 9,1,95,,58293,3,0,5 11 12 9,1,25,,58294,3,0,5 11 12 9,1,75,,58295,3,0,5 11 12 9,1,35,,58296,3,0,5 11 12 9,1,70,,58297,3,0,5 11 12 9,1,90,,58298,3,0,5 11 12 9,1,205,,58299,3,0,5 11 12 9,1,300,,58300,3,0,5 11 12 9,1
9600,'20260414',616,,58301,3,0,5 11 12 9,1,90,,58302,3,0,5 11 12 9,1,95,,58303,3,0,5 11 12 9,1,35,,58304,3,0,5 11 12 9,1,65,,58305,3,0,5 11 12 9,1,110,,58306,3,0,5 11 12 9,1,195,,58307,3,0,5 11 12 9,1,200,,58308,3,0,5 11 12 9,1,105,,58309,3,0,5 11 12 9,1,95,,58310,3,0,5 11 12 9,1,25,,58311,3,0,5 11 12 9,1,75,,58312,3,0,5 11 12 9,1,35,,58313,3,0,5 11 12 9,1,70,,58314,3,0,5 11 12 9,1,90,,58315,3,0,5 11 12 9,1,205,,58316,3,0,5 11 12 9,1,300,,58317,3,0,5 11 12 9,1
9600,'20260415',616,,58318,3,0,5 11 12 9,1,90,,58319,3,0,5 11 12 9,1,95,,58320,3,0,5 11 12 9,1,35,,58321,3,0,5 11 12 9,1,65,,58322,3,0,5 11 12 9,1,110,,58323,3,0,5 11 12 9,1,195,,58324,3,0,5 11 12 9,1,200,,58325,3,0,5 11 12 9,1,105,,58326,3,0,5 11 12 9,1,95,,58327,3,0,5 11 12 9,1,25,,58328,3,0,5 11 12 9,1,75,,58329,3,0,5 11 12 9,1,35,,58330,3,0,5 11 12 9,1,70,,58331,3,0,5 11 12 9,1,90,,58332,3,0,5 11 12 9,1,205,,58333,3,0,5 11 12 9,1,300,,58334,3,0,5 11 12 9,1
9600,'20260416',616,,58335,3,0,5 11 12 9,1,90,,58336,3,0,5 11 12 9,1,95,,58337,3,0,5 11 12 9,1,35,,58338,3,0,5 11 12 9,1,65,,58339,3,0,5 11 12 9,1,110,,58340,3,0,5 11 12 9,1,195,,58341,3,0,5 11 12 9,1,200,,58342,3,0,5 11 12 9,1,105,,58343,3,0,5 11 12 9,1,95,,58344,3,0,5 11 12 9,1,25,,58345,3,0,5 11 12 9,1,75,,58346,3,0,5 11 12 9,1,35,,58347,3,0,5 11 12 9,1,70,,58348,3,0,5 11 12 9,1,90,,58349,3,0,5 11 12 9,1,205,,58350,3,0,5 11 12 9,1,300,,58351,3,0,5 11 12 9,1
9600,'20260417',616,,58352,3,0,5 11 12 9,1,90,,58353,3,0,5 11 12 9,1,95,,58354,3,0,5 11 12 9,1,100,,58355,3,0,5 11 12 9,1,110,,58356,3,0,5 11 12 9,1,195,,58357,3,0,5 11 12 9,1,200,,58358,3,0,5 11 12 9,1,105,,58359,3,0,5 11 12 9,1,95,,58360,3,0,5 11 12 9,1,25,,58361,3,0,5 11 12 9,1,75,,58362,3,0,5 11 12 9,1,35,,58363,3,0,5 11 12 9,1,70,,58364,3,0,5 11 12 9,1,90,,58365,3,0,5 11 12 9,1,205,,58366,3,0,5 11 12 9,1,300,,58367,3,0,5 11 12 9,1
9600,'20260418',811,,58368,3,0,5 11 12 9,1,200,,58369,3,0,5 11 12 9,1,200,,58370,3,0,5 11 12 9,1,100,,58371,3,0,5 11 12 9,1,100,,58372,3,0,5 11 12 9,1,100,,58373,3,0,5 11 12 9,1,100,,58374,3,0,5 11 12 9,1,100,,58375,3,0,5 11 12 9,1,100,,58376,3,0,5 11 12 9,1,200,,58377,3,0,5 11 12 9,1,200,,58378,3,0,5 11 12 9,1,200,,58379,3,0,5 11 12 9,1
9600,'20260419',811,,58380,3,0,5 11 12 9,1,200,,58381,3,0,5 11 12 9,1,200,,58382,3,0,5 11 12 9,1,100,,58383,3,0,5 11 12 9,1,100,,58384,3,0,5 11 12 9,1,100,,58385,3,0,5 11 12 9,1,100,,58386,3,0,5 11 12 9,1,100,,58387,3,0,5 11 12 9,1,100,,58388,3,0,5 11 12 9,1,200,,58389,3,0,5 11 12 9,1,200,,58390,3,0,5 11 12 9,1,200,,58391,3,0,5 11 12 9,1
9600,'20260420',616,,58392,3,0,5 11 12 9,1,90,,58393,3,0,5 11 12 9,1,95,,58394,3,0,5 11 12 9,1,35,,58395,3,0,5 11 12 9,1,65,,58396,3,0,5 11 12 9,1,110,,58397,3,0,5 11 12 9,1,195,,58398,3,0,5 11 12 9,1,200,,58399,3,0,5 11 12 9,1,105,,58400,3,0,5 11 12 9,1,95,,58401,3,0,5 11 12 9,1,25,,58402,3,0,5 11 12 9,1,75,,58403,3,0,5 11 12 9,1,35,,58404,3,0,5 11 12 9,1,70,,58405,3,0,5 11 12 9,1,90,,58406,3,0,5 11 12 9,1,205,,58407,3,0,5 11 12 9,1,300,,58408,3,0,5 11 12 9,1
9600,'20260421',616,,58409,3,0,5 11 12 9,1,90,,58410,3,0,5 11 12 9,1,95,,58411,3,0,5 11 12 9,1,35,,58412,3,0,5 11 12 9,1,65,,58413,3,0,5 11 12 9,1,110,,58414,3,0,5 11 12 9,1,195,,58415,3,0,5 11 12 9,1,200,,58416,3,0,5 11 12 9,1,105,,58417,3,0,5 11 12 9,1,95,,58418,3,0,5 11 12 9,1,25,,58419,3,0,5 11 12 9,1,75,,58420,3,0,5 11 12 9,1,35,,58421,3,0,5 11 12 9,1,70,,58422,3,0,5 11 12 9,1,90,,58423,3,0,5 11 12 9,1,205,,58424,3,0,5 11 12 9,1,300,,58425,3,0,5 11 12 9,1
9600,'20260422',616,,58426,3,0,5 11 12 9,1,90,,58427,3,0,5 11 12 9,1,95,,58428,3,0,5 11 12 9,1,35,,58429,3,0,5 11 12 9,1,65,,58430,3,0,5 11 12 9,1,110,,58431,3,0,5 11 12 9,1,195,,58432,3,0,5 11 12 9,1,200,,58433,3,0,5 11 12 9,1,105,,58434,3,0,5 11 12 9,1,95,,58435,3,0,5 11 12 9,1,25,,58436,3,0,5 11 12 9,1,75,,58437,3,0,5 11 12 9,1,35,,58438,3,0,5 11 12 9,1,70,,58439,3,0,5 11 12 9,1,90,,58440,3,0,5 11 12 9,1,205,,58441,3,0,5 11 12 9,1,300,,58442,3,0,5 11 12 9,1
9600,'20260423',616,,58443,3,0,5 11 12 9,1,90,,58444,3,0,5 11 12 9,1,95,,58445,3,0,5 11 12 9,1,35,,58446,3,0,5 11 12 9,1,65,,58447,3,0,5 11 12 9,1,110,,58448,3,0,5 11 12 9,1,195,,58449,3,0,5 11 12 9,1,200,,58450,3,0,5 11 12 9,1,105,,58451,3,0,5 11 12 9,1,95,,58452,3,0,5 11 12 9,1,25,,58453,3,0,5 11 12 9,1,75,,58454,3,0,5 11 12 9,1,35,,58455,3,0,5 11 12 9,1,70,,58456,3,0,5 11 12 9,1,90,,58457,3,0,5 11 12 9,1,205,,58458,3,0,5 11 12 9,1,300,,58459,3,0,5 11 12 9,1
9600,'20260424',616,,58460,3,0,5 11 12 9,1,90,,58461,3,0,5 11 12 9,1,95,,58462,3,0,5 11 12 9,1,100,,58463,3,0,5 11 12 9,1,110,,58464,3,0,5 11 12 9,1,195,,58465,3,0,5 11 12 9,1,200,,58466,3,0,5 11 12 9,1,105,,58467,3,0,5 11 12 9,1,95,,58468,3,0,5 11 12 9,1,25,,58469,3,0,5 11 12 9,1,75,,58470,3,0,5 11 12 9,1,35,,58471,3,0,5 11 12 9,1,70,,58472,3,0,5 11 12 9,1,90,,58473,3,0,5 11 12 9,1,205,,58474,3,0,5 11 12 9,1,300,,58475,3,0,5 11 12 9,1
