2100,'20260707',433,,141085,39,,,1,79,,141086,39,,,1,25,,141087,39,,,1,394,,141091,15,0,5 29 30,1,100,,141097,15,0,5 29 30,1,100,,141103,15,0,16 29 30,1,95,,141107,15,0,16 29 30,1,85,,141111,15,0,16 29 30,1,110,,141114,15,0,16 29 30,1,98,,141116,15,0,16 29 30,1,92,,141119,15,0,16 29 30,1,107,,141121,39,,,1,105,,141122,39,,,1,95,,141123,39,,,1,97,,141124,39,,,1,99,,141125,39,,,1,99,,141126,39,,,1,97,,141127,39,,,1,100,,141128,39,,,1,103,,141129,39,,,1
2100,'20260708',433,,141130,39,,,1,79,,141131,39,,,1,25,,141132,39,,,1,394,,141136,15,0,5 29 30,1,100,,141142,15,0,5 29 30,1,100,,141148,15,0,16 29 30,1,95,,141152,15,0,16 29 30,1,85,,141156,15,0,16 29 30,1,110,,141159,15,0,16 29 30,1,98,,141161,15,0,16 29 30,1,92,,141164,15,0,16 29 30,1,107,,141166,39,,,1,105,,141167,39,,,1,95,,141168,39,,,1,97,,141169,39,,,1,99,,141170,39,,,1,99,,141171,39,,,1,97,,141172,39,,,1,100,,141173,39,,,1,103,,141174,39,,,1
2100,'20260709',433,,141175,39,,,1,79,,141176,39,,,1,25,,141177,39,,,1,394,,141181,15,0,5 29 30,1,100,,141187,15,0,5 29 30,1,100,,141193,15,0,16 29 30,1,95,,141197,15,0,16 29 30,1,85,,141201,15,0,16 29 30,1,110,,141204,15,0,16 29 30,1,98,,141206,15,0,16 29 30,1,92,,141209,15,0,16 29 30,1,107,,141211,39,,,1,105,,141212,39,,,1,95,,141213,39,,,1,97,,141214,39,,,1,99,,141215,39,,,1,99,,141216,39,,,1,97,,141217,39,,,1,100,,141218,39,,,1,103,,141219,39,,,1
2100,'20260710',433,,141220,39,,,1,79,,141221,39,,,1,25,,141222,39,,,1,394,,141226,15,0,5 29 30,1,100,,141232,15,0,5 29 30,1,100,,141238,15,0,16 29 30,1,95,,141242,15,0,16 29 30,1,85,,141246,15,0,16 29 30,1,110,,141249,15,0,16 29 30,1,98,,141251,15,0,16 29 30,1,92,,141254,15,0,16 29 30,1,107,,141256,39,,,1,105,,141257,39,,,1,95,,141258,39,,,1,97,,141259,39,,,1,99,,141260,39,,,1,99,,141261,39,,,1,97,,141262,39,,,1,100,,141263,39,,,1,103,,141264,39,,,1
2100,'20260711',534,,141265,39,0,57 29 30,1,100,,141266,39,0,57 29 30,1,77,,141267,39,0,57 29 30,1,110,,141270,17,0,34 29 30,1,100,,141274,17,0,34 29 30,1,103,,141278,17,0,34 29 30,1,100,,141282,17,0,34 29 30,1,100,,141285,17,0,34 29 30,1,100,,141288,17,0,34 29 30,1,100,,141291,17,0,34 29 30,1,100,,141294,17,0,34 29 30,1,100,,141297,17,0,34 29 30,1,100,,141300,17,0,34 29 30,1,100,,141303,17,0,34 29 30,1,100,,141305,17,0,34 29 30,1,92,,141307,39,0,57 29 30,1,95,,141308,39,0,57 29 30,1,98,,141309,39,0,57 29 30,1,100,,141310,39,0,57 29 30,1,102,,141311,39,0,57 29 30,1,100,,141312,39,0,57 29 30,1
2100,'20260712',534,,141313,39,0,57 29 30,1,100,,141314,39,0,57 29 30,1,77,,141315,39,0,57 29 30,1,110,,141317,17,0,34 29 30,1,100,,141320,17,0,34 29 30,1,103,,141323,17,0,34 29 30,1,100,,141326,17,0,34 29 30,1,100,,141329,17,0,34 29 30,1,100,,141332,17,0,34 29 30,1,100,,141335,17,0,34 29 30,1,100,,141338,17,0,34 29 30,1,100,,141341,17,0,34 29 30,1,100,,141344,17,0,34 29 30,1,100,,141347,17,0,34 29 30,1,100,,141349,17,0,34 29 30,1,92,,141350,39,0,57 29 30,1,95,,141351,39,0,57 29 30,1,98,,141352,39,0,57 29 30,1,100,,141353,39,0,57 29 30,1,102,,141354,39,0,57 29 30,1,100,,141355,39,0,57 29 30,1
2100,'20260713',433,,141356,39,,,1,79,,141357,39,,,1,25,,141358,39,,,1,394,,141362,15,0,5 29 30,1,100,,141368,15,0,5 29 30,1,100,,141374,15,0,16 29 30,1,95,,141378,15,0,16 29 30,1,85,,141382,15,0,16 29 30,1,110,,141385,15,0,16 29 30,1,98,,141387,15,0,16 29 30,1,92,,141390,15,0,16 29 30,1,107,,141392,39,,,1,105,,141393,39,,,1,95,,141394,39,,,1,97,,141395,39,,,1,99,,141396,39,,,1,99,,141397,39,,,1,97,,141398,39,,,1,100,,141399,39,,,1,103,,141400,39,,,1
2100,'20260714',433,,141401,39,,,1,79,,141402,39,,,1,25,,141403,39,,,1,394,,141407,15,0,5 29 30,1,100,,141413,15,0,5 29 30,1,100,,141419,15,0,16 29 30,1,95,,141423,15,0,16 29 30,1,85,,141427,15,0,16 29 30,1,110,,141430,15,0,16 29 30,1,98,,141432,15,0,16 29 30,1,92,,141435,15,0,16 29 30,1,107,,141437,39,,,1,105,,141438,39,,,1,95,,141439,39,,,1,97,,141440,39,,,1,99,,141441,39,,,1,99,,141442,39,,,1,97,,141443,39,,,1,100,,141444,39,,,1,103,,141445,39,,,1
2100,'20260715',433,,141446,39,,,1,79,,141447,39,,,1,25,,141448,39,,,1,394,,141452,15,0,5 29 30,1,100,,141458,15,0,5 29 30,1,100,,141464,15,0,16 29 30,1,95,,141468,15,0,16 29 30,1,85,,141472,15,0,16 29 30,1,110,,141475,15,0,16 29 30,1,98,,141477,15,0,16 29 30,1,92,,141480,15,0,16 29 30,1,107,,141482,39,,,1,105,,141483,39,,,1,95,,141484,39,,,1,97,,141485,39,,,1,99,,141486,39,,,1,99,,141487,39,,,1,97,,141488,39,,,1,100,,141489,39,,,1,103,,141490,39,,,1
2100,'20260716',433,,141491,39,,,1,79,,141492,39,,,1,25,,141493,39,,,1,394,,141497,15,0,5 29 30,1,100,,141503,15,0,5 29 30,1,100,,141509,15,0,16 29 30,1,95,,141513,15,0,16 29 30,1,85,,141517,15,0,16 29 30,1,110,,141520,15,0,16 29 30,1,98,,141522,15,0,16 29 30,1,92,,141525,15,0,16 29 30,1,107,,141527,39,,,1,105,,141528,39,,,1,95,,141529,39,,,1,97,,141530,39,,,1,99,,141531,39,,,1,99,,141532,39,,,1,97,,141533,39,,,1,100,,141534,39,,,1,103,,141535,39,,,1
2100,'20260717',433,,141536,39,,,1,79,,141537,39,,,1,25,,141538,39,,,1,394,,141542,15,0,5 29 30,1,100,,141548,15,0,5 29 30,1,100,,141554,15,0,16 29 30,1,95,,141558,15,0,16 29 30,1,85,,141562,15,0,16 29 30,1,110,,141565,15,0,16 29 30,1,98,,141567,15,0,16 29 30,1,92,,141570,15,0,16 29 30,1,107,,141572,39,,,1,105,,141573,39,,,1,95,,141574,39,,,1,97,,141575,39,,,1,99,,141576,39,,,1,99,,141577,39,,,1,97,,141578,39,,,1,100,,141579,39,,,1,103,,141580,39,,,1
2100,'20260718',534,,141581,39,0,57 29 30,1,100,,141582,39,0,57 29 30,1,77,,141583,39,0,57 29 30,1,110,,141586,17,0,34 29 30,1,100,,141590,17,0,34 29 30,1,103,,141594,17,0,34 29 30,1,100,,141598,17,0,34 29 30,1,100,,141601,17,0,34 29 30,1,100,,141604,17,0,34 29 30,1,100,,141607,17,0,34 29 30,1,100,,141610,17,0,34 29 30,1,100,,141613,17,0,34 29 30,1,100,,141616,17,0,34 29 30,1,100,,141619,17,0,34 29 30,1,100,,141621,17,0,34 29 30,1,92,,141623,39,0,57 29 30,1,95,,141624,39,0,57 29 30,1,98,,141625,39,0,57 29 30,1,100,,141626,39,0,57 29 30,1,102,,141627,39,0,57 29 30,1,100,,141628,39,0,57 29 30,1
2100,'20260719',534,,141629,39,0,57 29 30,1,100,,141630,39,0,57 29 30,1,77,,141631,39,0,57 29 30,1,110,,141633,17,0,34 29 30,1,100,,141636,17,0,34 29 30,1,103,,141639,17,0,34 29 30,1,100,,141642,17,0,34 29 30,1,100,,141645,17,0,34 29 30,1,100,,141648,17,0,34 29 30,1,100,,141651,17,0,34 29 30,1,100,,141654,17,0,34 29 30,1,100,,141657,17,0,34 29 30,1,100,,141660,17,0,34 29 30,1,100,,141663,17,0,34 29 30,1,100,,141665,17,0,34 29 30,1,92,,141666,39,0,57 29 30,1,95,,141667,39,0,57 29 30,1,98,,141668,39,0,57 29 30,1,100,,141669,39,0,57 29 30,1,102,,141670,39,0,57 29 30,1,100,,141671,39,0,57 29 30,1
2100,'20260720',433,,141672,39,,,1,79,,141673,39,,,1,25,,141674,39,,,1,394,,141678,15,0,5 29 30,1,100,,141684,15,0,5 29 30,1,100,,141690,15,0,16 29 30,1,95,,141694,15,0,16 29 30,1,85,,141698,15,0,16 29 30,1,110,,141701,15,0,16 29 30,1,98,,141703,15,0,16 29 30,1,92,,141706,15,0,16 29 30,1,107,,141708,39,,,1,105,,141709,39,,,1,95,,141710,39,,,1,97,,141711,39,,,1,99,,141712,39,,,1,99,,141713,39,,,1,97,,141714,39,,,1,100,,141715,39,,,1,103,,141716,39,,,1
2100,'20260721',433,,141717,39,,,1,79,,141718,39,,,1,25,,141719,39,,,1,394,,141723,15,0,5 29 30,1,100,,141729,15,0,5 29 30,1,100,,141735,15,0,16 29 30,1,95,,141739,15,0,16 29 30,1,85,,141743,15,0,16 29 30,1,110,,141746,15,0,16 29 30,1,98,,141748,15,0,16 29 30,1,92,,141751,15,0,16 29 30,1,107,,141753,39,,,1,105,,141754,39,,,1,95,,141755,39,,,1,97,,141756,39,,,1,99,,141757,39,,,1,99,,141758,39,,,1,97,,141759,39,,,1,100,,141760,39,,,1,103,,141761,39,,,1
2100,'20260722',433,,141762,39,,,1,79,,141763,39,,,1,25,,141764,39,,,1,394,,141768,15,0,5 29 30,1,100,,141774,15,0,5 29 30,1,100,,141780,15,0,16 29 30,1,95,,141784,15,0,16 29 30,1,85,,141788,15,0,16 29 30,1,110,,141791,15,0,16 29 30,1,98,,141793,15,0,16 29 30,1,92,,141796,15,0,16 29 30,1,107,,141798,39,,,1,105,,141799,39,,,1,95,,141800,39,,,1,97,,141801,39,,,1,99,,141802,39,,,1,99,,141803,39,,,1,97,,141804,39,,,1,100,,141805,39,,,1,103,,141806,39,,,1
2100,'20260723',433,,141807,39,,,1,79,,141808,39,,,1,25,,141809,39,,,1,394,,141813,15,0,5 29 30,1,100,,141819,15,0,5 29 30,1,100,,141825,15,0,16 29 30,1,95,,141829,15,0,16 29 30,1,85,,141833,15,0,16 29 30,1,110,,141836,15,0,16 29 30,1,98,,141838,15,0,16 29 30,1,92,,141841,15,0,16 29 30,1,107,,141843,39,,,1,105,,141844,39,,,1,95,,141845,39,,,1,97,,141846,39,,,1,99,,141847,39,,,1,99,,141848,39,,,1,97,,141849,39,,,1,100,,141850,39,,,1,103,,141851,39,,,1
2100,'20260724',433,,141852,39,,,1,79,,141853,39,,,1,25,,141854,39,,,1,394,,141858,15,0,5 29 30,1,100,,141864,15,0,5 29 30,1,100,,141870,15,0,16 29 30,1,95,,141874,15,0,16 29 30,1,85,,141878,15,0,16 29 30,1,110,,141881,15,0,16 29 30,1,98,,141883,15,0,16 29 30,1,92,,141886,15,0,16 29 30,1,107,,141888,39,,,1,105,,141889,39,,,1,95,,141890,39,,,1,97,,141891,39,,,1,99,,141892,39,,,1,99,,141893,39,,,1,97,,141894,39,,,1,100,,141895,39,,,1,103,,141896,39,,,1
2100,'20260725',534,,141897,39,0,57 29 30,1,100,,141898,39,0,57 29 30,1,77,,141899,39,0,57 29 30,1,110,,141902,17,0,34 29 30,1,100,,141906,17,0,34 29 30,1,103,,141910,17,0,34 29 30,1,100,,141914,17,0,34 29 30,1,100,,141917,17,0,34 29 30,1,100,,141920,17,0,34 29 30,1,100,,141923,17,0,34 29 30,1,100,,141926,17,0,34 29 30,1,100,,141929,17,0,34 29 30,1,100,,141932,17,0,34 29 30,1,100,,141935,17,0,34 29 30,1,100,,141937,17,0,34 29 30,1,92,,141939,39,0,57 29 30,1,95,,141940,39,0,57 29 30,1,98,,141941,39,0,57 29 30,1,100,,141942,39,0,57 29 30,1,102,,141943,39,0,57 29 30,1,100,,141944,39,0,57 29 30,1
2100,'20260726',534,,141945,39,0,57 29 30,1,100,,141946,39,0,57 29 30,1,77,,141947,39,0,57 29 30,1,110,,141949,17,0,34 29 30,1,100,,141952,17,0,34 29 30,1,103,,141955,17,0,34 29 30,1,100,,141958,17,0,34 29 30,1,100,,141961,17,0,34 29 30,1,100,,141964,17,0,34 29 30,1,100,,141967,17,0,34 29 30,1,100,,141970,17,0,34 29 30,1,100,,141973,17,0,34 29 30,1,100,,141976,17,0,34 29 30,1,100,,141979,17,0,34 29 30,1,100,,141981,17,0,34 29 30,1,92,,141982,39,0,57 29 30,1,95,,141983,39,0,57 29 30,1,98,,141984,39,0,57 29 30,1,100,,141985,39,0,57 29 30,1,102,,141986,39,0,57 29 30,1,100,,141987,39,0,57 29 30,1
2100,'20260727',433,,141988,39,,,1,79,,141989,39,,,1,25,,141990,39,,,1,394,,141994,15,0,5 29 30,1,100,,142000,15,0,5 29 30,1,100,,142006,15,0,16 29 30,1,95,,142010,15,0,16 29 30,1,85,,142014,15,0,16 29 30,1,110,,142017,15,0,16 29 30,1,98,,142019,15,0,16 29 30,1,92,,142022,15,0,16 29 30,1,107,,142024,39,,,1,105,,142025,39,,,1,95,,142026,39,,,1,97,,142027,39,,,1,99,,142028,39,,,1,99,,142029,39,,,1,97,,142030,39,,,1,100,,142031,39,,,1,103,,142032,39,,,1
2100,'20260728',433,,142033,39,,,1,79,,142034,39,,,1,25,,142035,39,,,1,394,,142039,15,0,5 29 30,1,100,,142045,15,0,5 29 30,1,100,,142051,15,0,16 29 30,1,95,,142055,15,0,16 29 30,1,85,,142059,15,0,16 29 30,1,110,,142062,15,0,16 29 30,1,98,,142064,15,0,16 29 30,1,92,,142067,15,0,16 29 30,1,107,,142069,39,,,1,105,,142070,39,,,1,95,,142071,39,,,1,97,,142072,39,,,1,99,,142073,39,,,1,99,,142074,39,,,1,97,,142075,39,,,1,100,,142076,39,,,1,103,,142077,39,,,1
2100,'20260729',433,,142078,39,,,1,79,,142079,39,,,1,25,,142080,39,,,1,394,,142084,15,0,5 29 30,1,100,,142090,15,0,5 29 30,1,100,,142096,15,0,16 29 30,1,95,,142100,15,0,16 29 30,1,85,,142104,15,0,16 29 30,1,110,,142107,15,0,16 29 30,1,98,,142109,15,0,16 29 30,1,92,,142112,15,0,16 29 30,1,107,,142114,39,,,1,105,,142115,39,,,1,95,,142116,39,,,1,97,,142117,39,,,1,99,,142118,39,,,1,99,,142119,39,,,1,97,,142120,39,,,1,100,,142121,39,,,1,103,,142122,39,,,1
2100,'20260730',433,,142123,39,,,1,79,,142124,39,,,1,25,,142125,39,,,1,394,,142129,15,0,5 29 30,1,100,,142135,15,0,5 29 30,1,100,,142141,15,0,16 29 30,1,95,,142145,15,0,16 29 30,1,85,,142149,15,0,16 29 30,1,110,,142152,15,0,16 29 30,1,98,,142154,15,0,16 29 30,1,92,,142157,15,0,16 29 30,1,107,,142159,39,,,1,105,,142160,39,,,1,95,,142161,39,,,1,97,,142162,39,,,1,99,,142163,39,,,1,99,,142164,39,,,1,97,,142165,39,,,1,100,,142166,39,,,1,103,,142167,39,,,1
2100,'20260731',433,,142168,39,,,1,79,,142169,39,,,1,25,,142170,39,,,1,394,,142174,15,0,5 29 30,1,100,,142180,15,0,5 29 30,1,100,,142186,15,0,16 29 30,1,95,,142190,15,0,16 29 30,1,85,,142194,15,0,16 29 30,1,110,,142197,15,0,16 29 30,1,98,,142199,15,0,16 29 30,1,92,,142202,15,0,16 29 30,1,107,,142204,39,,,1,105,,142205,39,,,1,95,,142206,39,,,1,97,,142207,39,,,1,99,,142208,39,,,1,99,,142209,39,,,1,97,,142210,39,,,1,100,,142211,39,,,1,103,,142212,39,,,1
2100,'20260801',534,,142213,39,0,57 29 30,1,100,,142214,39,0,57 29 30,1,77,,142215,39,0,57 29 30,1,110,,142218,17,0,34 29 30,1,100,,142222,17,0,34 29 30,1,103,,142226,17,0,34 29 30,1,100,,142230,17,0,34 29 30,1,100,,142233,17,0,34 29 30,1,100,,142236,17,0,34 29 30,1,100,,142239,17,0,34 29 30,1,100,,142242,17,0,34 29 30,1,100,,142245,17,0,34 29 30,1,100,,142248,17,0,34 29 30,1,100,,142251,17,0,34 29 30,1,100,,142253,17,0,34 29 30,1,92,,142255,39,0,57 29 30,1,95,,142256,39,0,57 29 30,1,98,,142257,39,0,57 29 30,1,100,,142258,39,0,57 29 30,1,102,,142259,39,0,57 29 30,1,100,,142260,39,0,57 29 30,1
2100,'20260802',534,,142261,39,0,57 29 30,1,100,,142262,39,0,57 29 30,1,77,,142263,39,0,57 29 30,1,110,,142265,17,0,34 29 30,1,100,,142268,17,0,34 29 30,1,103,,142271,17,0,34 29 30,1,100,,142274,17,0,34 29 30,1,100,,142277,17,0,34 29 30,1,100,,142280,17,0,34 29 30,1,100,,142283,17,0,34 29 30,1,100,,142286,17,0,34 29 30,1,100,,142289,17,0,34 29 30,1,100,,142292,17,0,34 29 30,1,100,,142295,17,0,34 29 30,1,100,,142297,17,0,34 29 30,1,92,,142298,39,0,57 29 30,1,95,,142299,39,0,57 29 30,1,98,,142300,39,0,57 29 30,1,100,,142301,39,0,57 29 30,1,102,,142302,39,0,57 29 30,1,100,,142303,39,0,57 29 30,1
2100,'20260803',534,,142304,39,0,57 29 30,1,100,,142305,39,0,57 29 30,1,77,,142306,39,0,57 29 30,1,110,,142309,17,0,34 29 30,1,100,,142313,17,0,34 29 30,1,103,,142317,17,0,34 29 30,1,100,,142321,17,0,34 29 30,1,100,,142324,17,0,34 29 30,1,100,,142327,17,0,34 29 30,1,100,,142330,17,0,34 29 30,1,100,,142333,17,0,34 29 30,1,100,,142336,17,0,34 29 30,1,100,,142339,17,0,34 29 30,1,100,,142342,17,0,34 29 30,1,100,,142344,17,0,34 29 30,1,92,,142346,39,0,57 29 30,1,95,,142347,39,0,57 29 30,1,98,,142348,39,0,57 29 30,1,100,,142349,39,0,57 29 30,1,102,,142350,39,0,57 29 30,1,100,,142351,39,0,57 29 30,1
2100,'20260804',433,,142352,39,,,1,79,,142353,39,,,1,25,,142354,39,,,1,394,,142358,15,0,5 29 30,1,100,,142364,15,0,5 29 30,1,100,,142370,15,0,16 29 30,1,95,,142374,15,0,16 29 30,1,85,,142378,15,0,16 29 30,1,110,,142381,15,0,16 29 30,1,98,,142383,15,0,16 29 30,1,92,,142386,15,0,16 29 30,1,107,,142388,39,,,1,105,,142389,39,,,1,95,,142390,39,,,1,97,,142391,39,,,1,99,,142392,39,,,1,99,,142393,39,,,1,97,,142394,39,,,1,100,,142395,39,,,1,103,,142396,39,,,1
2100,'20260805',433,,142397,39,,,1,79,,142398,39,,,1,25,,142399,39,,,1,394,,142403,15,0,5 29 30,1,100,,142409,15,0,5 29 30,1,100,,142415,15,0,16 29 30,1,95,,142419,15,0,16 29 30,1,85,,142423,15,0,16 29 30,1,110,,142426,15,0,16 29 30,1,98,,142428,15,0,16 29 30,1,92,,142431,15,0,16 29 30,1,107,,142433,39,,,1,105,,142434,39,,,1,95,,142435,39,,,1,97,,142436,39,,,1,99,,142437,39,,,1,99,,142438,39,,,1,97,,142439,39,,,1,100,,142440,39,,,1,103,,142441,39,,,1
2100,'20260806',433,,142442,39,,,1,79,,142443,39,,,1,25,,142444,39,,,1,394,,142448,15,0,5 29 30,1,100,,142454,15,0,5 29 30,1,100,,142460,15,0,16 29 30,1,95,,142464,15,0,16 29 30,1,85,,142468,15,0,16 29 30,1,110,,142471,15,0,16 29 30,1,98,,142473,15,0,16 29 30,1,92,,142476,15,0,16 29 30,1,107,,142478,39,,,1,105,,142479,39,,,1,95,,142480,39,,,1,97,,142481,39,,,1,99,,142482,39,,,1,99,,142483,39,,,1,97,,142484,39,,,1,100,,142485,39,,,1,103,,142486,39,,,1
2100,'20260807',433,,142487,39,,,1,79,,142488,39,,,1,25,,142489,39,,,1,394,,142493,15,0,5 29 30,1,100,,142499,15,0,5 29 30,1,100,,142505,15,0,16 29 30,1,95,,142509,15,0,16 29 30,1,85,,142513,15,0,16 29 30,1,110,,142516,15,0,16 29 30,1,98,,142518,15,0,16 29 30,1,92,,142521,15,0,16 29 30,1,107,,142523,39,,,1,105,,142524,39,,,1,95,,142525,39,,,1,97,,142526,39,,,1,99,,142527,39,,,1,99,,142528,39,,,1,97,,142529,39,,,1,100,,142530,39,,,1,103,,142531,39,,,1
2100,'20260808',534,,142532,39,0,57 29 30,1,100,,142533,39,0,57 29 30,1,77,,142534,39,0,57 29 30,1,110,,142537,17,0,34 29 30,1,100,,142541,17,0,34 29 30,1,103,,142545,17,0,34 29 30,1,100,,142549,17,0,34 29 30,1,100,,142552,17,0,34 29 30,1,100,,142555,17,0,34 29 30,1,100,,142558,17,0,34 29 30,1,100,,142561,17,0,34 29 30,1,100,,142564,17,0,34 29 30,1,100,,142567,17,0,34 29 30,1,100,,142570,17,0,34 29 30,1,100,,142572,17,0,34 29 30,1,92,,142574,39,0,57 29 30,1,95,,142575,39,0,57 29 30,1,98,,142576,39,0,57 29 30,1,100,,142577,39,0,57 29 30,1,102,,142578,39,0,57 29 30,1,100,,142579,39,0,57 29 30,1
2100,'20260809',534,,142580,39,0,57 29 30,1,100,,142581,39,0,57 29 30,1,77,,142582,39,0,57 29 30,1,110,,142584,17,0,34 29 30,1,100,,142587,17,0,34 29 30,1,103,,142590,17,0,34 29 30,1,100,,142593,17,0,34 29 30,1,100,,142596,17,0,34 29 30,1,100,,142599,17,0,34 29 30,1,100,,142602,17,0,34 29 30,1,100,,142605,17,0,34 29 30,1,100,,142608,17,0,34 29 30,1,100,,142611,17,0,34 29 30,1,100,,142614,17,0,34 29 30,1,100,,142616,17,0,34 29 30,1,92,,142617,39,0,57 29 30,1,95,,142618,39,0,57 29 30,1,98,,142619,39,0,57 29 30,1,100,,142620,39,0,57 29 30,1,102,,142621,39,0,57 29 30,1,100,,142622,39,0,57 29 30,1
2100,'20260810',433,,142623,39,,,1,79,,142624,39,,,1,25,,142625,39,,,1,394,,142629,15,0,5 29 30,1,100,,142635,15,0,5 29 30,1,100,,142641,15,0,16 29 30,1,95,,142645,15,0,16 29 30,1,85,,142649,15,0,16 29 30,1,110,,142652,15,0,16 29 30,1,98,,142654,15,0,16 29 30,1,92,,142657,15,0,16 29 30,1,107,,142659,39,,,1,105,,142660,39,,,1,95,,142661,39,,,1,97,,142662,39,,,1,99,,142663,39,,,1,99,,142664,39,,,1,97,,142665,39,,,1,100,,142666,39,,,1,103,,142667,39,,,1
2100,'20260811',433,,142668,39,,,1,79,,142669,39,,,1,25,,142670,39,,,1,394,,142674,15,0,5 29 30,1,100,,142680,15,0,5 29 30,1,100,,142686,15,0,16 29 30,1,95,,142690,15,0,16 29 30,1,85,,142694,15,0,16 29 30,1,110,,142697,15,0,16 29 30,1,98,,142699,15,0,16 29 30,1,92,,142702,15,0,16 29 30,1,107,,142704,39,,,1,105,,142705,39,,,1,95,,142706,39,,,1,97,,142707,39,,,1,99,,142708,39,,,1,99,,142709,39,,,1,97,,142710,39,,,1,100,,142711,39,,,1,103,,142712,39,,,1
2100,'20260812',433,,142713,39,,,1,79,,142714,39,,,1,25,,142715,39,,,1,394,,142719,15,0,5 29 30,1,100,,142725,15,0,5 29 30,1,100,,142731,15,0,16 29 30,1,95,,142735,15,0,16 29 30,1,85,,142739,15,0,16 29 30,1,110,,142742,15,0,16 29 30,1,98,,142744,15,0,16 29 30,1,92,,142747,15,0,16 29 30,1,107,,142749,39,,,1,105,,142750,39,,,1,95,,142751,39,,,1,97,,142752,39,,,1,99,,142753,39,,,1,99,,142754,39,,,1,97,,142755,39,,,1,100,,142756,39,,,1,103,,142757,39,,,1
2100,'20260813',433,,142758,39,,,1,79,,142759,39,,,1,25,,142760,39,,,1,394,,142764,15,0,5 29 30,1,100,,142770,15,0,5 29 30,1,100,,142776,15,0,16 29 30,1,95,,142780,15,0,16 29 30,1,85,,142784,15,0,16 29 30,1,110,,142787,15,0,16 29 30,1,98,,142789,15,0,16 29 30,1,92,,142792,15,0,16 29 30,1,107,,142794,39,,,1,105,,142795,39,,,1,95,,142796,39,,,1,97,,142797,39,,,1,99,,142798,39,,,1,99,,142799,39,,,1,97,,142800,39,,,1,100,,142801,39,,,1,103,,142802,39,,,1
2100,'20260814',433,,142803,39,,,1,79,,142804,39,,,1,25,,142805,39,,,1,394,,142809,15,0,5 29 30,1,100,,142815,15,0,5 29 30,1,100,,142821,15,0,16 29 30,1,95,,142825,15,0,16 29 30,1,85,,142829,15,0,16 29 30,1,110,,142832,15,0,16 29 30,1,98,,142834,15,0,16 29 30,1,92,,142837,15,0,16 29 30,1,107,,142839,39,,,1,105,,142840,39,,,1,95,,142841,39,,,1,97,,142842,39,,,1,99,,142843,39,,,1,99,,142844,39,,,1,97,,142845,39,,,1,100,,142846,39,,,1,103,,142847,39,,,1
2100,'20260815',534,,142848,39,0,57 29 30,1,100,,142849,39,0,57 29 30,1,77,,142850,39,0,57 29 30,1,110,,142853,17,0,34 29 30,1,100,,142857,17,0,34 29 30,1,103,,142861,17,0,34 29 30,1,100,,142865,17,0,34 29 30,1,100,,142868,17,0,34 29 30,1,100,,142871,17,0,34 29 30,1,100,,142874,17,0,34 29 30,1,100,,142877,17,0,34 29 30,1,100,,142880,17,0,34 29 30,1,100,,142883,17,0,34 29 30,1,100,,142886,17,0,34 29 30,1,100,,142888,17,0,34 29 30,1,92,,142890,39,0,57 29 30,1,95,,142891,39,0,57 29 30,1,98,,142892,39,0,57 29 30,1,100,,142893,39,0,57 29 30,1,102,,142894,39,0,57 29 30,1,100,,142895,39,0,57 29 30,1
2100,'20260816',534,,142896,39,0,57 29 30,1,100,,142897,39,0,57 29 30,1,77,,142898,39,0,57 29 30,1,110,,142900,17,0,34 29 30,1,100,,142903,17,0,34 29 30,1,103,,142906,17,0,34 29 30,1,100,,142909,17,0,34 29 30,1,100,,142912,17,0,34 29 30,1,100,,142915,17,0,34 29 30,1,100,,142918,17,0,34 29 30,1,100,,142921,17,0,34 29 30,1,100,,142924,17,0,34 29 30,1,100,,142927,17,0,34 29 30,1,100,,142930,17,0,34 29 30,1,100,,142932,17,0,34 29 30,1,92,,142933,39,0,57 29 30,1,95,,142934,39,0,57 29 30,1,98,,142935,39,0,57 29 30,1,100,,142936,39,0,57 29 30,1,102,,142937,39,0,57 29 30,1,100,,142938,39,0,57 29 30,1
2100,'20260817',433,,142939,39,,,1,79,,142940,39,,,1,25,,142941,39,,,1,394,,142945,15,0,5 29 30,1,100,,142951,15,0,5 29 30,1,100,,142957,15,0,16 29 30,1,95,,142961,15,0,16 29 30,1,85,,142965,15,0,16 29 30,1,110,,142968,15,0,16 29 30,1,98,,142970,15,0,16 29 30,1,92,,142973,15,0,16 29 30,1,107,,142975,39,,,1,105,,142976,39,,,1,95,,142977,39,,,1,97,,142978,39,,,1,99,,142979,39,,,1,99,,142980,39,,,1,97,,142981,39,,,1,100,,142982,39,,,1,103,,142983,39,,,1
2100,'20260818',433,,142984,39,,,1,79,,142985,39,,,1,25,,142986,39,,,1,394,,142990,15,0,5 29 30,1,100,,142996,15,0,5 29 30,1,100,,143002,15,0,16 29 30,1,95,,143006,15,0,16 29 30,1,85,,143010,15,0,16 29 30,1,110,,143013,15,0,16 29 30,1,98,,143015,15,0,16 29 30,1,92,,143018,15,0,16 29 30,1,107,,143020,39,,,1,105,,143021,39,,,1,95,,143022,39,,,1,97,,143023,39,,,1,99,,143024,39,,,1,99,,143025,39,,,1,97,,143026,39,,,1,100,,143027,39,,,1,103,,143028,39,,,1
2100,'20260819',433,,143029,39,,,1,79,,143030,39,,,1,25,,143031,39,,,1,394,,143035,15,0,5 29 30,1,100,,143041,15,0,5 29 30,1,100,,143047,15,0,16 29 30,1,95,,143051,15,0,16 29 30,1,85,,143055,15,0,16 29 30,1,110,,143058,15,0,16 29 30,1,98,,143060,15,0,16 29 30,1,92,,143063,15,0,16 29 30,1,107,,143065,39,,,1,105,,143066,39,,,1,95,,143067,39,,,1,97,,143068,39,,,1,99,,143069,39,,,1,99,,143070,39,,,1,97,,143071,39,,,1,100,,143072,39,,,1,103,,143073,39,,,1
2100,'20260820',433,,143074,39,,,1,79,,143075,39,,,1,25,,143076,39,,,1,394,,143080,15,0,5 29 30,1,100,,143086,15,0,5 29 30,1,100,,143092,15,0,16 29 30,1,95,,143096,15,0,16 29 30,1,85,,143100,15,0,16 29 30,1,110,,143103,15,0,16 29 30,1,98,,143105,15,0,16 29 30,1,92,,143108,15,0,16 29 30,1,107,,143110,39,,,1,105,,143111,39,,,1,95,,143112,39,,,1,97,,143113,39,,,1,99,,143114,39,,,1,99,,143115,39,,,1,97,,143116,39,,,1,100,,143117,39,,,1,103,,143118,39,,,1
2100,'20260821',433,,143119,39,,,1,79,,143120,39,,,1,25,,143121,39,,,1,394,,143125,15,0,5 29 30,1,100,,143131,15,0,5 29 30,1,100,,143137,15,0,16 29 30,1,95,,143141,15,0,16 29 30,1,85,,143145,15,0,16 29 30,1,110,,143148,15,0,16 29 30,1,98,,143150,15,0,16 29 30,1,92,,143153,15,0,16 29 30,1,107,,143155,39,,,1,105,,143156,39,,,1,95,,143157,39,,,1,97,,143158,39,,,1,99,,143159,39,,,1,99,,143160,39,,,1,97,,143161,39,,,1,100,,143162,39,,,1,103,,143163,39,,,1
2100,'20260822',534,,143164,39,0,57 29 30,1,100,,143165,39,0,57 29 30,1,77,,143166,39,0,57 29 30,1,110,,143169,17,0,34 29 30,1,100,,143173,17,0,34 29 30,1,103,,143177,17,0,34 29 30,1,100,,143181,17,0,34 29 30,1,100,,143184,17,0,34 29 30,1,100,,143187,17,0,34 29 30,1,100,,143190,17,0,34 29 30,1,100,,143193,17,0,34 29 30,1,100,,143196,17,0,34 29 30,1,100,,143199,17,0,34 29 30,1,100,,143202,17,0,34 29 30,1,100,,143204,17,0,34 29 30,1,92,,143206,39,0,57 29 30,1,95,,143207,39,0,57 29 30,1,98,,143208,39,0,57 29 30,1,100,,143209,39,0,57 29 30,1,102,,143210,39,0,57 29 30,1,100,,143211,39,0,57 29 30,1
2100,'20260823',534,,143212,39,0,57 29 30,1,100,,143213,39,0,57 29 30,1,77,,143214,39,0,57 29 30,1,110,,143216,17,0,34 29 30,1,100,,143219,17,0,34 29 30,1,103,,143222,17,0,34 29 30,1,100,,143225,17,0,34 29 30,1,100,,143228,17,0,34 29 30,1,100,,143231,17,0,34 29 30,1,100,,143234,17,0,34 29 30,1,100,,143237,17,0,34 29 30,1,100,,143240,17,0,34 29 30,1,100,,143243,17,0,34 29 30,1,100,,143246,17,0,34 29 30,1,100,,143248,17,0,34 29 30,1,92,,143249,39,0,57 29 30,1,95,,143250,39,0,57 29 30,1,98,,143251,39,0,57 29 30,1,100,,143252,39,0,57 29 30,1,102,,143253,39,0,57 29 30,1,100,,143254,39,0,57 29 30,1
2100,'20260824',433,,143255,39,,,1,79,,143256,39,,,1,25,,143257,39,,,1,394,,143261,15,0,5 29 30,1,100,,143267,15,0,5 29 30,1,100,,143273,15,0,16 29 30,1,95,,143277,15,0,16 29 30,1,85,,143281,15,0,16 29 30,1,110,,143284,15,0,16 29 30,1,98,,143286,15,0,16 29 30,1,92,,143289,15,0,16 29 30,1,107,,143291,39,,,1,105,,143292,39,,,1,95,,143293,39,,,1,97,,143294,39,,,1,99,,143295,39,,,1,99,,143296,39,,,1,97,,143297,39,,,1,100,,143298,39,,,1,103,,143299,39,,,1
2100,'20260825',433,,143300,39,,,1,79,,143301,39,,,1,25,,143302,39,,,1,394,,143306,15,0,5 29 30,1,100,,143312,15,0,5 29 30,1,100,,143318,15,0,16 29 30,1,95,,143322,15,0,16 29 30,1,85,,143326,15,0,16 29 30,1,110,,143329,15,0,16 29 30,1,98,,143331,15,0,16 29 30,1,92,,143334,15,0,16 29 30,1,107,,143336,39,,,1,105,,143337,39,,,1,95,,143338,39,,,1,97,,143339,39,,,1,99,,143340,39,,,1,99,,143341,39,,,1,97,,143342,39,,,1,100,,143343,39,,,1,103,,143344,39,,,1
2100,'20260826',433,,143345,39,,,1,79,,143346,39,,,1,25,,143347,39,,,1,394,,143351,15,0,5 29 30,1,100,,143357,15,0,5 29 30,1,100,,143363,15,0,16 29 30,1,95,,143367,15,0,16 29 30,1,85,,143371,15,0,16 29 30,1,110,,143374,15,0,16 29 30,1,98,,143376,15,0,16 29 30,1,92,,143379,15,0,16 29 30,1,107,,143381,39,,,1,105,,143382,39,,,1,95,,143383,39,,,1,97,,143384,39,,,1,99,,143385,39,,,1,99,,143386,39,,,1,97,,143387,39,,,1,100,,143388,39,,,1,103,,143389,39,,,1
2100,'20260827',433,,143390,39,,,1,79,,143391,39,,,1,25,,143392,39,,,1,394,,143396,15,0,5 29 30,1,100,,143402,15,0,5 29 30,1,100,,143408,15,0,16 29 30,1,95,,143412,15,0,16 29 30,1,85,,143416,15,0,16 29 30,1,110,,143419,15,0,16 29 30,1,98,,143421,15,0,16 29 30,1,92,,143424,15,0,16 29 30,1,107,,143426,39,,,1,105,,143427,39,,,1,95,,143428,39,,,1,97,,143429,39,,,1,99,,143430,39,,,1,99,,143431,39,,,1,97,,143432,39,,,1,100,,143433,39,,,1,103,,143434,39,,,1
2100,'20260828',433,,143435,39,,,1,79,,143436,39,,,1,25,,143437,39,,,1,394,,143441,15,0,5 29 30,1,100,,143447,15,0,5 29 30,1,100,,143453,15,0,16 29 30,1,95,,143457,15,0,16 29 30,1,85,,143461,15,0,16 29 30,1,110,,143464,15,0,16 29 30,1,98,,143466,15,0,16 29 30,1,92,,143469,15,0,16 29 30,1,107,,143471,39,,,1,105,,143472,39,,,1,95,,143473,39,,,1,97,,143474,39,,,1,99,,143475,39,,,1,99,,143476,39,,,1,97,,143477,39,,,1,100,,143478,39,,,1,103,,143479,39,,,1
2100,'20260829',534,,143480,39,0,57 29 30,1,100,,143481,39,0,57 29 30,1,77,,143482,39,0,57 29 30,1,110,,143485,17,0,34 29 30,1,100,,143489,17,0,34 29 30,1,103,,143493,17,0,34 29 30,1,100,,143497,17,0,34 29 30,1,100,,143500,17,0,34 29 30,1,100,,143503,17,0,34 29 30,1,100,,143506,17,0,34 29 30,1,100,,143509,17,0,34 29 30,1,100,,143512,17,0,34 29 30,1,100,,143515,17,0,34 29 30,1,100,,143518,17,0,34 29 30,1,100,,143520,17,0,34 29 30,1,92,,143522,39,0,57 29 30,1,95,,143523,39,0,57 29 30,1,98,,143524,39,0,57 29 30,1,100,,143525,39,0,57 29 30,1,102,,143526,39,0,57 29 30,1,100,,143527,39,0,57 29 30,1
2100,'20260830',534,,143528,39,0,57 29 30,1,100,,143529,39,0,57 29 30,1,77,,143530,39,0,57 29 30,1,110,,143532,17,0,34 29 30,1,100,,143535,17,0,34 29 30,1,103,,143538,17,0,34 29 30,1,100,,143541,17,0,34 29 30,1,100,,143544,17,0,34 29 30,1,100,,143547,17,0,34 29 30,1,100,,143550,17,0,34 29 30,1,100,,143553,17,0,34 29 30,1,100,,143556,17,0,34 29 30,1,100,,143559,17,0,34 29 30,1,100,,143562,17,0,34 29 30,1,100,,143564,17,0,34 29 30,1,92,,143565,39,0,57 29 30,1,95,,143566,39,0,57 29 30,1,98,,143567,39,0,57 29 30,1,100,,143568,39,0,57 29 30,1,102,,143569,39,0,57 29 30,1,100,,143570,39,0,57 29 30,1
2100,'20260831',433,,143571,39,,,1,79,,143572,39,,,1,25,,143573,39,,,1,394,,143577,15,0,5 29 30,1,100,,143583,15,0,5 29 30,1,100,,143589,15,0,16 29 30,1,95,,143593,15,0,16 29 30,1,85,,143597,15,0,16 29 30,1,110,,143600,15,0,16 29 30,1,98,,143602,15,0,16 29 30,1,92,,143605,15,0,16 29 30,1,107,,143607,39,,,1,105,,143608,39,,,1,95,,143609,39,,,1,97,,143610,39,,,1,99,,143611,39,,,1,99,,143612,39,,,1,97,,143613,39,,,1,100,,143614,39,,,1,103,,143615,39,,,1
2100,'20260901',433,,143616,39,,,1,79,,143617,39,,,1,25,,143618,39,,,1,394,,143622,15,0,5 29 30,1,100,,143628,15,0,5 29 30,1,100,,143634,15,0,16 29 30,1,95,,143638,15,0,16 29 30,1,85,,143642,15,0,16 29 30,1,110,,143645,15,0,16 29 30,1,98,,143647,15,0,16 29 30,1,92,,143650,15,0,16 29 30,1,107,,143652,39,,,1,105,,143653,39,,,1,95,,143654,39,,,1,97,,143655,39,,,1,99,,143656,39,,,1,99,,143657,39,,,1,97,,143658,39,,,1,100,,143659,39,,,1,103,,143660,39,,,1
2100,'20260902',433,,143661,39,,,1,79,,143662,39,,,1,25,,143663,39,,,1,394,,143667,15,0,5 29 30,1,100,,143673,15,0,5 29 30,1,100,,143679,15,0,16 29 30,1,95,,143683,15,0,16 29 30,1,85,,143687,15,0,16 29 30,1,110,,143690,15,0,16 29 30,1,98,,143692,15,0,16 29 30,1,92,,143695,15,0,16 29 30,1,107,,143697,39,,,1,105,,143698,39,,,1,95,,143699,39,,,1,97,,143700,39,,,1,99,,143701,39,,,1,99,,143702,39,,,1,97,,143703,39,,,1,100,,143704,39,,,1,103,,143705,39,,,1
2100,'20260903',433,,143706,39,,,1,79,,143707,39,,,1,25,,143708,39,,,1,394,,143712,15,0,5 29 30,1,100,,143718,15,0,5 29 30,1,100,,143724,15,0,16 29 30,1,95,,143728,15,0,16 29 30,1,85,,143732,15,0,16 29 30,1,110,,143735,15,0,16 29 30,1,98,,143737,15,0,16 29 30,1,92,,143740,15,0,16 29 30,1,107,,143742,39,,,1,105,,143743,39,,,1,95,,143744,39,,,1,97,,143745,39,,,1,99,,143746,39,,,1,99,,143747,39,,,1,97,,143748,39,,,1,100,,143749,39,,,1,103,,143750,39,,,1
2100,'20260904',433,,143751,39,,,1,79,,143752,39,,,1,25,,143753,39,,,1,394,,143757,15,0,5 29 30,1,100,,143763,15,0,5 29 30,1,100,,143769,15,0,16 29 30,1,95,,143773,15,0,16 29 30,1,85,,143777,15,0,16 29 30,1,110,,143780,15,0,16 29 30,1,98,,143782,15,0,16 29 30,1,92,,143785,15,0,16 29 30,1,107,,143787,39,,,1,105,,143788,39,,,1,95,,143789,39,,,1,97,,143790,39,,,1,99,,143791,39,,,1,99,,143792,39,,,1,97,,143793,39,,,1,100,,143794,39,,,1,103,,143795,39,,,1
