3100,'20260716',410,,164636,12,0,16 29 30,1,40,,164637,12,0,57 29 30,1,1152,,164639,38,0,5 18 9,1,100,,164640,38,0,5 18 9,1,33,,164641,38,0,5 18 9,1,605,,164642,12,0,16 29 30,1,100,,164643,12,0,16 29 30,1
3100,'20260717',410,,164644,12,0,16 29 30,1,40,,164645,12,0,57 29 30,1,1152,,164647,38,0,5 18 9,1,100,,164648,38,0,5 18 9,1,33,,164649,38,0,5 18 9,1,605,,164650,12,0,16 29 30,1,100,,164651,12,0,16 29 30,1
3100,'20260718',505,,164652,12,0,16 29 30,1,100,,164655,12,0,57 29 30,1,1705,,164659,12,0,16 29 30,1,105,,164660,12,0,16 29 30,1
3100,'20260719',505,,164661,12,0,16 29 30,1,100,,164664,12,0,57 29 30,1,1705,,164668,12,0,16 29 30,1,105,,164669,12,0,16 29 30,1
3100,'20260720',410,,164670,12,0,16 29 30,1,40,,164671,12,0,57 29 30,1,1152,,164673,38,0,5 18 9,1,100,,164674,38,0,5 18 9,1,33,,164675,38,0,5 18 9,1,605,,164676,12,0,16 29 30,1,100,,164677,12,0,16 29 30,1
3100,'20260721',410,,164678,12,0,16 29 30,1,40,,164679,12,0,57 29 30,1,1152,,164681,38,0,5 18 9,1,100,,164682,38,0,5 18 9,1,33,,164683,38,0,5 18 9,1,605,,164684,12,0,16 29 30,1,100,,164685,12,0,16 29 30,1
3100,'20260722',410,,164686,12,0,16 29 30,1,40,,164687,12,0,57 29 30,1,1152,,164689,38,0,5 18 9,1,100,,164690,38,0,5 18 9,1,33,,164691,38,0,5 18 9,1,605,,164692,12,0,16 29 30,1,100,,164693,12,0,16 29 30,1
3100,'20260723',410,,164694,12,0,16 29 30,1,40,,164695,12,0,57 29 30,1,1152,,164697,38,0,5 18 9,1,100,,164698,38,0,5 18 9,1,33,,164699,38,0,5 18 9,1,605,,164700,12,0,16 29 30,1,100,,164701,12,0,16 29 30,1
3100,'20260724',410,,164702,12,0,16 29 30,1,40,,164703,12,0,57 29 30,1,1152,,164705,38,0,5 18 9,1,100,,164706,38,0,5 18 9,1,33,,164707,38,0,5 18 9,1,605,,164708,12,0,16 29 30,1,100,,164709,12,0,16 29 30,1
3100,'20260725',505,,164710,12,0,16 29 30,1,100,,164713,12,0,57 29 30,1,147,,219535,41,0,71 20 39,1,795,,219536,41,0,71 20 39,1,305,,219537,42,0,61 20 39,1,5,,219538,41,0,71 20 39,1,453,,164717,12,0,16 29 30,1,105,,164718,12,0,16 29 30,1
3100,'20260726',505,,164719,12,0,16 29 30,1,100,,164722,12,0,57 29 30,1,147,,219539,41,0,71 20 39,1,795,,219540,41,0,71 20 39,1,305,,219541,42,0,61 20 39,1,5,,219542,41,0,71 20 39,1,453,,164726,12,0,16 29 30,1,105,,164727,12,0,16 29 30,1
3100,'20260727',410,,164728,12,0,16 29 30,1,40,,164729,12,0,57 29 30,1,1152,,164731,38,0,5 18 9,1,100,,164732,38,0,5 18 9,1,33,,164733,38,0,5 18 9,1,605,,164734,12,0,16 29 30,1,100,,164735,12,0,16 29 30,1
3100,'20260728',410,,164736,12,0,16 29 30,1,40,,164737,12,0,57 29 30,1,1152,,164739,38,0,5 18 9,1,100,,164740,38,0,5 18 9,1,33,,164741,38,0,5 18 9,1,605,,164742,12,0,16 29 30,1,100,,164743,12,0,16 29 30,1
3100,'20260729',410,,164744,12,0,16 29 30,1,40,,164745,12,0,57 29 30,1,1152,,164747,38,0,5 18 9,1,100,,164748,38,0,5 18 9,1,33,,164749,38,0,5 18 9,1,605,,164750,12,0,16 29 30,1,100,,164751,12,0,16 29 30,1
3100,'20260730',410,,164752,12,0,16 29 30,1,40,,164753,12,0,57 29 30,1,1152,,164755,38,0,5 18 9,1,100,,164756,38,0,5 18 9,1,33,,164757,38,0,5 18 9,1,605,,164758,12,0,16 29 30,1,100,,164759,12,0,16 29 30,1
3100,'20260731',410,,164760,12,0,16 29 30,1,40,,164761,12,0,57 29 30,1,1152,,164763,38,0,5 18 9,1,100,,164764,38,0,5 18 9,1,33,,164765,38,0,5 18 9,1,605,,164766,12,0,16 29 30,1,100,,164767,12,0,16 29 30,1
3100,'20260801',505,,164768,12,0,16 29 30,1,100,,164771,12,0,57 29 30,1,1705,,164775,12,0,16 29 30,1,105,,164776,12,0,16 29 30,1
3100,'20260802',505,,164777,12,0,16 29 30,1,100,,164780,12,0,57 29 30,1,1705,,164784,12,0,16 29 30,1,105,,164785,12,0,16 29 30,1
3100,'20260803',505,,164786,12,0,16 29 30,1,100,,164789,12,0,57 29 30,1,1705,,164793,12,0,16 29 30,1,105,,164794,12,0,16 29 30,1
3100,'20260804',410,,164795,12,0,16 29 30,1,40,,164796,12,0,57 29 30,1,1152,,164798,38,0,5 18 9,1,100,,164799,38,0,5 18 9,1,33,,164800,38,0,5 18 9,1,605,,164801,12,0,16 29 30,1,100,,164802,12,0,16 29 30,1
3100,'20260805',410,,164803,12,0,16 29 30,1,40,,164804,12,0,57 29 30,1,1152,,164806,38,0,5 18 9,1,100,,164807,38,0,5 18 9,1,33,,164808,38,0,5 18 9,1,605,,164809,12,0,16 29 30,1,100,,164810,12,0,16 29 30,1
3100,'20260806',410,,164811,12,0,16 29 30,1,40,,164812,12,0,57 29 30,1,1152,,164814,38,0,5 18 9,1,100,,164815,38,0,5 18 9,1,33,,164816,38,0,5 18 9,1,605,,164817,12,0,16 29 30,1,100,,164818,12,0,16 29 30,1
3100,'20260807',410,,164819,12,0,16 29 30,1,40,,164820,12,0,57 29 30,1,1152,,164822,38,0,5 18 9,1,100,,164823,38,0,5 18 9,1,33,,164824,38,0,5 18 9,1,605,,164825,12,0,16 29 30,1,100,,164826,12,0,16 29 30,1
3100,'20260808',505,,164827,12,0,16 29 30,1,100,,164830,12,0,57 29 30,1,1705,,164834,12,0,16 29 30,1,105,,164835,12,0,16 29 30,1
3100,'20260809',505,,164836,12,0,16 29 30,1,100,,164839,12,0,57 29 30,1,1705,,164843,12,0,16 29 30,1,105,,164844,12,0,16 29 30,1
3100,'20260810',410,,164845,12,0,16 29 30,1,40,,164846,12,0,57 29 30,1,1152,,164848,38,0,5 18 9,1,100,,164849,38,0,5 18 9,1,33,,164850,38,0,5 18 9,1,605,,164851,12,0,16 29 30,1,100,,164852,12,0,16 29 30,1
3100,'20260811',410,,164853,12,0,16 29 30,1,40,,164854,12,0,57 29 30,1,1152,,164856,38,0,5 18 9,1,100,,164857,38,0,5 18 9,1,33,,164858,38,0,5 18 9,1,605,,164859,12,0,16 29 30,1,100,,164860,12,0,16 29 30,1
3100,'20260812',410,,164861,12,0,16 29 30,1,40,,164862,12,0,57 29 30,1,1152,,164864,38,0,5 18 9,1,100,,164865,38,0,5 18 9,1,33,,164866,38,0,5 18 9,1,605,,164867,12,0,16 29 30,1,100,,164868,12,0,16 29 30,1
3100,'20260813',410,,164869,12,0,16 29 30,1,40,,164870,12,0,57 29 30,1,1152,,164872,38,0,5 18 9,1,100,,164873,38,0,5 18 9,1,33,,164874,38,0,5 18 9,1,605,,164875,12,0,16 29 30,1,100,,164876,12,0,16 29 30,1
3100,'20260814',410,,164877,12,0,16 29 30,1,40,,164878,12,0,57 29 30,1,1152,,164880,38,0,5 18 9,1,100,,164881,38,0,5 18 9,1,33,,164882,38,0,5 18 9,1,605,,164883,12,0,16 29 30,1,100,,164884,12,0,16 29 30,1
3100,'20260815',505,,164885,12,0,16 29 30,1,100,,164888,12,0,57 29 30,1,1705,,164892,12,0,16 29 30,1,105,,164893,12,0,16 29 30,1
3100,'20260816',505,,164894,12,0,16 29 30,1,100,,164897,12,0,57 29 30,1,1705,,164901,12,0,16 29 30,1,105,,164902,12,0,16 29 30,1
3100,'20260817',410,,164903,12,0,16 29 30,1,40,,164904,12,0,57 29 30,1,1152,,164906,38,0,5 18 9,1,100,,164907,38,0,5 18 9,1,33,,164908,38,0,5 18 9,1,605,,164909,12,0,16 29 30,1,100,,164910,12,0,16 29 30,1
3100,'20260818',410,,164911,12,0,16 29 30,1,40,,164912,12,0,57 29 30,1,1152,,164914,38,0,5 18 9,1,100,,164915,38,0,5 18 9,1,33,,164916,38,0,5 18 9,1,605,,164917,12,0,16 29 30,1,100,,164918,12,0,16 29 30,1
3100,'20260819',410,,164919,12,0,16 29 30,1,40,,164920,12,0,57 29 30,1,1152,,164922,38,0,5 18 9,1,100,,164923,38,0,5 18 9,1,33,,164924,38,0,5 18 9,1,605,,164925,12,0,16 29 30,1,100,,164926,12,0,16 29 30,1
3100,'20260820',410,,164927,12,0,16 29 30,1,40,,164928,12,0,57 29 30,1,1152,,164930,38,0,5 18 9,1,100,,164931,38,0,5 18 9,1,33,,164932,38,0,5 18 9,1,605,,164933,12,0,16 29 30,1,100,,164934,12,0,16 29 30,1
3100,'20260821',410,,164935,12,0,16 29 30,1,40,,164936,12,0,57 29 30,1,1152,,164938,38,0,5 18 9,1,100,,164939,38,0,5 18 9,1,33,,164940,38,0,5 18 9,1,605,,164941,12,0,16 29 30,1,100,,164942,12,0,16 29 30,1
3100,'20260822',505,,164943,12,0,16 29 30,1,100,,164946,12,0,57 29 30,1,1705,,164950,12,0,16 29 30,1,105,,164951,12,0,16 29 30,1
3100,'20260823',505,,164952,12,0,16 29 30,1,100,,164955,12,0,57 29 30,1,1705,,164959,12,0,16 29 30,1,105,,164960,12,0,16 29 30,1
3100,'20260824',410,,164961,12,0,16 29 30,1,40,,164962,12,0,57 29 30,1,1152,,164964,38,0,5 18 9,1,100,,164965,38,0,5 18 9,1,33,,164966,38,0,5 18 9,1,605,,164967,12,0,16 29 30,1,100,,164968,12,0,16 29 30,1
3100,'20260825',410,,164969,12,0,16 29 30,1,40,,164970,12,0,57 29 30,1,1152,,164972,38,0,5 18 9,1,100,,164973,38,0,5 18 9,1,33,,164974,38,0,5 18 9,1,605,,164975,12,0,16 29 30,1,100,,164976,12,0,16 29 30,1
3100,'20260826',410,,164977,12,0,16 29 30,1,40,,164978,12,0,57 29 30,1,1152,,164980,38,0,5 18 9,1,100,,164981,38,0,5 18 9,1,33,,164982,38,0,5 18 9,1,605,,164983,12,0,16 29 30,1,100,,164984,12,0,16 29 30,1
3100,'20260827',410,,164985,12,0,16 29 30,1,40,,164986,12,0,57 29 30,1,1152,,164988,38,0,5 18 9,1,100,,164989,38,0,5 18 9,1,33,,164990,38,0,5 18 9,1,605,,164991,12,0,16 29 30,1,100,,164992,12,0,16 29 30,1
3100,'20260828',410,,164993,12,0,16 29 30,1,40,,164994,12,0,57 29 30,1,1152,,164996,38,0,5 18 9,1,100,,164997,38,0,5 18 9,1,33,,164998,38,0,5 18 9,1,605,,164999,12,0,16 29 30,1,100,,165000,12,0,16 29 30,1
3100,'20260829',505,,165001,12,0,16 29 30,1,100,,165004,12,0,57 29 30,1,1705,,165008,12,0,16 29 30,1,105,,165009,12,0,16 29 30,1
3100,'20260830',505,,165010,12,0,16 29 30,1,100,,165013,12,0,57 29 30,1,1705,,165017,12,0,16 29 30,1,105,,165018,12,0,16 29 30,1
3100,'20260831',410,,165019,12,0,16 29 30,1,40,,165020,12,0,57 29 30,1,1152,,165022,38,0,5 18 9,1,100,,165023,38,0,5 18 9,1,33,,165024,38,0,5 18 9,1,605,,165025,12,0,16 29 30,1,100,,165026,12,0,16 29 30,1
3100,'20260901',410,,165027,12,0,16 29 30,1,40,,165028,12,0,57 29 30,1,1152,,165030,38,0,5 18 9,1,100,,165031,38,0,5 18 9,1,33,,165032,38,0,5 18 9,1,605,,165033,12,0,16 29 30,1,100,,165034,12,0,16 29 30,1
3100,'20260902',410,,165035,12,0,16 29 30,1,40,,165036,12,0,57 29 30,1,1152,,165038,38,0,5 18 9,1,100,,165039,38,0,5 18 9,1,33,,165040,38,0,5 18 9,1,605,,165041,12,0,16 29 30,1,100,,165042,12,0,16 29 30,1
3100,'20260903',410,,165043,12,0,16 29 30,1,40,,165044,12,0,57 29 30,1,1152,,165046,38,0,5 18 9,1,100,,165047,38,0,5 18 9,1,33,,165048,38,0,5 18 9,1,605,,165049,12,0,16 29 30,1,100,,165050,12,0,16 29 30,1
3100,'20260904',410,,165051,12,0,16 29 30,1,40,,165052,12,0,57 29 30,1,1152,,165054,38,0,5 18 9,1,100,,165055,38,0,5 18 9,1,33,,165056,38,0,5 18 9,1,605,,165057,12,0,16 29 30,1,100,,165058,12,0,16 29 30,1
3300,'20260716',505,,169150,12,0,16 24 25,1,107,,169154,12,0,16 24 25,1,40,,169157,38,,,1,92,,169160,12,0,16 24 25,1,95,,169161,38,,,1,182,,169164,38,0,57 14 15 9,1,200,,169167,38,0,57 14 15 9,1,200,,169170,38,0,57 14 15 9,1,97,,169172,38,0,57 14 15 9,1,290,,169177,38,,,1,114,,169178,38,0,57 14 15 9,1,101,,169180,12,0,53 14 15 9,1,99,,169182,38,0,57 14 15 9,1,111,,169184,12,0,52 18 9,1
3300,'20260717',505,,169185,12,0,16 24 25,1,107,,169189,12,0,16 24 25,1,40,,169192,38,,,1,92,,169195,12,0,16 24 25,1,95,,169196,38,,,1,182,,169199,38,0,57 14 15 9,1,200,,169202,38,0,57 14 15 9,1,200,,169205,38,0,57 14 15 9,1,97,,169207,38,0,57 14 15 9,1,290,,169212,38,,,1,114,,169213,38,0,57 14 15 9,1,101,,169215,12,0,53 14 15 9,1,99,,169217,38,0,57 14 15 9,1,111,,169219,12,0,52 18 9,1
3300,'20260718',724,,169220,38,,,1,198,,169221,38,,,1,98,,169222,38,0,57 14 15 9,1,100,,169223,38,,,1,200,,169224,38,,,1,200,,169225,38,,,1,200,,169226,38,,,1,102,,169227,12,0,53 14 15 9,1,102,,169228,38,,,1,200,,169229,38,,,1,102,,169230,12,0,53 14 15 9,1
3300,'20260719',724,,169231,38,,,1,198,,169232,38,,,1,98,,169233,38,0,57 14 15 9,1,100,,169234,38,,,1,200,,169235,38,,,1,200,,169236,38,,,1,200,,169237,38,,,1,102,,169238,12,0,53 14 15 9,1,102,,169239,38,,,1,200,,169240,38,,,1,102,,169241,12,0,53 14 15 9,1
3300,'20260720',505,,169242,12,0,16 24 25,1,107,,169246,12,0,16 24 25,1,40,,169249,38,,,1,92,,169252,12,0,16 24 25,1,95,,169253,38,,,1,182,,169256,38,0,57 14 15 9,1,200,,169259,38,0,57 14 15 9,1,200,,169262,38,0,57 14 15 9,1,97,,169264,38,0,57 14 15 9,1,290,,169269,38,,,1,114,,169270,38,0,57 14 15 9,1,101,,169272,12,0,53 14 15 9,1,99,,169274,38,0,57 14 15 9,1,111,,169276,12,0,52 18 9,1
3300,'20260721',505,,169277,12,0,16 24 25,1,107,,169281,12,0,16 24 25,1,40,,169284,38,,,1,92,,169287,12,0,16 24 25,1,95,,169288,38,,,1,182,,169291,38,0,57 14 15 9,1,200,,169294,38,0,57 14 15 9,1,200,,169297,38,0,57 14 15 9,1,97,,169299,38,0,57 14 15 9,1,290,,169304,38,,,1,114,,169305,38,0,57 14 15 9,1,101,,169307,12,0,53 14 15 9,1,99,,169309,38,0,57 14 15 9,1,111,,169311,12,0,52 18 9,1
3300,'20260722',505,,169312,12,0,16 24 25,1,107,,169316,12,0,16 24 25,1,40,,169319,38,,,1,92,,169322,12,0,16 24 25,1,95,,169323,38,,,1,182,,169326,38,0,57 14 15 9,1,200,,169329,38,0,57 14 15 9,1,200,,169332,38,0,57 14 15 9,1,97,,169334,38,0,57 14 15 9,1,290,,169339,38,,,1,114,,169340,38,0,57 14 15 9,1,101,,169342,12,0,53 14 15 9,1,99,,169344,38,0,57 14 15 9,1,111,,169346,12,0,52 18 9,1
3300,'20260723',505,,169347,12,0,16 24 25,1,107,,169351,12,0,16 24 25,1,40,,169354,38,,,1,92,,169357,12,0,16 24 25,1,95,,169358,38,,,1,182,,169361,38,0,57 14 15 9,1,200,,169364,38,0,57 14 15 9,1,200,,169367,38,0,57 14 15 9,1,97,,169369,38,0,57 14 15 9,1,290,,169374,38,,,1,114,,169375,38,0,57 14 15 9,1,101,,169377,12,0,53 14 15 9,1,99,,169379,38,0,57 14 15 9,1,111,,169381,12,0,52 18 9,1
3300,'20260724',505,,169382,12,0,16 24 25,1,107,,169386,12,0,16 24 25,1,40,,169389,38,,,1,92,,169392,12,0,16 24 25,1,95,,169393,38,,,1,182,,169396,38,0,57 14 15 9,1,200,,169399,38,0,57 14 15 9,1,200,,169402,38,0,57 14 15 9,1,97,,169404,38,0,57 14 15 9,1,290,,169409,38,,,1,114,,169410,38,0,57 14 15 9,1,101,,169412,12,0,53 14 15 9,1,99,,169414,38,0,57 14 15 9,1,111,,169416,12,0,52 18 9,1
3300,'20260725',724,,169417,38,,,1,198,,169418,38,,,1,98,,169419,38,0,57 14 15 9,1,100,,169420,38,,,1,200,,169421,38,,,1,200,,169422,38,,,1,200,,169423,38,,,1,102,,169424,12,0,53 14 15 9,1,102,,169425,38,,,1,200,,169426,38,,,1,102,,169427,12,0,53 14 15 9,1
3300,'20260726',724,,169428,38,,,1,198,,169429,38,,,1,98,,169430,38,0,57 14 15 9,1,100,,169431,38,,,1,200,,169432,38,,,1,200,,169433,38,,,1,200,,169434,38,,,1,102,,169435,12,0,53 14 15 9,1,102,,169436,38,,,1,200,,169437,38,,,1,102,,169438,12,0,53 14 15 9,1
3300,'20260727',505,,169439,12,0,16 24 25,1,107,,169443,12,0,16 24 25,1,40,,169446,38,,,1,92,,169449,12,0,16 24 25,1,95,,169450,38,,,1,182,,169453,38,0,57 14 15 9,1,200,,169456,38,0,57 14 15 9,1,200,,169459,38,0,57 14 15 9,1,97,,169461,38,0,57 14 15 9,1,290,,169466,38,,,1,114,,169467,38,0,57 14 15 9,1,101,,169469,12,0,53 14 15 9,1,99,,169471,38,0,57 14 15 9,1,111,,169473,12,0,52 18 9,1
3300,'20260728',505,,169474,12,0,16 24 25,1,107,,169478,12,0,16 24 25,1,40,,169481,38,,,1,92,,169484,12,0,16 24 25,1,95,,169485,38,,,1,182,,169488,38,0,57 14 15 9,1,200,,169491,38,0,57 14 15 9,1,200,,169494,38,0,57 14 15 9,1,97,,169496,38,0,57 14 15 9,1,290,,169501,38,,,1,114,,169502,38,0,57 14 15 9,1,101,,169504,12,0,53 14 15 9,1,99,,169506,38,0,57 14 15 9,1,111,,169508,12,0,52 18 9,1
3300,'20260729',505,,169509,12,0,16 24 25,1,107,,169513,12,0,16 24 25,1,40,,169516,38,,,1,92,,169519,12,0,16 24 25,1,95,,169520,38,,,1,182,,169523,38,0,57 14 15 9,1,200,,169526,38,0,57 14 15 9,1,200,,169529,38,0,57 14 15 9,1,97,,169531,38,0,57 14 15 9,1,290,,169536,38,,,1,114,,169537,38,0,57 14 15 9,1,101,,169539,12,0,53 14 15 9,1,99,,169541,38,0,57 14 15 9,1,111,,169543,12,0,52 18 9,1
3300,'20260730',505,,169544,12,0,16 24 25,1,107,,169548,12,0,16 24 25,1,40,,169551,38,,,1,92,,169554,12,0,16 24 25,1,95,,169555,38,,,1,182,,169558,38,0,57 14 15 9,1,200,,169561,38,0,57 14 15 9,1,200,,169564,38,0,57 14 15 9,1,97,,169566,38,0,57 14 15 9,1,290,,169571,38,,,1,114,,169572,38,0,57 14 15 9,1,101,,169574,12,0,53 14 15 9,1,99,,169576,38,0,57 14 15 9,1,111,,169578,12,0,52 18 9,1
3300,'20260731',505,,169579,12,0,16 24 25,1,107,,169583,12,0,16 24 25,1,40,,169586,38,,,1,92,,169589,12,0,16 24 25,1,95,,169590,38,,,1,182,,169593,38,0,57 14 15 9,1,200,,169596,38,0,57 14 15 9,1,200,,169599,38,0,57 14 15 9,1,97,,169601,38,0,57 14 15 9,1,290,,169606,38,,,1,114,,169607,38,0,57 14 15 9,1,101,,169609,12,0,53 14 15 9,1,99,,169611,38,0,57 14 15 9,1,111,,169613,12,0,52 18 9,1
3300,'20260801',724,,169614,38,,,1,198,,169615,38,,,1,98,,169616,38,0,57 14 15 9,1,100,,169617,38,,,1,200,,169618,38,,,1,200,,169619,38,,,1,200,,169620,38,,,1,102,,169621,12,0,53 14 15 9,1,102,,169622,38,,,1,200,,169623,38,,,1,102,,169624,12,0,53 14 15 9,1
3300,'20260802',724,,169625,38,,,1,198,,169626,38,,,1,98,,169627,38,0,57 14 15 9,1,100,,169628,38,,,1,200,,169629,38,,,1,200,,169630,38,,,1,200,,169631,38,,,1,102,,169632,12,0,53 14 15 9,1,102,,169633,38,,,1,200,,169634,38,,,1,102,,169635,12,0,53 14 15 9,1
3300,'20260803',724,,169636,38,,,1,198,,169637,38,,,1,98,,169638,38,0,57 14 15 9,1,100,,169639,38,,,1,200,,169640,38,,,1,200,,169641,38,,,1,200,,169642,38,,,1,102,,169643,12,0,53 14 15 9,1,102,,169644,38,,,1,200,,169645,38,,,1,102,,169646,12,0,53 14 15 9,1
3300,'20260804',505,,169647,12,0,16 24 25,1,107,,169651,12,0,16 24 25,1,40,,169654,38,,,1,92,,169657,12,0,16 24 25,1,95,,169658,38,,,1,182,,169661,38,0,57 14 15 9,1,200,,169664,38,0,57 14 15 9,1,200,,169667,38,0,57 14 15 9,1,97,,169669,38,0,57 14 15 9,1,290,,169674,38,,,1,114,,169675,38,0,57 14 15 9,1,101,,169677,12,0,53 14 15 9,1,99,,169679,38,0,57 14 15 9,1,111,,169681,12,0,52 18 9,1
3300,'20260805',505,,169682,12,0,16 24 25,1,107,,169686,12,0,16 24 25,1,40,,169689,38,,,1,92,,169692,12,0,16 24 25,1,95,,169693,38,,,1,182,,169696,38,0,57 14 15 9,1,200,,169699,38,0,57 14 15 9,1,200,,169702,38,0,57 14 15 9,1,97,,169704,38,0,57 14 15 9,1,290,,169709,38,,,1,114,,169710,38,0,57 14 15 9,1,101,,169712,12,0,53 14 15 9,1,99,,169714,38,0,57 14 15 9,1,111,,169716,12,0,52 18 9,1
3300,'20260806',505,,169717,12,0,16 24 25,1,107,,169721,12,0,16 24 25,1,40,,169724,38,,,1,92,,169727,12,0,16 24 25,1,95,,169728,38,,,1,182,,169731,38,0,57 14 15 9,1,200,,169734,38,0,57 14 15 9,1,200,,169737,38,0,57 14 15 9,1,97,,169739,38,0,57 14 15 9,1,290,,169744,38,,,1,114,,169745,38,0,57 14 15 9,1,101,,169747,12,0,53 14 15 9,1,99,,169749,38,0,57 14 15 9,1,111,,169751,12,0,52 18 9,1
3300,'20260807',505,,169752,12,0,16 24 25,1,107,,169756,12,0,16 24 25,1,40,,169759,38,,,1,92,,169762,12,0,16 24 25,1,95,,169763,38,,,1,182,,169766,38,0,57 14 15 9,1,200,,169769,38,0,57 14 15 9,1,200,,169772,38,0,57 14 15 9,1,97,,169774,38,0,57 14 15 9,1,290,,169779,38,,,1,114,,169780,38,0,57 14 15 9,1,101,,169782,12,0,53 14 15 9,1,99,,169784,38,0,57 14 15 9,1,111,,169786,12,0,52 18 9,1
3300,'20260808',724,,169787,38,,,1,198,,169788,38,,,1,98,,169789,38,0,57 14 15 9,1,100,,169790,38,,,1,200,,169791,38,,,1,200,,169792,38,,,1,200,,169793,38,,,1,102,,169794,12,0,53 14 15 9,1,102,,169795,38,,,1,200,,169796,38,,,1,102,,169797,12,0,53 14 15 9,1
3300,'20260809',724,,169798,38,,,1,198,,169799,38,,,1,98,,169800,38,0,57 14 15 9,1,100,,169801,38,,,1,200,,169802,38,,,1,200,,169803,38,,,1,200,,169804,38,,,1,102,,169805,12,0,53 14 15 9,1,102,,169806,38,,,1,200,,169807,38,,,1,102,,169808,12,0,53 14 15 9,1
3300,'20260810',505,,169809,12,0,16 24 25,1,107,,169813,12,0,16 24 25,1,40,,169816,38,,,1,92,,169819,12,0,16 24 25,1,95,,169820,38,,,1,182,,169823,38,0,57 14 15 9,1,200,,169826,38,0,57 14 15 9,1,200,,169829,38,0,57 14 15 9,1,97,,169831,38,0,57 14 15 9,1,290,,169836,38,,,1,114,,169837,38,0,57 14 15 9,1,101,,169839,12,0,53 14 15 9,1,99,,169841,38,0,57 14 15 9,1,111,,169843,12,0,52 18 9,1
3300,'20260811',505,,169844,12,0,16 24 25,1,107,,169848,12,0,16 24 25,1,40,,169851,38,,,1,92,,169854,12,0,16 24 25,1,95,,169855,38,,,1,182,,169858,38,0,57 14 15 9,1,200,,169861,38,0,57 14 15 9,1,200,,169864,38,0,57 14 15 9,1,97,,169866,38,0,57 14 15 9,1,290,,169871,38,,,1,114,,169872,38,0,57 14 15 9,1,101,,169874,12,0,53 14 15 9,1,99,,169876,38,0,57 14 15 9,1,111,,169878,12,0,52 18 9,1
3300,'20260812',505,,169879,12,0,16 24 25,1,107,,169883,12,0,16 24 25,1,40,,169886,38,,,1,92,,169889,12,0,16 24 25,1,95,,169890,38,,,1,182,,169893,38,0,57 14 15 9,1,200,,169896,38,0,57 14 15 9,1,200,,169899,38,0,57 14 15 9,1,97,,169901,38,0,57 14 15 9,1,290,,169906,38,,,1,114,,169907,38,0,57 14 15 9,1,101,,169909,12,0,53 14 15 9,1,99,,169911,38,0,57 14 15 9,1,111,,169913,12,0,52 18 9,1
3300,'20260813',505,,169914,12,0,16 24 25,1,107,,169918,12,0,16 24 25,1,40,,169921,38,,,1,92,,169924,12,0,16 24 25,1,95,,169925,38,,,1,182,,169928,38,0,57 14 15 9,1,200,,169931,38,0,57 14 15 9,1,200,,169934,38,0,57 14 15 9,1,97,,169936,38,0,57 14 15 9,1,290,,169941,38,,,1,114,,169942,38,0,57 14 15 9,1,101,,169944,12,0,53 14 15 9,1,99,,169946,38,0,57 14 15 9,1,111,,169948,12,0,52 18 9,1
3300,'20260814',505,,169949,12,0,16 24 25,1,107,,169953,12,0,16 24 25,1,40,,169956,38,,,1,92,,169959,12,0,16 24 25,1,95,,169960,38,,,1,182,,169963,38,0,57 14 15 9,1,200,,169966,38,0,57 14 15 9,1,200,,169969,38,0,57 14 15 9,1,97,,169971,38,0,57 14 15 9,1,290,,169976,38,,,1,114,,169977,38,0,57 14 15 9,1,101,,169979,12,0,53 14 15 9,1,99,,169981,38,0,57 14 15 9,1,111,,169983,12,0,52 18 9,1
3300,'20260815',724,,169984,38,,,1,198,,169985,38,,,1,98,,169986,38,0,57 14 15 9,1,100,,169987,38,,,1,200,,169988,38,,,1,200,,169989,38,,,1,200,,169990,38,,,1,102,,169991,12,0,53 14 15 9,1,102,,169992,38,,,1,200,,169993,38,,,1,102,,169994,12,0,53 14 15 9,1
3300,'20260816',724,,169995,38,,,1,198,,169996,38,,,1,98,,169997,38,0,57 14 15 9,1,100,,169998,38,,,1,200,,169999,38,,,1,200,,170000,38,,,1,200,,170001,38,,,1,102,,170002,12,0,53 14 15 9,1,102,,170003,38,,,1,200,,170004,38,,,1,102,,170005,12,0,53 14 15 9,1
3300,'20260817',505,,170006,12,0,16 24 25,1,107,,170010,12,0,16 24 25,1,40,,170013,38,,,1,92,,170016,12,0,16 24 25,1,95,,170017,38,,,1,182,,170020,38,0,57 14 15 9,1,200,,170023,38,0,57 14 15 9,1,200,,170026,38,0,57 14 15 9,1,97,,170028,38,0,57 14 15 9,1,290,,170033,38,,,1,114,,170034,38,0,57 14 15 9,1,101,,170036,12,0,53 14 15 9,1,99,,170038,38,0,57 14 15 9,1,111,,170040,12,0,52 18 9,1
3300,'20260818',505,,170041,12,0,16 24 25,1,107,,170045,12,0,16 24 25,1,40,,170048,38,,,1,92,,170051,12,0,16 24 25,1,95,,170052,38,,,1,182,,170055,38,0,57 14 15 9,1,200,,170058,38,0,57 14 15 9,1,200,,170061,38,0,57 14 15 9,1,97,,170063,38,0,57 14 15 9,1,290,,170068,38,,,1,114,,170069,38,0,57 14 15 9,1,101,,170071,12,0,53 14 15 9,1,99,,170073,38,0,57 14 15 9,1,111,,170075,12,0,52 18 9,1
3300,'20260819',505,,170076,12,0,16 24 25,1,107,,170080,12,0,16 24 25,1,40,,170083,38,,,1,92,,170086,12,0,16 24 25,1,95,,170087,38,,,1,182,,170090,38,0,57 14 15 9,1,200,,170093,38,0,57 14 15 9,1,200,,170096,38,0,57 14 15 9,1,97,,170098,38,0,57 14 15 9,1,290,,170103,38,,,1,114,,170104,38,0,57 14 15 9,1,101,,170106,12,0,53 14 15 9,1,99,,170108,38,0,57 14 15 9,1,111,,170110,12,0,52 18 9,1
3300,'20260820',505,,170111,12,0,16 24 25,1,107,,170115,12,0,16 24 25,1,40,,170118,38,,,1,92,,170121,12,0,16 24 25,1,95,,170122,38,,,1,182,,170125,38,0,57 14 15 9,1,200,,170128,38,0,57 14 15 9,1,200,,170131,38,0,57 14 15 9,1,97,,170133,38,0,57 14 15 9,1,290,,170138,38,,,1,114,,170139,38,0,57 14 15 9,1,101,,170141,12,0,53 14 15 9,1,99,,170143,38,0,57 14 15 9,1,111,,170145,12,0,52 18 9,1
3300,'20260821',505,,170146,12,0,16 24 25,1,107,,170150,12,0,16 24 25,1,40,,170153,38,,,1,92,,170156,12,0,16 24 25,1,95,,170157,38,,,1,182,,170160,38,0,57 14 15 9,1,200,,170163,38,0,57 14 15 9,1,200,,170166,38,0,57 14 15 9,1,97,,170168,38,0,57 14 15 9,1,290,,170173,38,,,1,114,,170174,38,0,57 14 15 9,1,101,,170176,12,0,53 14 15 9,1,99,,170178,38,0,57 14 15 9,1,111,,170180,12,0,52 18 9,1
3300,'20260822',724,,170181,38,,,1,198,,170182,38,,,1,98,,170183,38,0,57 14 15 9,1,100,,170184,38,,,1,200,,170185,38,,,1,200,,170186,38,,,1,200,,170187,38,,,1,102,,170188,12,0,53 14 15 9,1,102,,170189,38,,,1,200,,170190,38,,,1,102,,170191,12,0,53 14 15 9,1
3300,'20260823',724,,170192,38,,,1,198,,170193,38,,,1,98,,170194,38,0,57 14 15 9,1,100,,170195,38,,,1,200,,170196,38,,,1,200,,170197,38,,,1,200,,170198,38,,,1,102,,170199,12,0,53 14 15 9,1,102,,170200,38,,,1,200,,170201,38,,,1,102,,170202,12,0,53 14 15 9,1
3300,'20260824',505,,170203,12,0,16 24 25,1,107,,170207,12,0,16 24 25,1,40,,170210,38,,,1,92,,170213,12,0,16 24 25,1,95,,170214,38,,,1,182,,170217,38,0,57 14 15 9,1,200,,170220,38,0,57 14 15 9,1,200,,170223,38,0,57 14 15 9,1,97,,170225,38,0,57 14 15 9,1,290,,170230,38,,,1,114,,170231,38,0,57 14 15 9,1,101,,170233,12,0,53 14 15 9,1,99,,170235,38,0,57 14 15 9,1,111,,170237,12,0,52 18 9,1
3300,'20260825',505,,170238,12,0,16 24 25,1,107,,170242,12,0,16 24 25,1,40,,170245,38,,,1,92,,170248,12,0,16 24 25,1,95,,170249,38,,,1,182,,170252,38,0,57 14 15 9,1,200,,170255,38,0,57 14 15 9,1,200,,170258,38,0,57 14 15 9,1,97,,170260,38,0,57 14 15 9,1,290,,170265,38,,,1,114,,170266,38,0,57 14 15 9,1,101,,170268,12,0,53 14 15 9,1,99,,170270,38,0,57 14 15 9,1,111,,170272,12,0,52 18 9,1
3300,'20260826',505,,170273,12,0,16 24 25,1,107,,170277,12,0,16 24 25,1,40,,170280,38,,,1,92,,170283,12,0,16 24 25,1,95,,170284,38,,,1,182,,170287,38,0,57 14 15 9,1,200,,170290,38,0,57 14 15 9,1,200,,170293,38,0,57 14 15 9,1,97,,170295,38,0,57 14 15 9,1,290,,170300,38,,,1,114,,170301,38,0,57 14 15 9,1,101,,170303,12,0,53 14 15 9,1,99,,170305,38,0,57 14 15 9,1,111,,170307,12,0,52 18 9,1
3300,'20260827',505,,170308,12,0,16 24 25,1,107,,170312,12,0,16 24 25,1,40,,170315,38,,,1,92,,170318,12,0,16 24 25,1,95,,170319,38,,,1,182,,170322,38,0,57 14 15 9,1,200,,170325,38,0,57 14 15 9,1,200,,170328,38,0,57 14 15 9,1,97,,170330,38,0,57 14 15 9,1,290,,170335,38,,,1,114,,170336,38,0,57 14 15 9,1,101,,170338,12,0,53 14 15 9,1,99,,170340,38,0,57 14 15 9,1,111,,170342,12,0,52 18 9,1
3300,'20260828',505,,170343,12,0,16 24 25,1,107,,170347,12,0,16 24 25,1,40,,170350,38,,,1,92,,170353,12,0,16 24 25,1,95,,170354,38,,,1,182,,170357,38,0,57 14 15 9,1,200,,170360,38,0,57 14 15 9,1,200,,170363,38,0,57 14 15 9,1,97,,170365,38,0,57 14 15 9,1,290,,170370,38,,,1,114,,170371,38,0,57 14 15 9,1,101,,170373,12,0,53 14 15 9,1,99,,170375,38,0,57 14 15 9,1,111,,170377,12,0,52 18 9,1
3300,'20260829',724,,170378,38,,,1,198,,170379,38,,,1,98,,170380,38,0,57 14 15 9,1,100,,170381,38,,,1,200,,170382,38,,,1,200,,170383,38,,,1,200,,170384,38,,,1,102,,170385,12,0,53 14 15 9,1,102,,170386,38,,,1,200,,170387,38,,,1,102,,170388,12,0,53 14 15 9,1
3300,'20260830',724,,170389,38,,,1,198,,170390,38,,,1,98,,170391,38,0,57 14 15 9,1,100,,170392,38,,,1,200,,170393,38,,,1,200,,170394,38,,,1,200,,170395,38,,,1,102,,170396,12,0,53 14 15 9,1,102,,170397,38,,,1,200,,170398,38,,,1,102,,170399,12,0,53 14 15 9,1
3300,'20260831',505,,170400,12,0,16 24 25,1,107,,170404,12,0,16 24 25,1,40,,170407,38,,,1,92,,170410,12,0,16 24 25,1,95,,170411,38,,,1,182,,170414,38,0,57 14 15 9,1,200,,170417,38,0,57 14 15 9,1,200,,170420,38,0,57 14 15 9,1,97,,170422,38,0,57 14 15 9,1,290,,170427,38,,,1,114,,170428,38,0,57 14 15 9,1,101,,170430,12,0,53 14 15 9,1,99,,170432,38,0,57 14 15 9,1,111,,170434,12,0,52 18 9,1
3300,'20260901',505,,170435,12,0,16 24 25,1,107,,170439,12,0,16 24 25,1,40,,170442,38,,,1,92,,170445,12,0,16 24 25,1,95,,170446,38,,,1,182,,170449,38,0,57 14 15 9,1,200,,170452,38,0,57 14 15 9,1,200,,170455,38,0,57 14 15 9,1,97,,170457,38,0,57 14 15 9,1,290,,170462,38,,,1,114,,170463,38,0,57 14 15 9,1,101,,170465,12,0,53 14 15 9,1,99,,170467,38,0,57 14 15 9,1,111,,170469,12,0,52 18 9,1
3300,'20260902',505,,170470,12,0,16 24 25,1,107,,170474,12,0,16 24 25,1,40,,170477,38,,,1,92,,170480,12,0,16 24 25,1,95,,170481,38,,,1,182,,170484,38,0,57 14 15 9,1,200,,170487,38,0,57 14 15 9,1,200,,170490,38,0,57 14 15 9,1,97,,170492,38,0,57 14 15 9,1,290,,170497,38,,,1,114,,170498,38,0,57 14 15 9,1,101,,170500,12,0,53 14 15 9,1,99,,170502,38,0,57 14 15 9,1,111,,170504,12,0,52 18 9,1
3300,'20260903',505,,170505,12,0,16 24 25,1,107,,170509,12,0,16 24 25,1,40,,170512,38,,,1,92,,170515,12,0,16 24 25,1,95,,170516,38,,,1,182,,170519,38,0,57 14 15 9,1,200,,170522,38,0,57 14 15 9,1,200,,170525,38,0,57 14 15 9,1,97,,170527,38,0,57 14 15 9,1,290,,170532,38,,,1,114,,170533,38,0,57 14 15 9,1,101,,170535,12,0,53 14 15 9,1,99,,170537,38,0,57 14 15 9,1,111,,170539,12,0,52 18 9,1
3300,'20260904',505,,170540,12,0,16 24 25,1,107,,170544,12,0,16 24 25,1,40,,170547,38,,,1,92,,170550,12,0,16 24 25,1,95,,170551,38,,,1,182,,170554,38,0,57 14 15 9,1,200,,170557,38,0,57 14 15 9,1,200,,170560,38,0,57 14 15 9,1,97,,170562,38,0,57 14 15 9,1,290,,170567,38,,,1,114,,170568,38,0,57 14 15 9,1,101,,170570,12,0,53 14 15 9,1,99,,170572,38,0,57 14 15 9,1,111,,170574,12,0,52 18 9,1
