7001,'20260707',633,,206466,7,0,5 32 33 9,1,203,,206467,7,0,5 32 33 9,1,195,,206468,7,0,34 14 36 9,1,200,,206469,7,0,34 14 36 9,1,200,,206470,7,0,34 14 36 9,1,177,,206471,7,,,1,223,,206472,7,0,34 14 36 9,1,203,,206473,7,0,34 14 36 9,1
7001,'20260708',633,,206474,7,0,5 32 33 9,1,203,,206475,7,0,5 32 33 9,1,195,,206476,7,0,34 14 36 9,1,200,,206477,7,0,34 14 36 9,1,200,,206478,7,0,34 14 36 9,1,177,,206479,7,,,1,223,,206480,7,0,34 14 36 9,1,203,,206481,7,0,34 14 36 9,1
7001,'20260709',633,,206482,7,0,5 32 33 9,1,203,,206483,7,0,5 32 33 9,1,195,,206484,7,0,34 14 36 9,1,200,,206485,7,0,34 14 36 9,1,200,,206486,7,0,34 14 36 9,1,177,,206487,7,,,1,223,,206488,7,0,34 14 36 9,1,203,,206489,7,0,34 14 36 9,1
7001,'20260710',633,,206490,7,0,5 32 33 9,1,203,,206491,7,0,5 32 33 9,1,195,,206492,7,0,34 14 36 9,1,200,,206493,7,0,34 14 36 9,1,200,,206494,7,0,34 14 36 9,1,177,,206495,7,,,1,223,,206496,7,0,34 14 36 9,1,203,,206497,7,0,34 14 36 9,1
7001,'20260711',737,,206498,7,0,5 32 33 9,1,194,,206499,7,0,34 14 36 9,1,200,,206500,7,0,34 14 36 9,1,200,,206501,7,0,34 14 36 9,1,200,,206502,7,0,34 14 36 9,1,200,,206503,7,0,34 14 36 9,1,203,,206504,7,0,34 14 36 9,1
7001,'20260712',737,,206505,7,0,5 32 33 9,1,194,,206506,7,0,34 14 36 9,1,200,,206507,7,0,34 14 36 9,1,200,,206508,7,0,34 14 36 9,1,200,,206509,7,0,34 14 36 9,1,200,,206510,7,0,34 14 36 9,1,203,,206511,7,0,34 14 36 9,1
7001,'20260713',633,,206512,7,0,5 32 33 9,1,203,,206513,7,0,5 32 33 9,1,195,,206514,7,0,34 14 36 9,1,200,,206515,7,0,34 14 36 9,1,200,,206516,7,0,34 14 36 9,1,177,,206517,7,,,1,223,,206518,7,0,34 14 36 9,1,203,,206519,7,0,34 14 36 9,1
7001,'20260714',633,,206520,7,0,5 32 33 9,1,203,,206521,7,0,5 32 33 9,1,195,,206522,7,0,34 14 36 9,1,200,,206523,7,0,34 14 36 9,1,200,,206524,7,0,34 14 36 9,1,177,,206525,7,,,1,223,,206526,7,0,34 14 36 9,1,203,,206527,7,0,34 14 36 9,1
7001,'20260715',633,,206528,7,0,5 32 33 9,1,203,,206529,7,0,5 32 33 9,1,195,,206530,7,0,34 14 36 9,1,200,,206531,7,0,34 14 36 9,1,200,,206532,7,0,34 14 36 9,1,177,,206533,7,,,1,223,,206534,7,0,34 14 36 9,1,203,,206535,7,0,34 14 36 9,1
7001,'20260716',633,,206536,7,0,5 32 33 9,1,203,,206537,7,0,5 32 33 9,1,195,,206538,7,0,34 14 36 9,1,200,,206539,7,0,34 14 36 9,1,200,,206540,7,0,34 14 36 9,1,177,,206541,7,,,1,223,,206542,7,0,34 14 36 9,1,203,,206543,7,0,34 14 36 9,1
7001,'20260717',633,,206544,7,0,5 32 33 9,1,203,,206545,7,0,5 32 33 9,1,195,,206546,7,0,34 14 36 9,1,200,,206547,7,0,34 14 36 9,1,200,,206548,7,0,34 14 36 9,1,177,,206549,7,,,1,223,,206550,7,0,34 14 36 9,1,203,,206551,7,0,34 14 36 9,1
7001,'20260718',737,,206552,7,0,5 32 33 9,1,194,,206553,7,0,34 14 36 9,1,200,,206554,7,0,34 14 36 9,1,200,,206555,7,0,34 14 36 9,1,200,,206556,7,0,34 14 36 9,1,200,,206557,7,0,34 14 36 9,1,203,,206558,7,0,34 14 36 9,1
7001,'20260719',737,,206559,7,0,5 32 33 9,1,194,,206560,7,0,34 14 36 9,1,200,,206561,7,0,34 14 36 9,1,200,,206562,7,0,34 14 36 9,1,200,,206563,7,0,34 14 36 9,1,200,,206564,7,0,34 14 36 9,1,203,,206565,7,0,34 14 36 9,1
7001,'20260720',633,,206566,7,0,5 32 33 9,1,203,,206567,7,0,5 32 33 9,1,195,,206568,7,0,34 14 36 9,1,200,,206569,7,0,34 14 36 9,1,200,,206570,7,0,34 14 36 9,1,177,,206571,7,,,1,223,,206572,7,0,34 14 36 9,1,203,,206573,7,0,34 14 36 9,1
7001,'20260721',633,,206574,7,0,5 32 33 9,1,203,,206575,7,0,5 32 33 9,1,195,,206576,7,0,34 14 36 9,1,200,,206577,7,0,34 14 36 9,1,200,,206578,7,0,34 14 36 9,1,177,,206579,7,,,1,223,,206580,7,0,34 14 36 9,1,203,,206581,7,0,34 14 36 9,1
7001,'20260722',633,,206582,7,0,5 32 33 9,1,203,,206583,7,0,5 32 33 9,1,195,,206584,7,0,34 14 36 9,1,200,,206585,7,0,34 14 36 9,1,200,,206586,7,0,34 14 36 9,1,177,,206587,7,,,1,223,,206588,7,0,34 14 36 9,1,203,,206589,7,0,34 14 36 9,1
7001,'20260723',633,,206590,7,0,5 32 33 9,1,203,,206591,7,0,5 32 33 9,1,195,,206592,7,0,34 14 36 9,1,200,,206593,7,0,34 14 36 9,1,200,,206594,7,0,34 14 36 9,1,177,,206595,7,,,1,223,,206596,7,0,34 14 36 9,1,203,,206597,7,0,34 14 36 9,1
7001,'20260724',633,,206598,7,0,5 32 33 9,1,203,,206599,7,0,5 32 33 9,1,195,,206600,7,0,34 14 36 9,1,200,,206601,7,0,34 14 36 9,1,200,,206602,7,0,34 14 36 9,1,177,,206603,7,,,1,223,,206604,7,0,34 14 36 9,1,203,,206605,7,0,34 14 36 9,1
7001,'20260725',737,,206606,7,0,5 32 33 9,1,194,,206607,7,0,34 14 36 9,1,200,,206608,7,0,34 14 36 9,1,200,,206609,7,0,34 14 36 9,1,200,,206610,7,0,34 14 36 9,1,200,,206611,7,0,34 14 36 9,1,203,,206612,7,0,34 14 36 9,1
7001,'20260726',737,,206613,7,0,5 32 33 9,1,194,,206614,7,0,34 14 36 9,1,200,,206615,7,0,34 14 36 9,1,200,,206616,7,0,34 14 36 9,1,200,,206617,7,0,34 14 36 9,1,200,,206618,7,0,34 14 36 9,1,203,,206619,7,0,34 14 36 9,1
7001,'20260727',633,,206620,7,0,5 32 33 9,1,203,,206621,7,0,5 32 33 9,1,195,,206622,7,0,34 14 36 9,1,200,,206623,7,0,34 14 36 9,1,200,,206624,7,0,34 14 36 9,1,177,,206625,7,,,1,223,,206626,7,0,34 14 36 9,1,203,,206627,7,0,34 14 36 9,1
7001,'20260728',633,,206628,7,0,5 32 33 9,1,203,,206629,7,0,5 32 33 9,1,195,,206630,7,0,34 14 36 9,1,200,,206631,7,0,34 14 36 9,1,200,,206632,7,0,34 14 36 9,1,177,,206633,7,,,1,223,,206634,7,0,34 14 36 9,1,203,,206635,7,0,34 14 36 9,1
7001,'20260729',633,,206636,7,0,5 32 33 9,1,203,,206637,7,0,5 32 33 9,1,195,,206638,7,0,34 14 36 9,1,200,,206639,7,0,34 14 36 9,1,200,,206640,7,0,34 14 36 9,1,177,,206641,7,,,1,223,,206642,7,0,34 14 36 9,1,203,,206643,7,0,34 14 36 9,1
7001,'20260730',633,,206644,7,0,5 32 33 9,1,203,,206645,7,0,5 32 33 9,1,195,,206646,7,0,34 14 36 9,1,200,,206647,7,0,34 14 36 9,1,200,,206648,7,0,34 14 36 9,1,177,,206649,7,,,1,223,,206650,7,0,34 14 36 9,1,203,,206651,7,0,34 14 36 9,1
7001,'20260731',633,,206652,7,0,5 32 33 9,1,203,,206653,7,0,5 32 33 9,1,195,,206654,7,0,34 14 36 9,1,200,,206655,7,0,34 14 36 9,1,200,,206656,7,0,34 14 36 9,1,177,,206657,7,,,1,223,,206658,7,0,34 14 36 9,1,203,,206659,7,0,34 14 36 9,1
7001,'20260801',737,,206660,7,0,5 32 33 9,1,194,,206661,7,0,34 14 36 9,1,200,,206662,7,0,34 14 36 9,1,200,,206663,7,0,34 14 36 9,1,200,,206664,7,0,34 14 36 9,1,200,,206665,7,0,34 14 36 9,1,203,,206666,7,0,34 14 36 9,1
7001,'20260802',737,,206667,7,0,5 32 33 9,1,194,,206668,7,0,34 14 36 9,1,200,,206669,7,0,34 14 36 9,1,200,,206670,7,0,34 14 36 9,1,200,,206671,7,0,34 14 36 9,1,200,,206672,7,0,34 14 36 9,1,203,,206673,7,0,34 14 36 9,1
7001,'20260803',737,,206674,7,0,5 32 33 9,1,194,,206675,7,0,34 14 36 9,1,200,,206676,7,0,34 14 36 9,1,200,,206677,7,0,34 14 36 9,1,200,,206678,7,0,34 14 36 9,1,200,,206679,7,0,34 14 36 9,1,203,,206680,7,0,34 14 36 9,1
7001,'20260804',633,,206681,7,0,5 32 33 9,1,203,,206682,7,0,5 32 33 9,1,195,,206683,7,0,34 14 36 9,1,200,,206684,7,0,34 14 36 9,1,200,,206685,7,0,34 14 36 9,1,177,,206686,7,,,1,223,,206687,7,0,34 14 36 9,1,203,,206688,7,0,34 14 36 9,1
7001,'20260805',633,,206689,7,0,5 32 33 9,1,203,,206690,7,0,5 32 33 9,1,195,,206691,7,0,34 14 36 9,1,200,,206692,7,0,34 14 36 9,1,200,,206693,7,0,34 14 36 9,1,177,,206694,7,,,1,223,,206695,7,0,34 14 36 9,1,203,,206696,7,0,34 14 36 9,1
7001,'20260806',633,,206697,7,0,5 32 33 9,1,203,,206698,7,0,5 32 33 9,1,195,,206699,7,0,34 14 36 9,1,200,,206700,7,0,34 14 36 9,1,200,,206701,7,0,34 14 36 9,1,177,,206702,7,,,1,223,,206703,7,0,34 14 36 9,1,203,,206704,7,0,34 14 36 9,1
7001,'20260807',633,,206705,7,0,5 32 33 9,1,203,,206706,7,0,5 32 33 9,1,195,,206707,7,0,34 14 36 9,1,200,,206708,7,0,34 14 36 9,1,200,,206709,7,0,34 14 36 9,1,177,,206710,7,,,1,223,,206711,7,0,34 14 36 9,1,203,,206712,7,0,34 14 36 9,1
7001,'20260808',737,,206713,7,0,5 32 33 9,1,194,,206714,7,0,34 14 36 9,1,200,,206715,7,0,34 14 36 9,1,200,,206716,7,0,34 14 36 9,1,200,,206717,7,0,34 14 36 9,1,200,,206718,7,0,34 14 36 9,1,203,,206719,7,0,34 14 36 9,1
7001,'20260809',737,,206720,7,0,5 32 33 9,1,194,,206721,7,0,34 14 36 9,1,200,,206722,7,0,34 14 36 9,1,200,,206723,7,0,34 14 36 9,1,200,,206724,7,0,34 14 36 9,1,200,,206725,7,0,34 14 36 9,1,203,,206726,7,0,34 14 36 9,1
7001,'20260810',633,,206727,7,0,5 32 33 9,1,203,,206728,7,0,5 32 33 9,1,195,,206729,7,0,34 14 36 9,1,200,,206730,7,0,34 14 36 9,1,200,,206731,7,0,34 14 36 9,1,177,,206732,7,,,1,223,,206733,7,0,34 14 36 9,1,203,,206734,7,0,34 14 36 9,1
7001,'20260811',633,,206735,7,0,5 32 33 9,1,203,,206736,7,0,5 32 33 9,1,195,,206737,7,0,34 14 36 9,1,200,,206738,7,0,34 14 36 9,1,200,,206739,7,0,34 14 36 9,1,177,,206740,7,,,1,223,,206741,7,0,34 14 36 9,1,203,,206742,7,0,34 14 36 9,1
7001,'20260812',633,,206743,7,0,5 32 33 9,1,203,,206744,7,0,5 32 33 9,1,195,,206745,7,0,34 14 36 9,1,200,,206746,7,0,34 14 36 9,1,200,,206747,7,0,34 14 36 9,1,177,,206748,7,,,1,223,,206749,7,0,34 14 36 9,1,203,,206750,7,0,34 14 36 9,1
7001,'20260813',633,,206751,7,0,5 32 33 9,1,203,,206752,7,0,5 32 33 9,1,195,,206753,7,0,34 14 36 9,1,200,,206754,7,0,34 14 36 9,1,200,,206755,7,0,34 14 36 9,1,177,,206756,7,,,1,223,,206757,7,0,34 14 36 9,1,203,,206758,7,0,34 14 36 9,1
7001,'20260814',633,,206759,7,0,5 32 33 9,1,203,,206760,7,0,5 32 33 9,1,195,,206761,7,0,34 14 36 9,1,200,,206762,7,0,34 14 36 9,1,200,,206763,7,0,34 14 36 9,1,177,,206764,7,,,1,223,,206765,7,0,34 14 36 9,1,203,,206766,7,0,34 14 36 9,1
7001,'20260815',737,,206767,7,0,5 32 33 9,1,194,,206768,7,0,34 14 36 9,1,200,,206769,7,0,34 14 36 9,1,200,,206770,7,0,34 14 36 9,1,200,,206771,7,0,34 14 36 9,1,200,,206772,7,0,34 14 36 9,1,203,,206773,7,0,34 14 36 9,1
7001,'20260816',737,,206774,7,0,5 32 33 9,1,194,,206775,7,0,34 14 36 9,1,200,,206776,7,0,34 14 36 9,1,200,,206777,7,0,34 14 36 9,1,200,,206778,7,0,34 14 36 9,1,200,,206779,7,0,34 14 36 9,1,203,,206780,7,0,34 14 36 9,1
7001,'20260817',633,,206781,7,0,5 32 33 9,1,203,,206782,7,0,5 32 33 9,1,195,,206783,7,0,34 14 36 9,1,200,,206784,7,0,34 14 36 9,1,200,,206785,7,0,34 14 36 9,1,177,,206786,7,,,1,223,,206787,7,0,34 14 36 9,1,203,,206788,7,0,34 14 36 9,1
7001,'20260818',633,,206789,7,0,5 32 33 9,1,203,,206790,7,0,5 32 33 9,1,195,,206791,7,0,34 14 36 9,1,200,,206792,7,0,34 14 36 9,1,200,,206793,7,0,34 14 36 9,1,177,,206794,7,,,1,223,,206795,7,0,34 14 36 9,1,203,,206796,7,0,34 14 36 9,1
7001,'20260819',633,,206797,7,0,5 32 33 9,1,203,,206798,7,0,5 32 33 9,1,195,,206799,7,0,34 14 36 9,1,200,,206800,7,0,34 14 36 9,1,200,,206801,7,0,34 14 36 9,1,177,,206802,7,,,1,223,,206803,7,0,34 14 36 9,1,203,,206804,7,0,34 14 36 9,1
7001,'20260820',633,,206805,7,0,5 32 33 9,1,203,,206806,7,0,5 32 33 9,1,195,,206807,7,0,34 14 36 9,1,200,,206808,7,0,34 14 36 9,1,200,,206809,7,0,34 14 36 9,1,177,,206810,7,,,1,223,,206811,7,0,34 14 36 9,1,203,,206812,7,0,34 14 36 9,1
7001,'20260821',633,,206813,7,0,5 32 33 9,1,203,,206814,7,0,5 32 33 9,1,195,,206815,7,0,34 14 36 9,1,200,,206816,7,0,34 14 36 9,1,200,,206817,7,0,34 14 36 9,1,177,,206818,7,,,1,223,,206819,7,0,34 14 36 9,1,203,,206820,7,0,34 14 36 9,1
7001,'20260822',737,,206821,7,0,5 32 33 9,1,194,,206822,7,0,34 14 36 9,1,200,,206823,7,0,34 14 36 9,1,200,,206824,7,0,34 14 36 9,1,200,,206825,7,0,34 14 36 9,1,200,,206826,7,0,34 14 36 9,1,203,,206827,7,0,34 14 36 9,1
7001,'20260823',737,,206828,7,0,5 32 33 9,1,194,,206829,7,0,34 14 36 9,1,200,,206830,7,0,34 14 36 9,1,200,,206831,7,0,34 14 36 9,1,200,,206832,7,0,34 14 36 9,1,200,,206833,7,0,34 14 36 9,1,203,,206834,7,0,34 14 36 9,1
7001,'20260824',633,,206835,7,0,5 32 33 9,1,203,,206836,7,0,5 32 33 9,1,195,,206837,7,0,34 14 36 9,1,200,,206838,7,0,34 14 36 9,1,200,,206839,7,0,34 14 36 9,1,177,,206840,7,,,1,223,,206841,7,0,34 14 36 9,1,203,,206842,7,0,34 14 36 9,1
7001,'20260825',633,,206843,7,0,5 32 33 9,1,203,,206844,7,0,5 32 33 9,1,195,,206845,7,0,34 14 36 9,1,200,,206846,7,0,34 14 36 9,1,200,,206847,7,0,34 14 36 9,1,177,,206848,7,,,1,223,,206849,7,0,34 14 36 9,1,203,,206850,7,0,34 14 36 9,1
7001,'20260826',633,,206851,7,0,5 32 33 9,1,203,,206852,7,0,5 32 33 9,1,195,,206853,7,0,34 14 36 9,1,200,,206854,7,0,34 14 36 9,1,200,,206855,7,0,34 14 36 9,1,177,,206856,7,,,1,223,,206857,7,0,34 14 36 9,1,203,,206858,7,0,34 14 36 9,1
7001,'20260827',633,,206859,7,0,5 32 33 9,1,203,,206860,7,0,5 32 33 9,1,195,,206861,7,0,34 14 36 9,1,200,,206862,7,0,34 14 36 9,1,200,,206863,7,0,34 14 36 9,1,177,,206864,7,,,1,223,,206865,7,0,34 14 36 9,1,203,,206866,7,0,34 14 36 9,1
7001,'20260828',633,,206867,7,0,5 32 33 9,1,203,,206868,7,0,5 32 33 9,1,195,,206869,7,0,34 14 36 9,1,200,,206870,7,0,34 14 36 9,1,200,,206871,7,0,34 14 36 9,1,177,,206872,7,,,1,223,,206873,7,0,34 14 36 9,1,203,,206874,7,0,34 14 36 9,1
7001,'20260829',737,,206875,7,0,5 32 33 9,1,194,,206876,7,0,34 14 36 9,1,200,,206877,7,0,34 14 36 9,1,200,,206878,7,0,34 14 36 9,1,200,,206879,7,0,34 14 36 9,1,200,,206880,7,0,34 14 36 9,1,203,,206881,7,0,34 14 36 9,1
7001,'20260830',737,,206882,7,0,5 32 33 9,1,194,,206883,7,0,34 14 36 9,1,200,,206884,7,0,34 14 36 9,1,200,,206885,7,0,34 14 36 9,1,200,,206886,7,0,34 14 36 9,1,200,,206887,7,0,34 14 36 9,1,203,,206888,7,0,34 14 36 9,1
7001,'20260831',633,,206889,7,0,5 32 33 9,1,203,,206890,7,0,5 32 33 9,1,195,,206891,7,0,34 14 36 9,1,200,,206892,7,0,34 14 36 9,1,200,,206893,7,0,34 14 36 9,1,177,,206894,7,,,1,223,,206895,7,0,34 14 36 9,1,203,,206896,7,0,34 14 36 9,1
7001,'20260901',633,,206897,7,0,5 32 33 9,1,203,,206898,7,0,5 32 33 9,1,195,,206899,7,0,34 14 36 9,1,200,,206900,7,0,34 14 36 9,1,200,,206901,7,0,34 14 36 9,1,177,,206902,7,,,1,223,,206903,7,0,34 14 36 9,1,203,,206904,7,0,34 14 36 9,1
7001,'20260902',633,,206905,7,0,5 32 33 9,1,203,,206906,7,0,5 32 33 9,1,195,,206907,7,0,34 14 36 9,1,200,,206908,7,0,34 14 36 9,1,200,,206909,7,0,34 14 36 9,1,177,,206910,7,,,1,223,,206911,7,0,34 14 36 9,1,203,,206912,7,0,34 14 36 9,1
7001,'20260903',633,,206913,7,0,5 32 33 9,1,203,,206914,7,0,5 32 33 9,1,195,,206915,7,0,34 14 36 9,1,200,,206916,7,0,34 14 36 9,1,200,,206917,7,0,34 14 36 9,1,177,,206918,7,,,1,223,,206919,7,0,34 14 36 9,1,203,,206920,7,0,34 14 36 9,1
7001,'20260904',633,,206921,7,0,5 32 33 9,1,203,,206922,7,0,5 32 33 9,1,195,,206923,7,0,34 14 36 9,1,200,,206924,7,0,34 14 36 9,1,200,,206925,7,0,34 14 36 9,1,177,,206926,7,,,1,223,,206927,7,0,34 14 36 9,1,203,,206928,7,0,34 14 36 9,1
7101,'20260707',423,,207391,7,,,1,1325,,207394,7,,,1,500,,207395,7,,,1
7101,'20260708',423,,207397,7,,,1,1325,,207400,7,,,1,500,,207401,7,,,1
7101,'20260709',423,,207403,7,,,1,1325,,207406,7,,,1,500,,207407,7,,,1
7101,'20260710',423,,207409,7,,,1,1325,,207412,7,,,1,500,,207413,7,,,1
7101,'20260711',548,,207415,7,,,1,1585,,207416,7,,,1
7101,'20260712',548,,207419,7,,,1,1585,,207420,7,,,1
7101,'20260713',423,,207423,7,,,1,1325,,207426,7,,,1,500,,207427,7,,,1
7101,'20260714',423,,207429,7,,,1,1325,,207432,7,,,1,500,,207433,7,,,1
7101,'20260715',423,,207435,7,,,1,1325,,207438,7,,,1,500,,207439,7,,,1
7101,'20260716',423,,207441,7,,,1,1325,,207444,7,,,1,500,,207445,7,,,1
7101,'20260717',423,,207447,7,,,1,1325,,207450,7,,,1,500,,207451,7,,,1
7101,'20260718',548,,207453,7,,,1,1585,,207454,7,,,1
7101,'20260719',548,,207457,7,,,1,1585,,207458,7,,,1
7101,'20260720',423,,207461,7,,,1,1325,,207464,7,,,1,500,,207465,7,,,1
7101,'20260721',423,,207467,7,,,1,1325,,207470,7,,,1,500,,207471,7,,,1
7101,'20260722',423,,207473,7,,,1,1325,,207476,7,,,1,500,,207477,7,,,1
7101,'20260723',423,,207479,7,,,1,1325,,207482,7,,,1,500,,207483,7,,,1
7101,'20260724',423,,207485,7,,,1,1325,,207488,7,,,1,500,,207489,7,,,1
7101,'20260725',548,,207491,7,,,1,1585,,207492,7,,,1
7101,'20260726',548,,207495,7,,,1,1585,,207496,7,,,1
7101,'20260727',423,,207499,7,,,1,1325,,207502,7,,,1,500,,207503,7,,,1
7101,'20260728',423,,207505,7,,,1,1325,,207508,7,,,1,500,,207509,7,,,1
7101,'20260729',423,,207511,7,,,1,1325,,207514,7,,,1,500,,207515,7,,,1
7101,'20260730',423,,207517,7,,,1,1325,,207520,7,,,1,500,,207521,7,,,1
7101,'20260731',423,,207523,7,,,1,1325,,207526,7,,,1,500,,207527,7,,,1
7101,'20260801',548,,207529,7,,,1,1585,,207530,7,,,1
7101,'20260802',548,,207533,7,,,1,1585,,207534,7,,,1
7101,'20260803',548,,207537,7,,,1,1585,,207538,7,,,1
7101,'20260804',423,,207541,7,,,1,1325,,207544,7,,,1,500,,207545,7,,,1
7101,'20260805',423,,207547,7,,,1,1325,,207550,7,,,1,500,,207551,7,,,1
7101,'20260806',423,,207553,7,,,1,1325,,207556,7,,,1,500,,207557,7,,,1
7101,'20260807',423,,207559,7,,,1,1325,,207562,7,,,1,500,,207563,7,,,1
7101,'20260808',548,,207565,7,,,1,1585,,207566,7,,,1
7101,'20260809',548,,207569,7,,,1,1585,,207570,7,,,1
7101,'20260810',423,,207573,7,,,1,1325,,207576,7,,,1,500,,207577,7,,,1
7101,'20260811',423,,207579,7,,,1,1325,,207582,7,,,1,500,,207583,7,,,1
7101,'20260812',423,,207585,7,,,1,1325,,207588,7,,,1,500,,207589,7,,,1
7101,'20260813',423,,207591,7,,,1,1325,,207594,7,,,1,500,,207595,7,,,1
7101,'20260814',423,,207597,7,,,1,1325,,207600,7,,,1,500,,207601,7,,,1
7101,'20260815',548,,207603,7,,,1,1585,,207604,7,,,1
7101,'20260816',548,,207607,7,,,1,1585,,207608,7,,,1
7101,'20260817',423,,207611,7,,,1,1325,,207614,7,,,1,500,,207615,7,,,1
7101,'20260818',423,,207617,7,,,1,1325,,207620,7,,,1,500,,207621,7,,,1
7101,'20260819',423,,207623,7,,,1,1325,,207626,7,,,1,500,,207627,7,,,1
7101,'20260820',423,,207629,7,,,1,1325,,207632,7,,,1,500,,207633,7,,,1
7101,'20260821',423,,207635,7,,,1,1325,,207638,7,,,1,500,,207639,7,,,1
7101,'20260822',548,,207641,7,,,1,1585,,207642,7,,,1
7101,'20260823',548,,207645,7,,,1,1585,,207646,7,,,1
7101,'20260824',423,,207649,7,,,1,1325,,207652,7,,,1,500,,207653,7,,,1
7101,'20260825',423,,207655,7,,,1,1325,,207658,7,,,1,500,,207659,7,,,1
7101,'20260826',423,,207661,7,,,1,1325,,207664,7,,,1,500,,207665,7,,,1
7101,'20260827',423,,207667,7,,,1,1325,,207670,7,,,1,500,,207671,7,,,1
7101,'20260828',423,,207673,7,,,1,1325,,207676,7,,,1,500,,207677,7,,,1
7101,'20260829',548,,207679,7,,,1,1585,,207680,7,,,1
7101,'20260830',548,,207683,7,,,1,1585,,207684,7,,,1
7101,'20260831',423,,207687,7,,,1,1325,,207690,7,,,1,500,,207691,7,,,1
7101,'20260901',423,,207693,7,,,1,1325,,207696,7,,,1,500,,207697,7,,,1
7101,'20260902',423,,207699,7,,,1,1325,,207702,7,,,1,500,,207703,7,,,1
7101,'20260903',423,,207705,7,,,1,1325,,207708,7,,,1,500,,207709,7,,,1
7101,'20260904',423,,207711,7,,,1,1325,,207714,7,,,1,500,,207715,7,,,1
