1700,'20260330',704,,6339,12,,,1,110,,6340,12,,,1,100,,6341,12,,,1,95,,6342,12,,,1,101,,6343,12,,,1,102,,6344,12,,,1,200,,6345,12,,,1,102,,6346,12,,,1,102,,6347,12,,,1,100,,6348,12,,,1,101,,6349,12,,,1,96,,6350,12,,,1,103,,6351,12,,,1,187,,6352,12,,,1
1700,'20260331',704,,6353,12,,,1,110,,6354,12,,,1,100,,6355,12,,,1,95,,6356,12,,,1,101,,6357,12,,,1,102,,6358,12,,,1,200,,6359,12,,,1,102,,6360,12,,,1,102,,6361,12,,,1,100,,6362,12,,,1,101,,6363,12,,,1,96,,6364,12,,,1,103,,6365,12,,,1,187,,6366,12,,,1
1700,'20260401',704,,6367,12,,,1,110,,6368,12,,,1,100,,6369,12,,,1,95,,6370,12,,,1,101,,6371,12,,,1,102,,6372,12,,,1,200,,6373,12,,,1,102,,6374,12,,,1,102,,6375,12,,,1,100,,6376,12,,,1,101,,6377,12,,,1,96,,6378,12,,,1,103,,6379,12,,,1,187,,6380,12,,,1
1700,'20260402',704,,6381,12,,,1,110,,6382,12,,,1,100,,6383,12,,,1,95,,6384,12,,,1,101,,6385,12,,,1,102,,6386,12,,,1,200,,6387,12,,,1,102,,6388,12,,,1,102,,6389,12,,,1,100,,6390,12,,,1,101,,6391,12,,,1,96,,6392,12,,,1,103,,6393,12,,,1,187,,6394,12,,,1
1700,'20260406',704,,6395,12,,,1,110,,6396,12,,,1,100,,6397,12,,,1,95,,6398,12,,,1,101,,6399,12,,,1,102,,6400,12,,,1,200,,6401,12,,,1,102,,6402,12,,,1,102,,6403,12,,,1,100,,6404,12,,,1,101,,6405,12,,,1,96,,6406,12,,,1,103,,6407,12,,,1,187,,6408,12,,,1
1700,'20260407',704,,6409,12,,,1,110,,6410,12,,,1,100,,6411,12,,,1,95,,6412,12,,,1,101,,6413,12,,,1,102,,6414,12,,,1,200,,6415,12,,,1,102,,6416,12,,,1,102,,6417,12,,,1,100,,6418,12,,,1,101,,6419,12,,,1,96,,6420,12,,,1,103,,6421,12,,,1,187,,6422,12,,,1
1700,'20260408',704,,6423,12,,,1,110,,6424,12,,,1,100,,6425,12,,,1,95,,6426,12,,,1,101,,6427,12,,,1,102,,6428,12,,,1,200,,6429,12,,,1,102,,6430,12,,,1,102,,6431,12,,,1,100,,6432,12,,,1,101,,6433,12,,,1,96,,6434,12,,,1,103,,6435,12,,,1,187,,6436,12,,,1
1700,'20260409',704,,6437,12,,,1,110,,6438,12,,,1,100,,6439,12,,,1,95,,6440,12,,,1,101,,6441,12,,,1,102,,6442,12,,,1,200,,6443,12,,,1,102,,6444,12,,,1,102,,6445,12,,,1,100,,6446,12,,,1,101,,6447,12,,,1,96,,6448,12,,,1,103,,6449,12,,,1,187,,6450,12,,,1
1700,'20260410',704,,6451,12,,,1,110,,6452,12,,,1,100,,6453,12,,,1,95,,6454,12,,,1,101,,6455,12,,,1,102,,6456,12,,,1,200,,6457,12,,,1,102,,6458,12,,,1,102,,6459,12,,,1,100,,6460,12,,,1,101,,6461,12,,,1,96,,6462,12,,,1,103,,6463,12,,,1,187,,6464,12,,,1
1700,'20260413',704,,6465,12,,,1,110,,6466,12,,,1,100,,6467,12,,,1,95,,6468,12,,,1,101,,6469,12,,,1,102,,6470,12,,,1,200,,6471,12,,,1,102,,6472,12,,,1,102,,6473,12,,,1,100,,6474,12,,,1,101,,6475,12,,,1,96,,6476,12,,,1,103,,6477,12,,,1,187,,6478,12,,,1
1700,'20260414',704,,6479,12,,,1,110,,6480,12,,,1,100,,6481,12,,,1,95,,6482,12,,,1,101,,6483,12,,,1,102,,6484,12,,,1,200,,6485,12,,,1,102,,6486,12,,,1,102,,6487,12,,,1,100,,6488,12,,,1,101,,6489,12,,,1,96,,6490,12,,,1,103,,6491,12,,,1,187,,6492,12,,,1
1700,'20260415',704,,6493,12,,,1,110,,6494,12,,,1,100,,6495,12,,,1,95,,6496,12,,,1,101,,6497,12,,,1,102,,6498,12,,,1,200,,6499,12,,,1,102,,6500,12,,,1,102,,6501,12,,,1,100,,6502,12,,,1,101,,6503,12,,,1,96,,6504,12,,,1,103,,6505,12,,,1,187,,6506,12,,,1
1700,'20260416',704,,6507,12,,,1,110,,6508,12,,,1,100,,6509,12,,,1,95,,6510,12,,,1,101,,6511,12,,,1,102,,6512,12,,,1,200,,6513,12,,,1,102,,6514,12,,,1,102,,6515,12,,,1,100,,6516,12,,,1,101,,6517,12,,,1,96,,6518,12,,,1,103,,6519,12,,,1,187,,6520,12,,,1
1700,'20260417',704,,6521,12,,,1,110,,6522,12,,,1,100,,6523,12,,,1,95,,6524,12,,,1,101,,6525,12,,,1,102,,6526,12,,,1,200,,6527,12,,,1,102,,6528,12,,,1,102,,6529,12,,,1,100,,6530,12,,,1,101,,6531,12,,,1,96,,6532,12,,,1,103,,6533,12,,,1,187,,6534,12,,,1
1700,'20260420',704,,6535,12,,,1,110,,6536,12,,,1,100,,6537,12,,,1,95,,6538,12,,,1,101,,6539,12,,,1,102,,6540,12,,,1,200,,6541,12,,,1,102,,6542,12,,,1,102,,6543,12,,,1,100,,6544,12,,,1,101,,6545,12,,,1,96,,6546,12,,,1,103,,6547,12,,,1,187,,6548,12,,,1
1700,'20260421',704,,6549,12,,,1,110,,6550,12,,,1,100,,6551,12,,,1,95,,6552,12,,,1,101,,6553,12,,,1,102,,6554,12,,,1,200,,6555,12,,,1,102,,6556,12,,,1,102,,6557,12,,,1,100,,6558,12,,,1,101,,6559,12,,,1,96,,6560,12,,,1,103,,6561,12,,,1,187,,6562,12,,,1
1700,'20260422',704,,6563,12,,,1,110,,6564,12,,,1,100,,6565,12,,,1,95,,6566,12,,,1,101,,6567,12,,,1,102,,6568,12,,,1,200,,6569,12,,,1,102,,6570,12,,,1,102,,6571,12,,,1,100,,6572,12,,,1,101,,6573,12,,,1,96,,6574,12,,,1,103,,6575,12,,,1,187,,6576,12,,,1
1700,'20260423',704,,6577,12,,,1,110,,6578,12,,,1,100,,6579,12,,,1,95,,6580,12,,,1,101,,6581,12,,,1,102,,6582,12,,,1,200,,6583,12,,,1,102,,6584,12,,,1,102,,6585,12,,,1,100,,6586,12,,,1,101,,6587,12,,,1,96,,6588,12,,,1,103,,6589,12,,,1,187,,6590,12,,,1
1700,'20260424',704,,6591,12,,,1,110,,6592,12,,,1,100,,6593,12,,,1,95,,6594,12,,,1,101,,6595,12,,,1,102,,6596,12,,,1,200,,6597,12,,,1,102,,6598,12,,,1,102,,6599,12,,,1,100,,6600,12,,,1,101,,6601,12,,,1,96,,6602,12,,,1,103,,6603,12,,,1,187,,6604,12,,,1
2901,'20260330',731,,21687,6,0,7 43 44 47,1,10,,21688,9,0,47 92 9,1,10,,21689,6,0,7 43 44 47,1,50,,21690,9,0,47 92 9,1,30,,21691,6,0,7 43 44 47,1,10,,21692,9,0,47 92 9,1,15,,21693,6,0,7 43 44 47,1,85,,21694,9,0,47 92 9,1,15,,21695,6,0,7 43 44 47,1,85,,21696,9,0,47 92 9,1,15,,21697,6,0,7 43 44 47,1,85,,21698,9,0,47 92 9,1,100,,21699,9,0,47 92 9,1,105,,21700,9,0,47 92 9,1,100,,21701,9,0,47 92 9,1,100,,21702,9,0,47 92 9,1,105,,21703,9,0,47 92 9,1,100,,21704,9,0,47 92 9,1,100,,21705,9,0,47 92 9,1,160,,21706,9,0,47 92 9,1,200,,21707,9,0,47 92 9,1,300,,21708,9,0,47 92 9,1
2901,'20260331',731,,21709,6,0,7 43 44 47,1,10,,21710,9,0,47 92 9,1,10,,21711,6,0,7 43 44 47,1,50,,21712,9,0,47 92 9,1,30,,21713,6,0,7 43 44 47,1,10,,21714,9,0,47 92 9,1,15,,21715,6,0,7 43 44 47,1,85,,21716,9,0,47 92 9,1,15,,21717,6,0,7 43 44 47,1,85,,21718,9,0,47 92 9,1,15,,21719,6,0,7 43 44 47,1,85,,21720,9,0,47 92 9,1,100,,21721,9,0,47 92 9,1,105,,21722,9,0,47 92 9,1,100,,21723,9,0,47 92 9,1,100,,21724,9,0,47 92 9,1,105,,21725,9,0,47 92 9,1,100,,21726,9,0,47 92 9,1,100,,21727,9,0,47 92 9,1,160,,21728,9,0,47 92 9,1,200,,21729,9,0,47 92 9,1,300,,21730,9,0,47 92 9,1
2901,'20260401',731,,21731,6,0,7 43 44 47,1,10,,21732,9,0,47 92 9,1,10,,21733,6,0,7 43 44 47,1,50,,21734,9,0,47 92 9,1,30,,21735,6,0,7 43 44 47,1,10,,21736,9,0,47 92 9,1,15,,21737,6,0,7 43 44 47,1,85,,21738,9,0,47 92 9,1,15,,21739,6,0,7 43 44 47,1,85,,21740,9,0,47 92 9,1,15,,21741,6,0,7 43 44 47,1,85,,21742,9,0,47 92 9,1,100,,21743,9,0,47 92 9,1,105,,21744,9,0,47 92 9,1,100,,21745,9,0,47 92 9,1,100,,21746,9,0,47 92 9,1,105,,21747,9,0,47 92 9,1,100,,21748,9,0,47 92 9,1,100,,21749,9,0,47 92 9,1,160,,21750,9,0,47 92 9,1,200,,21751,9,0,47 92 9,1,300,,21752,9,0,47 92 9,1
2901,'20260402',731,,21753,6,0,7 43 44 47,1,10,,21754,9,0,47 92 9,1,10,,21755,6,0,7 43 44 47,1,50,,21756,9,0,47 92 9,1,30,,21757,6,0,7 43 44 47,1,10,,21758,9,0,47 92 9,1,15,,21759,6,0,7 43 44 47,1,85,,21760,9,0,47 92 9,1,15,,21761,6,0,7 43 44 47,1,85,,21762,9,0,47 92 9,1,15,,21763,6,0,7 43 44 47,1,85,,21764,9,0,47 92 9,1,100,,21765,9,0,47 92 9,1,105,,21766,9,0,47 92 9,1,100,,21767,9,0,47 92 9,1,100,,21768,9,0,47 92 9,1,105,,21769,9,0,47 92 9,1,100,,21770,9,0,47 92 9,1,100,,21771,9,0,47 92 9,1,160,,21772,9,0,47 92 9,1,200,,21773,9,0,47 92 9,1,300,,21774,9,0,47 92 9,1
2901,'20260403',916,,21775,9,0,47 92 9,1,100,,21776,9,0,47 92 9,1,100,,21777,9,0,47 92 9,1,100,,21778,9,0,47 92 9,1,100,,21779,9,0,47 92 9,1,100,,21780,9,0,47 92 9,1,100,,21781,9,0,47 92 9,1,100,,21782,9,0,47 92 9,1,100,,21783,9,0,47 92 9,1,100,,21784,9,0,47 92 9,1,100,,21785,9,0,47 92 9,1,100,,21786,9,0,47 92 9,1,100,,21787,9,0,47 92 9,1,100,,21788,9,0,47 92 9,1,100,,21789,9,0,47 92 9,1,200,,21790,9,0,47 92 9,1
2901,'20260404',916,,21791,9,0,47 92 9,1,100,,21792,9,0,47 92 9,1,100,,21793,9,0,47 92 9,1,100,,21794,9,0,47 92 9,1,100,,21795,9,0,47 92 9,1,100,,21796,9,0,47 92 9,1,100,,21797,9,0,47 92 9,1,100,,21798,9,0,47 92 9,1,100,,21799,9,0,47 92 9,1,100,,21800,9,0,47 92 9,1,100,,21801,9,0,47 92 9,1,100,,21802,9,0,47 92 9,1,100,,21803,9,0,47 92 9,1,100,,21804,9,0,47 92 9,1,100,,21805,9,0,47 92 9,1,200,,21806,9,0,47 92 9,1
2901,'20260405',916,,21807,9,0,47 92 9,1,100,,21808,9,0,47 92 9,1,100,,21809,9,0,47 92 9,1,100,,21810,9,0,47 92 9,1,100,,21811,9,0,47 92 9,1,100,,21812,9,0,47 92 9,1,100,,21813,9,0,47 92 9,1,100,,21814,9,0,47 92 9,1,100,,21815,9,0,47 92 9,1,100,,21816,9,0,47 92 9,1,100,,21817,9,0,47 92 9,1,100,,21818,9,0,47 92 9,1,100,,21819,9,0,47 92 9,1,100,,21820,9,0,47 92 9,1,100,,21821,9,0,47 92 9,1,200,,21822,9,0,47 92 9,1
2901,'20260406',731,,21823,6,0,7 43 44 47,1,10,,21824,9,0,47 92 9,1,10,,21825,6,0,7 43 44 47,1,50,,21826,9,0,47 92 9,1,30,,21827,6,0,7 43 44 47,1,10,,21828,9,0,47 92 9,1,15,,21829,6,0,7 43 44 47,1,85,,21830,9,0,47 92 9,1,15,,21831,6,0,7 43 44 47,1,85,,21832,9,0,47 92 9,1,15,,21833,6,0,7 43 44 47,1,85,,21834,9,0,47 92 9,1,100,,21835,9,0,47 92 9,1,105,,21836,9,0,47 92 9,1,100,,21837,9,0,47 92 9,1,100,,21838,9,0,47 92 9,1,105,,21839,9,0,47 92 9,1,100,,21840,9,0,47 92 9,1,100,,21841,9,0,47 92 9,1,160,,21842,9,0,47 92 9,1,200,,21843,9,0,47 92 9,1,300,,21844,9,0,47 92 9,1
2901,'20260407',731,,21845,6,0,7 43 44 47,1,10,,21846,9,0,47 92 9,1,10,,21847,6,0,7 43 44 47,1,50,,21848,9,0,47 92 9,1,30,,21849,6,0,7 43 44 47,1,10,,21850,9,0,47 92 9,1,15,,21851,6,0,7 43 44 47,1,85,,21852,9,0,47 92 9,1,15,,21853,6,0,7 43 44 47,1,85,,21854,9,0,47 92 9,1,15,,21855,6,0,7 43 44 47,1,85,,21856,9,0,47 92 9,1,100,,21857,9,0,47 92 9,1,105,,21858,9,0,47 92 9,1,100,,21859,9,0,47 92 9,1,100,,21860,9,0,47 92 9,1,105,,21861,9,0,47 92 9,1,100,,21862,9,0,47 92 9,1,100,,21863,9,0,47 92 9,1,160,,21864,9,0,47 92 9,1,200,,21865,9,0,47 92 9,1,300,,21866,9,0,47 92 9,1
2901,'20260408',731,,21867,6,0,7 43 44 47,1,10,,21868,9,0,47 92 9,1,10,,21869,6,0,7 43 44 47,1,50,,21870,9,0,47 92 9,1,30,,21871,6,0,7 43 44 47,1,10,,21872,9,0,47 92 9,1,15,,21873,6,0,7 43 44 47,1,85,,21874,9,0,47 92 9,1,15,,21875,6,0,7 43 44 47,1,85,,21876,9,0,47 92 9,1,15,,21877,6,0,7 43 44 47,1,85,,21878,9,0,47 92 9,1,100,,21879,9,0,47 92 9,1,105,,21880,9,0,47 92 9,1,100,,21881,9,0,47 92 9,1,100,,21882,9,0,47 92 9,1,105,,21883,9,0,47 92 9,1,100,,21884,9,0,47 92 9,1,100,,21885,9,0,47 92 9,1,160,,21886,9,0,47 92 9,1,200,,21887,9,0,47 92 9,1,300,,21888,9,0,47 92 9,1
2901,'20260409',731,,21889,6,0,7 43 44 47,1,10,,21890,9,0,47 92 9,1,10,,21891,6,0,7 43 44 47,1,50,,21892,9,0,47 92 9,1,30,,21893,6,0,7 43 44 47,1,10,,21894,9,0,47 92 9,1,15,,21895,6,0,7 43 44 47,1,85,,21896,9,0,47 92 9,1,15,,21897,6,0,7 43 44 47,1,85,,21898,9,0,47 92 9,1,15,,21899,6,0,7 43 44 47,1,85,,21900,9,0,47 92 9,1,100,,21901,9,0,47 92 9,1,105,,21902,9,0,47 92 9,1,100,,21903,9,0,47 92 9,1,100,,21904,9,0,47 92 9,1,105,,21905,9,0,47 92 9,1,100,,21906,9,0,47 92 9,1,100,,21907,9,0,47 92 9,1,160,,21908,9,0,47 92 9,1,200,,21909,9,0,47 92 9,1,300,,21910,9,0,47 92 9,1
2901,'20260410',731,,21911,6,0,7 43 44 47,1,10,,21912,9,0,47 92 9,1,10,,21913,6,0,7 43 44 47,1,50,,21914,9,0,47 92 9,1,30,,21915,6,0,7 43 44 47,1,10,,21916,9,0,47 92 9,1,15,,21917,6,0,7 43 44 47,1,85,,21918,9,0,47 92 9,1,15,,21919,6,0,7 43 44 47,1,85,,21920,9,0,47 92 9,1,15,,21921,6,0,7 43 44 47,1,85,,21922,9,0,47 92 9,1,100,,21923,9,0,47 92 9,1,105,,21924,9,0,47 92 9,1,100,,21925,9,0,47 92 9,1,100,,21926,9,0,47 92 9,1,105,,21927,9,0,47 92 9,1,100,,21928,9,0,47 92 9,1,100,,21929,9,0,47 92 9,1,160,,21930,9,0,47 92 9,1,200,,21931,9,0,47 92 9,1,300,,21932,9,0,47 92 9,1
2901,'20260411',916,,21933,9,0,47 92 9,1,100,,21934,9,0,47 92 9,1,100,,21935,9,0,47 92 9,1,100,,21936,9,0,47 92 9,1,100,,21937,9,0,47 92 9,1,100,,21938,9,0,47 92 9,1,100,,21939,9,0,47 92 9,1,100,,21940,9,0,47 92 9,1,100,,21941,9,0,47 92 9,1,100,,21942,9,0,47 92 9,1,100,,21943,9,0,47 92 9,1,100,,21944,9,0,47 92 9,1,100,,21945,9,0,47 92 9,1,100,,21946,9,0,47 92 9,1,100,,21947,9,0,47 92 9,1,200,,21948,9,0,47 92 9,1
2901,'20260412',916,,21949,9,0,47 92 9,1,100,,21950,9,0,47 92 9,1,100,,21951,9,0,47 92 9,1,100,,21952,9,0,47 92 9,1,100,,21953,9,0,47 92 9,1,100,,21954,9,0,47 92 9,1,100,,21955,9,0,47 92 9,1,100,,21956,9,0,47 92 9,1,100,,21957,9,0,47 92 9,1,100,,21958,9,0,47 92 9,1,100,,21959,9,0,47 92 9,1,100,,21960,9,0,47 92 9,1,100,,21961,9,0,47 92 9,1,100,,21962,9,0,47 92 9,1,100,,21963,9,0,47 92 9,1,200,,21964,9,0,47 92 9,1
2901,'20260413',731,,21965,6,0,7 43 44 47,1,10,,21966,9,0,47 92 9,1,10,,21967,6,0,7 43 44 47,1,50,,21968,9,0,47 92 9,1,30,,21969,6,0,7 43 44 47,1,10,,21970,9,0,47 92 9,1,15,,21971,6,0,7 43 44 47,1,85,,21972,9,0,47 92 9,1,15,,21973,6,0,7 43 44 47,1,85,,21974,9,0,47 92 9,1,15,,21975,6,0,7 43 44 47,1,85,,21976,9,0,47 92 9,1,100,,21977,9,0,47 92 9,1,105,,21978,9,0,47 92 9,1,100,,21979,9,0,47 92 9,1,100,,21980,9,0,47 92 9,1,105,,21981,9,0,47 92 9,1,100,,21982,9,0,47 92 9,1,100,,21983,9,0,47 92 9,1,160,,21984,9,0,47 92 9,1,200,,21985,9,0,47 92 9,1,300,,21986,9,0,47 92 9,1
2901,'20260414',731,,21987,6,0,7 43 44 47,1,10,,21988,9,0,47 92 9,1,10,,21989,6,0,7 43 44 47,1,50,,21990,9,0,47 92 9,1,30,,21991,6,0,7 43 44 47,1,10,,21992,9,0,47 92 9,1,15,,21993,6,0,7 43 44 47,1,85,,21994,9,0,47 92 9,1,15,,21995,6,0,7 43 44 47,1,85,,21996,9,0,47 92 9,1,15,,21997,6,0,7 43 44 47,1,85,,21998,9,0,47 92 9,1,100,,21999,9,0,47 92 9,1,105,,22000,9,0,47 92 9,1,100,,22001,9,0,47 92 9,1,100,,22002,9,0,47 92 9,1,105,,22003,9,0,47 92 9,1,100,,22004,9,0,47 92 9,1,100,,22005,9,0,47 92 9,1,160,,22006,9,0,47 92 9,1,200,,22007,9,0,47 92 9,1,300,,22008,9,0,47 92 9,1
2901,'20260415',731,,22009,6,0,7 43 44 47,1,10,,22010,9,0,47 92 9,1,10,,22011,6,0,7 43 44 47,1,50,,22012,9,0,47 92 9,1,30,,22013,6,0,7 43 44 47,1,10,,22014,9,0,47 92 9,1,15,,22015,6,0,7 43 44 47,1,85,,22016,9,0,47 92 9,1,15,,22017,6,0,7 43 44 47,1,85,,22018,9,0,47 92 9,1,15,,22019,6,0,7 43 44 47,1,85,,22020,9,0,47 92 9,1,100,,22021,9,0,47 92 9,1,105,,22022,9,0,47 92 9,1,100,,22023,9,0,47 92 9,1,100,,22024,9,0,47 92 9,1,105,,22025,9,0,47 92 9,1,100,,22026,9,0,47 92 9,1,100,,22027,9,0,47 92 9,1,160,,22028,9,0,47 92 9,1,200,,22029,9,0,47 92 9,1,300,,22030,9,0,47 92 9,1
2901,'20260416',731,,22031,6,0,7 43 44 47,1,10,,22032,9,0,47 92 9,1,10,,22033,6,0,7 43 44 47,1,50,,22034,9,0,47 92 9,1,30,,22035,6,0,7 43 44 47,1,10,,22036,9,0,47 92 9,1,15,,22037,6,0,7 43 44 47,1,85,,22038,9,0,47 92 9,1,15,,22039,6,0,7 43 44 47,1,85,,22040,9,0,47 92 9,1,15,,22041,6,0,7 43 44 47,1,85,,22042,9,0,47 92 9,1,100,,22043,9,0,47 92 9,1,105,,22044,9,0,47 92 9,1,100,,22045,9,0,47 92 9,1,100,,22046,9,0,47 92 9,1,105,,22047,9,0,47 92 9,1,100,,22048,9,0,47 92 9,1,100,,22049,9,0,47 92 9,1,160,,22050,9,0,47 92 9,1,200,,22051,9,0,47 92 9,1,300,,22052,9,0,47 92 9,1
2901,'20260417',731,,22053,6,0,7 43 44 47,1,10,,22054,9,0,47 92 9,1,10,,22055,6,0,7 43 44 47,1,50,,22056,9,0,47 92 9,1,30,,22057,6,0,7 43 44 47,1,10,,22058,9,0,47 92 9,1,15,,22059,6,0,7 43 44 47,1,85,,22060,9,0,47 92 9,1,15,,22061,6,0,7 43 44 47,1,85,,22062,9,0,47 92 9,1,15,,22063,6,0,7 43 44 47,1,85,,22064,9,0,47 92 9,1,100,,22065,9,0,47 92 9,1,105,,22066,9,0,47 92 9,1,100,,22067,9,0,47 92 9,1,100,,22068,9,0,47 92 9,1,105,,22069,9,0,47 92 9,1,100,,22070,9,0,47 92 9,1,100,,22071,9,0,47 92 9,1,160,,22072,9,0,47 92 9,1,200,,22073,9,0,47 92 9,1,300,,22074,9,0,47 92 9,1
2901,'20260418',916,,22075,9,0,47 92 9,1,100,,22076,9,0,47 92 9,1,100,,22077,9,0,47 92 9,1,100,,22078,9,0,47 92 9,1,100,,22079,9,0,47 92 9,1,100,,22080,9,0,47 92 9,1,100,,22081,9,0,47 92 9,1,100,,22082,9,0,47 92 9,1,100,,22083,9,0,47 92 9,1,100,,22084,9,0,47 92 9,1,100,,22085,9,0,47 92 9,1,100,,22086,9,0,47 92 9,1,100,,22087,9,0,47 92 9,1,100,,22088,9,0,47 92 9,1,100,,22089,9,0,47 92 9,1,200,,22090,9,0,47 92 9,1
2901,'20260419',916,,22091,9,0,47 92 9,1,100,,22092,9,0,47 92 9,1,100,,22093,9,0,47 92 9,1,100,,22094,9,0,47 92 9,1,100,,22095,9,0,47 92 9,1,100,,22096,9,0,47 92 9,1,100,,22097,9,0,47 92 9,1,100,,22098,9,0,47 92 9,1,100,,22099,9,0,47 92 9,1,100,,22100,9,0,47 92 9,1,100,,22101,9,0,47 92 9,1,100,,22102,9,0,47 92 9,1,100,,22103,9,0,47 92 9,1,100,,22104,9,0,47 92 9,1,100,,22105,9,0,47 92 9,1,200,,22106,9,0,47 92 9,1
2901,'20260420',731,,22107,6,0,7 43 44 47,1,10,,22108,9,0,47 92 9,1,10,,22109,6,0,7 43 44 47,1,50,,22110,9,0,47 92 9,1,30,,22111,6,0,7 43 44 47,1,10,,22112,9,0,47 92 9,1,15,,22113,6,0,7 43 44 47,1,85,,22114,9,0,47 92 9,1,15,,22115,6,0,7 43 44 47,1,85,,22116,9,0,47 92 9,1,15,,22117,6,0,7 43 44 47,1,85,,22118,9,0,47 92 9,1,100,,22119,9,0,47 92 9,1,105,,22120,9,0,47 92 9,1,100,,22121,9,0,47 92 9,1,100,,22122,9,0,47 92 9,1,105,,22123,9,0,47 92 9,1,100,,22124,9,0,47 92 9,1,100,,22125,9,0,47 92 9,1,160,,22126,9,0,47 92 9,1,200,,22127,9,0,47 92 9,1,300,,22128,9,0,47 92 9,1
2901,'20260421',731,,22129,6,0,7 43 44 47,1,10,,22130,9,0,47 92 9,1,10,,22131,6,0,7 43 44 47,1,50,,22132,9,0,47 92 9,1,30,,22133,6,0,7 43 44 47,1,10,,22134,9,0,47 92 9,1,15,,22135,6,0,7 43 44 47,1,85,,22136,9,0,47 92 9,1,15,,22137,6,0,7 43 44 47,1,85,,22138,9,0,47 92 9,1,15,,22139,6,0,7 43 44 47,1,85,,22140,9,0,47 92 9,1,100,,22141,9,0,47 92 9,1,105,,22142,9,0,47 92 9,1,100,,22143,9,0,47 92 9,1,100,,22144,9,0,47 92 9,1,105,,22145,9,0,47 92 9,1,100,,22146,9,0,47 92 9,1,100,,22147,9,0,47 92 9,1,160,,22148,9,0,47 92 9,1,200,,22149,9,0,47 92 9,1,300,,22150,9,0,47 92 9,1
2901,'20260422',731,,22151,6,0,7 43 44 47,1,10,,22152,9,0,47 92 9,1,10,,22153,6,0,7 43 44 47,1,50,,22154,9,0,47 92 9,1,30,,22155,6,0,7 43 44 47,1,10,,22156,9,0,47 92 9,1,15,,22157,6,0,7 43 44 47,1,85,,22158,9,0,47 92 9,1,15,,22159,6,0,7 43 44 47,1,85,,22160,9,0,47 92 9,1,15,,22161,6,0,7 43 44 47,1,85,,22162,9,0,47 92 9,1,100,,22163,9,0,47 92 9,1,105,,22164,9,0,47 92 9,1,100,,22165,9,0,47 92 9,1,100,,22166,9,0,47 92 9,1,105,,22167,9,0,47 92 9,1,100,,22168,9,0,47 92 9,1,100,,22169,9,0,47 92 9,1,160,,22170,9,0,47 92 9,1,200,,22171,9,0,47 92 9,1,300,,22172,9,0,47 92 9,1
2901,'20260423',731,,22173,6,0,7 43 44 47,1,10,,22174,9,0,47 92 9,1,10,,22175,6,0,7 43 44 47,1,50,,22176,9,0,47 92 9,1,30,,22177,6,0,7 43 44 47,1,10,,22178,9,0,47 92 9,1,15,,22179,6,0,7 43 44 47,1,85,,22180,9,0,47 92 9,1,15,,22181,6,0,7 43 44 47,1,85,,22182,9,0,47 92 9,1,15,,22183,6,0,7 43 44 47,1,85,,22184,9,0,47 92 9,1,100,,22185,9,0,47 92 9,1,105,,22186,9,0,47 92 9,1,100,,22187,9,0,47 92 9,1,100,,22188,9,0,47 92 9,1,105,,22189,9,0,47 92 9,1,100,,22190,9,0,47 92 9,1,100,,22191,9,0,47 92 9,1,160,,22192,9,0,47 92 9,1,200,,22193,9,0,47 92 9,1,300,,22194,9,0,47 92 9,1
2901,'20260424',731,,22195,6,0,7 43 44 47,1,10,,22196,9,0,47 92 9,1,10,,22197,6,0,7 43 44 47,1,50,,22198,9,0,47 92 9,1,30,,22199,6,0,7 43 44 47,1,10,,22200,9,0,47 92 9,1,15,,22201,6,0,7 43 44 47,1,85,,22202,9,0,47 92 9,1,15,,22203,6,0,7 43 44 47,1,85,,22204,9,0,47 92 9,1,15,,22205,6,0,7 43 44 47,1,85,,22206,9,0,47 92 9,1,100,,22207,9,0,47 92 9,1,105,,22208,9,0,47 92 9,1,100,,22209,9,0,47 92 9,1,100,,22210,9,0,47 92 9,1,105,,22211,9,0,47 92 9,1,100,,22212,9,0,47 92 9,1,100,,22213,9,0,47 92 9,1,160,,22214,9,0,47 92 9,1,200,,22215,9,0,47 92 9,1,300,,22216,9,0,47 92 9,1
4801,'20260330',714,,46147,23,,,1,105,,46148,23,,,1,105,,46149,23,,,1,97,,46150,23,,,1,95,,46151,23,,,1,200,,46152,23,,,1,205,,46153,23,,,1,108,,46154,23,,,1,100,,46155,23,,,1,105,,46156,23,,,1,90,,46157,23,,,1,92,,46158,23,,,1,100,,46159,23,,,1,95,,46160,23,,,1,195,,46161,23,,,1,200,,46162,23,,,1
4801,'20260331',714,,46163,23,,,1,105,,46164,23,,,1,105,,46165,23,,,1,97,,46166,23,,,1,95,,46167,23,,,1,200,,46168,23,,,1,205,,46169,23,,,1,108,,46170,23,,,1,100,,46171,23,,,1,105,,46172,23,,,1,90,,46173,23,,,1,92,,46174,23,,,1,100,,46175,23,,,1,95,,46176,23,,,1,195,,46177,23,,,1,200,,46178,23,,,1
4801,'20260401',714,,46179,23,,,1,105,,46180,23,,,1,105,,46181,23,,,1,97,,46182,23,,,1,95,,46183,23,,,1,200,,46184,23,,,1,205,,46185,23,,,1,108,,46186,23,,,1,100,,46187,23,,,1,105,,46188,23,,,1,90,,46189,23,,,1,92,,46190,23,,,1,100,,46191,23,,,1,95,,46192,23,,,1,195,,46193,23,,,1,200,,46194,23,,,1
4801,'20260402',714,,46195,23,,,1,105,,46196,23,,,1,105,,46197,23,,,1,97,,46198,23,,,1,95,,46199,23,,,1,200,,46200,23,,,1,205,,46201,23,,,1,108,,46202,23,,,1,100,,46203,23,,,1,105,,46204,23,,,1,90,,46205,23,,,1,92,,46206,23,,,1,100,,46207,23,,,1,95,,46208,23,,,1,195,,46209,23,,,1,200,,46210,23,,,1
4801,'20260406',714,,46211,23,,,1,105,,46212,23,,,1,105,,46213,23,,,1,97,,46214,23,,,1,95,,46215,23,,,1,200,,46216,23,,,1,205,,46217,23,,,1,108,,46218,23,,,1,100,,46219,23,,,1,105,,46220,23,,,1,90,,46221,23,,,1,92,,46222,23,,,1,100,,46223,23,,,1,95,,46224,23,,,1,195,,46225,23,,,1,200,,46226,23,,,1
4801,'20260407',714,,46227,23,,,1,105,,46228,23,,,1,105,,46229,23,,,1,97,,46230,23,,,1,95,,46231,23,,,1,200,,46232,23,,,1,205,,46233,23,,,1,108,,46234,23,,,1,100,,46235,23,,,1,105,,46236,23,,,1,90,,46237,23,,,1,92,,46238,23,,,1,100,,46239,23,,,1,95,,46240,23,,,1,195,,46241,23,,,1,200,,46242,23,,,1
4801,'20260408',714,,46243,23,,,1,105,,46244,23,,,1,105,,46245,23,,,1,97,,46246,23,,,1,95,,46247,23,,,1,200,,46248,23,,,1,205,,46249,23,,,1,108,,46250,23,,,1,100,,46251,23,,,1,105,,46252,23,,,1,90,,46253,23,,,1,92,,46254,23,,,1,100,,46255,23,,,1,95,,46256,23,,,1,195,,46257,23,,,1,200,,46258,23,,,1
4801,'20260409',714,,46259,23,,,1,105,,46260,23,,,1,105,,46261,23,,,1,97,,46262,23,,,1,95,,46263,23,,,1,200,,46264,23,,,1,205,,46265,23,,,1,108,,46266,23,,,1,100,,46267,23,,,1,105,,46268,23,,,1,90,,46269,23,,,1,92,,46270,23,,,1,100,,46271,23,,,1,95,,46272,23,,,1,195,,46273,23,,,1,200,,46274,23,,,1
4801,'20260410',714,,46275,23,,,1,105,,46276,23,,,1,105,,46277,23,,,1,97,,46278,23,,,1,95,,46279,23,,,1,200,,46280,23,,,1,205,,46281,23,,,1,108,,46282,23,,,1,100,,46283,23,,,1,105,,46284,23,,,1,90,,46285,23,,,1,92,,46286,23,,,1,100,,46287,23,,,1,95,,46288,23,,,1,195,,46289,23,,,1,200,,46290,23,,,1
4801,'20260413',714,,46291,23,,,1,105,,46292,23,,,1,105,,46293,23,,,1,97,,46294,23,,,1,95,,46295,23,,,1,200,,46296,23,,,1,205,,46297,23,,,1,108,,46298,23,,,1,100,,46299,23,,,1,105,,46300,23,,,1,90,,46301,23,,,1,92,,46302,23,,,1,100,,46303,23,,,1,95,,46304,23,,,1,195,,46305,23,,,1,200,,46306,23,,,1
4801,'20260414',714,,46307,23,,,1,105,,46308,23,,,1,105,,46309,23,,,1,97,,46310,23,,,1,95,,46311,23,,,1,200,,46312,23,,,1,205,,46313,23,,,1,108,,46314,23,,,1,100,,46315,23,,,1,105,,46316,23,,,1,90,,46317,23,,,1,92,,46318,23,,,1,100,,46319,23,,,1,95,,46320,23,,,1,195,,46321,23,,,1,200,,46322,23,,,1
4801,'20260415',714,,46323,23,,,1,105,,46324,23,,,1,105,,46325,23,,,1,97,,46326,23,,,1,95,,46327,23,,,1,200,,46328,23,,,1,205,,46329,23,,,1,108,,46330,23,,,1,100,,46331,23,,,1,105,,46332,23,,,1,90,,46333,23,,,1,92,,46334,23,,,1,100,,46335,23,,,1,95,,46336,23,,,1,195,,46337,23,,,1,200,,46338,23,,,1
4801,'20260416',714,,46339,23,,,1,105,,46340,23,,,1,105,,46341,23,,,1,97,,46342,23,,,1,95,,46343,23,,,1,200,,46344,23,,,1,205,,46345,23,,,1,108,,46346,23,,,1,100,,46347,23,,,1,105,,46348,23,,,1,90,,46349,23,,,1,92,,46350,23,,,1,100,,46351,23,,,1,95,,46352,23,,,1,195,,46353,23,,,1,200,,46354,23,,,1
4801,'20260417',714,,46355,23,,,1,105,,46356,23,,,1,105,,46357,23,,,1,97,,46358,23,,,1,95,,46359,23,,,1,200,,46360,23,,,1,205,,46361,23,,,1,108,,46362,23,,,1,100,,46363,23,,,1,105,,46364,23,,,1,90,,46365,23,,,1,92,,46366,23,,,1,100,,46367,23,,,1,95,,46368,23,,,1,195,,46369,23,,,1,200,,46370,23,,,1
4801,'20260420',714,,46371,23,,,1,105,,46372,23,,,1,105,,46373,23,,,1,97,,46374,23,,,1,95,,46375,23,,,1,200,,46376,23,,,1,205,,46377,23,,,1,108,,46378,23,,,1,100,,46379,23,,,1,105,,46380,23,,,1,90,,46381,23,,,1,92,,46382,23,,,1,100,,46383,23,,,1,95,,46384,23,,,1,195,,46385,23,,,1,200,,46386,23,,,1
4801,'20260421',714,,46387,23,,,1,105,,46388,23,,,1,105,,46389,23,,,1,97,,46390,23,,,1,95,,46391,23,,,1,200,,46392,23,,,1,205,,46393,23,,,1,108,,46394,23,,,1,100,,46395,23,,,1,105,,46396,23,,,1,90,,46397,23,,,1,92,,46398,23,,,1,100,,46399,23,,,1,95,,46400,23,,,1,195,,46401,23,,,1,200,,46402,23,,,1
4801,'20260422',714,,46403,23,,,1,105,,46404,23,,,1,105,,46405,23,,,1,97,,46406,23,,,1,95,,46407,23,,,1,200,,46408,23,,,1,205,,46409,23,,,1,108,,46410,23,,,1,100,,46411,23,,,1,105,,46412,23,,,1,90,,46413,23,,,1,92,,46414,23,,,1,100,,46415,23,,,1,95,,46416,23,,,1,195,,46417,23,,,1,200,,46418,23,,,1
4801,'20260423',714,,46419,23,,,1,105,,46420,23,,,1,105,,46421,23,,,1,97,,46422,23,,,1,95,,46423,23,,,1,200,,46424,23,,,1,205,,46425,23,,,1,108,,46426,23,,,1,100,,46427,23,,,1,105,,46428,23,,,1,90,,46429,23,,,1,92,,46430,23,,,1,100,,46431,23,,,1,95,,46432,23,,,1,195,,46433,23,,,1,200,,46434,23,,,1
4801,'20260424',714,,46435,23,,,1,105,,46436,23,,,1,105,,46437,23,,,1,97,,46438,23,,,1,95,,46439,23,,,1,200,,46440,23,,,1,205,,46441,23,,,1,108,,46442,23,,,1,100,,46443,23,,,1,105,,46444,23,,,1,90,,46445,23,,,1,92,,46446,23,,,1,100,,46447,23,,,1,95,,46448,23,,,1,195,,46449,23,,,1,200,,46450,23,,,1
