2101,'20260506',650,,74579,25,,,1,156,,74580,25,,,1,116,,74581,25,,,1,95,,74582,25,,,1,100,,74583,25,,,1,23,,74585,5,0,7 8 9,1,100,,74588,5,0,7 8 9,1,65,,74589,5,0,7 8 9,1,31,,74591,5,0,7 8 9,1,65,,74593,5,0,7 8 9,1,28,,74595,5,0,7 8 9,1,120,,74599,5,0,7 8 9,1,467,,74603,5,0,7 8 9,1,30,,74605,5,0,7 8 9,1,65,,74608,5,0,7 8 9,1,30,,74610,5,0,7 8 9,1,70,,74613,5,0,7 8 9,1,100,,74616,5,0,7 8 9,1,96,,74618,5,0,7 8 9,1,119,,74620,25,,,1,92,,74621,25,,,1,96,,74622,25,,,1
2101,'20260507',650,,74623,25,,,1,156,,74624,25,,,1,116,,74625,25,,,1,95,,74626,25,,,1,100,,74627,25,,,1,23,,74629,5,0,7 8 9,1,100,,74632,5,0,7 8 9,1,65,,74633,5,0,7 8 9,1,31,,74635,5,0,7 8 9,1,65,,74637,5,0,7 8 9,1,28,,74639,5,0,7 8 9,1,120,,74643,5,0,7 8 9,1,467,,74647,5,0,7 8 9,1,30,,74649,5,0,7 8 9,1,65,,74652,5,0,7 8 9,1,30,,74654,5,0,7 8 9,1,70,,74657,5,0,7 8 9,1,100,,74660,5,0,7 8 9,1,96,,74662,5,0,7 8 9,1,119,,74664,25,,,1,92,,74665,25,,,1,96,,74666,25,,,1
2101,'20260508',650,,74667,25,,,1,156,,74668,25,,,1,116,,74669,25,,,1,95,,74670,25,,,1,100,,74671,25,,,1,23,,74673,5,0,7 8 9,1,100,,74676,5,0,7 8 9,1,65,,74677,5,0,7 8 9,1,31,,74679,5,0,7 8 9,1,65,,74681,5,0,7 8 9,1,28,,74683,5,0,7 8 9,1,120,,74687,5,0,7 8 9,1,467,,74691,5,0,7 8 9,1,30,,74693,5,0,7 8 9,1,65,,74696,5,0,7 8 9,1,30,,74698,5,0,7 8 9,1,70,,74701,5,0,7 8 9,1,100,,74704,5,0,7 8 9,1,96,,74706,5,0,7 8 9,1,119,,74708,25,,,1,92,,74709,25,,,1,96,,74710,25,,,1
2101,'20260509',834,,74711,25,0,57 8 9,1,100,,74712,25,0,57 8 9,1,95,,74713,25,0,57 8 9,1,110,,74714,25,0,57 8 9,1,88,,74716,25,0,34 10 9,1,4,,74717,5,0,7 8 9,1,106,,74718,25,0,34 10 9,1,4,,74719,5,0,7 8 9,1,101,,74720,25,0,34 10 9,1,4,,74721,5,0,7 8 9,1,91,,74722,25,0,34 10 9,1,4,,74723,5,0,7 8 9,1,101,,74724,25,0,34 10 9,1,4,,74726,5,0,7 8 9,1,101,,74727,25,0,34 10 9,1,7,,74729,5,0,7 8 9,1,93,,74730,25,0,34 10 9,1,4,,74733,5,0,7 8 9,1,86,,74734,25,0,34 10 9,1,4,,74737,5,0,7 8 9,1,91,,74738,25,0,34 10 9,1,4,,74741,5,0,7 8 9,1,96,,74742,25,0,34 10 9,1,4,,74744,5,0,7 8 9,1,91,,74745,25,0,34 10 9,1,6,,74747,5,0,7 8 9,1,89,,74748,25,0,34 10 9,1,6,,74750,5,0,7 8 9,1,94,,74751,25,0,34 10 9,1,6,,74753,5,0,7 8 9,1,95,,74754,25,0,57 8 9,1,98,,74755,25,0,57 8 9,1,100,,74756,25,0,57 8 9,1
2101,'20260510',834,,74757,25,0,57 8 9,1,100,,74758,25,0,57 8 9,1,95,,74759,25,0,57 8 9,1,110,,74760,25,0,57 8 9,1,88,,74761,25,0,34 10 9,1,4,,74762,5,0,7 8 9,1,106,,74763,25,0,34 10 9,1,4,,74764,5,0,7 8 9,1,101,,74765,25,0,34 10 9,1,4,,74766,5,0,7 8 9,1,91,,74767,25,0,34 10 9,1,4,,74768,5,0,7 8 9,1,101,,74769,25,0,34 10 9,1,4,,74771,5,0,7 8 9,1,101,,74772,25,0,34 10 9,1,7,,74774,5,0,7 8 9,1,93,,74775,25,0,34 10 9,1,4,,74778,5,0,7 8 9,1,86,,74779,25,0,34 10 9,1,4,,74782,5,0,7 8 9,1,91,,74783,25,0,34 10 9,1,4,,74786,5,0,7 8 9,1,96,,74787,25,0,34 10 9,1,4,,74789,5,0,7 8 9,1,91,,74790,25,0,34 10 9,1,6,,74792,5,0,7 8 9,1,89,,74793,25,0,34 10 9,1,6,,74795,5,0,7 8 9,1,94,,74796,25,0,34 10 9,1,6,,74797,5,0,7 8 9,1,95,,74798,25,0,57 8 9,1,98,,74799,25,0,57 8 9,1,100,,74800,25,0,57 8 9,1
2101,'20260511',650,,74801,25,,,1,156,,74802,25,,,1,116,,74803,25,,,1,95,,74804,25,,,1,100,,74805,25,,,1,23,,74807,5,0,7 8 9,1,100,,74810,5,0,7 8 9,1,65,,74811,5,0,7 8 9,1,31,,74813,5,0,7 8 9,1,65,,74815,5,0,7 8 9,1,28,,74817,5,0,7 8 9,1,120,,74821,5,0,7 8 9,1,467,,74825,5,0,7 8 9,1,30,,74827,5,0,7 8 9,1,65,,74830,5,0,7 8 9,1,30,,74832,5,0,7 8 9,1,70,,74835,5,0,7 8 9,1,100,,74838,5,0,7 8 9,1,96,,74840,5,0,7 8 9,1,119,,74842,25,,,1,92,,74843,25,,,1,96,,74844,25,,,1
2101,'20260512',650,,74845,25,,,1,156,,74846,25,,,1,116,,74847,25,,,1,95,,74848,25,,,1,100,,74849,25,,,1,23,,74851,5,0,7 8 9,1,100,,74854,5,0,7 8 9,1,65,,74855,5,0,7 8 9,1,31,,74857,5,0,7 8 9,1,65,,74859,5,0,7 8 9,1,28,,74861,5,0,7 8 9,1,120,,74865,5,0,7 8 9,1,467,,74869,5,0,7 8 9,1,30,,74871,5,0,7 8 9,1,65,,74874,5,0,7 8 9,1,30,,74876,5,0,7 8 9,1,70,,74879,5,0,7 8 9,1,100,,74882,5,0,7 8 9,1,96,,74884,5,0,7 8 9,1,119,,74886,25,,,1,92,,74887,25,,,1,96,,74888,25,,,1
2101,'20260513',650,,74889,25,,,1,156,,74890,25,,,1,116,,74891,25,,,1,95,,74892,25,,,1,100,,74893,25,,,1,23,,74895,5,0,7 8 9,1,100,,74898,5,0,7 8 9,1,65,,74899,5,0,7 8 9,1,31,,74901,5,0,7 8 9,1,65,,74903,5,0,7 8 9,1,28,,74905,5,0,7 8 9,1,120,,74909,5,0,7 8 9,1,467,,74913,5,0,7 8 9,1,30,,74915,5,0,7 8 9,1,65,,74918,5,0,7 8 9,1,30,,74920,5,0,7 8 9,1,70,,74923,5,0,7 8 9,1,100,,74926,5,0,7 8 9,1,96,,74928,5,0,7 8 9,1,119,,74930,25,,,1,92,,74931,25,,,1,96,,74932,25,,,1
2101,'20260514',650,,74933,25,,,1,156,,74934,25,,,1,116,,74935,25,,,1,95,,74936,25,,,1,100,,74937,25,,,1,23,,74939,5,0,7 8 9,1,100,,74942,5,0,7 8 9,1,65,,74943,5,0,7 8 9,1,31,,74945,5,0,7 8 9,1,65,,74947,5,0,7 8 9,1,28,,74949,5,0,7 8 9,1,120,,74953,5,0,7 8 9,1,467,,74957,5,0,7 8 9,1,30,,74959,5,0,7 8 9,1,65,,74962,5,0,7 8 9,1,30,,74964,5,0,7 8 9,1,70,,74967,5,0,7 8 9,1,100,,74970,5,0,7 8 9,1,96,,74972,5,0,7 8 9,1,119,,74974,25,,,1,92,,74975,25,,,1,96,,74976,25,,,1
2101,'20260515',650,,74977,25,,,1,156,,74978,25,,,1,116,,74979,25,,,1,95,,74980,25,,,1,100,,74981,25,,,1,23,,74983,5,0,7 8 9,1,100,,74986,5,0,7 8 9,1,65,,74987,5,0,7 8 9,1,31,,74989,5,0,7 8 9,1,65,,74991,5,0,7 8 9,1,28,,74993,5,0,7 8 9,1,120,,74997,5,0,7 8 9,1,467,,75001,5,0,7 8 9,1,30,,75003,5,0,7 8 9,1,65,,75006,5,0,7 8 9,1,30,,75008,5,0,7 8 9,1,70,,75011,5,0,7 8 9,1,100,,75014,5,0,7 8 9,1,96,,75016,5,0,7 8 9,1,119,,75018,25,,,1,92,,75019,25,,,1,96,,75020,25,,,1
2101,'20260516',834,,75021,25,0,57 8 9,1,100,,75022,25,0,57 8 9,1,95,,75023,25,0,57 8 9,1,110,,75024,25,0,57 8 9,1,88,,75026,25,0,34 10 9,1,4,,75027,5,0,7 8 9,1,106,,75028,25,0,34 10 9,1,4,,75029,5,0,7 8 9,1,101,,75030,25,0,34 10 9,1,4,,75031,5,0,7 8 9,1,91,,75032,25,0,34 10 9,1,4,,75033,5,0,7 8 9,1,101,,75034,25,0,34 10 9,1,4,,75036,5,0,7 8 9,1,101,,75037,25,0,34 10 9,1,7,,75039,5,0,7 8 9,1,93,,75040,25,0,34 10 9,1,4,,75043,5,0,7 8 9,1,86,,75044,25,0,34 10 9,1,4,,75047,5,0,7 8 9,1,91,,75048,25,0,34 10 9,1,4,,75051,5,0,7 8 9,1,96,,75052,25,0,34 10 9,1,4,,75054,5,0,7 8 9,1,91,,75055,25,0,34 10 9,1,6,,75057,5,0,7 8 9,1,89,,75058,25,0,34 10 9,1,6,,75060,5,0,7 8 9,1,94,,75061,25,0,34 10 9,1,6,,75063,5,0,7 8 9,1,95,,75064,25,0,57 8 9,1,98,,75065,25,0,57 8 9,1,100,,75066,25,0,57 8 9,1
2101,'20260517',834,,75067,25,0,57 8 9,1,100,,75068,25,0,57 8 9,1,95,,75069,25,0,57 8 9,1,110,,75070,25,0,57 8 9,1,88,,75071,25,0,34 10 9,1,4,,75072,5,0,7 8 9,1,106,,75073,25,0,34 10 9,1,4,,75074,5,0,7 8 9,1,101,,75075,25,0,34 10 9,1,4,,75076,5,0,7 8 9,1,91,,75077,25,0,34 10 9,1,4,,75078,5,0,7 8 9,1,101,,75079,25,0,34 10 9,1,4,,75081,5,0,7 8 9,1,101,,75082,25,0,34 10 9,1,7,,75084,5,0,7 8 9,1,93,,75085,25,0,34 10 9,1,4,,75088,5,0,7 8 9,1,86,,75089,25,0,34 10 9,1,4,,75092,5,0,7 8 9,1,91,,75093,25,0,34 10 9,1,4,,75096,5,0,7 8 9,1,96,,75097,25,0,34 10 9,1,4,,75099,5,0,7 8 9,1,91,,75100,25,0,34 10 9,1,6,,75102,5,0,7 8 9,1,89,,75103,25,0,34 10 9,1,6,,75105,5,0,7 8 9,1,94,,75106,25,0,34 10 9,1,6,,75107,5,0,7 8 9,1,95,,75108,25,0,57 8 9,1,98,,75109,25,0,57 8 9,1,100,,75110,25,0,57 8 9,1
2101,'20260518',834,,75111,25,0,57 8 9,1,100,,75112,25,0,57 8 9,1,95,,75113,25,0,57 8 9,1,110,,75114,25,0,57 8 9,1,88,,75116,25,0,34 10 9,1,4,,75117,5,0,7 8 9,1,106,,75118,25,0,34 10 9,1,4,,75119,5,0,7 8 9,1,101,,75120,25,0,34 10 9,1,4,,75121,5,0,7 8 9,1,91,,75122,25,0,34 10 9,1,4,,75123,5,0,7 8 9,1,101,,75124,25,0,34 10 9,1,4,,75126,5,0,7 8 9,1,101,,75127,25,0,34 10 9,1,7,,75129,5,0,7 8 9,1,93,,75130,25,0,34 10 9,1,4,,75133,5,0,7 8 9,1,86,,75134,25,0,34 10 9,1,4,,75137,5,0,7 8 9,1,91,,75138,25,0,34 10 9,1,4,,75141,5,0,7 8 9,1,96,,75142,25,0,34 10 9,1,4,,75144,5,0,7 8 9,1,91,,75145,25,0,34 10 9,1,6,,75147,5,0,7 8 9,1,89,,75148,25,0,34 10 9,1,6,,75150,5,0,7 8 9,1,94,,75151,25,0,34 10 9,1,6,,75153,5,0,7 8 9,1,95,,75154,25,0,57 8 9,1,98,,75155,25,0,57 8 9,1,100,,75156,25,0,57 8 9,1
2101,'20260519',650,,75157,25,,,1,156,,75158,25,,,1,116,,75159,25,,,1,95,,75160,25,,,1,100,,75161,25,,,1,23,,75163,5,0,7 8 9,1,100,,75166,5,0,7 8 9,1,65,,75167,5,0,7 8 9,1,31,,75169,5,0,7 8 9,1,65,,75171,5,0,7 8 9,1,28,,75173,5,0,7 8 9,1,120,,75177,5,0,7 8 9,1,467,,75181,5,0,7 8 9,1,30,,75183,5,0,7 8 9,1,65,,75186,5,0,7 8 9,1,30,,75188,5,0,7 8 9,1,70,,75191,5,0,7 8 9,1,100,,75194,5,0,7 8 9,1,96,,75196,5,0,7 8 9,1,119,,75198,25,,,1,92,,75199,25,,,1,96,,75200,25,,,1
2101,'20260520',650,,75201,25,,,1,156,,75202,25,,,1,116,,75203,25,,,1,95,,75204,25,,,1,100,,75205,25,,,1,23,,75207,5,0,7 8 9,1,100,,75210,5,0,7 8 9,1,65,,75211,5,0,7 8 9,1,31,,75213,5,0,7 8 9,1,65,,75215,5,0,7 8 9,1,28,,75217,5,0,7 8 9,1,120,,75221,5,0,7 8 9,1,467,,75225,5,0,7 8 9,1,30,,75227,5,0,7 8 9,1,65,,75230,5,0,7 8 9,1,30,,75232,5,0,7 8 9,1,70,,75235,5,0,7 8 9,1,100,,75238,5,0,7 8 9,1,96,,75240,5,0,7 8 9,1,119,,75242,25,,,1,92,,75243,25,,,1,96,,75244,25,,,1
2101,'20260521',650,,75245,25,,,1,156,,75246,25,,,1,116,,75247,25,,,1,95,,75248,25,,,1,100,,75249,25,,,1,23,,75251,5,0,7 8 9,1,100,,75254,5,0,7 8 9,1,65,,75255,5,0,7 8 9,1,31,,75257,5,0,7 8 9,1,65,,75259,5,0,7 8 9,1,28,,75261,5,0,7 8 9,1,120,,75265,5,0,7 8 9,1,467,,75269,5,0,7 8 9,1,30,,75271,5,0,7 8 9,1,65,,75274,5,0,7 8 9,1,30,,75276,5,0,7 8 9,1,70,,75279,5,0,7 8 9,1,100,,75282,5,0,7 8 9,1,96,,75284,5,0,7 8 9,1,119,,75286,25,,,1,92,,75287,25,,,1,96,,75288,25,,,1
2101,'20260522',650,,75289,25,,,1,156,,75290,25,,,1,116,,75291,25,,,1,95,,75292,25,,,1,100,,75293,25,,,1,23,,75295,5,0,7 8 9,1,100,,75298,5,0,7 8 9,1,65,,75299,5,0,7 8 9,1,31,,75301,5,0,7 8 9,1,65,,75303,5,0,7 8 9,1,28,,75305,5,0,7 8 9,1,120,,75309,5,0,7 8 9,1,467,,75313,5,0,7 8 9,1,30,,75315,5,0,7 8 9,1,65,,75318,5,0,7 8 9,1,30,,75320,5,0,7 8 9,1,70,,75323,5,0,7 8 9,1,100,,75326,5,0,7 8 9,1,96,,75328,5,0,7 8 9,1,119,,75330,25,,,1,92,,75331,25,,,1,96,,75332,25,,,1
2101,'20260523',834,,75333,25,0,57 8 9,1,100,,75334,25,0,57 8 9,1,95,,75335,25,0,57 8 9,1,110,,75336,25,0,57 8 9,1,88,,75338,25,0,34 10 9,1,4,,75339,5,0,7 8 9,1,106,,75340,25,0,34 10 9,1,4,,75341,5,0,7 8 9,1,101,,75342,25,0,34 10 9,1,4,,75343,5,0,7 8 9,1,91,,75344,25,0,34 10 9,1,4,,75345,5,0,7 8 9,1,101,,75346,25,0,34 10 9,1,4,,75348,5,0,7 8 9,1,101,,75349,25,0,34 10 9,1,7,,75351,5,0,7 8 9,1,93,,75352,25,0,34 10 9,1,4,,75355,5,0,7 8 9,1,86,,75356,25,0,34 10 9,1,4,,75359,5,0,7 8 9,1,91,,75360,25,0,34 10 9,1,4,,75363,5,0,7 8 9,1,96,,75364,25,0,34 10 9,1,4,,75366,5,0,7 8 9,1,91,,75367,25,0,34 10 9,1,6,,75369,5,0,7 8 9,1,89,,75370,25,0,34 10 9,1,6,,75372,5,0,7 8 9,1,94,,75373,25,0,34 10 9,1,6,,75375,5,0,7 8 9,1,95,,75376,25,0,57 8 9,1,98,,75377,25,0,57 8 9,1,100,,75378,25,0,57 8 9,1
2101,'20260524',834,,75379,25,0,57 8 9,1,100,,75380,25,0,57 8 9,1,95,,75381,25,0,57 8 9,1,110,,75382,25,0,57 8 9,1,88,,75383,25,0,34 10 9,1,4,,75384,5,0,7 8 9,1,106,,75385,25,0,34 10 9,1,4,,75386,5,0,7 8 9,1,101,,75387,25,0,34 10 9,1,4,,75388,5,0,7 8 9,1,91,,75389,25,0,34 10 9,1,4,,75390,5,0,7 8 9,1,101,,75391,25,0,34 10 9,1,4,,75393,5,0,7 8 9,1,101,,75394,25,0,34 10 9,1,7,,75396,5,0,7 8 9,1,93,,75397,25,0,34 10 9,1,4,,75400,5,0,7 8 9,1,86,,75401,25,0,34 10 9,1,4,,75404,5,0,7 8 9,1,91,,75405,25,0,34 10 9,1,4,,75408,5,0,7 8 9,1,96,,75409,25,0,34 10 9,1,4,,75411,5,0,7 8 9,1,91,,75412,25,0,34 10 9,1,6,,75414,5,0,7 8 9,1,89,,75415,25,0,34 10 9,1,6,,75417,5,0,7 8 9,1,94,,75418,25,0,34 10 9,1,6,,75419,5,0,7 8 9,1,95,,75420,25,0,57 8 9,1,98,,75421,25,0,57 8 9,1,100,,75422,25,0,57 8 9,1
2101,'20260525',650,,75423,25,,,1,156,,75424,25,,,1,116,,75425,25,,,1,95,,75426,25,,,1,100,,75427,25,,,1,23,,75429,5,0,7 8 9,1,100,,75432,5,0,7 8 9,1,65,,75433,5,0,7 8 9,1,31,,75435,5,0,7 8 9,1,65,,75437,5,0,7 8 9,1,28,,75439,5,0,7 8 9,1,120,,75443,5,0,7 8 9,1,467,,75447,5,0,7 8 9,1,30,,75449,5,0,7 8 9,1,65,,75452,5,0,7 8 9,1,30,,75454,5,0,7 8 9,1,70,,75457,5,0,7 8 9,1,100,,75460,5,0,7 8 9,1,96,,75462,5,0,7 8 9,1,119,,75464,25,,,1,92,,75465,25,,,1,96,,75466,25,,,1
2101,'20260526',650,,75467,25,,,1,156,,75468,25,,,1,116,,75469,25,,,1,95,,75470,25,,,1,100,,75471,25,,,1,23,,75473,5,0,7 8 9,1,100,,75476,5,0,7 8 9,1,65,,75477,5,0,7 8 9,1,31,,75479,5,0,7 8 9,1,65,,75481,5,0,7 8 9,1,28,,75483,5,0,7 8 9,1,120,,75487,5,0,7 8 9,1,467,,75491,5,0,7 8 9,1,30,,75493,5,0,7 8 9,1,65,,75496,5,0,7 8 9,1,30,,75498,5,0,7 8 9,1,70,,75501,5,0,7 8 9,1,100,,75504,5,0,7 8 9,1,96,,75506,5,0,7 8 9,1,119,,75508,25,,,1,92,,75509,25,,,1,96,,75510,25,,,1
2101,'20260527',650,,75511,25,,,1,156,,75512,25,,,1,116,,75513,25,,,1,95,,75514,25,,,1,100,,75515,25,,,1,23,,75517,5,0,7 8 9,1,100,,75520,5,0,7 8 9,1,65,,75521,5,0,7 8 9,1,31,,75523,5,0,7 8 9,1,65,,75525,5,0,7 8 9,1,28,,75527,5,0,7 8 9,1,120,,75531,5,0,7 8 9,1,467,,75535,5,0,7 8 9,1,30,,75537,5,0,7 8 9,1,65,,75540,5,0,7 8 9,1,30,,75542,5,0,7 8 9,1,70,,75545,5,0,7 8 9,1,100,,75548,5,0,7 8 9,1,96,,75550,5,0,7 8 9,1,119,,75552,25,,,1,92,,75553,25,,,1,96,,75554,25,,,1
2101,'20260528',650,,75555,25,,,1,156,,75556,25,,,1,116,,75557,25,,,1,95,,75558,25,,,1,100,,75559,25,,,1,23,,75561,5,0,7 8 9,1,100,,75564,5,0,7 8 9,1,65,,75565,5,0,7 8 9,1,31,,75567,5,0,7 8 9,1,65,,75569,5,0,7 8 9,1,28,,75571,5,0,7 8 9,1,120,,75575,5,0,7 8 9,1,467,,75579,5,0,7 8 9,1,30,,75581,5,0,7 8 9,1,65,,75584,5,0,7 8 9,1,30,,75586,5,0,7 8 9,1,70,,75589,5,0,7 8 9,1,100,,75592,5,0,7 8 9,1,96,,75594,5,0,7 8 9,1,119,,75596,25,,,1,92,,75597,25,,,1,96,,75598,25,,,1
2101,'20260529',650,,75599,25,,,1,156,,75600,25,,,1,116,,75601,25,,,1,95,,75602,25,,,1,100,,75603,25,,,1,23,,75605,5,0,7 8 9,1,100,,75608,5,0,7 8 9,1,65,,75609,5,0,7 8 9,1,31,,75611,5,0,7 8 9,1,65,,75613,5,0,7 8 9,1,28,,75615,5,0,7 8 9,1,120,,75619,5,0,7 8 9,1,467,,75623,5,0,7 8 9,1,30,,75625,5,0,7 8 9,1,65,,75628,5,0,7 8 9,1,30,,75630,5,0,7 8 9,1,70,,75633,5,0,7 8 9,1,100,,75636,5,0,7 8 9,1,96,,75638,5,0,7 8 9,1,119,,75640,25,,,1,92,,75641,25,,,1,96,,75642,25,,,1
2101,'20260530',834,,75643,25,0,57 8 9,1,100,,75644,25,0,57 8 9,1,95,,75645,25,0,57 8 9,1,110,,75646,25,0,57 8 9,1,88,,75648,25,0,34 10 9,1,4,,75649,5,0,7 8 9,1,106,,75650,25,0,34 10 9,1,4,,75651,5,0,7 8 9,1,101,,75652,25,0,34 10 9,1,4,,75653,5,0,7 8 9,1,91,,75654,25,0,34 10 9,1,4,,75655,5,0,7 8 9,1,101,,75656,25,0,34 10 9,1,4,,75658,5,0,7 8 9,1,101,,75659,25,0,34 10 9,1,7,,75661,5,0,7 8 9,1,93,,75662,25,0,34 10 9,1,4,,75665,5,0,7 8 9,1,86,,75666,25,0,34 10 9,1,4,,75669,5,0,7 8 9,1,91,,75670,25,0,34 10 9,1,4,,75673,5,0,7 8 9,1,96,,75674,25,0,34 10 9,1,4,,75676,5,0,7 8 9,1,91,,75677,25,0,34 10 9,1,6,,75679,5,0,7 8 9,1,89,,75680,25,0,34 10 9,1,6,,75682,5,0,7 8 9,1,94,,75683,25,0,34 10 9,1,6,,75685,5,0,7 8 9,1,95,,75686,25,0,57 8 9,1,98,,75687,25,0,57 8 9,1,100,,75688,25,0,57 8 9,1
2101,'20260531',834,,75689,25,0,57 8 9,1,100,,75690,25,0,57 8 9,1,95,,75691,25,0,57 8 9,1,110,,75692,25,0,57 8 9,1,88,,75693,25,0,34 10 9,1,4,,75694,5,0,7 8 9,1,106,,75695,25,0,34 10 9,1,4,,75696,5,0,7 8 9,1,101,,75697,25,0,34 10 9,1,4,,75698,5,0,7 8 9,1,91,,75699,25,0,34 10 9,1,4,,75700,5,0,7 8 9,1,101,,75701,25,0,34 10 9,1,4,,75703,5,0,7 8 9,1,101,,75704,25,0,34 10 9,1,7,,75706,5,0,7 8 9,1,93,,75707,25,0,34 10 9,1,4,,75710,5,0,7 8 9,1,86,,75711,25,0,34 10 9,1,4,,75714,5,0,7 8 9,1,91,,75715,25,0,34 10 9,1,4,,75718,5,0,7 8 9,1,96,,75719,25,0,34 10 9,1,4,,75721,5,0,7 8 9,1,91,,75722,25,0,34 10 9,1,6,,75724,5,0,7 8 9,1,89,,75725,25,0,34 10 9,1,6,,75727,5,0,7 8 9,1,94,,75728,25,0,34 10 9,1,6,,75729,5,0,7 8 9,1,95,,75730,25,0,57 8 9,1,98,,75731,25,0,57 8 9,1,100,,75732,25,0,57 8 9,1
2101,'20260601',650,,75733,25,,,1,156,,75734,25,,,1,116,,75735,25,,,1,95,,75736,25,,,1,100,,75737,25,,,1,23,,75739,5,0,7 8 9,1,100,,75742,5,0,7 8 9,1,65,,75743,5,0,7 8 9,1,31,,75745,5,0,7 8 9,1,65,,75747,5,0,7 8 9,1,28,,75749,5,0,7 8 9,1,120,,75753,5,0,7 8 9,1,467,,75757,5,0,7 8 9,1,30,,75759,5,0,7 8 9,1,65,,75762,5,0,7 8 9,1,30,,75764,5,0,7 8 9,1,70,,75767,5,0,7 8 9,1,100,,75770,5,0,7 8 9,1,96,,75772,5,0,7 8 9,1,119,,75774,25,,,1,92,,75775,25,,,1,96,,75776,25,,,1
2101,'20260602',650,,75777,25,,,1,156,,75778,25,,,1,116,,75779,25,,,1,95,,75780,25,,,1,100,,75781,25,,,1,23,,75783,5,0,7 8 9,1,100,,75786,5,0,7 8 9,1,65,,75787,5,0,7 8 9,1,31,,75789,5,0,7 8 9,1,65,,75791,5,0,7 8 9,1,28,,75793,5,0,7 8 9,1,120,,75797,5,0,7 8 9,1,467,,75801,5,0,7 8 9,1,30,,75803,5,0,7 8 9,1,65,,75806,5,0,7 8 9,1,30,,75808,5,0,7 8 9,1,70,,75811,5,0,7 8 9,1,100,,75814,5,0,7 8 9,1,96,,75816,5,0,7 8 9,1,119,,75818,25,,,1,92,,75819,25,,,1,96,,75820,25,,,1
2101,'20260603',650,,75821,25,,,1,156,,75822,25,,,1,116,,75823,25,,,1,95,,75824,25,,,1,100,,75825,25,,,1,23,,75827,5,0,7 8 9,1,100,,75830,5,0,7 8 9,1,65,,75831,5,0,7 8 9,1,31,,75833,5,0,7 8 9,1,65,,75835,5,0,7 8 9,1,28,,75837,5,0,7 8 9,1,120,,75841,5,0,7 8 9,1,467,,75845,5,0,7 8 9,1,30,,75847,5,0,7 8 9,1,65,,75850,5,0,7 8 9,1,30,,75852,5,0,7 8 9,1,70,,75855,5,0,7 8 9,1,100,,75858,5,0,7 8 9,1,96,,75860,5,0,7 8 9,1,119,,75862,25,,,1,92,,75863,25,,,1,96,,75864,25,,,1
2101,'20260604',650,,75865,25,,,1,156,,75866,25,,,1,116,,75867,25,,,1,95,,75868,25,,,1,100,,75869,25,,,1,23,,75871,5,0,7 8 9,1,100,,75874,5,0,7 8 9,1,65,,75875,5,0,7 8 9,1,31,,75877,5,0,7 8 9,1,65,,75879,5,0,7 8 9,1,28,,75881,5,0,7 8 9,1,120,,75885,5,0,7 8 9,1,467,,75889,5,0,7 8 9,1,30,,75891,5,0,7 8 9,1,65,,75894,5,0,7 8 9,1,30,,75896,5,0,7 8 9,1,70,,75899,5,0,7 8 9,1,100,,75902,5,0,7 8 9,1,96,,75904,5,0,7 8 9,1,119,,75906,25,,,1,92,,75907,25,,,1,96,,75908,25,,,1
2101,'20260605',650,,75909,25,,,1,156,,75910,25,,,1,116,,75911,25,,,1,95,,75912,25,,,1,100,,75913,25,,,1,23,,75915,5,0,7 8 9,1,100,,75918,5,0,7 8 9,1,65,,75919,5,0,7 8 9,1,31,,75921,5,0,7 8 9,1,65,,75923,5,0,7 8 9,1,28,,75925,5,0,7 8 9,1,120,,75929,5,0,7 8 9,1,467,,75933,5,0,7 8 9,1,30,,75935,5,0,7 8 9,1,65,,75938,5,0,7 8 9,1,30,,75940,5,0,7 8 9,1,70,,75943,5,0,7 8 9,1,100,,75946,5,0,7 8 9,1,96,,75948,5,0,7 8 9,1,119,,75950,25,,,1,92,,75951,25,,,1,96,,75952,25,,,1
2101,'20260606',834,,75953,25,0,57 8 9,1,100,,75954,25,0,57 8 9,1,95,,75955,25,0,57 8 9,1,110,,75956,25,0,57 8 9,1,88,,75958,25,0,34 10 9,1,4,,75959,5,0,7 8 9,1,106,,75960,25,0,34 10 9,1,4,,75961,5,0,7 8 9,1,101,,75962,25,0,34 10 9,1,4,,75963,5,0,7 8 9,1,91,,75964,25,0,34 10 9,1,4,,75965,5,0,7 8 9,1,101,,75966,25,0,34 10 9,1,4,,75968,5,0,7 8 9,1,101,,75969,25,0,34 10 9,1,7,,75971,5,0,7 8 9,1,93,,75972,25,0,34 10 9,1,4,,75975,5,0,7 8 9,1,86,,75976,25,0,34 10 9,1,4,,75979,5,0,7 8 9,1,91,,75980,25,0,34 10 9,1,4,,75983,5,0,7 8 9,1,96,,75984,25,0,34 10 9,1,4,,75986,5,0,7 8 9,1,91,,75987,25,0,34 10 9,1,6,,75989,5,0,7 8 9,1,89,,75990,25,0,34 10 9,1,6,,75992,5,0,7 8 9,1,94,,75993,25,0,34 10 9,1,6,,75995,5,0,7 8 9,1,95,,75996,25,0,57 8 9,1,98,,75997,25,0,57 8 9,1,100,,75998,25,0,57 8 9,1
2101,'20260607',834,,75999,25,0,57 8 9,1,100,,76000,25,0,57 8 9,1,95,,76001,25,0,57 8 9,1,110,,76002,25,0,57 8 9,1,88,,76003,25,0,34 10 9,1,4,,76004,5,0,7 8 9,1,106,,76005,25,0,34 10 9,1,4,,76006,5,0,7 8 9,1,101,,76007,25,0,34 10 9,1,4,,76008,5,0,7 8 9,1,91,,76009,25,0,34 10 9,1,4,,76010,5,0,7 8 9,1,101,,76011,25,0,34 10 9,1,4,,76013,5,0,7 8 9,1,101,,76014,25,0,34 10 9,1,7,,76016,5,0,7 8 9,1,93,,76017,25,0,34 10 9,1,4,,76020,5,0,7 8 9,1,86,,76021,25,0,34 10 9,1,4,,76024,5,0,7 8 9,1,91,,76025,25,0,34 10 9,1,4,,76028,5,0,7 8 9,1,96,,76029,25,0,34 10 9,1,4,,76031,5,0,7 8 9,1,91,,76032,25,0,34 10 9,1,6,,76034,5,0,7 8 9,1,89,,76035,25,0,34 10 9,1,6,,76037,5,0,7 8 9,1,94,,76038,25,0,34 10 9,1,6,,76039,5,0,7 8 9,1,95,,76040,25,0,57 8 9,1,98,,76041,25,0,57 8 9,1,100,,76042,25,0,57 8 9,1
2101,'20260608',650,,76043,25,,,1,156,,76044,25,,,1,116,,76045,25,,,1,95,,76046,25,,,1,100,,76047,25,,,1,23,,76049,5,0,7 8 9,1,100,,76052,5,0,7 8 9,1,65,,76053,5,0,7 8 9,1,31,,76055,5,0,7 8 9,1,65,,76057,5,0,7 8 9,1,28,,76059,5,0,7 8 9,1,120,,76063,5,0,7 8 9,1,467,,76067,5,0,7 8 9,1,30,,76069,5,0,7 8 9,1,65,,76072,5,0,7 8 9,1,30,,76074,5,0,7 8 9,1,70,,76077,5,0,7 8 9,1,100,,76080,5,0,7 8 9,1,96,,76082,5,0,7 8 9,1,119,,76084,25,,,1,92,,76085,25,,,1,96,,76086,25,,,1
2101,'20260609',650,,76087,25,,,1,156,,76088,25,,,1,116,,76089,25,,,1,95,,76090,25,,,1,100,,76091,25,,,1,23,,76093,5,0,7 8 9,1,100,,76096,5,0,7 8 9,1,65,,76097,5,0,7 8 9,1,31,,76099,5,0,7 8 9,1,65,,76101,5,0,7 8 9,1,28,,76103,5,0,7 8 9,1,120,,76107,5,0,7 8 9,1,467,,76111,5,0,7 8 9,1,30,,76113,5,0,7 8 9,1,65,,76116,5,0,7 8 9,1,30,,76118,5,0,7 8 9,1,70,,76121,5,0,7 8 9,1,100,,76124,5,0,7 8 9,1,96,,76126,5,0,7 8 9,1,119,,76128,25,,,1,92,,76129,25,,,1,96,,76130,25,,,1
2101,'20260610',650,,76131,25,,,1,156,,76132,25,,,1,116,,76133,25,,,1,95,,76134,25,,,1,100,,76135,25,,,1,23,,76137,5,0,7 8 9,1,100,,76140,5,0,7 8 9,1,65,,76141,5,0,7 8 9,1,31,,76143,5,0,7 8 9,1,65,,76145,5,0,7 8 9,1,28,,76147,5,0,7 8 9,1,120,,76151,5,0,7 8 9,1,467,,76155,5,0,7 8 9,1,30,,76157,5,0,7 8 9,1,65,,76160,5,0,7 8 9,1,30,,76162,5,0,7 8 9,1,70,,76165,5,0,7 8 9,1,100,,76168,5,0,7 8 9,1,96,,76170,5,0,7 8 9,1,119,,76172,25,,,1,92,,76173,25,,,1,96,,76174,25,,,1
2101,'20260611',650,,76175,25,,,1,156,,76176,25,,,1,116,,76177,25,,,1,95,,76178,25,,,1,100,,76179,25,,,1,23,,76181,5,0,7 8 9,1,100,,76184,5,0,7 8 9,1,65,,76185,5,0,7 8 9,1,31,,76187,5,0,7 8 9,1,65,,76189,5,0,7 8 9,1,28,,76191,5,0,7 8 9,1,120,,76195,5,0,7 8 9,1,467,,76199,5,0,7 8 9,1,30,,76201,5,0,7 8 9,1,65,,76204,5,0,7 8 9,1,30,,76206,5,0,7 8 9,1,70,,76209,5,0,7 8 9,1,100,,76212,5,0,7 8 9,1,96,,76214,5,0,7 8 9,1,119,,76216,25,,,1,92,,76217,25,,,1,96,,76218,25,,,1
2101,'20260612',650,,76219,25,,,1,156,,76220,25,,,1,116,,76221,25,,,1,95,,76222,25,,,1,100,,76223,25,,,1,23,,76225,5,0,7 8 9,1,100,,76228,5,0,7 8 9,1,65,,76229,5,0,7 8 9,1,31,,76231,5,0,7 8 9,1,65,,76233,5,0,7 8 9,1,28,,76235,5,0,7 8 9,1,120,,76239,5,0,7 8 9,1,467,,76243,5,0,7 8 9,1,30,,76245,5,0,7 8 9,1,65,,76248,5,0,7 8 9,1,30,,76250,5,0,7 8 9,1,70,,76253,5,0,7 8 9,1,100,,76256,5,0,7 8 9,1,96,,76258,5,0,7 8 9,1,119,,76260,25,,,1,92,,76261,25,,,1,96,,76262,25,,,1
2701,'20260506',618,,81103,19,0,7 8 9,1,111,,81104,20,0,57 8 9,1,25,,81105,20,0,57 8 9,1,61,,81106,20,0,34 10 9,1,9,,81107,20,0,57 8 9,1,16,,81108,20,0,34 10 9,1,9,,81109,20,0,57 8 9,1,56,,81110,20,0,34 10 9,1,14,,81111,20,0,57 8 9,1,82,,81112,19,0,7 8 9,1,115,,81113,19,0,5 10 9,1,100,,81114,19,0,5 10 9,1,99,,81115,19,0,5 10 9,1,105,,81116,19,0,5 10 9,1,110,,81117,20,0,57 8 9,1,84,,81118,20,0,34 10 9,1,29,,81119,20,0,57 8 9,1,70,,81120,20,0,57 8 9,1,32,,81121,20,0,57 8 9,1,75,,81122,20,0,57 8 9,1,25,,81123,20,0,57 8 9,1,73,,81124,19,0,7 8 9,1,24,,81125,19,0,7 8 9,1,66,,81126,19,0,5 10 9,1,100,,81127,19,0,5 10 9,1,100,,81128,19,0,5 10 9,1,100,,81129,19,0,5 10 9,1,195,,81130,19,0,5 10 9,1
2701,'20260507',618,,81131,19,0,7 8 9,1,111,,81132,20,0,57 8 9,1,25,,81133,20,0,57 8 9,1,61,,81134,20,0,34 10 9,1,9,,81135,20,0,57 8 9,1,16,,81136,20,0,34 10 9,1,9,,81137,20,0,57 8 9,1,56,,81138,20,0,34 10 9,1,14,,81139,20,0,57 8 9,1,82,,81140,19,0,7 8 9,1,115,,81141,19,0,5 10 9,1,100,,81142,19,0,5 10 9,1,99,,81143,19,0,5 10 9,1,105,,81144,19,0,5 10 9,1,110,,81145,20,0,57 8 9,1,84,,81146,20,0,34 10 9,1,29,,81147,20,0,57 8 9,1,70,,81148,20,0,57 8 9,1,32,,81149,20,0,57 8 9,1,75,,81150,20,0,57 8 9,1,25,,81151,20,0,57 8 9,1,73,,81152,19,0,7 8 9,1,24,,81153,19,0,7 8 9,1,66,,81154,19,0,5 10 9,1,100,,81155,19,0,5 10 9,1,100,,81156,19,0,5 10 9,1,100,,81157,19,0,5 10 9,1,195,,81158,19,0,5 10 9,1
2701,'20260508',618,,81159,19,0,7 8 9,1,111,,81160,20,0,57 8 9,1,25,,81161,20,0,57 8 9,1,61,,81162,20,0,34 10 9,1,9,,81163,20,0,57 8 9,1,16,,81164,20,0,34 10 9,1,9,,81165,20,0,57 8 9,1,56,,81166,20,0,34 10 9,1,14,,81167,20,0,57 8 9,1,82,,81168,19,0,7 8 9,1,115,,81169,19,0,5 10 9,1,100,,81170,19,0,5 10 9,1,99,,81171,19,0,5 10 9,1,105,,81172,19,0,5 10 9,1,110,,81173,20,0,57 8 9,1,84,,81174,20,0,34 10 9,1,29,,81175,20,0,57 8 9,1,70,,81176,20,0,57 8 9,1,32,,81177,20,0,57 8 9,1,75,,81178,20,0,57 8 9,1,25,,81179,20,0,57 8 9,1,73,,81180,19,0,7 8 9,1,24,,81181,19,0,7 8 9,1,66,,81182,19,0,5 10 9,1,100,,81183,19,0,5 10 9,1,100,,81184,19,0,5 10 9,1,100,,81185,19,0,5 10 9,1,195,,81186,19,0,5 10 9,1
2701,'20260509',718,,81187,19,0,7 8 9,1,105,,81188,19,0,5 10 9,1,100,,81189,19,0,5 10 9,1,97,,81190,19,0,5 10 9,1,105,,81191,19,0,5 10 9,1,100,,81192,19,0,5 10 9,1,110,,81193,19,0,5 10 9,1,99,,81194,19,0,5 10 9,1,101,,81195,19,0,5 10 9,1,100,,81196,19,0,5 10 9,1,100,,81197,19,0,5 10 9,1,100,,81198,19,0,5 10 9,1,95,,81199,19,0,5 10 9,1,100,,81200,19,0,5 10 9,1,191,,81201,19,0,5 10 9,1,197,,81202,19,0,5 10 9,1
2701,'20260510',718,,81203,19,0,7 8 9,1,105,,81204,19,0,5 10 9,1,100,,81205,19,0,5 10 9,1,97,,81206,19,0,5 10 9,1,105,,81207,19,0,5 10 9,1,100,,81208,19,0,5 10 9,1,110,,81209,19,0,5 10 9,1,99,,81210,19,0,5 10 9,1,101,,81211,19,0,5 10 9,1,100,,81212,19,0,5 10 9,1,100,,81213,19,0,5 10 9,1,100,,81214,19,0,5 10 9,1,95,,81215,19,0,5 10 9,1,100,,81216,19,0,5 10 9,1,191,,81217,19,0,5 10 9,1,197,,81218,19,0,5 10 9,1
2701,'20260511',618,,81219,19,0,7 8 9,1,111,,81220,20,0,57 8 9,1,25,,81221,20,0,57 8 9,1,61,,81222,20,0,34 10 9,1,9,,81223,20,0,57 8 9,1,16,,81224,20,0,34 10 9,1,9,,81225,20,0,57 8 9,1,56,,81226,20,0,34 10 9,1,14,,81227,20,0,57 8 9,1,82,,81228,19,0,7 8 9,1,115,,81229,19,0,5 10 9,1,100,,81230,19,0,5 10 9,1,99,,81231,19,0,5 10 9,1,105,,81232,19,0,5 10 9,1,110,,81233,20,0,57 8 9,1,84,,81234,20,0,34 10 9,1,29,,81235,20,0,57 8 9,1,70,,81236,20,0,57 8 9,1,32,,81237,20,0,57 8 9,1,75,,81238,20,0,57 8 9,1,25,,81239,20,0,57 8 9,1,73,,81240,19,0,7 8 9,1,24,,81241,19,0,7 8 9,1,66,,81242,19,0,5 10 9,1,100,,81243,19,0,5 10 9,1,100,,81244,19,0,5 10 9,1,100,,81245,19,0,5 10 9,1,195,,81246,19,0,5 10 9,1
2701,'20260512',618,,81247,19,0,7 8 9,1,111,,81248,20,0,57 8 9,1,25,,81249,20,0,57 8 9,1,61,,81250,20,0,34 10 9,1,9,,81251,20,0,57 8 9,1,16,,81252,20,0,34 10 9,1,9,,81253,20,0,57 8 9,1,56,,81254,20,0,34 10 9,1,14,,81255,20,0,57 8 9,1,82,,81256,19,0,7 8 9,1,115,,81257,19,0,5 10 9,1,100,,81258,19,0,5 10 9,1,99,,81259,19,0,5 10 9,1,105,,81260,19,0,5 10 9,1,110,,81261,20,0,57 8 9,1,84,,81262,20,0,34 10 9,1,29,,81263,20,0,57 8 9,1,70,,81264,20,0,57 8 9,1,32,,81265,20,0,57 8 9,1,75,,81266,20,0,57 8 9,1,25,,81267,20,0,57 8 9,1,73,,81268,19,0,7 8 9,1,24,,81269,19,0,7 8 9,1,66,,81270,19,0,5 10 9,1,100,,81271,19,0,5 10 9,1,100,,81272,19,0,5 10 9,1,100,,81273,19,0,5 10 9,1,195,,81274,19,0,5 10 9,1
2701,'20260513',618,,81275,19,0,7 8 9,1,111,,81276,20,0,57 8 9,1,25,,81277,20,0,57 8 9,1,61,,81278,20,0,34 10 9,1,9,,81279,20,0,57 8 9,1,16,,81280,20,0,34 10 9,1,9,,81281,20,0,57 8 9,1,56,,81282,20,0,34 10 9,1,14,,81283,20,0,57 8 9,1,82,,81284,19,0,7 8 9,1,115,,81285,19,0,5 10 9,1,100,,81286,19,0,5 10 9,1,99,,81287,19,0,5 10 9,1,105,,81288,19,0,5 10 9,1,110,,81289,20,0,57 8 9,1,84,,81290,20,0,34 10 9,1,29,,81291,20,0,57 8 9,1,70,,81292,20,0,57 8 9,1,32,,81293,20,0,57 8 9,1,75,,81294,20,0,57 8 9,1,25,,81295,20,0,57 8 9,1,73,,81296,19,0,7 8 9,1,24,,81297,19,0,7 8 9,1,66,,81298,19,0,5 10 9,1,100,,81299,19,0,5 10 9,1,100,,81300,19,0,5 10 9,1,100,,81301,19,0,5 10 9,1,195,,81302,19,0,5 10 9,1
2701,'20260514',618,,81303,19,0,7 8 9,1,111,,81304,20,0,57 8 9,1,25,,81305,20,0,57 8 9,1,61,,81306,20,0,34 10 9,1,9,,81307,20,0,57 8 9,1,16,,81308,20,0,34 10 9,1,9,,81309,20,0,57 8 9,1,56,,81310,20,0,34 10 9,1,14,,81311,20,0,57 8 9,1,82,,81312,19,0,7 8 9,1,115,,81313,19,0,5 10 9,1,100,,81314,19,0,5 10 9,1,99,,81315,19,0,5 10 9,1,105,,81316,19,0,5 10 9,1,110,,81317,20,0,57 8 9,1,84,,81318,20,0,34 10 9,1,29,,81319,20,0,57 8 9,1,70,,81320,20,0,57 8 9,1,32,,81321,20,0,57 8 9,1,75,,81322,20,0,57 8 9,1,25,,81323,20,0,57 8 9,1,73,,81324,19,0,7 8 9,1,24,,81325,19,0,7 8 9,1,66,,81326,19,0,5 10 9,1,100,,81327,19,0,5 10 9,1,100,,81328,19,0,5 10 9,1,100,,81329,19,0,5 10 9,1,195,,81330,19,0,5 10 9,1
2701,'20260515',618,,81331,19,0,7 8 9,1,111,,81332,20,0,57 8 9,1,25,,81333,20,0,57 8 9,1,61,,81334,20,0,34 10 9,1,9,,81335,20,0,57 8 9,1,16,,81336,20,0,34 10 9,1,9,,81337,20,0,57 8 9,1,56,,81338,20,0,34 10 9,1,14,,81339,20,0,57 8 9,1,82,,81340,19,0,7 8 9,1,115,,81341,19,0,5 10 9,1,100,,81342,19,0,5 10 9,1,99,,81343,19,0,5 10 9,1,105,,81344,19,0,5 10 9,1,110,,81345,20,0,57 8 9,1,84,,81346,20,0,34 10 9,1,29,,81347,20,0,57 8 9,1,70,,81348,20,0,57 8 9,1,32,,81349,20,0,57 8 9,1,75,,81350,20,0,57 8 9,1,25,,81351,20,0,57 8 9,1,73,,81352,19,0,7 8 9,1,24,,81353,19,0,7 8 9,1,66,,81354,19,0,5 10 9,1,100,,81355,19,0,5 10 9,1,100,,81356,19,0,5 10 9,1,100,,81357,19,0,5 10 9,1,195,,81358,19,0,5 10 9,1
2701,'20260516',718,,81359,19,0,7 8 9,1,105,,81360,19,0,5 10 9,1,100,,81361,19,0,5 10 9,1,97,,81362,19,0,5 10 9,1,105,,81363,19,0,5 10 9,1,100,,81364,19,0,5 10 9,1,110,,81365,19,0,5 10 9,1,99,,81366,19,0,5 10 9,1,101,,81367,19,0,5 10 9,1,100,,81368,19,0,5 10 9,1,100,,81369,19,0,5 10 9,1,100,,81370,19,0,5 10 9,1,95,,81371,19,0,5 10 9,1,100,,81372,19,0,5 10 9,1,191,,81373,19,0,5 10 9,1,197,,81374,19,0,5 10 9,1
2701,'20260517',718,,81375,19,0,7 8 9,1,105,,81376,19,0,5 10 9,1,100,,81377,19,0,5 10 9,1,97,,81378,19,0,5 10 9,1,105,,81379,19,0,5 10 9,1,100,,81380,19,0,5 10 9,1,110,,81381,19,0,5 10 9,1,99,,81382,19,0,5 10 9,1,101,,81383,19,0,5 10 9,1,100,,81384,19,0,5 10 9,1,100,,81385,19,0,5 10 9,1,100,,81386,19,0,5 10 9,1,95,,81387,19,0,5 10 9,1,100,,81388,19,0,5 10 9,1,191,,81389,19,0,5 10 9,1,197,,81390,19,0,5 10 9,1
2701,'20260518',718,,81391,19,0,7 8 9,1,105,,81392,19,0,5 10 9,1,100,,81393,19,0,5 10 9,1,97,,81394,19,0,5 10 9,1,105,,81395,19,0,5 10 9,1,100,,81396,19,0,5 10 9,1,110,,81397,19,0,5 10 9,1,99,,81398,19,0,5 10 9,1,101,,81399,19,0,5 10 9,1,100,,81400,19,0,5 10 9,1,100,,81401,19,0,5 10 9,1,100,,81402,19,0,5 10 9,1,95,,81403,19,0,5 10 9,1,100,,81404,19,0,5 10 9,1,191,,81405,19,0,5 10 9,1,197,,81406,19,0,5 10 9,1
2701,'20260519',618,,81407,19,0,7 8 9,1,111,,81408,20,0,57 8 9,1,25,,81409,20,0,57 8 9,1,61,,81410,20,0,34 10 9,1,9,,81411,20,0,57 8 9,1,16,,81412,20,0,34 10 9,1,9,,81413,20,0,57 8 9,1,56,,81414,20,0,34 10 9,1,14,,81415,20,0,57 8 9,1,82,,81416,19,0,7 8 9,1,115,,81417,19,0,5 10 9,1,100,,81418,19,0,5 10 9,1,99,,81419,19,0,5 10 9,1,105,,81420,19,0,5 10 9,1,110,,81421,20,0,57 8 9,1,84,,81422,20,0,34 10 9,1,29,,81423,20,0,57 8 9,1,70,,81424,20,0,57 8 9,1,32,,81425,20,0,57 8 9,1,75,,81426,20,0,57 8 9,1,25,,81427,20,0,57 8 9,1,73,,81428,19,0,7 8 9,1,24,,81429,19,0,7 8 9,1,66,,81430,19,0,5 10 9,1,100,,81431,19,0,5 10 9,1,100,,81432,19,0,5 10 9,1,100,,81433,19,0,5 10 9,1,195,,81434,19,0,5 10 9,1
2701,'20260520',618,,81435,19,0,7 8 9,1,111,,81436,20,0,57 8 9,1,25,,81437,20,0,57 8 9,1,61,,81438,20,0,34 10 9,1,9,,81439,20,0,57 8 9,1,16,,81440,20,0,34 10 9,1,9,,81441,20,0,57 8 9,1,56,,81442,20,0,34 10 9,1,14,,81443,20,0,57 8 9,1,82,,81444,19,0,7 8 9,1,115,,81445,19,0,5 10 9,1,100,,81446,19,0,5 10 9,1,99,,81447,19,0,5 10 9,1,105,,81448,19,0,5 10 9,1,110,,81449,20,0,57 8 9,1,84,,81450,20,0,34 10 9,1,29,,81451,20,0,57 8 9,1,70,,81452,20,0,57 8 9,1,32,,81453,20,0,57 8 9,1,75,,81454,20,0,57 8 9,1,25,,81455,20,0,57 8 9,1,73,,81456,19,0,7 8 9,1,24,,81457,19,0,7 8 9,1,66,,81458,19,0,5 10 9,1,100,,81459,19,0,5 10 9,1,100,,81460,19,0,5 10 9,1,100,,81461,19,0,5 10 9,1,195,,81462,19,0,5 10 9,1
2701,'20260521',618,,81463,19,0,7 8 9,1,111,,81464,20,0,57 8 9,1,25,,81465,20,0,57 8 9,1,61,,81466,20,0,34 10 9,1,9,,81467,20,0,57 8 9,1,16,,81468,20,0,34 10 9,1,9,,81469,20,0,57 8 9,1,56,,81470,20,0,34 10 9,1,14,,81471,20,0,57 8 9,1,82,,81472,19,0,7 8 9,1,115,,81473,19,0,5 10 9,1,100,,81474,19,0,5 10 9,1,99,,81475,19,0,5 10 9,1,105,,81476,19,0,5 10 9,1,110,,81477,20,0,57 8 9,1,84,,81478,20,0,34 10 9,1,29,,81479,20,0,57 8 9,1,70,,81480,20,0,57 8 9,1,32,,81481,20,0,57 8 9,1,75,,81482,20,0,57 8 9,1,25,,81483,20,0,57 8 9,1,73,,81484,19,0,7 8 9,1,24,,81485,19,0,7 8 9,1,66,,81486,19,0,5 10 9,1,100,,81487,19,0,5 10 9,1,100,,81488,19,0,5 10 9,1,100,,81489,19,0,5 10 9,1,195,,81490,19,0,5 10 9,1
2701,'20260522',618,,81491,19,0,7 8 9,1,111,,81492,20,0,57 8 9,1,25,,81493,20,0,57 8 9,1,61,,81494,20,0,34 10 9,1,9,,81495,20,0,57 8 9,1,16,,81496,20,0,34 10 9,1,9,,81497,20,0,57 8 9,1,56,,81498,20,0,34 10 9,1,14,,81499,20,0,57 8 9,1,82,,81500,19,0,7 8 9,1,115,,81501,19,0,5 10 9,1,100,,81502,19,0,5 10 9,1,99,,81503,19,0,5 10 9,1,105,,81504,19,0,5 10 9,1,110,,81505,20,0,57 8 9,1,84,,81506,20,0,34 10 9,1,29,,81507,20,0,57 8 9,1,70,,81508,20,0,57 8 9,1,32,,81509,20,0,57 8 9,1,75,,81510,20,0,57 8 9,1,25,,81511,20,0,57 8 9,1,73,,81512,19,0,7 8 9,1,24,,81513,19,0,7 8 9,1,66,,81514,19,0,5 10 9,1,100,,81515,19,0,5 10 9,1,100,,81516,19,0,5 10 9,1,100,,81517,19,0,5 10 9,1,195,,81518,19,0,5 10 9,1
2701,'20260523',718,,81519,19,0,7 8 9,1,105,,81520,19,0,5 10 9,1,100,,81521,19,0,5 10 9,1,97,,81522,19,0,5 10 9,1,105,,81523,19,0,5 10 9,1,100,,81524,19,0,5 10 9,1,110,,81525,19,0,5 10 9,1,99,,81526,19,0,5 10 9,1,101,,81527,19,0,5 10 9,1,100,,81528,19,0,5 10 9,1,100,,81529,19,0,5 10 9,1,100,,81530,19,0,5 10 9,1,95,,81531,19,0,5 10 9,1,100,,81532,19,0,5 10 9,1,191,,81533,19,0,5 10 9,1,197,,81534,19,0,5 10 9,1
2701,'20260524',718,,81535,19,0,7 8 9,1,105,,81536,19,0,5 10 9,1,100,,81537,19,0,5 10 9,1,97,,81538,19,0,5 10 9,1,105,,81539,19,0,5 10 9,1,100,,81540,19,0,5 10 9,1,110,,81541,19,0,5 10 9,1,99,,81542,19,0,5 10 9,1,101,,81543,19,0,5 10 9,1,100,,81544,19,0,5 10 9,1,100,,81545,19,0,5 10 9,1,100,,81546,19,0,5 10 9,1,95,,81547,19,0,5 10 9,1,100,,81548,19,0,5 10 9,1,191,,81549,19,0,5 10 9,1,197,,81550,19,0,5 10 9,1
2701,'20260525',618,,81551,19,0,7 8 9,1,111,,81552,20,0,57 8 9,1,25,,81553,20,0,57 8 9,1,61,,81554,20,0,34 10 9,1,9,,81555,20,0,57 8 9,1,16,,81556,20,0,34 10 9,1,9,,81557,20,0,57 8 9,1,56,,81558,20,0,34 10 9,1,14,,81559,20,0,57 8 9,1,82,,81560,19,0,7 8 9,1,115,,81561,19,0,5 10 9,1,100,,81562,19,0,5 10 9,1,99,,81563,19,0,5 10 9,1,105,,81564,19,0,5 10 9,1,110,,81565,20,0,57 8 9,1,84,,81566,20,0,34 10 9,1,29,,81567,20,0,57 8 9,1,70,,81568,20,0,57 8 9,1,32,,81569,20,0,57 8 9,1,75,,81570,20,0,57 8 9,1,25,,81571,20,0,57 8 9,1,73,,81572,19,0,7 8 9,1,24,,81573,19,0,7 8 9,1,66,,81574,19,0,5 10 9,1,100,,81575,19,0,5 10 9,1,100,,81576,19,0,5 10 9,1,100,,81577,19,0,5 10 9,1,195,,81578,19,0,5 10 9,1
2701,'20260526',618,,81579,19,0,7 8 9,1,111,,81580,20,0,57 8 9,1,25,,81581,20,0,57 8 9,1,61,,81582,20,0,34 10 9,1,9,,81583,20,0,57 8 9,1,16,,81584,20,0,34 10 9,1,9,,81585,20,0,57 8 9,1,56,,81586,20,0,34 10 9,1,14,,81587,20,0,57 8 9,1,82,,81588,19,0,7 8 9,1,115,,81589,19,0,5 10 9,1,100,,81590,19,0,5 10 9,1,99,,81591,19,0,5 10 9,1,105,,81592,19,0,5 10 9,1,110,,81593,20,0,57 8 9,1,84,,81594,20,0,34 10 9,1,29,,81595,20,0,57 8 9,1,70,,81596,20,0,57 8 9,1,32,,81597,20,0,57 8 9,1,75,,81598,20,0,57 8 9,1,25,,81599,20,0,57 8 9,1,73,,81600,19,0,7 8 9,1,24,,81601,19,0,7 8 9,1,66,,81602,19,0,5 10 9,1,100,,81603,19,0,5 10 9,1,100,,81604,19,0,5 10 9,1,100,,81605,19,0,5 10 9,1,195,,81606,19,0,5 10 9,1
2701,'20260527',618,,81607,19,0,7 8 9,1,111,,81608,20,0,57 8 9,1,25,,81609,20,0,57 8 9,1,61,,81610,20,0,34 10 9,1,9,,81611,20,0,57 8 9,1,16,,81612,20,0,34 10 9,1,9,,81613,20,0,57 8 9,1,56,,81614,20,0,34 10 9,1,14,,81615,20,0,57 8 9,1,82,,81616,19,0,7 8 9,1,115,,81617,19,0,5 10 9,1,100,,81618,19,0,5 10 9,1,99,,81619,19,0,5 10 9,1,105,,81620,19,0,5 10 9,1,110,,81621,20,0,57 8 9,1,84,,81622,20,0,34 10 9,1,29,,81623,20,0,57 8 9,1,70,,81624,20,0,57 8 9,1,32,,81625,20,0,57 8 9,1,75,,81626,20,0,57 8 9,1,25,,81627,20,0,57 8 9,1,73,,81628,19,0,7 8 9,1,24,,81629,19,0,7 8 9,1,66,,81630,19,0,5 10 9,1,100,,81631,19,0,5 10 9,1,100,,81632,19,0,5 10 9,1,100,,81633,19,0,5 10 9,1,195,,81634,19,0,5 10 9,1
2701,'20260528',618,,81635,19,0,7 8 9,1,111,,81636,20,0,57 8 9,1,25,,81637,20,0,57 8 9,1,61,,81638,20,0,34 10 9,1,9,,81639,20,0,57 8 9,1,16,,81640,20,0,34 10 9,1,9,,81641,20,0,57 8 9,1,56,,81642,20,0,34 10 9,1,14,,81643,20,0,57 8 9,1,82,,81644,19,0,7 8 9,1,115,,81645,19,0,5 10 9,1,100,,81646,19,0,5 10 9,1,99,,81647,19,0,5 10 9,1,105,,81648,19,0,5 10 9,1,110,,81649,20,0,57 8 9,1,84,,81650,20,0,34 10 9,1,29,,81651,20,0,57 8 9,1,70,,81652,20,0,57 8 9,1,32,,81653,20,0,57 8 9,1,75,,81654,20,0,57 8 9,1,25,,81655,20,0,57 8 9,1,73,,81656,19,0,7 8 9,1,24,,81657,19,0,7 8 9,1,66,,81658,19,0,5 10 9,1,100,,81659,19,0,5 10 9,1,100,,81660,19,0,5 10 9,1,100,,81661,19,0,5 10 9,1,195,,81662,19,0,5 10 9,1
2701,'20260529',618,,81663,19,0,7 8 9,1,111,,81664,20,0,57 8 9,1,25,,81665,20,0,57 8 9,1,61,,81666,20,0,34 10 9,1,9,,81667,20,0,57 8 9,1,16,,81668,20,0,34 10 9,1,9,,81669,20,0,57 8 9,1,56,,81670,20,0,34 10 9,1,14,,81671,20,0,57 8 9,1,82,,81672,19,0,7 8 9,1,115,,81673,19,0,5 10 9,1,100,,81674,19,0,5 10 9,1,99,,81675,19,0,5 10 9,1,105,,81676,19,0,5 10 9,1,110,,81677,20,0,57 8 9,1,84,,81678,20,0,34 10 9,1,29,,81679,20,0,57 8 9,1,70,,81680,20,0,57 8 9,1,32,,81681,20,0,57 8 9,1,75,,81682,20,0,57 8 9,1,25,,81683,20,0,57 8 9,1,73,,81684,19,0,7 8 9,1,24,,81685,19,0,7 8 9,1,66,,81686,19,0,5 10 9,1,100,,81687,19,0,5 10 9,1,100,,81688,19,0,5 10 9,1,100,,81689,19,0,5 10 9,1,195,,81690,19,0,5 10 9,1
2701,'20260530',718,,81691,19,0,7 8 9,1,105,,81692,19,0,5 10 9,1,100,,81693,19,0,5 10 9,1,97,,81694,19,0,5 10 9,1,105,,81695,19,0,5 10 9,1,100,,81696,19,0,5 10 9,1,110,,81697,19,0,5 10 9,1,99,,81698,19,0,5 10 9,1,101,,81699,19,0,5 10 9,1,100,,81700,19,0,5 10 9,1,100,,81701,19,0,5 10 9,1,100,,81702,19,0,5 10 9,1,95,,81703,19,0,5 10 9,1,100,,81704,19,0,5 10 9,1,191,,81705,19,0,5 10 9,1,197,,81706,19,0,5 10 9,1
2701,'20260531',718,,81707,19,0,7 8 9,1,105,,81708,19,0,5 10 9,1,100,,81709,19,0,5 10 9,1,97,,81710,19,0,5 10 9,1,105,,81711,19,0,5 10 9,1,100,,81712,19,0,5 10 9,1,110,,81713,19,0,5 10 9,1,99,,81714,19,0,5 10 9,1,101,,81715,19,0,5 10 9,1,100,,81716,19,0,5 10 9,1,100,,81717,19,0,5 10 9,1,100,,81718,19,0,5 10 9,1,95,,81719,19,0,5 10 9,1,100,,81720,19,0,5 10 9,1,191,,81721,19,0,5 10 9,1,197,,81722,19,0,5 10 9,1
2701,'20260601',618,,81723,19,0,7 8 9,1,111,,81724,20,0,57 8 9,1,25,,81725,20,0,57 8 9,1,61,,81726,20,0,34 10 9,1,9,,81727,20,0,57 8 9,1,16,,81728,20,0,34 10 9,1,9,,81729,20,0,57 8 9,1,56,,81730,20,0,34 10 9,1,14,,81731,20,0,57 8 9,1,82,,81732,19,0,7 8 9,1,115,,81733,19,0,5 10 9,1,100,,81734,19,0,5 10 9,1,99,,81735,19,0,5 10 9,1,105,,81736,19,0,5 10 9,1,110,,81737,20,0,57 8 9,1,84,,81738,20,0,34 10 9,1,29,,81739,20,0,57 8 9,1,70,,81740,20,0,57 8 9,1,32,,81741,20,0,57 8 9,1,75,,81742,20,0,57 8 9,1,25,,81743,20,0,57 8 9,1,73,,81744,19,0,7 8 9,1,24,,81745,19,0,7 8 9,1,66,,81746,19,0,5 10 9,1,100,,81747,19,0,5 10 9,1,100,,81748,19,0,5 10 9,1,100,,81749,19,0,5 10 9,1,195,,81750,19,0,5 10 9,1
2701,'20260602',618,,81751,19,0,7 8 9,1,111,,81752,20,0,57 8 9,1,25,,81753,20,0,57 8 9,1,61,,81754,20,0,34 10 9,1,9,,81755,20,0,57 8 9,1,16,,81756,20,0,34 10 9,1,9,,81757,20,0,57 8 9,1,56,,81758,20,0,34 10 9,1,14,,81759,20,0,57 8 9,1,82,,81760,19,0,7 8 9,1,115,,81761,19,0,5 10 9,1,100,,81762,19,0,5 10 9,1,99,,81763,19,0,5 10 9,1,105,,81764,19,0,5 10 9,1,110,,81765,20,0,57 8 9,1,84,,81766,20,0,34 10 9,1,29,,81767,20,0,57 8 9,1,70,,81768,20,0,57 8 9,1,32,,81769,20,0,57 8 9,1,75,,81770,20,0,57 8 9,1,25,,81771,20,0,57 8 9,1,73,,81772,19,0,7 8 9,1,24,,81773,19,0,7 8 9,1,66,,81774,19,0,5 10 9,1,100,,81775,19,0,5 10 9,1,100,,81776,19,0,5 10 9,1,100,,81777,19,0,5 10 9,1,195,,81778,19,0,5 10 9,1
2701,'20260603',618,,81779,19,0,7 8 9,1,111,,81780,20,0,57 8 9,1,25,,81781,20,0,57 8 9,1,61,,81782,20,0,34 10 9,1,9,,81783,20,0,57 8 9,1,16,,81784,20,0,34 10 9,1,9,,81785,20,0,57 8 9,1,56,,81786,20,0,34 10 9,1,14,,81787,20,0,57 8 9,1,82,,81788,19,0,7 8 9,1,115,,81789,19,0,5 10 9,1,100,,81790,19,0,5 10 9,1,99,,81791,19,0,5 10 9,1,105,,81792,19,0,5 10 9,1,110,,81793,20,0,57 8 9,1,84,,81794,20,0,34 10 9,1,29,,81795,20,0,57 8 9,1,70,,81796,20,0,57 8 9,1,32,,81797,20,0,57 8 9,1,75,,81798,20,0,57 8 9,1,25,,81799,20,0,57 8 9,1,73,,81800,19,0,7 8 9,1,24,,81801,19,0,7 8 9,1,66,,81802,19,0,5 10 9,1,100,,81803,19,0,5 10 9,1,100,,81804,19,0,5 10 9,1,100,,81805,19,0,5 10 9,1,195,,81806,19,0,5 10 9,1
2701,'20260604',618,,81807,19,0,7 8 9,1,111,,81808,20,0,57 8 9,1,25,,81809,20,0,57 8 9,1,61,,81810,20,0,34 10 9,1,9,,81811,20,0,57 8 9,1,16,,81812,20,0,34 10 9,1,9,,81813,20,0,57 8 9,1,56,,81814,20,0,34 10 9,1,14,,81815,20,0,57 8 9,1,82,,81816,19,0,7 8 9,1,115,,81817,19,0,5 10 9,1,100,,81818,19,0,5 10 9,1,99,,81819,19,0,5 10 9,1,105,,81820,19,0,5 10 9,1,110,,81821,20,0,57 8 9,1,84,,81822,20,0,34 10 9,1,29,,81823,20,0,57 8 9,1,70,,81824,20,0,57 8 9,1,32,,81825,20,0,57 8 9,1,75,,81826,20,0,57 8 9,1,25,,81827,20,0,57 8 9,1,73,,81828,19,0,7 8 9,1,24,,81829,19,0,7 8 9,1,66,,81830,19,0,5 10 9,1,100,,81831,19,0,5 10 9,1,100,,81832,19,0,5 10 9,1,100,,81833,19,0,5 10 9,1,195,,81834,19,0,5 10 9,1
2701,'20260605',618,,81835,19,0,7 8 9,1,111,,81836,20,0,57 8 9,1,25,,81837,20,0,57 8 9,1,61,,81838,20,0,34 10 9,1,9,,81839,20,0,57 8 9,1,16,,81840,20,0,34 10 9,1,9,,81841,20,0,57 8 9,1,56,,81842,20,0,34 10 9,1,14,,81843,20,0,57 8 9,1,82,,81844,19,0,7 8 9,1,115,,81845,19,0,5 10 9,1,100,,81846,19,0,5 10 9,1,99,,81847,19,0,5 10 9,1,105,,81848,19,0,5 10 9,1,110,,81849,20,0,57 8 9,1,84,,81850,20,0,34 10 9,1,29,,81851,20,0,57 8 9,1,70,,81852,20,0,57 8 9,1,32,,81853,20,0,57 8 9,1,75,,81854,20,0,57 8 9,1,25,,81855,20,0,57 8 9,1,73,,81856,19,0,7 8 9,1,24,,81857,19,0,7 8 9,1,66,,81858,19,0,5 10 9,1,100,,81859,19,0,5 10 9,1,100,,81860,19,0,5 10 9,1,100,,81861,19,0,5 10 9,1,195,,81862,19,0,5 10 9,1
2701,'20260606',718,,81863,19,0,7 8 9,1,105,,81864,19,0,5 10 9,1,100,,81865,19,0,5 10 9,1,97,,81866,19,0,5 10 9,1,105,,81867,19,0,5 10 9,1,100,,81868,19,0,5 10 9,1,110,,81869,19,0,5 10 9,1,99,,81870,19,0,5 10 9,1,101,,81871,19,0,5 10 9,1,100,,81872,19,0,5 10 9,1,100,,81873,19,0,5 10 9,1,100,,81874,19,0,5 10 9,1,95,,81875,19,0,5 10 9,1,100,,81876,19,0,5 10 9,1,191,,81877,19,0,5 10 9,1,197,,81878,19,0,5 10 9,1
2701,'20260607',718,,81879,19,0,7 8 9,1,105,,81880,19,0,5 10 9,1,100,,81881,19,0,5 10 9,1,97,,81882,19,0,5 10 9,1,105,,81883,19,0,5 10 9,1,100,,81884,19,0,5 10 9,1,110,,81885,19,0,5 10 9,1,99,,81886,19,0,5 10 9,1,101,,81887,19,0,5 10 9,1,100,,81888,19,0,5 10 9,1,100,,81889,19,0,5 10 9,1,100,,81890,19,0,5 10 9,1,95,,81891,19,0,5 10 9,1,100,,81892,19,0,5 10 9,1,191,,81893,19,0,5 10 9,1,197,,81894,19,0,5 10 9,1
2701,'20260608',618,,81895,19,0,7 8 9,1,111,,81896,20,0,57 8 9,1,25,,81897,20,0,57 8 9,1,61,,81898,20,0,34 10 9,1,9,,81899,20,0,57 8 9,1,16,,81900,20,0,34 10 9,1,9,,81901,20,0,57 8 9,1,56,,81902,20,0,34 10 9,1,14,,81903,20,0,57 8 9,1,82,,81904,19,0,7 8 9,1,115,,81905,19,0,5 10 9,1,100,,81906,19,0,5 10 9,1,99,,81907,19,0,5 10 9,1,105,,81908,19,0,5 10 9,1,110,,81909,20,0,57 8 9,1,84,,81910,20,0,34 10 9,1,29,,81911,20,0,57 8 9,1,70,,81912,20,0,57 8 9,1,32,,81913,20,0,57 8 9,1,75,,81914,20,0,57 8 9,1,25,,81915,20,0,57 8 9,1,73,,81916,19,0,7 8 9,1,24,,81917,19,0,7 8 9,1,66,,81918,19,0,5 10 9,1,100,,81919,19,0,5 10 9,1,100,,81920,19,0,5 10 9,1,100,,81921,19,0,5 10 9,1,195,,81922,19,0,5 10 9,1
2701,'20260609',618,,81923,19,0,7 8 9,1,111,,81924,20,0,57 8 9,1,25,,81925,20,0,57 8 9,1,61,,81926,20,0,34 10 9,1,9,,81927,20,0,57 8 9,1,16,,81928,20,0,34 10 9,1,9,,81929,20,0,57 8 9,1,56,,81930,20,0,34 10 9,1,14,,81931,20,0,57 8 9,1,82,,81932,19,0,7 8 9,1,115,,81933,19,0,5 10 9,1,100,,81934,19,0,5 10 9,1,99,,81935,19,0,5 10 9,1,105,,81936,19,0,5 10 9,1,110,,81937,20,0,57 8 9,1,84,,81938,20,0,34 10 9,1,29,,81939,20,0,57 8 9,1,70,,81940,20,0,57 8 9,1,32,,81941,20,0,57 8 9,1,75,,81942,20,0,57 8 9,1,25,,81943,20,0,57 8 9,1,73,,81944,19,0,7 8 9,1,24,,81945,19,0,7 8 9,1,66,,81946,19,0,5 10 9,1,100,,81947,19,0,5 10 9,1,100,,81948,19,0,5 10 9,1,100,,81949,19,0,5 10 9,1,195,,81950,19,0,5 10 9,1
2701,'20260610',618,,81951,19,0,7 8 9,1,111,,81952,20,0,57 8 9,1,25,,81953,20,0,57 8 9,1,61,,81954,20,0,34 10 9,1,9,,81955,20,0,57 8 9,1,16,,81956,20,0,34 10 9,1,9,,81957,20,0,57 8 9,1,56,,81958,20,0,34 10 9,1,14,,81959,20,0,57 8 9,1,82,,81960,19,0,7 8 9,1,115,,81961,19,0,5 10 9,1,100,,81962,19,0,5 10 9,1,99,,81963,19,0,5 10 9,1,105,,81964,19,0,5 10 9,1,110,,81965,20,0,57 8 9,1,84,,81966,20,0,34 10 9,1,29,,81967,20,0,57 8 9,1,70,,81968,20,0,57 8 9,1,32,,81969,20,0,57 8 9,1,75,,81970,20,0,57 8 9,1,25,,81971,20,0,57 8 9,1,73,,81972,19,0,7 8 9,1,24,,81973,19,0,7 8 9,1,66,,81974,19,0,5 10 9,1,100,,81975,19,0,5 10 9,1,100,,81976,19,0,5 10 9,1,100,,81977,19,0,5 10 9,1,195,,81978,19,0,5 10 9,1
2701,'20260611',618,,81979,19,0,7 8 9,1,111,,81980,20,0,57 8 9,1,25,,81981,20,0,57 8 9,1,61,,81982,20,0,34 10 9,1,9,,81983,20,0,57 8 9,1,16,,81984,20,0,34 10 9,1,9,,81985,20,0,57 8 9,1,56,,81986,20,0,34 10 9,1,14,,81987,20,0,57 8 9,1,82,,81988,19,0,7 8 9,1,115,,81989,19,0,5 10 9,1,100,,81990,19,0,5 10 9,1,99,,81991,19,0,5 10 9,1,105,,81992,19,0,5 10 9,1,110,,81993,20,0,57 8 9,1,84,,81994,20,0,34 10 9,1,29,,81995,20,0,57 8 9,1,70,,81996,20,0,57 8 9,1,32,,81997,20,0,57 8 9,1,75,,81998,20,0,57 8 9,1,25,,81999,20,0,57 8 9,1,73,,82000,19,0,7 8 9,1,24,,82001,19,0,7 8 9,1,66,,82002,19,0,5 10 9,1,100,,82003,19,0,5 10 9,1,100,,82004,19,0,5 10 9,1,100,,82005,19,0,5 10 9,1,195,,82006,19,0,5 10 9,1
2701,'20260612',618,,82007,19,0,7 8 9,1,111,,82008,20,0,57 8 9,1,25,,82009,20,0,57 8 9,1,61,,82010,20,0,34 10 9,1,9,,82011,20,0,57 8 9,1,16,,82012,20,0,34 10 9,1,9,,82013,20,0,57 8 9,1,56,,82014,20,0,34 10 9,1,14,,82015,20,0,57 8 9,1,82,,82016,19,0,7 8 9,1,115,,82017,19,0,5 10 9,1,100,,82018,19,0,5 10 9,1,99,,82019,19,0,5 10 9,1,105,,82020,19,0,5 10 9,1,110,,82021,20,0,57 8 9,1,84,,82022,20,0,34 10 9,1,29,,82023,20,0,57 8 9,1,70,,82024,20,0,57 8 9,1,32,,82025,20,0,57 8 9,1,75,,82026,20,0,57 8 9,1,25,,82027,20,0,57 8 9,1,73,,82028,19,0,7 8 9,1,24,,82029,19,0,7 8 9,1,66,,82030,19,0,5 10 9,1,100,,82031,19,0,5 10 9,1,100,,82032,19,0,5 10 9,1,100,,82033,19,0,5 10 9,1,195,,82034,19,0,5 10 9,1
4801,'20260506',626,,105626,8,,,1,100,,105627,8,,,1,103,,105628,8,,,1,100,,105629,8,,,1,97,,105630,8,,,1,200,,105631,8,,,1,203,,105632,8,,,1,100,,105633,8,,,1,102,,105634,8,,,1,105,,105635,8,,,1,95,,105636,8,,,1,95,,105637,8,,,1,100,,105638,8,,,1,100,,105639,8,,,1,198,,105640,8,,,1,200,,105641,8,,,1
4801,'20260507',626,,105642,8,,,1,100,,105643,8,,,1,103,,105644,8,,,1,100,,105645,8,,,1,97,,105646,8,,,1,200,,105647,8,,,1,203,,105648,8,,,1,100,,105649,8,,,1,102,,105650,8,,,1,105,,105651,8,,,1,95,,105652,8,,,1,95,,105653,8,,,1,100,,105654,8,,,1,100,,105655,8,,,1,198,,105656,8,,,1,200,,105657,8,,,1
4801,'20260508',626,,105658,8,,,1,100,,105659,8,,,1,103,,105660,8,,,1,100,,105661,8,,,1,97,,105662,8,,,1,200,,105663,8,,,1,203,,105664,8,,,1,100,,105665,8,,,1,102,,105666,8,,,1,105,,105667,8,,,1,95,,105668,8,,,1,95,,105669,8,,,1,100,,105670,8,,,1,100,,105671,8,,,1,198,,105672,8,,,1,200,,105673,8,,,1
4801,'20260511',626,,105674,8,,,1,100,,105675,8,,,1,103,,105676,8,,,1,100,,105677,8,,,1,97,,105678,8,,,1,200,,105679,8,,,1,203,,105680,8,,,1,100,,105681,8,,,1,102,,105682,8,,,1,105,,105683,8,,,1,95,,105684,8,,,1,95,,105685,8,,,1,100,,105686,8,,,1,100,,105687,8,,,1,198,,105688,8,,,1,200,,105689,8,,,1
4801,'20260512',626,,105690,8,,,1,100,,105691,8,,,1,103,,105692,8,,,1,100,,105693,8,,,1,97,,105694,8,,,1,200,,105695,8,,,1,203,,105696,8,,,1,100,,105697,8,,,1,102,,105698,8,,,1,105,,105699,8,,,1,95,,105700,8,,,1,95,,105701,8,,,1,100,,105702,8,,,1,100,,105703,8,,,1,198,,105704,8,,,1,200,,105705,8,,,1
4801,'20260513',626,,105706,8,,,1,100,,105707,8,,,1,103,,105708,8,,,1,100,,105709,8,,,1,97,,105710,8,,,1,200,,105711,8,,,1,203,,105712,8,,,1,100,,105713,8,,,1,102,,105714,8,,,1,105,,105715,8,,,1,95,,105716,8,,,1,95,,105717,8,,,1,100,,105718,8,,,1,100,,105719,8,,,1,198,,105720,8,,,1,200,,105721,8,,,1
4801,'20260514',626,,105722,8,,,1,100,,105723,8,,,1,103,,105724,8,,,1,100,,105725,8,,,1,97,,105726,8,,,1,200,,105727,8,,,1,203,,105728,8,,,1,100,,105729,8,,,1,102,,105730,8,,,1,105,,105731,8,,,1,95,,105732,8,,,1,95,,105733,8,,,1,100,,105734,8,,,1,100,,105735,8,,,1,198,,105736,8,,,1,200,,105737,8,,,1
4801,'20260515',626,,105738,8,,,1,100,,105739,8,,,1,103,,105740,8,,,1,100,,105741,8,,,1,97,,105742,8,,,1,200,,105743,8,,,1,203,,105744,8,,,1,100,,105745,8,,,1,102,,105746,8,,,1,105,,105747,8,,,1,95,,105748,8,,,1,95,,105749,8,,,1,100,,105750,8,,,1,100,,105751,8,,,1,198,,105752,8,,,1,200,,105753,8,,,1
4801,'20260519',626,,105754,8,,,1,100,,105755,8,,,1,103,,105756,8,,,1,100,,105757,8,,,1,97,,105758,8,,,1,200,,105759,8,,,1,203,,105760,8,,,1,100,,105761,8,,,1,102,,105762,8,,,1,105,,105763,8,,,1,95,,105764,8,,,1,95,,105765,8,,,1,100,,105766,8,,,1,100,,105767,8,,,1,198,,105768,8,,,1,200,,105769,8,,,1
4801,'20260520',626,,105770,8,,,1,100,,105771,8,,,1,103,,105772,8,,,1,100,,105773,8,,,1,97,,105774,8,,,1,200,,105775,8,,,1,203,,105776,8,,,1,100,,105777,8,,,1,102,,105778,8,,,1,105,,105779,8,,,1,95,,105780,8,,,1,95,,105781,8,,,1,100,,105782,8,,,1,100,,105783,8,,,1,198,,105784,8,,,1,200,,105785,8,,,1
4801,'20260521',626,,105786,8,,,1,100,,105787,8,,,1,103,,105788,8,,,1,100,,105789,8,,,1,97,,105790,8,,,1,200,,105791,8,,,1,203,,105792,8,,,1,100,,105793,8,,,1,102,,105794,8,,,1,105,,105795,8,,,1,95,,105796,8,,,1,95,,105797,8,,,1,100,,105798,8,,,1,100,,105799,8,,,1,198,,105800,8,,,1,200,,105801,8,,,1
4801,'20260522',626,,105802,8,,,1,100,,105803,8,,,1,103,,105804,8,,,1,100,,105805,8,,,1,97,,105806,8,,,1,200,,105807,8,,,1,203,,105808,8,,,1,100,,105809,8,,,1,102,,105810,8,,,1,105,,105811,8,,,1,95,,105812,8,,,1,95,,105813,8,,,1,100,,105814,8,,,1,100,,105815,8,,,1,198,,105816,8,,,1,200,,105817,8,,,1
4801,'20260525',626,,105818,8,,,1,100,,105819,8,,,1,103,,105820,8,,,1,100,,105821,8,,,1,97,,105822,8,,,1,200,,105823,8,,,1,203,,105824,8,,,1,100,,105825,8,,,1,102,,105826,8,,,1,105,,105827,8,,,1,95,,105828,8,,,1,95,,105829,8,,,1,100,,105830,8,,,1,100,,105831,8,,,1,198,,105832,8,,,1,200,,105833,8,,,1
4801,'20260526',626,,105834,8,,,1,100,,105835,8,,,1,103,,105836,8,,,1,100,,105837,8,,,1,97,,105838,8,,,1,200,,105839,8,,,1,203,,105840,8,,,1,100,,105841,8,,,1,102,,105842,8,,,1,105,,105843,8,,,1,95,,105844,8,,,1,95,,105845,8,,,1,100,,105846,8,,,1,100,,105847,8,,,1,198,,105848,8,,,1,200,,105849,8,,,1
4801,'20260527',626,,105850,8,,,1,100,,105851,8,,,1,103,,105852,8,,,1,100,,105853,8,,,1,97,,105854,8,,,1,200,,105855,8,,,1,203,,105856,8,,,1,100,,105857,8,,,1,102,,105858,8,,,1,105,,105859,8,,,1,95,,105860,8,,,1,95,,105861,8,,,1,100,,105862,8,,,1,100,,105863,8,,,1,198,,105864,8,,,1,200,,105865,8,,,1
4801,'20260528',626,,105866,8,,,1,100,,105867,8,,,1,103,,105868,8,,,1,100,,105869,8,,,1,97,,105870,8,,,1,200,,105871,8,,,1,203,,105872,8,,,1,100,,105873,8,,,1,102,,105874,8,,,1,105,,105875,8,,,1,95,,105876,8,,,1,95,,105877,8,,,1,100,,105878,8,,,1,100,,105879,8,,,1,198,,105880,8,,,1,200,,105881,8,,,1
4801,'20260529',626,,105882,8,,,1,100,,105883,8,,,1,103,,105884,8,,,1,100,,105885,8,,,1,97,,105886,8,,,1,200,,105887,8,,,1,203,,105888,8,,,1,100,,105889,8,,,1,102,,105890,8,,,1,105,,105891,8,,,1,95,,105892,8,,,1,95,,105893,8,,,1,100,,105894,8,,,1,100,,105895,8,,,1,198,,105896,8,,,1,200,,105897,8,,,1
4801,'20260601',626,,105898,8,,,1,100,,105899,8,,,1,103,,105900,8,,,1,100,,105901,8,,,1,97,,105902,8,,,1,200,,105903,8,,,1,203,,105904,8,,,1,100,,105905,8,,,1,102,,105906,8,,,1,105,,105907,8,,,1,95,,105908,8,,,1,95,,105909,8,,,1,100,,105910,8,,,1,100,,105911,8,,,1,198,,105912,8,,,1,200,,105913,8,,,1
4801,'20260602',626,,105914,8,,,1,100,,105915,8,,,1,103,,105916,8,,,1,100,,105917,8,,,1,97,,105918,8,,,1,200,,105919,8,,,1,203,,105920,8,,,1,100,,105921,8,,,1,102,,105922,8,,,1,105,,105923,8,,,1,95,,105924,8,,,1,95,,105925,8,,,1,100,,105926,8,,,1,100,,105927,8,,,1,198,,105928,8,,,1,200,,105929,8,,,1
4801,'20260603',626,,105930,8,,,1,100,,105931,8,,,1,103,,105932,8,,,1,100,,105933,8,,,1,97,,105934,8,,,1,200,,105935,8,,,1,203,,105936,8,,,1,100,,105937,8,,,1,102,,105938,8,,,1,105,,105939,8,,,1,95,,105940,8,,,1,95,,105941,8,,,1,100,,105942,8,,,1,100,,105943,8,,,1,198,,105944,8,,,1,200,,105945,8,,,1
4801,'20260604',626,,105946,8,,,1,100,,105947,8,,,1,103,,105948,8,,,1,100,,105949,8,,,1,97,,105950,8,,,1,200,,105951,8,,,1,203,,105952,8,,,1,100,,105953,8,,,1,102,,105954,8,,,1,105,,105955,8,,,1,95,,105956,8,,,1,95,,105957,8,,,1,100,,105958,8,,,1,100,,105959,8,,,1,198,,105960,8,,,1,200,,105961,8,,,1
4801,'20260605',626,,105962,8,,,1,100,,105963,8,,,1,103,,105964,8,,,1,100,,105965,8,,,1,97,,105966,8,,,1,200,,105967,8,,,1,203,,105968,8,,,1,100,,105969,8,,,1,102,,105970,8,,,1,105,,105971,8,,,1,95,,105972,8,,,1,95,,105973,8,,,1,100,,105974,8,,,1,100,,105975,8,,,1,198,,105976,8,,,1,200,,105977,8,,,1
4801,'20260608',626,,105978,8,,,1,100,,105979,8,,,1,103,,105980,8,,,1,100,,105981,8,,,1,97,,105982,8,,,1,200,,105983,8,,,1,203,,105984,8,,,1,100,,105985,8,,,1,102,,105986,8,,,1,105,,105987,8,,,1,95,,105988,8,,,1,95,,105989,8,,,1,100,,105990,8,,,1,100,,105991,8,,,1,198,,105992,8,,,1,200,,105993,8,,,1
4801,'20260609',626,,105994,8,,,1,100,,105995,8,,,1,103,,105996,8,,,1,100,,105997,8,,,1,97,,105998,8,,,1,200,,105999,8,,,1,203,,106000,8,,,1,100,,106001,8,,,1,102,,106002,8,,,1,105,,106003,8,,,1,95,,106004,8,,,1,95,,106005,8,,,1,100,,106006,8,,,1,100,,106007,8,,,1,198,,106008,8,,,1,200,,106009,8,,,1
4801,'20260610',626,,106010,8,,,1,100,,106011,8,,,1,103,,106012,8,,,1,100,,106013,8,,,1,97,,106014,8,,,1,200,,106015,8,,,1,203,,106016,8,,,1,100,,106017,8,,,1,102,,106018,8,,,1,105,,106019,8,,,1,95,,106020,8,,,1,95,,106021,8,,,1,100,,106022,8,,,1,100,,106023,8,,,1,198,,106024,8,,,1,200,,106025,8,,,1
4801,'20260611',626,,106026,8,,,1,100,,106027,8,,,1,103,,106028,8,,,1,100,,106029,8,,,1,97,,106030,8,,,1,200,,106031,8,,,1,203,,106032,8,,,1,100,,106033,8,,,1,102,,106034,8,,,1,105,,106035,8,,,1,95,,106036,8,,,1,95,,106037,8,,,1,100,,106038,8,,,1,100,,106039,8,,,1,198,,106040,8,,,1,200,,106041,8,,,1
4801,'20260612',626,,106042,8,,,1,100,,106043,8,,,1,103,,106044,8,,,1,100,,106045,8,,,1,97,,106046,8,,,1,200,,106047,8,,,1,203,,106048,8,,,1,100,,106049,8,,,1,102,,106050,8,,,1,105,,106051,8,,,1,95,,106052,8,,,1,95,,106053,8,,,1,100,,106054,8,,,1,100,,106055,8,,,1,198,,106056,8,,,1,200,,106057,8,,,1
