8800,'20260722',1752,,208179,3,0,5 48 43,1,100,,208180,3,0,5 48 43,1
8800,'20260723',1752,,208191,3,0,5 48 43,1,100,,208192,3,0,5 48 43,1
8800,'20260724',1752,,208203,3,0,5 48 43,1,100,,208204,3,0,5 48 43,1
8800,'20260727',1752,,208237,3,0,5 48 43,1,100,,208238,3,0,5 48 43,1
8800,'20260728',1752,,208249,3,0,5 48 43,1,100,,208250,3,0,5 48 43,1
8800,'20260729',1752,,208261,3,0,5 48 43,1,100,,208262,3,0,5 48 43,1
8800,'20260730',1752,,208273,3,0,5 48 43,1,100,,208274,3,0,5 48 43,1
8800,'20260731',1752,,208285,3,0,5 48 43,1,100,,208286,3,0,5 48 43,1
8800,'20260804',1752,,208330,3,0,5 48 43,1,100,,208331,3,0,5 48 43,1
8800,'20260805',1752,,208342,3,0,5 48 43,1,100,,208343,3,0,5 48 43,1
8800,'20260806',1752,,208354,3,0,5 48 43,1,100,,208355,3,0,5 48 43,1
8800,'20260807',1752,,208366,3,0,5 48 43,1,100,,208367,3,0,5 48 43,1
8800,'20260810',1752,,208400,3,0,5 48 43,1,100,,208401,3,0,5 48 43,1
8800,'20260811',1752,,208412,3,0,5 48 43,1,100,,208413,3,0,5 48 43,1
8800,'20260812',1752,,208424,3,0,5 48 43,1,100,,208425,3,0,5 48 43,1
8800,'20260813',1752,,208436,3,0,5 48 43,1,100,,208437,3,0,5 48 43,1
8800,'20260814',1752,,208448,3,0,5 48 43,1,100,,208449,3,0,5 48 43,1
8800,'20260817',1752,,208482,3,0,5 48 43,1,100,,208483,3,0,5 48 43,1
8800,'20260818',1752,,208494,3,0,5 48 43,1,100,,208495,3,0,5 48 43,1
8800,'20260819',1752,,208506,3,0,5 48 43,1,100,,208507,3,0,5 48 43,1
8800,'20260820',1752,,208518,3,0,5 48 43,1,100,,208519,3,0,5 48 43,1
8800,'20260821',1752,,208530,3,0,5 48 43,1,100,,208531,3,0,5 48 43,1
8800,'20260824',1752,,208564,3,0,5 48 43,1,100,,208565,3,0,5 48 43,1
8800,'20260825',1752,,208576,3,0,5 48 43,1,100,,208577,3,0,5 48 43,1
8800,'20260826',1752,,208588,3,0,5 48 43,1,100,,208589,3,0,5 48 43,1
8800,'20260827',1752,,208600,3,0,5 48 43,1,100,,208601,3,0,5 48 43,1
8800,'20260828',1752,,208612,3,0,5 48 43,1,100,,208613,3,0,5 48 43,1
8800,'20260831',1752,,208646,3,0,5 48 43,1,100,,208647,3,0,5 48 43,1
8800,'20260901',1752,,208658,3,0,5 48 43,1,100,,208659,3,0,5 48 43,1
8800,'20260902',1752,,208670,3,0,5 48 43,1,100,,208671,3,0,5 48 43,1
8800,'20260903',1752,,208682,3,0,5 48 43,1,100,,208683,3,0,5 48 43,1
8800,'20260904',1752,,208694,3,0,5 48 43,1,100,,208695,3,0,5 48 43,1
8801,'20260722',559,,209128,24,0,5 11 12 9,1,341,,209130,24,0,5 11 12 9,1
8801,'20260723',559,,209139,24,0,5 11 12 9,1,341,,209141,24,0,5 11 12 9,1
8801,'20260724',559,,209150,24,0,5 11 12 9,1,341,,209152,24,0,5 11 12 9,1
8801,'20260727',559,,209183,24,0,5 11 12 9,1,341,,209185,24,0,5 11 12 9,1
8801,'20260728',559,,209194,24,0,5 11 12 9,1,341,,209196,24,0,5 11 12 9,1
8801,'20260729',559,,209205,24,0,5 11 12 9,1,341,,209207,24,0,5 11 12 9,1
8801,'20260730',559,,209216,24,0,5 11 12 9,1,341,,209218,24,0,5 11 12 9,1
8801,'20260731',559,,209227,24,0,5 11 12 9,1,341,,209229,24,0,5 11 12 9,1
8801,'20260804',559,,209271,24,0,5 11 12 9,1,341,,209273,24,0,5 11 12 9,1
8801,'20260805',559,,209282,24,0,5 11 12 9,1,341,,209284,24,0,5 11 12 9,1
8801,'20260806',559,,209293,24,0,5 11 12 9,1,341,,209295,24,0,5 11 12 9,1
8801,'20260807',559,,209304,24,0,5 11 12 9,1,341,,209306,24,0,5 11 12 9,1
8801,'20260810',559,,209337,24,0,5 11 12 9,1,341,,209339,24,0,5 11 12 9,1
8801,'20260811',559,,209348,24,0,5 11 12 9,1,341,,209350,24,0,5 11 12 9,1
8801,'20260812',559,,209359,24,0,5 11 12 9,1,341,,209361,24,0,5 11 12 9,1
8801,'20260813',559,,209370,24,0,5 11 12 9,1,341,,209372,24,0,5 11 12 9,1
8801,'20260814',559,,209381,24,0,5 11 12 9,1,341,,209383,24,0,5 11 12 9,1
8801,'20260817',559,,209414,24,0,5 11 12 9,1,341,,209416,24,0,5 11 12 9,1
8801,'20260818',559,,209425,24,0,5 11 12 9,1,341,,209427,24,0,5 11 12 9,1
8801,'20260819',559,,209436,24,0,5 11 12 9,1,341,,209438,24,0,5 11 12 9,1
8801,'20260820',559,,209447,24,0,5 11 12 9,1,341,,209449,24,0,5 11 12 9,1
8801,'20260821',559,,209458,24,0,5 11 12 9,1,341,,209460,24,0,5 11 12 9,1
8801,'20260824',559,,209491,24,0,5 11 12 9,1,341,,209493,24,0,5 11 12 9,1
8801,'20260825',559,,209502,24,0,5 11 12 9,1,341,,209504,24,0,5 11 12 9,1
8801,'20260826',559,,209513,24,0,5 11 12 9,1,341,,209515,24,0,5 11 12 9,1
8801,'20260827',559,,209524,24,0,5 11 12 9,1,341,,209526,24,0,5 11 12 9,1
8801,'20260828',559,,209535,24,0,5 11 12 9,1,341,,209537,24,0,5 11 12 9,1
8801,'20260831',559,,209568,24,0,5 11 12 9,1,341,,209570,24,0,5 11 12 9,1
8801,'20260901',559,,209579,24,0,5 11 12 9,1,341,,209581,24,0,5 11 12 9,1
8801,'20260902',559,,209590,24,0,5 11 12 9,1,341,,209592,24,0,5 11 12 9,1
8801,'20260903',559,,209601,24,0,5 11 12 9,1,341,,209603,24,0,5 11 12 9,1
8801,'20260904',559,,209612,24,0,5 11 12 9,1,341,,209614,24,0,5 11 12 9,1
