3100,'20260508',1459,,86384,5,0,5 18 9,1,100,,86385,5,0,5 18 9,1,73,,86386,5,0,5 18 9,1
3100,'20260511',1459,,86410,5,0,5 18 9,1,100,,86411,5,0,5 18 9,1,73,,86412,5,0,5 18 9,1
3100,'20260512',1459,,86418,5,0,5 18 9,1,100,,86419,5,0,5 18 9,1,73,,86420,5,0,5 18 9,1
3100,'20260513',1459,,86426,5,0,5 18 9,1,100,,86427,5,0,5 18 9,1,73,,86428,5,0,5 18 9,1
3100,'20260514',1459,,86434,5,0,5 18 9,1,100,,86435,5,0,5 18 9,1,73,,86436,5,0,5 18 9,1
3100,'20260515',1459,,86442,5,0,5 18 9,1,100,,86443,5,0,5 18 9,1,73,,86444,5,0,5 18 9,1
3100,'20260516',716,,86459,8,0,71 20 39,1,805,,86484,8,0,71 20 39,1
3100,'20260517',716,,86518,8,0,71 20 39,1,805,,86543,8,0,71 20 39,1
3100,'20260518',716,,86577,8,0,71 20 39,1,805,,86602,8,0,71 20 39,1
3100,'20260519',1459,,86627,5,0,5 18 9,1,100,,86628,5,0,5 18 9,1,73,,86629,5,0,5 18 9,1
3100,'20260520',1459,,86635,5,0,5 18 9,1,100,,86636,5,0,5 18 9,1,73,,86637,5,0,5 18 9,1
3100,'20260521',1459,,86643,5,0,5 18 9,1,100,,86644,5,0,5 18 9,1,73,,86645,5,0,5 18 9,1
3100,'20260522',1459,,86651,5,0,5 18 9,1,100,,86652,5,0,5 18 9,1,73,,86653,5,0,5 18 9,1
3100,'20260525',1459,,86677,5,0,5 18 9,1,100,,86678,5,0,5 18 9,1,73,,86679,5,0,5 18 9,1
3100,'20260526',1459,,86685,5,0,5 18 9,1,100,,86686,5,0,5 18 9,1,73,,86687,5,0,5 18 9,1
3100,'20260527',1459,,86693,5,0,5 18 9,1,100,,86694,5,0,5 18 9,1,73,,86695,5,0,5 18 9,1
3100,'20260528',1459,,86701,5,0,5 18 9,1,100,,86702,5,0,5 18 9,1,73,,86703,5,0,5 18 9,1
3100,'20260529',1459,,86709,5,0,5 18 9,1,100,,86710,5,0,5 18 9,1,73,,86711,5,0,5 18 9,1
3100,'20260601',1459,,86735,5,0,5 18 9,1,100,,86736,5,0,5 18 9,1,73,,86737,5,0,5 18 9,1
3100,'20260602',1459,,86743,5,0,5 18 9,1,100,,86744,5,0,5 18 9,1,73,,86745,5,0,5 18 9,1
3100,'20260603',1459,,86751,5,0,5 18 9,1,100,,86752,5,0,5 18 9,1,73,,86753,5,0,5 18 9,1
3100,'20260604',1459,,86759,5,0,5 18 9,1,100,,86760,5,0,5 18 9,1,73,,86761,5,0,5 18 9,1
3100,'20260605',1459,,86767,5,0,5 18 9,1,100,,86768,5,0,5 18 9,1,73,,86769,5,0,5 18 9,1
3100,'20260608',1459,,86793,5,0,5 18 9,1,100,,86794,5,0,5 18 9,1,73,,86795,5,0,5 18 9,1
3100,'20260609',1459,,86801,5,0,5 18 9,1,100,,86802,5,0,5 18 9,1,73,,86803,5,0,5 18 9,1
3100,'20260610',1459,,86809,5,0,5 18 9,1,100,,86810,5,0,5 18 9,1,73,,86811,5,0,5 18 9,1
3100,'20260611',1459,,86817,5,0,5 18 9,1,100,,86818,5,0,5 18 9,1,73,,86819,5,0,5 18 9,1
3100,'20260612',1459,,86825,5,0,5 18 9,1,100,,86826,5,0,5 18 9,1,73,,86827,5,0,5 18 9,1
3100,'20260615',1459,,164382,5,0,5 18 9,1,100,,164383,5,0,5 18 9,1,73,,164384,5,0,5 18 9,1
3100,'20260616',1459,,164390,5,0,5 18 9,1,100,,164391,5,0,5 18 9,1,73,,164392,5,0,5 18 9,1
3100,'20260617',1459,,164398,5,0,5 18 9,1,100,,164399,5,0,5 18 9,1,73,,164400,5,0,5 18 9,1
3100,'20260618',1459,,164406,5,0,5 18 9,1,100,,164407,5,0,5 18 9,1,73,,164408,5,0,5 18 9,1
3100,'20260619',1459,,164414,5,0,5 18 9,1,100,,164415,5,0,5 18 9,1,73,,164416,5,0,5 18 9,1
3100,'20260622',1459,,164440,5,0,5 18 9,1,100,,164441,5,0,5 18 9,1,73,,164442,5,0,5 18 9,1
3100,'20260623',1459,,164448,5,0,5 18 9,1,100,,164449,5,0,5 18 9,1,73,,164450,5,0,5 18 9,1
3100,'20260624',1459,,164456,5,0,5 18 9,1,100,,164457,5,0,5 18 9,1,73,,164458,5,0,5 18 9,1
3100,'20260625',1459,,164464,5,0,5 18 9,1,100,,164465,5,0,5 18 9,1,73,,164466,5,0,5 18 9,1
3100,'20260626',1459,,164472,5,0,5 18 9,1,100,,164473,5,0,5 18 9,1,73,,164474,5,0,5 18 9,1
3100,'20260629',1459,,164498,5,0,5 18 9,1,100,,164499,5,0,5 18 9,1,73,,164500,5,0,5 18 9,1
3100,'20260630',1459,,164506,5,0,5 18 9,1,100,,164507,5,0,5 18 9,1,73,,164508,5,0,5 18 9,1
3100,'20260702',1459,,164523,5,0,5 18 9,1,100,,164524,5,0,5 18 9,1,73,,164525,5,0,5 18 9,1
3100,'20260703',1459,,164531,5,0,5 18 9,1,100,,164532,5,0,5 18 9,1,73,,164533,5,0,5 18 9,1
3100,'20260706',1459,,164557,5,0,5 18 9,1,100,,164558,5,0,5 18 9,1,73,,164559,5,0,5 18 9,1
3100,'20260707',1459,,164565,5,0,5 18 9,1,100,,164566,5,0,5 18 9,1,73,,164567,5,0,5 18 9,1
3100,'20260708',1459,,164573,5,0,5 18 9,1,100,,164574,5,0,5 18 9,1,73,,164575,5,0,5 18 9,1
3100,'20260709',1459,,164581,5,0,5 18 9,1,100,,164582,5,0,5 18 9,1,73,,164583,5,0,5 18 9,1
3100,'20260710',1459,,164589,5,0,5 18 9,1,100,,164590,5,0,5 18 9,1,73,,164591,5,0,5 18 9,1
3100,'20260713',1459,,164615,5,0,5 18 9,1,100,,164616,5,0,5 18 9,1,73,,164617,5,0,5 18 9,1
3100,'20260714',1459,,164623,5,0,5 18 9,1,100,,164624,5,0,5 18 9,1,73,,164625,5,0,5 18 9,1
3100,'20260715',1459,,164631,5,0,5 18 9,1,100,,164632,5,0,5 18 9,1,73,,164633,5,0,5 18 9,1
3100,'20260716',1459,,164639,5,0,5 18 9,1,100,,164640,5,0,5 18 9,1,73,,164641,5,0,5 18 9,1
3100,'20260717',1459,,164647,5,0,5 18 9,1,100,,164648,5,0,5 18 9,1,73,,164649,5,0,5 18 9,1
3100,'20260720',1459,,164673,5,0,5 18 9,1,100,,164674,5,0,5 18 9,1,73,,164675,5,0,5 18 9,1
3100,'20260721',1459,,164681,5,0,5 18 9,1,100,,164682,5,0,5 18 9,1,73,,164683,5,0,5 18 9,1
3100,'20260722',1459,,164689,5,0,5 18 9,1,100,,164690,5,0,5 18 9,1,73,,164691,5,0,5 18 9,1
3100,'20260723',1459,,164697,5,0,5 18 9,1,100,,164698,5,0,5 18 9,1,73,,164699,5,0,5 18 9,1
3100,'20260724',1459,,164705,5,0,5 18 9,1,100,,164706,5,0,5 18 9,1,73,,164707,5,0,5 18 9,1
3100,'20260727',1459,,164731,5,0,5 18 9,1,100,,164732,5,0,5 18 9,1,73,,164733,5,0,5 18 9,1
3100,'20260728',1459,,164739,5,0,5 18 9,1,100,,164740,5,0,5 18 9,1,73,,164741,5,0,5 18 9,1
3100,'20260729',1459,,164747,5,0,5 18 9,1,100,,164748,5,0,5 18 9,1,73,,164749,5,0,5 18 9,1
3100,'20260730',1459,,164755,5,0,5 18 9,1,100,,164756,5,0,5 18 9,1,73,,164757,5,0,5 18 9,1
3100,'20260731',1459,,164763,5,0,5 18 9,1,100,,164764,5,0,5 18 9,1,73,,164765,5,0,5 18 9,1
3100,'20260804',1459,,164798,5,0,5 18 9,1,100,,164799,5,0,5 18 9,1,73,,164800,5,0,5 18 9,1
3100,'20260805',1459,,164806,5,0,5 18 9,1,100,,164807,5,0,5 18 9,1,73,,164808,5,0,5 18 9,1
3100,'20260806',1459,,164814,5,0,5 18 9,1,100,,164815,5,0,5 18 9,1,73,,164816,5,0,5 18 9,1
3100,'20260807',1459,,164822,5,0,5 18 9,1,100,,164823,5,0,5 18 9,1,73,,164824,5,0,5 18 9,1
3100,'20260810',1459,,164848,5,0,5 18 9,1,100,,164849,5,0,5 18 9,1,73,,164850,5,0,5 18 9,1
3100,'20260811',1459,,164856,5,0,5 18 9,1,100,,164857,5,0,5 18 9,1,73,,164858,5,0,5 18 9,1
3100,'20260812',1459,,164864,5,0,5 18 9,1,100,,164865,5,0,5 18 9,1,73,,164866,5,0,5 18 9,1
3100,'20260813',1459,,164872,5,0,5 18 9,1,100,,164873,5,0,5 18 9,1,73,,164874,5,0,5 18 9,1
3100,'20260814',1459,,164880,5,0,5 18 9,1,100,,164881,5,0,5 18 9,1,73,,164882,5,0,5 18 9,1
3100,'20260817',1459,,164906,5,0,5 18 9,1,100,,164907,5,0,5 18 9,1,73,,164908,5,0,5 18 9,1
3100,'20260818',1459,,164914,5,0,5 18 9,1,100,,164915,5,0,5 18 9,1,73,,164916,5,0,5 18 9,1
3100,'20260819',1459,,164922,5,0,5 18 9,1,100,,164923,5,0,5 18 9,1,73,,164924,5,0,5 18 9,1
3100,'20260820',1459,,164930,5,0,5 18 9,1,100,,164931,5,0,5 18 9,1,73,,164932,5,0,5 18 9,1
3100,'20260821',1459,,164938,5,0,5 18 9,1,100,,164939,5,0,5 18 9,1,73,,164940,5,0,5 18 9,1
3100,'20260824',1459,,164964,5,0,5 18 9,1,100,,164965,5,0,5 18 9,1,73,,164966,5,0,5 18 9,1
3100,'20260825',1459,,164972,5,0,5 18 9,1,100,,164973,5,0,5 18 9,1,73,,164974,5,0,5 18 9,1
3100,'20260826',1459,,164980,5,0,5 18 9,1,100,,164981,5,0,5 18 9,1,73,,164982,5,0,5 18 9,1
3100,'20260827',1459,,164988,5,0,5 18 9,1,100,,164989,5,0,5 18 9,1,73,,164990,5,0,5 18 9,1
3100,'20260828',1459,,164996,5,0,5 18 9,1,100,,164997,5,0,5 18 9,1,73,,164998,5,0,5 18 9,1
3100,'20260831',1459,,165022,5,0,5 18 9,1,100,,165023,5,0,5 18 9,1,73,,165024,5,0,5 18 9,1
3100,'20260901',1459,,165030,5,0,5 18 9,1,100,,165031,5,0,5 18 9,1,73,,165032,5,0,5 18 9,1
3100,'20260902',1459,,165038,5,0,5 18 9,1,100,,165039,5,0,5 18 9,1,73,,165040,5,0,5 18 9,1
3100,'20260903',1459,,165046,5,0,5 18 9,1,100,,165047,5,0,5 18 9,1,73,,165048,5,0,5 18 9,1
3100,'20260904',1459,,165054,5,0,5 18 9,1,100,,165055,5,0,5 18 9,1,73,,165056,5,0,5 18 9,1
3300,'20260508',553,,89224,5,,,1,185,,89228,5,,,1,186,,89231,5,0,57 14 15 9,1,200,,89234,5,0,57 14 15 9,1,200,,89237,5,0,57 14 15 9,1,95,,89239,5,0,57 14 15 9,1,290,,89244,5,,,1,116,,89245,5,0,57 14 15 9,1,200,,89249,5,0,57 14 15 9,1
3300,'20260509',628,,89252,5,,,1,195,,89253,5,,,1,97,,89254,5,0,57 14 15 9,1,100,,89255,5,,,1,200,,89256,5,,,1,200,,89257,5,,,1,200,,89258,5,,,1,205,,89260,5,,,1,200,,89261,5,,,1
3300,'20260510',628,,89263,5,,,1,195,,89264,5,,,1,97,,89265,5,0,57 14 15 9,1,100,,89266,5,,,1,200,,89267,5,,,1,200,,89268,5,,,1,200,,89269,5,,,1,205,,89271,5,,,1,200,,89272,5,,,1
3300,'20260511',553,,89281,5,,,1,185,,89285,5,,,1,186,,89288,5,0,57 14 15 9,1,200,,89291,5,0,57 14 15 9,1,200,,89294,5,0,57 14 15 9,1,95,,89296,5,0,57 14 15 9,1,290,,89301,5,,,1,116,,89302,5,0,57 14 15 9,1,200,,89306,5,0,57 14 15 9,1
3300,'20260512',553,,89316,5,,,1,185,,89320,5,,,1,186,,89323,5,0,57 14 15 9,1,200,,89326,5,0,57 14 15 9,1,200,,89329,5,0,57 14 15 9,1,95,,89331,5,0,57 14 15 9,1,290,,89336,5,,,1,116,,89337,5,0,57 14 15 9,1,200,,89341,5,0,57 14 15 9,1
3300,'20260513',553,,89351,5,,,1,185,,89355,5,,,1,186,,89358,5,0,57 14 15 9,1,200,,89361,5,0,57 14 15 9,1,200,,89364,5,0,57 14 15 9,1,95,,89366,5,0,57 14 15 9,1,290,,89371,5,,,1,116,,89372,5,0,57 14 15 9,1,200,,89376,5,0,57 14 15 9,1
3300,'20260514',553,,89386,5,,,1,185,,89390,5,,,1,186,,89393,5,0,57 14 15 9,1,200,,89396,5,0,57 14 15 9,1,200,,89399,5,0,57 14 15 9,1,95,,89401,5,0,57 14 15 9,1,290,,89406,5,,,1,116,,89407,5,0,57 14 15 9,1,200,,89411,5,0,57 14 15 9,1
3300,'20260515',553,,89421,5,,,1,185,,89425,5,,,1,186,,89428,5,0,57 14 15 9,1,200,,89431,5,0,57 14 15 9,1,200,,89434,5,0,57 14 15 9,1,95,,89436,5,0,57 14 15 9,1,290,,89441,5,,,1,116,,89442,5,0,57 14 15 9,1,200,,89446,5,0,57 14 15 9,1
3300,'20260516',628,,89449,5,,,1,195,,89450,5,,,1,97,,89451,5,0,57 14 15 9,1,100,,89452,5,,,1,200,,89453,5,,,1,200,,89454,5,,,1,200,,89455,5,,,1,205,,89457,5,,,1,200,,89458,5,,,1
3300,'20260517',628,,89460,5,,,1,195,,89461,5,,,1,97,,89462,5,0,57 14 15 9,1,100,,89463,5,,,1,200,,89464,5,,,1,200,,89465,5,,,1,200,,89466,5,,,1,205,,89468,5,,,1,200,,89469,5,,,1
3300,'20260518',628,,89471,5,,,1,195,,89472,5,,,1,97,,89473,5,0,57 14 15 9,1,100,,89474,5,,,1,200,,89475,5,,,1,200,,89476,5,,,1,200,,89477,5,,,1,205,,89479,5,,,1,200,,89480,5,,,1
3300,'20260519',553,,89489,5,,,1,185,,89493,5,,,1,186,,89496,5,0,57 14 15 9,1,200,,89499,5,0,57 14 15 9,1,200,,89502,5,0,57 14 15 9,1,95,,89504,5,0,57 14 15 9,1,290,,89509,5,,,1,116,,89510,5,0,57 14 15 9,1,200,,89514,5,0,57 14 15 9,1
3300,'20260520',553,,89524,5,,,1,185,,89528,5,,,1,186,,89531,5,0,57 14 15 9,1,200,,89534,5,0,57 14 15 9,1,200,,89537,5,0,57 14 15 9,1,95,,89539,5,0,57 14 15 9,1,290,,89544,5,,,1,116,,89545,5,0,57 14 15 9,1,200,,89549,5,0,57 14 15 9,1
3300,'20260521',553,,89559,5,,,1,185,,89563,5,,,1,186,,89566,5,0,57 14 15 9,1,200,,89569,5,0,57 14 15 9,1,200,,89572,5,0,57 14 15 9,1,95,,89574,5,0,57 14 15 9,1,290,,89579,5,,,1,116,,89580,5,0,57 14 15 9,1,200,,89584,5,0,57 14 15 9,1
3300,'20260522',553,,89594,5,,,1,185,,89598,5,,,1,186,,89601,5,0,57 14 15 9,1,200,,89604,5,0,57 14 15 9,1,200,,89607,5,0,57 14 15 9,1,95,,89609,5,0,57 14 15 9,1,290,,89614,5,,,1,116,,89615,5,0,57 14 15 9,1,200,,89619,5,0,57 14 15 9,1
3300,'20260523',628,,89622,5,,,1,195,,89623,5,,,1,97,,89624,5,0,57 14 15 9,1,100,,89625,5,,,1,200,,89626,5,,,1,200,,89627,5,,,1,200,,89628,5,,,1,205,,89630,5,,,1,200,,89631,5,,,1
3300,'20260524',628,,89633,5,,,1,195,,89634,5,,,1,97,,89635,5,0,57 14 15 9,1,100,,89636,5,,,1,200,,89637,5,,,1,200,,89638,5,,,1,200,,89639,5,,,1,205,,89641,5,,,1,200,,89642,5,,,1
3300,'20260525',553,,89651,5,,,1,185,,89655,5,,,1,186,,89658,5,0,57 14 15 9,1,200,,89661,5,0,57 14 15 9,1,200,,89664,5,0,57 14 15 9,1,95,,89666,5,0,57 14 15 9,1,290,,89671,5,,,1,116,,89672,5,0,57 14 15 9,1,200,,89676,5,0,57 14 15 9,1
3300,'20260526',553,,89686,5,,,1,185,,89690,5,,,1,186,,89693,5,0,57 14 15 9,1,200,,89696,5,0,57 14 15 9,1,200,,89699,5,0,57 14 15 9,1,95,,89701,5,0,57 14 15 9,1,290,,89706,5,,,1,116,,89707,5,0,57 14 15 9,1,200,,89711,5,0,57 14 15 9,1
3300,'20260527',553,,89721,5,,,1,185,,89725,5,,,1,186,,89728,5,0,57 14 15 9,1,200,,89731,5,0,57 14 15 9,1,200,,89734,5,0,57 14 15 9,1,95,,89736,5,0,57 14 15 9,1,290,,89741,5,,,1,116,,89742,5,0,57 14 15 9,1,200,,89746,5,0,57 14 15 9,1
3300,'20260528',553,,89756,5,,,1,185,,89760,5,,,1,186,,89763,5,0,57 14 15 9,1,200,,89766,5,0,57 14 15 9,1,200,,89769,5,0,57 14 15 9,1,95,,89771,5,0,57 14 15 9,1,290,,89776,5,,,1,116,,89777,5,0,57 14 15 9,1,200,,89781,5,0,57 14 15 9,1
3300,'20260529',553,,89791,5,,,1,185,,89795,5,,,1,186,,89798,5,0,57 14 15 9,1,200,,89801,5,0,57 14 15 9,1,200,,89804,5,0,57 14 15 9,1,95,,89806,5,0,57 14 15 9,1,290,,89811,5,,,1,116,,89812,5,0,57 14 15 9,1,200,,89816,5,0,57 14 15 9,1
3300,'20260530',628,,89819,5,,,1,195,,89820,5,,,1,97,,89821,5,0,57 14 15 9,1,100,,89822,5,,,1,200,,89823,5,,,1,200,,89824,5,,,1,200,,89825,5,,,1,205,,89827,5,,,1,200,,89828,5,,,1
3300,'20260531',628,,89830,5,,,1,195,,89831,5,,,1,97,,89832,5,0,57 14 15 9,1,100,,89833,5,,,1,200,,89834,5,,,1,200,,89835,5,,,1,200,,89836,5,,,1,205,,89838,5,,,1,200,,89839,5,,,1
3300,'20260601',553,,89848,5,,,1,185,,89852,5,,,1,186,,89855,5,0,57 14 15 9,1,200,,89858,5,0,57 14 15 9,1,200,,89861,5,0,57 14 15 9,1,95,,89863,5,0,57 14 15 9,1,290,,89868,5,,,1,116,,89869,5,0,57 14 15 9,1,200,,89873,5,0,57 14 15 9,1
3300,'20260602',553,,89883,5,,,1,185,,89887,5,,,1,186,,89890,5,0,57 14 15 9,1,200,,89893,5,0,57 14 15 9,1,200,,89896,5,0,57 14 15 9,1,95,,89898,5,0,57 14 15 9,1,290,,89903,5,,,1,116,,89904,5,0,57 14 15 9,1,200,,89908,5,0,57 14 15 9,1
3300,'20260603',553,,89918,5,,,1,185,,89922,5,,,1,186,,89925,5,0,57 14 15 9,1,200,,89928,5,0,57 14 15 9,1,200,,89931,5,0,57 14 15 9,1,95,,89933,5,0,57 14 15 9,1,290,,89938,5,,,1,116,,89939,5,0,57 14 15 9,1,200,,89943,5,0,57 14 15 9,1
3300,'20260604',553,,89953,5,,,1,185,,89957,5,,,1,186,,89960,5,0,57 14 15 9,1,200,,89963,5,0,57 14 15 9,1,200,,89966,5,0,57 14 15 9,1,95,,89968,5,0,57 14 15 9,1,290,,89973,5,,,1,116,,89974,5,0,57 14 15 9,1,200,,89978,5,0,57 14 15 9,1
3300,'20260605',553,,89988,5,,,1,185,,89992,5,,,1,186,,89995,5,0,57 14 15 9,1,200,,89998,5,0,57 14 15 9,1,200,,90001,5,0,57 14 15 9,1,95,,90003,5,0,57 14 15 9,1,290,,90008,5,,,1,116,,90009,5,0,57 14 15 9,1,200,,90013,5,0,57 14 15 9,1
3300,'20260606',628,,90016,5,,,1,195,,90017,5,,,1,97,,90018,5,0,57 14 15 9,1,100,,90019,5,,,1,200,,90020,5,,,1,200,,90021,5,,,1,200,,90022,5,,,1,205,,90024,5,,,1,200,,90025,5,,,1
3300,'20260607',628,,90027,5,,,1,195,,90028,5,,,1,97,,90029,5,0,57 14 15 9,1,100,,90030,5,,,1,200,,90031,5,,,1,200,,90032,5,,,1,200,,90033,5,,,1,205,,90035,5,,,1,200,,90036,5,,,1
3300,'20260608',553,,90045,5,,,1,185,,90049,5,,,1,186,,90052,5,0,57 14 15 9,1,200,,90055,5,0,57 14 15 9,1,200,,90058,5,0,57 14 15 9,1,95,,90060,5,0,57 14 15 9,1,290,,90065,5,,,1,116,,90066,5,0,57 14 15 9,1,200,,90070,5,0,57 14 15 9,1
3300,'20260609',553,,90080,5,,,1,185,,90084,5,,,1,186,,90087,5,0,57 14 15 9,1,200,,90090,5,0,57 14 15 9,1,200,,90093,5,0,57 14 15 9,1,95,,90095,5,0,57 14 15 9,1,290,,90100,5,,,1,116,,90101,5,0,57 14 15 9,1,200,,90105,5,0,57 14 15 9,1
3300,'20260610',553,,90115,5,,,1,185,,90119,5,,,1,186,,90122,5,0,57 14 15 9,1,200,,90125,5,0,57 14 15 9,1,200,,90128,5,0,57 14 15 9,1,95,,90130,5,0,57 14 15 9,1,290,,90135,5,,,1,116,,90136,5,0,57 14 15 9,1,200,,90140,5,0,57 14 15 9,1
3300,'20260611',553,,90150,5,,,1,185,,90154,5,,,1,186,,90157,5,0,57 14 15 9,1,200,,90160,5,0,57 14 15 9,1,200,,90163,5,0,57 14 15 9,1,95,,90165,5,0,57 14 15 9,1,290,,90170,5,,,1,116,,90171,5,0,57 14 15 9,1,200,,90175,5,0,57 14 15 9,1
3300,'20260612',553,,90185,5,,,1,185,,90189,5,,,1,186,,90192,5,0,57 14 15 9,1,200,,90195,5,0,57 14 15 9,1,200,,90198,5,0,57 14 15 9,1,95,,90200,5,0,57 14 15 9,1,290,,90205,5,,,1,116,,90206,5,0,57 14 15 9,1,200,,90210,5,0,57 14 15 9,1
3300,'20260613',628,,168259,5,,,1,195,,168260,5,,,1,97,,168261,5,0,57 14 15 9,1,100,,168262,5,,,1,200,,168263,5,,,1,200,,168264,5,,,1,200,,168265,5,,,1,205,,168267,5,,,1,200,,168268,5,,,1
3300,'20260614',628,,168270,5,,,1,195,,168271,5,,,1,97,,168272,5,0,57 14 15 9,1,100,,168273,5,,,1,200,,168274,5,,,1,200,,168275,5,,,1,200,,168276,5,,,1,205,,168278,5,,,1,200,,168279,5,,,1
3300,'20260615',553,,168288,5,,,1,185,,168292,5,,,1,186,,168295,5,0,57 14 15 9,1,200,,168298,5,0,57 14 15 9,1,200,,168301,5,0,57 14 15 9,1,95,,168303,5,0,57 14 15 9,1,290,,168308,5,,,1,116,,168309,5,0,57 14 15 9,1,200,,168313,5,0,57 14 15 9,1
3300,'20260616',553,,168323,5,,,1,185,,168327,5,,,1,186,,168330,5,0,57 14 15 9,1,200,,168333,5,0,57 14 15 9,1,200,,168336,5,0,57 14 15 9,1,95,,168338,5,0,57 14 15 9,1,290,,168343,5,,,1,116,,168344,5,0,57 14 15 9,1,200,,168348,5,0,57 14 15 9,1
3300,'20260617',553,,168358,5,,,1,185,,168362,5,,,1,186,,168365,5,0,57 14 15 9,1,200,,168368,5,0,57 14 15 9,1,200,,168371,5,0,57 14 15 9,1,95,,168373,5,0,57 14 15 9,1,290,,168378,5,,,1,116,,168379,5,0,57 14 15 9,1,200,,168383,5,0,57 14 15 9,1
3300,'20260618',553,,168393,5,,,1,185,,168397,5,,,1,186,,168400,5,0,57 14 15 9,1,200,,168403,5,0,57 14 15 9,1,200,,168406,5,0,57 14 15 9,1,95,,168408,5,0,57 14 15 9,1,290,,168413,5,,,1,116,,168414,5,0,57 14 15 9,1,200,,168418,5,0,57 14 15 9,1
3300,'20260619',553,,168428,5,,,1,185,,168432,5,,,1,186,,168435,5,0,57 14 15 9,1,200,,168438,5,0,57 14 15 9,1,200,,168441,5,0,57 14 15 9,1,95,,168443,5,0,57 14 15 9,1,290,,168448,5,,,1,116,,168449,5,0,57 14 15 9,1,200,,168453,5,0,57 14 15 9,1
3300,'20260620',628,,168456,5,,,1,195,,168457,5,,,1,97,,168458,5,0,57 14 15 9,1,100,,168459,5,,,1,200,,168460,5,,,1,200,,168461,5,,,1,200,,168462,5,,,1,205,,168464,5,,,1,200,,168465,5,,,1
3300,'20260621',628,,168467,5,,,1,195,,168468,5,,,1,97,,168469,5,0,57 14 15 9,1,100,,168470,5,,,1,200,,168471,5,,,1,200,,168472,5,,,1,200,,168473,5,,,1,205,,168475,5,,,1,200,,168476,5,,,1
3300,'20260622',553,,168485,5,,,1,185,,168489,5,,,1,186,,168492,5,0,57 14 15 9,1,200,,168495,5,0,57 14 15 9,1,200,,168498,5,0,57 14 15 9,1,95,,168500,5,0,57 14 15 9,1,290,,168505,5,,,1,116,,168506,5,0,57 14 15 9,1,200,,168510,5,0,57 14 15 9,1
3300,'20260623',553,,168520,5,,,1,185,,168524,5,,,1,186,,168527,5,0,57 14 15 9,1,200,,168530,5,0,57 14 15 9,1,200,,168533,5,0,57 14 15 9,1,95,,168535,5,0,57 14 15 9,1,290,,168540,5,,,1,116,,168541,5,0,57 14 15 9,1,200,,168545,5,0,57 14 15 9,1
3300,'20260624',553,,168555,5,,,1,185,,168559,5,,,1,186,,168562,5,0,57 14 15 9,1,200,,168565,5,0,57 14 15 9,1,200,,168568,5,0,57 14 15 9,1,95,,168570,5,0,57 14 15 9,1,290,,168575,5,,,1,116,,168576,5,0,57 14 15 9,1,200,,168580,5,0,57 14 15 9,1
3300,'20260625',553,,168590,5,,,1,185,,168594,5,,,1,186,,168597,5,0,57 14 15 9,1,200,,168600,5,0,57 14 15 9,1,200,,168603,5,0,57 14 15 9,1,95,,168605,5,0,57 14 15 9,1,290,,168610,5,,,1,116,,168611,5,0,57 14 15 9,1,200,,168615,5,0,57 14 15 9,1
3300,'20260626',553,,168625,5,,,1,185,,168629,5,,,1,186,,168632,5,0,57 14 15 9,1,200,,168635,5,0,57 14 15 9,1,200,,168638,5,0,57 14 15 9,1,95,,168640,5,0,57 14 15 9,1,290,,168645,5,,,1,116,,168646,5,0,57 14 15 9,1,200,,168650,5,0,57 14 15 9,1
3300,'20260627',628,,168653,5,,,1,195,,168654,5,,,1,97,,168655,5,0,57 14 15 9,1,100,,168656,5,,,1,200,,168657,5,,,1,200,,168658,5,,,1,200,,168659,5,,,1,205,,168661,5,,,1,200,,168662,5,,,1
3300,'20260628',628,,168664,5,,,1,195,,168665,5,,,1,97,,168666,5,0,57 14 15 9,1,100,,168667,5,,,1,200,,168668,5,,,1,200,,168669,5,,,1,200,,168670,5,,,1,205,,168672,5,,,1,200,,168673,5,,,1
3300,'20260629',553,,168682,5,,,1,185,,168686,5,,,1,186,,168689,5,0,57 14 15 9,1,200,,168692,5,0,57 14 15 9,1,200,,168695,5,0,57 14 15 9,1,95,,168697,5,0,57 14 15 9,1,290,,168702,5,,,1,116,,168703,5,0,57 14 15 9,1,200,,168707,5,0,57 14 15 9,1
3300,'20260630',553,,168717,5,,,1,185,,168721,5,,,1,186,,168724,5,0,57 14 15 9,1,200,,168727,5,0,57 14 15 9,1,200,,168730,5,0,57 14 15 9,1,95,,168732,5,0,57 14 15 9,1,290,,168737,5,,,1,116,,168738,5,0,57 14 15 9,1,200,,168742,5,0,57 14 15 9,1
3300,'20260701',628,,168745,5,,,1,195,,168746,5,,,1,97,,168747,5,0,57 14 15 9,1,100,,168748,5,,,1,200,,168749,5,,,1,200,,168750,5,,,1,200,,168751,5,,,1,205,,168753,5,,,1,200,,168754,5,,,1
3300,'20260702',553,,168763,5,,,1,185,,168767,5,,,1,186,,168770,5,0,57 14 15 9,1,200,,168773,5,0,57 14 15 9,1,200,,168776,5,0,57 14 15 9,1,95,,168778,5,0,57 14 15 9,1,290,,168783,5,,,1,116,,168784,5,0,57 14 15 9,1,200,,168788,5,0,57 14 15 9,1
3300,'20260703',553,,168798,5,,,1,185,,168802,5,,,1,186,,168805,5,0,57 14 15 9,1,200,,168808,5,0,57 14 15 9,1,200,,168811,5,0,57 14 15 9,1,95,,168813,5,0,57 14 15 9,1,290,,168818,5,,,1,116,,168819,5,0,57 14 15 9,1,200,,168823,5,0,57 14 15 9,1
3300,'20260704',628,,168826,5,,,1,195,,168827,5,,,1,97,,168828,5,0,57 14 15 9,1,100,,168829,5,,,1,200,,168830,5,,,1,200,,168831,5,,,1,200,,168832,5,,,1,205,,168834,5,,,1,200,,168835,5,,,1
3300,'20260705',628,,168837,5,,,1,195,,168838,5,,,1,97,,168839,5,0,57 14 15 9,1,100,,168840,5,,,1,200,,168841,5,,,1,200,,168842,5,,,1,200,,168843,5,,,1,205,,168845,5,,,1,200,,168846,5,,,1
3300,'20260706',553,,168855,5,,,1,185,,168859,5,,,1,186,,168862,5,0,57 14 15 9,1,200,,168865,5,0,57 14 15 9,1,200,,168868,5,0,57 14 15 9,1,95,,168870,5,0,57 14 15 9,1,290,,168875,5,,,1,116,,168876,5,0,57 14 15 9,1,200,,168880,5,0,57 14 15 9,1
3300,'20260707',553,,168890,5,,,1,185,,168894,5,,,1,186,,168897,5,0,57 14 15 9,1,200,,168900,5,0,57 14 15 9,1,200,,168903,5,0,57 14 15 9,1,95,,168905,5,0,57 14 15 9,1,290,,168910,5,,,1,116,,168911,5,0,57 14 15 9,1,200,,168915,5,0,57 14 15 9,1
3300,'20260708',553,,168925,5,,,1,185,,168929,5,,,1,186,,168932,5,0,57 14 15 9,1,200,,168935,5,0,57 14 15 9,1,200,,168938,5,0,57 14 15 9,1,95,,168940,5,0,57 14 15 9,1,290,,168945,5,,,1,116,,168946,5,0,57 14 15 9,1,200,,168950,5,0,57 14 15 9,1
3300,'20260709',553,,168960,5,,,1,185,,168964,5,,,1,186,,168967,5,0,57 14 15 9,1,200,,168970,5,0,57 14 15 9,1,200,,168973,5,0,57 14 15 9,1,95,,168975,5,0,57 14 15 9,1,290,,168980,5,,,1,116,,168981,5,0,57 14 15 9,1,200,,168985,5,0,57 14 15 9,1
3300,'20260710',553,,168995,5,,,1,185,,168999,5,,,1,186,,169002,5,0,57 14 15 9,1,200,,169005,5,0,57 14 15 9,1,200,,169008,5,0,57 14 15 9,1,95,,169010,5,0,57 14 15 9,1,290,,169015,5,,,1,116,,169016,5,0,57 14 15 9,1,200,,169020,5,0,57 14 15 9,1
3300,'20260711',628,,169023,5,,,1,195,,169024,5,,,1,97,,169025,5,0,57 14 15 9,1,100,,169026,5,,,1,200,,169027,5,,,1,200,,169028,5,,,1,200,,169029,5,,,1,205,,169031,5,,,1,200,,169032,5,,,1
3300,'20260712',628,,169034,5,,,1,195,,169035,5,,,1,97,,169036,5,0,57 14 15 9,1,100,,169037,5,,,1,200,,169038,5,,,1,200,,169039,5,,,1,200,,169040,5,,,1,205,,169042,5,,,1,200,,169043,5,,,1
3300,'20260713',553,,169052,5,,,1,185,,169056,5,,,1,186,,169059,5,0,57 14 15 9,1,200,,169062,5,0,57 14 15 9,1,200,,169065,5,0,57 14 15 9,1,95,,169067,5,0,57 14 15 9,1,290,,169072,5,,,1,116,,169073,5,0,57 14 15 9,1,200,,169077,5,0,57 14 15 9,1
3300,'20260714',553,,169087,5,,,1,185,,169091,5,,,1,186,,169094,5,0,57 14 15 9,1,200,,169097,5,0,57 14 15 9,1,200,,169100,5,0,57 14 15 9,1,95,,169102,5,0,57 14 15 9,1,290,,169107,5,,,1,116,,169108,5,0,57 14 15 9,1,200,,169112,5,0,57 14 15 9,1
3300,'20260715',553,,169122,5,,,1,185,,169126,5,,,1,186,,169129,5,0,57 14 15 9,1,200,,169132,5,0,57 14 15 9,1,200,,169135,5,0,57 14 15 9,1,95,,169137,5,0,57 14 15 9,1,290,,169142,5,,,1,116,,169143,5,0,57 14 15 9,1,200,,169147,5,0,57 14 15 9,1
3300,'20260716',553,,169157,5,,,1,185,,169161,5,,,1,186,,169164,5,0,57 14 15 9,1,200,,169167,5,0,57 14 15 9,1,200,,169170,5,0,57 14 15 9,1,95,,169172,5,0,57 14 15 9,1,290,,169177,5,,,1,116,,169178,5,0,57 14 15 9,1,200,,169182,5,0,57 14 15 9,1
3300,'20260717',553,,169192,5,,,1,185,,169196,5,,,1,186,,169199,5,0,57 14 15 9,1,200,,169202,5,0,57 14 15 9,1,200,,169205,5,0,57 14 15 9,1,95,,169207,5,0,57 14 15 9,1,290,,169212,5,,,1,116,,169213,5,0,57 14 15 9,1,200,,169217,5,0,57 14 15 9,1
3300,'20260718',628,,169220,5,,,1,195,,169221,5,,,1,97,,169222,5,0,57 14 15 9,1,100,,169223,5,,,1,200,,169224,5,,,1,200,,169225,5,,,1,200,,169226,5,,,1,205,,169228,5,,,1,200,,169229,5,,,1
3300,'20260719',628,,169231,5,,,1,195,,169232,5,,,1,97,,169233,5,0,57 14 15 9,1,100,,169234,5,,,1,200,,169235,5,,,1,200,,169236,5,,,1,200,,169237,5,,,1,205,,169239,5,,,1,200,,169240,5,,,1
3300,'20260720',553,,169249,5,,,1,185,,169253,5,,,1,186,,169256,5,0,57 14 15 9,1,200,,169259,5,0,57 14 15 9,1,200,,169262,5,0,57 14 15 9,1,95,,169264,5,0,57 14 15 9,1,290,,169269,5,,,1,116,,169270,5,0,57 14 15 9,1,200,,169274,5,0,57 14 15 9,1
3300,'20260721',553,,169284,5,,,1,185,,169288,5,,,1,186,,169291,5,0,57 14 15 9,1,200,,169294,5,0,57 14 15 9,1,200,,169297,5,0,57 14 15 9,1,95,,169299,5,0,57 14 15 9,1,290,,169304,5,,,1,116,,169305,5,0,57 14 15 9,1,200,,169309,5,0,57 14 15 9,1
3300,'20260722',553,,169319,5,,,1,185,,169323,5,,,1,186,,169326,5,0,57 14 15 9,1,200,,169329,5,0,57 14 15 9,1,200,,169332,5,0,57 14 15 9,1,95,,169334,5,0,57 14 15 9,1,290,,169339,5,,,1,116,,169340,5,0,57 14 15 9,1,200,,169344,5,0,57 14 15 9,1
3300,'20260723',553,,169354,5,,,1,185,,169358,5,,,1,186,,169361,5,0,57 14 15 9,1,200,,169364,5,0,57 14 15 9,1,200,,169367,5,0,57 14 15 9,1,95,,169369,5,0,57 14 15 9,1,290,,169374,5,,,1,116,,169375,5,0,57 14 15 9,1,200,,169379,5,0,57 14 15 9,1
3300,'20260724',553,,169389,5,,,1,185,,169393,5,,,1,186,,169396,5,0,57 14 15 9,1,200,,169399,5,0,57 14 15 9,1,200,,169402,5,0,57 14 15 9,1,95,,169404,5,0,57 14 15 9,1,290,,169409,5,,,1,116,,169410,5,0,57 14 15 9,1,200,,169414,5,0,57 14 15 9,1
3300,'20260725',628,,169417,5,,,1,195,,169418,5,,,1,97,,169419,5,0,57 14 15 9,1,100,,169420,5,,,1,200,,169421,5,,,1,200,,169422,5,,,1,200,,169423,5,,,1,205,,169425,5,,,1,200,,169426,5,,,1
3300,'20260726',628,,169428,5,,,1,195,,169429,5,,,1,97,,169430,5,0,57 14 15 9,1,100,,169431,5,,,1,200,,169432,5,,,1,200,,169433,5,,,1,200,,169434,5,,,1,205,,169436,5,,,1,200,,169437,5,,,1
3300,'20260727',553,,169446,5,,,1,185,,169450,5,,,1,186,,169453,5,0,57 14 15 9,1,200,,169456,5,0,57 14 15 9,1,200,,169459,5,0,57 14 15 9,1,95,,169461,5,0,57 14 15 9,1,290,,169466,5,,,1,116,,169467,5,0,57 14 15 9,1,200,,169471,5,0,57 14 15 9,1
3300,'20260728',553,,169481,5,,,1,185,,169485,5,,,1,186,,169488,5,0,57 14 15 9,1,200,,169491,5,0,57 14 15 9,1,200,,169494,5,0,57 14 15 9,1,95,,169496,5,0,57 14 15 9,1,290,,169501,5,,,1,116,,169502,5,0,57 14 15 9,1,200,,169506,5,0,57 14 15 9,1
3300,'20260729',553,,169516,5,,,1,185,,169520,5,,,1,186,,169523,5,0,57 14 15 9,1,200,,169526,5,0,57 14 15 9,1,200,,169529,5,0,57 14 15 9,1,95,,169531,5,0,57 14 15 9,1,290,,169536,5,,,1,116,,169537,5,0,57 14 15 9,1,200,,169541,5,0,57 14 15 9,1
3300,'20260730',553,,169551,5,,,1,185,,169555,5,,,1,186,,169558,5,0,57 14 15 9,1,200,,169561,5,0,57 14 15 9,1,200,,169564,5,0,57 14 15 9,1,95,,169566,5,0,57 14 15 9,1,290,,169571,5,,,1,116,,169572,5,0,57 14 15 9,1,200,,169576,5,0,57 14 15 9,1
3300,'20260731',553,,169586,5,,,1,185,,169590,5,,,1,186,,169593,5,0,57 14 15 9,1,200,,169596,5,0,57 14 15 9,1,200,,169599,5,0,57 14 15 9,1,95,,169601,5,0,57 14 15 9,1,290,,169606,5,,,1,116,,169607,5,0,57 14 15 9,1,200,,169611,5,0,57 14 15 9,1
3300,'20260801',628,,169614,5,,,1,195,,169615,5,,,1,97,,169616,5,0,57 14 15 9,1,100,,169617,5,,,1,200,,169618,5,,,1,200,,169619,5,,,1,200,,169620,5,,,1,205,,169622,5,,,1,200,,169623,5,,,1
3300,'20260802',628,,169625,5,,,1,195,,169626,5,,,1,97,,169627,5,0,57 14 15 9,1,100,,169628,5,,,1,200,,169629,5,,,1,200,,169630,5,,,1,200,,169631,5,,,1,205,,169633,5,,,1,200,,169634,5,,,1
3300,'20260803',628,,169636,5,,,1,195,,169637,5,,,1,97,,169638,5,0,57 14 15 9,1,100,,169639,5,,,1,200,,169640,5,,,1,200,,169641,5,,,1,200,,169642,5,,,1,205,,169644,5,,,1,200,,169645,5,,,1
3300,'20260804',553,,169654,5,,,1,185,,169658,5,,,1,186,,169661,5,0,57 14 15 9,1,200,,169664,5,0,57 14 15 9,1,200,,169667,5,0,57 14 15 9,1,95,,169669,5,0,57 14 15 9,1,290,,169674,5,,,1,116,,169675,5,0,57 14 15 9,1,200,,169679,5,0,57 14 15 9,1
3300,'20260805',553,,169689,5,,,1,185,,169693,5,,,1,186,,169696,5,0,57 14 15 9,1,200,,169699,5,0,57 14 15 9,1,200,,169702,5,0,57 14 15 9,1,95,,169704,5,0,57 14 15 9,1,290,,169709,5,,,1,116,,169710,5,0,57 14 15 9,1,200,,169714,5,0,57 14 15 9,1
3300,'20260806',553,,169724,5,,,1,185,,169728,5,,,1,186,,169731,5,0,57 14 15 9,1,200,,169734,5,0,57 14 15 9,1,200,,169737,5,0,57 14 15 9,1,95,,169739,5,0,57 14 15 9,1,290,,169744,5,,,1,116,,169745,5,0,57 14 15 9,1,200,,169749,5,0,57 14 15 9,1
3300,'20260807',553,,169759,5,,,1,185,,169763,5,,,1,186,,169766,5,0,57 14 15 9,1,200,,169769,5,0,57 14 15 9,1,200,,169772,5,0,57 14 15 9,1,95,,169774,5,0,57 14 15 9,1,290,,169779,5,,,1,116,,169780,5,0,57 14 15 9,1,200,,169784,5,0,57 14 15 9,1
3300,'20260808',628,,169787,5,,,1,195,,169788,5,,,1,97,,169789,5,0,57 14 15 9,1,100,,169790,5,,,1,200,,169791,5,,,1,200,,169792,5,,,1,200,,169793,5,,,1,205,,169795,5,,,1,200,,169796,5,,,1
3300,'20260809',628,,169798,5,,,1,195,,169799,5,,,1,97,,169800,5,0,57 14 15 9,1,100,,169801,5,,,1,200,,169802,5,,,1,200,,169803,5,,,1,200,,169804,5,,,1,205,,169806,5,,,1,200,,169807,5,,,1
3300,'20260810',553,,169816,5,,,1,185,,169820,5,,,1,186,,169823,5,0,57 14 15 9,1,200,,169826,5,0,57 14 15 9,1,200,,169829,5,0,57 14 15 9,1,95,,169831,5,0,57 14 15 9,1,290,,169836,5,,,1,116,,169837,5,0,57 14 15 9,1,200,,169841,5,0,57 14 15 9,1
3300,'20260811',553,,169851,5,,,1,185,,169855,5,,,1,186,,169858,5,0,57 14 15 9,1,200,,169861,5,0,57 14 15 9,1,200,,169864,5,0,57 14 15 9,1,95,,169866,5,0,57 14 15 9,1,290,,169871,5,,,1,116,,169872,5,0,57 14 15 9,1,200,,169876,5,0,57 14 15 9,1
3300,'20260812',553,,169886,5,,,1,185,,169890,5,,,1,186,,169893,5,0,57 14 15 9,1,200,,169896,5,0,57 14 15 9,1,200,,169899,5,0,57 14 15 9,1,95,,169901,5,0,57 14 15 9,1,290,,169906,5,,,1,116,,169907,5,0,57 14 15 9,1,200,,169911,5,0,57 14 15 9,1
3300,'20260813',553,,169921,5,,,1,185,,169925,5,,,1,186,,169928,5,0,57 14 15 9,1,200,,169931,5,0,57 14 15 9,1,200,,169934,5,0,57 14 15 9,1,95,,169936,5,0,57 14 15 9,1,290,,169941,5,,,1,116,,169942,5,0,57 14 15 9,1,200,,169946,5,0,57 14 15 9,1
3300,'20260814',553,,169956,5,,,1,185,,169960,5,,,1,186,,169963,5,0,57 14 15 9,1,200,,169966,5,0,57 14 15 9,1,200,,169969,5,0,57 14 15 9,1,95,,169971,5,0,57 14 15 9,1,290,,169976,5,,,1,116,,169977,5,0,57 14 15 9,1,200,,169981,5,0,57 14 15 9,1
3300,'20260815',628,,169984,5,,,1,195,,169985,5,,,1,97,,169986,5,0,57 14 15 9,1,100,,169987,5,,,1,200,,169988,5,,,1,200,,169989,5,,,1,200,,169990,5,,,1,205,,169992,5,,,1,200,,169993,5,,,1
3300,'20260816',628,,169995,5,,,1,195,,169996,5,,,1,97,,169997,5,0,57 14 15 9,1,100,,169998,5,,,1,200,,169999,5,,,1,200,,170000,5,,,1,200,,170001,5,,,1,205,,170003,5,,,1,200,,170004,5,,,1
3300,'20260817',553,,170013,5,,,1,185,,170017,5,,,1,186,,170020,5,0,57 14 15 9,1,200,,170023,5,0,57 14 15 9,1,200,,170026,5,0,57 14 15 9,1,95,,170028,5,0,57 14 15 9,1,290,,170033,5,,,1,116,,170034,5,0,57 14 15 9,1,200,,170038,5,0,57 14 15 9,1
3300,'20260818',553,,170048,5,,,1,185,,170052,5,,,1,186,,170055,5,0,57 14 15 9,1,200,,170058,5,0,57 14 15 9,1,200,,170061,5,0,57 14 15 9,1,95,,170063,5,0,57 14 15 9,1,290,,170068,5,,,1,116,,170069,5,0,57 14 15 9,1,200,,170073,5,0,57 14 15 9,1
3300,'20260819',553,,170083,5,,,1,185,,170087,5,,,1,186,,170090,5,0,57 14 15 9,1,200,,170093,5,0,57 14 15 9,1,200,,170096,5,0,57 14 15 9,1,95,,170098,5,0,57 14 15 9,1,290,,170103,5,,,1,116,,170104,5,0,57 14 15 9,1,200,,170108,5,0,57 14 15 9,1
3300,'20260820',553,,170118,5,,,1,185,,170122,5,,,1,186,,170125,5,0,57 14 15 9,1,200,,170128,5,0,57 14 15 9,1,200,,170131,5,0,57 14 15 9,1,95,,170133,5,0,57 14 15 9,1,290,,170138,5,,,1,116,,170139,5,0,57 14 15 9,1,200,,170143,5,0,57 14 15 9,1
3300,'20260821',553,,170153,5,,,1,185,,170157,5,,,1,186,,170160,5,0,57 14 15 9,1,200,,170163,5,0,57 14 15 9,1,200,,170166,5,0,57 14 15 9,1,95,,170168,5,0,57 14 15 9,1,290,,170173,5,,,1,116,,170174,5,0,57 14 15 9,1,200,,170178,5,0,57 14 15 9,1
3300,'20260822',628,,170181,5,,,1,195,,170182,5,,,1,97,,170183,5,0,57 14 15 9,1,100,,170184,5,,,1,200,,170185,5,,,1,200,,170186,5,,,1,200,,170187,5,,,1,205,,170189,5,,,1,200,,170190,5,,,1
3300,'20260823',628,,170192,5,,,1,195,,170193,5,,,1,97,,170194,5,0,57 14 15 9,1,100,,170195,5,,,1,200,,170196,5,,,1,200,,170197,5,,,1,200,,170198,5,,,1,205,,170200,5,,,1,200,,170201,5,,,1
3300,'20260824',553,,170210,5,,,1,185,,170214,5,,,1,186,,170217,5,0,57 14 15 9,1,200,,170220,5,0,57 14 15 9,1,200,,170223,5,0,57 14 15 9,1,95,,170225,5,0,57 14 15 9,1,290,,170230,5,,,1,116,,170231,5,0,57 14 15 9,1,200,,170235,5,0,57 14 15 9,1
3300,'20260825',553,,170245,5,,,1,185,,170249,5,,,1,186,,170252,5,0,57 14 15 9,1,200,,170255,5,0,57 14 15 9,1,200,,170258,5,0,57 14 15 9,1,95,,170260,5,0,57 14 15 9,1,290,,170265,5,,,1,116,,170266,5,0,57 14 15 9,1,200,,170270,5,0,57 14 15 9,1
3300,'20260826',553,,170280,5,,,1,185,,170284,5,,,1,186,,170287,5,0,57 14 15 9,1,200,,170290,5,0,57 14 15 9,1,200,,170293,5,0,57 14 15 9,1,95,,170295,5,0,57 14 15 9,1,290,,170300,5,,,1,116,,170301,5,0,57 14 15 9,1,200,,170305,5,0,57 14 15 9,1
3300,'20260827',553,,170315,5,,,1,185,,170319,5,,,1,186,,170322,5,0,57 14 15 9,1,200,,170325,5,0,57 14 15 9,1,200,,170328,5,0,57 14 15 9,1,95,,170330,5,0,57 14 15 9,1,290,,170335,5,,,1,116,,170336,5,0,57 14 15 9,1,200,,170340,5,0,57 14 15 9,1
3300,'20260828',553,,170350,5,,,1,185,,170354,5,,,1,186,,170357,5,0,57 14 15 9,1,200,,170360,5,0,57 14 15 9,1,200,,170363,5,0,57 14 15 9,1,95,,170365,5,0,57 14 15 9,1,290,,170370,5,,,1,116,,170371,5,0,57 14 15 9,1,200,,170375,5,0,57 14 15 9,1
3300,'20260829',628,,170378,5,,,1,195,,170379,5,,,1,97,,170380,5,0,57 14 15 9,1,100,,170381,5,,,1,200,,170382,5,,,1,200,,170383,5,,,1,200,,170384,5,,,1,205,,170386,5,,,1,200,,170387,5,,,1
3300,'20260830',628,,170389,5,,,1,195,,170390,5,,,1,97,,170391,5,0,57 14 15 9,1,100,,170392,5,,,1,200,,170393,5,,,1,200,,170394,5,,,1,200,,170395,5,,,1,205,,170397,5,,,1,200,,170398,5,,,1
3300,'20260831',553,,170407,5,,,1,185,,170411,5,,,1,186,,170414,5,0,57 14 15 9,1,200,,170417,5,0,57 14 15 9,1,200,,170420,5,0,57 14 15 9,1,95,,170422,5,0,57 14 15 9,1,290,,170427,5,,,1,116,,170428,5,0,57 14 15 9,1,200,,170432,5,0,57 14 15 9,1
3300,'20260901',553,,170442,5,,,1,185,,170446,5,,,1,186,,170449,5,0,57 14 15 9,1,200,,170452,5,0,57 14 15 9,1,200,,170455,5,0,57 14 15 9,1,95,,170457,5,0,57 14 15 9,1,290,,170462,5,,,1,116,,170463,5,0,57 14 15 9,1,200,,170467,5,0,57 14 15 9,1
3300,'20260902',553,,170477,5,,,1,185,,170481,5,,,1,186,,170484,5,0,57 14 15 9,1,200,,170487,5,0,57 14 15 9,1,200,,170490,5,0,57 14 15 9,1,95,,170492,5,0,57 14 15 9,1,290,,170497,5,,,1,116,,170498,5,0,57 14 15 9,1,200,,170502,5,0,57 14 15 9,1
3300,'20260903',553,,170512,5,,,1,185,,170516,5,,,1,186,,170519,5,0,57 14 15 9,1,200,,170522,5,0,57 14 15 9,1,200,,170525,5,0,57 14 15 9,1,95,,170527,5,0,57 14 15 9,1,290,,170532,5,,,1,116,,170533,5,0,57 14 15 9,1,200,,170537,5,0,57 14 15 9,1
3300,'20260904',553,,170547,5,,,1,185,,170551,5,,,1,186,,170554,5,0,57 14 15 9,1,200,,170557,5,0,57 14 15 9,1,200,,170560,5,0,57 14 15 9,1,95,,170562,5,0,57 14 15 9,1,290,,170567,5,,,1,116,,170568,5,0,57 14 15 9,1,200,,170572,5,0,57 14 15 9,1
