6101,'20260716',527,,202767,15,,,1,414,,202768,15,,,1,102,,202769,15,,,1,100,,202770,15,,,1,100,,202771,15,,,1,100,,202772,15,,,1
6101,'20260717',527,,202773,15,,,1,414,,202774,15,,,1,102,,202775,15,,,1,100,,202776,15,,,1,100,,202777,15,,,1,100,,202778,15,,,1
6101,'20260720',527,,202779,15,,,1,414,,202780,15,,,1,102,,202781,15,,,1,100,,202782,15,,,1,100,,202783,15,,,1,100,,202784,15,,,1
6101,'20260721',527,,202785,15,,,1,414,,202786,15,,,1,102,,202787,15,,,1,100,,202788,15,,,1,100,,202789,15,,,1,100,,202790,15,,,1
6101,'20260722',527,,202791,15,,,1,414,,202792,15,,,1,102,,202793,15,,,1,100,,202794,15,,,1,100,,202795,15,,,1,100,,202796,15,,,1
6101,'20260723',527,,202797,15,,,1,414,,202798,15,,,1,102,,202799,15,,,1,100,,202800,15,,,1,100,,202801,15,,,1,100,,202802,15,,,1
6101,'20260724',527,,202803,15,,,1,414,,202804,15,,,1,102,,202805,15,,,1,100,,202806,15,,,1,100,,202807,15,,,1,100,,202808,15,,,1
6101,'20260727',527,,202809,15,,,1,414,,202810,15,,,1,102,,202811,15,,,1,100,,202812,15,,,1,100,,202813,15,,,1,100,,202814,15,,,1
6101,'20260728',527,,202815,15,,,1,414,,202816,15,,,1,102,,202817,15,,,1,100,,202818,15,,,1,100,,202819,15,,,1,100,,202820,15,,,1
6101,'20260729',527,,202821,15,,,1,414,,202822,15,,,1,102,,202823,15,,,1,100,,202824,15,,,1,100,,202825,15,,,1,100,,202826,15,,,1
6101,'20260730',527,,202827,15,,,1,414,,202828,15,,,1,102,,202829,15,,,1,100,,202830,15,,,1,100,,202831,15,,,1,100,,202832,15,,,1
6101,'20260731',527,,202833,15,,,1,414,,202834,15,,,1,102,,202835,15,,,1,100,,202836,15,,,1,100,,202837,15,,,1,100,,202838,15,,,1
6101,'20260804',527,,202839,15,,,1,414,,202840,15,,,1,102,,202841,15,,,1,100,,202842,15,,,1,100,,202843,15,,,1,100,,202844,15,,,1
6101,'20260805',527,,202845,15,,,1,414,,202846,15,,,1,102,,202847,15,,,1,100,,202848,15,,,1,100,,202849,15,,,1,100,,202850,15,,,1
6101,'20260806',527,,202851,15,,,1,414,,202852,15,,,1,102,,202853,15,,,1,100,,202854,15,,,1,100,,202855,15,,,1,100,,202856,15,,,1
6101,'20260807',527,,202857,15,,,1,414,,202858,15,,,1,102,,202859,15,,,1,100,,202860,15,,,1,100,,202861,15,,,1,100,,202862,15,,,1
6101,'20260810',527,,202863,15,,,1,414,,202864,15,,,1,102,,202865,15,,,1,100,,202866,15,,,1,100,,202867,15,,,1,100,,202868,15,,,1
6101,'20260811',527,,202869,15,,,1,414,,202870,15,,,1,102,,202871,15,,,1,100,,202872,15,,,1,100,,202873,15,,,1,100,,202874,15,,,1
6101,'20260812',527,,202875,15,,,1,414,,202876,15,,,1,102,,202877,15,,,1,100,,202878,15,,,1,100,,202879,15,,,1,100,,202880,15,,,1
6101,'20260813',527,,202881,15,,,1,414,,202882,15,,,1,102,,202883,15,,,1,100,,202884,15,,,1,100,,202885,15,,,1,100,,202886,15,,,1
6101,'20260814',527,,202887,15,,,1,414,,202888,15,,,1,102,,202889,15,,,1,100,,202890,15,,,1,100,,202891,15,,,1,100,,202892,15,,,1
6101,'20260817',527,,202893,15,,,1,414,,202894,15,,,1,102,,202895,15,,,1,100,,202896,15,,,1,100,,202897,15,,,1,100,,202898,15,,,1
6101,'20260818',527,,202899,15,,,1,414,,202900,15,,,1,102,,202901,15,,,1,100,,202902,15,,,1,100,,202903,15,,,1,100,,202904,15,,,1
6101,'20260819',527,,202905,15,,,1,414,,202906,15,,,1,102,,202907,15,,,1,100,,202908,15,,,1,100,,202909,15,,,1,100,,202910,15,,,1
6101,'20260820',527,,202911,15,,,1,414,,202912,15,,,1,102,,202913,15,,,1,100,,202914,15,,,1,100,,202915,15,,,1,100,,202916,15,,,1
6101,'20260821',527,,202917,15,,,1,414,,202918,15,,,1,102,,202919,15,,,1,100,,202920,15,,,1,100,,202921,15,,,1,100,,202922,15,,,1
6101,'20260824',527,,202923,15,,,1,414,,202924,15,,,1,102,,202925,15,,,1,100,,202926,15,,,1,100,,202927,15,,,1,100,,202928,15,,,1
6101,'20260825',527,,202929,15,,,1,414,,202930,15,,,1,102,,202931,15,,,1,100,,202932,15,,,1,100,,202933,15,,,1,100,,202934,15,,,1
6101,'20260826',527,,202935,15,,,1,414,,202936,15,,,1,102,,202937,15,,,1,100,,202938,15,,,1,100,,202939,15,,,1,100,,202940,15,,,1
6101,'20260827',527,,202941,15,,,1,414,,202942,15,,,1,102,,202943,15,,,1,100,,202944,15,,,1,100,,202945,15,,,1,100,,202946,15,,,1
6101,'20260828',527,,202947,15,,,1,414,,202948,15,,,1,102,,202949,15,,,1,100,,202950,15,,,1,100,,202951,15,,,1,100,,202952,15,,,1
6101,'20260831',527,,202953,15,,,1,414,,202954,15,,,1,102,,202955,15,,,1,100,,202956,15,,,1,100,,202957,15,,,1,100,,202958,15,,,1
6101,'20260901',527,,202959,15,,,1,414,,202960,15,,,1,102,,202961,15,,,1,100,,202962,15,,,1,100,,202963,15,,,1,100,,202964,15,,,1
6101,'20260902',527,,202965,15,,,1,414,,202966,15,,,1,102,,202967,15,,,1,100,,202968,15,,,1,100,,202969,15,,,1,100,,202970,15,,,1
6101,'20260903',527,,202971,15,,,1,414,,202972,15,,,1,102,,202973,15,,,1,100,,202974,15,,,1,100,,202975,15,,,1,100,,202976,15,,,1
6101,'20260904',527,,202977,15,,,1,414,,202978,15,,,1,102,,202979,15,,,1,100,,202980,15,,,1,100,,202981,15,,,1,100,,202982,15,,,1
