2100,'20260625',431,,140540,38,,,1,79,,140541,38,,,1,25,,140542,38,,,1,393,,140546,14,0,5 29 30,1,100,,140552,14,0,5 29 30,1,100,,140558,14,0,16 29 30,1,95,,140562,14,0,16 29 30,1,85,,140566,14,0,16 29 30,1,110,,140569,14,0,16 29 30,1,98,,140571,14,0,16 29 30,1,92,,140574,14,0,16 29 30,1,107,,140576,38,,,1,105,,140577,38,,,1,95,,140578,38,,,1,98,,140579,38,,,1,99,,140580,38,,,1,98,,140581,38,,,1,97,,140582,38,,,1,100,,140583,38,,,1,104,,140584,38,,,1
2100,'20260626',431,,140585,38,,,1,79,,140586,38,,,1,25,,140587,38,,,1,393,,140591,14,0,5 29 30,1,100,,140597,14,0,5 29 30,1,100,,140603,14,0,16 29 30,1,95,,140607,14,0,16 29 30,1,85,,140611,14,0,16 29 30,1,110,,140614,14,0,16 29 30,1,98,,140616,14,0,16 29 30,1,92,,140619,14,0,16 29 30,1,107,,140621,38,,,1,105,,140622,38,,,1,95,,140623,38,,,1,98,,140624,38,,,1,99,,140625,38,,,1,98,,140626,38,,,1,97,,140627,38,,,1,100,,140628,38,,,1,104,,140629,38,,,1
2100,'20260627',532,,140630,38,0,57 29 30,1,100,,140631,38,0,57 29 30,1,77,,140632,38,0,57 29 30,1,110,,140635,16,0,34 29 30,1,100,,140639,16,0,34 29 30,1,102,,140643,16,0,34 29 30,1,100,,140647,16,0,34 29 30,1,100,,140650,16,0,34 29 30,1,100,,140653,16,0,34 29 30,1,100,,140656,16,0,34 29 30,1,100,,140659,16,0,34 29 30,1,100,,140662,16,0,34 29 30,1,100,,140665,16,0,34 29 30,1,100,,140668,16,0,34 29 30,1,100,,140670,16,0,34 29 30,1,92,,140672,38,0,57 29 30,1,95,,140673,38,0,57 29 30,1,99,,140674,38,0,57 29 30,1,100,,140675,38,0,57 29 30,1,102,,140676,38,0,57 29 30,1,100,,140677,38,0,57 29 30,1
2100,'20260628',532,,140678,38,0,57 29 30,1,100,,140679,38,0,57 29 30,1,77,,140680,38,0,57 29 30,1,110,,140682,16,0,34 29 30,1,100,,140685,16,0,34 29 30,1,102,,140688,16,0,34 29 30,1,100,,140691,16,0,34 29 30,1,100,,140694,16,0,34 29 30,1,100,,140697,16,0,34 29 30,1,100,,140700,16,0,34 29 30,1,100,,140703,16,0,34 29 30,1,100,,140706,16,0,34 29 30,1,100,,140709,16,0,34 29 30,1,100,,140712,16,0,34 29 30,1,100,,140714,16,0,34 29 30,1,92,,140715,38,0,57 29 30,1,95,,140716,38,0,57 29 30,1,99,,140717,38,0,57 29 30,1,100,,140718,38,0,57 29 30,1,102,,140719,38,0,57 29 30,1,100,,140720,38,0,57 29 30,1
2100,'20260629',431,,140721,38,,,1,79,,140722,38,,,1,25,,140723,38,,,1,393,,140727,14,0,5 29 30,1,100,,140733,14,0,5 29 30,1,100,,140739,14,0,16 29 30,1,95,,140743,14,0,16 29 30,1,85,,140747,14,0,16 29 30,1,110,,140750,14,0,16 29 30,1,98,,140752,14,0,16 29 30,1,92,,140755,14,0,16 29 30,1,107,,140757,38,,,1,105,,140758,38,,,1,95,,140759,38,,,1,98,,140760,38,,,1,99,,140761,38,,,1,98,,140762,38,,,1,97,,140763,38,,,1,100,,140764,38,,,1,104,,140765,38,,,1
2100,'20260630',431,,140766,38,,,1,79,,140767,38,,,1,25,,140768,38,,,1,393,,140772,14,0,5 29 30,1,100,,140778,14,0,5 29 30,1,100,,140784,14,0,16 29 30,1,95,,140788,14,0,16 29 30,1,85,,140792,14,0,16 29 30,1,110,,140795,14,0,16 29 30,1,98,,140797,14,0,16 29 30,1,92,,140800,14,0,16 29 30,1,107,,140802,38,,,1,105,,140803,38,,,1,95,,140804,38,,,1,98,,140805,38,,,1,99,,140806,38,,,1,98,,140807,38,,,1,97,,140808,38,,,1,100,,140809,38,,,1,104,,140810,38,,,1
2100,'20260701',532,,140811,38,0,57 29 30,1,100,,140812,38,0,57 29 30,1,77,,140813,38,0,57 29 30,1,110,,140816,16,0,34 29 30,1,100,,140820,16,0,34 29 30,1,102,,140824,16,0,34 29 30,1,100,,140828,16,0,34 29 30,1,100,,140831,16,0,34 29 30,1,100,,140834,16,0,34 29 30,1,100,,140837,16,0,34 29 30,1,100,,140840,16,0,34 29 30,1,100,,140843,16,0,34 29 30,1,100,,140846,16,0,34 29 30,1,100,,140849,16,0,34 29 30,1,100,,140851,16,0,34 29 30,1,92,,140853,38,0,57 29 30,1,95,,140854,38,0,57 29 30,1,99,,140855,38,0,57 29 30,1,100,,140856,38,0,57 29 30,1,102,,140857,38,0,57 29 30,1,100,,140858,38,0,57 29 30,1
2100,'20260702',431,,140859,38,,,1,79,,140860,38,,,1,25,,140861,38,,,1,393,,140865,14,0,5 29 30,1,100,,140871,14,0,5 29 30,1,100,,140877,14,0,16 29 30,1,95,,140881,14,0,16 29 30,1,85,,140885,14,0,16 29 30,1,110,,140888,14,0,16 29 30,1,98,,140890,14,0,16 29 30,1,92,,140893,14,0,16 29 30,1,107,,140895,38,,,1,105,,140896,38,,,1,95,,140897,38,,,1,98,,140898,38,,,1,99,,140899,38,,,1,98,,140900,38,,,1,97,,140901,38,,,1,100,,140902,38,,,1,104,,140903,38,,,1
2100,'20260703',431,,140904,38,,,1,79,,140905,38,,,1,25,,140906,38,,,1,393,,140910,14,0,5 29 30,1,100,,140916,14,0,5 29 30,1,100,,140922,14,0,16 29 30,1,95,,140926,14,0,16 29 30,1,85,,140930,14,0,16 29 30,1,110,,140933,14,0,16 29 30,1,98,,140935,14,0,16 29 30,1,92,,140938,14,0,16 29 30,1,107,,140940,38,,,1,105,,140941,38,,,1,95,,140942,38,,,1,98,,140943,38,,,1,99,,140944,38,,,1,98,,140945,38,,,1,97,,140946,38,,,1,100,,140947,38,,,1,104,,140948,38,,,1
2100,'20260704',532,,140949,38,0,57 29 30,1,100,,140950,38,0,57 29 30,1,77,,140951,38,0,57 29 30,1,110,,140954,16,0,34 29 30,1,100,,140958,16,0,34 29 30,1,102,,140962,16,0,34 29 30,1,100,,140966,16,0,34 29 30,1,100,,140969,16,0,34 29 30,1,100,,140972,16,0,34 29 30,1,100,,140975,16,0,34 29 30,1,100,,140978,16,0,34 29 30,1,100,,140981,16,0,34 29 30,1,100,,140984,16,0,34 29 30,1,100,,140987,16,0,34 29 30,1,100,,140989,16,0,34 29 30,1,92,,140991,38,0,57 29 30,1,95,,140992,38,0,57 29 30,1,99,,140993,38,0,57 29 30,1,100,,140994,38,0,57 29 30,1,102,,140995,38,0,57 29 30,1,100,,140996,38,0,57 29 30,1
2100,'20260705',532,,140997,38,0,57 29 30,1,100,,140998,38,0,57 29 30,1,77,,140999,38,0,57 29 30,1,110,,141001,16,0,34 29 30,1,100,,141004,16,0,34 29 30,1,102,,141007,16,0,34 29 30,1,100,,141010,16,0,34 29 30,1,100,,141013,16,0,34 29 30,1,100,,141016,16,0,34 29 30,1,100,,141019,16,0,34 29 30,1,100,,141022,16,0,34 29 30,1,100,,141025,16,0,34 29 30,1,100,,141028,16,0,34 29 30,1,100,,141031,16,0,34 29 30,1,100,,141033,16,0,34 29 30,1,92,,141034,38,0,57 29 30,1,95,,141035,38,0,57 29 30,1,99,,141036,38,0,57 29 30,1,100,,141037,38,0,57 29 30,1,102,,141038,38,0,57 29 30,1,100,,141039,38,0,57 29 30,1
2100,'20260706',431,,141040,38,,,1,79,,141041,38,,,1,25,,141042,38,,,1,393,,141046,14,0,5 29 30,1,100,,141052,14,0,5 29 30,1,100,,141058,14,0,16 29 30,1,95,,141062,14,0,16 29 30,1,85,,141066,14,0,16 29 30,1,110,,141069,14,0,16 29 30,1,98,,141071,14,0,16 29 30,1,92,,141074,14,0,16 29 30,1,107,,141076,38,,,1,105,,141077,38,,,1,95,,141078,38,,,1,98,,141079,38,,,1,99,,141080,38,,,1,98,,141081,38,,,1,97,,141082,38,,,1,100,,141083,38,,,1,104,,141084,38,,,1
2100,'20260707',431,,141085,38,,,1,79,,141086,38,,,1,25,,141087,38,,,1,393,,141091,14,0,5 29 30,1,100,,141097,14,0,5 29 30,1,100,,141103,14,0,16 29 30,1,95,,141107,14,0,16 29 30,1,85,,141111,14,0,16 29 30,1,110,,141114,14,0,16 29 30,1,98,,141116,14,0,16 29 30,1,92,,141119,14,0,16 29 30,1,107,,141121,38,,,1,105,,141122,38,,,1,95,,141123,38,,,1,98,,141124,38,,,1,99,,141125,38,,,1,98,,141126,38,,,1,97,,141127,38,,,1,100,,141128,38,,,1,104,,141129,38,,,1
2100,'20260708',431,,141130,38,,,1,79,,141131,38,,,1,25,,141132,38,,,1,393,,141136,14,0,5 29 30,1,100,,141142,14,0,5 29 30,1,100,,141148,14,0,16 29 30,1,95,,141152,14,0,16 29 30,1,85,,141156,14,0,16 29 30,1,110,,141159,14,0,16 29 30,1,98,,141161,14,0,16 29 30,1,92,,141164,14,0,16 29 30,1,107,,141166,38,,,1,105,,141167,38,,,1,95,,141168,38,,,1,98,,141169,38,,,1,99,,141170,38,,,1,98,,141171,38,,,1,97,,141172,38,,,1,100,,141173,38,,,1,104,,141174,38,,,1
2100,'20260709',431,,141175,38,,,1,79,,141176,38,,,1,25,,141177,38,,,1,393,,141181,14,0,5 29 30,1,100,,141187,14,0,5 29 30,1,100,,141193,14,0,16 29 30,1,95,,141197,14,0,16 29 30,1,85,,141201,14,0,16 29 30,1,110,,141204,14,0,16 29 30,1,98,,141206,14,0,16 29 30,1,92,,141209,14,0,16 29 30,1,107,,141211,38,,,1,105,,141212,38,,,1,95,,141213,38,,,1,98,,141214,38,,,1,99,,141215,38,,,1,98,,141216,38,,,1,97,,141217,38,,,1,100,,141218,38,,,1,104,,141219,38,,,1
2100,'20260710',431,,141220,38,,,1,79,,141221,38,,,1,25,,141222,38,,,1,393,,141226,14,0,5 29 30,1,100,,141232,14,0,5 29 30,1,100,,141238,14,0,16 29 30,1,95,,141242,14,0,16 29 30,1,85,,141246,14,0,16 29 30,1,110,,141249,14,0,16 29 30,1,98,,141251,14,0,16 29 30,1,92,,141254,14,0,16 29 30,1,107,,141256,38,,,1,105,,141257,38,,,1,95,,141258,38,,,1,98,,141259,38,,,1,99,,141260,38,,,1,98,,141261,38,,,1,97,,141262,38,,,1,100,,141263,38,,,1,104,,141264,38,,,1
2100,'20260711',532,,141265,38,0,57 29 30,1,100,,141266,38,0,57 29 30,1,77,,141267,38,0,57 29 30,1,110,,141270,16,0,34 29 30,1,100,,141274,16,0,34 29 30,1,102,,141278,16,0,34 29 30,1,100,,141282,16,0,34 29 30,1,100,,141285,16,0,34 29 30,1,100,,141288,16,0,34 29 30,1,100,,141291,16,0,34 29 30,1,100,,141294,16,0,34 29 30,1,100,,141297,16,0,34 29 30,1,100,,141300,16,0,34 29 30,1,100,,141303,16,0,34 29 30,1,100,,141305,16,0,34 29 30,1,92,,141307,38,0,57 29 30,1,95,,141308,38,0,57 29 30,1,99,,141309,38,0,57 29 30,1,100,,141310,38,0,57 29 30,1,102,,141311,38,0,57 29 30,1,100,,141312,38,0,57 29 30,1
2100,'20260712',532,,141313,38,0,57 29 30,1,100,,141314,38,0,57 29 30,1,77,,141315,38,0,57 29 30,1,110,,141317,16,0,34 29 30,1,100,,141320,16,0,34 29 30,1,102,,141323,16,0,34 29 30,1,100,,141326,16,0,34 29 30,1,100,,141329,16,0,34 29 30,1,100,,141332,16,0,34 29 30,1,100,,141335,16,0,34 29 30,1,100,,141338,16,0,34 29 30,1,100,,141341,16,0,34 29 30,1,100,,141344,16,0,34 29 30,1,100,,141347,16,0,34 29 30,1,100,,141349,16,0,34 29 30,1,92,,141350,38,0,57 29 30,1,95,,141351,38,0,57 29 30,1,99,,141352,38,0,57 29 30,1,100,,141353,38,0,57 29 30,1,102,,141354,38,0,57 29 30,1,100,,141355,38,0,57 29 30,1
2100,'20260713',431,,141356,38,,,1,79,,141357,38,,,1,25,,141358,38,,,1,393,,141362,14,0,5 29 30,1,100,,141368,14,0,5 29 30,1,100,,141374,14,0,16 29 30,1,95,,141378,14,0,16 29 30,1,85,,141382,14,0,16 29 30,1,110,,141385,14,0,16 29 30,1,98,,141387,14,0,16 29 30,1,92,,141390,14,0,16 29 30,1,107,,141392,38,,,1,105,,141393,38,,,1,95,,141394,38,,,1,98,,141395,38,,,1,99,,141396,38,,,1,98,,141397,38,,,1,97,,141398,38,,,1,100,,141399,38,,,1,104,,141400,38,,,1
2100,'20260714',431,,141401,38,,,1,79,,141402,38,,,1,25,,141403,38,,,1,393,,141407,14,0,5 29 30,1,100,,141413,14,0,5 29 30,1,100,,141419,14,0,16 29 30,1,95,,141423,14,0,16 29 30,1,85,,141427,14,0,16 29 30,1,110,,141430,14,0,16 29 30,1,98,,141432,14,0,16 29 30,1,92,,141435,14,0,16 29 30,1,107,,141437,38,,,1,105,,141438,38,,,1,95,,141439,38,,,1,98,,141440,38,,,1,99,,141441,38,,,1,98,,141442,38,,,1,97,,141443,38,,,1,100,,141444,38,,,1,104,,141445,38,,,1
2100,'20260715',431,,141446,38,,,1,79,,141447,38,,,1,25,,141448,38,,,1,393,,141452,14,0,5 29 30,1,100,,141458,14,0,5 29 30,1,100,,141464,14,0,16 29 30,1,95,,141468,14,0,16 29 30,1,85,,141472,14,0,16 29 30,1,110,,141475,14,0,16 29 30,1,98,,141477,14,0,16 29 30,1,92,,141480,14,0,16 29 30,1,107,,141482,38,,,1,105,,141483,38,,,1,95,,141484,38,,,1,98,,141485,38,,,1,99,,141486,38,,,1,98,,141487,38,,,1,97,,141488,38,,,1,100,,141489,38,,,1,104,,141490,38,,,1
2100,'20260716',431,,141491,38,,,1,79,,141492,38,,,1,25,,141493,38,,,1,393,,141497,14,0,5 29 30,1,100,,141503,14,0,5 29 30,1,100,,141509,14,0,16 29 30,1,95,,141513,14,0,16 29 30,1,85,,141517,14,0,16 29 30,1,110,,141520,14,0,16 29 30,1,98,,141522,14,0,16 29 30,1,92,,141525,14,0,16 29 30,1,107,,141527,38,,,1,105,,141528,38,,,1,95,,141529,38,,,1,98,,141530,38,,,1,99,,141531,38,,,1,98,,141532,38,,,1,97,,141533,38,,,1,100,,141534,38,,,1,104,,141535,38,,,1
2100,'20260717',431,,141536,38,,,1,79,,141537,38,,,1,25,,141538,38,,,1,393,,141542,14,0,5 29 30,1,100,,141548,14,0,5 29 30,1,100,,141554,14,0,16 29 30,1,95,,141558,14,0,16 29 30,1,85,,141562,14,0,16 29 30,1,110,,141565,14,0,16 29 30,1,98,,141567,14,0,16 29 30,1,92,,141570,14,0,16 29 30,1,107,,141572,38,,,1,105,,141573,38,,,1,95,,141574,38,,,1,98,,141575,38,,,1,99,,141576,38,,,1,98,,141577,38,,,1,97,,141578,38,,,1,100,,141579,38,,,1,104,,141580,38,,,1
2100,'20260718',532,,141581,38,0,57 29 30,1,100,,141582,38,0,57 29 30,1,77,,141583,38,0,57 29 30,1,110,,141586,16,0,34 29 30,1,100,,141590,16,0,34 29 30,1,102,,141594,16,0,34 29 30,1,100,,141598,16,0,34 29 30,1,100,,141601,16,0,34 29 30,1,100,,141604,16,0,34 29 30,1,100,,141607,16,0,34 29 30,1,100,,141610,16,0,34 29 30,1,100,,141613,16,0,34 29 30,1,100,,141616,16,0,34 29 30,1,100,,141619,16,0,34 29 30,1,100,,141621,16,0,34 29 30,1,92,,141623,38,0,57 29 30,1,95,,141624,38,0,57 29 30,1,99,,141625,38,0,57 29 30,1,100,,141626,38,0,57 29 30,1,102,,141627,38,0,57 29 30,1,100,,141628,38,0,57 29 30,1
2100,'20260719',532,,141629,38,0,57 29 30,1,100,,141630,38,0,57 29 30,1,77,,141631,38,0,57 29 30,1,110,,141633,16,0,34 29 30,1,100,,141636,16,0,34 29 30,1,102,,141639,16,0,34 29 30,1,100,,141642,16,0,34 29 30,1,100,,141645,16,0,34 29 30,1,100,,141648,16,0,34 29 30,1,100,,141651,16,0,34 29 30,1,100,,141654,16,0,34 29 30,1,100,,141657,16,0,34 29 30,1,100,,141660,16,0,34 29 30,1,100,,141663,16,0,34 29 30,1,100,,141665,16,0,34 29 30,1,92,,141666,38,0,57 29 30,1,95,,141667,38,0,57 29 30,1,99,,141668,38,0,57 29 30,1,100,,141669,38,0,57 29 30,1,102,,141670,38,0,57 29 30,1,100,,141671,38,0,57 29 30,1
2100,'20260720',431,,141672,38,,,1,79,,141673,38,,,1,25,,141674,38,,,1,393,,141678,14,0,5 29 30,1,100,,141684,14,0,5 29 30,1,100,,141690,14,0,16 29 30,1,95,,141694,14,0,16 29 30,1,85,,141698,14,0,16 29 30,1,110,,141701,14,0,16 29 30,1,98,,141703,14,0,16 29 30,1,92,,141706,14,0,16 29 30,1,107,,141708,38,,,1,105,,141709,38,,,1,95,,141710,38,,,1,98,,141711,38,,,1,99,,141712,38,,,1,98,,141713,38,,,1,97,,141714,38,,,1,100,,141715,38,,,1,104,,141716,38,,,1
2100,'20260721',431,,141717,38,,,1,79,,141718,38,,,1,25,,141719,38,,,1,393,,141723,14,0,5 29 30,1,100,,141729,14,0,5 29 30,1,100,,141735,14,0,16 29 30,1,95,,141739,14,0,16 29 30,1,85,,141743,14,0,16 29 30,1,110,,141746,14,0,16 29 30,1,98,,141748,14,0,16 29 30,1,92,,141751,14,0,16 29 30,1,107,,141753,38,,,1,105,,141754,38,,,1,95,,141755,38,,,1,98,,141756,38,,,1,99,,141757,38,,,1,98,,141758,38,,,1,97,,141759,38,,,1,100,,141760,38,,,1,104,,141761,38,,,1
2100,'20260722',431,,141762,38,,,1,79,,141763,38,,,1,25,,141764,38,,,1,393,,141768,14,0,5 29 30,1,100,,141774,14,0,5 29 30,1,100,,141780,14,0,16 29 30,1,95,,141784,14,0,16 29 30,1,85,,141788,14,0,16 29 30,1,110,,141791,14,0,16 29 30,1,98,,141793,14,0,16 29 30,1,92,,141796,14,0,16 29 30,1,107,,141798,38,,,1,105,,141799,38,,,1,95,,141800,38,,,1,98,,141801,38,,,1,99,,141802,38,,,1,98,,141803,38,,,1,97,,141804,38,,,1,100,,141805,38,,,1,104,,141806,38,,,1
2100,'20260723',431,,141807,38,,,1,79,,141808,38,,,1,25,,141809,38,,,1,393,,141813,14,0,5 29 30,1,100,,141819,14,0,5 29 30,1,100,,141825,14,0,16 29 30,1,95,,141829,14,0,16 29 30,1,85,,141833,14,0,16 29 30,1,110,,141836,14,0,16 29 30,1,98,,141838,14,0,16 29 30,1,92,,141841,14,0,16 29 30,1,107,,141843,38,,,1,105,,141844,38,,,1,95,,141845,38,,,1,98,,141846,38,,,1,99,,141847,38,,,1,98,,141848,38,,,1,97,,141849,38,,,1,100,,141850,38,,,1,104,,141851,38,,,1
2100,'20260724',431,,141852,38,,,1,79,,141853,38,,,1,25,,141854,38,,,1,393,,141858,14,0,5 29 30,1,100,,141864,14,0,5 29 30,1,100,,141870,14,0,16 29 30,1,95,,141874,14,0,16 29 30,1,85,,141878,14,0,16 29 30,1,110,,141881,14,0,16 29 30,1,98,,141883,14,0,16 29 30,1,92,,141886,14,0,16 29 30,1,107,,141888,38,,,1,105,,141889,38,,,1,95,,141890,38,,,1,98,,141891,38,,,1,99,,141892,38,,,1,98,,141893,38,,,1,97,,141894,38,,,1,100,,141895,38,,,1,104,,141896,38,,,1
2100,'20260725',532,,141897,38,0,57 29 30,1,100,,141898,38,0,57 29 30,1,77,,141899,38,0,57 29 30,1,110,,141902,16,0,34 29 30,1,100,,141906,16,0,34 29 30,1,102,,141910,16,0,34 29 30,1,100,,141914,16,0,34 29 30,1,100,,141917,16,0,34 29 30,1,100,,141920,16,0,34 29 30,1,100,,141923,16,0,34 29 30,1,100,,141926,16,0,34 29 30,1,100,,141929,16,0,34 29 30,1,100,,141932,16,0,34 29 30,1,100,,141935,16,0,34 29 30,1,100,,141937,16,0,34 29 30,1,92,,141939,38,0,57 29 30,1,95,,141940,38,0,57 29 30,1,99,,141941,38,0,57 29 30,1,100,,141942,38,0,57 29 30,1,102,,141943,38,0,57 29 30,1,100,,141944,38,0,57 29 30,1
2100,'20260726',532,,141945,38,0,57 29 30,1,100,,141946,38,0,57 29 30,1,77,,141947,38,0,57 29 30,1,110,,141949,16,0,34 29 30,1,100,,141952,16,0,34 29 30,1,102,,141955,16,0,34 29 30,1,100,,141958,16,0,34 29 30,1,100,,141961,16,0,34 29 30,1,100,,141964,16,0,34 29 30,1,100,,141967,16,0,34 29 30,1,100,,141970,16,0,34 29 30,1,100,,141973,16,0,34 29 30,1,100,,141976,16,0,34 29 30,1,100,,141979,16,0,34 29 30,1,100,,141981,16,0,34 29 30,1,92,,141982,38,0,57 29 30,1,95,,141983,38,0,57 29 30,1,99,,141984,38,0,57 29 30,1,100,,141985,38,0,57 29 30,1,102,,141986,38,0,57 29 30,1,100,,141987,38,0,57 29 30,1
2100,'20260727',431,,141988,38,,,1,79,,141989,38,,,1,25,,141990,38,,,1,393,,141994,14,0,5 29 30,1,100,,142000,14,0,5 29 30,1,100,,142006,14,0,16 29 30,1,95,,142010,14,0,16 29 30,1,85,,142014,14,0,16 29 30,1,110,,142017,14,0,16 29 30,1,98,,142019,14,0,16 29 30,1,92,,142022,14,0,16 29 30,1,107,,142024,38,,,1,105,,142025,38,,,1,95,,142026,38,,,1,98,,142027,38,,,1,99,,142028,38,,,1,98,,142029,38,,,1,97,,142030,38,,,1,100,,142031,38,,,1,104,,142032,38,,,1
2100,'20260728',431,,142033,38,,,1,79,,142034,38,,,1,25,,142035,38,,,1,393,,142039,14,0,5 29 30,1,100,,142045,14,0,5 29 30,1,100,,142051,14,0,16 29 30,1,95,,142055,14,0,16 29 30,1,85,,142059,14,0,16 29 30,1,110,,142062,14,0,16 29 30,1,98,,142064,14,0,16 29 30,1,92,,142067,14,0,16 29 30,1,107,,142069,38,,,1,105,,142070,38,,,1,95,,142071,38,,,1,98,,142072,38,,,1,99,,142073,38,,,1,98,,142074,38,,,1,97,,142075,38,,,1,100,,142076,38,,,1,104,,142077,38,,,1
2100,'20260729',431,,142078,38,,,1,79,,142079,38,,,1,25,,142080,38,,,1,393,,142084,14,0,5 29 30,1,100,,142090,14,0,5 29 30,1,100,,142096,14,0,16 29 30,1,95,,142100,14,0,16 29 30,1,85,,142104,14,0,16 29 30,1,110,,142107,14,0,16 29 30,1,98,,142109,14,0,16 29 30,1,92,,142112,14,0,16 29 30,1,107,,142114,38,,,1,105,,142115,38,,,1,95,,142116,38,,,1,98,,142117,38,,,1,99,,142118,38,,,1,98,,142119,38,,,1,97,,142120,38,,,1,100,,142121,38,,,1,104,,142122,38,,,1
2100,'20260730',431,,142123,38,,,1,79,,142124,38,,,1,25,,142125,38,,,1,393,,142129,14,0,5 29 30,1,100,,142135,14,0,5 29 30,1,100,,142141,14,0,16 29 30,1,95,,142145,14,0,16 29 30,1,85,,142149,14,0,16 29 30,1,110,,142152,14,0,16 29 30,1,98,,142154,14,0,16 29 30,1,92,,142157,14,0,16 29 30,1,107,,142159,38,,,1,105,,142160,38,,,1,95,,142161,38,,,1,98,,142162,38,,,1,99,,142163,38,,,1,98,,142164,38,,,1,97,,142165,38,,,1,100,,142166,38,,,1,104,,142167,38,,,1
2100,'20260731',431,,142168,38,,,1,79,,142169,38,,,1,25,,142170,38,,,1,393,,142174,14,0,5 29 30,1,100,,142180,14,0,5 29 30,1,100,,142186,14,0,16 29 30,1,95,,142190,14,0,16 29 30,1,85,,142194,14,0,16 29 30,1,110,,142197,14,0,16 29 30,1,98,,142199,14,0,16 29 30,1,92,,142202,14,0,16 29 30,1,107,,142204,38,,,1,105,,142205,38,,,1,95,,142206,38,,,1,98,,142207,38,,,1,99,,142208,38,,,1,98,,142209,38,,,1,97,,142210,38,,,1,100,,142211,38,,,1,104,,142212,38,,,1
2100,'20260801',532,,142213,38,0,57 29 30,1,100,,142214,38,0,57 29 30,1,77,,142215,38,0,57 29 30,1,110,,142218,16,0,34 29 30,1,100,,142222,16,0,34 29 30,1,102,,142226,16,0,34 29 30,1,100,,142230,16,0,34 29 30,1,100,,142233,16,0,34 29 30,1,100,,142236,16,0,34 29 30,1,100,,142239,16,0,34 29 30,1,100,,142242,16,0,34 29 30,1,100,,142245,16,0,34 29 30,1,100,,142248,16,0,34 29 30,1,100,,142251,16,0,34 29 30,1,100,,142253,16,0,34 29 30,1,92,,142255,38,0,57 29 30,1,95,,142256,38,0,57 29 30,1,99,,142257,38,0,57 29 30,1,100,,142258,38,0,57 29 30,1,102,,142259,38,0,57 29 30,1,100,,142260,38,0,57 29 30,1
2100,'20260802',532,,142261,38,0,57 29 30,1,100,,142262,38,0,57 29 30,1,77,,142263,38,0,57 29 30,1,110,,142265,16,0,34 29 30,1,100,,142268,16,0,34 29 30,1,102,,142271,16,0,34 29 30,1,100,,142274,16,0,34 29 30,1,100,,142277,16,0,34 29 30,1,100,,142280,16,0,34 29 30,1,100,,142283,16,0,34 29 30,1,100,,142286,16,0,34 29 30,1,100,,142289,16,0,34 29 30,1,100,,142292,16,0,34 29 30,1,100,,142295,16,0,34 29 30,1,100,,142297,16,0,34 29 30,1,92,,142298,38,0,57 29 30,1,95,,142299,38,0,57 29 30,1,99,,142300,38,0,57 29 30,1,100,,142301,38,0,57 29 30,1,102,,142302,38,0,57 29 30,1,100,,142303,38,0,57 29 30,1
2100,'20260803',532,,142304,38,0,57 29 30,1,100,,142305,38,0,57 29 30,1,77,,142306,38,0,57 29 30,1,110,,142309,16,0,34 29 30,1,100,,142313,16,0,34 29 30,1,102,,142317,16,0,34 29 30,1,100,,142321,16,0,34 29 30,1,100,,142324,16,0,34 29 30,1,100,,142327,16,0,34 29 30,1,100,,142330,16,0,34 29 30,1,100,,142333,16,0,34 29 30,1,100,,142336,16,0,34 29 30,1,100,,142339,16,0,34 29 30,1,100,,142342,16,0,34 29 30,1,100,,142344,16,0,34 29 30,1,92,,142346,38,0,57 29 30,1,95,,142347,38,0,57 29 30,1,99,,142348,38,0,57 29 30,1,100,,142349,38,0,57 29 30,1,102,,142350,38,0,57 29 30,1,100,,142351,38,0,57 29 30,1
2100,'20260804',431,,142352,38,,,1,79,,142353,38,,,1,25,,142354,38,,,1,393,,142358,14,0,5 29 30,1,100,,142364,14,0,5 29 30,1,100,,142370,14,0,16 29 30,1,95,,142374,14,0,16 29 30,1,85,,142378,14,0,16 29 30,1,110,,142381,14,0,16 29 30,1,98,,142383,14,0,16 29 30,1,92,,142386,14,0,16 29 30,1,107,,142388,38,,,1,105,,142389,38,,,1,95,,142390,38,,,1,98,,142391,38,,,1,99,,142392,38,,,1,98,,142393,38,,,1,97,,142394,38,,,1,100,,142395,38,,,1,104,,142396,38,,,1
2100,'20260805',431,,142397,38,,,1,79,,142398,38,,,1,25,,142399,38,,,1,393,,142403,14,0,5 29 30,1,100,,142409,14,0,5 29 30,1,100,,142415,14,0,16 29 30,1,95,,142419,14,0,16 29 30,1,85,,142423,14,0,16 29 30,1,110,,142426,14,0,16 29 30,1,98,,142428,14,0,16 29 30,1,92,,142431,14,0,16 29 30,1,107,,142433,38,,,1,105,,142434,38,,,1,95,,142435,38,,,1,98,,142436,38,,,1,99,,142437,38,,,1,98,,142438,38,,,1,97,,142439,38,,,1,100,,142440,38,,,1,104,,142441,38,,,1
2100,'20260806',431,,142442,38,,,1,79,,142443,38,,,1,25,,142444,38,,,1,393,,142448,14,0,5 29 30,1,100,,142454,14,0,5 29 30,1,100,,142460,14,0,16 29 30,1,95,,142464,14,0,16 29 30,1,85,,142468,14,0,16 29 30,1,110,,142471,14,0,16 29 30,1,98,,142473,14,0,16 29 30,1,92,,142476,14,0,16 29 30,1,107,,142478,38,,,1,105,,142479,38,,,1,95,,142480,38,,,1,98,,142481,38,,,1,99,,142482,38,,,1,98,,142483,38,,,1,97,,142484,38,,,1,100,,142485,38,,,1,104,,142486,38,,,1
2100,'20260807',431,,142487,38,,,1,79,,142488,38,,,1,25,,142489,38,,,1,393,,142493,14,0,5 29 30,1,100,,142499,14,0,5 29 30,1,100,,142505,14,0,16 29 30,1,95,,142509,14,0,16 29 30,1,85,,142513,14,0,16 29 30,1,110,,142516,14,0,16 29 30,1,98,,142518,14,0,16 29 30,1,92,,142521,14,0,16 29 30,1,107,,142523,38,,,1,105,,142524,38,,,1,95,,142525,38,,,1,98,,142526,38,,,1,99,,142527,38,,,1,98,,142528,38,,,1,97,,142529,38,,,1,100,,142530,38,,,1,104,,142531,38,,,1
2100,'20260808',532,,142532,38,0,57 29 30,1,100,,142533,38,0,57 29 30,1,77,,142534,38,0,57 29 30,1,110,,142537,16,0,34 29 30,1,100,,142541,16,0,34 29 30,1,102,,142545,16,0,34 29 30,1,100,,142549,16,0,34 29 30,1,100,,142552,16,0,34 29 30,1,100,,142555,16,0,34 29 30,1,100,,142558,16,0,34 29 30,1,100,,142561,16,0,34 29 30,1,100,,142564,16,0,34 29 30,1,100,,142567,16,0,34 29 30,1,100,,142570,16,0,34 29 30,1,100,,142572,16,0,34 29 30,1,92,,142574,38,0,57 29 30,1,95,,142575,38,0,57 29 30,1,99,,142576,38,0,57 29 30,1,100,,142577,38,0,57 29 30,1,102,,142578,38,0,57 29 30,1,100,,142579,38,0,57 29 30,1
2100,'20260809',532,,142580,38,0,57 29 30,1,100,,142581,38,0,57 29 30,1,77,,142582,38,0,57 29 30,1,110,,142584,16,0,34 29 30,1,100,,142587,16,0,34 29 30,1,102,,142590,16,0,34 29 30,1,100,,142593,16,0,34 29 30,1,100,,142596,16,0,34 29 30,1,100,,142599,16,0,34 29 30,1,100,,142602,16,0,34 29 30,1,100,,142605,16,0,34 29 30,1,100,,142608,16,0,34 29 30,1,100,,142611,16,0,34 29 30,1,100,,142614,16,0,34 29 30,1,100,,142616,16,0,34 29 30,1,92,,142617,38,0,57 29 30,1,95,,142618,38,0,57 29 30,1,99,,142619,38,0,57 29 30,1,100,,142620,38,0,57 29 30,1,102,,142621,38,0,57 29 30,1,100,,142622,38,0,57 29 30,1
2100,'20260810',431,,142623,38,,,1,79,,142624,38,,,1,25,,142625,38,,,1,393,,142629,14,0,5 29 30,1,100,,142635,14,0,5 29 30,1,100,,142641,14,0,16 29 30,1,95,,142645,14,0,16 29 30,1,85,,142649,14,0,16 29 30,1,110,,142652,14,0,16 29 30,1,98,,142654,14,0,16 29 30,1,92,,142657,14,0,16 29 30,1,107,,142659,38,,,1,105,,142660,38,,,1,95,,142661,38,,,1,98,,142662,38,,,1,99,,142663,38,,,1,98,,142664,38,,,1,97,,142665,38,,,1,100,,142666,38,,,1,104,,142667,38,,,1
2100,'20260811',431,,142668,38,,,1,79,,142669,38,,,1,25,,142670,38,,,1,393,,142674,14,0,5 29 30,1,100,,142680,14,0,5 29 30,1,100,,142686,14,0,16 29 30,1,95,,142690,14,0,16 29 30,1,85,,142694,14,0,16 29 30,1,110,,142697,14,0,16 29 30,1,98,,142699,14,0,16 29 30,1,92,,142702,14,0,16 29 30,1,107,,142704,38,,,1,105,,142705,38,,,1,95,,142706,38,,,1,98,,142707,38,,,1,99,,142708,38,,,1,98,,142709,38,,,1,97,,142710,38,,,1,100,,142711,38,,,1,104,,142712,38,,,1
2100,'20260812',431,,142713,38,,,1,79,,142714,38,,,1,25,,142715,38,,,1,393,,142719,14,0,5 29 30,1,100,,142725,14,0,5 29 30,1,100,,142731,14,0,16 29 30,1,95,,142735,14,0,16 29 30,1,85,,142739,14,0,16 29 30,1,110,,142742,14,0,16 29 30,1,98,,142744,14,0,16 29 30,1,92,,142747,14,0,16 29 30,1,107,,142749,38,,,1,105,,142750,38,,,1,95,,142751,38,,,1,98,,142752,38,,,1,99,,142753,38,,,1,98,,142754,38,,,1,97,,142755,38,,,1,100,,142756,38,,,1,104,,142757,38,,,1
2100,'20260813',431,,142758,38,,,1,79,,142759,38,,,1,25,,142760,38,,,1,393,,142764,14,0,5 29 30,1,100,,142770,14,0,5 29 30,1,100,,142776,14,0,16 29 30,1,95,,142780,14,0,16 29 30,1,85,,142784,14,0,16 29 30,1,110,,142787,14,0,16 29 30,1,98,,142789,14,0,16 29 30,1,92,,142792,14,0,16 29 30,1,107,,142794,38,,,1,105,,142795,38,,,1,95,,142796,38,,,1,98,,142797,38,,,1,99,,142798,38,,,1,98,,142799,38,,,1,97,,142800,38,,,1,100,,142801,38,,,1,104,,142802,38,,,1
2100,'20260814',431,,142803,38,,,1,79,,142804,38,,,1,25,,142805,38,,,1,393,,142809,14,0,5 29 30,1,100,,142815,14,0,5 29 30,1,100,,142821,14,0,16 29 30,1,95,,142825,14,0,16 29 30,1,85,,142829,14,0,16 29 30,1,110,,142832,14,0,16 29 30,1,98,,142834,14,0,16 29 30,1,92,,142837,14,0,16 29 30,1,107,,142839,38,,,1,105,,142840,38,,,1,95,,142841,38,,,1,98,,142842,38,,,1,99,,142843,38,,,1,98,,142844,38,,,1,97,,142845,38,,,1,100,,142846,38,,,1,104,,142847,38,,,1
2100,'20260815',532,,142848,38,0,57 29 30,1,100,,142849,38,0,57 29 30,1,77,,142850,38,0,57 29 30,1,110,,142853,16,0,34 29 30,1,100,,142857,16,0,34 29 30,1,102,,142861,16,0,34 29 30,1,100,,142865,16,0,34 29 30,1,100,,142868,16,0,34 29 30,1,100,,142871,16,0,34 29 30,1,100,,142874,16,0,34 29 30,1,100,,142877,16,0,34 29 30,1,100,,142880,16,0,34 29 30,1,100,,142883,16,0,34 29 30,1,100,,142886,16,0,34 29 30,1,100,,142888,16,0,34 29 30,1,92,,142890,38,0,57 29 30,1,95,,142891,38,0,57 29 30,1,99,,142892,38,0,57 29 30,1,100,,142893,38,0,57 29 30,1,102,,142894,38,0,57 29 30,1,100,,142895,38,0,57 29 30,1
2100,'20260816',532,,142896,38,0,57 29 30,1,100,,142897,38,0,57 29 30,1,77,,142898,38,0,57 29 30,1,110,,142900,16,0,34 29 30,1,100,,142903,16,0,34 29 30,1,102,,142906,16,0,34 29 30,1,100,,142909,16,0,34 29 30,1,100,,142912,16,0,34 29 30,1,100,,142915,16,0,34 29 30,1,100,,142918,16,0,34 29 30,1,100,,142921,16,0,34 29 30,1,100,,142924,16,0,34 29 30,1,100,,142927,16,0,34 29 30,1,100,,142930,16,0,34 29 30,1,100,,142932,16,0,34 29 30,1,92,,142933,38,0,57 29 30,1,95,,142934,38,0,57 29 30,1,99,,142935,38,0,57 29 30,1,100,,142936,38,0,57 29 30,1,102,,142937,38,0,57 29 30,1,100,,142938,38,0,57 29 30,1
2100,'20260817',431,,142939,38,,,1,79,,142940,38,,,1,25,,142941,38,,,1,393,,142945,14,0,5 29 30,1,100,,142951,14,0,5 29 30,1,100,,142957,14,0,16 29 30,1,95,,142961,14,0,16 29 30,1,85,,142965,14,0,16 29 30,1,110,,142968,14,0,16 29 30,1,98,,142970,14,0,16 29 30,1,92,,142973,14,0,16 29 30,1,107,,142975,38,,,1,105,,142976,38,,,1,95,,142977,38,,,1,98,,142978,38,,,1,99,,142979,38,,,1,98,,142980,38,,,1,97,,142981,38,,,1,100,,142982,38,,,1,104,,142983,38,,,1
2100,'20260818',431,,142984,38,,,1,79,,142985,38,,,1,25,,142986,38,,,1,393,,142990,14,0,5 29 30,1,100,,142996,14,0,5 29 30,1,100,,143002,14,0,16 29 30,1,95,,143006,14,0,16 29 30,1,85,,143010,14,0,16 29 30,1,110,,143013,14,0,16 29 30,1,98,,143015,14,0,16 29 30,1,92,,143018,14,0,16 29 30,1,107,,143020,38,,,1,105,,143021,38,,,1,95,,143022,38,,,1,98,,143023,38,,,1,99,,143024,38,,,1,98,,143025,38,,,1,97,,143026,38,,,1,100,,143027,38,,,1,104,,143028,38,,,1
2100,'20260819',431,,143029,38,,,1,79,,143030,38,,,1,25,,143031,38,,,1,393,,143035,14,0,5 29 30,1,100,,143041,14,0,5 29 30,1,100,,143047,14,0,16 29 30,1,95,,143051,14,0,16 29 30,1,85,,143055,14,0,16 29 30,1,110,,143058,14,0,16 29 30,1,98,,143060,14,0,16 29 30,1,92,,143063,14,0,16 29 30,1,107,,143065,38,,,1,105,,143066,38,,,1,95,,143067,38,,,1,98,,143068,38,,,1,99,,143069,38,,,1,98,,143070,38,,,1,97,,143071,38,,,1,100,,143072,38,,,1,104,,143073,38,,,1
2100,'20260820',431,,143074,38,,,1,79,,143075,38,,,1,25,,143076,38,,,1,393,,143080,14,0,5 29 30,1,100,,143086,14,0,5 29 30,1,100,,143092,14,0,16 29 30,1,95,,143096,14,0,16 29 30,1,85,,143100,14,0,16 29 30,1,110,,143103,14,0,16 29 30,1,98,,143105,14,0,16 29 30,1,92,,143108,14,0,16 29 30,1,107,,143110,38,,,1,105,,143111,38,,,1,95,,143112,38,,,1,98,,143113,38,,,1,99,,143114,38,,,1,98,,143115,38,,,1,97,,143116,38,,,1,100,,143117,38,,,1,104,,143118,38,,,1
2100,'20260821',431,,143119,38,,,1,79,,143120,38,,,1,25,,143121,38,,,1,393,,143125,14,0,5 29 30,1,100,,143131,14,0,5 29 30,1,100,,143137,14,0,16 29 30,1,95,,143141,14,0,16 29 30,1,85,,143145,14,0,16 29 30,1,110,,143148,14,0,16 29 30,1,98,,143150,14,0,16 29 30,1,92,,143153,14,0,16 29 30,1,107,,143155,38,,,1,105,,143156,38,,,1,95,,143157,38,,,1,98,,143158,38,,,1,99,,143159,38,,,1,98,,143160,38,,,1,97,,143161,38,,,1,100,,143162,38,,,1,104,,143163,38,,,1
2100,'20260822',532,,143164,38,0,57 29 30,1,100,,143165,38,0,57 29 30,1,77,,143166,38,0,57 29 30,1,110,,143169,16,0,34 29 30,1,100,,143173,16,0,34 29 30,1,102,,143177,16,0,34 29 30,1,100,,143181,16,0,34 29 30,1,100,,143184,16,0,34 29 30,1,100,,143187,16,0,34 29 30,1,100,,143190,16,0,34 29 30,1,100,,143193,16,0,34 29 30,1,100,,143196,16,0,34 29 30,1,100,,143199,16,0,34 29 30,1,100,,143202,16,0,34 29 30,1,100,,143204,16,0,34 29 30,1,92,,143206,38,0,57 29 30,1,95,,143207,38,0,57 29 30,1,99,,143208,38,0,57 29 30,1,100,,143209,38,0,57 29 30,1,102,,143210,38,0,57 29 30,1,100,,143211,38,0,57 29 30,1
2100,'20260823',532,,143212,38,0,57 29 30,1,100,,143213,38,0,57 29 30,1,77,,143214,38,0,57 29 30,1,110,,143216,16,0,34 29 30,1,100,,143219,16,0,34 29 30,1,102,,143222,16,0,34 29 30,1,100,,143225,16,0,34 29 30,1,100,,143228,16,0,34 29 30,1,100,,143231,16,0,34 29 30,1,100,,143234,16,0,34 29 30,1,100,,143237,16,0,34 29 30,1,100,,143240,16,0,34 29 30,1,100,,143243,16,0,34 29 30,1,100,,143246,16,0,34 29 30,1,100,,143248,16,0,34 29 30,1,92,,143249,38,0,57 29 30,1,95,,143250,38,0,57 29 30,1,99,,143251,38,0,57 29 30,1,100,,143252,38,0,57 29 30,1,102,,143253,38,0,57 29 30,1,100,,143254,38,0,57 29 30,1
2100,'20260824',431,,143255,38,,,1,79,,143256,38,,,1,25,,143257,38,,,1,393,,143261,14,0,5 29 30,1,100,,143267,14,0,5 29 30,1,100,,143273,14,0,16 29 30,1,95,,143277,14,0,16 29 30,1,85,,143281,14,0,16 29 30,1,110,,143284,14,0,16 29 30,1,98,,143286,14,0,16 29 30,1,92,,143289,14,0,16 29 30,1,107,,143291,38,,,1,105,,143292,38,,,1,95,,143293,38,,,1,98,,143294,38,,,1,99,,143295,38,,,1,98,,143296,38,,,1,97,,143297,38,,,1,100,,143298,38,,,1,104,,143299,38,,,1
2100,'20260825',431,,143300,38,,,1,79,,143301,38,,,1,25,,143302,38,,,1,393,,143306,14,0,5 29 30,1,100,,143312,14,0,5 29 30,1,100,,143318,14,0,16 29 30,1,95,,143322,14,0,16 29 30,1,85,,143326,14,0,16 29 30,1,110,,143329,14,0,16 29 30,1,98,,143331,14,0,16 29 30,1,92,,143334,14,0,16 29 30,1,107,,143336,38,,,1,105,,143337,38,,,1,95,,143338,38,,,1,98,,143339,38,,,1,99,,143340,38,,,1,98,,143341,38,,,1,97,,143342,38,,,1,100,,143343,38,,,1,104,,143344,38,,,1
2100,'20260826',431,,143345,38,,,1,79,,143346,38,,,1,25,,143347,38,,,1,393,,143351,14,0,5 29 30,1,100,,143357,14,0,5 29 30,1,100,,143363,14,0,16 29 30,1,95,,143367,14,0,16 29 30,1,85,,143371,14,0,16 29 30,1,110,,143374,14,0,16 29 30,1,98,,143376,14,0,16 29 30,1,92,,143379,14,0,16 29 30,1,107,,143381,38,,,1,105,,143382,38,,,1,95,,143383,38,,,1,98,,143384,38,,,1,99,,143385,38,,,1,98,,143386,38,,,1,97,,143387,38,,,1,100,,143388,38,,,1,104,,143389,38,,,1
2100,'20260827',431,,143390,38,,,1,79,,143391,38,,,1,25,,143392,38,,,1,393,,143396,14,0,5 29 30,1,100,,143402,14,0,5 29 30,1,100,,143408,14,0,16 29 30,1,95,,143412,14,0,16 29 30,1,85,,143416,14,0,16 29 30,1,110,,143419,14,0,16 29 30,1,98,,143421,14,0,16 29 30,1,92,,143424,14,0,16 29 30,1,107,,143426,38,,,1,105,,143427,38,,,1,95,,143428,38,,,1,98,,143429,38,,,1,99,,143430,38,,,1,98,,143431,38,,,1,97,,143432,38,,,1,100,,143433,38,,,1,104,,143434,38,,,1
2100,'20260828',431,,143435,38,,,1,79,,143436,38,,,1,25,,143437,38,,,1,393,,143441,14,0,5 29 30,1,100,,143447,14,0,5 29 30,1,100,,143453,14,0,16 29 30,1,95,,143457,14,0,16 29 30,1,85,,143461,14,0,16 29 30,1,110,,143464,14,0,16 29 30,1,98,,143466,14,0,16 29 30,1,92,,143469,14,0,16 29 30,1,107,,143471,38,,,1,105,,143472,38,,,1,95,,143473,38,,,1,98,,143474,38,,,1,99,,143475,38,,,1,98,,143476,38,,,1,97,,143477,38,,,1,100,,143478,38,,,1,104,,143479,38,,,1
2100,'20260829',532,,143480,38,0,57 29 30,1,100,,143481,38,0,57 29 30,1,77,,143482,38,0,57 29 30,1,110,,143485,16,0,34 29 30,1,100,,143489,16,0,34 29 30,1,102,,143493,16,0,34 29 30,1,100,,143497,16,0,34 29 30,1,100,,143500,16,0,34 29 30,1,100,,143503,16,0,34 29 30,1,100,,143506,16,0,34 29 30,1,100,,143509,16,0,34 29 30,1,100,,143512,16,0,34 29 30,1,100,,143515,16,0,34 29 30,1,100,,143518,16,0,34 29 30,1,100,,143520,16,0,34 29 30,1,92,,143522,38,0,57 29 30,1,95,,143523,38,0,57 29 30,1,99,,143524,38,0,57 29 30,1,100,,143525,38,0,57 29 30,1,102,,143526,38,0,57 29 30,1,100,,143527,38,0,57 29 30,1
2100,'20260830',532,,143528,38,0,57 29 30,1,100,,143529,38,0,57 29 30,1,77,,143530,38,0,57 29 30,1,110,,143532,16,0,34 29 30,1,100,,143535,16,0,34 29 30,1,102,,143538,16,0,34 29 30,1,100,,143541,16,0,34 29 30,1,100,,143544,16,0,34 29 30,1,100,,143547,16,0,34 29 30,1,100,,143550,16,0,34 29 30,1,100,,143553,16,0,34 29 30,1,100,,143556,16,0,34 29 30,1,100,,143559,16,0,34 29 30,1,100,,143562,16,0,34 29 30,1,100,,143564,16,0,34 29 30,1,92,,143565,38,0,57 29 30,1,95,,143566,38,0,57 29 30,1,99,,143567,38,0,57 29 30,1,100,,143568,38,0,57 29 30,1,102,,143569,38,0,57 29 30,1,100,,143570,38,0,57 29 30,1
2100,'20260831',431,,143571,38,,,1,79,,143572,38,,,1,25,,143573,38,,,1,393,,143577,14,0,5 29 30,1,100,,143583,14,0,5 29 30,1,100,,143589,14,0,16 29 30,1,95,,143593,14,0,16 29 30,1,85,,143597,14,0,16 29 30,1,110,,143600,14,0,16 29 30,1,98,,143602,14,0,16 29 30,1,92,,143605,14,0,16 29 30,1,107,,143607,38,,,1,105,,143608,38,,,1,95,,143609,38,,,1,98,,143610,38,,,1,99,,143611,38,,,1,98,,143612,38,,,1,97,,143613,38,,,1,100,,143614,38,,,1,104,,143615,38,,,1
2100,'20260901',431,,143616,38,,,1,79,,143617,38,,,1,25,,143618,38,,,1,393,,143622,14,0,5 29 30,1,100,,143628,14,0,5 29 30,1,100,,143634,14,0,16 29 30,1,95,,143638,14,0,16 29 30,1,85,,143642,14,0,16 29 30,1,110,,143645,14,0,16 29 30,1,98,,143647,14,0,16 29 30,1,92,,143650,14,0,16 29 30,1,107,,143652,38,,,1,105,,143653,38,,,1,95,,143654,38,,,1,98,,143655,38,,,1,99,,143656,38,,,1,98,,143657,38,,,1,97,,143658,38,,,1,100,,143659,38,,,1,104,,143660,38,,,1
2100,'20260902',431,,143661,38,,,1,79,,143662,38,,,1,25,,143663,38,,,1,393,,143667,14,0,5 29 30,1,100,,143673,14,0,5 29 30,1,100,,143679,14,0,16 29 30,1,95,,143683,14,0,16 29 30,1,85,,143687,14,0,16 29 30,1,110,,143690,14,0,16 29 30,1,98,,143692,14,0,16 29 30,1,92,,143695,14,0,16 29 30,1,107,,143697,38,,,1,105,,143698,38,,,1,95,,143699,38,,,1,98,,143700,38,,,1,99,,143701,38,,,1,98,,143702,38,,,1,97,,143703,38,,,1,100,,143704,38,,,1,104,,143705,38,,,1
2100,'20260903',431,,143706,38,,,1,79,,143707,38,,,1,25,,143708,38,,,1,393,,143712,14,0,5 29 30,1,100,,143718,14,0,5 29 30,1,100,,143724,14,0,16 29 30,1,95,,143728,14,0,16 29 30,1,85,,143732,14,0,16 29 30,1,110,,143735,14,0,16 29 30,1,98,,143737,14,0,16 29 30,1,92,,143740,14,0,16 29 30,1,107,,143742,38,,,1,105,,143743,38,,,1,95,,143744,38,,,1,98,,143745,38,,,1,99,,143746,38,,,1,98,,143747,38,,,1,97,,143748,38,,,1,100,,143749,38,,,1,104,,143750,38,,,1
2100,'20260904',431,,143751,38,,,1,79,,143752,38,,,1,25,,143753,38,,,1,393,,143757,14,0,5 29 30,1,100,,143763,14,0,5 29 30,1,100,,143769,14,0,16 29 30,1,95,,143773,14,0,16 29 30,1,85,,143777,14,0,16 29 30,1,110,,143780,14,0,16 29 30,1,98,,143782,14,0,16 29 30,1,92,,143785,14,0,16 29 30,1,107,,143787,38,,,1,105,,143788,38,,,1,95,,143789,38,,,1,98,,143790,38,,,1,99,,143791,38,,,1,98,,143792,38,,,1,97,,143793,38,,,1,100,,143794,38,,,1,104,,143795,38,,,1
