3100,'20260528',422,,86698,18,0,16 29 30,1,80,,86699,18,0,57 29 30,1,1123,,86701,44,0,5 18 9,1,100,,86702,44,0,5 18 9,1,33,,86703,44,0,5 18 9,1,595,,86704,18,0,16 29 30,1,100,,86705,18,0,16 29 30,1
3100,'20260529',422,,86706,18,0,16 29 30,1,80,,86707,18,0,57 29 30,1,1123,,86709,44,0,5 18 9,1,100,,86710,44,0,5 18 9,1,33,,86711,44,0,5 18 9,1,595,,86712,18,0,16 29 30,1,100,,86713,18,0,16 29 30,1
3100,'20260530',518,,86714,18,0,16 29 30,1,25,,86715,6,0,77 29 30,1,15,,86716,6,0,78 29 30,1,60,,86717,18,0,57 29 30,1,20,,86718,6,0,77 29 30,1,15,,86720,6,0,77 29 30,1,1670,,86721,18,0,16 29 30,1,102,,86722,18,0,16 29 30,1
3100,'20260531',518,,86723,18,0,16 29 30,1,25,,86724,6,0,77 29 30,1,15,,86725,6,0,78 29 30,1,60,,86726,18,0,57 29 30,1,20,,86727,6,0,77 29 30,1,15,,86729,6,0,77 29 30,1,1670,,86730,18,0,16 29 30,1,102,,86731,18,0,16 29 30,1
3100,'20260601',422,,86732,18,0,16 29 30,1,80,,86733,18,0,57 29 30,1,1123,,86735,44,0,5 18 9,1,100,,86736,44,0,5 18 9,1,33,,86737,44,0,5 18 9,1,595,,86738,18,0,16 29 30,1,100,,86739,18,0,16 29 30,1
3100,'20260602',422,,86740,18,0,16 29 30,1,80,,86741,18,0,57 29 30,1,1123,,86743,44,0,5 18 9,1,100,,86744,44,0,5 18 9,1,33,,86745,44,0,5 18 9,1,595,,86746,18,0,16 29 30,1,100,,86747,18,0,16 29 30,1
3100,'20260603',422,,86748,18,0,16 29 30,1,80,,86749,18,0,57 29 30,1,1123,,86751,44,0,5 18 9,1,100,,86752,44,0,5 18 9,1,33,,86753,44,0,5 18 9,1,595,,86754,18,0,16 29 30,1,100,,86755,18,0,16 29 30,1
3100,'20260604',422,,86756,18,0,16 29 30,1,80,,86757,18,0,57 29 30,1,1123,,86759,44,0,5 18 9,1,100,,86760,44,0,5 18 9,1,33,,86761,44,0,5 18 9,1,595,,86762,18,0,16 29 30,1,100,,86763,18,0,16 29 30,1
3100,'20260605',422,,86764,18,0,16 29 30,1,80,,86765,18,0,57 29 30,1,1123,,86767,44,0,5 18 9,1,100,,86768,44,0,5 18 9,1,33,,86769,44,0,5 18 9,1,595,,86770,18,0,16 29 30,1,100,,86771,18,0,16 29 30,1
3100,'20260606',518,,86772,18,0,16 29 30,1,25,,86773,6,0,77 29 30,1,15,,86774,6,0,78 29 30,1,60,,86775,18,0,57 29 30,1,20,,86776,6,0,77 29 30,1,15,,86778,6,0,77 29 30,1,1670,,86779,18,0,16 29 30,1,102,,86780,18,0,16 29 30,1
3100,'20260607',518,,86781,18,0,16 29 30,1,25,,86782,6,0,77 29 30,1,15,,86783,6,0,78 29 30,1,60,,86784,18,0,57 29 30,1,20,,86785,6,0,77 29 30,1,15,,86787,6,0,77 29 30,1,1670,,86788,18,0,16 29 30,1,102,,86789,18,0,16 29 30,1
3100,'20260608',422,,86790,18,0,16 29 30,1,80,,86791,18,0,57 29 30,1,1123,,86793,44,0,5 18 9,1,100,,86794,44,0,5 18 9,1,33,,86795,44,0,5 18 9,1,595,,86796,18,0,16 29 30,1,100,,86797,18,0,16 29 30,1
3100,'20260609',422,,86798,18,0,16 29 30,1,80,,86799,18,0,57 29 30,1,1123,,86801,44,0,5 18 9,1,100,,86802,44,0,5 18 9,1,33,,86803,44,0,5 18 9,1,595,,86804,18,0,16 29 30,1,100,,86805,18,0,16 29 30,1
3100,'20260610',422,,86806,18,0,16 29 30,1,80,,86807,18,0,57 29 30,1,1123,,86809,44,0,5 18 9,1,100,,86810,44,0,5 18 9,1,33,,86811,44,0,5 18 9,1,595,,86812,18,0,16 29 30,1,100,,86813,18,0,16 29 30,1
3100,'20260611',422,,86814,18,0,16 29 30,1,80,,86815,18,0,57 29 30,1,1123,,86817,44,0,5 18 9,1,100,,86818,44,0,5 18 9,1,33,,86819,44,0,5 18 9,1,595,,86820,18,0,16 29 30,1,100,,86821,18,0,16 29 30,1
3100,'20260612',422,,86822,18,0,16 29 30,1,80,,86823,18,0,57 29 30,1,1123,,86825,44,0,5 18 9,1,100,,86826,44,0,5 18 9,1,33,,86827,44,0,5 18 9,1,595,,86828,18,0,16 29 30,1,100,,86829,18,0,16 29 30,1
3100,'20260613',518,,164361,18,0,16 29 30,1,25,,164362,6,0,77 29 30,1,15,,164363,6,0,78 29 30,1,60,,164364,18,0,57 29 30,1,20,,164365,6,0,77 29 30,1,15,,164367,6,0,77 29 30,1,1670,,164368,18,0,16 29 30,1,102,,164369,18,0,16 29 30,1
3100,'20260614',518,,164370,18,0,16 29 30,1,25,,164371,6,0,77 29 30,1,15,,164372,6,0,78 29 30,1,60,,164373,18,0,57 29 30,1,20,,164374,6,0,77 29 30,1,15,,164376,6,0,77 29 30,1,1670,,164377,18,0,16 29 30,1,102,,164378,18,0,16 29 30,1
3100,'20260615',422,,164379,18,0,16 29 30,1,80,,164380,18,0,57 29 30,1,1123,,164382,44,0,5 18 9,1,100,,164383,44,0,5 18 9,1,33,,164384,44,0,5 18 9,1,595,,164385,18,0,16 29 30,1,100,,164386,18,0,16 29 30,1
3100,'20260616',422,,164387,18,0,16 29 30,1,80,,164388,18,0,57 29 30,1,1123,,164390,44,0,5 18 9,1,100,,164391,44,0,5 18 9,1,33,,164392,44,0,5 18 9,1,595,,164393,18,0,16 29 30,1,100,,164394,18,0,16 29 30,1
3100,'20260617',422,,164395,18,0,16 29 30,1,80,,164396,18,0,57 29 30,1,1123,,164398,44,0,5 18 9,1,100,,164399,44,0,5 18 9,1,33,,164400,44,0,5 18 9,1,595,,164401,18,0,16 29 30,1,100,,164402,18,0,16 29 30,1
3100,'20260618',422,,164403,18,0,16 29 30,1,80,,164404,18,0,57 29 30,1,1123,,164406,44,0,5 18 9,1,100,,164407,44,0,5 18 9,1,33,,164408,44,0,5 18 9,1,595,,164409,18,0,16 29 30,1,100,,164410,18,0,16 29 30,1
3100,'20260619',422,,164411,18,0,16 29 30,1,80,,164412,18,0,57 29 30,1,1123,,164414,44,0,5 18 9,1,100,,164415,44,0,5 18 9,1,33,,164416,44,0,5 18 9,1,595,,164417,18,0,16 29 30,1,100,,164418,18,0,16 29 30,1
3100,'20260620',518,,164419,18,0,16 29 30,1,25,,164420,6,0,77 29 30,1,15,,164421,6,0,78 29 30,1,60,,164422,18,0,57 29 30,1,20,,164423,6,0,77 29 30,1,15,,164425,6,0,77 29 30,1,1670,,164426,18,0,16 29 30,1,102,,164427,18,0,16 29 30,1
3100,'20260621',518,,164428,18,0,16 29 30,1,25,,164429,6,0,77 29 30,1,15,,164430,6,0,78 29 30,1,60,,164431,18,0,57 29 30,1,20,,164432,6,0,77 29 30,1,15,,164434,6,0,77 29 30,1,1670,,164435,18,0,16 29 30,1,102,,164436,18,0,16 29 30,1
3100,'20260622',422,,164437,18,0,16 29 30,1,80,,164438,18,0,57 29 30,1,1123,,164440,44,0,5 18 9,1,100,,164441,44,0,5 18 9,1,33,,164442,44,0,5 18 9,1,595,,164443,18,0,16 29 30,1,100,,164444,18,0,16 29 30,1
3100,'20260623',422,,164445,18,0,16 29 30,1,80,,164446,18,0,57 29 30,1,1123,,164448,44,0,5 18 9,1,100,,164449,44,0,5 18 9,1,33,,164450,44,0,5 18 9,1,595,,164451,18,0,16 29 30,1,100,,164452,18,0,16 29 30,1
3100,'20260624',422,,164453,18,0,16 29 30,1,80,,164454,18,0,57 29 30,1,1123,,164456,44,0,5 18 9,1,100,,164457,44,0,5 18 9,1,33,,164458,44,0,5 18 9,1,595,,164459,18,0,16 29 30,1,100,,164460,18,0,16 29 30,1
3100,'20260625',422,,164461,18,0,16 29 30,1,80,,164462,18,0,57 29 30,1,1123,,164464,44,0,5 18 9,1,100,,164465,44,0,5 18 9,1,33,,164466,44,0,5 18 9,1,595,,164467,18,0,16 29 30,1,100,,164468,18,0,16 29 30,1
3100,'20260626',422,,164469,18,0,16 29 30,1,80,,164470,18,0,57 29 30,1,1123,,164472,44,0,5 18 9,1,100,,164473,44,0,5 18 9,1,33,,164474,44,0,5 18 9,1,595,,164475,18,0,16 29 30,1,100,,164476,18,0,16 29 30,1
3100,'20260627',518,,164477,18,0,16 29 30,1,25,,164478,6,0,77 29 30,1,15,,164479,6,0,78 29 30,1,60,,164480,18,0,57 29 30,1,20,,164481,6,0,77 29 30,1,15,,164483,6,0,77 29 30,1,1670,,164484,18,0,16 29 30,1,102,,164485,18,0,16 29 30,1
3100,'20260628',518,,164486,18,0,16 29 30,1,25,,164487,6,0,77 29 30,1,15,,164488,6,0,78 29 30,1,60,,164489,18,0,57 29 30,1,20,,164490,6,0,77 29 30,1,15,,164492,6,0,77 29 30,1,1670,,164493,18,0,16 29 30,1,102,,164494,18,0,16 29 30,1
3100,'20260629',422,,164495,18,0,16 29 30,1,80,,164496,18,0,57 29 30,1,1123,,164498,44,0,5 18 9,1,100,,164499,44,0,5 18 9,1,33,,164500,44,0,5 18 9,1,595,,164501,18,0,16 29 30,1,100,,164502,18,0,16 29 30,1
3100,'20260630',422,,164503,18,0,16 29 30,1,80,,164504,18,0,57 29 30,1,1123,,164506,44,0,5 18 9,1,100,,164507,44,0,5 18 9,1,33,,164508,44,0,5 18 9,1,595,,164509,18,0,16 29 30,1,100,,164510,18,0,16 29 30,1
3100,'20260701',518,,164511,18,0,16 29 30,1,25,,164512,6,0,77 29 30,1,15,,164513,6,0,78 29 30,1,60,,164514,18,0,57 29 30,1,20,,164515,6,0,77 29 30,1,15,,164517,6,0,77 29 30,1,1670,,164518,18,0,16 29 30,1,102,,164519,18,0,16 29 30,1
3100,'20260702',422,,164520,18,0,16 29 30,1,80,,164521,18,0,57 29 30,1,1123,,164523,44,0,5 18 9,1,100,,164524,44,0,5 18 9,1,33,,164525,44,0,5 18 9,1,595,,164526,18,0,16 29 30,1,100,,164527,18,0,16 29 30,1
3100,'20260703',422,,164528,18,0,16 29 30,1,80,,164529,18,0,57 29 30,1,1123,,164531,44,0,5 18 9,1,100,,164532,44,0,5 18 9,1,33,,164533,44,0,5 18 9,1,595,,164534,18,0,16 29 30,1,100,,164535,18,0,16 29 30,1
3100,'20260704',518,,164536,18,0,16 29 30,1,25,,164537,6,0,77 29 30,1,15,,164538,6,0,78 29 30,1,60,,164539,18,0,57 29 30,1,20,,164540,6,0,77 29 30,1,15,,164542,6,0,77 29 30,1,1670,,164543,18,0,16 29 30,1,102,,164544,18,0,16 29 30,1
3100,'20260705',518,,164545,18,0,16 29 30,1,25,,164546,6,0,77 29 30,1,15,,164547,6,0,78 29 30,1,60,,164548,18,0,57 29 30,1,20,,164549,6,0,77 29 30,1,15,,164551,6,0,77 29 30,1,1670,,164552,18,0,16 29 30,1,102,,164553,18,0,16 29 30,1
3100,'20260706',422,,164554,18,0,16 29 30,1,80,,164555,18,0,57 29 30,1,1123,,164557,44,0,5 18 9,1,100,,164558,44,0,5 18 9,1,33,,164559,44,0,5 18 9,1,595,,164560,18,0,16 29 30,1,100,,164561,18,0,16 29 30,1
3100,'20260707',422,,164562,18,0,16 29 30,1,80,,164563,18,0,57 29 30,1,1123,,164565,44,0,5 18 9,1,100,,164566,44,0,5 18 9,1,33,,164567,44,0,5 18 9,1,595,,164568,18,0,16 29 30,1,100,,164569,18,0,16 29 30,1
3100,'20260708',422,,164570,18,0,16 29 30,1,80,,164571,18,0,57 29 30,1,1123,,164573,44,0,5 18 9,1,100,,164574,44,0,5 18 9,1,33,,164575,44,0,5 18 9,1,595,,164576,18,0,16 29 30,1,100,,164577,18,0,16 29 30,1
3100,'20260709',422,,164578,18,0,16 29 30,1,80,,164579,18,0,57 29 30,1,1123,,164581,44,0,5 18 9,1,100,,164582,44,0,5 18 9,1,33,,164583,44,0,5 18 9,1,595,,164584,18,0,16 29 30,1,100,,164585,18,0,16 29 30,1
3100,'20260710',422,,164586,18,0,16 29 30,1,80,,164587,18,0,57 29 30,1,1123,,164589,44,0,5 18 9,1,100,,164590,44,0,5 18 9,1,33,,164591,44,0,5 18 9,1,595,,164592,18,0,16 29 30,1,100,,164593,18,0,16 29 30,1
3100,'20260711',518,,164594,18,0,16 29 30,1,25,,164595,6,0,77 29 30,1,15,,164596,6,0,78 29 30,1,60,,164597,18,0,57 29 30,1,20,,164598,6,0,77 29 30,1,15,,164600,6,0,77 29 30,1,1670,,164601,18,0,16 29 30,1,102,,164602,18,0,16 29 30,1
3100,'20260712',518,,164603,18,0,16 29 30,1,25,,164604,6,0,77 29 30,1,15,,164605,6,0,78 29 30,1,60,,164606,18,0,57 29 30,1,20,,164607,6,0,77 29 30,1,15,,164609,6,0,77 29 30,1,1670,,164610,18,0,16 29 30,1,102,,164611,18,0,16 29 30,1
3100,'20260713',422,,164612,18,0,16 29 30,1,80,,164613,18,0,57 29 30,1,1123,,164615,44,0,5 18 9,1,100,,164616,44,0,5 18 9,1,33,,164617,44,0,5 18 9,1,595,,164618,18,0,16 29 30,1,100,,164619,18,0,16 29 30,1
3100,'20260714',422,,164620,18,0,16 29 30,1,80,,164621,18,0,57 29 30,1,1123,,164623,44,0,5 18 9,1,100,,164624,44,0,5 18 9,1,33,,164625,44,0,5 18 9,1,595,,164626,18,0,16 29 30,1,100,,164627,18,0,16 29 30,1
3100,'20260715',422,,164628,18,0,16 29 30,1,80,,164629,18,0,57 29 30,1,1123,,164631,44,0,5 18 9,1,100,,164632,44,0,5 18 9,1,33,,164633,44,0,5 18 9,1,595,,164634,18,0,16 29 30,1,100,,164635,18,0,16 29 30,1
3100,'20260716',422,,164636,18,0,16 29 30,1,80,,164637,18,0,57 29 30,1,1123,,164639,44,0,5 18 9,1,100,,164640,44,0,5 18 9,1,33,,164641,44,0,5 18 9,1,595,,164642,18,0,16 29 30,1,100,,164643,18,0,16 29 30,1
3100,'20260717',422,,164644,18,0,16 29 30,1,80,,164645,18,0,57 29 30,1,1123,,164647,44,0,5 18 9,1,100,,164648,44,0,5 18 9,1,33,,164649,44,0,5 18 9,1,595,,164650,18,0,16 29 30,1,100,,164651,18,0,16 29 30,1
3100,'20260718',518,,164652,18,0,16 29 30,1,25,,164653,6,0,77 29 30,1,15,,164654,6,0,78 29 30,1,60,,164655,18,0,57 29 30,1,20,,164656,6,0,77 29 30,1,15,,164658,6,0,77 29 30,1,1670,,164659,18,0,16 29 30,1,102,,164660,18,0,16 29 30,1
3100,'20260719',518,,164661,18,0,16 29 30,1,25,,164662,6,0,77 29 30,1,15,,164663,6,0,78 29 30,1,60,,164664,18,0,57 29 30,1,20,,164665,6,0,77 29 30,1,15,,164667,6,0,77 29 30,1,1670,,164668,18,0,16 29 30,1,102,,164669,18,0,16 29 30,1
3100,'20260720',422,,164670,18,0,16 29 30,1,80,,164671,18,0,57 29 30,1,1123,,164673,44,0,5 18 9,1,100,,164674,44,0,5 18 9,1,33,,164675,44,0,5 18 9,1,595,,164676,18,0,16 29 30,1,100,,164677,18,0,16 29 30,1
3100,'20260721',422,,164678,18,0,16 29 30,1,80,,164679,18,0,57 29 30,1,1123,,164681,44,0,5 18 9,1,100,,164682,44,0,5 18 9,1,33,,164683,44,0,5 18 9,1,595,,164684,18,0,16 29 30,1,100,,164685,18,0,16 29 30,1
3100,'20260722',422,,164686,18,0,16 29 30,1,80,,164687,18,0,57 29 30,1,1123,,164689,44,0,5 18 9,1,100,,164690,44,0,5 18 9,1,33,,164691,44,0,5 18 9,1,595,,164692,18,0,16 29 30,1,100,,164693,18,0,16 29 30,1
3100,'20260723',422,,164694,18,0,16 29 30,1,80,,164695,18,0,57 29 30,1,1123,,164697,44,0,5 18 9,1,100,,164698,44,0,5 18 9,1,33,,164699,44,0,5 18 9,1,595,,164700,18,0,16 29 30,1,100,,164701,18,0,16 29 30,1
3100,'20260724',422,,164702,18,0,16 29 30,1,80,,164703,18,0,57 29 30,1,1123,,164705,44,0,5 18 9,1,100,,164706,44,0,5 18 9,1,33,,164707,44,0,5 18 9,1,595,,164708,18,0,16 29 30,1,100,,164709,18,0,16 29 30,1
3100,'20260725',518,,164710,18,0,16 29 30,1,25,,164711,6,0,77 29 30,1,15,,164712,6,0,78 29 30,1,60,,164713,18,0,57 29 30,1,20,,164714,6,0,77 29 30,1,15,,164716,6,0,77 29 30,1,1670,,164717,18,0,16 29 30,1,102,,164718,18,0,16 29 30,1
3100,'20260726',518,,164719,18,0,16 29 30,1,25,,164720,6,0,77 29 30,1,15,,164721,6,0,78 29 30,1,60,,164722,18,0,57 29 30,1,20,,164723,6,0,77 29 30,1,15,,164725,6,0,77 29 30,1,1670,,164726,18,0,16 29 30,1,102,,164727,18,0,16 29 30,1
3100,'20260727',422,,164728,18,0,16 29 30,1,80,,164729,18,0,57 29 30,1,1123,,164731,44,0,5 18 9,1,100,,164732,44,0,5 18 9,1,33,,164733,44,0,5 18 9,1,595,,164734,18,0,16 29 30,1,100,,164735,18,0,16 29 30,1
3100,'20260728',422,,164736,18,0,16 29 30,1,80,,164737,18,0,57 29 30,1,1123,,164739,44,0,5 18 9,1,100,,164740,44,0,5 18 9,1,33,,164741,44,0,5 18 9,1,595,,164742,18,0,16 29 30,1,100,,164743,18,0,16 29 30,1
3100,'20260729',422,,164744,18,0,16 29 30,1,80,,164745,18,0,57 29 30,1,1123,,164747,44,0,5 18 9,1,100,,164748,44,0,5 18 9,1,33,,164749,44,0,5 18 9,1,595,,164750,18,0,16 29 30,1,100,,164751,18,0,16 29 30,1
3100,'20260730',422,,164752,18,0,16 29 30,1,80,,164753,18,0,57 29 30,1,1123,,164755,44,0,5 18 9,1,100,,164756,44,0,5 18 9,1,33,,164757,44,0,5 18 9,1,595,,164758,18,0,16 29 30,1,100,,164759,18,0,16 29 30,1
3100,'20260731',422,,164760,18,0,16 29 30,1,80,,164761,18,0,57 29 30,1,1123,,164763,44,0,5 18 9,1,100,,164764,44,0,5 18 9,1,33,,164765,44,0,5 18 9,1,595,,164766,18,0,16 29 30,1,100,,164767,18,0,16 29 30,1
3100,'20260801',518,,164768,18,0,16 29 30,1,25,,164769,6,0,77 29 30,1,15,,164770,6,0,78 29 30,1,60,,164771,18,0,57 29 30,1,20,,164772,6,0,77 29 30,1,15,,164774,6,0,77 29 30,1,1670,,164775,18,0,16 29 30,1,102,,164776,18,0,16 29 30,1
3100,'20260802',518,,164777,18,0,16 29 30,1,25,,164778,6,0,77 29 30,1,15,,164779,6,0,78 29 30,1,60,,164780,18,0,57 29 30,1,20,,164781,6,0,77 29 30,1,15,,164783,6,0,77 29 30,1,1670,,164784,18,0,16 29 30,1,102,,164785,18,0,16 29 30,1
3100,'20260803',518,,164786,18,0,16 29 30,1,25,,164787,6,0,77 29 30,1,15,,164788,6,0,78 29 30,1,60,,164789,18,0,57 29 30,1,20,,164790,6,0,77 29 30,1,15,,164792,6,0,77 29 30,1,1670,,164793,18,0,16 29 30,1,102,,164794,18,0,16 29 30,1
3100,'20260804',422,,164795,18,0,16 29 30,1,80,,164796,18,0,57 29 30,1,1123,,164798,44,0,5 18 9,1,100,,164799,44,0,5 18 9,1,33,,164800,44,0,5 18 9,1,595,,164801,18,0,16 29 30,1,100,,164802,18,0,16 29 30,1
3100,'20260805',422,,164803,18,0,16 29 30,1,80,,164804,18,0,57 29 30,1,1123,,164806,44,0,5 18 9,1,100,,164807,44,0,5 18 9,1,33,,164808,44,0,5 18 9,1,595,,164809,18,0,16 29 30,1,100,,164810,18,0,16 29 30,1
3100,'20260806',422,,164811,18,0,16 29 30,1,80,,164812,18,0,57 29 30,1,1123,,164814,44,0,5 18 9,1,100,,164815,44,0,5 18 9,1,33,,164816,44,0,5 18 9,1,595,,164817,18,0,16 29 30,1,100,,164818,18,0,16 29 30,1
3100,'20260807',422,,164819,18,0,16 29 30,1,80,,164820,18,0,57 29 30,1,1123,,164822,44,0,5 18 9,1,100,,164823,44,0,5 18 9,1,33,,164824,44,0,5 18 9,1,595,,164825,18,0,16 29 30,1,100,,164826,18,0,16 29 30,1
3100,'20260808',518,,164827,18,0,16 29 30,1,25,,164828,6,0,77 29 30,1,15,,164829,6,0,78 29 30,1,60,,164830,18,0,57 29 30,1,20,,164831,6,0,77 29 30,1,15,,164833,6,0,77 29 30,1,1670,,164834,18,0,16 29 30,1,102,,164835,18,0,16 29 30,1
3100,'20260809',518,,164836,18,0,16 29 30,1,25,,164837,6,0,77 29 30,1,15,,164838,6,0,78 29 30,1,60,,164839,18,0,57 29 30,1,20,,164840,6,0,77 29 30,1,15,,164842,6,0,77 29 30,1,1670,,164843,18,0,16 29 30,1,102,,164844,18,0,16 29 30,1
3100,'20260810',422,,164845,18,0,16 29 30,1,80,,164846,18,0,57 29 30,1,1123,,164848,44,0,5 18 9,1,100,,164849,44,0,5 18 9,1,33,,164850,44,0,5 18 9,1,595,,164851,18,0,16 29 30,1,100,,164852,18,0,16 29 30,1
3100,'20260811',422,,164853,18,0,16 29 30,1,80,,164854,18,0,57 29 30,1,1123,,164856,44,0,5 18 9,1,100,,164857,44,0,5 18 9,1,33,,164858,44,0,5 18 9,1,595,,164859,18,0,16 29 30,1,100,,164860,18,0,16 29 30,1
3100,'20260812',422,,164861,18,0,16 29 30,1,80,,164862,18,0,57 29 30,1,1123,,164864,44,0,5 18 9,1,100,,164865,44,0,5 18 9,1,33,,164866,44,0,5 18 9,1,595,,164867,18,0,16 29 30,1,100,,164868,18,0,16 29 30,1
3100,'20260813',422,,164869,18,0,16 29 30,1,80,,164870,18,0,57 29 30,1,1123,,164872,44,0,5 18 9,1,100,,164873,44,0,5 18 9,1,33,,164874,44,0,5 18 9,1,595,,164875,18,0,16 29 30,1,100,,164876,18,0,16 29 30,1
3100,'20260814',422,,164877,18,0,16 29 30,1,80,,164878,18,0,57 29 30,1,1123,,164880,44,0,5 18 9,1,100,,164881,44,0,5 18 9,1,33,,164882,44,0,5 18 9,1,595,,164883,18,0,16 29 30,1,100,,164884,18,0,16 29 30,1
3100,'20260815',518,,164885,18,0,16 29 30,1,25,,164886,6,0,77 29 30,1,15,,164887,6,0,78 29 30,1,60,,164888,18,0,57 29 30,1,20,,164889,6,0,77 29 30,1,15,,164891,6,0,77 29 30,1,1670,,164892,18,0,16 29 30,1,102,,164893,18,0,16 29 30,1
3100,'20260816',518,,164894,18,0,16 29 30,1,25,,164895,6,0,77 29 30,1,15,,164896,6,0,78 29 30,1,60,,164897,18,0,57 29 30,1,20,,164898,6,0,77 29 30,1,15,,164900,6,0,77 29 30,1,1670,,164901,18,0,16 29 30,1,102,,164902,18,0,16 29 30,1
3100,'20260817',422,,164903,18,0,16 29 30,1,80,,164904,18,0,57 29 30,1,1123,,164906,44,0,5 18 9,1,100,,164907,44,0,5 18 9,1,33,,164908,44,0,5 18 9,1,595,,164909,18,0,16 29 30,1,100,,164910,18,0,16 29 30,1
3100,'20260818',422,,164911,18,0,16 29 30,1,80,,164912,18,0,57 29 30,1,1123,,164914,44,0,5 18 9,1,100,,164915,44,0,5 18 9,1,33,,164916,44,0,5 18 9,1,595,,164917,18,0,16 29 30,1,100,,164918,18,0,16 29 30,1
3100,'20260819',422,,164919,18,0,16 29 30,1,80,,164920,18,0,57 29 30,1,1123,,164922,44,0,5 18 9,1,100,,164923,44,0,5 18 9,1,33,,164924,44,0,5 18 9,1,595,,164925,18,0,16 29 30,1,100,,164926,18,0,16 29 30,1
3100,'20260820',422,,164927,18,0,16 29 30,1,80,,164928,18,0,57 29 30,1,1123,,164930,44,0,5 18 9,1,100,,164931,44,0,5 18 9,1,33,,164932,44,0,5 18 9,1,595,,164933,18,0,16 29 30,1,100,,164934,18,0,16 29 30,1
3100,'20260821',422,,164935,18,0,16 29 30,1,80,,164936,18,0,57 29 30,1,1123,,164938,44,0,5 18 9,1,100,,164939,44,0,5 18 9,1,33,,164940,44,0,5 18 9,1,595,,164941,18,0,16 29 30,1,100,,164942,18,0,16 29 30,1
3100,'20260822',518,,164943,18,0,16 29 30,1,25,,164944,6,0,77 29 30,1,15,,164945,6,0,78 29 30,1,60,,164946,18,0,57 29 30,1,20,,164947,6,0,77 29 30,1,15,,164949,6,0,77 29 30,1,1670,,164950,18,0,16 29 30,1,102,,164951,18,0,16 29 30,1
3100,'20260823',518,,164952,18,0,16 29 30,1,25,,164953,6,0,77 29 30,1,15,,164954,6,0,78 29 30,1,60,,164955,18,0,57 29 30,1,20,,164956,6,0,77 29 30,1,15,,164958,6,0,77 29 30,1,1670,,164959,18,0,16 29 30,1,102,,164960,18,0,16 29 30,1
3100,'20260824',422,,164961,18,0,16 29 30,1,80,,164962,18,0,57 29 30,1,1123,,164964,44,0,5 18 9,1,100,,164965,44,0,5 18 9,1,33,,164966,44,0,5 18 9,1,595,,164967,18,0,16 29 30,1,100,,164968,18,0,16 29 30,1
3100,'20260825',422,,164969,18,0,16 29 30,1,80,,164970,18,0,57 29 30,1,1123,,164972,44,0,5 18 9,1,100,,164973,44,0,5 18 9,1,33,,164974,44,0,5 18 9,1,595,,164975,18,0,16 29 30,1,100,,164976,18,0,16 29 30,1
3100,'20260826',422,,164977,18,0,16 29 30,1,80,,164978,18,0,57 29 30,1,1123,,164980,44,0,5 18 9,1,100,,164981,44,0,5 18 9,1,33,,164982,44,0,5 18 9,1,595,,164983,18,0,16 29 30,1,100,,164984,18,0,16 29 30,1
3100,'20260827',422,,164985,18,0,16 29 30,1,80,,164986,18,0,57 29 30,1,1123,,164988,44,0,5 18 9,1,100,,164989,44,0,5 18 9,1,33,,164990,44,0,5 18 9,1,595,,164991,18,0,16 29 30,1,100,,164992,18,0,16 29 30,1
3100,'20260828',422,,164993,18,0,16 29 30,1,80,,164994,18,0,57 29 30,1,1123,,164996,44,0,5 18 9,1,100,,164997,44,0,5 18 9,1,33,,164998,44,0,5 18 9,1,595,,164999,18,0,16 29 30,1,100,,165000,18,0,16 29 30,1
3100,'20260829',518,,165001,18,0,16 29 30,1,25,,165002,6,0,77 29 30,1,15,,165003,6,0,78 29 30,1,60,,165004,18,0,57 29 30,1,20,,165005,6,0,77 29 30,1,15,,165007,6,0,77 29 30,1,1670,,165008,18,0,16 29 30,1,102,,165009,18,0,16 29 30,1
3100,'20260830',518,,165010,18,0,16 29 30,1,25,,165011,6,0,77 29 30,1,15,,165012,6,0,78 29 30,1,60,,165013,18,0,57 29 30,1,20,,165014,6,0,77 29 30,1,15,,165016,6,0,77 29 30,1,1670,,165017,18,0,16 29 30,1,102,,165018,18,0,16 29 30,1
3100,'20260831',422,,165019,18,0,16 29 30,1,80,,165020,18,0,57 29 30,1,1123,,165022,44,0,5 18 9,1,100,,165023,44,0,5 18 9,1,33,,165024,44,0,5 18 9,1,595,,165025,18,0,16 29 30,1,100,,165026,18,0,16 29 30,1
3100,'20260901',422,,165027,18,0,16 29 30,1,80,,165028,18,0,57 29 30,1,1123,,165030,44,0,5 18 9,1,100,,165031,44,0,5 18 9,1,33,,165032,44,0,5 18 9,1,595,,165033,18,0,16 29 30,1,100,,165034,18,0,16 29 30,1
3100,'20260902',422,,165035,18,0,16 29 30,1,80,,165036,18,0,57 29 30,1,1123,,165038,44,0,5 18 9,1,100,,165039,44,0,5 18 9,1,33,,165040,44,0,5 18 9,1,595,,165041,18,0,16 29 30,1,100,,165042,18,0,16 29 30,1
3100,'20260903',422,,165043,18,0,16 29 30,1,80,,165044,18,0,57 29 30,1,1123,,165046,44,0,5 18 9,1,100,,165047,44,0,5 18 9,1,33,,165048,44,0,5 18 9,1,595,,165049,18,0,16 29 30,1,100,,165050,18,0,16 29 30,1
3100,'20260904',422,,165051,18,0,16 29 30,1,80,,165052,18,0,57 29 30,1,1123,,165054,44,0,5 18 9,1,100,,165055,44,0,5 18 9,1,33,,165056,44,0,5 18 9,1,595,,165057,18,0,16 29 30,1,100,,165058,18,0,16 29 30,1
3300,'20260528',520,,89749,18,0,16 24 25,1,21,,89750,6,0,5 24 25,1,60,,89751,6,0,5 24 25,1,15,,89752,6,0,5 24 25,1,13,,89753,18,0,16 24 25,1,17,,89754,6,0,5 24 25,1,55,,89755,6,0,5 24 25,1,8,,89756,44,,,1,12,,89757,6,0,5 24 25,1,15,,89758,6,0,5 24 25,1,67,,89759,18,0,16 24 25,1,55,,89760,44,,,1,68,,89761,6,0,5 24 25,1,30,,89762,6,0,5 24 25,1,100,,89764,6,0,5 24 25,1,100,,89765,6,0,5 24 25,1,100,,89767,6,0,5 24 25,1,95,,89768,6,0,5 24 25,1,100,,89770,6,0,5 24 25,1,102,,89772,6,0,5 24 25,1,280,,89776,44,,,1,125,,89778,6,0,5 24 25,1,100,,89780,6,0,5 24 25,1,99,,89782,6,0,5 24 25,1,91,,89783,18,0,52 18 9,1
3300,'20260529',520,,89784,18,0,16 24 25,1,21,,89785,6,0,5 24 25,1,60,,89786,6,0,5 24 25,1,15,,89787,6,0,5 24 25,1,13,,89788,18,0,16 24 25,1,17,,89789,6,0,5 24 25,1,55,,89790,6,0,5 24 25,1,8,,89791,44,,,1,12,,89792,6,0,5 24 25,1,15,,89793,6,0,5 24 25,1,67,,89794,18,0,16 24 25,1,55,,89795,44,,,1,68,,89796,6,0,5 24 25,1,30,,89797,6,0,5 24 25,1,100,,89799,6,0,5 24 25,1,100,,89800,6,0,5 24 25,1,100,,89802,6,0,5 24 25,1,95,,89803,6,0,5 24 25,1,100,,89805,6,0,5 24 25,1,102,,89807,6,0,5 24 25,1,280,,89811,44,,,1,125,,89813,6,0,5 24 25,1,100,,89815,6,0,5 24 25,1,99,,89817,6,0,5 24 25,1,91,,89818,18,0,52 18 9,1
3300,'20260530',743,,89819,44,,,1,198,,89820,44,,,1,202,,89822,44,,,1,200,,89823,44,,,1,200,,89824,44,,,1,200,,89825,44,,,1,200,,89827,44,,,1,200,,89828,44,,,1
3300,'20260531',743,,89830,44,,,1,198,,89831,44,,,1,202,,89833,44,,,1,200,,89834,44,,,1,200,,89835,44,,,1,200,,89836,44,,,1,200,,89838,44,,,1,200,,89839,44,,,1
3300,'20260601',520,,89841,18,0,16 24 25,1,21,,89842,6,0,5 24 25,1,60,,89843,6,0,5 24 25,1,15,,89844,6,0,5 24 25,1,13,,89845,18,0,16 24 25,1,17,,89846,6,0,5 24 25,1,55,,89847,6,0,5 24 25,1,8,,89848,44,,,1,12,,89849,6,0,5 24 25,1,15,,89850,6,0,5 24 25,1,67,,89851,18,0,16 24 25,1,55,,89852,44,,,1,68,,89853,6,0,5 24 25,1,30,,89854,6,0,5 24 25,1,100,,89856,6,0,5 24 25,1,100,,89857,6,0,5 24 25,1,100,,89859,6,0,5 24 25,1,95,,89860,6,0,5 24 25,1,100,,89862,6,0,5 24 25,1,102,,89864,6,0,5 24 25,1,280,,89868,44,,,1,125,,89870,6,0,5 24 25,1,100,,89872,6,0,5 24 25,1,99,,89874,6,0,5 24 25,1,91,,89875,18,0,52 18 9,1
3300,'20260602',520,,89876,18,0,16 24 25,1,21,,89877,6,0,5 24 25,1,60,,89878,6,0,5 24 25,1,15,,89879,6,0,5 24 25,1,13,,89880,18,0,16 24 25,1,17,,89881,6,0,5 24 25,1,55,,89882,6,0,5 24 25,1,8,,89883,44,,,1,12,,89884,6,0,5 24 25,1,15,,89885,6,0,5 24 25,1,67,,89886,18,0,16 24 25,1,55,,89887,44,,,1,68,,89888,6,0,5 24 25,1,30,,89889,6,0,5 24 25,1,100,,89891,6,0,5 24 25,1,100,,89892,6,0,5 24 25,1,100,,89894,6,0,5 24 25,1,95,,89895,6,0,5 24 25,1,100,,89897,6,0,5 24 25,1,102,,89899,6,0,5 24 25,1,280,,89903,44,,,1,125,,89905,6,0,5 24 25,1,100,,89907,6,0,5 24 25,1,99,,89909,6,0,5 24 25,1,91,,89910,18,0,52 18 9,1
3300,'20260603',520,,89911,18,0,16 24 25,1,21,,89912,6,0,5 24 25,1,60,,89913,6,0,5 24 25,1,15,,89914,6,0,5 24 25,1,13,,89915,18,0,16 24 25,1,17,,89916,6,0,5 24 25,1,55,,89917,6,0,5 24 25,1,8,,89918,44,,,1,12,,89919,6,0,5 24 25,1,15,,89920,6,0,5 24 25,1,67,,89921,18,0,16 24 25,1,55,,89922,44,,,1,68,,89923,6,0,5 24 25,1,30,,89924,6,0,5 24 25,1,100,,89926,6,0,5 24 25,1,100,,89927,6,0,5 24 25,1,100,,89929,6,0,5 24 25,1,95,,89930,6,0,5 24 25,1,100,,89932,6,0,5 24 25,1,102,,89934,6,0,5 24 25,1,280,,89938,44,,,1,125,,89940,6,0,5 24 25,1,100,,89942,6,0,5 24 25,1,99,,89944,6,0,5 24 25,1,91,,89945,18,0,52 18 9,1
3300,'20260604',520,,89946,18,0,16 24 25,1,21,,89947,6,0,5 24 25,1,60,,89948,6,0,5 24 25,1,15,,89949,6,0,5 24 25,1,13,,89950,18,0,16 24 25,1,17,,89951,6,0,5 24 25,1,55,,89952,6,0,5 24 25,1,8,,89953,44,,,1,12,,89954,6,0,5 24 25,1,15,,89955,6,0,5 24 25,1,67,,89956,18,0,16 24 25,1,55,,89957,44,,,1,68,,89958,6,0,5 24 25,1,30,,89959,6,0,5 24 25,1,100,,89961,6,0,5 24 25,1,100,,89962,6,0,5 24 25,1,100,,89964,6,0,5 24 25,1,95,,89965,6,0,5 24 25,1,100,,89967,6,0,5 24 25,1,102,,89969,6,0,5 24 25,1,280,,89973,44,,,1,125,,89975,6,0,5 24 25,1,100,,89977,6,0,5 24 25,1,99,,89979,6,0,5 24 25,1,91,,89980,18,0,52 18 9,1
3300,'20260605',520,,89981,18,0,16 24 25,1,21,,89982,6,0,5 24 25,1,60,,89983,6,0,5 24 25,1,15,,89984,6,0,5 24 25,1,13,,89985,18,0,16 24 25,1,17,,89986,6,0,5 24 25,1,55,,89987,6,0,5 24 25,1,8,,89988,44,,,1,12,,89989,6,0,5 24 25,1,15,,89990,6,0,5 24 25,1,67,,89991,18,0,16 24 25,1,55,,89992,44,,,1,68,,89993,6,0,5 24 25,1,30,,89994,6,0,5 24 25,1,100,,89996,6,0,5 24 25,1,100,,89997,6,0,5 24 25,1,100,,89999,6,0,5 24 25,1,95,,90000,6,0,5 24 25,1,100,,90002,6,0,5 24 25,1,102,,90004,6,0,5 24 25,1,280,,90008,44,,,1,125,,90010,6,0,5 24 25,1,100,,90012,6,0,5 24 25,1,99,,90014,6,0,5 24 25,1,91,,90015,18,0,52 18 9,1
3300,'20260606',743,,90016,44,,,1,198,,90017,44,,,1,202,,90019,44,,,1,200,,90020,44,,,1,200,,90021,44,,,1,200,,90022,44,,,1,200,,90024,44,,,1,200,,90025,44,,,1
3300,'20260607',743,,90027,44,,,1,198,,90028,44,,,1,202,,90030,44,,,1,200,,90031,44,,,1,200,,90032,44,,,1,200,,90033,44,,,1,200,,90035,44,,,1,200,,90036,44,,,1
3300,'20260608',520,,90038,18,0,16 24 25,1,21,,90039,6,0,5 24 25,1,60,,90040,6,0,5 24 25,1,15,,90041,6,0,5 24 25,1,13,,90042,18,0,16 24 25,1,17,,90043,6,0,5 24 25,1,55,,90044,6,0,5 24 25,1,8,,90045,44,,,1,12,,90046,6,0,5 24 25,1,15,,90047,6,0,5 24 25,1,67,,90048,18,0,16 24 25,1,55,,90049,44,,,1,68,,90050,6,0,5 24 25,1,30,,90051,6,0,5 24 25,1,100,,90053,6,0,5 24 25,1,100,,90054,6,0,5 24 25,1,100,,90056,6,0,5 24 25,1,95,,90057,6,0,5 24 25,1,100,,90059,6,0,5 24 25,1,102,,90061,6,0,5 24 25,1,280,,90065,44,,,1,125,,90067,6,0,5 24 25,1,100,,90069,6,0,5 24 25,1,99,,90071,6,0,5 24 25,1,91,,90072,18,0,52 18 9,1
3300,'20260609',520,,90073,18,0,16 24 25,1,21,,90074,6,0,5 24 25,1,60,,90075,6,0,5 24 25,1,15,,90076,6,0,5 24 25,1,13,,90077,18,0,16 24 25,1,17,,90078,6,0,5 24 25,1,55,,90079,6,0,5 24 25,1,8,,90080,44,,,1,12,,90081,6,0,5 24 25,1,15,,90082,6,0,5 24 25,1,67,,90083,18,0,16 24 25,1,55,,90084,44,,,1,68,,90085,6,0,5 24 25,1,30,,90086,6,0,5 24 25,1,100,,90088,6,0,5 24 25,1,100,,90089,6,0,5 24 25,1,100,,90091,6,0,5 24 25,1,95,,90092,6,0,5 24 25,1,100,,90094,6,0,5 24 25,1,102,,90096,6,0,5 24 25,1,280,,90100,44,,,1,125,,90102,6,0,5 24 25,1,100,,90104,6,0,5 24 25,1,99,,90106,6,0,5 24 25,1,91,,90107,18,0,52 18 9,1
3300,'20260610',520,,90108,18,0,16 24 25,1,21,,90109,6,0,5 24 25,1,60,,90110,6,0,5 24 25,1,15,,90111,6,0,5 24 25,1,13,,90112,18,0,16 24 25,1,17,,90113,6,0,5 24 25,1,55,,90114,6,0,5 24 25,1,8,,90115,44,,,1,12,,90116,6,0,5 24 25,1,15,,90117,6,0,5 24 25,1,67,,90118,18,0,16 24 25,1,55,,90119,44,,,1,68,,90120,6,0,5 24 25,1,30,,90121,6,0,5 24 25,1,100,,90123,6,0,5 24 25,1,100,,90124,6,0,5 24 25,1,100,,90126,6,0,5 24 25,1,95,,90127,6,0,5 24 25,1,100,,90129,6,0,5 24 25,1,102,,90131,6,0,5 24 25,1,280,,90135,44,,,1,125,,90137,6,0,5 24 25,1,100,,90139,6,0,5 24 25,1,99,,90141,6,0,5 24 25,1,91,,90142,18,0,52 18 9,1
3300,'20260611',520,,90143,18,0,16 24 25,1,21,,90144,6,0,5 24 25,1,60,,90145,6,0,5 24 25,1,15,,90146,6,0,5 24 25,1,13,,90147,18,0,16 24 25,1,17,,90148,6,0,5 24 25,1,55,,90149,6,0,5 24 25,1,8,,90150,44,,,1,12,,90151,6,0,5 24 25,1,15,,90152,6,0,5 24 25,1,67,,90153,18,0,16 24 25,1,55,,90154,44,,,1,68,,90155,6,0,5 24 25,1,30,,90156,6,0,5 24 25,1,100,,90158,6,0,5 24 25,1,100,,90159,6,0,5 24 25,1,100,,90161,6,0,5 24 25,1,95,,90162,6,0,5 24 25,1,100,,90164,6,0,5 24 25,1,102,,90166,6,0,5 24 25,1,280,,90170,44,,,1,125,,90172,6,0,5 24 25,1,100,,90174,6,0,5 24 25,1,99,,90176,6,0,5 24 25,1,91,,90177,18,0,52 18 9,1
3300,'20260612',520,,90178,18,0,16 24 25,1,21,,90179,6,0,5 24 25,1,60,,90180,6,0,5 24 25,1,15,,90181,6,0,5 24 25,1,13,,90182,18,0,16 24 25,1,17,,90183,6,0,5 24 25,1,55,,90184,6,0,5 24 25,1,8,,90185,44,,,1,12,,90186,6,0,5 24 25,1,15,,90187,6,0,5 24 25,1,67,,90188,18,0,16 24 25,1,55,,90189,44,,,1,68,,90190,6,0,5 24 25,1,30,,90191,6,0,5 24 25,1,100,,90193,6,0,5 24 25,1,100,,90194,6,0,5 24 25,1,100,,90196,6,0,5 24 25,1,95,,90197,6,0,5 24 25,1,100,,90199,6,0,5 24 25,1,102,,90201,6,0,5 24 25,1,280,,90205,44,,,1,125,,90207,6,0,5 24 25,1,100,,90209,6,0,5 24 25,1,99,,90211,6,0,5 24 25,1,91,,90212,18,0,52 18 9,1
3300,'20260613',743,,168259,44,,,1,198,,168260,44,,,1,202,,168262,44,,,1,200,,168263,44,,,1,200,,168264,44,,,1,200,,168265,44,,,1,200,,168267,44,,,1,200,,168268,44,,,1
3300,'20260614',743,,168270,44,,,1,198,,168271,44,,,1,202,,168273,44,,,1,200,,168274,44,,,1,200,,168275,44,,,1,200,,168276,44,,,1,200,,168278,44,,,1,200,,168279,44,,,1
3300,'20260615',520,,168281,18,0,16 24 25,1,21,,168282,6,0,5 24 25,1,60,,168283,6,0,5 24 25,1,15,,168284,6,0,5 24 25,1,13,,168285,18,0,16 24 25,1,17,,168286,6,0,5 24 25,1,55,,168287,6,0,5 24 25,1,8,,168288,44,,,1,12,,168289,6,0,5 24 25,1,15,,168290,6,0,5 24 25,1,67,,168291,18,0,16 24 25,1,55,,168292,44,,,1,68,,168293,6,0,5 24 25,1,30,,168294,6,0,5 24 25,1,100,,168296,6,0,5 24 25,1,100,,168297,6,0,5 24 25,1,100,,168299,6,0,5 24 25,1,95,,168300,6,0,5 24 25,1,100,,168302,6,0,5 24 25,1,102,,168304,6,0,5 24 25,1,280,,168308,44,,,1,125,,168310,6,0,5 24 25,1,100,,168312,6,0,5 24 25,1,99,,168314,6,0,5 24 25,1,91,,168315,18,0,52 18 9,1
3300,'20260616',520,,168316,18,0,16 24 25,1,21,,168317,6,0,5 24 25,1,60,,168318,6,0,5 24 25,1,15,,168319,6,0,5 24 25,1,13,,168320,18,0,16 24 25,1,17,,168321,6,0,5 24 25,1,55,,168322,6,0,5 24 25,1,8,,168323,44,,,1,12,,168324,6,0,5 24 25,1,15,,168325,6,0,5 24 25,1,67,,168326,18,0,16 24 25,1,55,,168327,44,,,1,68,,168328,6,0,5 24 25,1,30,,168329,6,0,5 24 25,1,100,,168331,6,0,5 24 25,1,100,,168332,6,0,5 24 25,1,100,,168334,6,0,5 24 25,1,95,,168335,6,0,5 24 25,1,100,,168337,6,0,5 24 25,1,102,,168339,6,0,5 24 25,1,280,,168343,44,,,1,125,,168345,6,0,5 24 25,1,100,,168347,6,0,5 24 25,1,99,,168349,6,0,5 24 25,1,91,,168350,18,0,52 18 9,1
3300,'20260617',520,,168351,18,0,16 24 25,1,21,,168352,6,0,5 24 25,1,60,,168353,6,0,5 24 25,1,15,,168354,6,0,5 24 25,1,13,,168355,18,0,16 24 25,1,17,,168356,6,0,5 24 25,1,55,,168357,6,0,5 24 25,1,8,,168358,44,,,1,12,,168359,6,0,5 24 25,1,15,,168360,6,0,5 24 25,1,67,,168361,18,0,16 24 25,1,55,,168362,44,,,1,68,,168363,6,0,5 24 25,1,30,,168364,6,0,5 24 25,1,100,,168366,6,0,5 24 25,1,100,,168367,6,0,5 24 25,1,100,,168369,6,0,5 24 25,1,95,,168370,6,0,5 24 25,1,100,,168372,6,0,5 24 25,1,102,,168374,6,0,5 24 25,1,280,,168378,44,,,1,125,,168380,6,0,5 24 25,1,100,,168382,6,0,5 24 25,1,99,,168384,6,0,5 24 25,1,91,,168385,18,0,52 18 9,1
3300,'20260618',520,,168386,18,0,16 24 25,1,21,,168387,6,0,5 24 25,1,60,,168388,6,0,5 24 25,1,15,,168389,6,0,5 24 25,1,13,,168390,18,0,16 24 25,1,17,,168391,6,0,5 24 25,1,55,,168392,6,0,5 24 25,1,8,,168393,44,,,1,12,,168394,6,0,5 24 25,1,15,,168395,6,0,5 24 25,1,67,,168396,18,0,16 24 25,1,55,,168397,44,,,1,68,,168398,6,0,5 24 25,1,30,,168399,6,0,5 24 25,1,100,,168401,6,0,5 24 25,1,100,,168402,6,0,5 24 25,1,100,,168404,6,0,5 24 25,1,95,,168405,6,0,5 24 25,1,100,,168407,6,0,5 24 25,1,102,,168409,6,0,5 24 25,1,280,,168413,44,,,1,125,,168415,6,0,5 24 25,1,100,,168417,6,0,5 24 25,1,99,,168419,6,0,5 24 25,1,91,,168420,18,0,52 18 9,1
3300,'20260619',520,,168421,18,0,16 24 25,1,21,,168422,6,0,5 24 25,1,60,,168423,6,0,5 24 25,1,15,,168424,6,0,5 24 25,1,13,,168425,18,0,16 24 25,1,17,,168426,6,0,5 24 25,1,55,,168427,6,0,5 24 25,1,8,,168428,44,,,1,12,,168429,6,0,5 24 25,1,15,,168430,6,0,5 24 25,1,67,,168431,18,0,16 24 25,1,55,,168432,44,,,1,68,,168433,6,0,5 24 25,1,30,,168434,6,0,5 24 25,1,100,,168436,6,0,5 24 25,1,100,,168437,6,0,5 24 25,1,100,,168439,6,0,5 24 25,1,95,,168440,6,0,5 24 25,1,100,,168442,6,0,5 24 25,1,102,,168444,6,0,5 24 25,1,280,,168448,44,,,1,125,,168450,6,0,5 24 25,1,100,,168452,6,0,5 24 25,1,99,,168454,6,0,5 24 25,1,91,,168455,18,0,52 18 9,1
3300,'20260620',743,,168456,44,,,1,198,,168457,44,,,1,202,,168459,44,,,1,200,,168460,44,,,1,200,,168461,44,,,1,200,,168462,44,,,1,200,,168464,44,,,1,200,,168465,44,,,1
3300,'20260621',743,,168467,44,,,1,198,,168468,44,,,1,202,,168470,44,,,1,200,,168471,44,,,1,200,,168472,44,,,1,200,,168473,44,,,1,200,,168475,44,,,1,200,,168476,44,,,1
3300,'20260622',520,,168478,18,0,16 24 25,1,21,,168479,6,0,5 24 25,1,60,,168480,6,0,5 24 25,1,15,,168481,6,0,5 24 25,1,13,,168482,18,0,16 24 25,1,17,,168483,6,0,5 24 25,1,55,,168484,6,0,5 24 25,1,8,,168485,44,,,1,12,,168486,6,0,5 24 25,1,15,,168487,6,0,5 24 25,1,67,,168488,18,0,16 24 25,1,55,,168489,44,,,1,68,,168490,6,0,5 24 25,1,30,,168491,6,0,5 24 25,1,100,,168493,6,0,5 24 25,1,100,,168494,6,0,5 24 25,1,100,,168496,6,0,5 24 25,1,95,,168497,6,0,5 24 25,1,100,,168499,6,0,5 24 25,1,102,,168501,6,0,5 24 25,1,280,,168505,44,,,1,125,,168507,6,0,5 24 25,1,100,,168509,6,0,5 24 25,1,99,,168511,6,0,5 24 25,1,91,,168512,18,0,52 18 9,1
3300,'20260623',520,,168513,18,0,16 24 25,1,21,,168514,6,0,5 24 25,1,60,,168515,6,0,5 24 25,1,15,,168516,6,0,5 24 25,1,13,,168517,18,0,16 24 25,1,17,,168518,6,0,5 24 25,1,55,,168519,6,0,5 24 25,1,8,,168520,44,,,1,12,,168521,6,0,5 24 25,1,15,,168522,6,0,5 24 25,1,67,,168523,18,0,16 24 25,1,55,,168524,44,,,1,68,,168525,6,0,5 24 25,1,30,,168526,6,0,5 24 25,1,100,,168528,6,0,5 24 25,1,100,,168529,6,0,5 24 25,1,100,,168531,6,0,5 24 25,1,95,,168532,6,0,5 24 25,1,100,,168534,6,0,5 24 25,1,102,,168536,6,0,5 24 25,1,280,,168540,44,,,1,125,,168542,6,0,5 24 25,1,100,,168544,6,0,5 24 25,1,99,,168546,6,0,5 24 25,1,91,,168547,18,0,52 18 9,1
3300,'20260624',520,,168548,18,0,16 24 25,1,21,,168549,6,0,5 24 25,1,60,,168550,6,0,5 24 25,1,15,,168551,6,0,5 24 25,1,13,,168552,18,0,16 24 25,1,17,,168553,6,0,5 24 25,1,55,,168554,6,0,5 24 25,1,8,,168555,44,,,1,12,,168556,6,0,5 24 25,1,15,,168557,6,0,5 24 25,1,67,,168558,18,0,16 24 25,1,55,,168559,44,,,1,68,,168560,6,0,5 24 25,1,30,,168561,6,0,5 24 25,1,100,,168563,6,0,5 24 25,1,100,,168564,6,0,5 24 25,1,100,,168566,6,0,5 24 25,1,95,,168567,6,0,5 24 25,1,100,,168569,6,0,5 24 25,1,102,,168571,6,0,5 24 25,1,280,,168575,44,,,1,125,,168577,6,0,5 24 25,1,100,,168579,6,0,5 24 25,1,99,,168581,6,0,5 24 25,1,91,,168582,18,0,52 18 9,1
3300,'20260625',520,,168583,18,0,16 24 25,1,21,,168584,6,0,5 24 25,1,60,,168585,6,0,5 24 25,1,15,,168586,6,0,5 24 25,1,13,,168587,18,0,16 24 25,1,17,,168588,6,0,5 24 25,1,55,,168589,6,0,5 24 25,1,8,,168590,44,,,1,12,,168591,6,0,5 24 25,1,15,,168592,6,0,5 24 25,1,67,,168593,18,0,16 24 25,1,55,,168594,44,,,1,68,,168595,6,0,5 24 25,1,30,,168596,6,0,5 24 25,1,100,,168598,6,0,5 24 25,1,100,,168599,6,0,5 24 25,1,100,,168601,6,0,5 24 25,1,95,,168602,6,0,5 24 25,1,100,,168604,6,0,5 24 25,1,102,,168606,6,0,5 24 25,1,280,,168610,44,,,1,125,,168612,6,0,5 24 25,1,100,,168614,6,0,5 24 25,1,99,,168616,6,0,5 24 25,1,91,,168617,18,0,52 18 9,1
3300,'20260626',520,,168618,18,0,16 24 25,1,21,,168619,6,0,5 24 25,1,60,,168620,6,0,5 24 25,1,15,,168621,6,0,5 24 25,1,13,,168622,18,0,16 24 25,1,17,,168623,6,0,5 24 25,1,55,,168624,6,0,5 24 25,1,8,,168625,44,,,1,12,,168626,6,0,5 24 25,1,15,,168627,6,0,5 24 25,1,67,,168628,18,0,16 24 25,1,55,,168629,44,,,1,68,,168630,6,0,5 24 25,1,30,,168631,6,0,5 24 25,1,100,,168633,6,0,5 24 25,1,100,,168634,6,0,5 24 25,1,100,,168636,6,0,5 24 25,1,95,,168637,6,0,5 24 25,1,100,,168639,6,0,5 24 25,1,102,,168641,6,0,5 24 25,1,280,,168645,44,,,1,125,,168647,6,0,5 24 25,1,100,,168649,6,0,5 24 25,1,99,,168651,6,0,5 24 25,1,91,,168652,18,0,52 18 9,1
3300,'20260627',743,,168653,44,,,1,198,,168654,44,,,1,202,,168656,44,,,1,200,,168657,44,,,1,200,,168658,44,,,1,200,,168659,44,,,1,200,,168661,44,,,1,200,,168662,44,,,1
3300,'20260628',743,,168664,44,,,1,198,,168665,44,,,1,202,,168667,44,,,1,200,,168668,44,,,1,200,,168669,44,,,1,200,,168670,44,,,1,200,,168672,44,,,1,200,,168673,44,,,1
3300,'20260629',520,,168675,18,0,16 24 25,1,21,,168676,6,0,5 24 25,1,60,,168677,6,0,5 24 25,1,15,,168678,6,0,5 24 25,1,13,,168679,18,0,16 24 25,1,17,,168680,6,0,5 24 25,1,55,,168681,6,0,5 24 25,1,8,,168682,44,,,1,12,,168683,6,0,5 24 25,1,15,,168684,6,0,5 24 25,1,67,,168685,18,0,16 24 25,1,55,,168686,44,,,1,68,,168687,6,0,5 24 25,1,30,,168688,6,0,5 24 25,1,100,,168690,6,0,5 24 25,1,100,,168691,6,0,5 24 25,1,100,,168693,6,0,5 24 25,1,95,,168694,6,0,5 24 25,1,100,,168696,6,0,5 24 25,1,102,,168698,6,0,5 24 25,1,280,,168702,44,,,1,125,,168704,6,0,5 24 25,1,100,,168706,6,0,5 24 25,1,99,,168708,6,0,5 24 25,1,91,,168709,18,0,52 18 9,1
3300,'20260630',520,,168710,18,0,16 24 25,1,21,,168711,6,0,5 24 25,1,60,,168712,6,0,5 24 25,1,15,,168713,6,0,5 24 25,1,13,,168714,18,0,16 24 25,1,17,,168715,6,0,5 24 25,1,55,,168716,6,0,5 24 25,1,8,,168717,44,,,1,12,,168718,6,0,5 24 25,1,15,,168719,6,0,5 24 25,1,67,,168720,18,0,16 24 25,1,55,,168721,44,,,1,68,,168722,6,0,5 24 25,1,30,,168723,6,0,5 24 25,1,100,,168725,6,0,5 24 25,1,100,,168726,6,0,5 24 25,1,100,,168728,6,0,5 24 25,1,95,,168729,6,0,5 24 25,1,100,,168731,6,0,5 24 25,1,102,,168733,6,0,5 24 25,1,280,,168737,44,,,1,125,,168739,6,0,5 24 25,1,100,,168741,6,0,5 24 25,1,99,,168743,6,0,5 24 25,1,91,,168744,18,0,52 18 9,1
3300,'20260701',743,,168745,44,,,1,198,,168746,44,,,1,202,,168748,44,,,1,200,,168749,44,,,1,200,,168750,44,,,1,200,,168751,44,,,1,200,,168753,44,,,1,200,,168754,44,,,1
3300,'20260702',520,,168756,18,0,16 24 25,1,21,,168757,6,0,5 24 25,1,60,,168758,6,0,5 24 25,1,15,,168759,6,0,5 24 25,1,13,,168760,18,0,16 24 25,1,17,,168761,6,0,5 24 25,1,55,,168762,6,0,5 24 25,1,8,,168763,44,,,1,12,,168764,6,0,5 24 25,1,15,,168765,6,0,5 24 25,1,67,,168766,18,0,16 24 25,1,55,,168767,44,,,1,68,,168768,6,0,5 24 25,1,30,,168769,6,0,5 24 25,1,100,,168771,6,0,5 24 25,1,100,,168772,6,0,5 24 25,1,100,,168774,6,0,5 24 25,1,95,,168775,6,0,5 24 25,1,100,,168777,6,0,5 24 25,1,102,,168779,6,0,5 24 25,1,280,,168783,44,,,1,125,,168785,6,0,5 24 25,1,100,,168787,6,0,5 24 25,1,99,,168789,6,0,5 24 25,1,91,,168790,18,0,52 18 9,1
3300,'20260703',520,,168791,18,0,16 24 25,1,21,,168792,6,0,5 24 25,1,60,,168793,6,0,5 24 25,1,15,,168794,6,0,5 24 25,1,13,,168795,18,0,16 24 25,1,17,,168796,6,0,5 24 25,1,55,,168797,6,0,5 24 25,1,8,,168798,44,,,1,12,,168799,6,0,5 24 25,1,15,,168800,6,0,5 24 25,1,67,,168801,18,0,16 24 25,1,55,,168802,44,,,1,68,,168803,6,0,5 24 25,1,30,,168804,6,0,5 24 25,1,100,,168806,6,0,5 24 25,1,100,,168807,6,0,5 24 25,1,100,,168809,6,0,5 24 25,1,95,,168810,6,0,5 24 25,1,100,,168812,6,0,5 24 25,1,102,,168814,6,0,5 24 25,1,280,,168818,44,,,1,125,,168820,6,0,5 24 25,1,100,,168822,6,0,5 24 25,1,99,,168824,6,0,5 24 25,1,91,,168825,18,0,52 18 9,1
3300,'20260704',743,,168826,44,,,1,198,,168827,44,,,1,202,,168829,44,,,1,200,,168830,44,,,1,200,,168831,44,,,1,200,,168832,44,,,1,200,,168834,44,,,1,200,,168835,44,,,1
3300,'20260705',743,,168837,44,,,1,198,,168838,44,,,1,202,,168840,44,,,1,200,,168841,44,,,1,200,,168842,44,,,1,200,,168843,44,,,1,200,,168845,44,,,1,200,,168846,44,,,1
3300,'20260706',520,,168848,18,0,16 24 25,1,21,,168849,6,0,5 24 25,1,60,,168850,6,0,5 24 25,1,15,,168851,6,0,5 24 25,1,13,,168852,18,0,16 24 25,1,17,,168853,6,0,5 24 25,1,55,,168854,6,0,5 24 25,1,8,,168855,44,,,1,12,,168856,6,0,5 24 25,1,15,,168857,6,0,5 24 25,1,67,,168858,18,0,16 24 25,1,55,,168859,44,,,1,68,,168860,6,0,5 24 25,1,30,,168861,6,0,5 24 25,1,100,,168863,6,0,5 24 25,1,100,,168864,6,0,5 24 25,1,100,,168866,6,0,5 24 25,1,95,,168867,6,0,5 24 25,1,100,,168869,6,0,5 24 25,1,102,,168871,6,0,5 24 25,1,280,,168875,44,,,1,125,,168877,6,0,5 24 25,1,100,,168879,6,0,5 24 25,1,99,,168881,6,0,5 24 25,1,91,,168882,18,0,52 18 9,1
3300,'20260707',520,,168883,18,0,16 24 25,1,21,,168884,6,0,5 24 25,1,60,,168885,6,0,5 24 25,1,15,,168886,6,0,5 24 25,1,13,,168887,18,0,16 24 25,1,17,,168888,6,0,5 24 25,1,55,,168889,6,0,5 24 25,1,8,,168890,44,,,1,12,,168891,6,0,5 24 25,1,15,,168892,6,0,5 24 25,1,67,,168893,18,0,16 24 25,1,55,,168894,44,,,1,68,,168895,6,0,5 24 25,1,30,,168896,6,0,5 24 25,1,100,,168898,6,0,5 24 25,1,100,,168899,6,0,5 24 25,1,100,,168901,6,0,5 24 25,1,95,,168902,6,0,5 24 25,1,100,,168904,6,0,5 24 25,1,102,,168906,6,0,5 24 25,1,280,,168910,44,,,1,125,,168912,6,0,5 24 25,1,100,,168914,6,0,5 24 25,1,99,,168916,6,0,5 24 25,1,91,,168917,18,0,52 18 9,1
3300,'20260708',520,,168918,18,0,16 24 25,1,21,,168919,6,0,5 24 25,1,60,,168920,6,0,5 24 25,1,15,,168921,6,0,5 24 25,1,13,,168922,18,0,16 24 25,1,17,,168923,6,0,5 24 25,1,55,,168924,6,0,5 24 25,1,8,,168925,44,,,1,12,,168926,6,0,5 24 25,1,15,,168927,6,0,5 24 25,1,67,,168928,18,0,16 24 25,1,55,,168929,44,,,1,68,,168930,6,0,5 24 25,1,30,,168931,6,0,5 24 25,1,100,,168933,6,0,5 24 25,1,100,,168934,6,0,5 24 25,1,100,,168936,6,0,5 24 25,1,95,,168937,6,0,5 24 25,1,100,,168939,6,0,5 24 25,1,102,,168941,6,0,5 24 25,1,280,,168945,44,,,1,125,,168947,6,0,5 24 25,1,100,,168949,6,0,5 24 25,1,99,,168951,6,0,5 24 25,1,91,,168952,18,0,52 18 9,1
3300,'20260709',520,,168953,18,0,16 24 25,1,21,,168954,6,0,5 24 25,1,60,,168955,6,0,5 24 25,1,15,,168956,6,0,5 24 25,1,13,,168957,18,0,16 24 25,1,17,,168958,6,0,5 24 25,1,55,,168959,6,0,5 24 25,1,8,,168960,44,,,1,12,,168961,6,0,5 24 25,1,15,,168962,6,0,5 24 25,1,67,,168963,18,0,16 24 25,1,55,,168964,44,,,1,68,,168965,6,0,5 24 25,1,30,,168966,6,0,5 24 25,1,100,,168968,6,0,5 24 25,1,100,,168969,6,0,5 24 25,1,100,,168971,6,0,5 24 25,1,95,,168972,6,0,5 24 25,1,100,,168974,6,0,5 24 25,1,102,,168976,6,0,5 24 25,1,280,,168980,44,,,1,125,,168982,6,0,5 24 25,1,100,,168984,6,0,5 24 25,1,99,,168986,6,0,5 24 25,1,91,,168987,18,0,52 18 9,1
3300,'20260710',520,,168988,18,0,16 24 25,1,21,,168989,6,0,5 24 25,1,60,,168990,6,0,5 24 25,1,15,,168991,6,0,5 24 25,1,13,,168992,18,0,16 24 25,1,17,,168993,6,0,5 24 25,1,55,,168994,6,0,5 24 25,1,8,,168995,44,,,1,12,,168996,6,0,5 24 25,1,15,,168997,6,0,5 24 25,1,67,,168998,18,0,16 24 25,1,55,,168999,44,,,1,68,,169000,6,0,5 24 25,1,30,,169001,6,0,5 24 25,1,100,,169003,6,0,5 24 25,1,100,,169004,6,0,5 24 25,1,100,,169006,6,0,5 24 25,1,95,,169007,6,0,5 24 25,1,100,,169009,6,0,5 24 25,1,102,,169011,6,0,5 24 25,1,280,,169015,44,,,1,125,,169017,6,0,5 24 25,1,100,,169019,6,0,5 24 25,1,99,,169021,6,0,5 24 25,1,91,,169022,18,0,52 18 9,1
3300,'20260711',743,,169023,44,,,1,198,,169024,44,,,1,202,,169026,44,,,1,200,,169027,44,,,1,200,,169028,44,,,1,200,,169029,44,,,1,200,,169031,44,,,1,200,,169032,44,,,1
3300,'20260712',743,,169034,44,,,1,198,,169035,44,,,1,202,,169037,44,,,1,200,,169038,44,,,1,200,,169039,44,,,1,200,,169040,44,,,1,200,,169042,44,,,1,200,,169043,44,,,1
3300,'20260713',520,,169045,18,0,16 24 25,1,21,,169046,6,0,5 24 25,1,60,,169047,6,0,5 24 25,1,15,,169048,6,0,5 24 25,1,13,,169049,18,0,16 24 25,1,17,,169050,6,0,5 24 25,1,55,,169051,6,0,5 24 25,1,8,,169052,44,,,1,12,,169053,6,0,5 24 25,1,15,,169054,6,0,5 24 25,1,67,,169055,18,0,16 24 25,1,55,,169056,44,,,1,68,,169057,6,0,5 24 25,1,30,,169058,6,0,5 24 25,1,100,,169060,6,0,5 24 25,1,100,,169061,6,0,5 24 25,1,100,,169063,6,0,5 24 25,1,95,,169064,6,0,5 24 25,1,100,,169066,6,0,5 24 25,1,102,,169068,6,0,5 24 25,1,280,,169072,44,,,1,125,,169074,6,0,5 24 25,1,100,,169076,6,0,5 24 25,1,99,,169078,6,0,5 24 25,1,91,,169079,18,0,52 18 9,1
3300,'20260714',520,,169080,18,0,16 24 25,1,21,,169081,6,0,5 24 25,1,60,,169082,6,0,5 24 25,1,15,,169083,6,0,5 24 25,1,13,,169084,18,0,16 24 25,1,17,,169085,6,0,5 24 25,1,55,,169086,6,0,5 24 25,1,8,,169087,44,,,1,12,,169088,6,0,5 24 25,1,15,,169089,6,0,5 24 25,1,67,,169090,18,0,16 24 25,1,55,,169091,44,,,1,68,,169092,6,0,5 24 25,1,30,,169093,6,0,5 24 25,1,100,,169095,6,0,5 24 25,1,100,,169096,6,0,5 24 25,1,100,,169098,6,0,5 24 25,1,95,,169099,6,0,5 24 25,1,100,,169101,6,0,5 24 25,1,102,,169103,6,0,5 24 25,1,280,,169107,44,,,1,125,,169109,6,0,5 24 25,1,100,,169111,6,0,5 24 25,1,99,,169113,6,0,5 24 25,1,91,,169114,18,0,52 18 9,1
3300,'20260715',520,,169115,18,0,16 24 25,1,21,,169116,6,0,5 24 25,1,60,,169117,6,0,5 24 25,1,15,,169118,6,0,5 24 25,1,13,,169119,18,0,16 24 25,1,17,,169120,6,0,5 24 25,1,55,,169121,6,0,5 24 25,1,8,,169122,44,,,1,12,,169123,6,0,5 24 25,1,15,,169124,6,0,5 24 25,1,67,,169125,18,0,16 24 25,1,55,,169126,44,,,1,68,,169127,6,0,5 24 25,1,30,,169128,6,0,5 24 25,1,100,,169130,6,0,5 24 25,1,100,,169131,6,0,5 24 25,1,100,,169133,6,0,5 24 25,1,95,,169134,6,0,5 24 25,1,100,,169136,6,0,5 24 25,1,102,,169138,6,0,5 24 25,1,280,,169142,44,,,1,125,,169144,6,0,5 24 25,1,100,,169146,6,0,5 24 25,1,99,,169148,6,0,5 24 25,1,91,,169149,18,0,52 18 9,1
3300,'20260716',520,,169150,18,0,16 24 25,1,21,,169151,6,0,5 24 25,1,60,,169152,6,0,5 24 25,1,15,,169153,6,0,5 24 25,1,13,,169154,18,0,16 24 25,1,17,,169155,6,0,5 24 25,1,55,,169156,6,0,5 24 25,1,8,,169157,44,,,1,12,,169158,6,0,5 24 25,1,15,,169159,6,0,5 24 25,1,67,,169160,18,0,16 24 25,1,55,,169161,44,,,1,68,,169162,6,0,5 24 25,1,30,,169163,6,0,5 24 25,1,100,,169165,6,0,5 24 25,1,100,,169166,6,0,5 24 25,1,100,,169168,6,0,5 24 25,1,95,,169169,6,0,5 24 25,1,100,,169171,6,0,5 24 25,1,102,,169173,6,0,5 24 25,1,280,,169177,44,,,1,125,,169179,6,0,5 24 25,1,100,,169181,6,0,5 24 25,1,99,,169183,6,0,5 24 25,1,91,,169184,18,0,52 18 9,1
3300,'20260717',520,,169185,18,0,16 24 25,1,21,,169186,6,0,5 24 25,1,60,,169187,6,0,5 24 25,1,15,,169188,6,0,5 24 25,1,13,,169189,18,0,16 24 25,1,17,,169190,6,0,5 24 25,1,55,,169191,6,0,5 24 25,1,8,,169192,44,,,1,12,,169193,6,0,5 24 25,1,15,,169194,6,0,5 24 25,1,67,,169195,18,0,16 24 25,1,55,,169196,44,,,1,68,,169197,6,0,5 24 25,1,30,,169198,6,0,5 24 25,1,100,,169200,6,0,5 24 25,1,100,,169201,6,0,5 24 25,1,100,,169203,6,0,5 24 25,1,95,,169204,6,0,5 24 25,1,100,,169206,6,0,5 24 25,1,102,,169208,6,0,5 24 25,1,280,,169212,44,,,1,125,,169214,6,0,5 24 25,1,100,,169216,6,0,5 24 25,1,99,,169218,6,0,5 24 25,1,91,,169219,18,0,52 18 9,1
3300,'20260718',743,,169220,44,,,1,198,,169221,44,,,1,202,,169223,44,,,1,200,,169224,44,,,1,200,,169225,44,,,1,200,,169226,44,,,1,200,,169228,44,,,1,200,,169229,44,,,1
3300,'20260719',743,,169231,44,,,1,198,,169232,44,,,1,202,,169234,44,,,1,200,,169235,44,,,1,200,,169236,44,,,1,200,,169237,44,,,1,200,,169239,44,,,1,200,,169240,44,,,1
3300,'20260720',520,,169242,18,0,16 24 25,1,21,,169243,6,0,5 24 25,1,60,,169244,6,0,5 24 25,1,15,,169245,6,0,5 24 25,1,13,,169246,18,0,16 24 25,1,17,,169247,6,0,5 24 25,1,55,,169248,6,0,5 24 25,1,8,,169249,44,,,1,12,,169250,6,0,5 24 25,1,15,,169251,6,0,5 24 25,1,67,,169252,18,0,16 24 25,1,55,,169253,44,,,1,68,,169254,6,0,5 24 25,1,30,,169255,6,0,5 24 25,1,100,,169257,6,0,5 24 25,1,100,,169258,6,0,5 24 25,1,100,,169260,6,0,5 24 25,1,95,,169261,6,0,5 24 25,1,100,,169263,6,0,5 24 25,1,102,,169265,6,0,5 24 25,1,280,,169269,44,,,1,125,,169271,6,0,5 24 25,1,100,,169273,6,0,5 24 25,1,99,,169275,6,0,5 24 25,1,91,,169276,18,0,52 18 9,1
3300,'20260721',520,,169277,18,0,16 24 25,1,21,,169278,6,0,5 24 25,1,60,,169279,6,0,5 24 25,1,15,,169280,6,0,5 24 25,1,13,,169281,18,0,16 24 25,1,17,,169282,6,0,5 24 25,1,55,,169283,6,0,5 24 25,1,8,,169284,44,,,1,12,,169285,6,0,5 24 25,1,15,,169286,6,0,5 24 25,1,67,,169287,18,0,16 24 25,1,55,,169288,44,,,1,68,,169289,6,0,5 24 25,1,30,,169290,6,0,5 24 25,1,100,,169292,6,0,5 24 25,1,100,,169293,6,0,5 24 25,1,100,,169295,6,0,5 24 25,1,95,,169296,6,0,5 24 25,1,100,,169298,6,0,5 24 25,1,102,,169300,6,0,5 24 25,1,280,,169304,44,,,1,125,,169306,6,0,5 24 25,1,100,,169308,6,0,5 24 25,1,99,,169310,6,0,5 24 25,1,91,,169311,18,0,52 18 9,1
3300,'20260722',520,,169312,18,0,16 24 25,1,21,,169313,6,0,5 24 25,1,60,,169314,6,0,5 24 25,1,15,,169315,6,0,5 24 25,1,13,,169316,18,0,16 24 25,1,17,,169317,6,0,5 24 25,1,55,,169318,6,0,5 24 25,1,8,,169319,44,,,1,12,,169320,6,0,5 24 25,1,15,,169321,6,0,5 24 25,1,67,,169322,18,0,16 24 25,1,55,,169323,44,,,1,68,,169324,6,0,5 24 25,1,30,,169325,6,0,5 24 25,1,100,,169327,6,0,5 24 25,1,100,,169328,6,0,5 24 25,1,100,,169330,6,0,5 24 25,1,95,,169331,6,0,5 24 25,1,100,,169333,6,0,5 24 25,1,102,,169335,6,0,5 24 25,1,280,,169339,44,,,1,125,,169341,6,0,5 24 25,1,100,,169343,6,0,5 24 25,1,99,,169345,6,0,5 24 25,1,91,,169346,18,0,52 18 9,1
3300,'20260723',520,,169347,18,0,16 24 25,1,21,,169348,6,0,5 24 25,1,60,,169349,6,0,5 24 25,1,15,,169350,6,0,5 24 25,1,13,,169351,18,0,16 24 25,1,17,,169352,6,0,5 24 25,1,55,,169353,6,0,5 24 25,1,8,,169354,44,,,1,12,,169355,6,0,5 24 25,1,15,,169356,6,0,5 24 25,1,67,,169357,18,0,16 24 25,1,55,,169358,44,,,1,68,,169359,6,0,5 24 25,1,30,,169360,6,0,5 24 25,1,100,,169362,6,0,5 24 25,1,100,,169363,6,0,5 24 25,1,100,,169365,6,0,5 24 25,1,95,,169366,6,0,5 24 25,1,100,,169368,6,0,5 24 25,1,102,,169370,6,0,5 24 25,1,280,,169374,44,,,1,125,,169376,6,0,5 24 25,1,100,,169378,6,0,5 24 25,1,99,,169380,6,0,5 24 25,1,91,,169381,18,0,52 18 9,1
3300,'20260724',520,,169382,18,0,16 24 25,1,21,,169383,6,0,5 24 25,1,60,,169384,6,0,5 24 25,1,15,,169385,6,0,5 24 25,1,13,,169386,18,0,16 24 25,1,17,,169387,6,0,5 24 25,1,55,,169388,6,0,5 24 25,1,8,,169389,44,,,1,12,,169390,6,0,5 24 25,1,15,,169391,6,0,5 24 25,1,67,,169392,18,0,16 24 25,1,55,,169393,44,,,1,68,,169394,6,0,5 24 25,1,30,,169395,6,0,5 24 25,1,100,,169397,6,0,5 24 25,1,100,,169398,6,0,5 24 25,1,100,,169400,6,0,5 24 25,1,95,,169401,6,0,5 24 25,1,100,,169403,6,0,5 24 25,1,102,,169405,6,0,5 24 25,1,280,,169409,44,,,1,125,,169411,6,0,5 24 25,1,100,,169413,6,0,5 24 25,1,99,,169415,6,0,5 24 25,1,91,,169416,18,0,52 18 9,1
3300,'20260725',743,,169417,44,,,1,198,,169418,44,,,1,202,,169420,44,,,1,200,,169421,44,,,1,200,,169422,44,,,1,200,,169423,44,,,1,200,,169425,44,,,1,200,,169426,44,,,1
3300,'20260726',743,,169428,44,,,1,198,,169429,44,,,1,202,,169431,44,,,1,200,,169432,44,,,1,200,,169433,44,,,1,200,,169434,44,,,1,200,,169436,44,,,1,200,,169437,44,,,1
3300,'20260727',520,,169439,18,0,16 24 25,1,21,,169440,6,0,5 24 25,1,60,,169441,6,0,5 24 25,1,15,,169442,6,0,5 24 25,1,13,,169443,18,0,16 24 25,1,17,,169444,6,0,5 24 25,1,55,,169445,6,0,5 24 25,1,8,,169446,44,,,1,12,,169447,6,0,5 24 25,1,15,,169448,6,0,5 24 25,1,67,,169449,18,0,16 24 25,1,55,,169450,44,,,1,68,,169451,6,0,5 24 25,1,30,,169452,6,0,5 24 25,1,100,,169454,6,0,5 24 25,1,100,,169455,6,0,5 24 25,1,100,,169457,6,0,5 24 25,1,95,,169458,6,0,5 24 25,1,100,,169460,6,0,5 24 25,1,102,,169462,6,0,5 24 25,1,280,,169466,44,,,1,125,,169468,6,0,5 24 25,1,100,,169470,6,0,5 24 25,1,99,,169472,6,0,5 24 25,1,91,,169473,18,0,52 18 9,1
3300,'20260728',520,,169474,18,0,16 24 25,1,21,,169475,6,0,5 24 25,1,60,,169476,6,0,5 24 25,1,15,,169477,6,0,5 24 25,1,13,,169478,18,0,16 24 25,1,17,,169479,6,0,5 24 25,1,55,,169480,6,0,5 24 25,1,8,,169481,44,,,1,12,,169482,6,0,5 24 25,1,15,,169483,6,0,5 24 25,1,67,,169484,18,0,16 24 25,1,55,,169485,44,,,1,68,,169486,6,0,5 24 25,1,30,,169487,6,0,5 24 25,1,100,,169489,6,0,5 24 25,1,100,,169490,6,0,5 24 25,1,100,,169492,6,0,5 24 25,1,95,,169493,6,0,5 24 25,1,100,,169495,6,0,5 24 25,1,102,,169497,6,0,5 24 25,1,280,,169501,44,,,1,125,,169503,6,0,5 24 25,1,100,,169505,6,0,5 24 25,1,99,,169507,6,0,5 24 25,1,91,,169508,18,0,52 18 9,1
3300,'20260729',520,,169509,18,0,16 24 25,1,21,,169510,6,0,5 24 25,1,60,,169511,6,0,5 24 25,1,15,,169512,6,0,5 24 25,1,13,,169513,18,0,16 24 25,1,17,,169514,6,0,5 24 25,1,55,,169515,6,0,5 24 25,1,8,,169516,44,,,1,12,,169517,6,0,5 24 25,1,15,,169518,6,0,5 24 25,1,67,,169519,18,0,16 24 25,1,55,,169520,44,,,1,68,,169521,6,0,5 24 25,1,30,,169522,6,0,5 24 25,1,100,,169524,6,0,5 24 25,1,100,,169525,6,0,5 24 25,1,100,,169527,6,0,5 24 25,1,95,,169528,6,0,5 24 25,1,100,,169530,6,0,5 24 25,1,102,,169532,6,0,5 24 25,1,280,,169536,44,,,1,125,,169538,6,0,5 24 25,1,100,,169540,6,0,5 24 25,1,99,,169542,6,0,5 24 25,1,91,,169543,18,0,52 18 9,1
3300,'20260730',520,,169544,18,0,16 24 25,1,21,,169545,6,0,5 24 25,1,60,,169546,6,0,5 24 25,1,15,,169547,6,0,5 24 25,1,13,,169548,18,0,16 24 25,1,17,,169549,6,0,5 24 25,1,55,,169550,6,0,5 24 25,1,8,,169551,44,,,1,12,,169552,6,0,5 24 25,1,15,,169553,6,0,5 24 25,1,67,,169554,18,0,16 24 25,1,55,,169555,44,,,1,68,,169556,6,0,5 24 25,1,30,,169557,6,0,5 24 25,1,100,,169559,6,0,5 24 25,1,100,,169560,6,0,5 24 25,1,100,,169562,6,0,5 24 25,1,95,,169563,6,0,5 24 25,1,100,,169565,6,0,5 24 25,1,102,,169567,6,0,5 24 25,1,280,,169571,44,,,1,125,,169573,6,0,5 24 25,1,100,,169575,6,0,5 24 25,1,99,,169577,6,0,5 24 25,1,91,,169578,18,0,52 18 9,1
3300,'20260731',520,,169579,18,0,16 24 25,1,21,,169580,6,0,5 24 25,1,60,,169581,6,0,5 24 25,1,15,,169582,6,0,5 24 25,1,13,,169583,18,0,16 24 25,1,17,,169584,6,0,5 24 25,1,55,,169585,6,0,5 24 25,1,8,,169586,44,,,1,12,,169587,6,0,5 24 25,1,15,,169588,6,0,5 24 25,1,67,,169589,18,0,16 24 25,1,55,,169590,44,,,1,68,,169591,6,0,5 24 25,1,30,,169592,6,0,5 24 25,1,100,,169594,6,0,5 24 25,1,100,,169595,6,0,5 24 25,1,100,,169597,6,0,5 24 25,1,95,,169598,6,0,5 24 25,1,100,,169600,6,0,5 24 25,1,102,,169602,6,0,5 24 25,1,280,,169606,44,,,1,125,,169608,6,0,5 24 25,1,100,,169610,6,0,5 24 25,1,99,,169612,6,0,5 24 25,1,91,,169613,18,0,52 18 9,1
3300,'20260801',743,,169614,44,,,1,198,,169615,44,,,1,202,,169617,44,,,1,200,,169618,44,,,1,200,,169619,44,,,1,200,,169620,44,,,1,200,,169622,44,,,1,200,,169623,44,,,1
3300,'20260802',743,,169625,44,,,1,198,,169626,44,,,1,202,,169628,44,,,1,200,,169629,44,,,1,200,,169630,44,,,1,200,,169631,44,,,1,200,,169633,44,,,1,200,,169634,44,,,1
3300,'20260803',743,,169636,44,,,1,198,,169637,44,,,1,202,,169639,44,,,1,200,,169640,44,,,1,200,,169641,44,,,1,200,,169642,44,,,1,200,,169644,44,,,1,200,,169645,44,,,1
3300,'20260804',520,,169647,18,0,16 24 25,1,21,,169648,6,0,5 24 25,1,60,,169649,6,0,5 24 25,1,15,,169650,6,0,5 24 25,1,13,,169651,18,0,16 24 25,1,17,,169652,6,0,5 24 25,1,55,,169653,6,0,5 24 25,1,8,,169654,44,,,1,12,,169655,6,0,5 24 25,1,15,,169656,6,0,5 24 25,1,67,,169657,18,0,16 24 25,1,55,,169658,44,,,1,68,,169659,6,0,5 24 25,1,30,,169660,6,0,5 24 25,1,100,,169662,6,0,5 24 25,1,100,,169663,6,0,5 24 25,1,100,,169665,6,0,5 24 25,1,95,,169666,6,0,5 24 25,1,100,,169668,6,0,5 24 25,1,102,,169670,6,0,5 24 25,1,280,,169674,44,,,1,125,,169676,6,0,5 24 25,1,100,,169678,6,0,5 24 25,1,99,,169680,6,0,5 24 25,1,91,,169681,18,0,52 18 9,1
3300,'20260805',520,,169682,18,0,16 24 25,1,21,,169683,6,0,5 24 25,1,60,,169684,6,0,5 24 25,1,15,,169685,6,0,5 24 25,1,13,,169686,18,0,16 24 25,1,17,,169687,6,0,5 24 25,1,55,,169688,6,0,5 24 25,1,8,,169689,44,,,1,12,,169690,6,0,5 24 25,1,15,,169691,6,0,5 24 25,1,67,,169692,18,0,16 24 25,1,55,,169693,44,,,1,68,,169694,6,0,5 24 25,1,30,,169695,6,0,5 24 25,1,100,,169697,6,0,5 24 25,1,100,,169698,6,0,5 24 25,1,100,,169700,6,0,5 24 25,1,95,,169701,6,0,5 24 25,1,100,,169703,6,0,5 24 25,1,102,,169705,6,0,5 24 25,1,280,,169709,44,,,1,125,,169711,6,0,5 24 25,1,100,,169713,6,0,5 24 25,1,99,,169715,6,0,5 24 25,1,91,,169716,18,0,52 18 9,1
3300,'20260806',520,,169717,18,0,16 24 25,1,21,,169718,6,0,5 24 25,1,60,,169719,6,0,5 24 25,1,15,,169720,6,0,5 24 25,1,13,,169721,18,0,16 24 25,1,17,,169722,6,0,5 24 25,1,55,,169723,6,0,5 24 25,1,8,,169724,44,,,1,12,,169725,6,0,5 24 25,1,15,,169726,6,0,5 24 25,1,67,,169727,18,0,16 24 25,1,55,,169728,44,,,1,68,,169729,6,0,5 24 25,1,30,,169730,6,0,5 24 25,1,100,,169732,6,0,5 24 25,1,100,,169733,6,0,5 24 25,1,100,,169735,6,0,5 24 25,1,95,,169736,6,0,5 24 25,1,100,,169738,6,0,5 24 25,1,102,,169740,6,0,5 24 25,1,280,,169744,44,,,1,125,,169746,6,0,5 24 25,1,100,,169748,6,0,5 24 25,1,99,,169750,6,0,5 24 25,1,91,,169751,18,0,52 18 9,1
3300,'20260807',520,,169752,18,0,16 24 25,1,21,,169753,6,0,5 24 25,1,60,,169754,6,0,5 24 25,1,15,,169755,6,0,5 24 25,1,13,,169756,18,0,16 24 25,1,17,,169757,6,0,5 24 25,1,55,,169758,6,0,5 24 25,1,8,,169759,44,,,1,12,,169760,6,0,5 24 25,1,15,,169761,6,0,5 24 25,1,67,,169762,18,0,16 24 25,1,55,,169763,44,,,1,68,,169764,6,0,5 24 25,1,30,,169765,6,0,5 24 25,1,100,,169767,6,0,5 24 25,1,100,,169768,6,0,5 24 25,1,100,,169770,6,0,5 24 25,1,95,,169771,6,0,5 24 25,1,100,,169773,6,0,5 24 25,1,102,,169775,6,0,5 24 25,1,280,,169779,44,,,1,125,,169781,6,0,5 24 25,1,100,,169783,6,0,5 24 25,1,99,,169785,6,0,5 24 25,1,91,,169786,18,0,52 18 9,1
3300,'20260808',743,,169787,44,,,1,198,,169788,44,,,1,202,,169790,44,,,1,200,,169791,44,,,1,200,,169792,44,,,1,200,,169793,44,,,1,200,,169795,44,,,1,200,,169796,44,,,1
3300,'20260809',743,,169798,44,,,1,198,,169799,44,,,1,202,,169801,44,,,1,200,,169802,44,,,1,200,,169803,44,,,1,200,,169804,44,,,1,200,,169806,44,,,1,200,,169807,44,,,1
3300,'20260810',520,,169809,18,0,16 24 25,1,21,,169810,6,0,5 24 25,1,60,,169811,6,0,5 24 25,1,15,,169812,6,0,5 24 25,1,13,,169813,18,0,16 24 25,1,17,,169814,6,0,5 24 25,1,55,,169815,6,0,5 24 25,1,8,,169816,44,,,1,12,,169817,6,0,5 24 25,1,15,,169818,6,0,5 24 25,1,67,,169819,18,0,16 24 25,1,55,,169820,44,,,1,68,,169821,6,0,5 24 25,1,30,,169822,6,0,5 24 25,1,100,,169824,6,0,5 24 25,1,100,,169825,6,0,5 24 25,1,100,,169827,6,0,5 24 25,1,95,,169828,6,0,5 24 25,1,100,,169830,6,0,5 24 25,1,102,,169832,6,0,5 24 25,1,280,,169836,44,,,1,125,,169838,6,0,5 24 25,1,100,,169840,6,0,5 24 25,1,99,,169842,6,0,5 24 25,1,91,,169843,18,0,52 18 9,1
3300,'20260811',520,,169844,18,0,16 24 25,1,21,,169845,6,0,5 24 25,1,60,,169846,6,0,5 24 25,1,15,,169847,6,0,5 24 25,1,13,,169848,18,0,16 24 25,1,17,,169849,6,0,5 24 25,1,55,,169850,6,0,5 24 25,1,8,,169851,44,,,1,12,,169852,6,0,5 24 25,1,15,,169853,6,0,5 24 25,1,67,,169854,18,0,16 24 25,1,55,,169855,44,,,1,68,,169856,6,0,5 24 25,1,30,,169857,6,0,5 24 25,1,100,,169859,6,0,5 24 25,1,100,,169860,6,0,5 24 25,1,100,,169862,6,0,5 24 25,1,95,,169863,6,0,5 24 25,1,100,,169865,6,0,5 24 25,1,102,,169867,6,0,5 24 25,1,280,,169871,44,,,1,125,,169873,6,0,5 24 25,1,100,,169875,6,0,5 24 25,1,99,,169877,6,0,5 24 25,1,91,,169878,18,0,52 18 9,1
3300,'20260812',520,,169879,18,0,16 24 25,1,21,,169880,6,0,5 24 25,1,60,,169881,6,0,5 24 25,1,15,,169882,6,0,5 24 25,1,13,,169883,18,0,16 24 25,1,17,,169884,6,0,5 24 25,1,55,,169885,6,0,5 24 25,1,8,,169886,44,,,1,12,,169887,6,0,5 24 25,1,15,,169888,6,0,5 24 25,1,67,,169889,18,0,16 24 25,1,55,,169890,44,,,1,68,,169891,6,0,5 24 25,1,30,,169892,6,0,5 24 25,1,100,,169894,6,0,5 24 25,1,100,,169895,6,0,5 24 25,1,100,,169897,6,0,5 24 25,1,95,,169898,6,0,5 24 25,1,100,,169900,6,0,5 24 25,1,102,,169902,6,0,5 24 25,1,280,,169906,44,,,1,125,,169908,6,0,5 24 25,1,100,,169910,6,0,5 24 25,1,99,,169912,6,0,5 24 25,1,91,,169913,18,0,52 18 9,1
3300,'20260813',520,,169914,18,0,16 24 25,1,21,,169915,6,0,5 24 25,1,60,,169916,6,0,5 24 25,1,15,,169917,6,0,5 24 25,1,13,,169918,18,0,16 24 25,1,17,,169919,6,0,5 24 25,1,55,,169920,6,0,5 24 25,1,8,,169921,44,,,1,12,,169922,6,0,5 24 25,1,15,,169923,6,0,5 24 25,1,67,,169924,18,0,16 24 25,1,55,,169925,44,,,1,68,,169926,6,0,5 24 25,1,30,,169927,6,0,5 24 25,1,100,,169929,6,0,5 24 25,1,100,,169930,6,0,5 24 25,1,100,,169932,6,0,5 24 25,1,95,,169933,6,0,5 24 25,1,100,,169935,6,0,5 24 25,1,102,,169937,6,0,5 24 25,1,280,,169941,44,,,1,125,,169943,6,0,5 24 25,1,100,,169945,6,0,5 24 25,1,99,,169947,6,0,5 24 25,1,91,,169948,18,0,52 18 9,1
3300,'20260814',520,,169949,18,0,16 24 25,1,21,,169950,6,0,5 24 25,1,60,,169951,6,0,5 24 25,1,15,,169952,6,0,5 24 25,1,13,,169953,18,0,16 24 25,1,17,,169954,6,0,5 24 25,1,55,,169955,6,0,5 24 25,1,8,,169956,44,,,1,12,,169957,6,0,5 24 25,1,15,,169958,6,0,5 24 25,1,67,,169959,18,0,16 24 25,1,55,,169960,44,,,1,68,,169961,6,0,5 24 25,1,30,,169962,6,0,5 24 25,1,100,,169964,6,0,5 24 25,1,100,,169965,6,0,5 24 25,1,100,,169967,6,0,5 24 25,1,95,,169968,6,0,5 24 25,1,100,,169970,6,0,5 24 25,1,102,,169972,6,0,5 24 25,1,280,,169976,44,,,1,125,,169978,6,0,5 24 25,1,100,,169980,6,0,5 24 25,1,99,,169982,6,0,5 24 25,1,91,,169983,18,0,52 18 9,1
3300,'20260815',743,,169984,44,,,1,198,,169985,44,,,1,202,,169987,44,,,1,200,,169988,44,,,1,200,,169989,44,,,1,200,,169990,44,,,1,200,,169992,44,,,1,200,,169993,44,,,1
3300,'20260816',743,,169995,44,,,1,198,,169996,44,,,1,202,,169998,44,,,1,200,,169999,44,,,1,200,,170000,44,,,1,200,,170001,44,,,1,200,,170003,44,,,1,200,,170004,44,,,1
3300,'20260817',520,,170006,18,0,16 24 25,1,21,,170007,6,0,5 24 25,1,60,,170008,6,0,5 24 25,1,15,,170009,6,0,5 24 25,1,13,,170010,18,0,16 24 25,1,17,,170011,6,0,5 24 25,1,55,,170012,6,0,5 24 25,1,8,,170013,44,,,1,12,,170014,6,0,5 24 25,1,15,,170015,6,0,5 24 25,1,67,,170016,18,0,16 24 25,1,55,,170017,44,,,1,68,,170018,6,0,5 24 25,1,30,,170019,6,0,5 24 25,1,100,,170021,6,0,5 24 25,1,100,,170022,6,0,5 24 25,1,100,,170024,6,0,5 24 25,1,95,,170025,6,0,5 24 25,1,100,,170027,6,0,5 24 25,1,102,,170029,6,0,5 24 25,1,280,,170033,44,,,1,125,,170035,6,0,5 24 25,1,100,,170037,6,0,5 24 25,1,99,,170039,6,0,5 24 25,1,91,,170040,18,0,52 18 9,1
3300,'20260818',520,,170041,18,0,16 24 25,1,21,,170042,6,0,5 24 25,1,60,,170043,6,0,5 24 25,1,15,,170044,6,0,5 24 25,1,13,,170045,18,0,16 24 25,1,17,,170046,6,0,5 24 25,1,55,,170047,6,0,5 24 25,1,8,,170048,44,,,1,12,,170049,6,0,5 24 25,1,15,,170050,6,0,5 24 25,1,67,,170051,18,0,16 24 25,1,55,,170052,44,,,1,68,,170053,6,0,5 24 25,1,30,,170054,6,0,5 24 25,1,100,,170056,6,0,5 24 25,1,100,,170057,6,0,5 24 25,1,100,,170059,6,0,5 24 25,1,95,,170060,6,0,5 24 25,1,100,,170062,6,0,5 24 25,1,102,,170064,6,0,5 24 25,1,280,,170068,44,,,1,125,,170070,6,0,5 24 25,1,100,,170072,6,0,5 24 25,1,99,,170074,6,0,5 24 25,1,91,,170075,18,0,52 18 9,1
3300,'20260819',520,,170076,18,0,16 24 25,1,21,,170077,6,0,5 24 25,1,60,,170078,6,0,5 24 25,1,15,,170079,6,0,5 24 25,1,13,,170080,18,0,16 24 25,1,17,,170081,6,0,5 24 25,1,55,,170082,6,0,5 24 25,1,8,,170083,44,,,1,12,,170084,6,0,5 24 25,1,15,,170085,6,0,5 24 25,1,67,,170086,18,0,16 24 25,1,55,,170087,44,,,1,68,,170088,6,0,5 24 25,1,30,,170089,6,0,5 24 25,1,100,,170091,6,0,5 24 25,1,100,,170092,6,0,5 24 25,1,100,,170094,6,0,5 24 25,1,95,,170095,6,0,5 24 25,1,100,,170097,6,0,5 24 25,1,102,,170099,6,0,5 24 25,1,280,,170103,44,,,1,125,,170105,6,0,5 24 25,1,100,,170107,6,0,5 24 25,1,99,,170109,6,0,5 24 25,1,91,,170110,18,0,52 18 9,1
3300,'20260820',520,,170111,18,0,16 24 25,1,21,,170112,6,0,5 24 25,1,60,,170113,6,0,5 24 25,1,15,,170114,6,0,5 24 25,1,13,,170115,18,0,16 24 25,1,17,,170116,6,0,5 24 25,1,55,,170117,6,0,5 24 25,1,8,,170118,44,,,1,12,,170119,6,0,5 24 25,1,15,,170120,6,0,5 24 25,1,67,,170121,18,0,16 24 25,1,55,,170122,44,,,1,68,,170123,6,0,5 24 25,1,30,,170124,6,0,5 24 25,1,100,,170126,6,0,5 24 25,1,100,,170127,6,0,5 24 25,1,100,,170129,6,0,5 24 25,1,95,,170130,6,0,5 24 25,1,100,,170132,6,0,5 24 25,1,102,,170134,6,0,5 24 25,1,280,,170138,44,,,1,125,,170140,6,0,5 24 25,1,100,,170142,6,0,5 24 25,1,99,,170144,6,0,5 24 25,1,91,,170145,18,0,52 18 9,1
3300,'20260821',520,,170146,18,0,16 24 25,1,21,,170147,6,0,5 24 25,1,60,,170148,6,0,5 24 25,1,15,,170149,6,0,5 24 25,1,13,,170150,18,0,16 24 25,1,17,,170151,6,0,5 24 25,1,55,,170152,6,0,5 24 25,1,8,,170153,44,,,1,12,,170154,6,0,5 24 25,1,15,,170155,6,0,5 24 25,1,67,,170156,18,0,16 24 25,1,55,,170157,44,,,1,68,,170158,6,0,5 24 25,1,30,,170159,6,0,5 24 25,1,100,,170161,6,0,5 24 25,1,100,,170162,6,0,5 24 25,1,100,,170164,6,0,5 24 25,1,95,,170165,6,0,5 24 25,1,100,,170167,6,0,5 24 25,1,102,,170169,6,0,5 24 25,1,280,,170173,44,,,1,125,,170175,6,0,5 24 25,1,100,,170177,6,0,5 24 25,1,99,,170179,6,0,5 24 25,1,91,,170180,18,0,52 18 9,1
3300,'20260822',743,,170181,44,,,1,198,,170182,44,,,1,202,,170184,44,,,1,200,,170185,44,,,1,200,,170186,44,,,1,200,,170187,44,,,1,200,,170189,44,,,1,200,,170190,44,,,1
3300,'20260823',743,,170192,44,,,1,198,,170193,44,,,1,202,,170195,44,,,1,200,,170196,44,,,1,200,,170197,44,,,1,200,,170198,44,,,1,200,,170200,44,,,1,200,,170201,44,,,1
3300,'20260824',520,,170203,18,0,16 24 25,1,21,,170204,6,0,5 24 25,1,60,,170205,6,0,5 24 25,1,15,,170206,6,0,5 24 25,1,13,,170207,18,0,16 24 25,1,17,,170208,6,0,5 24 25,1,55,,170209,6,0,5 24 25,1,8,,170210,44,,,1,12,,170211,6,0,5 24 25,1,15,,170212,6,0,5 24 25,1,67,,170213,18,0,16 24 25,1,55,,170214,44,,,1,68,,170215,6,0,5 24 25,1,30,,170216,6,0,5 24 25,1,100,,170218,6,0,5 24 25,1,100,,170219,6,0,5 24 25,1,100,,170221,6,0,5 24 25,1,95,,170222,6,0,5 24 25,1,100,,170224,6,0,5 24 25,1,102,,170226,6,0,5 24 25,1,280,,170230,44,,,1,125,,170232,6,0,5 24 25,1,100,,170234,6,0,5 24 25,1,99,,170236,6,0,5 24 25,1,91,,170237,18,0,52 18 9,1
3300,'20260825',520,,170238,18,0,16 24 25,1,21,,170239,6,0,5 24 25,1,60,,170240,6,0,5 24 25,1,15,,170241,6,0,5 24 25,1,13,,170242,18,0,16 24 25,1,17,,170243,6,0,5 24 25,1,55,,170244,6,0,5 24 25,1,8,,170245,44,,,1,12,,170246,6,0,5 24 25,1,15,,170247,6,0,5 24 25,1,67,,170248,18,0,16 24 25,1,55,,170249,44,,,1,68,,170250,6,0,5 24 25,1,30,,170251,6,0,5 24 25,1,100,,170253,6,0,5 24 25,1,100,,170254,6,0,5 24 25,1,100,,170256,6,0,5 24 25,1,95,,170257,6,0,5 24 25,1,100,,170259,6,0,5 24 25,1,102,,170261,6,0,5 24 25,1,280,,170265,44,,,1,125,,170267,6,0,5 24 25,1,100,,170269,6,0,5 24 25,1,99,,170271,6,0,5 24 25,1,91,,170272,18,0,52 18 9,1
3300,'20260826',520,,170273,18,0,16 24 25,1,21,,170274,6,0,5 24 25,1,60,,170275,6,0,5 24 25,1,15,,170276,6,0,5 24 25,1,13,,170277,18,0,16 24 25,1,17,,170278,6,0,5 24 25,1,55,,170279,6,0,5 24 25,1,8,,170280,44,,,1,12,,170281,6,0,5 24 25,1,15,,170282,6,0,5 24 25,1,67,,170283,18,0,16 24 25,1,55,,170284,44,,,1,68,,170285,6,0,5 24 25,1,30,,170286,6,0,5 24 25,1,100,,170288,6,0,5 24 25,1,100,,170289,6,0,5 24 25,1,100,,170291,6,0,5 24 25,1,95,,170292,6,0,5 24 25,1,100,,170294,6,0,5 24 25,1,102,,170296,6,0,5 24 25,1,280,,170300,44,,,1,125,,170302,6,0,5 24 25,1,100,,170304,6,0,5 24 25,1,99,,170306,6,0,5 24 25,1,91,,170307,18,0,52 18 9,1
3300,'20260827',520,,170308,18,0,16 24 25,1,21,,170309,6,0,5 24 25,1,60,,170310,6,0,5 24 25,1,15,,170311,6,0,5 24 25,1,13,,170312,18,0,16 24 25,1,17,,170313,6,0,5 24 25,1,55,,170314,6,0,5 24 25,1,8,,170315,44,,,1,12,,170316,6,0,5 24 25,1,15,,170317,6,0,5 24 25,1,67,,170318,18,0,16 24 25,1,55,,170319,44,,,1,68,,170320,6,0,5 24 25,1,30,,170321,6,0,5 24 25,1,100,,170323,6,0,5 24 25,1,100,,170324,6,0,5 24 25,1,100,,170326,6,0,5 24 25,1,95,,170327,6,0,5 24 25,1,100,,170329,6,0,5 24 25,1,102,,170331,6,0,5 24 25,1,280,,170335,44,,,1,125,,170337,6,0,5 24 25,1,100,,170339,6,0,5 24 25,1,99,,170341,6,0,5 24 25,1,91,,170342,18,0,52 18 9,1
3300,'20260828',520,,170343,18,0,16 24 25,1,21,,170344,6,0,5 24 25,1,60,,170345,6,0,5 24 25,1,15,,170346,6,0,5 24 25,1,13,,170347,18,0,16 24 25,1,17,,170348,6,0,5 24 25,1,55,,170349,6,0,5 24 25,1,8,,170350,44,,,1,12,,170351,6,0,5 24 25,1,15,,170352,6,0,5 24 25,1,67,,170353,18,0,16 24 25,1,55,,170354,44,,,1,68,,170355,6,0,5 24 25,1,30,,170356,6,0,5 24 25,1,100,,170358,6,0,5 24 25,1,100,,170359,6,0,5 24 25,1,100,,170361,6,0,5 24 25,1,95,,170362,6,0,5 24 25,1,100,,170364,6,0,5 24 25,1,102,,170366,6,0,5 24 25,1,280,,170370,44,,,1,125,,170372,6,0,5 24 25,1,100,,170374,6,0,5 24 25,1,99,,170376,6,0,5 24 25,1,91,,170377,18,0,52 18 9,1
3300,'20260829',743,,170378,44,,,1,198,,170379,44,,,1,202,,170381,44,,,1,200,,170382,44,,,1,200,,170383,44,,,1,200,,170384,44,,,1,200,,170386,44,,,1,200,,170387,44,,,1
3300,'20260830',743,,170389,44,,,1,198,,170390,44,,,1,202,,170392,44,,,1,200,,170393,44,,,1,200,,170394,44,,,1,200,,170395,44,,,1,200,,170397,44,,,1,200,,170398,44,,,1
3300,'20260831',520,,170400,18,0,16 24 25,1,21,,170401,6,0,5 24 25,1,60,,170402,6,0,5 24 25,1,15,,170403,6,0,5 24 25,1,13,,170404,18,0,16 24 25,1,17,,170405,6,0,5 24 25,1,55,,170406,6,0,5 24 25,1,8,,170407,44,,,1,12,,170408,6,0,5 24 25,1,15,,170409,6,0,5 24 25,1,67,,170410,18,0,16 24 25,1,55,,170411,44,,,1,68,,170412,6,0,5 24 25,1,30,,170413,6,0,5 24 25,1,100,,170415,6,0,5 24 25,1,100,,170416,6,0,5 24 25,1,100,,170418,6,0,5 24 25,1,95,,170419,6,0,5 24 25,1,100,,170421,6,0,5 24 25,1,102,,170423,6,0,5 24 25,1,280,,170427,44,,,1,125,,170429,6,0,5 24 25,1,100,,170431,6,0,5 24 25,1,99,,170433,6,0,5 24 25,1,91,,170434,18,0,52 18 9,1
3300,'20260901',520,,170435,18,0,16 24 25,1,21,,170436,6,0,5 24 25,1,60,,170437,6,0,5 24 25,1,15,,170438,6,0,5 24 25,1,13,,170439,18,0,16 24 25,1,17,,170440,6,0,5 24 25,1,55,,170441,6,0,5 24 25,1,8,,170442,44,,,1,12,,170443,6,0,5 24 25,1,15,,170444,6,0,5 24 25,1,67,,170445,18,0,16 24 25,1,55,,170446,44,,,1,68,,170447,6,0,5 24 25,1,30,,170448,6,0,5 24 25,1,100,,170450,6,0,5 24 25,1,100,,170451,6,0,5 24 25,1,100,,170453,6,0,5 24 25,1,95,,170454,6,0,5 24 25,1,100,,170456,6,0,5 24 25,1,102,,170458,6,0,5 24 25,1,280,,170462,44,,,1,125,,170464,6,0,5 24 25,1,100,,170466,6,0,5 24 25,1,99,,170468,6,0,5 24 25,1,91,,170469,18,0,52 18 9,1
3300,'20260902',520,,170470,18,0,16 24 25,1,21,,170471,6,0,5 24 25,1,60,,170472,6,0,5 24 25,1,15,,170473,6,0,5 24 25,1,13,,170474,18,0,16 24 25,1,17,,170475,6,0,5 24 25,1,55,,170476,6,0,5 24 25,1,8,,170477,44,,,1,12,,170478,6,0,5 24 25,1,15,,170479,6,0,5 24 25,1,67,,170480,18,0,16 24 25,1,55,,170481,44,,,1,68,,170482,6,0,5 24 25,1,30,,170483,6,0,5 24 25,1,100,,170485,6,0,5 24 25,1,100,,170486,6,0,5 24 25,1,100,,170488,6,0,5 24 25,1,95,,170489,6,0,5 24 25,1,100,,170491,6,0,5 24 25,1,102,,170493,6,0,5 24 25,1,280,,170497,44,,,1,125,,170499,6,0,5 24 25,1,100,,170501,6,0,5 24 25,1,99,,170503,6,0,5 24 25,1,91,,170504,18,0,52 18 9,1
3300,'20260903',520,,170505,18,0,16 24 25,1,21,,170506,6,0,5 24 25,1,60,,170507,6,0,5 24 25,1,15,,170508,6,0,5 24 25,1,13,,170509,18,0,16 24 25,1,17,,170510,6,0,5 24 25,1,55,,170511,6,0,5 24 25,1,8,,170512,44,,,1,12,,170513,6,0,5 24 25,1,15,,170514,6,0,5 24 25,1,67,,170515,18,0,16 24 25,1,55,,170516,44,,,1,68,,170517,6,0,5 24 25,1,30,,170518,6,0,5 24 25,1,100,,170520,6,0,5 24 25,1,100,,170521,6,0,5 24 25,1,100,,170523,6,0,5 24 25,1,95,,170524,6,0,5 24 25,1,100,,170526,6,0,5 24 25,1,102,,170528,6,0,5 24 25,1,280,,170532,44,,,1,125,,170534,6,0,5 24 25,1,100,,170536,6,0,5 24 25,1,99,,170538,6,0,5 24 25,1,91,,170539,18,0,52 18 9,1
3300,'20260904',520,,170540,18,0,16 24 25,1,21,,170541,6,0,5 24 25,1,60,,170542,6,0,5 24 25,1,15,,170543,6,0,5 24 25,1,13,,170544,18,0,16 24 25,1,17,,170545,6,0,5 24 25,1,55,,170546,6,0,5 24 25,1,8,,170547,44,,,1,12,,170548,6,0,5 24 25,1,15,,170549,6,0,5 24 25,1,67,,170550,18,0,16 24 25,1,55,,170551,44,,,1,68,,170552,6,0,5 24 25,1,30,,170553,6,0,5 24 25,1,100,,170555,6,0,5 24 25,1,100,,170556,6,0,5 24 25,1,100,,170558,6,0,5 24 25,1,95,,170559,6,0,5 24 25,1,100,,170561,6,0,5 24 25,1,102,,170563,6,0,5 24 25,1,280,,170567,44,,,1,125,,170569,6,0,5 24 25,1,100,,170571,6,0,5 24 25,1,99,,170573,6,0,5 24 25,1,91,,170574,18,0,52 18 9,1
3701,'20260528',525,,94030,33,,,1,191,,94031,33,,,1,98,,94032,33,,,1,1112,,94034,18,0,5 13,1,102,,94035,18,0,5 13,1
3701,'20260529',525,,94037,33,,,1,191,,94038,33,,,1,98,,94039,33,,,1,1112,,94041,18,0,5 13,1,102,,94042,18,0,5 13,1
3701,'20260601',525,,94044,33,,,1,191,,94045,33,,,1,98,,94046,33,,,1,1112,,94048,18,0,5 13,1,102,,94049,18,0,5 13,1
3701,'20260602',525,,94051,33,,,1,191,,94052,33,,,1,98,,94053,33,,,1,1112,,94055,18,0,5 13,1,102,,94056,18,0,5 13,1
3701,'20260603',525,,94058,33,,,1,191,,94059,33,,,1,98,,94060,33,,,1,1112,,94062,18,0,5 13,1,102,,94063,18,0,5 13,1
3701,'20260604',525,,94065,33,,,1,191,,94066,33,,,1,98,,94067,33,,,1,1112,,94069,18,0,5 13,1,102,,94070,18,0,5 13,1
3701,'20260605',525,,94072,33,,,1,191,,94073,33,,,1,98,,94074,33,,,1,1112,,94076,18,0,5 13,1,102,,94077,18,0,5 13,1
3701,'20260608',525,,94079,33,,,1,191,,94080,33,,,1,98,,94081,33,,,1,1112,,94083,18,0,5 13,1,102,,94084,18,0,5 13,1
3701,'20260609',525,,94086,33,,,1,191,,94087,33,,,1,98,,94088,33,,,1,1112,,94090,18,0,5 13,1,102,,94091,18,0,5 13,1
3701,'20260610',525,,94093,33,,,1,191,,94094,33,,,1,98,,94095,33,,,1,1112,,94097,18,0,5 13,1,102,,94098,18,0,5 13,1
3701,'20260611',525,,94100,33,,,1,191,,94101,33,,,1,98,,94102,33,,,1,1112,,94104,18,0,5 13,1,102,,94105,18,0,5 13,1
3701,'20260612',525,,94107,33,,,1,191,,94108,33,,,1,98,,94109,33,,,1,1112,,94111,18,0,5 13,1,102,,94112,18,0,5 13,1
3701,'20260615',525,,176129,33,,,1,191,,176130,33,,,1,98,,176131,33,,,1,1112,,176133,18,0,5 13,1,102,,176134,18,0,5 13,1
3701,'20260616',525,,176136,33,,,1,191,,176137,33,,,1,98,,176138,33,,,1,1112,,176140,18,0,5 13,1,102,,176141,18,0,5 13,1
3701,'20260617',525,,176143,33,,,1,191,,176144,33,,,1,98,,176145,33,,,1,1112,,176147,18,0,5 13,1,102,,176148,18,0,5 13,1
3701,'20260618',525,,176150,33,,,1,191,,176151,33,,,1,98,,176152,33,,,1,1112,,176154,18,0,5 13,1,102,,176155,18,0,5 13,1
3701,'20260619',525,,176157,33,,,1,191,,176158,33,,,1,98,,176159,33,,,1,1112,,176161,18,0,5 13,1,102,,176162,18,0,5 13,1
3701,'20260622',525,,176164,33,,,1,191,,176165,33,,,1,98,,176166,33,,,1,1112,,176168,18,0,5 13,1,102,,176169,18,0,5 13,1
3701,'20260623',525,,176171,33,,,1,191,,176172,33,,,1,98,,176173,33,,,1,1112,,176175,18,0,5 13,1,102,,176176,18,0,5 13,1
3701,'20260624',525,,176178,33,,,1,191,,176179,33,,,1,98,,176180,33,,,1,1112,,176182,18,0,5 13,1,102,,176183,18,0,5 13,1
3701,'20260625',525,,176185,33,,,1,191,,176186,33,,,1,98,,176187,33,,,1,1112,,176189,18,0,5 13,1,102,,176190,18,0,5 13,1
3701,'20260626',525,,176192,33,,,1,191,,176193,33,,,1,98,,176194,33,,,1,1112,,176196,18,0,5 13,1,102,,176197,18,0,5 13,1
3701,'20260629',525,,176199,33,,,1,191,,176200,33,,,1,98,,176201,33,,,1,1112,,176203,18,0,5 13,1,102,,176204,18,0,5 13,1
3701,'20260630',525,,176206,33,,,1,191,,176207,33,,,1,98,,176208,33,,,1,1112,,176210,18,0,5 13,1,102,,176211,18,0,5 13,1
3701,'20260702',525,,176213,33,,,1,191,,176214,33,,,1,98,,176215,33,,,1,1112,,176217,18,0,5 13,1,102,,176218,18,0,5 13,1
3701,'20260703',525,,176220,33,,,1,191,,176221,33,,,1,98,,176222,33,,,1,1112,,176224,18,0,5 13,1,102,,176225,18,0,5 13,1
3701,'20260706',525,,176227,33,,,1,191,,176228,33,,,1,98,,176229,33,,,1,1112,,176231,18,0,5 13,1,102,,176232,18,0,5 13,1
3701,'20260707',525,,176234,33,,,1,191,,176235,33,,,1,98,,176236,33,,,1,1112,,176238,18,0,5 13,1,102,,176239,18,0,5 13,1
3701,'20260708',525,,176241,33,,,1,191,,176242,33,,,1,98,,176243,33,,,1,1112,,176245,18,0,5 13,1,102,,176246,18,0,5 13,1
3701,'20260709',525,,176248,33,,,1,191,,176249,33,,,1,98,,176250,33,,,1,1112,,176252,18,0,5 13,1,102,,176253,18,0,5 13,1
3701,'20260710',525,,176255,33,,,1,191,,176256,33,,,1,98,,176257,33,,,1,1112,,176259,18,0,5 13,1,102,,176260,18,0,5 13,1
3701,'20260713',525,,176262,33,,,1,191,,176263,33,,,1,98,,176264,33,,,1,1112,,176266,18,0,5 13,1,102,,176267,18,0,5 13,1
3701,'20260714',525,,176269,33,,,1,191,,176270,33,,,1,98,,176271,33,,,1,1112,,176273,18,0,5 13,1,102,,176274,18,0,5 13,1
3701,'20260715',525,,176276,33,,,1,191,,176277,33,,,1,98,,176278,33,,,1,1112,,176280,18,0,5 13,1,102,,176281,18,0,5 13,1
3701,'20260716',525,,176283,33,,,1,191,,176284,33,,,1,98,,176285,33,,,1,1112,,176287,18,0,5 13,1,102,,176288,18,0,5 13,1
3701,'20260717',525,,176290,33,,,1,191,,176291,33,,,1,98,,176292,33,,,1,1112,,176294,18,0,5 13,1,102,,176295,18,0,5 13,1
3701,'20260720',525,,176297,33,,,1,191,,176298,33,,,1,98,,176299,33,,,1,1112,,176301,18,0,5 13,1,102,,176302,18,0,5 13,1
3701,'20260721',525,,176304,33,,,1,191,,176305,33,,,1,98,,176306,33,,,1,1112,,176308,18,0,5 13,1,102,,176309,18,0,5 13,1
3701,'20260722',525,,176311,33,,,1,191,,176312,33,,,1,98,,176313,33,,,1,1112,,176315,18,0,5 13,1,102,,176316,18,0,5 13,1
3701,'20260723',525,,176318,33,,,1,191,,176319,33,,,1,98,,176320,33,,,1,1112,,176322,18,0,5 13,1,102,,176323,18,0,5 13,1
3701,'20260724',525,,176325,33,,,1,191,,176326,33,,,1,98,,176327,33,,,1,1112,,176329,18,0,5 13,1,102,,176330,18,0,5 13,1
3701,'20260727',525,,176332,33,,,1,191,,176333,33,,,1,98,,176334,33,,,1,1112,,176336,18,0,5 13,1,102,,176337,18,0,5 13,1
3701,'20260728',525,,176339,33,,,1,191,,176340,33,,,1,98,,176341,33,,,1,1112,,176343,18,0,5 13,1,102,,176344,18,0,5 13,1
3701,'20260729',525,,176346,33,,,1,191,,176347,33,,,1,98,,176348,33,,,1,1112,,176350,18,0,5 13,1,102,,176351,18,0,5 13,1
3701,'20260730',525,,176353,33,,,1,191,,176354,33,,,1,98,,176355,33,,,1,1112,,176357,18,0,5 13,1,102,,176358,18,0,5 13,1
3701,'20260731',525,,176360,33,,,1,191,,176361,33,,,1,98,,176362,33,,,1,1112,,176364,18,0,5 13,1,102,,176365,18,0,5 13,1
3701,'20260804',525,,176367,33,,,1,191,,176368,33,,,1,98,,176369,33,,,1,1112,,176371,18,0,5 13,1,102,,176372,18,0,5 13,1
3701,'20260805',525,,176374,33,,,1,191,,176375,33,,,1,98,,176376,33,,,1,1112,,176378,18,0,5 13,1,102,,176379,18,0,5 13,1
3701,'20260806',525,,176381,33,,,1,191,,176382,33,,,1,98,,176383,33,,,1,1112,,176385,18,0,5 13,1,102,,176386,18,0,5 13,1
3701,'20260807',525,,176388,33,,,1,191,,176389,33,,,1,98,,176390,33,,,1,1112,,176392,18,0,5 13,1,102,,176393,18,0,5 13,1
3701,'20260810',525,,176395,33,,,1,191,,176396,33,,,1,98,,176397,33,,,1,1112,,176399,18,0,5 13,1,102,,176400,18,0,5 13,1
3701,'20260811',525,,176402,33,,,1,191,,176403,33,,,1,98,,176404,33,,,1,1112,,176406,18,0,5 13,1,102,,176407,18,0,5 13,1
3701,'20260812',525,,176409,33,,,1,191,,176410,33,,,1,98,,176411,33,,,1,1112,,176413,18,0,5 13,1,102,,176414,18,0,5 13,1
3701,'20260813',525,,176416,33,,,1,191,,176417,33,,,1,98,,176418,33,,,1,1112,,176420,18,0,5 13,1,102,,176421,18,0,5 13,1
3701,'20260814',525,,176423,33,,,1,191,,176424,33,,,1,98,,176425,33,,,1,1112,,176427,18,0,5 13,1,102,,176428,18,0,5 13,1
3701,'20260817',525,,176430,33,,,1,191,,176431,33,,,1,98,,176432,33,,,1,1112,,176434,18,0,5 13,1,102,,176435,18,0,5 13,1
3701,'20260818',525,,176437,33,,,1,191,,176438,33,,,1,98,,176439,33,,,1,1112,,176441,18,0,5 13,1,102,,176442,18,0,5 13,1
3701,'20260819',525,,176444,33,,,1,191,,176445,33,,,1,98,,176446,33,,,1,1112,,176448,18,0,5 13,1,102,,176449,18,0,5 13,1
3701,'20260820',525,,176451,33,,,1,191,,176452,33,,,1,98,,176453,33,,,1,1112,,176455,18,0,5 13,1,102,,176456,18,0,5 13,1
3701,'20260821',525,,176458,33,,,1,191,,176459,33,,,1,98,,176460,33,,,1,1112,,176462,18,0,5 13,1,102,,176463,18,0,5 13,1
3701,'20260824',525,,176465,33,,,1,191,,176466,33,,,1,98,,176467,33,,,1,1112,,176469,18,0,5 13,1,102,,176470,18,0,5 13,1
3701,'20260825',525,,176472,33,,,1,191,,176473,33,,,1,98,,176474,33,,,1,1112,,176476,18,0,5 13,1,102,,176477,18,0,5 13,1
3701,'20260826',525,,176479,33,,,1,191,,176480,33,,,1,98,,176481,33,,,1,1112,,176483,18,0,5 13,1,102,,176484,18,0,5 13,1
3701,'20260827',525,,176486,33,,,1,191,,176487,33,,,1,98,,176488,33,,,1,1112,,176490,18,0,5 13,1,102,,176491,18,0,5 13,1
3701,'20260828',525,,176493,33,,,1,191,,176494,33,,,1,98,,176495,33,,,1,1112,,176497,18,0,5 13,1,102,,176498,18,0,5 13,1
3701,'20260831',525,,176500,33,,,1,191,,176501,33,,,1,98,,176502,33,,,1,1112,,176504,18,0,5 13,1,102,,176505,18,0,5 13,1
3701,'20260901',525,,176507,33,,,1,191,,176508,33,,,1,98,,176509,33,,,1,1112,,176511,18,0,5 13,1,102,,176512,18,0,5 13,1
3701,'20260902',525,,176514,33,,,1,191,,176515,33,,,1,98,,176516,33,,,1,1112,,176518,18,0,5 13,1,102,,176519,18,0,5 13,1
3701,'20260903',525,,176521,33,,,1,191,,176522,33,,,1,98,,176523,33,,,1,1112,,176525,18,0,5 13,1,102,,176526,18,0,5 13,1
3701,'20260904',525,,176528,33,,,1,191,,176529,33,,,1,98,,176530,33,,,1,1112,,176532,18,0,5 13,1,102,,176533,18,0,5 13,1
