7100,'20260722',729,,207085,12,,,1,117,,207086,12,,,1,1701,,207087,12,0,31 32 33 9,1,175,,207088,12,0,31 32 33 9,1
7100,'20260723',729,,207089,12,,,1,117,,207090,12,,,1,1701,,207091,12,0,31 32 33 9,1,175,,207092,12,0,31 32 33 9,1
7100,'20260724',729,,207093,12,,,1,117,,207094,12,,,1,1701,,207095,12,0,31 32 33 9,1,175,,207096,12,0,31 32 33 9,1
7100,'20260725',825,,207097,12,,,1,1678,,207098,12,0,31 32 33 9,1,54,,207099,12,0,31 32 33 9,1,165,,207100,12,0,31 32 33 9,1
7100,'20260726',825,,207101,12,,,1,1678,,207102,12,0,31 32 33 9,1,54,,207103,12,0,31 32 33 9,1,165,,207104,12,0,31 32 33 9,1
7100,'20260727',729,,207105,12,,,1,117,,207106,12,,,1,1701,,207107,12,0,31 32 33 9,1,175,,207108,12,0,31 32 33 9,1
7100,'20260728',729,,207109,12,,,1,117,,207110,12,,,1,1701,,207111,12,0,31 32 33 9,1,175,,207112,12,0,31 32 33 9,1
7100,'20260729',729,,207113,12,,,1,117,,207114,12,,,1,1701,,207115,12,0,31 32 33 9,1,175,,207116,12,0,31 32 33 9,1
7100,'20260730',729,,207117,12,,,1,117,,207118,12,,,1,1701,,207119,12,0,31 32 33 9,1,175,,207120,12,0,31 32 33 9,1
7100,'20260731',729,,207121,12,,,1,117,,207122,12,,,1,1701,,207123,12,0,31 32 33 9,1,175,,207124,12,0,31 32 33 9,1
7100,'20260801',825,,207125,12,,,1,1678,,207126,12,0,31 32 33 9,1,54,,207127,12,0,31 32 33 9,1,165,,207128,12,0,31 32 33 9,1
7100,'20260802',825,,207129,12,,,1,1678,,207130,12,0,31 32 33 9,1,54,,207131,12,0,31 32 33 9,1,165,,207132,12,0,31 32 33 9,1
7100,'20260803',825,,207133,12,,,1,1678,,207134,12,0,31 32 33 9,1,54,,207135,12,0,31 32 33 9,1,165,,207136,12,0,31 32 33 9,1
7100,'20260804',729,,207137,12,,,1,117,,207138,12,,,1,1701,,207139,12,0,31 32 33 9,1,175,,207140,12,0,31 32 33 9,1
7100,'20260805',729,,207141,12,,,1,117,,207142,12,,,1,1701,,207143,12,0,31 32 33 9,1,175,,207144,12,0,31 32 33 9,1
7100,'20260806',729,,207145,12,,,1,117,,207146,12,,,1,1701,,207147,12,0,31 32 33 9,1,175,,207148,12,0,31 32 33 9,1
7100,'20260807',729,,207149,12,,,1,117,,207150,12,,,1,1701,,207151,12,0,31 32 33 9,1,175,,207152,12,0,31 32 33 9,1
7100,'20260808',825,,207153,12,,,1,1678,,207154,12,0,31 32 33 9,1,54,,207155,12,0,31 32 33 9,1,165,,207156,12,0,31 32 33 9,1
7100,'20260809',825,,207157,12,,,1,1678,,207158,12,0,31 32 33 9,1,54,,207159,12,0,31 32 33 9,1,165,,207160,12,0,31 32 33 9,1
7100,'20260810',729,,207161,12,,,1,117,,207162,12,,,1,1701,,207163,12,0,31 32 33 9,1,175,,207164,12,0,31 32 33 9,1
7100,'20260811',729,,207165,12,,,1,117,,207166,12,,,1,1701,,207167,12,0,31 32 33 9,1,175,,207168,12,0,31 32 33 9,1
7100,'20260812',729,,207169,12,,,1,117,,207170,12,,,1,1701,,207171,12,0,31 32 33 9,1,175,,207172,12,0,31 32 33 9,1
7100,'20260813',729,,207173,12,,,1,117,,207174,12,,,1,1701,,207175,12,0,31 32 33 9,1,175,,207176,12,0,31 32 33 9,1
7100,'20260814',729,,207177,12,,,1,117,,207178,12,,,1,1701,,207179,12,0,31 32 33 9,1,175,,207180,12,0,31 32 33 9,1
7100,'20260815',825,,207181,12,,,1,1678,,207182,12,0,31 32 33 9,1,54,,207183,12,0,31 32 33 9,1,165,,207184,12,0,31 32 33 9,1
7100,'20260816',825,,207185,12,,,1,1678,,207186,12,0,31 32 33 9,1,54,,207187,12,0,31 32 33 9,1,165,,207188,12,0,31 32 33 9,1
7100,'20260817',729,,207189,12,,,1,117,,207190,12,,,1,1701,,207191,12,0,31 32 33 9,1,175,,207192,12,0,31 32 33 9,1
7100,'20260818',729,,207193,12,,,1,117,,207194,12,,,1,1701,,207195,12,0,31 32 33 9,1,175,,207196,12,0,31 32 33 9,1
7100,'20260819',729,,207197,12,,,1,117,,207198,12,,,1,1701,,207199,12,0,31 32 33 9,1,175,,207200,12,0,31 32 33 9,1
7100,'20260820',729,,207201,12,,,1,117,,207202,12,,,1,1701,,207203,12,0,31 32 33 9,1,175,,207204,12,0,31 32 33 9,1
7100,'20260821',729,,207205,12,,,1,117,,207206,12,,,1,1701,,207207,12,0,31 32 33 9,1,175,,207208,12,0,31 32 33 9,1
7100,'20260822',825,,207209,12,,,1,1678,,207210,12,0,31 32 33 9,1,54,,207211,12,0,31 32 33 9,1,165,,207212,12,0,31 32 33 9,1
7100,'20260823',825,,207213,12,,,1,1678,,207214,12,0,31 32 33 9,1,54,,207215,12,0,31 32 33 9,1,165,,207216,12,0,31 32 33 9,1
7100,'20260824',729,,207217,12,,,1,117,,207218,12,,,1,1701,,207219,12,0,31 32 33 9,1,175,,207220,12,0,31 32 33 9,1
7100,'20260825',729,,207221,12,,,1,117,,207222,12,,,1,1701,,207223,12,0,31 32 33 9,1,175,,207224,12,0,31 32 33 9,1
7100,'20260826',729,,207225,12,,,1,117,,207226,12,,,1,1701,,207227,12,0,31 32 33 9,1,175,,207228,12,0,31 32 33 9,1
7100,'20260827',729,,207229,12,,,1,117,,207230,12,,,1,1701,,207231,12,0,31 32 33 9,1,175,,207232,12,0,31 32 33 9,1
7100,'20260828',729,,207233,12,,,1,117,,207234,12,,,1,1701,,207235,12,0,31 32 33 9,1,175,,207236,12,0,31 32 33 9,1
7100,'20260829',825,,207237,12,,,1,1678,,207238,12,0,31 32 33 9,1,54,,207239,12,0,31 32 33 9,1,165,,207240,12,0,31 32 33 9,1
7100,'20260830',825,,207241,12,,,1,1678,,207242,12,0,31 32 33 9,1,54,,207243,12,0,31 32 33 9,1,165,,207244,12,0,31 32 33 9,1
7100,'20260831',729,,207245,12,,,1,117,,207246,12,,,1,1701,,207247,12,0,31 32 33 9,1,175,,207248,12,0,31 32 33 9,1
7100,'20260901',729,,207249,12,,,1,117,,207250,12,,,1,1701,,207251,12,0,31 32 33 9,1,175,,207252,12,0,31 32 33 9,1
7100,'20260902',729,,207253,12,,,1,117,,207254,12,,,1,1701,,207255,12,0,31 32 33 9,1,175,,207256,12,0,31 32 33 9,1
7100,'20260903',729,,207257,12,,,1,117,,207258,12,,,1,1701,,207259,12,0,31 32 33 9,1,175,,207260,12,0,31 32 33 9,1
7100,'20260904',729,,207261,12,,,1,117,,207262,12,,,1,1701,,207263,12,0,31 32 33 9,1,175,,207264,12,0,31 32 33 9,1
