3700,'20260722',631,,175905,21,4,,1,120,,175906,21,4,,1,667,,175907,21,,,1,305,,175908,21,,,1,106,,175909,21,,,1,99,,175910,21,,,1,184,,175911,21,,,1
3700,'20260723',631,,175912,21,4,,1,120,,175913,21,4,,1,667,,175914,21,,,1,305,,175915,21,,,1,106,,175916,21,,,1,99,,175917,21,,,1,184,,175918,21,,,1
3700,'20260724',631,,175919,21,4,,1,120,,175920,21,4,,1,667,,175921,21,,,1,305,,175922,21,,,1,106,,175923,21,,,1,99,,175924,21,,,1,184,,175925,21,,,1
3700,'20260727',631,,175926,21,4,,1,120,,175927,21,4,,1,667,,175928,21,,,1,305,,175929,21,,,1,106,,175930,21,,,1,99,,175931,21,,,1,184,,175932,21,,,1
3700,'20260728',631,,175933,21,4,,1,120,,175934,21,4,,1,667,,175935,21,,,1,305,,175936,21,,,1,106,,175937,21,,,1,99,,175938,21,,,1,184,,175939,21,,,1
3700,'20260729',631,,175940,21,4,,1,120,,175941,21,4,,1,667,,175942,21,,,1,305,,175943,21,,,1,106,,175944,21,,,1,99,,175945,21,,,1,184,,175946,21,,,1
3700,'20260730',631,,175947,21,4,,1,120,,175948,21,4,,1,667,,175949,21,,,1,305,,175950,21,,,1,106,,175951,21,,,1,99,,175952,21,,,1,184,,175953,21,,,1
3700,'20260731',631,,175954,21,4,,1,120,,175955,21,4,,1,667,,175956,21,,,1,305,,175957,21,,,1,106,,175958,21,,,1,99,,175959,21,,,1,184,,175960,21,,,1
3700,'20260804',631,,175961,21,4,,1,120,,175962,21,4,,1,667,,175963,21,,,1,305,,175964,21,,,1,106,,175965,21,,,1,99,,175966,21,,,1,184,,175967,21,,,1
3700,'20260805',631,,175968,21,4,,1,120,,175969,21,4,,1,667,,175970,21,,,1,305,,175971,21,,,1,106,,175972,21,,,1,99,,175973,21,,,1,184,,175974,21,,,1
3700,'20260806',631,,175975,21,4,,1,120,,175976,21,4,,1,667,,175977,21,,,1,305,,175978,21,,,1,106,,175979,21,,,1,99,,175980,21,,,1,184,,175981,21,,,1
3700,'20260807',631,,175982,21,4,,1,120,,175983,21,4,,1,667,,175984,21,,,1,305,,175985,21,,,1,106,,175986,21,,,1,99,,175987,21,,,1,184,,175988,21,,,1
3700,'20260810',631,,175989,21,4,,1,120,,175990,21,4,,1,667,,175991,21,,,1,305,,175992,21,,,1,106,,175993,21,,,1,99,,175994,21,,,1,184,,175995,21,,,1
3700,'20260811',631,,175996,21,4,,1,120,,175997,21,4,,1,667,,175998,21,,,1,305,,175999,21,,,1,106,,176000,21,,,1,99,,176001,21,,,1,184,,176002,21,,,1
3700,'20260812',631,,176003,21,4,,1,120,,176004,21,4,,1,667,,176005,21,,,1,305,,176006,21,,,1,106,,176007,21,,,1,99,,176008,21,,,1,184,,176009,21,,,1
3700,'20260813',631,,176010,21,4,,1,120,,176011,21,4,,1,667,,176012,21,,,1,305,,176013,21,,,1,106,,176014,21,,,1,99,,176015,21,,,1,184,,176016,21,,,1
3700,'20260814',631,,176017,21,4,,1,120,,176018,21,4,,1,667,,176019,21,,,1,305,,176020,21,,,1,106,,176021,21,,,1,99,,176022,21,,,1,184,,176023,21,,,1
3700,'20260817',631,,176024,21,4,,1,120,,176025,21,4,,1,667,,176026,21,,,1,305,,176027,21,,,1,106,,176028,21,,,1,99,,176029,21,,,1,184,,176030,21,,,1
3700,'20260818',631,,176031,21,4,,1,120,,176032,21,4,,1,667,,176033,21,,,1,305,,176034,21,,,1,106,,176035,21,,,1,99,,176036,21,,,1,184,,176037,21,,,1
3700,'20260819',631,,176038,21,4,,1,120,,176039,21,4,,1,667,,176040,21,,,1,305,,176041,21,,,1,106,,176042,21,,,1,99,,176043,21,,,1,184,,176044,21,,,1
3700,'20260820',631,,176045,21,4,,1,120,,176046,21,4,,1,667,,176047,21,,,1,305,,176048,21,,,1,106,,176049,21,,,1,99,,176050,21,,,1,184,,176051,21,,,1
3700,'20260821',631,,176052,21,4,,1,120,,176053,21,4,,1,667,,176054,21,,,1,305,,176055,21,,,1,106,,176056,21,,,1,99,,176057,21,,,1,184,,176058,21,,,1
3700,'20260824',631,,176059,21,4,,1,120,,176060,21,4,,1,667,,176061,21,,,1,305,,176062,21,,,1,106,,176063,21,,,1,99,,176064,21,,,1,184,,176065,21,,,1
3700,'20260825',631,,176066,21,4,,1,120,,176067,21,4,,1,667,,176068,21,,,1,305,,176069,21,,,1,106,,176070,21,,,1,99,,176071,21,,,1,184,,176072,21,,,1
3700,'20260826',631,,176073,21,4,,1,120,,176074,21,4,,1,667,,176075,21,,,1,305,,176076,21,,,1,106,,176077,21,,,1,99,,176078,21,,,1,184,,176079,21,,,1
3700,'20260827',631,,176080,21,4,,1,120,,176081,21,4,,1,667,,176082,21,,,1,305,,176083,21,,,1,106,,176084,21,,,1,99,,176085,21,,,1,184,,176086,21,,,1
3700,'20260828',631,,176087,21,4,,1,120,,176088,21,4,,1,667,,176089,21,,,1,305,,176090,21,,,1,106,,176091,21,,,1,99,,176092,21,,,1,184,,176093,21,,,1
3700,'20260831',631,,176094,21,4,,1,120,,176095,21,4,,1,667,,176096,21,,,1,305,,176097,21,,,1,106,,176098,21,,,1,99,,176099,21,,,1,184,,176100,21,,,1
3700,'20260901',631,,176101,21,4,,1,120,,176102,21,4,,1,667,,176103,21,,,1,305,,176104,21,,,1,106,,176105,21,,,1,99,,176106,21,,,1,184,,176107,21,,,1
3700,'20260902',631,,176108,21,4,,1,120,,176109,21,4,,1,667,,176110,21,,,1,305,,176111,21,,,1,106,,176112,21,,,1,99,,176113,21,,,1,184,,176114,21,,,1
3700,'20260903',631,,176115,21,4,,1,120,,176116,21,4,,1,667,,176117,21,,,1,305,,176118,21,,,1,106,,176119,21,,,1,99,,176120,21,,,1,184,,176121,21,,,1
3700,'20260904',631,,176122,21,4,,1,120,,176123,21,4,,1,667,,176124,21,,,1,305,,176125,21,,,1,106,,176126,21,,,1,99,,176127,21,,,1,184,,176128,21,,,1
3701,'20260722',440,,176311,1,,,1,187,,176312,1,,,1,95,,176313,1,,,1,881,,176314,1,0,31 18 9,1
3701,'20260723',440,,176318,1,,,1,187,,176319,1,,,1,95,,176320,1,,,1,881,,176321,1,0,31 18 9,1
3701,'20260724',440,,176325,1,,,1,187,,176326,1,,,1,95,,176327,1,,,1,881,,176328,1,0,31 18 9,1
3701,'20260727',440,,176332,1,,,1,187,,176333,1,,,1,95,,176334,1,,,1,881,,176335,1,0,31 18 9,1
3701,'20260728',440,,176339,1,,,1,187,,176340,1,,,1,95,,176341,1,,,1,881,,176342,1,0,31 18 9,1
3701,'20260729',440,,176346,1,,,1,187,,176347,1,,,1,95,,176348,1,,,1,881,,176349,1,0,31 18 9,1
3701,'20260730',440,,176353,1,,,1,187,,176354,1,,,1,95,,176355,1,,,1,881,,176356,1,0,31 18 9,1
3701,'20260731',440,,176360,1,,,1,187,,176361,1,,,1,95,,176362,1,,,1,881,,176363,1,0,31 18 9,1
3701,'20260804',440,,176367,1,,,1,187,,176368,1,,,1,95,,176369,1,,,1,881,,176370,1,0,31 18 9,1
3701,'20260805',440,,176374,1,,,1,187,,176375,1,,,1,95,,176376,1,,,1,881,,176377,1,0,31 18 9,1
3701,'20260806',440,,176381,1,,,1,187,,176382,1,,,1,95,,176383,1,,,1,881,,176384,1,0,31 18 9,1
3701,'20260807',440,,176388,1,,,1,187,,176389,1,,,1,95,,176390,1,,,1,881,,176391,1,0,31 18 9,1
3701,'20260810',440,,176395,1,,,1,187,,176396,1,,,1,95,,176397,1,,,1,881,,176398,1,0,31 18 9,1
3701,'20260811',440,,176402,1,,,1,187,,176403,1,,,1,95,,176404,1,,,1,881,,176405,1,0,31 18 9,1
3701,'20260812',440,,176409,1,,,1,187,,176410,1,,,1,95,,176411,1,,,1,881,,176412,1,0,31 18 9,1
3701,'20260813',440,,176416,1,,,1,187,,176417,1,,,1,95,,176418,1,,,1,881,,176419,1,0,31 18 9,1
3701,'20260814',440,,176423,1,,,1,187,,176424,1,,,1,95,,176425,1,,,1,881,,176426,1,0,31 18 9,1
3701,'20260817',440,,176430,1,,,1,187,,176431,1,,,1,95,,176432,1,,,1,881,,176433,1,0,31 18 9,1
3701,'20260818',440,,176437,1,,,1,187,,176438,1,,,1,95,,176439,1,,,1,881,,176440,1,0,31 18 9,1
3701,'20260819',440,,176444,1,,,1,187,,176445,1,,,1,95,,176446,1,,,1,881,,176447,1,0,31 18 9,1
3701,'20260820',440,,176451,1,,,1,187,,176452,1,,,1,95,,176453,1,,,1,881,,176454,1,0,31 18 9,1
3701,'20260821',440,,176458,1,,,1,187,,176459,1,,,1,95,,176460,1,,,1,881,,176461,1,0,31 18 9,1
3701,'20260824',440,,176465,1,,,1,187,,176466,1,,,1,95,,176467,1,,,1,881,,176468,1,0,31 18 9,1
3701,'20260825',440,,176472,1,,,1,187,,176473,1,,,1,95,,176474,1,,,1,881,,176475,1,0,31 18 9,1
3701,'20260826',440,,176479,1,,,1,187,,176480,1,,,1,95,,176481,1,,,1,881,,176482,1,0,31 18 9,1
3701,'20260827',440,,176486,1,,,1,187,,176487,1,,,1,95,,176488,1,,,1,881,,176489,1,0,31 18 9,1
3701,'20260828',440,,176493,1,,,1,187,,176494,1,,,1,95,,176495,1,,,1,881,,176496,1,0,31 18 9,1
3701,'20260831',440,,176500,1,,,1,187,,176501,1,,,1,95,,176502,1,,,1,881,,176503,1,0,31 18 9,1
3701,'20260901',440,,176507,1,,,1,187,,176508,1,,,1,95,,176509,1,,,1,881,,176510,1,0,31 18 9,1
3701,'20260902',440,,176514,1,,,1,187,,176515,1,,,1,95,,176516,1,,,1,881,,176517,1,0,31 18 9,1
3701,'20260903',440,,176521,1,,,1,187,,176522,1,,,1,95,,176523,1,,,1,881,,176524,1,0,31 18 9,1
3701,'20260904',440,,176528,1,,,1,187,,176529,1,,,1,95,,176530,1,,,1,881,,176531,1,0,31 18 9,1
