1501,'20260514',832,,64883,15,0,5 65 1 66,1,670,,64888,15,0,5 65 1 66,1,208,,64890,15,0,5 65 1 66,1
1501,'20260515',832,,64897,15,0,5 65 1 66,1,670,,64902,15,0,5 65 1 66,1,208,,64904,15,0,5 65 1 66,1
1501,'20260516',945,,64911,15,0,5 65 1 66,1,587,,64914,15,0,5 65 1 66,1,601,,64919,15,0,5 65 1 66,1
1501,'20260517',945,,64923,15,0,5 65 1 66,1,587,,64926,15,0,5 65 1 66,1,601,,64931,15,0,5 65 1 66,1
1501,'20260518',945,,64935,15,0,5 65 1 66,1,587,,64938,15,0,5 65 1 66,1,601,,64943,15,0,5 65 1 66,1
1501,'20260519',832,,64947,15,0,5 65 1 66,1,670,,64952,15,0,5 65 1 66,1,208,,64954,15,0,5 65 1 66,1
1501,'20260520',832,,64961,15,0,5 65 1 66,1,670,,64966,15,0,5 65 1 66,1,208,,64968,15,0,5 65 1 66,1
1501,'20260521',832,,64975,15,0,5 65 1 66,1,670,,64980,15,0,5 65 1 66,1,208,,64982,15,0,5 65 1 66,1
1501,'20260522',832,,64989,15,0,5 65 1 66,1,670,,64994,15,0,5 65 1 66,1,208,,64996,15,0,5 65 1 66,1
1501,'20260523',945,,65003,15,0,5 65 1 66,1,587,,65006,15,0,5 65 1 66,1,601,,65011,15,0,5 65 1 66,1
1501,'20260524',945,,65015,15,0,5 65 1 66,1,587,,65018,15,0,5 65 1 66,1,601,,65023,15,0,5 65 1 66,1
1501,'20260525',832,,65027,15,0,5 65 1 66,1,670,,65032,15,0,5 65 1 66,1,208,,65034,15,0,5 65 1 66,1
1501,'20260526',832,,65041,15,0,5 65 1 66,1,670,,65046,15,0,5 65 1 66,1,208,,65048,15,0,5 65 1 66,1
1501,'20260527',832,,65055,15,0,5 65 1 66,1,670,,65060,15,0,5 65 1 66,1,208,,65062,15,0,5 65 1 66,1
1501,'20260528',832,,65069,15,0,5 65 1 66,1,670,,65074,15,0,5 65 1 66,1,208,,65076,15,0,5 65 1 66,1
1501,'20260529',832,,65083,15,0,5 65 1 66,1,670,,65088,15,0,5 65 1 66,1,208,,65090,15,0,5 65 1 66,1
1501,'20260530',945,,65097,15,0,5 65 1 66,1,587,,65100,15,0,5 65 1 66,1,601,,65105,15,0,5 65 1 66,1
1501,'20260531',945,,65109,15,0,5 65 1 66,1,587,,65112,15,0,5 65 1 66,1,601,,65117,15,0,5 65 1 66,1
1501,'20260601',832,,65121,15,0,5 65 1 66,1,670,,65126,15,0,5 65 1 66,1,208,,65128,15,0,5 65 1 66,1
1501,'20260602',832,,65135,15,0,5 65 1 66,1,670,,65140,15,0,5 65 1 66,1,208,,65142,15,0,5 65 1 66,1
1501,'20260603',832,,65149,15,0,5 65 1 66,1,670,,65154,15,0,5 65 1 66,1,208,,65156,15,0,5 65 1 66,1
1501,'20260604',832,,65163,15,0,5 65 1 66,1,670,,65168,15,0,5 65 1 66,1,208,,65170,15,0,5 65 1 66,1
1501,'20260605',832,,65177,15,0,5 65 1 66,1,670,,65182,15,0,5 65 1 66,1,208,,65184,15,0,5 65 1 66,1
1501,'20260606',945,,65191,15,0,5 65 1 66,1,587,,65194,15,0,5 65 1 66,1,601,,65199,15,0,5 65 1 66,1
1501,'20260607',945,,65203,15,0,5 65 1 66,1,587,,65206,15,0,5 65 1 66,1,601,,65211,15,0,5 65 1 66,1
1501,'20260608',832,,65215,15,0,5 65 1 66,1,670,,65220,15,0,5 65 1 66,1,208,,65222,15,0,5 65 1 66,1
1501,'20260609',832,,65229,15,0,5 65 1 66,1,670,,65234,15,0,5 65 1 66,1,208,,65236,15,0,5 65 1 66,1
1501,'20260610',832,,65243,15,0,5 65 1 66,1,670,,65248,15,0,5 65 1 66,1,208,,65250,15,0,5 65 1 66,1
1501,'20260611',832,,65257,15,0,5 65 1 66,1,670,,65262,15,0,5 65 1 66,1,208,,65264,15,0,5 65 1 66,1
1501,'20260612',832,,65271,15,0,5 65 1 66,1,670,,65276,15,0,5 65 1 66,1,208,,65278,15,0,5 65 1 66,1
1501,'20260613',945,,127576,15,0,5 65 1 66,1,587,,127579,15,0,5 65 1 66,1,601,,127584,15,0,5 65 1 66,1
1501,'20260614',945,,127588,15,0,5 65 1 66,1,587,,127591,15,0,5 65 1 66,1,601,,127596,15,0,5 65 1 66,1
1501,'20260615',832,,127600,15,0,5 65 1 66,1,670,,127605,15,0,5 65 1 66,1,208,,127607,15,0,5 65 1 66,1
1501,'20260616',832,,127614,15,0,5 65 1 66,1,670,,127619,15,0,5 65 1 66,1,208,,127621,15,0,5 65 1 66,1
1501,'20260617',832,,127628,15,0,5 65 1 66,1,670,,127633,15,0,5 65 1 66,1,208,,127635,15,0,5 65 1 66,1
1501,'20260618',832,,127642,15,0,5 65 1 66,1,670,,127647,15,0,5 65 1 66,1,208,,127649,15,0,5 65 1 66,1
1501,'20260619',832,,127656,15,0,5 65 1 66,1,670,,127661,15,0,5 65 1 66,1,208,,127663,15,0,5 65 1 66,1
1501,'20260620',945,,127670,15,0,5 65 1 66,1,587,,127673,15,0,5 65 1 66,1,601,,127678,15,0,5 65 1 66,1
1501,'20260621',945,,127682,15,0,5 65 1 66,1,587,,127685,15,0,5 65 1 66,1,601,,127690,15,0,5 65 1 66,1
1501,'20260622',832,,127694,15,0,5 65 1 66,1,670,,127699,15,0,5 65 1 66,1,208,,127701,15,0,5 65 1 66,1
1501,'20260623',832,,127708,15,0,5 65 1 66,1,670,,127713,15,0,5 65 1 66,1,208,,127715,15,0,5 65 1 66,1
1501,'20260624',832,,127722,15,0,5 65 1 66,1,670,,127727,15,0,5 65 1 66,1,208,,127729,15,0,5 65 1 66,1
1501,'20260625',832,,127736,15,0,5 65 1 66,1,670,,127741,15,0,5 65 1 66,1,208,,127743,15,0,5 65 1 66,1
1501,'20260626',832,,127750,15,0,5 65 1 66,1,670,,127755,15,0,5 65 1 66,1,208,,127757,15,0,5 65 1 66,1
1501,'20260627',945,,127764,15,0,5 65 1 66,1,587,,127767,15,0,5 65 1 66,1,601,,127772,15,0,5 65 1 66,1
1501,'20260628',945,,127776,15,0,5 65 1 66,1,587,,127779,15,0,5 65 1 66,1,601,,127784,15,0,5 65 1 66,1
1501,'20260629',832,,127788,15,0,5 65 1 66,1,670,,127793,15,0,5 65 1 66,1,208,,127795,15,0,5 65 1 66,1
1501,'20260630',832,,127802,15,0,5 65 1 66,1,670,,127807,15,0,5 65 1 66,1,208,,127809,15,0,5 65 1 66,1
1501,'20260701',945,,127816,15,0,5 65 1 66,1,587,,127819,15,0,5 65 1 66,1,601,,127824,15,0,5 65 1 66,1
1501,'20260702',832,,127828,15,0,5 65 1 66,1,670,,127833,15,0,5 65 1 66,1,208,,127835,15,0,5 65 1 66,1
1501,'20260703',832,,127842,15,0,5 65 1 66,1,670,,127847,15,0,5 65 1 66,1,208,,127849,15,0,5 65 1 66,1
1501,'20260704',945,,127856,15,0,5 65 1 66,1,587,,127859,15,0,5 65 1 66,1,601,,127864,15,0,5 65 1 66,1
1501,'20260705',945,,127868,15,0,5 65 1 66,1,587,,127871,15,0,5 65 1 66,1,601,,127876,15,0,5 65 1 66,1
1501,'20260706',832,,127880,15,0,5 65 1 66,1,670,,127885,15,0,5 65 1 66,1,208,,127887,15,0,5 65 1 66,1
1501,'20260707',832,,127894,15,0,5 65 1 66,1,670,,127899,15,0,5 65 1 66,1,208,,127901,15,0,5 65 1 66,1
1501,'20260708',832,,127908,15,0,5 65 1 66,1,670,,127913,15,0,5 65 1 66,1,208,,127915,15,0,5 65 1 66,1
1501,'20260709',832,,127922,15,0,5 65 1 66,1,670,,127927,15,0,5 65 1 66,1,208,,127929,15,0,5 65 1 66,1
1501,'20260710',832,,127936,15,0,5 65 1 66,1,670,,127941,15,0,5 65 1 66,1,208,,127943,15,0,5 65 1 66,1
1501,'20260711',945,,127950,15,0,5 65 1 66,1,587,,127953,15,0,5 65 1 66,1,601,,127958,15,0,5 65 1 66,1
1501,'20260712',945,,127962,15,0,5 65 1 66,1,587,,127965,15,0,5 65 1 66,1,601,,127970,15,0,5 65 1 66,1
1501,'20260713',832,,127974,15,0,5 65 1 66,1,670,,127979,15,0,5 65 1 66,1,208,,127981,15,0,5 65 1 66,1
1501,'20260714',832,,127988,15,0,5 65 1 66,1,670,,127993,15,0,5 65 1 66,1,208,,127995,15,0,5 65 1 66,1
1501,'20260715',832,,128002,15,0,5 65 1 66,1,670,,128007,15,0,5 65 1 66,1,208,,128009,15,0,5 65 1 66,1
1501,'20260716',832,,128016,15,0,5 65 1 66,1,670,,128021,15,0,5 65 1 66,1,208,,128023,15,0,5 65 1 66,1
1501,'20260717',832,,128030,15,0,5 65 1 66,1,670,,128035,15,0,5 65 1 66,1,208,,128037,15,0,5 65 1 66,1
1501,'20260718',945,,128044,15,0,5 65 1 66,1,587,,128047,15,0,5 65 1 66,1,601,,128052,15,0,5 65 1 66,1
1501,'20260719',945,,128056,15,0,5 65 1 66,1,587,,128059,15,0,5 65 1 66,1,601,,128064,15,0,5 65 1 66,1
1501,'20260720',832,,128068,15,0,5 65 1 66,1,670,,128073,15,0,5 65 1 66,1,208,,128075,15,0,5 65 1 66,1
1501,'20260721',832,,128082,15,0,5 65 1 66,1,670,,128087,15,0,5 65 1 66,1,208,,128089,15,0,5 65 1 66,1
1501,'20260722',832,,128096,15,0,5 65 1 66,1,670,,128101,15,0,5 65 1 66,1,208,,128103,15,0,5 65 1 66,1
1501,'20260723',832,,128110,15,0,5 65 1 66,1,670,,128115,15,0,5 65 1 66,1,208,,128117,15,0,5 65 1 66,1
1501,'20260724',832,,128124,15,0,5 65 1 66,1,670,,128129,15,0,5 65 1 66,1,208,,128131,15,0,5 65 1 66,1
1501,'20260725',945,,128138,15,0,5 65 1 66,1,587,,128141,15,0,5 65 1 66,1,601,,128146,15,0,5 65 1 66,1
1501,'20260726',945,,128150,15,0,5 65 1 66,1,587,,128153,15,0,5 65 1 66,1,601,,128158,15,0,5 65 1 66,1
1501,'20260727',832,,128162,15,0,5 65 1 66,1,670,,128167,15,0,5 65 1 66,1,208,,128169,15,0,5 65 1 66,1
1501,'20260728',832,,128176,15,0,5 65 1 66,1,670,,128181,15,0,5 65 1 66,1,208,,128183,15,0,5 65 1 66,1
1501,'20260729',832,,128190,15,0,5 65 1 66,1,670,,128195,15,0,5 65 1 66,1,208,,128197,15,0,5 65 1 66,1
1501,'20260730',832,,128204,15,0,5 65 1 66,1,670,,128209,15,0,5 65 1 66,1,208,,128211,15,0,5 65 1 66,1
1501,'20260731',832,,128218,15,0,5 65 1 66,1,670,,128223,15,0,5 65 1 66,1,208,,128225,15,0,5 65 1 66,1
1501,'20260801',945,,128232,15,0,5 65 1 66,1,587,,128235,15,0,5 65 1 66,1,601,,128240,15,0,5 65 1 66,1
1501,'20260802',945,,128244,15,0,5 65 1 66,1,587,,128247,15,0,5 65 1 66,1,601,,128252,15,0,5 65 1 66,1
1501,'20260803',945,,128256,15,0,5 65 1 66,1,587,,128259,15,0,5 65 1 66,1,601,,128264,15,0,5 65 1 66,1
1501,'20260804',832,,128268,15,0,5 65 1 66,1,670,,128273,15,0,5 65 1 66,1,208,,128275,15,0,5 65 1 66,1
1501,'20260805',832,,128282,15,0,5 65 1 66,1,670,,128287,15,0,5 65 1 66,1,208,,128289,15,0,5 65 1 66,1
1501,'20260806',832,,128296,15,0,5 65 1 66,1,670,,128301,15,0,5 65 1 66,1,208,,128303,15,0,5 65 1 66,1
1501,'20260807',832,,128310,15,0,5 65 1 66,1,670,,128315,15,0,5 65 1 66,1,208,,128317,15,0,5 65 1 66,1
1501,'20260808',945,,128324,15,0,5 65 1 66,1,587,,128327,15,0,5 65 1 66,1,601,,128332,15,0,5 65 1 66,1
1501,'20260809',945,,128336,15,0,5 65 1 66,1,587,,128339,15,0,5 65 1 66,1,601,,128344,15,0,5 65 1 66,1
1501,'20260810',832,,128348,15,0,5 65 1 66,1,670,,128353,15,0,5 65 1 66,1,208,,128355,15,0,5 65 1 66,1
1501,'20260811',832,,128362,15,0,5 65 1 66,1,670,,128367,15,0,5 65 1 66,1,208,,128369,15,0,5 65 1 66,1
1501,'20260812',832,,128376,15,0,5 65 1 66,1,670,,128381,15,0,5 65 1 66,1,208,,128383,15,0,5 65 1 66,1
1501,'20260813',832,,128390,15,0,5 65 1 66,1,670,,128395,15,0,5 65 1 66,1,208,,128397,15,0,5 65 1 66,1
1501,'20260814',832,,128404,15,0,5 65 1 66,1,670,,128409,15,0,5 65 1 66,1,208,,128411,15,0,5 65 1 66,1
1501,'20260815',945,,128418,15,0,5 65 1 66,1,587,,128421,15,0,5 65 1 66,1,601,,128426,15,0,5 65 1 66,1
1501,'20260816',945,,128430,15,0,5 65 1 66,1,587,,128433,15,0,5 65 1 66,1,601,,128438,15,0,5 65 1 66,1
1501,'20260817',832,,128442,15,0,5 65 1 66,1,670,,128447,15,0,5 65 1 66,1,208,,128449,15,0,5 65 1 66,1
1501,'20260818',832,,128456,15,0,5 65 1 66,1,670,,128461,15,0,5 65 1 66,1,208,,128463,15,0,5 65 1 66,1
1501,'20260819',832,,128470,15,0,5 65 1 66,1,670,,128475,15,0,5 65 1 66,1,208,,128477,15,0,5 65 1 66,1
1501,'20260820',832,,128484,15,0,5 65 1 66,1,670,,128489,15,0,5 65 1 66,1,208,,128491,15,0,5 65 1 66,1
1501,'20260821',832,,128498,15,0,5 65 1 66,1,670,,128503,15,0,5 65 1 66,1,208,,128505,15,0,5 65 1 66,1
1501,'20260822',945,,128512,15,0,5 65 1 66,1,587,,128515,15,0,5 65 1 66,1,601,,128520,15,0,5 65 1 66,1
1501,'20260823',945,,128524,15,0,5 65 1 66,1,587,,128527,15,0,5 65 1 66,1,601,,128532,15,0,5 65 1 66,1
1501,'20260824',832,,128536,15,0,5 65 1 66,1,670,,128541,15,0,5 65 1 66,1,208,,128543,15,0,5 65 1 66,1
1501,'20260825',832,,128550,15,0,5 65 1 66,1,670,,128555,15,0,5 65 1 66,1,208,,128557,15,0,5 65 1 66,1
1501,'20260826',832,,128564,15,0,5 65 1 66,1,670,,128569,15,0,5 65 1 66,1,208,,128571,15,0,5 65 1 66,1
1501,'20260827',832,,128578,15,0,5 65 1 66,1,670,,128583,15,0,5 65 1 66,1,208,,128585,15,0,5 65 1 66,1
1501,'20260828',832,,128592,15,0,5 65 1 66,1,670,,128597,15,0,5 65 1 66,1,208,,128599,15,0,5 65 1 66,1
1501,'20260829',945,,128606,15,0,5 65 1 66,1,587,,128609,15,0,5 65 1 66,1,601,,128614,15,0,5 65 1 66,1
1501,'20260830',945,,128618,15,0,5 65 1 66,1,587,,128621,15,0,5 65 1 66,1,601,,128626,15,0,5 65 1 66,1
1501,'20260831',832,,128630,15,0,5 65 1 66,1,670,,128635,15,0,5 65 1 66,1,208,,128637,15,0,5 65 1 66,1
1501,'20260901',832,,128644,15,0,5 65 1 66,1,670,,128649,15,0,5 65 1 66,1,208,,128651,15,0,5 65 1 66,1
1501,'20260902',832,,128658,15,0,5 65 1 66,1,670,,128663,15,0,5 65 1 66,1,208,,128665,15,0,5 65 1 66,1
1501,'20260903',832,,128672,15,0,5 65 1 66,1,670,,128677,15,0,5 65 1 66,1,208,,128679,15,0,5 65 1 66,1
1501,'20260904',832,,128686,15,0,5 65 1 66,1,670,,128691,15,0,5 65 1 66,1,208,,128693,15,0,5 65 1 66,1
