3000,'20260707',437,,160662,5,,,1,188,,160663,5,,,1,97,,160664,5,,,1,92,,160665,5,,,1,110,,160666,5,,,1,102,,160667,5,,,1,105,,160668,5,,,1,100,,160669,5,,,1,95,,160670,5,,,1,95,,160671,5,,,1,223,,160674,5,0,7 18 9,1,5,,160675,5,,,1,70,,160676,5,,,1,102,,160677,5,0,7 18 9,1,5,,160678,5,,,1,100,,160679,5,0,7 18 9,1,5,,160680,5,,,1,100,,160681,5,,,1,126,,160682,5,,,1
3000,'20260708',437,,160683,5,,,1,188,,160684,5,,,1,97,,160685,5,,,1,92,,160686,5,,,1,110,,160687,5,,,1,102,,160688,5,,,1,105,,160689,5,,,1,100,,160690,5,,,1,95,,160691,5,,,1,95,,160692,5,,,1,223,,160695,5,0,7 18 9,1,5,,160696,5,,,1,70,,160697,5,,,1,102,,160698,5,0,7 18 9,1,5,,160699,5,,,1,100,,160700,5,0,7 18 9,1,5,,160701,5,,,1,100,,160702,5,,,1,126,,160703,5,,,1
3000,'20260709',437,,160704,5,,,1,188,,160705,5,,,1,97,,160706,5,,,1,92,,160707,5,,,1,110,,160708,5,,,1,102,,160709,5,,,1,105,,160710,5,,,1,95,,160711,5,0,7 18 9,1,5,,160712,5,,,1,80,,160713,5,0,7 18 9,1,15,,160714,5,,,1,95,,160715,5,,,1,218,,160719,5,,,1,5,,160720,5,0,7 18 9,1,5,,160721,5,,,1,60,,160722,5,0,7 18 9,1,10,,160723,5,,,1,97,,160724,5,0,7 18 9,1,5,,160725,5,0,7 18 9,1,5,,160726,5,,,1,100,,160727,5,0,7 18 9,1,5,,160728,5,,,1,100,,160729,5,,,1,126,,160730,5,,,1
3000,'20260710',437,,160731,5,,,1,188,,160732,5,,,1,97,,160733,5,,,1,92,,160734,5,,,1,110,,160735,5,,,1,102,,160736,5,,,1,105,,160737,5,,,1,95,,160738,5,0,7 18 9,1,5,,160739,5,,,1,80,,160740,5,0,7 18 9,1,15,,160741,5,,,1,90,,160742,5,0,7 18 9,1,5,,160743,5,,,1,218,,160747,5,,,1,5,,160748,5,0,7 18 9,1,5,,160749,5,,,1,60,,160750,5,0,7 18 9,1,10,,160751,5,,,1,97,,160752,5,0,7 18 9,1,5,,160753,5,0,7 18 9,1,5,,160754,5,,,1,100,,160755,5,0,7 18 9,1,5,,160756,5,,,1,71,,160757,5,0,7 18 9,1,29,,160758,5,,,1,126,,160759,5,,,1
3000,'20260711',636,,160760,5,0,7 18 9,1,5,,160761,5,,,1,190,,160762,5,0,7 18 9,1,5,,160763,5,,,1,95,,160765,5,0,7 18 9,1,5,,160766,5,,,1,92,,160768,5,0,7 18 9,1,5,,160769,5,,,1,95,,160771,5,0,7 18 9,1,5,,160772,5,,,1,90,,160774,5,0,7 18 9,1,5,,160775,5,,,1,95,,160777,5,0,7 18 9,1,5,,160778,5,,,1,90,,160780,5,0,7 18 9,1,5,,160781,5,,,1,210,,160783,5,0,7 18 9,1,20,,160784,5,,,1,80,,160785,5,0,7 18 9,1,20,,160786,5,,,1,80,,160787,5,,,1,100,,160788,5,,,1,73,,160789,5,0,7 18 9,1,95,,160790,5,,,1,35,,160791,5,,,1,102,,160792,5,,,1
3000,'20260712',641,,160793,5,,,1,190,,160794,5,0,7 18 9,1,5,,160795,5,,,1,95,,160796,5,0,7 18 9,1,5,,160797,5,,,1,92,,160798,5,0,7 18 9,1,5,,160799,5,,,1,95,,160800,5,0,7 18 9,1,5,,160801,5,,,1,90,,160802,5,0,7 18 9,1,5,,160803,5,,,1,95,,160804,5,0,7 18 9,1,5,,160805,5,,,1,90,,160806,5,0,7 18 9,1,5,,160807,5,,,1,210,,160808,5,0,7 18 9,1,20,,160809,5,,,1,80,,160810,5,0,7 18 9,1,20,,160811,5,,,1,80,,160812,5,,,1,100,,160813,5,,,1,73,,160814,5,0,7 18 9,1,95,,160815,5,,,1,35,,160816,5,,,1,102,,160817,5,,,1
3000,'20260713',437,,160818,5,,,1,188,,160819,5,,,1,97,,160820,5,,,1,92,,160821,5,,,1,110,,160822,5,,,1,102,,160823,5,,,1,105,,160824,5,,,1,100,,160825,5,,,1,95,,160826,5,,,1,95,,160827,5,,,1,223,,160830,5,0,7 18 9,1,5,,160831,5,,,1,70,,160832,5,,,1,102,,160833,5,0,7 18 9,1,5,,160834,5,,,1,100,,160835,5,0,7 18 9,1,5,,160836,5,,,1,100,,160837,5,,,1,126,,160838,5,,,1
3000,'20260714',437,,160839,5,,,1,188,,160840,5,,,1,97,,160841,5,,,1,92,,160842,5,,,1,110,,160843,5,,,1,102,,160844,5,,,1,105,,160845,5,,,1,100,,160846,5,,,1,95,,160847,5,,,1,95,,160848,5,,,1,223,,160851,5,0,7 18 9,1,5,,160852,5,,,1,70,,160853,5,,,1,102,,160854,5,0,7 18 9,1,5,,160855,5,,,1,100,,160856,5,0,7 18 9,1,5,,160857,5,,,1,100,,160858,5,,,1,126,,160859,5,,,1
3000,'20260715',437,,160860,5,,,1,188,,160861,5,,,1,97,,160862,5,,,1,92,,160863,5,,,1,110,,160864,5,,,1,102,,160865,5,,,1,105,,160866,5,,,1,100,,160867,5,,,1,95,,160868,5,,,1,95,,160869,5,,,1,223,,160872,5,0,7 18 9,1,5,,160873,5,,,1,70,,160874,5,,,1,102,,160875,5,0,7 18 9,1,5,,160876,5,,,1,100,,160877,5,0,7 18 9,1,5,,160878,5,,,1,100,,160879,5,,,1,126,,160880,5,,,1
3000,'20260716',437,,160881,5,,,1,188,,160882,5,,,1,97,,160883,5,,,1,92,,160884,5,,,1,110,,160885,5,,,1,102,,160886,5,,,1,105,,160887,5,,,1,95,,160888,5,0,7 18 9,1,5,,160889,5,,,1,80,,160890,5,0,7 18 9,1,15,,160891,5,,,1,95,,160892,5,,,1,218,,160896,5,,,1,5,,160897,5,0,7 18 9,1,5,,160898,5,,,1,60,,160899,5,0,7 18 9,1,10,,160900,5,,,1,97,,160901,5,0,7 18 9,1,5,,160902,5,0,7 18 9,1,5,,160903,5,,,1,100,,160904,5,0,7 18 9,1,5,,160905,5,,,1,100,,160906,5,,,1,126,,160907,5,,,1
3000,'20260717',437,,160908,5,,,1,188,,160909,5,,,1,97,,160910,5,,,1,92,,160911,5,,,1,110,,160912,5,,,1,102,,160913,5,,,1,105,,160914,5,,,1,95,,160915,5,0,7 18 9,1,5,,160916,5,,,1,80,,160917,5,0,7 18 9,1,15,,160918,5,,,1,90,,160919,5,0,7 18 9,1,5,,160920,5,,,1,218,,160924,5,,,1,5,,160925,5,0,7 18 9,1,5,,160926,5,,,1,60,,160927,5,0,7 18 9,1,10,,160928,5,,,1,97,,160929,5,0,7 18 9,1,5,,160930,5,0,7 18 9,1,5,,160931,5,,,1,100,,160932,5,0,7 18 9,1,5,,160933,5,,,1,71,,160934,5,0,7 18 9,1,29,,160935,5,,,1,126,,160936,5,,,1
3000,'20260718',636,,160937,5,0,7 18 9,1,5,,160938,5,,,1,190,,160939,5,0,7 18 9,1,5,,160940,5,,,1,95,,160942,5,0,7 18 9,1,5,,160943,5,,,1,92,,160945,5,0,7 18 9,1,5,,160946,5,,,1,95,,160948,5,0,7 18 9,1,5,,160949,5,,,1,90,,160951,5,0,7 18 9,1,5,,160952,5,,,1,95,,160954,5,0,7 18 9,1,5,,160955,5,,,1,90,,160957,5,0,7 18 9,1,5,,160958,5,,,1,210,,160960,5,0,7 18 9,1,20,,160961,5,,,1,80,,160962,5,0,7 18 9,1,20,,160963,5,,,1,80,,160964,5,,,1,100,,160965,5,,,1,73,,160966,5,0,7 18 9,1,95,,160967,5,,,1,35,,160968,5,,,1,102,,160969,5,,,1
3000,'20260719',641,,160970,5,,,1,190,,160971,5,0,7 18 9,1,5,,160972,5,,,1,95,,160973,5,0,7 18 9,1,5,,160974,5,,,1,92,,160975,5,0,7 18 9,1,5,,160976,5,,,1,95,,160977,5,0,7 18 9,1,5,,160978,5,,,1,90,,160979,5,0,7 18 9,1,5,,160980,5,,,1,95,,160981,5,0,7 18 9,1,5,,160982,5,,,1,90,,160983,5,0,7 18 9,1,5,,160984,5,,,1,210,,160985,5,0,7 18 9,1,20,,160986,5,,,1,80,,160987,5,0,7 18 9,1,20,,160988,5,,,1,80,,160989,5,,,1,100,,160990,5,,,1,73,,160991,5,0,7 18 9,1,95,,160992,5,,,1,35,,160993,5,,,1,102,,160994,5,,,1
3000,'20260720',437,,160995,5,,,1,188,,160996,5,,,1,97,,160997,5,,,1,92,,160998,5,,,1,110,,160999,5,,,1,102,,161000,5,,,1,105,,161001,5,,,1,100,,161002,5,,,1,95,,161003,5,,,1,95,,161004,5,,,1,223,,161007,5,0,7 18 9,1,5,,161008,5,,,1,70,,161009,5,,,1,102,,161010,5,0,7 18 9,1,5,,161011,5,,,1,100,,161012,5,0,7 18 9,1,5,,161013,5,,,1,100,,161014,5,,,1,126,,161015,5,,,1
3000,'20260721',437,,161016,5,,,1,188,,161017,5,,,1,97,,161018,5,,,1,92,,161019,5,,,1,110,,161020,5,,,1,102,,161021,5,,,1,105,,161022,5,,,1,100,,161023,5,,,1,95,,161024,5,,,1,95,,161025,5,,,1,223,,161028,5,0,7 18 9,1,5,,161029,5,,,1,70,,161030,5,,,1,102,,161031,5,0,7 18 9,1,5,,161032,5,,,1,100,,161033,5,0,7 18 9,1,5,,161034,5,,,1,100,,161035,5,,,1,126,,161036,5,,,1
3000,'20260722',437,,161037,5,,,1,188,,161038,5,,,1,97,,161039,5,,,1,92,,161040,5,,,1,110,,161041,5,,,1,102,,161042,5,,,1,105,,161043,5,,,1,100,,161044,5,,,1,95,,161045,5,,,1,95,,161046,5,,,1,223,,161049,5,0,7 18 9,1,5,,161050,5,,,1,70,,161051,5,,,1,102,,161052,5,0,7 18 9,1,5,,161053,5,,,1,100,,161054,5,0,7 18 9,1,5,,161055,5,,,1,100,,161056,5,,,1,126,,161057,5,,,1
3000,'20260723',437,,161058,5,,,1,188,,161059,5,,,1,97,,161060,5,,,1,92,,161061,5,,,1,110,,161062,5,,,1,102,,161063,5,,,1,105,,161064,5,,,1,95,,161065,5,0,7 18 9,1,5,,161066,5,,,1,80,,161067,5,0,7 18 9,1,15,,161068,5,,,1,95,,161069,5,,,1,218,,161073,5,,,1,5,,161074,5,0,7 18 9,1,5,,161075,5,,,1,60,,161076,5,0,7 18 9,1,10,,161077,5,,,1,97,,161078,5,0,7 18 9,1,5,,161079,5,0,7 18 9,1,5,,161080,5,,,1,100,,161081,5,0,7 18 9,1,5,,161082,5,,,1,100,,161083,5,,,1,126,,161084,5,,,1
3000,'20260724',437,,161085,5,,,1,188,,161086,5,,,1,97,,161087,5,,,1,92,,161088,5,,,1,110,,161089,5,,,1,102,,161090,5,,,1,105,,161091,5,,,1,95,,161092,5,0,7 18 9,1,5,,161093,5,,,1,80,,161094,5,0,7 18 9,1,15,,161095,5,,,1,90,,161096,5,0,7 18 9,1,5,,161097,5,,,1,218,,161101,5,,,1,5,,161102,5,0,7 18 9,1,5,,161103,5,,,1,60,,161104,5,0,7 18 9,1,10,,161105,5,,,1,97,,161106,5,0,7 18 9,1,5,,161107,5,0,7 18 9,1,5,,161108,5,,,1,100,,161109,5,0,7 18 9,1,5,,161110,5,,,1,71,,161111,5,0,7 18 9,1,29,,161112,5,,,1,126,,161113,5,,,1
3000,'20260725',636,,161114,5,0,7 18 9,1,5,,161115,5,,,1,190,,161116,5,0,7 18 9,1,5,,161117,5,,,1,95,,161119,5,0,7 18 9,1,5,,161120,5,,,1,92,,161122,5,0,7 18 9,1,5,,161123,5,,,1,95,,161125,5,0,7 18 9,1,5,,161126,5,,,1,90,,161128,5,0,7 18 9,1,5,,161129,5,,,1,95,,161131,5,0,7 18 9,1,5,,161132,5,,,1,90,,161134,5,0,7 18 9,1,5,,161135,5,,,1,210,,161137,5,0,7 18 9,1,20,,161138,5,,,1,80,,161139,5,0,7 18 9,1,20,,161140,5,,,1,80,,161141,5,,,1,100,,161142,5,,,1,73,,161143,5,0,7 18 9,1,95,,161144,5,,,1,35,,161145,5,,,1,102,,161146,5,,,1
3000,'20260726',641,,161147,5,,,1,190,,161148,5,0,7 18 9,1,5,,161149,5,,,1,95,,161150,5,0,7 18 9,1,5,,161151,5,,,1,92,,161152,5,0,7 18 9,1,5,,161153,5,,,1,95,,161154,5,0,7 18 9,1,5,,161155,5,,,1,90,,161156,5,0,7 18 9,1,5,,161157,5,,,1,95,,161158,5,0,7 18 9,1,5,,161159,5,,,1,90,,161160,5,0,7 18 9,1,5,,161161,5,,,1,210,,161162,5,0,7 18 9,1,20,,161163,5,,,1,80,,161164,5,0,7 18 9,1,20,,161165,5,,,1,80,,161166,5,,,1,100,,161167,5,,,1,73,,161168,5,0,7 18 9,1,95,,161169,5,,,1,35,,161170,5,,,1,102,,161171,5,,,1
3000,'20260727',437,,161172,5,,,1,188,,161173,5,,,1,97,,161174,5,,,1,92,,161175,5,,,1,110,,161176,5,,,1,102,,161177,5,,,1,105,,161178,5,,,1,100,,161179,5,,,1,95,,161180,5,,,1,95,,161181,5,,,1,223,,161184,5,0,7 18 9,1,5,,161185,5,,,1,70,,161186,5,,,1,102,,161187,5,0,7 18 9,1,5,,161188,5,,,1,100,,161189,5,0,7 18 9,1,5,,161190,5,,,1,100,,161191,5,,,1,126,,161192,5,,,1
3000,'20260728',437,,161193,5,,,1,188,,161194,5,,,1,97,,161195,5,,,1,92,,161196,5,,,1,110,,161197,5,,,1,102,,161198,5,,,1,105,,161199,5,,,1,100,,161200,5,,,1,95,,161201,5,,,1,95,,161202,5,,,1,223,,161205,5,0,7 18 9,1,5,,161206,5,,,1,70,,161207,5,,,1,102,,161208,5,0,7 18 9,1,5,,161209,5,,,1,100,,161210,5,0,7 18 9,1,5,,161211,5,,,1,100,,161212,5,,,1,126,,161213,5,,,1
3000,'20260729',437,,161214,5,,,1,188,,161215,5,,,1,97,,161216,5,,,1,92,,161217,5,,,1,110,,161218,5,,,1,102,,161219,5,,,1,105,,161220,5,,,1,100,,161221,5,,,1,95,,161222,5,,,1,95,,161223,5,,,1,223,,161226,5,0,7 18 9,1,5,,161227,5,,,1,70,,161228,5,,,1,102,,161229,5,0,7 18 9,1,5,,161230,5,,,1,100,,161231,5,0,7 18 9,1,5,,161232,5,,,1,100,,161233,5,,,1,126,,161234,5,,,1
3000,'20260730',437,,161235,5,,,1,188,,161236,5,,,1,97,,161237,5,,,1,92,,161238,5,,,1,110,,161239,5,,,1,102,,161240,5,,,1,105,,161241,5,,,1,95,,161242,5,0,7 18 9,1,5,,161243,5,,,1,80,,161244,5,0,7 18 9,1,15,,161245,5,,,1,95,,161246,5,,,1,218,,161250,5,,,1,5,,161251,5,0,7 18 9,1,5,,161252,5,,,1,60,,161253,5,0,7 18 9,1,10,,161254,5,,,1,97,,161255,5,0,7 18 9,1,5,,161256,5,0,7 18 9,1,5,,161257,5,,,1,100,,161258,5,0,7 18 9,1,5,,161259,5,,,1,100,,161260,5,,,1,126,,161261,5,,,1
3000,'20260731',437,,161262,5,,,1,188,,161263,5,,,1,97,,161264,5,,,1,92,,161265,5,,,1,110,,161266,5,,,1,102,,161267,5,,,1,105,,161268,5,,,1,95,,161269,5,0,7 18 9,1,5,,161270,5,,,1,80,,161271,5,0,7 18 9,1,15,,161272,5,,,1,90,,161273,5,0,7 18 9,1,5,,161274,5,,,1,218,,161278,5,,,1,5,,161279,5,0,7 18 9,1,5,,161280,5,,,1,60,,161281,5,0,7 18 9,1,10,,161282,5,,,1,97,,161283,5,0,7 18 9,1,5,,161284,5,0,7 18 9,1,5,,161285,5,,,1,100,,161286,5,0,7 18 9,1,5,,161287,5,,,1,71,,161288,5,0,7 18 9,1,29,,161289,5,,,1,126,,161290,5,,,1
3000,'20260801',636,,161291,5,0,7 18 9,1,5,,161292,5,,,1,190,,161293,5,0,7 18 9,1,5,,161294,5,,,1,95,,161296,5,0,7 18 9,1,5,,161297,5,,,1,92,,161299,5,0,7 18 9,1,5,,161300,5,,,1,95,,161302,5,0,7 18 9,1,5,,161303,5,,,1,90,,161305,5,0,7 18 9,1,5,,161306,5,,,1,95,,161308,5,0,7 18 9,1,5,,161309,5,,,1,90,,161311,5,0,7 18 9,1,5,,161312,5,,,1,210,,161314,5,0,7 18 9,1,20,,161315,5,,,1,80,,161316,5,0,7 18 9,1,20,,161317,5,,,1,80,,161318,5,,,1,100,,161319,5,,,1,73,,161320,5,0,7 18 9,1,95,,161321,5,,,1,35,,161322,5,,,1,102,,161323,5,,,1
3000,'20260802',641,,161324,5,,,1,190,,161325,5,0,7 18 9,1,5,,161326,5,,,1,95,,161327,5,0,7 18 9,1,5,,161328,5,,,1,92,,161329,5,0,7 18 9,1,5,,161330,5,,,1,95,,161331,5,0,7 18 9,1,5,,161332,5,,,1,90,,161333,5,0,7 18 9,1,5,,161334,5,,,1,95,,161335,5,0,7 18 9,1,5,,161336,5,,,1,90,,161337,5,0,7 18 9,1,5,,161338,5,,,1,210,,161339,5,0,7 18 9,1,20,,161340,5,,,1,80,,161341,5,0,7 18 9,1,20,,161342,5,,,1,80,,161343,5,,,1,100,,161344,5,,,1,73,,161345,5,0,7 18 9,1,95,,161346,5,,,1,35,,161347,5,,,1,102,,161348,5,,,1
3000,'20260803',636,,161349,5,0,7 18 9,1,5,,161350,5,,,1,190,,161351,5,0,7 18 9,1,5,,161352,5,,,1,95,,161354,5,0,7 18 9,1,5,,161355,5,,,1,92,,161357,5,0,7 18 9,1,5,,161358,5,,,1,95,,161360,5,0,7 18 9,1,5,,161361,5,,,1,90,,161363,5,0,7 18 9,1,5,,161364,5,,,1,95,,161366,5,0,7 18 9,1,5,,161367,5,,,1,90,,161369,5,0,7 18 9,1,5,,161370,5,,,1,210,,161372,5,0,7 18 9,1,20,,161373,5,,,1,80,,161374,5,0,7 18 9,1,20,,161375,5,,,1,80,,161376,5,,,1,100,,161377,5,,,1,73,,161378,5,0,7 18 9,1,95,,161379,5,,,1,35,,161380,5,,,1,102,,161381,5,,,1
3000,'20260804',437,,161382,5,,,1,188,,161383,5,,,1,97,,161384,5,,,1,92,,161385,5,,,1,110,,161386,5,,,1,102,,161387,5,,,1,105,,161388,5,,,1,100,,161389,5,,,1,95,,161390,5,,,1,95,,161391,5,,,1,223,,161394,5,0,7 18 9,1,5,,161395,5,,,1,70,,161396,5,,,1,102,,161397,5,0,7 18 9,1,5,,161398,5,,,1,100,,161399,5,0,7 18 9,1,5,,161400,5,,,1,100,,161401,5,,,1,126,,161402,5,,,1
3000,'20260805',437,,161403,5,,,1,188,,161404,5,,,1,97,,161405,5,,,1,92,,161406,5,,,1,110,,161407,5,,,1,102,,161408,5,,,1,105,,161409,5,,,1,100,,161410,5,,,1,95,,161411,5,,,1,95,,161412,5,,,1,223,,161415,5,0,7 18 9,1,5,,161416,5,,,1,70,,161417,5,,,1,102,,161418,5,0,7 18 9,1,5,,161419,5,,,1,100,,161420,5,0,7 18 9,1,5,,161421,5,,,1,100,,161422,5,,,1,126,,161423,5,,,1
3000,'20260806',437,,161424,5,,,1,188,,161425,5,,,1,97,,161426,5,,,1,92,,161427,5,,,1,110,,161428,5,,,1,102,,161429,5,,,1,105,,161430,5,,,1,95,,161431,5,0,7 18 9,1,5,,161432,5,,,1,80,,161433,5,0,7 18 9,1,15,,161434,5,,,1,95,,161435,5,,,1,218,,161439,5,,,1,5,,161440,5,0,7 18 9,1,5,,161441,5,,,1,60,,161442,5,0,7 18 9,1,10,,161443,5,,,1,97,,161444,5,0,7 18 9,1,5,,161445,5,0,7 18 9,1,5,,161446,5,,,1,100,,161447,5,0,7 18 9,1,5,,161448,5,,,1,100,,161449,5,,,1,126,,161450,5,,,1
3000,'20260807',437,,161451,5,,,1,188,,161452,5,,,1,97,,161453,5,,,1,92,,161454,5,,,1,110,,161455,5,,,1,102,,161456,5,,,1,105,,161457,5,,,1,95,,161458,5,0,7 18 9,1,5,,161459,5,,,1,80,,161460,5,0,7 18 9,1,15,,161461,5,,,1,90,,161462,5,0,7 18 9,1,5,,161463,5,,,1,218,,161467,5,,,1,5,,161468,5,0,7 18 9,1,5,,161469,5,,,1,60,,161470,5,0,7 18 9,1,10,,161471,5,,,1,97,,161472,5,0,7 18 9,1,5,,161473,5,0,7 18 9,1,5,,161474,5,,,1,100,,161475,5,0,7 18 9,1,5,,161476,5,,,1,71,,161477,5,0,7 18 9,1,29,,161478,5,,,1,126,,161479,5,,,1
3000,'20260808',636,,161480,5,0,7 18 9,1,5,,161481,5,,,1,190,,161482,5,0,7 18 9,1,5,,161483,5,,,1,95,,161485,5,0,7 18 9,1,5,,161486,5,,,1,92,,161488,5,0,7 18 9,1,5,,161489,5,,,1,95,,161491,5,0,7 18 9,1,5,,161492,5,,,1,90,,161494,5,0,7 18 9,1,5,,161495,5,,,1,95,,161497,5,0,7 18 9,1,5,,161498,5,,,1,90,,161500,5,0,7 18 9,1,5,,161501,5,,,1,210,,161503,5,0,7 18 9,1,20,,161504,5,,,1,80,,161505,5,0,7 18 9,1,20,,161506,5,,,1,80,,161507,5,,,1,100,,161508,5,,,1,73,,161509,5,0,7 18 9,1,95,,161510,5,,,1,35,,161511,5,,,1,102,,161512,5,,,1
3000,'20260809',641,,161513,5,,,1,190,,161514,5,0,7 18 9,1,5,,161515,5,,,1,95,,161516,5,0,7 18 9,1,5,,161517,5,,,1,92,,161518,5,0,7 18 9,1,5,,161519,5,,,1,95,,161520,5,0,7 18 9,1,5,,161521,5,,,1,90,,161522,5,0,7 18 9,1,5,,161523,5,,,1,95,,161524,5,0,7 18 9,1,5,,161525,5,,,1,90,,161526,5,0,7 18 9,1,5,,161527,5,,,1,210,,161528,5,0,7 18 9,1,20,,161529,5,,,1,80,,161530,5,0,7 18 9,1,20,,161531,5,,,1,80,,161532,5,,,1,100,,161533,5,,,1,73,,161534,5,0,7 18 9,1,95,,161535,5,,,1,35,,161536,5,,,1,102,,161537,5,,,1
3000,'20260810',437,,161538,5,,,1,188,,161539,5,,,1,97,,161540,5,,,1,92,,161541,5,,,1,110,,161542,5,,,1,102,,161543,5,,,1,105,,161544,5,,,1,100,,161545,5,,,1,95,,161546,5,,,1,95,,161547,5,,,1,223,,161550,5,0,7 18 9,1,5,,161551,5,,,1,70,,161552,5,,,1,102,,161553,5,0,7 18 9,1,5,,161554,5,,,1,100,,161555,5,0,7 18 9,1,5,,161556,5,,,1,100,,161557,5,,,1,126,,161558,5,,,1
3000,'20260811',437,,161559,5,,,1,188,,161560,5,,,1,97,,161561,5,,,1,92,,161562,5,,,1,110,,161563,5,,,1,102,,161564,5,,,1,105,,161565,5,,,1,100,,161566,5,,,1,95,,161567,5,,,1,95,,161568,5,,,1,223,,161571,5,0,7 18 9,1,5,,161572,5,,,1,70,,161573,5,,,1,102,,161574,5,0,7 18 9,1,5,,161575,5,,,1,100,,161576,5,0,7 18 9,1,5,,161577,5,,,1,100,,161578,5,,,1,126,,161579,5,,,1
3000,'20260812',437,,161580,5,,,1,188,,161581,5,,,1,97,,161582,5,,,1,92,,161583,5,,,1,110,,161584,5,,,1,102,,161585,5,,,1,105,,161586,5,,,1,100,,161587,5,,,1,95,,161588,5,,,1,95,,161589,5,,,1,223,,161592,5,0,7 18 9,1,5,,161593,5,,,1,70,,161594,5,,,1,102,,161595,5,0,7 18 9,1,5,,161596,5,,,1,100,,161597,5,0,7 18 9,1,5,,161598,5,,,1,100,,161599,5,,,1,126,,161600,5,,,1
3000,'20260813',437,,161601,5,,,1,188,,161602,5,,,1,97,,161603,5,,,1,92,,161604,5,,,1,110,,161605,5,,,1,102,,161606,5,,,1,105,,161607,5,,,1,95,,161608,5,0,7 18 9,1,5,,161609,5,,,1,80,,161610,5,0,7 18 9,1,15,,161611,5,,,1,95,,161612,5,,,1,218,,161616,5,,,1,5,,161617,5,0,7 18 9,1,5,,161618,5,,,1,60,,161619,5,0,7 18 9,1,10,,161620,5,,,1,97,,161621,5,0,7 18 9,1,5,,161622,5,0,7 18 9,1,5,,161623,5,,,1,100,,161624,5,0,7 18 9,1,5,,161625,5,,,1,100,,161626,5,,,1,126,,161627,5,,,1
3000,'20260814',437,,161628,5,,,1,188,,161629,5,,,1,97,,161630,5,,,1,92,,161631,5,,,1,110,,161632,5,,,1,102,,161633,5,,,1,105,,161634,5,,,1,95,,161635,5,0,7 18 9,1,5,,161636,5,,,1,80,,161637,5,0,7 18 9,1,15,,161638,5,,,1,90,,161639,5,0,7 18 9,1,5,,161640,5,,,1,218,,161644,5,,,1,5,,161645,5,0,7 18 9,1,5,,161646,5,,,1,60,,161647,5,0,7 18 9,1,10,,161648,5,,,1,97,,161649,5,0,7 18 9,1,5,,161650,5,0,7 18 9,1,5,,161651,5,,,1,100,,161652,5,0,7 18 9,1,5,,161653,5,,,1,71,,161654,5,0,7 18 9,1,29,,161655,5,,,1,126,,161656,5,,,1
3000,'20260815',636,,161657,5,0,7 18 9,1,5,,161658,5,,,1,190,,161659,5,0,7 18 9,1,5,,161660,5,,,1,95,,161662,5,0,7 18 9,1,5,,161663,5,,,1,92,,161665,5,0,7 18 9,1,5,,161666,5,,,1,95,,161668,5,0,7 18 9,1,5,,161669,5,,,1,90,,161671,5,0,7 18 9,1,5,,161672,5,,,1,95,,161674,5,0,7 18 9,1,5,,161675,5,,,1,90,,161677,5,0,7 18 9,1,5,,161678,5,,,1,210,,161680,5,0,7 18 9,1,20,,161681,5,,,1,80,,161682,5,0,7 18 9,1,20,,161683,5,,,1,80,,161684,5,,,1,100,,161685,5,,,1,73,,161686,5,0,7 18 9,1,95,,161687,5,,,1,35,,161688,5,,,1,102,,161689,5,,,1
3000,'20260816',641,,161690,5,,,1,190,,161691,5,0,7 18 9,1,5,,161692,5,,,1,95,,161693,5,0,7 18 9,1,5,,161694,5,,,1,92,,161695,5,0,7 18 9,1,5,,161696,5,,,1,95,,161697,5,0,7 18 9,1,5,,161698,5,,,1,90,,161699,5,0,7 18 9,1,5,,161700,5,,,1,95,,161701,5,0,7 18 9,1,5,,161702,5,,,1,90,,161703,5,0,7 18 9,1,5,,161704,5,,,1,210,,161705,5,0,7 18 9,1,20,,161706,5,,,1,80,,161707,5,0,7 18 9,1,20,,161708,5,,,1,80,,161709,5,,,1,100,,161710,5,,,1,73,,161711,5,0,7 18 9,1,95,,161712,5,,,1,35,,161713,5,,,1,102,,161714,5,,,1
3000,'20260817',437,,161715,5,,,1,188,,161716,5,,,1,97,,161717,5,,,1,92,,161718,5,,,1,110,,161719,5,,,1,102,,161720,5,,,1,105,,161721,5,,,1,100,,161722,5,,,1,95,,161723,5,,,1,95,,161724,5,,,1,223,,161727,5,0,7 18 9,1,5,,161728,5,,,1,70,,161729,5,,,1,102,,161730,5,0,7 18 9,1,5,,161731,5,,,1,100,,161732,5,0,7 18 9,1,5,,161733,5,,,1,100,,161734,5,,,1,126,,161735,5,,,1
3000,'20260818',437,,161736,5,,,1,188,,161737,5,,,1,97,,161738,5,,,1,92,,161739,5,,,1,110,,161740,5,,,1,102,,161741,5,,,1,105,,161742,5,,,1,100,,161743,5,,,1,95,,161744,5,,,1,95,,161745,5,,,1,223,,161748,5,0,7 18 9,1,5,,161749,5,,,1,70,,161750,5,,,1,102,,161751,5,0,7 18 9,1,5,,161752,5,,,1,100,,161753,5,0,7 18 9,1,5,,161754,5,,,1,100,,161755,5,,,1,126,,161756,5,,,1
3000,'20260819',437,,161757,5,,,1,188,,161758,5,,,1,97,,161759,5,,,1,92,,161760,5,,,1,110,,161761,5,,,1,102,,161762,5,,,1,105,,161763,5,,,1,100,,161764,5,,,1,95,,161765,5,,,1,95,,161766,5,,,1,223,,161769,5,0,7 18 9,1,5,,161770,5,,,1,70,,161771,5,,,1,102,,161772,5,0,7 18 9,1,5,,161773,5,,,1,100,,161774,5,0,7 18 9,1,5,,161775,5,,,1,100,,161776,5,,,1,126,,161777,5,,,1
3000,'20260820',437,,161778,5,,,1,188,,161779,5,,,1,97,,161780,5,,,1,92,,161781,5,,,1,110,,161782,5,,,1,102,,161783,5,,,1,105,,161784,5,,,1,95,,161785,5,0,7 18 9,1,5,,161786,5,,,1,80,,161787,5,0,7 18 9,1,15,,161788,5,,,1,95,,161789,5,,,1,218,,161793,5,,,1,5,,161794,5,0,7 18 9,1,5,,161795,5,,,1,60,,161796,5,0,7 18 9,1,10,,161797,5,,,1,97,,161798,5,0,7 18 9,1,5,,161799,5,0,7 18 9,1,5,,161800,5,,,1,100,,161801,5,0,7 18 9,1,5,,161802,5,,,1,100,,161803,5,,,1,126,,161804,5,,,1
3000,'20260821',437,,161805,5,,,1,188,,161806,5,,,1,97,,161807,5,,,1,92,,161808,5,,,1,110,,161809,5,,,1,102,,161810,5,,,1,105,,161811,5,,,1,95,,161812,5,0,7 18 9,1,5,,161813,5,,,1,80,,161814,5,0,7 18 9,1,15,,161815,5,,,1,90,,161816,5,0,7 18 9,1,5,,161817,5,,,1,218,,161821,5,,,1,5,,161822,5,0,7 18 9,1,5,,161823,5,,,1,60,,161824,5,0,7 18 9,1,10,,161825,5,,,1,97,,161826,5,0,7 18 9,1,5,,161827,5,0,7 18 9,1,5,,161828,5,,,1,100,,161829,5,0,7 18 9,1,5,,161830,5,,,1,71,,161831,5,0,7 18 9,1,29,,161832,5,,,1,126,,161833,5,,,1
3000,'20260822',636,,161834,5,0,7 18 9,1,5,,161835,5,,,1,190,,161836,5,0,7 18 9,1,5,,161837,5,,,1,95,,161839,5,0,7 18 9,1,5,,161840,5,,,1,92,,161842,5,0,7 18 9,1,5,,161843,5,,,1,95,,161845,5,0,7 18 9,1,5,,161846,5,,,1,90,,161848,5,0,7 18 9,1,5,,161849,5,,,1,95,,161851,5,0,7 18 9,1,5,,161852,5,,,1,90,,161854,5,0,7 18 9,1,5,,161855,5,,,1,210,,161857,5,0,7 18 9,1,20,,161858,5,,,1,80,,161859,5,0,7 18 9,1,20,,161860,5,,,1,80,,161861,5,,,1,100,,161862,5,,,1,73,,161863,5,0,7 18 9,1,95,,161864,5,,,1,35,,161865,5,,,1,102,,161866,5,,,1
3000,'20260823',641,,161867,5,,,1,190,,161868,5,0,7 18 9,1,5,,161869,5,,,1,95,,161870,5,0,7 18 9,1,5,,161871,5,,,1,92,,161872,5,0,7 18 9,1,5,,161873,5,,,1,95,,161874,5,0,7 18 9,1,5,,161875,5,,,1,90,,161876,5,0,7 18 9,1,5,,161877,5,,,1,95,,161878,5,0,7 18 9,1,5,,161879,5,,,1,90,,161880,5,0,7 18 9,1,5,,161881,5,,,1,210,,161882,5,0,7 18 9,1,20,,161883,5,,,1,80,,161884,5,0,7 18 9,1,20,,161885,5,,,1,80,,161886,5,,,1,100,,161887,5,,,1,73,,161888,5,0,7 18 9,1,95,,161889,5,,,1,35,,161890,5,,,1,102,,161891,5,,,1
3000,'20260824',437,,161892,5,,,1,188,,161893,5,,,1,97,,161894,5,,,1,92,,161895,5,,,1,110,,161896,5,,,1,102,,161897,5,,,1,105,,161898,5,,,1,100,,161899,5,,,1,95,,161900,5,,,1,95,,161901,5,,,1,223,,161904,5,0,7 18 9,1,5,,161905,5,,,1,70,,161906,5,,,1,102,,161907,5,0,7 18 9,1,5,,161908,5,,,1,100,,161909,5,0,7 18 9,1,5,,161910,5,,,1,100,,161911,5,,,1,126,,161912,5,,,1
3000,'20260825',437,,161913,5,,,1,188,,161914,5,,,1,97,,161915,5,,,1,92,,161916,5,,,1,110,,161917,5,,,1,102,,161918,5,,,1,105,,161919,5,,,1,100,,161920,5,,,1,95,,161921,5,,,1,95,,161922,5,,,1,223,,161925,5,0,7 18 9,1,5,,161926,5,,,1,70,,161927,5,,,1,102,,161928,5,0,7 18 9,1,5,,161929,5,,,1,100,,161930,5,0,7 18 9,1,5,,161931,5,,,1,100,,161932,5,,,1,126,,161933,5,,,1
3000,'20260826',437,,161934,5,,,1,188,,161935,5,,,1,97,,161936,5,,,1,92,,161937,5,,,1,110,,161938,5,,,1,102,,161939,5,,,1,105,,161940,5,,,1,100,,161941,5,,,1,95,,161942,5,,,1,95,,161943,5,,,1,223,,161946,5,0,7 18 9,1,5,,161947,5,,,1,70,,161948,5,,,1,102,,161949,5,0,7 18 9,1,5,,161950,5,,,1,100,,161951,5,0,7 18 9,1,5,,161952,5,,,1,100,,161953,5,,,1,126,,161954,5,,,1
3000,'20260827',437,,161955,5,,,1,188,,161956,5,,,1,97,,161957,5,,,1,92,,161958,5,,,1,110,,161959,5,,,1,102,,161960,5,,,1,105,,161961,5,,,1,95,,161962,5,0,7 18 9,1,5,,161963,5,,,1,80,,161964,5,0,7 18 9,1,15,,161965,5,,,1,95,,161966,5,,,1,218,,161970,5,,,1,5,,161971,5,0,7 18 9,1,5,,161972,5,,,1,60,,161973,5,0,7 18 9,1,10,,161974,5,,,1,97,,161975,5,0,7 18 9,1,5,,161976,5,0,7 18 9,1,5,,161977,5,,,1,100,,161978,5,0,7 18 9,1,5,,161979,5,,,1,100,,161980,5,,,1,126,,161981,5,,,1
3000,'20260828',437,,161982,5,,,1,188,,161983,5,,,1,97,,161984,5,,,1,92,,161985,5,,,1,110,,161986,5,,,1,102,,161987,5,,,1,105,,161988,5,,,1,95,,161989,5,0,7 18 9,1,5,,161990,5,,,1,80,,161991,5,0,7 18 9,1,15,,161992,5,,,1,90,,161993,5,0,7 18 9,1,5,,161994,5,,,1,218,,161998,5,,,1,5,,161999,5,0,7 18 9,1,5,,162000,5,,,1,60,,162001,5,0,7 18 9,1,10,,162002,5,,,1,97,,162003,5,0,7 18 9,1,5,,162004,5,0,7 18 9,1,5,,162005,5,,,1,100,,162006,5,0,7 18 9,1,5,,162007,5,,,1,71,,162008,5,0,7 18 9,1,29,,162009,5,,,1,126,,162010,5,,,1
3000,'20260829',636,,162011,5,0,7 18 9,1,5,,162012,5,,,1,190,,162013,5,0,7 18 9,1,5,,162014,5,,,1,95,,162016,5,0,7 18 9,1,5,,162017,5,,,1,92,,162019,5,0,7 18 9,1,5,,162020,5,,,1,95,,162022,5,0,7 18 9,1,5,,162023,5,,,1,90,,162025,5,0,7 18 9,1,5,,162026,5,,,1,95,,162028,5,0,7 18 9,1,5,,162029,5,,,1,90,,162031,5,0,7 18 9,1,5,,162032,5,,,1,210,,162034,5,0,7 18 9,1,20,,162035,5,,,1,80,,162036,5,0,7 18 9,1,20,,162037,5,,,1,80,,162038,5,,,1,100,,162039,5,,,1,73,,162040,5,0,7 18 9,1,95,,162041,5,,,1,35,,162042,5,,,1,102,,162043,5,,,1
3000,'20260830',641,,162044,5,,,1,190,,162045,5,0,7 18 9,1,5,,162046,5,,,1,95,,162047,5,0,7 18 9,1,5,,162048,5,,,1,92,,162049,5,0,7 18 9,1,5,,162050,5,,,1,95,,162051,5,0,7 18 9,1,5,,162052,5,,,1,90,,162053,5,0,7 18 9,1,5,,162054,5,,,1,95,,162055,5,0,7 18 9,1,5,,162056,5,,,1,90,,162057,5,0,7 18 9,1,5,,162058,5,,,1,210,,162059,5,0,7 18 9,1,20,,162060,5,,,1,80,,162061,5,0,7 18 9,1,20,,162062,5,,,1,80,,162063,5,,,1,100,,162064,5,,,1,73,,162065,5,0,7 18 9,1,95,,162066,5,,,1,35,,162067,5,,,1,102,,162068,5,,,1
3000,'20260831',437,,162069,5,,,1,188,,162070,5,,,1,97,,162071,5,,,1,92,,162072,5,,,1,110,,162073,5,,,1,102,,162074,5,,,1,105,,162075,5,,,1,100,,162076,5,,,1,95,,162077,5,,,1,95,,162078,5,,,1,223,,162081,5,0,7 18 9,1,5,,162082,5,,,1,70,,162083,5,,,1,102,,162084,5,0,7 18 9,1,5,,162085,5,,,1,100,,162086,5,0,7 18 9,1,5,,162087,5,,,1,100,,162088,5,,,1,126,,162089,5,,,1
3000,'20260901',437,,162090,5,,,1,188,,162091,5,,,1,97,,162092,5,,,1,92,,162093,5,,,1,110,,162094,5,,,1,102,,162095,5,,,1,105,,162096,5,,,1,100,,162097,5,,,1,95,,162098,5,,,1,95,,162099,5,,,1,223,,162102,5,0,7 18 9,1,5,,162103,5,,,1,70,,162104,5,,,1,102,,162105,5,0,7 18 9,1,5,,162106,5,,,1,100,,162107,5,0,7 18 9,1,5,,162108,5,,,1,100,,162109,5,,,1,126,,162110,5,,,1
3000,'20260902',437,,162111,5,,,1,188,,162112,5,,,1,97,,162113,5,,,1,92,,162114,5,,,1,110,,162115,5,,,1,102,,162116,5,,,1,105,,162117,5,,,1,100,,162118,5,,,1,95,,162119,5,,,1,95,,162120,5,,,1,223,,162123,5,0,7 18 9,1,5,,162124,5,,,1,70,,162125,5,,,1,102,,162126,5,0,7 18 9,1,5,,162127,5,,,1,100,,162128,5,0,7 18 9,1,5,,162129,5,,,1,100,,162130,5,,,1,126,,162131,5,,,1
3000,'20260903',437,,162132,5,,,1,188,,162133,5,,,1,97,,162134,5,,,1,92,,162135,5,,,1,110,,162136,5,,,1,102,,162137,5,,,1,105,,162138,5,,,1,95,,162139,5,0,7 18 9,1,5,,162140,5,,,1,80,,162141,5,0,7 18 9,1,15,,162142,5,,,1,95,,162143,5,,,1,218,,162147,5,,,1,5,,162148,5,0,7 18 9,1,5,,162149,5,,,1,60,,162150,5,0,7 18 9,1,10,,162151,5,,,1,97,,162152,5,0,7 18 9,1,5,,162153,5,0,7 18 9,1,5,,162154,5,,,1,100,,162155,5,0,7 18 9,1,5,,162156,5,,,1,100,,162157,5,,,1,126,,162158,5,,,1
3000,'20260904',437,,162159,5,,,1,188,,162160,5,,,1,97,,162161,5,,,1,92,,162162,5,,,1,110,,162163,5,,,1,102,,162164,5,,,1,105,,162165,5,,,1,95,,162166,5,0,7 18 9,1,5,,162167,5,,,1,80,,162168,5,0,7 18 9,1,15,,162169,5,,,1,90,,162170,5,0,7 18 9,1,5,,162171,5,,,1,218,,162175,5,,,1,5,,162176,5,0,7 18 9,1,5,,162177,5,,,1,60,,162178,5,0,7 18 9,1,10,,162179,5,,,1,97,,162180,5,0,7 18 9,1,5,,162181,5,0,7 18 9,1,5,,162182,5,,,1,100,,162183,5,0,7 18 9,1,5,,162184,5,,,1,71,,162185,5,0,7 18 9,1,29,,162186,5,,,1,126,,162187,5,,,1
