2100,'20260409',415,,12371,23,,,1,35,,12372,23,,,1,65,,12373,23,,,1,425,,12376,23,0,7 29 30,1,70,,12378,23,0,7 29 30,1,35,,12381,23,0,7 29 30,1,70,,12383,23,0,7 29 30,1,35,,12386,23,0,7 29 30,1,100,,12389,23,0,7 29 30,1,100,,12392,23,0,7 29 30,1,95,,12395,23,0,7 29 30,1,102,,12398,23,0,7 29 30,1,105,,12402,23,,,1,100,,12403,23,,,1,100,,12404,23,,,1,100,,12405,23,,,1,99,,12406,23,,,1,101,,12407,23,,,1,99,,12408,23,,,1,105,,12409,23,,,1,99,,12410,23,,,1
2100,'20260410',415,,12411,23,,,1,35,,12412,23,,,1,65,,12413,23,,,1,425,,12416,23,0,7 29 30,1,70,,12418,23,0,7 29 30,1,35,,12421,23,0,7 29 30,1,70,,12423,23,0,7 29 30,1,35,,12426,23,0,7 29 30,1,100,,12429,23,0,7 29 30,1,100,,12432,23,0,7 29 30,1,95,,12435,23,0,7 29 30,1,102,,12438,23,0,7 29 30,1,105,,12442,23,,,1,100,,12443,23,,,1,100,,12444,23,,,1,100,,12445,23,,,1,99,,12446,23,,,1,101,,12447,23,,,1,99,,12448,23,,,1,105,,12449,23,,,1,99,,12450,23,,,1
2100,'20260411',516,,12451,23,0,57 29 30,1,100,,12452,23,0,57 29 30,1,34,,12453,23,0,57 29 30,1,105,,12454,23,0,7 29 30,1,45,,12455,1,0,34 29 30,1,55,,12457,23,0,7 29 30,1,45,,12459,1,0,34 29 30,1,55,,12461,23,0,7 29 30,1,45,,12463,1,0,34 29 30,1,52,,12465,23,0,7 29 30,1,48,,12467,1,0,34 29 30,1,53,,12469,23,0,7 29 30,1,47,,12470,1,0,34 29 30,1,55,,12472,23,0,7 29 30,1,45,,12473,1,0,34 29 30,1,55,,12475,23,0,7 29 30,1,45,,12476,1,0,34 29 30,1,55,,12478,23,0,7 29 30,1,45,,12479,1,0,34 29 30,1,55,,12481,23,0,7 29 30,1,45,,12482,1,0,34 29 30,1,50,,12484,23,0,7 29 30,1,50,,12485,1,0,34 29 30,1,48,,12487,23,0,7 29 30,1,52,,12488,1,0,34 29 30,1,53,,12489,23,0,7 29 30,1,47,,12490,1,0,34 29 30,1,53,,12491,23,0,57 29 30,1,95,,12492,23,0,57 29 30,1,100,,12493,23,0,57 29 30,1,100,,12494,23,0,57 29 30,1,102,,12495,23,0,57 29 30,1,100,,12496,23,0,57 29 30,1
2100,'20260412',516,,12497,23,0,57 29 30,1,100,,12498,23,0,57 29 30,1,34,,12499,23,0,57 29 30,1,105,,12500,23,0,7 29 30,1,45,,12501,1,0,34 29 30,1,55,,12503,23,0,7 29 30,1,45,,12505,1,0,34 29 30,1,55,,12507,23,0,7 29 30,1,45,,12509,1,0,34 29 30,1,52,,12511,23,0,7 29 30,1,48,,12513,1,0,34 29 30,1,53,,12515,23,0,7 29 30,1,47,,12516,1,0,34 29 30,1,55,,12518,23,0,7 29 30,1,45,,12519,1,0,34 29 30,1,55,,12521,23,0,7 29 30,1,45,,12522,1,0,34 29 30,1,55,,12524,23,0,7 29 30,1,45,,12525,1,0,34 29 30,1,55,,12527,23,0,7 29 30,1,45,,12528,1,0,34 29 30,1,50,,12530,23,0,7 29 30,1,50,,12531,1,0,34 29 30,1,48,,12533,23,0,7 29 30,1,52,,12534,1,0,34 29 30,1,53,,12535,23,0,7 29 30,1,47,,12536,1,0,34 29 30,1,53,,12537,23,0,57 29 30,1,95,,12538,23,0,57 29 30,1,100,,12539,23,0,57 29 30,1,100,,12540,23,0,57 29 30,1,102,,12541,23,0,57 29 30,1,100,,12542,23,0,57 29 30,1
2100,'20260413',415,,12543,23,,,1,35,,12544,23,,,1,65,,12545,23,,,1,425,,12548,23,0,7 29 30,1,70,,12550,23,0,7 29 30,1,35,,12553,23,0,7 29 30,1,70,,12555,23,0,7 29 30,1,35,,12558,23,0,7 29 30,1,100,,12561,23,0,7 29 30,1,100,,12564,23,0,7 29 30,1,95,,12567,23,0,7 29 30,1,102,,12570,23,0,7 29 30,1,105,,12574,23,,,1,100,,12575,23,,,1,100,,12576,23,,,1,100,,12577,23,,,1,99,,12578,23,,,1,101,,12579,23,,,1,99,,12580,23,,,1,105,,12581,23,,,1,99,,12582,23,,,1
2100,'20260414',415,,12583,23,,,1,35,,12584,23,,,1,65,,12585,23,,,1,425,,12588,23,0,7 29 30,1,70,,12590,23,0,7 29 30,1,35,,12593,23,0,7 29 30,1,70,,12595,23,0,7 29 30,1,35,,12598,23,0,7 29 30,1,100,,12601,23,0,7 29 30,1,100,,12604,23,0,7 29 30,1,95,,12607,23,0,7 29 30,1,102,,12610,23,0,7 29 30,1,105,,12614,23,,,1,100,,12615,23,,,1,100,,12616,23,,,1,100,,12617,23,,,1,99,,12618,23,,,1,101,,12619,23,,,1,99,,12620,23,,,1,105,,12621,23,,,1,99,,12622,23,,,1
2100,'20260415',415,,12623,23,,,1,35,,12624,23,,,1,65,,12625,23,,,1,425,,12628,23,0,7 29 30,1,70,,12630,23,0,7 29 30,1,35,,12633,23,0,7 29 30,1,70,,12635,23,0,7 29 30,1,35,,12638,23,0,7 29 30,1,100,,12641,23,0,7 29 30,1,100,,12644,23,0,7 29 30,1,95,,12647,23,0,7 29 30,1,102,,12650,23,0,7 29 30,1,105,,12654,23,,,1,100,,12655,23,,,1,100,,12656,23,,,1,100,,12657,23,,,1,99,,12658,23,,,1,101,,12659,23,,,1,99,,12660,23,,,1,105,,12661,23,,,1,99,,12662,23,,,1
2100,'20260416',415,,12663,23,,,1,35,,12664,23,,,1,65,,12665,23,,,1,425,,12668,23,0,7 29 30,1,70,,12670,23,0,7 29 30,1,35,,12673,23,0,7 29 30,1,70,,12675,23,0,7 29 30,1,35,,12678,23,0,7 29 30,1,100,,12681,23,0,7 29 30,1,100,,12684,23,0,7 29 30,1,95,,12687,23,0,7 29 30,1,102,,12690,23,0,7 29 30,1,105,,12694,23,,,1,100,,12695,23,,,1,100,,12696,23,,,1,100,,12697,23,,,1,99,,12698,23,,,1,101,,12699,23,,,1,99,,12700,23,,,1,105,,12701,23,,,1,99,,12702,23,,,1
2100,'20260417',415,,12703,23,,,1,35,,12704,23,,,1,65,,12705,23,,,1,425,,12708,23,0,7 29 30,1,70,,12710,23,0,7 29 30,1,35,,12713,23,0,7 29 30,1,70,,12715,23,0,7 29 30,1,35,,12718,23,0,7 29 30,1,100,,12721,23,0,7 29 30,1,100,,12724,23,0,7 29 30,1,95,,12727,23,0,7 29 30,1,102,,12730,23,0,7 29 30,1,105,,12734,23,,,1,100,,12735,23,,,1,100,,12736,23,,,1,100,,12737,23,,,1,99,,12738,23,,,1,101,,12739,23,,,1,99,,12740,23,,,1,105,,12741,23,,,1,99,,12742,23,,,1
2100,'20260418',516,,12743,23,0,57 29 30,1,100,,12744,23,0,57 29 30,1,34,,12745,23,0,57 29 30,1,105,,12746,23,0,7 29 30,1,45,,12747,1,0,34 29 30,1,55,,12749,23,0,7 29 30,1,45,,12751,1,0,34 29 30,1,55,,12753,23,0,7 29 30,1,45,,12755,1,0,34 29 30,1,52,,12757,23,0,7 29 30,1,48,,12759,1,0,34 29 30,1,53,,12761,23,0,7 29 30,1,47,,12762,1,0,34 29 30,1,55,,12764,23,0,7 29 30,1,45,,12765,1,0,34 29 30,1,55,,12767,23,0,7 29 30,1,45,,12768,1,0,34 29 30,1,55,,12770,23,0,7 29 30,1,45,,12771,1,0,34 29 30,1,55,,12773,23,0,7 29 30,1,45,,12774,1,0,34 29 30,1,50,,12776,23,0,7 29 30,1,50,,12777,1,0,34 29 30,1,48,,12779,23,0,7 29 30,1,52,,12780,1,0,34 29 30,1,53,,12781,23,0,7 29 30,1,47,,12782,1,0,34 29 30,1,53,,12783,23,0,57 29 30,1,95,,12784,23,0,57 29 30,1,100,,12785,23,0,57 29 30,1,100,,12786,23,0,57 29 30,1,102,,12787,23,0,57 29 30,1,100,,12788,23,0,57 29 30,1
2100,'20260419',516,,12789,23,0,57 29 30,1,100,,12790,23,0,57 29 30,1,34,,12791,23,0,57 29 30,1,105,,12792,23,0,7 29 30,1,45,,12793,1,0,34 29 30,1,55,,12795,23,0,7 29 30,1,45,,12797,1,0,34 29 30,1,55,,12799,23,0,7 29 30,1,45,,12801,1,0,34 29 30,1,52,,12803,23,0,7 29 30,1,48,,12805,1,0,34 29 30,1,53,,12807,23,0,7 29 30,1,47,,12808,1,0,34 29 30,1,55,,12810,23,0,7 29 30,1,45,,12811,1,0,34 29 30,1,55,,12813,23,0,7 29 30,1,45,,12814,1,0,34 29 30,1,55,,12816,23,0,7 29 30,1,45,,12817,1,0,34 29 30,1,55,,12819,23,0,7 29 30,1,45,,12820,1,0,34 29 30,1,50,,12822,23,0,7 29 30,1,50,,12823,1,0,34 29 30,1,48,,12825,23,0,7 29 30,1,52,,12826,1,0,34 29 30,1,53,,12827,23,0,7 29 30,1,47,,12828,1,0,34 29 30,1,53,,12829,23,0,57 29 30,1,95,,12830,23,0,57 29 30,1,100,,12831,23,0,57 29 30,1,100,,12832,23,0,57 29 30,1,102,,12833,23,0,57 29 30,1,100,,12834,23,0,57 29 30,1
2100,'20260420',415,,12835,23,,,1,35,,12836,23,,,1,65,,12837,23,,,1,425,,12840,23,0,7 29 30,1,70,,12842,23,0,7 29 30,1,35,,12845,23,0,7 29 30,1,70,,12847,23,0,7 29 30,1,35,,12850,23,0,7 29 30,1,100,,12853,23,0,7 29 30,1,100,,12856,23,0,7 29 30,1,95,,12859,23,0,7 29 30,1,102,,12862,23,0,7 29 30,1,105,,12866,23,,,1,100,,12867,23,,,1,100,,12868,23,,,1,100,,12869,23,,,1,99,,12870,23,,,1,101,,12871,23,,,1,99,,12872,23,,,1,105,,12873,23,,,1,99,,12874,23,,,1
2100,'20260421',415,,12875,23,,,1,35,,12876,23,,,1,65,,12877,23,,,1,425,,12880,23,0,7 29 30,1,70,,12882,23,0,7 29 30,1,35,,12885,23,0,7 29 30,1,70,,12887,23,0,7 29 30,1,35,,12890,23,0,7 29 30,1,100,,12893,23,0,7 29 30,1,100,,12896,23,0,7 29 30,1,95,,12899,23,0,7 29 30,1,102,,12902,23,0,7 29 30,1,105,,12906,23,,,1,100,,12907,23,,,1,100,,12908,23,,,1,100,,12909,23,,,1,99,,12910,23,,,1,101,,12911,23,,,1,99,,12912,23,,,1,105,,12913,23,,,1,99,,12914,23,,,1
2100,'20260422',415,,12915,23,,,1,35,,12916,23,,,1,65,,12917,23,,,1,425,,12920,23,0,7 29 30,1,70,,12922,23,0,7 29 30,1,35,,12925,23,0,7 29 30,1,70,,12927,23,0,7 29 30,1,35,,12930,23,0,7 29 30,1,100,,12933,23,0,7 29 30,1,100,,12936,23,0,7 29 30,1,95,,12939,23,0,7 29 30,1,102,,12942,23,0,7 29 30,1,105,,12946,23,,,1,100,,12947,23,,,1,100,,12948,23,,,1,100,,12949,23,,,1,99,,12950,23,,,1,101,,12951,23,,,1,99,,12952,23,,,1,105,,12953,23,,,1,99,,12954,23,,,1
2100,'20260423',415,,12955,23,,,1,35,,12956,23,,,1,65,,12957,23,,,1,425,,12960,23,0,7 29 30,1,70,,12962,23,0,7 29 30,1,35,,12965,23,0,7 29 30,1,70,,12967,23,0,7 29 30,1,35,,12970,23,0,7 29 30,1,100,,12973,23,0,7 29 30,1,100,,12976,23,0,7 29 30,1,95,,12979,23,0,7 29 30,1,102,,12982,23,0,7 29 30,1,105,,12986,23,,,1,100,,12987,23,,,1,100,,12988,23,,,1,100,,12989,23,,,1,99,,12990,23,,,1,101,,12991,23,,,1,99,,12992,23,,,1,105,,12993,23,,,1,99,,12994,23,,,1
2100,'20260424',415,,12995,23,,,1,35,,12996,23,,,1,65,,12997,23,,,1,425,,13000,23,0,7 29 30,1,70,,13002,23,0,7 29 30,1,35,,13005,23,0,7 29 30,1,70,,13007,23,0,7 29 30,1,35,,13010,23,0,7 29 30,1,100,,13013,23,0,7 29 30,1,100,,13016,23,0,7 29 30,1,95,,13019,23,0,7 29 30,1,102,,13022,23,0,7 29 30,1,105,,13026,23,,,1,100,,13027,23,,,1,100,,13028,23,,,1,100,,13029,23,,,1,99,,13030,23,,,1,101,,13031,23,,,1,99,,13032,23,,,1,105,,13033,23,,,1,99,,13034,23,,,1
2101,'20260409',652,,14229,27,,,1,157,,14230,27,,,1,113,,14231,27,,,1,98,,14232,27,,,1,105,,14233,27,,,1,100,,14234,27,,,1,102,,14235,27,,,1,13,,14237,7,0,7 8 9,1,95,,14240,7,0,7 8 9,1,115,,14244,7,0,7 8 9,1,470,,14249,7,0,7 8 9,1,30,,14251,7,0,7 8 9,1,65,,14254,7,0,7 8 9,1,100,,14258,7,0,7 8 9,1,100,,14261,7,0,7 8 9,1,96,,14263,7,0,7 8 9,1,114,,14264,27,,,1,95,,14265,27,,,1,96,,14266,27,,,1
2101,'20260410',652,,14267,27,,,1,157,,14268,27,,,1,113,,14269,27,,,1,98,,14270,27,,,1,105,,14271,27,,,1,100,,14272,27,,,1,102,,14273,27,,,1,13,,14275,7,0,7 8 9,1,95,,14278,7,0,7 8 9,1,115,,14282,7,0,7 8 9,1,470,,14287,7,0,7 8 9,1,30,,14289,7,0,7 8 9,1,65,,14292,7,0,7 8 9,1,100,,14296,7,0,7 8 9,1,100,,14299,7,0,7 8 9,1,96,,14301,7,0,7 8 9,1,114,,14302,27,,,1,95,,14303,27,,,1,96,,14304,27,,,1
2101,'20260411',834,,14305,27,0,57 8 9,1,103,,14306,27,0,57 8 9,1,95,,14307,27,0,57 8 9,1,110,,14308,27,0,57 8 9,1,88,,14309,27,4,,1,5,,14310,7,0,7 8 9,1,105,,14311,27,4,,1,5,,14312,7,0,7 8 9,1,100,,14313,27,4,,1,5,,14314,7,0,7 8 9,1,95,,14315,27,4,,1,5,,14316,7,0,7 8 9,1,95,,14317,27,4,,1,5,,14319,7,0,7 8 9,1,100,,14320,27,4,,1,5,,14322,7,0,7 8 9,1,95,,14323,27,4,,1,5,,14326,7,0,7 8 9,1,85,,14327,27,4,,1,5,,14330,7,0,7 8 9,1,90,,14331,27,4,,1,5,,14334,7,0,7 8 9,1,95,,14335,27,4,,1,5,,14337,7,0,7 8 9,1,90,,14338,27,4,,1,7,,14340,7,0,7 8 9,1,88,,14341,27,4,,1,7,,14343,7,0,7 8 9,1,93,,14344,27,4,,1,2,,14345,7,0,7 8 9,1,98,,14346,27,0,57 8 9,1,98,,14347,27,0,57 8 9,1,100,,14348,27,0,57 8 9,1
2101,'20260412',834,,14349,27,0,57 8 9,1,103,,14350,27,0,57 8 9,1,95,,14351,27,0,57 8 9,1,110,,14352,27,0,57 8 9,1,88,,14353,27,4,,1,5,,14354,7,0,7 8 9,1,105,,14355,27,4,,1,5,,14356,7,0,7 8 9,1,100,,14357,27,4,,1,5,,14358,7,0,7 8 9,1,95,,14359,27,4,,1,5,,14360,7,0,7 8 9,1,95,,14361,27,4,,1,5,,14363,7,0,7 8 9,1,100,,14364,27,4,,1,5,,14366,7,0,7 8 9,1,95,,14367,27,4,,1,5,,14370,7,0,7 8 9,1,85,,14371,27,4,,1,5,,14374,7,0,7 8 9,1,90,,14375,27,4,,1,5,,14378,7,0,7 8 9,1,95,,14379,27,4,,1,5,,14381,7,0,7 8 9,1,90,,14382,27,4,,1,7,,14384,7,0,7 8 9,1,88,,14385,27,4,,1,7,,14387,7,0,7 8 9,1,93,,14388,27,4,,1,7,,14389,7,0,7 8 9,1,93,,14390,27,0,57 8 9,1,98,,14391,27,0,57 8 9,1,100,,14392,27,0,57 8 9,1
2101,'20260413',652,,14393,27,,,1,157,,14394,27,,,1,113,,14395,27,,,1,98,,14396,27,,,1,105,,14397,27,,,1,100,,14398,27,,,1,102,,14399,27,,,1,13,,14401,7,0,7 8 9,1,95,,14404,7,0,7 8 9,1,115,,14408,7,0,7 8 9,1,470,,14413,7,0,7 8 9,1,30,,14415,7,0,7 8 9,1,65,,14418,7,0,7 8 9,1,100,,14422,7,0,7 8 9,1,100,,14425,7,0,7 8 9,1,96,,14427,7,0,7 8 9,1,114,,14428,27,,,1,95,,14429,27,,,1,96,,14430,27,,,1
2101,'20260414',652,,14431,27,,,1,157,,14432,27,,,1,113,,14433,27,,,1,98,,14434,27,,,1,105,,14435,27,,,1,100,,14436,27,,,1,102,,14437,27,,,1,13,,14439,7,0,7 8 9,1,95,,14442,7,0,7 8 9,1,115,,14446,7,0,7 8 9,1,470,,14451,7,0,7 8 9,1,30,,14453,7,0,7 8 9,1,65,,14456,7,0,7 8 9,1,100,,14460,7,0,7 8 9,1,100,,14463,7,0,7 8 9,1,96,,14465,7,0,7 8 9,1,114,,14466,27,,,1,95,,14467,27,,,1,96,,14468,27,,,1
2101,'20260415',652,,14469,27,,,1,157,,14470,27,,,1,113,,14471,27,,,1,98,,14472,27,,,1,105,,14473,27,,,1,100,,14474,27,,,1,102,,14475,27,,,1,13,,14477,7,0,7 8 9,1,95,,14480,7,0,7 8 9,1,115,,14484,7,0,7 8 9,1,470,,14489,7,0,7 8 9,1,30,,14491,7,0,7 8 9,1,65,,14494,7,0,7 8 9,1,100,,14498,7,0,7 8 9,1,100,,14501,7,0,7 8 9,1,96,,14503,7,0,7 8 9,1,114,,14504,27,,,1,95,,14505,27,,,1,96,,14506,27,,,1
2101,'20260416',652,,14507,27,,,1,157,,14508,27,,,1,113,,14509,27,,,1,98,,14510,27,,,1,105,,14511,27,,,1,100,,14512,27,,,1,102,,14513,27,,,1,13,,14515,7,0,7 8 9,1,95,,14518,7,0,7 8 9,1,115,,14522,7,0,7 8 9,1,470,,14527,7,0,7 8 9,1,30,,14529,7,0,7 8 9,1,65,,14532,7,0,7 8 9,1,100,,14536,7,0,7 8 9,1,100,,14539,7,0,7 8 9,1,96,,14541,7,0,7 8 9,1,114,,14542,27,,,1,95,,14543,27,,,1,96,,14544,27,,,1
2101,'20260417',652,,14545,27,,,1,157,,14546,27,,,1,113,,14547,27,,,1,98,,14548,27,,,1,105,,14549,27,,,1,100,,14550,27,,,1,102,,14551,27,,,1,13,,14553,7,0,7 8 9,1,95,,14556,7,0,7 8 9,1,115,,14560,7,0,7 8 9,1,470,,14565,7,0,7 8 9,1,30,,14567,7,0,7 8 9,1,65,,14570,7,0,7 8 9,1,100,,14574,7,0,7 8 9,1,100,,14577,7,0,7 8 9,1,96,,14579,7,0,7 8 9,1,114,,14580,27,,,1,95,,14581,27,,,1,96,,14582,27,,,1
2101,'20260418',834,,14583,27,0,57 8 9,1,103,,14584,27,0,57 8 9,1,95,,14585,27,0,57 8 9,1,110,,14586,27,0,57 8 9,1,88,,14587,27,4,,1,5,,14588,7,0,7 8 9,1,105,,14589,27,4,,1,5,,14590,7,0,7 8 9,1,100,,14591,27,4,,1,5,,14592,7,0,7 8 9,1,95,,14593,27,4,,1,5,,14594,7,0,7 8 9,1,95,,14595,27,4,,1,5,,14597,7,0,7 8 9,1,100,,14598,27,4,,1,5,,14600,7,0,7 8 9,1,95,,14601,27,4,,1,5,,14604,7,0,7 8 9,1,85,,14605,27,4,,1,5,,14608,7,0,7 8 9,1,90,,14609,27,4,,1,5,,14612,7,0,7 8 9,1,95,,14613,27,4,,1,5,,14615,7,0,7 8 9,1,90,,14616,27,4,,1,7,,14618,7,0,7 8 9,1,88,,14619,27,4,,1,7,,14621,7,0,7 8 9,1,93,,14622,27,4,,1,2,,14623,7,0,7 8 9,1,98,,14624,27,0,57 8 9,1,98,,14625,27,0,57 8 9,1,100,,14626,27,0,57 8 9,1
2101,'20260419',834,,14627,27,0,57 8 9,1,103,,14628,27,0,57 8 9,1,95,,14629,27,0,57 8 9,1,110,,14630,27,0,57 8 9,1,88,,14631,27,4,,1,5,,14632,7,0,7 8 9,1,105,,14633,27,4,,1,5,,14634,7,0,7 8 9,1,100,,14635,27,4,,1,5,,14636,7,0,7 8 9,1,95,,14637,27,4,,1,5,,14638,7,0,7 8 9,1,95,,14639,27,4,,1,5,,14641,7,0,7 8 9,1,100,,14642,27,4,,1,5,,14644,7,0,7 8 9,1,95,,14645,27,4,,1,5,,14648,7,0,7 8 9,1,85,,14649,27,4,,1,5,,14652,7,0,7 8 9,1,90,,14653,27,4,,1,5,,14656,7,0,7 8 9,1,95,,14657,27,4,,1,5,,14659,7,0,7 8 9,1,90,,14660,27,4,,1,7,,14662,7,0,7 8 9,1,88,,14663,27,4,,1,7,,14665,7,0,7 8 9,1,93,,14666,27,4,,1,7,,14667,7,0,7 8 9,1,93,,14668,27,0,57 8 9,1,98,,14669,27,0,57 8 9,1,100,,14670,27,0,57 8 9,1
2101,'20260420',652,,14671,27,,,1,157,,14672,27,,,1,113,,14673,27,,,1,98,,14674,27,,,1,105,,14675,27,,,1,100,,14676,27,,,1,102,,14677,27,,,1,13,,14679,7,0,7 8 9,1,95,,14682,7,0,7 8 9,1,115,,14686,7,0,7 8 9,1,470,,14691,7,0,7 8 9,1,30,,14693,7,0,7 8 9,1,65,,14696,7,0,7 8 9,1,100,,14700,7,0,7 8 9,1,100,,14703,7,0,7 8 9,1,96,,14705,7,0,7 8 9,1,114,,14706,27,,,1,95,,14707,27,,,1,96,,14708,27,,,1
2101,'20260421',652,,14709,27,,,1,157,,14710,27,,,1,113,,14711,27,,,1,98,,14712,27,,,1,105,,14713,27,,,1,100,,14714,27,,,1,102,,14715,27,,,1,13,,14717,7,0,7 8 9,1,95,,14720,7,0,7 8 9,1,115,,14724,7,0,7 8 9,1,470,,14729,7,0,7 8 9,1,30,,14731,7,0,7 8 9,1,65,,14734,7,0,7 8 9,1,100,,14738,7,0,7 8 9,1,100,,14741,7,0,7 8 9,1,96,,14743,7,0,7 8 9,1,114,,14744,27,,,1,95,,14745,27,,,1,96,,14746,27,,,1
2101,'20260422',652,,14747,27,,,1,157,,14748,27,,,1,113,,14749,27,,,1,98,,14750,27,,,1,105,,14751,27,,,1,100,,14752,27,,,1,102,,14753,27,,,1,13,,14755,7,0,7 8 9,1,95,,14758,7,0,7 8 9,1,115,,14762,7,0,7 8 9,1,470,,14767,7,0,7 8 9,1,30,,14769,7,0,7 8 9,1,65,,14772,7,0,7 8 9,1,100,,14776,7,0,7 8 9,1,100,,14779,7,0,7 8 9,1,96,,14781,7,0,7 8 9,1,114,,14782,27,,,1,95,,14783,27,,,1,96,,14784,27,,,1
2101,'20260423',652,,14785,27,,,1,157,,14786,27,,,1,113,,14787,27,,,1,98,,14788,27,,,1,105,,14789,27,,,1,100,,14790,27,,,1,102,,14791,27,,,1,13,,14793,7,0,7 8 9,1,95,,14796,7,0,7 8 9,1,115,,14800,7,0,7 8 9,1,470,,14805,7,0,7 8 9,1,30,,14807,7,0,7 8 9,1,65,,14810,7,0,7 8 9,1,100,,14814,7,0,7 8 9,1,100,,14817,7,0,7 8 9,1,96,,14819,7,0,7 8 9,1,114,,14820,27,,,1,95,,14821,27,,,1,96,,14822,27,,,1
2101,'20260424',652,,14823,27,,,1,157,,14824,27,,,1,113,,14825,27,,,1,98,,14826,27,,,1,105,,14827,27,,,1,100,,14828,27,,,1,102,,14829,27,,,1,13,,14831,7,0,7 8 9,1,95,,14834,7,0,7 8 9,1,115,,14838,7,0,7 8 9,1,470,,14843,7,0,7 8 9,1,30,,14845,7,0,7 8 9,1,65,,14848,7,0,7 8 9,1,100,,14852,7,0,7 8 9,1,100,,14855,7,0,7 8 9,1,96,,14857,7,0,7 8 9,1,114,,14858,27,,,1,95,,14859,27,,,1,96,,14860,27,,,1
2700,'20260409',530,,19020,23,0,7 6,1,20,,19021,1,0,5 6,1,65,,19022,23,0,7 6,1,22,,19023,23,0,7 6,1,18,,19024,23,0,7 6,1,65,,19025,23,0,7 6,1,25,,19026,23,0,7 6,1,70,,19027,23,0,7 6,1,35,,19028,23,0,7 6,1,105,,19029,23,0,7 6,1,100,,19030,23,0,7 6,1,100,,19031,1,0,5 6,1,100,,19032,1,0,5 6,1,100,,19033,1,0,5 6,1,95,,19034,1,0,5 6,1,65,,19035,23,0,7 6,1,35,,19036,23,0,7 6,1,65,,19037,23,0,7 6,1,20,,19038,1,0,5 6,1,15,,19039,23,0,7 6,1,75,,19040,23,0,7 6,1,80,,19041,23,0,7 6,1,50,,19042,23,0,7 6,1,145,,19043,1,0,5 6,1,100,,19044,1,0,5 6,1,200,,19045,1,0,5 6,1
2700,'20260410',530,,19046,23,0,7 6,1,85,,19047,23,0,7 6,1,22,,19048,23,0,7 6,1,18,,19049,23,0,7 6,1,65,,19050,23,0,7 6,1,25,,19051,23,0,7 6,1,70,,19052,23,0,7 6,1,35,,19053,23,0,7 6,1,105,,19054,23,0,7 6,1,100,,19055,23,0,7 6,1,100,,19056,1,0,5 6,1,100,,19057,1,0,5 6,1,100,,19058,1,0,5 6,1,95,,19059,1,0,5 6,1,65,,19060,23,0,7 6,1,35,,19061,23,0,7 6,1,65,,19062,23,0,7 6,1,35,,19063,23,0,7 6,1,75,,19064,23,0,7 6,1,80,,19065,23,0,7 6,1,50,,19066,23,0,7 6,1,145,,19067,1,0,5 6,1,100,,19068,1,0,5 6,1,200,,19069,1,0,5 6,1
2700,'20260411',556,,19070,23,0,7 6,1,144,,19071,1,0,5 6,1,100,,19072,1,0,5 6,1,100,,19073,1,0,5 6,1,100,,19074,1,0,5 6,1,100,,19075,1,0,5 6,1,100,,19076,1,0,5 6,1,100,,19077,1,0,5 6,1,100,,19078,1,0,5 6,1,100,,19079,1,0,5 6,1,100,,19080,1,0,5 6,1,100,,19081,1,0,5 6,1,100,,19082,1,0,5 6,1,100,,19083,1,0,5 6,1,100,,19084,1,0,5 6,1,100,,19085,1,0,5 6,1,200,,19086,1,0,5 6,1
2700,'20260412',556,,19087,23,0,7 6,1,144,,19088,1,0,5 6,1,100,,19089,1,0,5 6,1,100,,19090,1,0,5 6,1,100,,19091,1,0,5 6,1,100,,19092,1,0,5 6,1,100,,19093,1,0,5 6,1,100,,19094,1,0,5 6,1,100,,19095,1,0,5 6,1,100,,19096,1,0,5 6,1,100,,19097,1,0,5 6,1,100,,19098,1,0,5 6,1,100,,19099,1,0,5 6,1,100,,19100,1,0,5 6,1,100,,19101,1,0,5 6,1,100,,19102,1,0,5 6,1,200,,19103,1,0,5 6,1
2700,'20260413',530,,19104,23,0,7 6,1,20,,19105,1,0,5 6,1,65,,19106,23,0,7 6,1,22,,19107,23,0,7 6,1,18,,19108,23,0,7 6,1,65,,19109,23,0,7 6,1,25,,19110,23,0,7 6,1,70,,19111,23,0,7 6,1,35,,19112,23,0,7 6,1,105,,19113,23,0,7 6,1,100,,19114,23,0,7 6,1,100,,19115,1,0,5 6,1,100,,19116,1,0,5 6,1,100,,19117,1,0,5 6,1,95,,19118,1,0,5 6,1,65,,19119,23,0,7 6,1,35,,19120,23,0,7 6,1,65,,19121,23,0,7 6,1,20,,19122,1,0,5 6,1,15,,19123,23,0,7 6,1,75,,19124,23,0,7 6,1,80,,19125,23,0,7 6,1,50,,19126,23,0,7 6,1,145,,19127,1,0,5 6,1,100,,19128,1,0,5 6,1,200,,19129,1,0,5 6,1
2700,'20260414',530,,19130,23,0,7 6,1,20,,19131,1,0,5 6,1,65,,19132,23,0,7 6,1,22,,19133,23,0,7 6,1,18,,19134,23,0,7 6,1,65,,19135,23,0,7 6,1,25,,19136,23,0,7 6,1,70,,19137,23,0,7 6,1,35,,19138,23,0,7 6,1,105,,19139,23,0,7 6,1,100,,19140,23,0,7 6,1,100,,19141,1,0,5 6,1,100,,19142,1,0,5 6,1,100,,19143,1,0,5 6,1,95,,19144,1,0,5 6,1,65,,19145,23,0,7 6,1,35,,19146,23,0,7 6,1,65,,19147,23,0,7 6,1,20,,19148,1,0,5 6,1,15,,19149,23,0,7 6,1,75,,19150,23,0,7 6,1,80,,19151,23,0,7 6,1,50,,19152,23,0,7 6,1,145,,19153,1,0,5 6,1,100,,19154,1,0,5 6,1,200,,19155,1,0,5 6,1
2700,'20260415',530,,19156,23,0,7 6,1,20,,19157,1,0,5 6,1,65,,19158,23,0,7 6,1,22,,19159,23,0,7 6,1,18,,19160,23,0,7 6,1,65,,19161,23,0,7 6,1,25,,19162,23,0,7 6,1,70,,19163,23,0,7 6,1,35,,19164,23,0,7 6,1,105,,19165,23,0,7 6,1,100,,19166,23,0,7 6,1,100,,19167,1,0,5 6,1,100,,19168,1,0,5 6,1,100,,19169,1,0,5 6,1,95,,19170,1,0,5 6,1,65,,19171,23,0,7 6,1,35,,19172,23,0,7 6,1,65,,19173,23,0,7 6,1,20,,19174,1,0,5 6,1,15,,19175,23,0,7 6,1,75,,19176,23,0,7 6,1,80,,19177,23,0,7 6,1,50,,19178,23,0,7 6,1,145,,19179,1,0,5 6,1,100,,19180,1,0,5 6,1,200,,19181,1,0,5 6,1
2700,'20260416',530,,19182,23,0,7 6,1,20,,19183,1,0,5 6,1,65,,19184,23,0,7 6,1,22,,19185,23,0,7 6,1,18,,19186,23,0,7 6,1,65,,19187,23,0,7 6,1,25,,19188,23,0,7 6,1,70,,19189,23,0,7 6,1,35,,19190,23,0,7 6,1,105,,19191,23,0,7 6,1,100,,19192,23,0,7 6,1,100,,19193,1,0,5 6,1,100,,19194,1,0,5 6,1,100,,19195,1,0,5 6,1,95,,19196,1,0,5 6,1,65,,19197,23,0,7 6,1,35,,19198,23,0,7 6,1,65,,19199,23,0,7 6,1,20,,19200,1,0,5 6,1,15,,19201,23,0,7 6,1,75,,19202,23,0,7 6,1,80,,19203,23,0,7 6,1,50,,19204,23,0,7 6,1,145,,19205,1,0,5 6,1,100,,19206,1,0,5 6,1,200,,19207,1,0,5 6,1
2700,'20260417',530,,19208,23,0,7 6,1,85,,19209,23,0,7 6,1,22,,19210,23,0,7 6,1,18,,19211,23,0,7 6,1,65,,19212,23,0,7 6,1,25,,19213,23,0,7 6,1,70,,19214,23,0,7 6,1,35,,19215,23,0,7 6,1,105,,19216,23,0,7 6,1,100,,19217,23,0,7 6,1,100,,19218,1,0,5 6,1,100,,19219,1,0,5 6,1,100,,19220,1,0,5 6,1,95,,19221,1,0,5 6,1,65,,19222,23,0,7 6,1,35,,19223,23,0,7 6,1,65,,19224,23,0,7 6,1,35,,19225,23,0,7 6,1,75,,19226,23,0,7 6,1,80,,19227,23,0,7 6,1,50,,19228,23,0,7 6,1,145,,19229,1,0,5 6,1,100,,19230,1,0,5 6,1,200,,19231,1,0,5 6,1
2700,'20260418',556,,19232,23,0,7 6,1,144,,19233,1,0,5 6,1,100,,19234,1,0,5 6,1,100,,19235,1,0,5 6,1,100,,19236,1,0,5 6,1,100,,19237,1,0,5 6,1,100,,19238,1,0,5 6,1,100,,19239,1,0,5 6,1,100,,19240,1,0,5 6,1,100,,19241,1,0,5 6,1,100,,19242,1,0,5 6,1,100,,19243,1,0,5 6,1,100,,19244,1,0,5 6,1,100,,19245,1,0,5 6,1,100,,19246,1,0,5 6,1,100,,19247,1,0,5 6,1,200,,19248,1,0,5 6,1
2700,'20260419',556,,19249,23,0,7 6,1,144,,19250,1,0,5 6,1,100,,19251,1,0,5 6,1,100,,19252,1,0,5 6,1,100,,19253,1,0,5 6,1,100,,19254,1,0,5 6,1,100,,19255,1,0,5 6,1,100,,19256,1,0,5 6,1,100,,19257,1,0,5 6,1,100,,19258,1,0,5 6,1,100,,19259,1,0,5 6,1,100,,19260,1,0,5 6,1,100,,19261,1,0,5 6,1,100,,19262,1,0,5 6,1,100,,19263,1,0,5 6,1,100,,19264,1,0,5 6,1,200,,19265,1,0,5 6,1
2700,'20260420',530,,19266,23,0,7 6,1,20,,19267,1,0,5 6,1,65,,19268,23,0,7 6,1,22,,19269,23,0,7 6,1,18,,19270,23,0,7 6,1,65,,19271,23,0,7 6,1,25,,19272,23,0,7 6,1,70,,19273,23,0,7 6,1,35,,19274,23,0,7 6,1,105,,19275,23,0,7 6,1,100,,19276,23,0,7 6,1,100,,19277,1,0,5 6,1,100,,19278,1,0,5 6,1,100,,19279,1,0,5 6,1,95,,19280,1,0,5 6,1,65,,19281,23,0,7 6,1,35,,19282,23,0,7 6,1,65,,19283,23,0,7 6,1,20,,19284,1,0,5 6,1,15,,19285,23,0,7 6,1,75,,19286,23,0,7 6,1,80,,19287,23,0,7 6,1,50,,19288,23,0,7 6,1,145,,19289,1,0,5 6,1,100,,19290,1,0,5 6,1,200,,19291,1,0,5 6,1
2700,'20260421',530,,19292,23,0,7 6,1,20,,19293,1,0,5 6,1,65,,19294,23,0,7 6,1,22,,19295,23,0,7 6,1,18,,19296,23,0,7 6,1,65,,19297,23,0,7 6,1,25,,19298,23,0,7 6,1,70,,19299,23,0,7 6,1,35,,19300,23,0,7 6,1,105,,19301,23,0,7 6,1,100,,19302,23,0,7 6,1,100,,19303,1,0,5 6,1,100,,19304,1,0,5 6,1,100,,19305,1,0,5 6,1,95,,19306,1,0,5 6,1,65,,19307,23,0,7 6,1,35,,19308,23,0,7 6,1,65,,19309,23,0,7 6,1,20,,19310,1,0,5 6,1,15,,19311,23,0,7 6,1,75,,19312,23,0,7 6,1,80,,19313,23,0,7 6,1,50,,19314,23,0,7 6,1,145,,19315,1,0,5 6,1,100,,19316,1,0,5 6,1,200,,19317,1,0,5 6,1
2700,'20260422',530,,19318,23,0,7 6,1,20,,19319,1,0,5 6,1,65,,19320,23,0,7 6,1,22,,19321,23,0,7 6,1,18,,19322,23,0,7 6,1,65,,19323,23,0,7 6,1,25,,19324,23,0,7 6,1,70,,19325,23,0,7 6,1,35,,19326,23,0,7 6,1,105,,19327,23,0,7 6,1,100,,19328,23,0,7 6,1,100,,19329,1,0,5 6,1,100,,19330,1,0,5 6,1,100,,19331,1,0,5 6,1,95,,19332,1,0,5 6,1,65,,19333,23,0,7 6,1,35,,19334,23,0,7 6,1,65,,19335,23,0,7 6,1,20,,19336,1,0,5 6,1,15,,19337,23,0,7 6,1,75,,19338,23,0,7 6,1,80,,19339,23,0,7 6,1,50,,19340,23,0,7 6,1,145,,19341,1,0,5 6,1,100,,19342,1,0,5 6,1,200,,19343,1,0,5 6,1
2700,'20260423',530,,19344,23,0,7 6,1,20,,19345,1,0,5 6,1,65,,19346,23,0,7 6,1,22,,19347,23,0,7 6,1,18,,19348,23,0,7 6,1,65,,19349,23,0,7 6,1,25,,19350,23,0,7 6,1,70,,19351,23,0,7 6,1,35,,19352,23,0,7 6,1,105,,19353,23,0,7 6,1,100,,19354,23,0,7 6,1,100,,19355,1,0,5 6,1,100,,19356,1,0,5 6,1,100,,19357,1,0,5 6,1,95,,19358,1,0,5 6,1,65,,19359,23,0,7 6,1,35,,19360,23,0,7 6,1,65,,19361,23,0,7 6,1,20,,19362,1,0,5 6,1,15,,19363,23,0,7 6,1,75,,19364,23,0,7 6,1,80,,19365,23,0,7 6,1,50,,19366,23,0,7 6,1,145,,19367,1,0,5 6,1,100,,19368,1,0,5 6,1,200,,19369,1,0,5 6,1
2700,'20260424',530,,19370,23,0,7 6,1,85,,19371,23,0,7 6,1,22,,19372,23,0,7 6,1,18,,19373,23,0,7 6,1,65,,19374,23,0,7 6,1,25,,19375,23,0,7 6,1,70,,19376,23,0,7 6,1,35,,19377,23,0,7 6,1,105,,19378,23,0,7 6,1,100,,19379,23,0,7 6,1,100,,19380,1,0,5 6,1,100,,19381,1,0,5 6,1,100,,19382,1,0,5 6,1,95,,19383,1,0,5 6,1,65,,19384,23,0,7 6,1,35,,19385,23,0,7 6,1,65,,19386,23,0,7 6,1,35,,19387,23,0,7 6,1,75,,19388,23,0,7 6,1,80,,19389,23,0,7 6,1,50,,19390,23,0,7 6,1,145,,19391,1,0,5 6,1,100,,19392,1,0,5 6,1,200,,19393,1,0,5 6,1
2701,'20260409',620,,20078,21,0,7 8 9,1,110,,20079,21,0,7 8 9,1,75,,20080,21,0,7 8 9,1,23,,20081,21,0,7 8 9,1,12,,20082,21,4,,1,10,,20083,21,0,7 8 9,1,74,,20084,21,0,7 8 9,1,81,,20085,21,0,7 8 9,1,115,,20086,21,4,,1,100,,20087,21,4,,1,100,,20088,21,4,,1,105,,20089,21,4,,1,110,,20090,21,0,7 8 9,1,110,,20091,21,0,7 8 9,1,70,,20092,21,0,7 8 9,1,35,,20093,21,0,7 8 9,1,75,,20094,21,0,7 8 9,1,25,,20095,21,0,7 8 9,1,70,,20096,21,0,7 8 9,1,10,,20097,21,4,,1,10,,20098,21,0,7 8 9,1,70,,20099,21,4,,1,100,,20100,21,4,,1,100,,20101,21,4,,1,100,,20102,21,4,,1,195,,20103,21,4,,1
2701,'20260410',620,,20104,21,0,7 8 9,1,110,,20105,21,0,7 8 9,1,75,,20106,21,0,7 8 9,1,23,,20107,21,0,7 8 9,1,22,,20108,21,0,7 8 9,1,74,,20109,21,0,7 8 9,1,81,,20110,21,0,7 8 9,1,115,,20111,21,4,,1,100,,20112,21,4,,1,100,,20113,21,4,,1,105,,20114,21,4,,1,110,,20115,21,0,7 8 9,1,110,,20116,21,0,7 8 9,1,70,,20117,21,0,7 8 9,1,35,,20118,21,0,7 8 9,1,75,,20119,21,0,7 8 9,1,25,,20120,21,0,7 8 9,1,70,,20121,21,0,7 8 9,1,20,,20122,21,0,7 8 9,1,70,,20123,21,4,,1,100,,20124,21,4,,1,100,,20125,21,4,,1,100,,20126,21,4,,1,195,,20127,21,4,,1
2701,'20260411',720,,20128,21,0,7 8 9,1,105,,20129,21,4,,1,100,,20130,21,4,,1,100,,20131,21,4,,1,105,,20132,21,4,,1,100,,20133,21,4,,1,110,,20134,21,4,,1,100,,20135,21,4,,1,100,,20136,21,4,,1,100,,20137,21,4,,1,95,,20138,21,4,,1,100,,20139,21,4,,1,100,,20140,21,4,,1,95,,20141,21,4,,1,195,,20142,21,4,,1,195,,20143,21,4,,1
2701,'20260412',720,,20144,21,0,7 8 9,1,105,,20145,21,4,,1,100,,20146,21,4,,1,100,,20147,21,4,,1,105,,20148,21,4,,1,100,,20149,21,4,,1,110,,20150,21,4,,1,100,,20151,21,4,,1,100,,20152,21,4,,1,100,,20153,21,4,,1,95,,20154,21,4,,1,100,,20155,21,4,,1,100,,20156,21,4,,1,95,,20157,21,4,,1,195,,20158,21,4,,1,195,,20159,21,4,,1
2701,'20260413',620,,20160,21,0,7 8 9,1,110,,20161,21,0,7 8 9,1,75,,20162,21,0,7 8 9,1,23,,20163,21,0,7 8 9,1,12,,20164,21,4,,1,10,,20165,21,0,7 8 9,1,74,,20166,21,0,7 8 9,1,81,,20167,21,0,7 8 9,1,115,,20168,21,4,,1,100,,20169,21,4,,1,100,,20170,21,4,,1,105,,20171,21,4,,1,110,,20172,21,0,7 8 9,1,110,,20173,21,0,7 8 9,1,70,,20174,21,0,7 8 9,1,35,,20175,21,0,7 8 9,1,75,,20176,21,0,7 8 9,1,25,,20177,21,0,7 8 9,1,70,,20178,21,0,7 8 9,1,10,,20179,21,4,,1,10,,20180,21,0,7 8 9,1,70,,20181,21,4,,1,100,,20182,21,4,,1,100,,20183,21,4,,1,100,,20184,21,4,,1,195,,20185,21,4,,1
2701,'20260414',620,,20186,21,0,7 8 9,1,110,,20187,21,0,7 8 9,1,75,,20188,21,0,7 8 9,1,23,,20189,21,0,7 8 9,1,12,,20190,21,4,,1,10,,20191,21,0,7 8 9,1,74,,20192,21,0,7 8 9,1,81,,20193,21,0,7 8 9,1,115,,20194,21,4,,1,100,,20195,21,4,,1,100,,20196,21,4,,1,105,,20197,21,4,,1,110,,20198,21,0,7 8 9,1,110,,20199,21,0,7 8 9,1,70,,20200,21,0,7 8 9,1,35,,20201,21,0,7 8 9,1,75,,20202,21,0,7 8 9,1,25,,20203,21,0,7 8 9,1,70,,20204,21,0,7 8 9,1,10,,20205,21,4,,1,10,,20206,21,0,7 8 9,1,70,,20207,21,4,,1,100,,20208,21,4,,1,100,,20209,21,4,,1,100,,20210,21,4,,1,195,,20211,21,4,,1
2701,'20260415',620,,20212,21,0,7 8 9,1,110,,20213,21,0,7 8 9,1,75,,20214,21,0,7 8 9,1,23,,20215,21,0,7 8 9,1,12,,20216,21,4,,1,10,,20217,21,0,7 8 9,1,74,,20218,21,0,7 8 9,1,81,,20219,21,0,7 8 9,1,115,,20220,21,4,,1,100,,20221,21,4,,1,100,,20222,21,4,,1,105,,20223,21,4,,1,110,,20224,21,0,7 8 9,1,110,,20225,21,0,7 8 9,1,70,,20226,21,0,7 8 9,1,35,,20227,21,0,7 8 9,1,75,,20228,21,0,7 8 9,1,25,,20229,21,0,7 8 9,1,70,,20230,21,0,7 8 9,1,10,,20231,21,4,,1,10,,20232,21,0,7 8 9,1,70,,20233,21,4,,1,100,,20234,21,4,,1,100,,20235,21,4,,1,100,,20236,21,4,,1,195,,20237,21,4,,1
2701,'20260416',620,,20238,21,0,7 8 9,1,110,,20239,21,0,7 8 9,1,75,,20240,21,0,7 8 9,1,23,,20241,21,0,7 8 9,1,12,,20242,21,4,,1,10,,20243,21,0,7 8 9,1,74,,20244,21,0,7 8 9,1,81,,20245,21,0,7 8 9,1,115,,20246,21,4,,1,100,,20247,21,4,,1,100,,20248,21,4,,1,105,,20249,21,4,,1,110,,20250,21,0,7 8 9,1,110,,20251,21,0,7 8 9,1,70,,20252,21,0,7 8 9,1,35,,20253,21,0,7 8 9,1,75,,20254,21,0,7 8 9,1,25,,20255,21,0,7 8 9,1,70,,20256,21,0,7 8 9,1,10,,20257,21,4,,1,10,,20258,21,0,7 8 9,1,70,,20259,21,4,,1,100,,20260,21,4,,1,100,,20261,21,4,,1,100,,20262,21,4,,1,195,,20263,21,4,,1
2701,'20260417',620,,20264,21,0,7 8 9,1,110,,20265,21,0,7 8 9,1,75,,20266,21,0,7 8 9,1,23,,20267,21,0,7 8 9,1,22,,20268,21,0,7 8 9,1,74,,20269,21,0,7 8 9,1,81,,20270,21,0,7 8 9,1,115,,20271,21,4,,1,100,,20272,21,4,,1,100,,20273,21,4,,1,105,,20274,21,4,,1,110,,20275,21,0,7 8 9,1,110,,20276,21,0,7 8 9,1,70,,20277,21,0,7 8 9,1,35,,20278,21,0,7 8 9,1,75,,20279,21,0,7 8 9,1,25,,20280,21,0,7 8 9,1,70,,20281,21,0,7 8 9,1,20,,20282,21,0,7 8 9,1,70,,20283,21,4,,1,100,,20284,21,4,,1,100,,20285,21,4,,1,100,,20286,21,4,,1,195,,20287,21,4,,1
2701,'20260418',720,,20288,21,0,7 8 9,1,105,,20289,21,4,,1,100,,20290,21,4,,1,100,,20291,21,4,,1,105,,20292,21,4,,1,100,,20293,21,4,,1,110,,20294,21,4,,1,100,,20295,21,4,,1,100,,20296,21,4,,1,100,,20297,21,4,,1,95,,20298,21,4,,1,100,,20299,21,4,,1,100,,20300,21,4,,1,95,,20301,21,4,,1,195,,20302,21,4,,1,195,,20303,21,4,,1
2701,'20260419',720,,20304,21,0,7 8 9,1,105,,20305,21,4,,1,100,,20306,21,4,,1,100,,20307,21,4,,1,105,,20308,21,4,,1,100,,20309,21,4,,1,110,,20310,21,4,,1,100,,20311,21,4,,1,100,,20312,21,4,,1,100,,20313,21,4,,1,95,,20314,21,4,,1,100,,20315,21,4,,1,100,,20316,21,4,,1,95,,20317,21,4,,1,195,,20318,21,4,,1,195,,20319,21,4,,1
2701,'20260420',620,,20320,21,0,7 8 9,1,110,,20321,21,0,7 8 9,1,75,,20322,21,0,7 8 9,1,23,,20323,21,0,7 8 9,1,12,,20324,21,4,,1,10,,20325,21,0,7 8 9,1,74,,20326,21,0,7 8 9,1,81,,20327,21,0,7 8 9,1,115,,20328,21,4,,1,100,,20329,21,4,,1,100,,20330,21,4,,1,105,,20331,21,4,,1,110,,20332,21,0,7 8 9,1,110,,20333,21,0,7 8 9,1,70,,20334,21,0,7 8 9,1,35,,20335,21,0,7 8 9,1,75,,20336,21,0,7 8 9,1,25,,20337,21,0,7 8 9,1,70,,20338,21,0,7 8 9,1,10,,20339,21,4,,1,10,,20340,21,0,7 8 9,1,70,,20341,21,4,,1,100,,20342,21,4,,1,100,,20343,21,4,,1,100,,20344,21,4,,1,195,,20345,21,4,,1
2701,'20260421',620,,20346,21,0,7 8 9,1,110,,20347,21,0,7 8 9,1,75,,20348,21,0,7 8 9,1,23,,20349,21,0,7 8 9,1,12,,20350,21,4,,1,10,,20351,21,0,7 8 9,1,74,,20352,21,0,7 8 9,1,81,,20353,21,0,7 8 9,1,115,,20354,21,4,,1,100,,20355,21,4,,1,100,,20356,21,4,,1,105,,20357,21,4,,1,110,,20358,21,0,7 8 9,1,110,,20359,21,0,7 8 9,1,70,,20360,21,0,7 8 9,1,35,,20361,21,0,7 8 9,1,75,,20362,21,0,7 8 9,1,25,,20363,21,0,7 8 9,1,70,,20364,21,0,7 8 9,1,10,,20365,21,4,,1,10,,20366,21,0,7 8 9,1,70,,20367,21,4,,1,100,,20368,21,4,,1,100,,20369,21,4,,1,100,,20370,21,4,,1,195,,20371,21,4,,1
2701,'20260422',620,,20372,21,0,7 8 9,1,110,,20373,21,0,7 8 9,1,75,,20374,21,0,7 8 9,1,23,,20375,21,0,7 8 9,1,12,,20376,21,4,,1,10,,20377,21,0,7 8 9,1,74,,20378,21,0,7 8 9,1,81,,20379,21,0,7 8 9,1,115,,20380,21,4,,1,100,,20381,21,4,,1,100,,20382,21,4,,1,105,,20383,21,4,,1,110,,20384,21,0,7 8 9,1,110,,20385,21,0,7 8 9,1,70,,20386,21,0,7 8 9,1,35,,20387,21,0,7 8 9,1,75,,20388,21,0,7 8 9,1,25,,20389,21,0,7 8 9,1,70,,20390,21,0,7 8 9,1,10,,20391,21,4,,1,10,,20392,21,0,7 8 9,1,70,,20393,21,4,,1,100,,20394,21,4,,1,100,,20395,21,4,,1,100,,20396,21,4,,1,195,,20397,21,4,,1
2701,'20260423',620,,20398,21,0,7 8 9,1,110,,20399,21,0,7 8 9,1,75,,20400,21,0,7 8 9,1,23,,20401,21,0,7 8 9,1,12,,20402,21,4,,1,10,,20403,21,0,7 8 9,1,74,,20404,21,0,7 8 9,1,81,,20405,21,0,7 8 9,1,115,,20406,21,4,,1,100,,20407,21,4,,1,100,,20408,21,4,,1,105,,20409,21,4,,1,110,,20410,21,0,7 8 9,1,110,,20411,21,0,7 8 9,1,70,,20412,21,0,7 8 9,1,35,,20413,21,0,7 8 9,1,75,,20414,21,0,7 8 9,1,25,,20415,21,0,7 8 9,1,70,,20416,21,0,7 8 9,1,10,,20417,21,4,,1,10,,20418,21,0,7 8 9,1,70,,20419,21,4,,1,100,,20420,21,4,,1,100,,20421,21,4,,1,100,,20422,21,4,,1,195,,20423,21,4,,1
2701,'20260424',620,,20424,21,0,7 8 9,1,110,,20425,21,0,7 8 9,1,75,,20426,21,0,7 8 9,1,23,,20427,21,0,7 8 9,1,22,,20428,21,0,7 8 9,1,74,,20429,21,0,7 8 9,1,81,,20430,21,0,7 8 9,1,115,,20431,21,4,,1,100,,20432,21,4,,1,100,,20433,21,4,,1,105,,20434,21,4,,1,110,,20435,21,0,7 8 9,1,110,,20436,21,0,7 8 9,1,70,,20437,21,0,7 8 9,1,35,,20438,21,0,7 8 9,1,75,,20439,21,0,7 8 9,1,25,,20440,21,0,7 8 9,1,70,,20441,21,0,7 8 9,1,20,,20442,21,0,7 8 9,1,70,,20443,21,4,,1,100,,20444,21,4,,1,100,,20445,21,4,,1,100,,20446,21,4,,1,195,,20447,21,4,,1
4800,'20260409',540,,45719,23,,,1,93,,45720,23,,,1,98,,45721,23,,,1,95,,45722,23,,,1,104,,45723,23,,,1,105,,45724,23,,,1,100,,45725,23,,,1,100,,45726,23,,,1,100,,45727,23,,,1,100,,45728,23,,,1,88,,45729,23,,,1,95,,45730,23,,,1,105,,45731,23,,,1,110,,45732,23,,,1,100,,45733,23,,,1,205,,45734,23,,,1,205,,45735,23,,,1
4800,'20260410',540,,45736,23,,,1,93,,45737,23,,,1,98,,45738,23,,,1,95,,45739,23,,,1,104,,45740,23,,,1,105,,45741,23,,,1,100,,45742,23,,,1,100,,45743,23,,,1,100,,45744,23,,,1,100,,45745,23,,,1,88,,45746,23,,,1,95,,45747,23,,,1,105,,45748,23,,,1,110,,45749,23,,,1,100,,45750,23,,,1,205,,45751,23,,,1,205,,45752,23,,,1
4800,'20260413',540,,45753,23,,,1,93,,45754,23,,,1,98,,45755,23,,,1,95,,45756,23,,,1,104,,45757,23,,,1,105,,45758,23,,,1,100,,45759,23,,,1,100,,45760,23,,,1,100,,45761,23,,,1,100,,45762,23,,,1,88,,45763,23,,,1,95,,45764,23,,,1,105,,45765,23,,,1,110,,45766,23,,,1,100,,45767,23,,,1,205,,45768,23,,,1,205,,45769,23,,,1
4800,'20260414',540,,45770,23,,,1,93,,45771,23,,,1,98,,45772,23,,,1,95,,45773,23,,,1,104,,45774,23,,,1,105,,45775,23,,,1,100,,45776,23,,,1,100,,45777,23,,,1,100,,45778,23,,,1,100,,45779,23,,,1,88,,45780,23,,,1,95,,45781,23,,,1,105,,45782,23,,,1,110,,45783,23,,,1,100,,45784,23,,,1,205,,45785,23,,,1,205,,45786,23,,,1
4800,'20260415',540,,45787,23,,,1,93,,45788,23,,,1,98,,45789,23,,,1,95,,45790,23,,,1,104,,45791,23,,,1,105,,45792,23,,,1,100,,45793,23,,,1,100,,45794,23,,,1,100,,45795,23,,,1,100,,45796,23,,,1,88,,45797,23,,,1,95,,45798,23,,,1,105,,45799,23,,,1,110,,45800,23,,,1,100,,45801,23,,,1,205,,45802,23,,,1,205,,45803,23,,,1
4800,'20260416',540,,45804,23,,,1,93,,45805,23,,,1,98,,45806,23,,,1,95,,45807,23,,,1,104,,45808,23,,,1,105,,45809,23,,,1,100,,45810,23,,,1,100,,45811,23,,,1,100,,45812,23,,,1,100,,45813,23,,,1,88,,45814,23,,,1,95,,45815,23,,,1,105,,45816,23,,,1,110,,45817,23,,,1,100,,45818,23,,,1,205,,45819,23,,,1,205,,45820,23,,,1
4800,'20260417',540,,45821,23,,,1,93,,45822,23,,,1,98,,45823,23,,,1,95,,45824,23,,,1,104,,45825,23,,,1,105,,45826,23,,,1,100,,45827,23,,,1,100,,45828,23,,,1,100,,45829,23,,,1,100,,45830,23,,,1,88,,45831,23,,,1,95,,45832,23,,,1,105,,45833,23,,,1,110,,45834,23,,,1,100,,45835,23,,,1,205,,45836,23,,,1,205,,45837,23,,,1
4800,'20260420',540,,45838,23,,,1,93,,45839,23,,,1,98,,45840,23,,,1,95,,45841,23,,,1,104,,45842,23,,,1,105,,45843,23,,,1,100,,45844,23,,,1,100,,45845,23,,,1,100,,45846,23,,,1,100,,45847,23,,,1,88,,45848,23,,,1,95,,45849,23,,,1,105,,45850,23,,,1,110,,45851,23,,,1,100,,45852,23,,,1,205,,45853,23,,,1,205,,45854,23,,,1
4800,'20260421',540,,45855,23,,,1,93,,45856,23,,,1,98,,45857,23,,,1,95,,45858,23,,,1,104,,45859,23,,,1,105,,45860,23,,,1,100,,45861,23,,,1,100,,45862,23,,,1,100,,45863,23,,,1,100,,45864,23,,,1,88,,45865,23,,,1,95,,45866,23,,,1,105,,45867,23,,,1,110,,45868,23,,,1,100,,45869,23,,,1,205,,45870,23,,,1,205,,45871,23,,,1
4800,'20260422',540,,45872,23,,,1,93,,45873,23,,,1,98,,45874,23,,,1,95,,45875,23,,,1,104,,45876,23,,,1,105,,45877,23,,,1,100,,45878,23,,,1,100,,45879,23,,,1,100,,45880,23,,,1,100,,45881,23,,,1,88,,45882,23,,,1,95,,45883,23,,,1,105,,45884,23,,,1,110,,45885,23,,,1,100,,45886,23,,,1,205,,45887,23,,,1,205,,45888,23,,,1
4800,'20260423',540,,45889,23,,,1,93,,45890,23,,,1,98,,45891,23,,,1,95,,45892,23,,,1,104,,45893,23,,,1,105,,45894,23,,,1,100,,45895,23,,,1,100,,45896,23,,,1,100,,45897,23,,,1,100,,45898,23,,,1,88,,45899,23,,,1,95,,45900,23,,,1,105,,45901,23,,,1,110,,45902,23,,,1,100,,45903,23,,,1,205,,45904,23,,,1,205,,45905,23,,,1
4800,'20260424',540,,45906,23,,,1,93,,45907,23,,,1,98,,45908,23,,,1,95,,45909,23,,,1,104,,45910,23,,,1,105,,45911,23,,,1,100,,45912,23,,,1,100,,45913,23,,,1,100,,45914,23,,,1,100,,45915,23,,,1,88,,45916,23,,,1,95,,45917,23,,,1,105,,45918,23,,,1,110,,45919,23,,,1,100,,45920,23,,,1,205,,45921,23,,,1,205,,45922,23,,,1
4801,'20260409',635,,46259,10,,,1,100,,46260,10,,,1,105,,46261,10,,,1,100,,46262,10,,,1,95,,46263,10,,,1,200,,46264,10,,,1,200,,46265,10,,,1,105,,46266,10,,,1,100,,46267,10,,,1,105,,46268,10,,,1,95,,46269,10,,,1,95,,46270,10,,,1,100,,46271,10,,,1,100,,46272,10,,,1,195,,46273,10,,,1,200,,46274,10,,,1
4801,'20260410',635,,46275,10,,,1,100,,46276,10,,,1,105,,46277,10,,,1,100,,46278,10,,,1,95,,46279,10,,,1,200,,46280,10,,,1,200,,46281,10,,,1,105,,46282,10,,,1,100,,46283,10,,,1,105,,46284,10,,,1,95,,46285,10,,,1,95,,46286,10,,,1,100,,46287,10,,,1,100,,46288,10,,,1,195,,46289,10,,,1,200,,46290,10,,,1
4801,'20260413',635,,46291,10,,,1,100,,46292,10,,,1,105,,46293,10,,,1,100,,46294,10,,,1,95,,46295,10,,,1,200,,46296,10,,,1,200,,46297,10,,,1,105,,46298,10,,,1,100,,46299,10,,,1,105,,46300,10,,,1,95,,46301,10,,,1,95,,46302,10,,,1,100,,46303,10,,,1,100,,46304,10,,,1,195,,46305,10,,,1,200,,46306,10,,,1
4801,'20260414',635,,46307,10,,,1,100,,46308,10,,,1,105,,46309,10,,,1,100,,46310,10,,,1,95,,46311,10,,,1,200,,46312,10,,,1,200,,46313,10,,,1,105,,46314,10,,,1,100,,46315,10,,,1,105,,46316,10,,,1,95,,46317,10,,,1,95,,46318,10,,,1,100,,46319,10,,,1,100,,46320,10,,,1,195,,46321,10,,,1,200,,46322,10,,,1
4801,'20260415',635,,46323,10,,,1,100,,46324,10,,,1,105,,46325,10,,,1,100,,46326,10,,,1,95,,46327,10,,,1,200,,46328,10,,,1,200,,46329,10,,,1,105,,46330,10,,,1,100,,46331,10,,,1,105,,46332,10,,,1,95,,46333,10,,,1,95,,46334,10,,,1,100,,46335,10,,,1,100,,46336,10,,,1,195,,46337,10,,,1,200,,46338,10,,,1
4801,'20260416',635,,46339,10,,,1,100,,46340,10,,,1,105,,46341,10,,,1,100,,46342,10,,,1,95,,46343,10,,,1,200,,46344,10,,,1,200,,46345,10,,,1,105,,46346,10,,,1,100,,46347,10,,,1,105,,46348,10,,,1,95,,46349,10,,,1,95,,46350,10,,,1,100,,46351,10,,,1,100,,46352,10,,,1,195,,46353,10,,,1,200,,46354,10,,,1
4801,'20260417',635,,46355,10,,,1,100,,46356,10,,,1,105,,46357,10,,,1,100,,46358,10,,,1,95,,46359,10,,,1,200,,46360,10,,,1,200,,46361,10,,,1,105,,46362,10,,,1,100,,46363,10,,,1,105,,46364,10,,,1,95,,46365,10,,,1,95,,46366,10,,,1,100,,46367,10,,,1,100,,46368,10,,,1,195,,46369,10,,,1,200,,46370,10,,,1
4801,'20260420',635,,46371,10,,,1,100,,46372,10,,,1,105,,46373,10,,,1,100,,46374,10,,,1,95,,46375,10,,,1,200,,46376,10,,,1,200,,46377,10,,,1,105,,46378,10,,,1,100,,46379,10,,,1,105,,46380,10,,,1,95,,46381,10,,,1,95,,46382,10,,,1,100,,46383,10,,,1,100,,46384,10,,,1,195,,46385,10,,,1,200,,46386,10,,,1
4801,'20260421',635,,46387,10,,,1,100,,46388,10,,,1,105,,46389,10,,,1,100,,46390,10,,,1,95,,46391,10,,,1,200,,46392,10,,,1,200,,46393,10,,,1,105,,46394,10,,,1,100,,46395,10,,,1,105,,46396,10,,,1,95,,46397,10,,,1,95,,46398,10,,,1,100,,46399,10,,,1,100,,46400,10,,,1,195,,46401,10,,,1,200,,46402,10,,,1
4801,'20260422',635,,46403,10,,,1,100,,46404,10,,,1,105,,46405,10,,,1,100,,46406,10,,,1,95,,46407,10,,,1,200,,46408,10,,,1,200,,46409,10,,,1,105,,46410,10,,,1,100,,46411,10,,,1,105,,46412,10,,,1,95,,46413,10,,,1,95,,46414,10,,,1,100,,46415,10,,,1,100,,46416,10,,,1,195,,46417,10,,,1,200,,46418,10,,,1
4801,'20260423',635,,46419,10,,,1,100,,46420,10,,,1,105,,46421,10,,,1,100,,46422,10,,,1,95,,46423,10,,,1,200,,46424,10,,,1,200,,46425,10,,,1,105,,46426,10,,,1,100,,46427,10,,,1,105,,46428,10,,,1,95,,46429,10,,,1,95,,46430,10,,,1,100,,46431,10,,,1,100,,46432,10,,,1,195,,46433,10,,,1,200,,46434,10,,,1
4801,'20260424',635,,46435,10,,,1,100,,46436,10,,,1,105,,46437,10,,,1,100,,46438,10,,,1,95,,46439,10,,,1,200,,46440,10,,,1,200,,46441,10,,,1,105,,46442,10,,,1,100,,46443,10,,,1,105,,46444,10,,,1,95,,46445,10,,,1,95,,46446,10,,,1,100,,46447,10,,,1,100,,46448,10,,,1,195,,46449,10,,,1,200,,46450,10,,,1
