1501,'20260528',822,,65069,13,0,5 65 1 66,1,629,,65074,13,0,5 65 1 66,1,208,,65076,13,0,5 65 1 66,1
1501,'20260529',822,,65083,13,0,5 65 1 66,1,629,,65088,13,0,5 65 1 66,1,208,,65090,13,0,5 65 1 66,1
1501,'20260530',935,,65097,13,0,5 65 1 66,1,588,,65100,13,0,5 65 1 66,1,601,,65105,13,0,5 65 1 66,1
1501,'20260531',935,,65109,13,0,5 65 1 66,1,588,,65112,13,0,5 65 1 66,1,601,,65117,13,0,5 65 1 66,1
1501,'20260601',822,,65121,13,0,5 65 1 66,1,629,,65126,13,0,5 65 1 66,1,208,,65128,13,0,5 65 1 66,1
1501,'20260602',822,,65135,13,0,5 65 1 66,1,629,,65140,13,0,5 65 1 66,1,208,,65142,13,0,5 65 1 66,1
1501,'20260603',822,,65149,13,0,5 65 1 66,1,629,,65154,13,0,5 65 1 66,1,208,,65156,13,0,5 65 1 66,1
1501,'20260604',822,,65163,13,0,5 65 1 66,1,629,,65168,13,0,5 65 1 66,1,208,,65170,13,0,5 65 1 66,1
1501,'20260605',822,,65177,13,0,5 65 1 66,1,629,,65182,13,0,5 65 1 66,1,208,,65184,13,0,5 65 1 66,1
1501,'20260606',935,,65191,13,0,5 65 1 66,1,570,,65194,13,0,5 65 1 66,1,604,,65199,13,0,5 65 1 66,1
1501,'20260607',935,,65203,13,0,5 65 1 66,1,570,,65206,13,0,5 65 1 66,1,604,,65211,13,0,5 65 1 66,1
1501,'20260608',822,,65215,13,0,5 65 1 66,1,629,,65220,13,0,5 65 1 66,1,208,,65222,13,0,5 65 1 66,1
1501,'20260609',822,,65229,13,0,5 65 1 66,1,629,,65234,13,0,5 65 1 66,1,208,,65236,13,0,5 65 1 66,1
1501,'20260610',822,,65243,13,0,5 65 1 66,1,629,,65248,13,0,5 65 1 66,1,208,,65250,13,0,5 65 1 66,1
1501,'20260611',822,,65257,13,0,5 65 1 66,1,629,,65262,13,0,5 65 1 66,1,208,,65264,13,0,5 65 1 66,1
1501,'20260612',822,,65271,13,0,5 65 1 66,1,629,,65276,13,0,5 65 1 66,1,208,,65278,13,0,5 65 1 66,1
1501,'20260613',935,,127576,13,0,5 65 1 66,1,588,,127579,13,0,5 65 1 66,1,601,,127584,13,0,5 65 1 66,1
1501,'20260614',935,,127588,13,0,5 65 1 66,1,588,,127591,13,0,5 65 1 66,1,601,,127596,13,0,5 65 1 66,1
1501,'20260615',822,,127600,13,0,5 65 1 66,1,629,,127605,13,0,5 65 1 66,1,208,,127607,13,0,5 65 1 66,1
1501,'20260616',822,,127614,13,0,5 65 1 66,1,629,,127619,13,0,5 65 1 66,1,208,,127621,13,0,5 65 1 66,1
1501,'20260617',822,,127628,13,0,5 65 1 66,1,629,,127633,13,0,5 65 1 66,1,208,,127635,13,0,5 65 1 66,1
1501,'20260618',822,,127642,13,0,5 65 1 66,1,629,,127647,13,0,5 65 1 66,1,208,,127649,13,0,5 65 1 66,1
1501,'20260619',822,,127656,13,0,5 65 1 66,1,629,,127661,13,0,5 65 1 66,1,208,,127663,13,0,5 65 1 66,1
1501,'20260620',935,,127670,13,0,5 65 1 66,1,588,,127673,13,0,5 65 1 66,1,601,,127678,13,0,5 65 1 66,1
1501,'20260621',935,,127682,13,0,5 65 1 66,1,588,,127685,13,0,5 65 1 66,1,601,,127690,13,0,5 65 1 66,1
1501,'20260622',822,,127694,13,0,5 65 1 66,1,629,,127699,13,0,5 65 1 66,1,208,,127701,13,0,5 65 1 66,1
1501,'20260623',822,,127708,13,0,5 65 1 66,1,629,,127713,13,0,5 65 1 66,1,208,,127715,13,0,5 65 1 66,1
1501,'20260624',822,,127722,13,0,5 65 1 66,1,629,,127727,13,0,5 65 1 66,1,208,,127729,13,0,5 65 1 66,1
1501,'20260625',822,,127736,13,0,5 65 1 66,1,629,,127741,13,0,5 65 1 66,1,208,,127743,13,0,5 65 1 66,1
1501,'20260626',822,,127750,13,0,5 65 1 66,1,629,,127755,13,0,5 65 1 66,1,208,,127757,13,0,5 65 1 66,1
1501,'20260627',935,,127764,13,0,5 65 1 66,1,588,,127767,13,0,5 65 1 66,1,601,,127772,13,0,5 65 1 66,1
1501,'20260628',935,,127776,13,0,5 65 1 66,1,588,,127779,13,0,5 65 1 66,1,601,,127784,13,0,5 65 1 66,1
1501,'20260629',822,,127788,13,0,5 65 1 66,1,629,,127793,13,0,5 65 1 66,1,208,,127795,13,0,5 65 1 66,1
1501,'20260630',822,,127802,13,0,5 65 1 66,1,629,,127807,13,0,5 65 1 66,1,208,,127809,13,0,5 65 1 66,1
1501,'20260701',935,,127816,13,0,5 65 1 66,1,588,,127819,13,0,5 65 1 66,1,601,,127824,13,0,5 65 1 66,1
1501,'20260702',822,,127828,13,0,5 65 1 66,1,629,,127833,13,0,5 65 1 66,1,208,,127835,13,0,5 65 1 66,1
1501,'20260703',822,,127842,13,0,5 65 1 66,1,629,,127847,13,0,5 65 1 66,1,208,,127849,13,0,5 65 1 66,1
1501,'20260704',935,,127856,13,0,5 65 1 66,1,588,,127859,13,0,5 65 1 66,1,601,,127864,13,0,5 65 1 66,1
1501,'20260705',935,,127868,13,0,5 65 1 66,1,588,,127871,13,0,5 65 1 66,1,601,,127876,13,0,5 65 1 66,1
1501,'20260706',822,,127880,13,0,5 65 1 66,1,629,,127885,13,0,5 65 1 66,1,208,,127887,13,0,5 65 1 66,1
1501,'20260707',822,,127894,13,0,5 65 1 66,1,629,,127899,13,0,5 65 1 66,1,208,,127901,13,0,5 65 1 66,1
1501,'20260708',822,,127908,13,0,5 65 1 66,1,629,,127913,13,0,5 65 1 66,1,208,,127915,13,0,5 65 1 66,1
1501,'20260709',822,,127922,13,0,5 65 1 66,1,629,,127927,13,0,5 65 1 66,1,208,,127929,13,0,5 65 1 66,1
1501,'20260710',822,,127936,13,0,5 65 1 66,1,629,,127941,13,0,5 65 1 66,1,208,,127943,13,0,5 65 1 66,1
1501,'20260711',935,,127950,13,0,5 65 1 66,1,588,,127953,13,0,5 65 1 66,1,601,,127958,13,0,5 65 1 66,1
1501,'20260712',935,,127962,13,0,5 65 1 66,1,588,,127965,13,0,5 65 1 66,1,601,,127970,13,0,5 65 1 66,1
1501,'20260713',822,,127974,13,0,5 65 1 66,1,629,,127979,13,0,5 65 1 66,1,208,,127981,13,0,5 65 1 66,1
1501,'20260714',822,,127988,13,0,5 65 1 66,1,629,,127993,13,0,5 65 1 66,1,208,,127995,13,0,5 65 1 66,1
1501,'20260715',822,,128002,13,0,5 65 1 66,1,629,,128007,13,0,5 65 1 66,1,208,,128009,13,0,5 65 1 66,1
1501,'20260716',822,,128016,13,0,5 65 1 66,1,629,,128021,13,0,5 65 1 66,1,208,,128023,13,0,5 65 1 66,1
1501,'20260717',822,,128030,13,0,5 65 1 66,1,629,,128035,13,0,5 65 1 66,1,208,,128037,13,0,5 65 1 66,1
1501,'20260718',935,,128044,13,0,5 65 1 66,1,588,,128047,13,0,5 65 1 66,1,601,,128052,13,0,5 65 1 66,1
1501,'20260719',935,,128056,13,0,5 65 1 66,1,588,,128059,13,0,5 65 1 66,1,601,,128064,13,0,5 65 1 66,1
1501,'20260720',822,,128068,13,0,5 65 1 66,1,629,,128073,13,0,5 65 1 66,1,208,,128075,13,0,5 65 1 66,1
1501,'20260721',822,,128082,13,0,5 65 1 66,1,629,,128087,13,0,5 65 1 66,1,208,,128089,13,0,5 65 1 66,1
1501,'20260722',822,,128096,13,0,5 65 1 66,1,629,,128101,13,0,5 65 1 66,1,208,,128103,13,0,5 65 1 66,1
1501,'20260723',822,,128110,13,0,5 65 1 66,1,629,,128115,13,0,5 65 1 66,1,208,,128117,13,0,5 65 1 66,1
1501,'20260724',822,,128124,13,0,5 65 1 66,1,629,,128129,13,0,5 65 1 66,1,208,,128131,13,0,5 65 1 66,1
1501,'20260725',935,,128138,13,0,5 65 1 66,1,588,,128141,13,0,5 65 1 66,1,601,,128146,13,0,5 65 1 66,1
1501,'20260726',935,,128150,13,0,5 65 1 66,1,588,,128153,13,0,5 65 1 66,1,601,,128158,13,0,5 65 1 66,1
1501,'20260727',822,,128162,13,0,5 65 1 66,1,629,,128167,13,0,5 65 1 66,1,208,,128169,13,0,5 65 1 66,1
1501,'20260728',822,,128176,13,0,5 65 1 66,1,629,,128181,13,0,5 65 1 66,1,208,,128183,13,0,5 65 1 66,1
1501,'20260729',822,,128190,13,0,5 65 1 66,1,629,,128195,13,0,5 65 1 66,1,208,,128197,13,0,5 65 1 66,1
1501,'20260730',822,,128204,13,0,5 65 1 66,1,629,,128209,13,0,5 65 1 66,1,208,,128211,13,0,5 65 1 66,1
1501,'20260731',822,,128218,13,0,5 65 1 66,1,629,,128223,13,0,5 65 1 66,1,208,,128225,13,0,5 65 1 66,1
1501,'20260801',935,,128232,13,0,5 65 1 66,1,588,,128235,13,0,5 65 1 66,1,601,,128240,13,0,5 65 1 66,1
1501,'20260802',935,,128244,13,0,5 65 1 66,1,588,,128247,13,0,5 65 1 66,1,601,,128252,13,0,5 65 1 66,1
1501,'20260803',935,,128256,13,0,5 65 1 66,1,588,,128259,13,0,5 65 1 66,1,601,,128264,13,0,5 65 1 66,1
1501,'20260804',822,,128268,13,0,5 65 1 66,1,629,,128273,13,0,5 65 1 66,1,208,,128275,13,0,5 65 1 66,1
1501,'20260805',822,,128282,13,0,5 65 1 66,1,629,,128287,13,0,5 65 1 66,1,208,,128289,13,0,5 65 1 66,1
1501,'20260806',822,,128296,13,0,5 65 1 66,1,629,,128301,13,0,5 65 1 66,1,208,,128303,13,0,5 65 1 66,1
1501,'20260807',822,,128310,13,0,5 65 1 66,1,629,,128315,13,0,5 65 1 66,1,208,,128317,13,0,5 65 1 66,1
1501,'20260808',935,,128324,13,0,5 65 1 66,1,588,,128327,13,0,5 65 1 66,1,601,,128332,13,0,5 65 1 66,1
1501,'20260809',935,,128336,13,0,5 65 1 66,1,588,,128339,13,0,5 65 1 66,1,601,,128344,13,0,5 65 1 66,1
1501,'20260810',822,,128348,13,0,5 65 1 66,1,629,,128353,13,0,5 65 1 66,1,208,,128355,13,0,5 65 1 66,1
1501,'20260811',822,,128362,13,0,5 65 1 66,1,629,,128367,13,0,5 65 1 66,1,208,,128369,13,0,5 65 1 66,1
1501,'20260812',822,,128376,13,0,5 65 1 66,1,629,,128381,13,0,5 65 1 66,1,208,,128383,13,0,5 65 1 66,1
1501,'20260813',822,,128390,13,0,5 65 1 66,1,629,,128395,13,0,5 65 1 66,1,208,,128397,13,0,5 65 1 66,1
1501,'20260814',822,,128404,13,0,5 65 1 66,1,629,,128409,13,0,5 65 1 66,1,208,,128411,13,0,5 65 1 66,1
1501,'20260815',935,,128418,13,0,5 65 1 66,1,588,,128421,13,0,5 65 1 66,1,601,,128426,13,0,5 65 1 66,1
1501,'20260816',935,,128430,13,0,5 65 1 66,1,588,,128433,13,0,5 65 1 66,1,601,,128438,13,0,5 65 1 66,1
1501,'20260817',822,,128442,13,0,5 65 1 66,1,629,,128447,13,0,5 65 1 66,1,208,,128449,13,0,5 65 1 66,1
1501,'20260818',822,,128456,13,0,5 65 1 66,1,629,,128461,13,0,5 65 1 66,1,208,,128463,13,0,5 65 1 66,1
1501,'20260819',822,,128470,13,0,5 65 1 66,1,629,,128475,13,0,5 65 1 66,1,208,,128477,13,0,5 65 1 66,1
1501,'20260820',822,,128484,13,0,5 65 1 66,1,629,,128489,13,0,5 65 1 66,1,208,,128491,13,0,5 65 1 66,1
1501,'20260821',822,,128498,13,0,5 65 1 66,1,629,,128503,13,0,5 65 1 66,1,208,,128505,13,0,5 65 1 66,1
1501,'20260822',935,,128512,13,0,5 65 1 66,1,588,,128515,13,0,5 65 1 66,1,601,,128520,13,0,5 65 1 66,1
1501,'20260823',935,,128524,13,0,5 65 1 66,1,588,,128527,13,0,5 65 1 66,1,601,,128532,13,0,5 65 1 66,1
1501,'20260824',822,,128536,13,0,5 65 1 66,1,629,,128541,13,0,5 65 1 66,1,208,,128543,13,0,5 65 1 66,1
1501,'20260825',822,,128550,13,0,5 65 1 66,1,629,,128555,13,0,5 65 1 66,1,208,,128557,13,0,5 65 1 66,1
1501,'20260826',822,,128564,13,0,5 65 1 66,1,629,,128569,13,0,5 65 1 66,1,208,,128571,13,0,5 65 1 66,1
1501,'20260827',822,,128578,13,0,5 65 1 66,1,629,,128583,13,0,5 65 1 66,1,208,,128585,13,0,5 65 1 66,1
1501,'20260828',822,,128592,13,0,5 65 1 66,1,629,,128597,13,0,5 65 1 66,1,208,,128599,13,0,5 65 1 66,1
1501,'20260829',935,,128606,13,0,5 65 1 66,1,588,,128609,13,0,5 65 1 66,1,601,,128614,13,0,5 65 1 66,1
1501,'20260830',935,,128618,13,0,5 65 1 66,1,588,,128621,13,0,5 65 1 66,1,601,,128626,13,0,5 65 1 66,1
1501,'20260831',822,,128630,13,0,5 65 1 66,1,629,,128635,13,0,5 65 1 66,1,208,,128637,13,0,5 65 1 66,1
1501,'20260901',822,,128644,13,0,5 65 1 66,1,629,,128649,13,0,5 65 1 66,1,208,,128651,13,0,5 65 1 66,1
1501,'20260902',822,,128658,13,0,5 65 1 66,1,629,,128663,13,0,5 65 1 66,1,208,,128665,13,0,5 65 1 66,1
1501,'20260903',822,,128672,13,0,5 65 1 66,1,629,,128677,13,0,5 65 1 66,1,208,,128679,13,0,5 65 1 66,1
1501,'20260904',822,,128686,13,0,5 65 1 66,1,629,,128691,13,0,5 65 1 66,1,208,,128693,13,0,5 65 1 66,1
