8800,'20260611',601,,113038,12,,,1,137,,113039,12,,,1,107,,113040,12,,,1,197,,113041,12,,,1,211,,113042,12,,,1,202,,113043,12,,,1,201,,113044,12,,,1,155,,113045,14,0,5 48 43,1,100,,113046,14,0,5 48 43,1,144,,113047,12,,,1,197,,113048,12,,,1,274,,113049,12,,,1
8800,'20260612',601,,113050,12,,,1,137,,113051,12,,,1,107,,113052,12,,,1,197,,113053,12,,,1,211,,113054,12,,,1,202,,113055,12,,,1,201,,113056,12,,,1,155,,113057,14,0,5 48 43,1,100,,113058,14,0,5 48 43,1,144,,113059,12,,,1,197,,113060,12,,,1,274,,113061,12,,,1
8800,'20260613',917,,207717,12,,,1,106,,207718,12,,,1,302,,207720,12,,,1,299,,207722,12,,,1,230,,207724,12,,,1,98,,207725,12,,,1,270,,207726,12,,,1,304,,207727,12,,,1
8800,'20260614',917,,207728,12,,,1,106,,207729,12,,,1,302,,207731,12,,,1,299,,207733,12,,,1,230,,207735,12,,,1,98,,207736,12,,,1,270,,207737,12,,,1,304,,207738,12,,,1
8800,'20260615',601,,207739,12,,,1,137,,207740,12,,,1,107,,207741,12,,,1,197,,207742,12,,,1,211,,207743,12,,,1,202,,207744,12,,,1,201,,207745,12,,,1,155,,207746,14,0,5 48 43,1,100,,207747,14,0,5 48 43,1,144,,207748,12,,,1,197,,207749,12,,,1,274,,207750,12,,,1
8800,'20260616',601,,207751,12,,,1,137,,207752,12,,,1,107,,207753,12,,,1,197,,207754,12,,,1,211,,207755,12,,,1,202,,207756,12,,,1,201,,207757,12,,,1,155,,207758,14,0,5 48 43,1,100,,207759,14,0,5 48 43,1,144,,207760,12,,,1,197,,207761,12,,,1,274,,207762,12,,,1
8800,'20260617',601,,207763,12,,,1,137,,207764,12,,,1,107,,207765,12,,,1,197,,207766,12,,,1,211,,207767,12,,,1,202,,207768,12,,,1,201,,207769,12,,,1,155,,207770,14,0,5 48 43,1,100,,207771,14,0,5 48 43,1,144,,207772,12,,,1,197,,207773,12,,,1,274,,207774,12,,,1
8800,'20260618',601,,207775,12,,,1,137,,207776,12,,,1,107,,207777,12,,,1,197,,207778,12,,,1,211,,207779,12,,,1,202,,207780,12,,,1,201,,207781,12,,,1,155,,207782,14,0,5 48 43,1,100,,207783,14,0,5 48 43,1,144,,207784,12,,,1,197,,207785,12,,,1,274,,207786,12,,,1
8800,'20260619',601,,207787,12,,,1,137,,207788,12,,,1,107,,207789,12,,,1,197,,207790,12,,,1,211,,207791,12,,,1,202,,207792,12,,,1,201,,207793,12,,,1,155,,207794,14,0,5 48 43,1,100,,207795,14,0,5 48 43,1,144,,207796,12,,,1,197,,207797,12,,,1,274,,207798,12,,,1
8800,'20260620',917,,207799,12,,,1,106,,207800,12,,,1,302,,207802,12,,,1,299,,207804,12,,,1,230,,207806,12,,,1,98,,207807,12,,,1,270,,207808,12,,,1,304,,207809,12,,,1
8800,'20260621',917,,207810,12,,,1,106,,207811,12,,,1,302,,207813,12,,,1,299,,207815,12,,,1,230,,207817,12,,,1,98,,207818,12,,,1,270,,207819,12,,,1,304,,207820,12,,,1
8800,'20260622',601,,207821,12,,,1,137,,207822,12,,,1,107,,207823,12,,,1,197,,207824,12,,,1,211,,207825,12,,,1,202,,207826,12,,,1,201,,207827,12,,,1,155,,207828,14,0,5 48 43,1,100,,207829,14,0,5 48 43,1,144,,207830,12,,,1,197,,207831,12,,,1,274,,207832,12,,,1
8800,'20260623',601,,207833,12,,,1,137,,207834,12,,,1,107,,207835,12,,,1,197,,207836,12,,,1,211,,207837,12,,,1,202,,207838,12,,,1,201,,207839,12,,,1,155,,207840,14,0,5 48 43,1,100,,207841,14,0,5 48 43,1,144,,207842,12,,,1,197,,207843,12,,,1,274,,207844,12,,,1
8800,'20260624',601,,207845,12,,,1,137,,207846,12,,,1,107,,207847,12,,,1,197,,207848,12,,,1,211,,207849,12,,,1,202,,207850,12,,,1,201,,207851,12,,,1,155,,207852,14,0,5 48 43,1,100,,207853,14,0,5 48 43,1,144,,207854,12,,,1,197,,207855,12,,,1,274,,207856,12,,,1
8800,'20260625',601,,207857,12,,,1,137,,207858,12,,,1,107,,207859,12,,,1,197,,207860,12,,,1,211,,207861,12,,,1,202,,207862,12,,,1,201,,207863,12,,,1,155,,207864,14,0,5 48 43,1,100,,207865,14,0,5 48 43,1,144,,207866,12,,,1,197,,207867,12,,,1,274,,207868,12,,,1
8800,'20260626',601,,207869,12,,,1,137,,207870,12,,,1,107,,207871,12,,,1,197,,207872,12,,,1,211,,207873,12,,,1,202,,207874,12,,,1,201,,207875,12,,,1,155,,207876,14,0,5 48 43,1,100,,207877,14,0,5 48 43,1,144,,207878,12,,,1,197,,207879,12,,,1,274,,207880,12,,,1
8800,'20260627',917,,207881,12,,,1,106,,207882,12,,,1,302,,207884,12,,,1,299,,207886,12,,,1,230,,207888,12,,,1,98,,207889,12,,,1,270,,207890,12,,,1,304,,207891,12,,,1
8800,'20260628',917,,207892,12,,,1,106,,207893,12,,,1,302,,207895,12,,,1,299,,207897,12,,,1,230,,207899,12,,,1,98,,207900,12,,,1,270,,207901,12,,,1,304,,207902,12,,,1
8800,'20260629',601,,207903,12,,,1,137,,207904,12,,,1,107,,207905,12,,,1,197,,207906,12,,,1,211,,207907,12,,,1,202,,207908,12,,,1,201,,207909,12,,,1,155,,207910,14,0,5 48 43,1,100,,207911,14,0,5 48 43,1,144,,207912,12,,,1,197,,207913,12,,,1,274,,207914,12,,,1
8800,'20260630',601,,207915,12,,,1,137,,207916,12,,,1,107,,207917,12,,,1,197,,207918,12,,,1,211,,207919,12,,,1,202,,207920,12,,,1,201,,207921,12,,,1,155,,207922,14,0,5 48 43,1,100,,207923,14,0,5 48 43,1,144,,207924,12,,,1,197,,207925,12,,,1,274,,207926,12,,,1
8800,'20260701',917,,207927,12,,,1,106,,207928,12,,,1,302,,207930,12,,,1,299,,207932,12,,,1,230,,207934,12,,,1,98,,207935,12,,,1,270,,207936,12,,,1,304,,207937,12,,,1
8800,'20260702',601,,207938,12,,,1,137,,207939,12,,,1,107,,207940,12,,,1,197,,207941,12,,,1,211,,207942,12,,,1,202,,207943,12,,,1,201,,207944,12,,,1,155,,207945,14,0,5 48 43,1,100,,207946,14,0,5 48 43,1,144,,207947,12,,,1,197,,207948,12,,,1,274,,207949,12,,,1
8800,'20260703',601,,207950,12,,,1,137,,207951,12,,,1,107,,207952,12,,,1,197,,207953,12,,,1,211,,207954,12,,,1,202,,207955,12,,,1,201,,207956,12,,,1,155,,207957,14,0,5 48 43,1,100,,207958,14,0,5 48 43,1,144,,207959,12,,,1,197,,207960,12,,,1,274,,207961,12,,,1
8800,'20260704',917,,207962,12,,,1,106,,207963,12,,,1,302,,207965,12,,,1,299,,207967,12,,,1,230,,207969,12,,,1,98,,207970,12,,,1,270,,207971,12,,,1,304,,207972,12,,,1
8800,'20260705',917,,207973,12,,,1,106,,207974,12,,,1,302,,207976,12,,,1,299,,207978,12,,,1,230,,207980,12,,,1,98,,207981,12,,,1,270,,207982,12,,,1,304,,207983,12,,,1
8800,'20260706',601,,207984,12,,,1,137,,207985,12,,,1,107,,207986,12,,,1,197,,207987,12,,,1,211,,207988,12,,,1,202,,207989,12,,,1,201,,207990,12,,,1,155,,207991,14,0,5 48 43,1,100,,207992,14,0,5 48 43,1,144,,207993,12,,,1,197,,207994,12,,,1,274,,207995,12,,,1
8800,'20260707',601,,207996,12,,,1,137,,207997,12,,,1,107,,207998,12,,,1,197,,207999,12,,,1,211,,208000,12,,,1,202,,208001,12,,,1,201,,208002,12,,,1,155,,208003,14,0,5 48 43,1,100,,208004,14,0,5 48 43,1,144,,208005,12,,,1,197,,208006,12,,,1,274,,208007,12,,,1
8800,'20260708',601,,208008,12,,,1,137,,208009,12,,,1,107,,208010,12,,,1,197,,208011,12,,,1,211,,208012,12,,,1,202,,208013,12,,,1,201,,208014,12,,,1,155,,208015,14,0,5 48 43,1,100,,208016,14,0,5 48 43,1,144,,208017,12,,,1,197,,208018,12,,,1,274,,208019,12,,,1
8800,'20260709',601,,208020,12,,,1,137,,208021,12,,,1,107,,208022,12,,,1,197,,208023,12,,,1,211,,208024,12,,,1,202,,208025,12,,,1,201,,208026,12,,,1,155,,208027,14,0,5 48 43,1,100,,208028,14,0,5 48 43,1,144,,208029,12,,,1,197,,208030,12,,,1,274,,208031,12,,,1
8800,'20260710',601,,208032,12,,,1,137,,208033,12,,,1,107,,208034,12,,,1,197,,208035,12,,,1,211,,208036,12,,,1,202,,208037,12,,,1,201,,208038,12,,,1,155,,208039,14,0,5 48 43,1,100,,208040,14,0,5 48 43,1,144,,208041,12,,,1,197,,208042,12,,,1,274,,208043,12,,,1
8800,'20260711',917,,208044,12,,,1,106,,208045,12,,,1,302,,208047,12,,,1,299,,208049,12,,,1,230,,208051,12,,,1,98,,208052,12,,,1,270,,208053,12,,,1,304,,208054,12,,,1
8800,'20260712',917,,208055,12,,,1,106,,208056,12,,,1,302,,208058,12,,,1,299,,208060,12,,,1,230,,208062,12,,,1,98,,208063,12,,,1,270,,208064,12,,,1,304,,208065,12,,,1
8800,'20260713',601,,208066,12,,,1,137,,208067,12,,,1,107,,208068,12,,,1,197,,208069,12,,,1,211,,208070,12,,,1,202,,208071,12,,,1,201,,208072,12,,,1,155,,208073,14,0,5 48 43,1,100,,208074,14,0,5 48 43,1,144,,208075,12,,,1,197,,208076,12,,,1,274,,208077,12,,,1
8800,'20260714',601,,208078,12,,,1,137,,208079,12,,,1,107,,208080,12,,,1,197,,208081,12,,,1,211,,208082,12,,,1,202,,208083,12,,,1,201,,208084,12,,,1,155,,208085,14,0,5 48 43,1,100,,208086,14,0,5 48 43,1,144,,208087,12,,,1,197,,208088,12,,,1,274,,208089,12,,,1
8800,'20260715',601,,208090,12,,,1,137,,208091,12,,,1,107,,208092,12,,,1,197,,208093,12,,,1,211,,208094,12,,,1,202,,208095,12,,,1,201,,208096,12,,,1,155,,208097,14,0,5 48 43,1,100,,208098,14,0,5 48 43,1,144,,208099,12,,,1,197,,208100,12,,,1,274,,208101,12,,,1
8800,'20260716',601,,208102,12,,,1,137,,208103,12,,,1,107,,208104,12,,,1,197,,208105,12,,,1,211,,208106,12,,,1,202,,208107,12,,,1,201,,208108,12,,,1,155,,208109,14,0,5 48 43,1,100,,208110,14,0,5 48 43,1,144,,208111,12,,,1,197,,208112,12,,,1,274,,208113,12,,,1
8800,'20260717',601,,208114,12,,,1,137,,208115,12,,,1,107,,208116,12,,,1,197,,208117,12,,,1,211,,208118,12,,,1,202,,208119,12,,,1,201,,208120,12,,,1,155,,208121,14,0,5 48 43,1,100,,208122,14,0,5 48 43,1,144,,208123,12,,,1,197,,208124,12,,,1,274,,208125,12,,,1
8800,'20260718',917,,208126,12,,,1,106,,208127,12,,,1,302,,208129,12,,,1,299,,208131,12,,,1,230,,208133,12,,,1,98,,208134,12,,,1,270,,208135,12,,,1,304,,208136,12,,,1
8800,'20260719',917,,208137,12,,,1,106,,208138,12,,,1,302,,208140,12,,,1,299,,208142,12,,,1,230,,208144,12,,,1,98,,208145,12,,,1,270,,208146,12,,,1,304,,208147,12,,,1
8800,'20260720',601,,208148,12,,,1,137,,208149,12,,,1,107,,208150,12,,,1,197,,208151,12,,,1,211,,208152,12,,,1,202,,208153,12,,,1,201,,208154,12,,,1,155,,208155,14,0,5 48 43,1,100,,208156,14,0,5 48 43,1,144,,208157,12,,,1,197,,208158,12,,,1,274,,208159,12,,,1
8800,'20260721',601,,208160,12,,,1,137,,208161,12,,,1,107,,208162,12,,,1,197,,208163,12,,,1,211,,208164,12,,,1,202,,208165,12,,,1,201,,208166,12,,,1,155,,208167,14,0,5 48 43,1,100,,208168,14,0,5 48 43,1,144,,208169,12,,,1,197,,208170,12,,,1,274,,208171,12,,,1
8800,'20260722',601,,208172,12,,,1,137,,208173,12,,,1,107,,208174,12,,,1,197,,208175,12,,,1,211,,208176,12,,,1,202,,208177,12,,,1,201,,208178,12,,,1,155,,208179,14,0,5 48 43,1,100,,208180,14,0,5 48 43,1,144,,208181,12,,,1,197,,208182,12,,,1,274,,208183,12,,,1
8800,'20260723',601,,208184,12,,,1,137,,208185,12,,,1,107,,208186,12,,,1,197,,208187,12,,,1,211,,208188,12,,,1,202,,208189,12,,,1,201,,208190,12,,,1,155,,208191,14,0,5 48 43,1,100,,208192,14,0,5 48 43,1,144,,208193,12,,,1,197,,208194,12,,,1,274,,208195,12,,,1
8800,'20260724',601,,208196,12,,,1,137,,208197,12,,,1,107,,208198,12,,,1,197,,208199,12,,,1,211,,208200,12,,,1,202,,208201,12,,,1,201,,208202,12,,,1,155,,208203,14,0,5 48 43,1,100,,208204,14,0,5 48 43,1,144,,208205,12,,,1,197,,208206,12,,,1,274,,208207,12,,,1
8800,'20260725',917,,208208,12,,,1,106,,208209,12,,,1,302,,208211,12,,,1,299,,208213,12,,,1,230,,208215,12,,,1,98,,208216,12,,,1,270,,208217,12,,,1,304,,208218,12,,,1
8800,'20260726',917,,208219,12,,,1,106,,208220,12,,,1,302,,208222,12,,,1,299,,208224,12,,,1,230,,208226,12,,,1,98,,208227,12,,,1,270,,208228,12,,,1,304,,208229,12,,,1
8800,'20260727',601,,208230,12,,,1,137,,208231,12,,,1,107,,208232,12,,,1,197,,208233,12,,,1,211,,208234,12,,,1,202,,208235,12,,,1,201,,208236,12,,,1,155,,208237,14,0,5 48 43,1,100,,208238,14,0,5 48 43,1,144,,208239,12,,,1,197,,208240,12,,,1,274,,208241,12,,,1
8800,'20260728',601,,208242,12,,,1,137,,208243,12,,,1,107,,208244,12,,,1,197,,208245,12,,,1,211,,208246,12,,,1,202,,208247,12,,,1,201,,208248,12,,,1,155,,208249,14,0,5 48 43,1,100,,208250,14,0,5 48 43,1,144,,208251,12,,,1,197,,208252,12,,,1,274,,208253,12,,,1
8800,'20260729',601,,208254,12,,,1,137,,208255,12,,,1,107,,208256,12,,,1,197,,208257,12,,,1,211,,208258,12,,,1,202,,208259,12,,,1,201,,208260,12,,,1,155,,208261,14,0,5 48 43,1,100,,208262,14,0,5 48 43,1,144,,208263,12,,,1,197,,208264,12,,,1,274,,208265,12,,,1
8800,'20260730',601,,208266,12,,,1,137,,208267,12,,,1,107,,208268,12,,,1,197,,208269,12,,,1,211,,208270,12,,,1,202,,208271,12,,,1,201,,208272,12,,,1,155,,208273,14,0,5 48 43,1,100,,208274,14,0,5 48 43,1,144,,208275,12,,,1,197,,208276,12,,,1,274,,208277,12,,,1
8800,'20260731',601,,208278,12,,,1,137,,208279,12,,,1,107,,208280,12,,,1,197,,208281,12,,,1,211,,208282,12,,,1,202,,208283,12,,,1,201,,208284,12,,,1,155,,208285,14,0,5 48 43,1,100,,208286,14,0,5 48 43,1,144,,208287,12,,,1,197,,208288,12,,,1,274,,208289,12,,,1
8800,'20260801',917,,208290,12,,,1,106,,208291,12,,,1,302,,208293,12,,,1,299,,208295,12,,,1,230,,208297,12,,,1,98,,208298,12,,,1,270,,208299,12,,,1,304,,208300,12,,,1
8800,'20260802',917,,208301,12,,,1,106,,208302,12,,,1,302,,208304,12,,,1,299,,208306,12,,,1,230,,208308,12,,,1,98,,208309,12,,,1,270,,208310,12,,,1,304,,208311,12,,,1
8800,'20260803',917,,208312,12,,,1,106,,208313,12,,,1,302,,208315,12,,,1,299,,208317,12,,,1,230,,208319,12,,,1,98,,208320,12,,,1,270,,208321,12,,,1,304,,208322,12,,,1
8800,'20260804',601,,208323,12,,,1,137,,208324,12,,,1,107,,208325,12,,,1,197,,208326,12,,,1,211,,208327,12,,,1,202,,208328,12,,,1,201,,208329,12,,,1,155,,208330,14,0,5 48 43,1,100,,208331,14,0,5 48 43,1,144,,208332,12,,,1,197,,208333,12,,,1,274,,208334,12,,,1
8800,'20260805',601,,208335,12,,,1,137,,208336,12,,,1,107,,208337,12,,,1,197,,208338,12,,,1,211,,208339,12,,,1,202,,208340,12,,,1,201,,208341,12,,,1,155,,208342,14,0,5 48 43,1,100,,208343,14,0,5 48 43,1,144,,208344,12,,,1,197,,208345,12,,,1,274,,208346,12,,,1
8800,'20260806',601,,208347,12,,,1,137,,208348,12,,,1,107,,208349,12,,,1,197,,208350,12,,,1,211,,208351,12,,,1,202,,208352,12,,,1,201,,208353,12,,,1,155,,208354,14,0,5 48 43,1,100,,208355,14,0,5 48 43,1,144,,208356,12,,,1,197,,208357,12,,,1,274,,208358,12,,,1
8800,'20260807',601,,208359,12,,,1,137,,208360,12,,,1,107,,208361,12,,,1,197,,208362,12,,,1,211,,208363,12,,,1,202,,208364,12,,,1,201,,208365,12,,,1,155,,208366,14,0,5 48 43,1,100,,208367,14,0,5 48 43,1,144,,208368,12,,,1,197,,208369,12,,,1,274,,208370,12,,,1
8800,'20260808',917,,208371,12,,,1,106,,208372,12,,,1,302,,208374,12,,,1,299,,208376,12,,,1,230,,208378,12,,,1,98,,208379,12,,,1,270,,208380,12,,,1,304,,208381,12,,,1
8800,'20260809',917,,208382,12,,,1,106,,208383,12,,,1,302,,208385,12,,,1,299,,208387,12,,,1,230,,208389,12,,,1,98,,208390,12,,,1,270,,208391,12,,,1,304,,208392,12,,,1
8800,'20260810',601,,208393,12,,,1,137,,208394,12,,,1,107,,208395,12,,,1,197,,208396,12,,,1,211,,208397,12,,,1,202,,208398,12,,,1,201,,208399,12,,,1,155,,208400,14,0,5 48 43,1,100,,208401,14,0,5 48 43,1,144,,208402,12,,,1,197,,208403,12,,,1,274,,208404,12,,,1
8800,'20260811',601,,208405,12,,,1,137,,208406,12,,,1,107,,208407,12,,,1,197,,208408,12,,,1,211,,208409,12,,,1,202,,208410,12,,,1,201,,208411,12,,,1,155,,208412,14,0,5 48 43,1,100,,208413,14,0,5 48 43,1,144,,208414,12,,,1,197,,208415,12,,,1,274,,208416,12,,,1
8800,'20260812',601,,208417,12,,,1,137,,208418,12,,,1,107,,208419,12,,,1,197,,208420,12,,,1,211,,208421,12,,,1,202,,208422,12,,,1,201,,208423,12,,,1,155,,208424,14,0,5 48 43,1,100,,208425,14,0,5 48 43,1,144,,208426,12,,,1,197,,208427,12,,,1,274,,208428,12,,,1
8800,'20260813',601,,208429,12,,,1,137,,208430,12,,,1,107,,208431,12,,,1,197,,208432,12,,,1,211,,208433,12,,,1,202,,208434,12,,,1,201,,208435,12,,,1,155,,208436,14,0,5 48 43,1,100,,208437,14,0,5 48 43,1,144,,208438,12,,,1,197,,208439,12,,,1,274,,208440,12,,,1
8800,'20260814',601,,208441,12,,,1,137,,208442,12,,,1,107,,208443,12,,,1,197,,208444,12,,,1,211,,208445,12,,,1,202,,208446,12,,,1,201,,208447,12,,,1,155,,208448,14,0,5 48 43,1,100,,208449,14,0,5 48 43,1,144,,208450,12,,,1,197,,208451,12,,,1,274,,208452,12,,,1
8800,'20260815',917,,208453,12,,,1,106,,208454,12,,,1,302,,208456,12,,,1,299,,208458,12,,,1,230,,208460,12,,,1,98,,208461,12,,,1,270,,208462,12,,,1,304,,208463,12,,,1
8800,'20260816',917,,208464,12,,,1,106,,208465,12,,,1,302,,208467,12,,,1,299,,208469,12,,,1,230,,208471,12,,,1,98,,208472,12,,,1,270,,208473,12,,,1,304,,208474,12,,,1
8800,'20260817',601,,208475,12,,,1,137,,208476,12,,,1,107,,208477,12,,,1,197,,208478,12,,,1,211,,208479,12,,,1,202,,208480,12,,,1,201,,208481,12,,,1,155,,208482,14,0,5 48 43,1,100,,208483,14,0,5 48 43,1,144,,208484,12,,,1,197,,208485,12,,,1,274,,208486,12,,,1
8800,'20260818',601,,208487,12,,,1,137,,208488,12,,,1,107,,208489,12,,,1,197,,208490,12,,,1,211,,208491,12,,,1,202,,208492,12,,,1,201,,208493,12,,,1,155,,208494,14,0,5 48 43,1,100,,208495,14,0,5 48 43,1,144,,208496,12,,,1,197,,208497,12,,,1,274,,208498,12,,,1
8800,'20260819',601,,208499,12,,,1,137,,208500,12,,,1,107,,208501,12,,,1,197,,208502,12,,,1,211,,208503,12,,,1,202,,208504,12,,,1,201,,208505,12,,,1,155,,208506,14,0,5 48 43,1,100,,208507,14,0,5 48 43,1,144,,208508,12,,,1,197,,208509,12,,,1,274,,208510,12,,,1
8800,'20260820',601,,208511,12,,,1,137,,208512,12,,,1,107,,208513,12,,,1,197,,208514,12,,,1,211,,208515,12,,,1,202,,208516,12,,,1,201,,208517,12,,,1,155,,208518,14,0,5 48 43,1,100,,208519,14,0,5 48 43,1,144,,208520,12,,,1,197,,208521,12,,,1,274,,208522,12,,,1
8800,'20260821',601,,208523,12,,,1,137,,208524,12,,,1,107,,208525,12,,,1,197,,208526,12,,,1,211,,208527,12,,,1,202,,208528,12,,,1,201,,208529,12,,,1,155,,208530,14,0,5 48 43,1,100,,208531,14,0,5 48 43,1,144,,208532,12,,,1,197,,208533,12,,,1,274,,208534,12,,,1
8800,'20260822',917,,208535,12,,,1,106,,208536,12,,,1,302,,208538,12,,,1,299,,208540,12,,,1,230,,208542,12,,,1,98,,208543,12,,,1,270,,208544,12,,,1,304,,208545,12,,,1
8800,'20260823',917,,208546,12,,,1,106,,208547,12,,,1,302,,208549,12,,,1,299,,208551,12,,,1,230,,208553,12,,,1,98,,208554,12,,,1,270,,208555,12,,,1,304,,208556,12,,,1
8800,'20260824',601,,208557,12,,,1,137,,208558,12,,,1,107,,208559,12,,,1,197,,208560,12,,,1,211,,208561,12,,,1,202,,208562,12,,,1,201,,208563,12,,,1,155,,208564,14,0,5 48 43,1,100,,208565,14,0,5 48 43,1,144,,208566,12,,,1,197,,208567,12,,,1,274,,208568,12,,,1
8800,'20260825',601,,208569,12,,,1,137,,208570,12,,,1,107,,208571,12,,,1,197,,208572,12,,,1,211,,208573,12,,,1,202,,208574,12,,,1,201,,208575,12,,,1,155,,208576,14,0,5 48 43,1,100,,208577,14,0,5 48 43,1,144,,208578,12,,,1,197,,208579,12,,,1,274,,208580,12,,,1
8800,'20260826',601,,208581,12,,,1,137,,208582,12,,,1,107,,208583,12,,,1,197,,208584,12,,,1,211,,208585,12,,,1,202,,208586,12,,,1,201,,208587,12,,,1,155,,208588,14,0,5 48 43,1,100,,208589,14,0,5 48 43,1,144,,208590,12,,,1,197,,208591,12,,,1,274,,208592,12,,,1
8800,'20260827',601,,208593,12,,,1,137,,208594,12,,,1,107,,208595,12,,,1,197,,208596,12,,,1,211,,208597,12,,,1,202,,208598,12,,,1,201,,208599,12,,,1,155,,208600,14,0,5 48 43,1,100,,208601,14,0,5 48 43,1,144,,208602,12,,,1,197,,208603,12,,,1,274,,208604,12,,,1
8800,'20260828',601,,208605,12,,,1,137,,208606,12,,,1,107,,208607,12,,,1,197,,208608,12,,,1,211,,208609,12,,,1,202,,208610,12,,,1,201,,208611,12,,,1,155,,208612,14,0,5 48 43,1,100,,208613,14,0,5 48 43,1,144,,208614,12,,,1,197,,208615,12,,,1,274,,208616,12,,,1
8800,'20260829',917,,208617,12,,,1,106,,208618,12,,,1,302,,208620,12,,,1,299,,208622,12,,,1,230,,208624,12,,,1,98,,208625,12,,,1,270,,208626,12,,,1,304,,208627,12,,,1
8800,'20260830',917,,208628,12,,,1,106,,208629,12,,,1,302,,208631,12,,,1,299,,208633,12,,,1,230,,208635,12,,,1,98,,208636,12,,,1,270,,208637,12,,,1,304,,208638,12,,,1
8800,'20260831',601,,208639,12,,,1,137,,208640,12,,,1,107,,208641,12,,,1,197,,208642,12,,,1,211,,208643,12,,,1,202,,208644,12,,,1,201,,208645,12,,,1,155,,208646,14,0,5 48 43,1,100,,208647,14,0,5 48 43,1,144,,208648,12,,,1,197,,208649,12,,,1,274,,208650,12,,,1
8800,'20260901',601,,208651,12,,,1,137,,208652,12,,,1,107,,208653,12,,,1,197,,208654,12,,,1,211,,208655,12,,,1,202,,208656,12,,,1,201,,208657,12,,,1,155,,208658,14,0,5 48 43,1,100,,208659,14,0,5 48 43,1,144,,208660,12,,,1,197,,208661,12,,,1,274,,208662,12,,,1
8800,'20260902',601,,208663,12,,,1,137,,208664,12,,,1,107,,208665,12,,,1,197,,208666,12,,,1,211,,208667,12,,,1,202,,208668,12,,,1,201,,208669,12,,,1,155,,208670,14,0,5 48 43,1,100,,208671,14,0,5 48 43,1,144,,208672,12,,,1,197,,208673,12,,,1,274,,208674,12,,,1
8800,'20260903',601,,208675,12,,,1,137,,208676,12,,,1,107,,208677,12,,,1,197,,208678,12,,,1,211,,208679,12,,,1,202,,208680,12,,,1,201,,208681,12,,,1,155,,208682,14,0,5 48 43,1,100,,208683,14,0,5 48 43,1,144,,208684,12,,,1,197,,208685,12,,,1,274,,208686,12,,,1
8800,'20260904',601,,208687,12,,,1,137,,208688,12,,,1,107,,208689,12,,,1,197,,208690,12,,,1,211,,208691,12,,,1,202,,208692,12,,,1,201,,208693,12,,,1,155,,208694,14,0,5 48 43,1,100,,208695,14,0,5 48 43,1,144,,208696,12,,,1,197,,208697,12,,,1,274,,208698,12,,,1
