7000,'20260506',1142,,111348,23,0,34 35,1,200,,111349,23,0,34 35,1,202,,111350,23,0,34 35,1,262,,111351,8,0,5 35,1,151,,111352,23,0,34 35,1,82,,111353,23,0,34 35,1,100,,111354,23,0,34 35,1,204,,111355,23,0,34 35,1
7000,'20260507',1142,,111356,23,0,34 35,1,200,,111357,23,0,34 35,1,202,,111358,23,0,34 35,1,262,,111359,8,0,5 35,1,151,,111360,23,0,34 35,1,82,,111361,23,0,34 35,1,100,,111362,23,0,34 35,1,204,,111363,23,0,34 35,1
7000,'20260508',1142,,111364,23,0,34 35,1,200,,111365,23,0,34 35,1,202,,111366,23,0,34 35,1,262,,111367,8,0,5 35,1,151,,111368,23,0,34 35,1,82,,111369,23,0,34 35,1,100,,111370,23,0,34 35,1,204,,111371,23,0,34 35,1
7000,'20260509',1041,,111372,23,0,34 35,1,200,,111373,23,0,34 35,1,200,,111374,23,0,34 35,1,200,,111375,23,0,34 35,1,200,,111376,23,0,34 35,1,200,,111377,23,0,34 35,1,194,,111378,8,0,5 35,1,202,,111379,8,0,5 35,1
7000,'20260510',1041,,111380,23,0,34 35,1,200,,111381,23,0,34 35,1,200,,111382,23,0,34 35,1,200,,111383,23,0,34 35,1,200,,111384,23,0,34 35,1,200,,111385,23,0,34 35,1,194,,111386,8,0,5 35,1,202,,111387,8,0,5 35,1
7000,'20260511',1142,,111388,23,0,34 35,1,200,,111389,23,0,34 35,1,202,,111390,23,0,34 35,1,262,,111391,8,0,5 35,1,151,,111392,23,0,34 35,1,82,,111393,23,0,34 35,1,100,,111394,23,0,34 35,1,204,,111395,23,0,34 35,1
7000,'20260512',1142,,111396,23,0,34 35,1,200,,111397,23,0,34 35,1,202,,111398,23,0,34 35,1,262,,111399,8,0,5 35,1,151,,111400,23,0,34 35,1,82,,111401,23,0,34 35,1,100,,111402,23,0,34 35,1,204,,111403,23,0,34 35,1
7000,'20260513',1142,,111404,23,0,34 35,1,200,,111405,23,0,34 35,1,202,,111406,23,0,34 35,1,262,,111407,8,0,5 35,1,151,,111408,23,0,34 35,1,82,,111409,23,0,34 35,1,100,,111410,23,0,34 35,1,204,,111411,23,0,34 35,1
7000,'20260514',1142,,111412,23,0,34 35,1,200,,111413,23,0,34 35,1,202,,111414,23,0,34 35,1,262,,111415,8,0,5 35,1,151,,111416,23,0,34 35,1,82,,111417,23,0,34 35,1,100,,111418,23,0,34 35,1,204,,111419,23,0,34 35,1
7000,'20260515',1142,,111420,23,0,34 35,1,200,,111421,23,0,34 35,1,202,,111422,23,0,34 35,1,262,,111423,8,0,5 35,1,151,,111424,23,0,34 35,1,82,,111425,23,0,34 35,1,100,,111426,23,0,34 35,1,204,,111427,23,0,34 35,1
7000,'20260516',1041,,111428,23,0,34 35,1,200,,111429,23,0,34 35,1,200,,111430,23,0,34 35,1,200,,111431,23,0,34 35,1,200,,111432,23,0,34 35,1,200,,111433,23,0,34 35,1,194,,111434,8,0,5 35,1,202,,111435,8,0,5 35,1
7000,'20260517',1041,,111436,23,0,34 35,1,200,,111437,23,0,34 35,1,200,,111438,23,0,34 35,1,200,,111439,23,0,34 35,1,200,,111440,23,0,34 35,1,200,,111441,23,0,34 35,1,194,,111442,8,0,5 35,1,202,,111443,8,0,5 35,1
7000,'20260518',1041,,111444,23,0,34 35,1,200,,111445,23,0,34 35,1,200,,111446,23,0,34 35,1,200,,111447,23,0,34 35,1,200,,111448,23,0,34 35,1,200,,111449,23,0,34 35,1,194,,111450,8,0,5 35,1,202,,111451,8,0,5 35,1
7000,'20260519',1142,,111452,23,0,34 35,1,200,,111453,23,0,34 35,1,202,,111454,23,0,34 35,1,262,,111455,8,0,5 35,1,151,,111456,23,0,34 35,1,82,,111457,23,0,34 35,1,100,,111458,23,0,34 35,1,204,,111459,23,0,34 35,1
7000,'20260520',1142,,111460,23,0,34 35,1,200,,111461,23,0,34 35,1,202,,111462,23,0,34 35,1,262,,111463,8,0,5 35,1,151,,111464,23,0,34 35,1,82,,111465,23,0,34 35,1,100,,111466,23,0,34 35,1,204,,111467,23,0,34 35,1
7000,'20260521',1142,,111468,23,0,34 35,1,200,,111469,23,0,34 35,1,202,,111470,23,0,34 35,1,262,,111471,8,0,5 35,1,151,,111472,23,0,34 35,1,82,,111473,23,0,34 35,1,100,,111474,23,0,34 35,1,204,,111475,23,0,34 35,1
7000,'20260522',1142,,111476,23,0,34 35,1,200,,111477,23,0,34 35,1,202,,111478,23,0,34 35,1,262,,111479,8,0,5 35,1,151,,111480,23,0,34 35,1,82,,111481,23,0,34 35,1,100,,111482,23,0,34 35,1,204,,111483,23,0,34 35,1
7000,'20260523',1041,,111484,23,0,34 35,1,200,,111485,23,0,34 35,1,200,,111486,23,0,34 35,1,200,,111487,23,0,34 35,1,200,,111488,23,0,34 35,1,200,,111489,23,0,34 35,1,194,,111490,8,0,5 35,1,202,,111491,8,0,5 35,1
7000,'20260524',1041,,111492,23,0,34 35,1,200,,111493,23,0,34 35,1,200,,111494,23,0,34 35,1,200,,111495,23,0,34 35,1,200,,111496,23,0,34 35,1,200,,111497,23,0,34 35,1,194,,111498,8,0,5 35,1,202,,111499,8,0,5 35,1
7000,'20260525',1142,,111500,23,0,34 35,1,200,,111501,23,0,34 35,1,202,,111502,23,0,34 35,1,262,,111503,8,0,5 35,1,151,,111504,23,0,34 35,1,82,,111505,23,0,34 35,1,100,,111506,23,0,34 35,1,204,,111507,23,0,34 35,1
7000,'20260526',1142,,111508,23,0,34 35,1,200,,111509,23,0,34 35,1,202,,111510,23,0,34 35,1,262,,111511,8,0,5 35,1,151,,111512,23,0,34 35,1,82,,111513,23,0,34 35,1,100,,111514,23,0,34 35,1,204,,111515,23,0,34 35,1
7000,'20260527',1142,,111516,23,0,34 35,1,200,,111517,23,0,34 35,1,202,,111518,23,0,34 35,1,262,,111519,8,0,5 35,1,151,,111520,23,0,34 35,1,82,,111521,23,0,34 35,1,100,,111522,23,0,34 35,1,204,,111523,23,0,34 35,1
7000,'20260528',1142,,111524,23,0,34 35,1,200,,111525,23,0,34 35,1,202,,111526,23,0,34 35,1,262,,111527,8,0,5 35,1,151,,111528,23,0,34 35,1,82,,111529,23,0,34 35,1,100,,111530,23,0,34 35,1,204,,111531,23,0,34 35,1
7000,'20260529',1142,,111532,23,0,34 35,1,200,,111533,23,0,34 35,1,202,,111534,23,0,34 35,1,262,,111535,8,0,5 35,1,151,,111536,23,0,34 35,1,82,,111537,23,0,34 35,1,100,,111538,23,0,34 35,1,204,,111539,23,0,34 35,1
7000,'20260530',1041,,111540,23,0,34 35,1,200,,111541,23,0,34 35,1,200,,111542,23,0,34 35,1,200,,111543,23,0,34 35,1,200,,111544,23,0,34 35,1,200,,111545,23,0,34 35,1,194,,111546,8,0,5 35,1,202,,111547,8,0,5 35,1
7000,'20260531',1041,,111548,23,0,34 35,1,200,,111549,23,0,34 35,1,200,,111550,23,0,34 35,1,200,,111551,23,0,34 35,1,200,,111552,23,0,34 35,1,200,,111553,23,0,34 35,1,194,,111554,8,0,5 35,1,202,,111555,8,0,5 35,1
7000,'20260601',1142,,111556,23,0,34 35,1,200,,111557,23,0,34 35,1,202,,111558,23,0,34 35,1,262,,111559,8,0,5 35,1,151,,111560,23,0,34 35,1,82,,111561,23,0,34 35,1,100,,111562,23,0,34 35,1,204,,111563,23,0,34 35,1
7000,'20260602',1142,,111564,23,0,34 35,1,200,,111565,23,0,34 35,1,202,,111566,23,0,34 35,1,262,,111567,8,0,5 35,1,151,,111568,23,0,34 35,1,82,,111569,23,0,34 35,1,100,,111570,23,0,34 35,1,204,,111571,23,0,34 35,1
7000,'20260603',1142,,111572,23,0,34 35,1,200,,111573,23,0,34 35,1,202,,111574,23,0,34 35,1,262,,111575,8,0,5 35,1,151,,111576,23,0,34 35,1,82,,111577,23,0,34 35,1,100,,111578,23,0,34 35,1,204,,111579,23,0,34 35,1
7000,'20260604',1142,,111580,23,0,34 35,1,200,,111581,23,0,34 35,1,202,,111582,23,0,34 35,1,262,,111583,8,0,5 35,1,151,,111584,23,0,34 35,1,82,,111585,23,0,34 35,1,100,,111586,23,0,34 35,1,204,,111587,23,0,34 35,1
7000,'20260605',1142,,111588,23,0,34 35,1,200,,111589,23,0,34 35,1,202,,111590,23,0,34 35,1,262,,111591,8,0,5 35,1,151,,111592,23,0,34 35,1,82,,111593,23,0,34 35,1,100,,111594,23,0,34 35,1,204,,111595,23,0,34 35,1
7000,'20260606',1041,,111596,23,0,34 35,1,200,,111597,23,0,34 35,1,200,,111598,23,0,34 35,1,200,,111599,23,0,34 35,1,200,,111600,23,0,34 35,1,200,,111601,23,0,34 35,1,194,,111602,8,0,5 35,1,202,,111603,8,0,5 35,1
7000,'20260607',1041,,111604,23,0,34 35,1,200,,111605,23,0,34 35,1,200,,111606,23,0,34 35,1,200,,111607,23,0,34 35,1,200,,111608,23,0,34 35,1,200,,111609,23,0,34 35,1,194,,111610,8,0,5 35,1,202,,111611,8,0,5 35,1
7000,'20260608',1142,,111612,23,0,34 35,1,200,,111613,23,0,34 35,1,202,,111614,23,0,34 35,1,262,,111615,8,0,5 35,1,151,,111616,23,0,34 35,1,82,,111617,23,0,34 35,1,100,,111618,23,0,34 35,1,204,,111619,23,0,34 35,1
7000,'20260609',1142,,111620,23,0,34 35,1,200,,111621,23,0,34 35,1,202,,111622,23,0,34 35,1,262,,111623,8,0,5 35,1,151,,111624,23,0,34 35,1,82,,111625,23,0,34 35,1,100,,111626,23,0,34 35,1,204,,111627,23,0,34 35,1
7000,'20260610',1142,,111628,23,0,34 35,1,200,,111629,23,0,34 35,1,202,,111630,23,0,34 35,1,262,,111631,8,0,5 35,1,151,,111632,23,0,34 35,1,82,,111633,23,0,34 35,1,100,,111634,23,0,34 35,1,204,,111635,23,0,34 35,1
7000,'20260611',1142,,111636,23,0,34 35,1,200,,111637,23,0,34 35,1,202,,111638,23,0,34 35,1,262,,111639,8,0,5 35,1,151,,111640,23,0,34 35,1,82,,111641,23,0,34 35,1,100,,111642,23,0,34 35,1,204,,111643,23,0,34 35,1
7000,'20260612',1142,,111644,23,0,34 35,1,200,,111645,23,0,34 35,1,202,,111646,23,0,34 35,1,262,,111647,8,0,5 35,1,151,,111648,23,0,34 35,1,82,,111649,23,0,34 35,1,100,,111650,23,0,34 35,1,204,,111651,23,0,34 35,1
7100,'20260506',813,,112073,36,,,1,120,,112074,36,,,1
7100,'20260507',813,,112077,36,,,1,120,,112078,36,,,1
7100,'20260508',813,,112081,36,,,1,120,,112082,36,,,1
7100,'20260509',908,,112085,36,,,1
7100,'20260510',908,,112089,36,,,1
7100,'20260511',813,,112093,36,,,1,120,,112094,36,,,1
7100,'20260512',813,,112097,36,,,1,120,,112098,36,,,1
7100,'20260513',813,,112101,36,,,1,120,,112102,36,,,1
7100,'20260514',813,,112105,36,,,1,120,,112106,36,,,1
7100,'20260515',813,,112109,36,,,1,120,,112110,36,,,1
7100,'20260516',908,,112113,36,,,1
7100,'20260517',908,,112117,36,,,1
7100,'20260518',908,,112121,36,,,1
7100,'20260519',813,,112125,36,,,1,120,,112126,36,,,1
7100,'20260520',813,,112129,36,,,1,120,,112130,36,,,1
7100,'20260521',813,,112133,36,,,1,120,,112134,36,,,1
7100,'20260522',813,,112137,36,,,1,120,,112138,36,,,1
7100,'20260523',908,,112141,36,,,1
7100,'20260524',908,,112145,36,,,1
7100,'20260525',813,,112149,36,,,1,120,,112150,36,,,1
7100,'20260526',813,,112153,36,,,1,120,,112154,36,,,1
7100,'20260527',813,,112157,36,,,1,120,,112158,36,,,1
7100,'20260528',813,,112161,36,,,1,120,,112162,36,,,1
7100,'20260529',813,,112165,36,,,1,120,,112166,36,,,1
7100,'20260530',908,,112169,36,,,1
7100,'20260531',908,,112173,36,,,1
7100,'20260601',813,,112177,36,,,1,120,,112178,36,,,1
7100,'20260602',813,,112181,36,,,1,120,,112182,36,,,1
7100,'20260603',813,,112185,36,,,1,120,,112186,36,,,1
7100,'20260604',813,,112189,36,,,1,120,,112190,36,,,1
7100,'20260605',813,,112193,36,,,1,120,,112194,36,,,1
7100,'20260606',908,,112197,36,,,1
7100,'20260607',908,,112201,36,,,1
7100,'20260608',813,,112205,36,,,1,120,,112206,36,,,1
7100,'20260609',813,,112209,36,,,1,120,,112210,36,,,1
7100,'20260610',813,,112213,36,,,1,120,,112214,36,,,1
7100,'20260611',813,,112217,36,,,1,120,,112218,36,,,1
7100,'20260612',813,,112221,36,,,1,120,,112222,36,,,1
