3201,'20260716',1700,,167618,11,0,5 18,1,101,,167622,11,0,5 18,1
3201,'20260717',1700,,167636,11,0,5 18,1,101,,167640,11,0,5 18,1
3201,'20260720',1700,,167654,11,0,5 18,1,101,,167658,11,0,5 18,1
3201,'20260721',1700,,167672,11,0,5 18,1,101,,167676,11,0,5 18,1
3201,'20260722',1700,,167690,11,0,5 18,1,101,,167694,11,0,5 18,1
3201,'20260723',1700,,167708,11,0,5 18,1,101,,167712,11,0,5 18,1
3201,'20260724',1700,,167726,11,0,5 18,1,101,,167730,11,0,5 18,1
3201,'20260727',1700,,167744,11,0,5 18,1,101,,167748,11,0,5 18,1
3201,'20260728',1700,,167762,11,0,5 18,1,101,,167766,11,0,5 18,1
3201,'20260729',1700,,167780,11,0,5 18,1,101,,167784,11,0,5 18,1
3201,'20260730',1700,,167798,11,0,5 18,1,101,,167802,11,0,5 18,1
3201,'20260731',1700,,167816,11,0,5 18,1,101,,167820,11,0,5 18,1
3201,'20260804',1700,,167834,11,0,5 18,1,101,,167838,11,0,5 18,1
3201,'20260805',1700,,167852,11,0,5 18,1,101,,167856,11,0,5 18,1
3201,'20260806',1700,,167870,11,0,5 18,1,101,,167874,11,0,5 18,1
3201,'20260807',1700,,167888,11,0,5 18,1,101,,167892,11,0,5 18,1
3201,'20260810',1700,,167906,11,0,5 18,1,101,,167910,11,0,5 18,1
3201,'20260811',1700,,167924,11,0,5 18,1,101,,167928,11,0,5 18,1
3201,'20260812',1700,,167942,11,0,5 18,1,101,,167946,11,0,5 18,1
3201,'20260813',1700,,167960,11,0,5 18,1,101,,167964,11,0,5 18,1
3201,'20260814',1700,,167978,11,0,5 18,1,101,,167982,11,0,5 18,1
3201,'20260817',1700,,167996,11,0,5 18,1,101,,168000,11,0,5 18,1
3201,'20260818',1700,,168014,11,0,5 18,1,101,,168018,11,0,5 18,1
3201,'20260819',1700,,168032,11,0,5 18,1,101,,168036,11,0,5 18,1
3201,'20260820',1700,,168050,11,0,5 18,1,101,,168054,11,0,5 18,1
3201,'20260821',1700,,168068,11,0,5 18,1,101,,168072,11,0,5 18,1
3201,'20260824',1700,,168086,11,0,5 18,1,101,,168090,11,0,5 18,1
3201,'20260825',1700,,168104,11,0,5 18,1,101,,168108,11,0,5 18,1
3201,'20260826',1700,,168122,11,0,5 18,1,101,,168126,11,0,5 18,1
3201,'20260827',1700,,168140,11,0,5 18,1,101,,168144,11,0,5 18,1
3201,'20260828',1700,,168158,11,0,5 18,1,101,,168162,11,0,5 18,1
3201,'20260831',1700,,168176,11,0,5 18,1,101,,168180,11,0,5 18,1
3201,'20260901',1700,,168194,11,0,5 18,1,101,,168198,11,0,5 18,1
3201,'20260902',1700,,168212,11,0,5 18,1,101,,168216,11,0,5 18,1
3201,'20260903',1700,,168230,11,0,5 18,1,101,,168234,11,0,5 18,1
3201,'20260904',1700,,168248,11,0,5 18,1,101,,168252,11,0,5 18,1
3601,'20260716',634,,174859,7,0,5 18,1,105,,174860,7,0,5 18,1,100,,174861,7,0,5 18,1,200,,174862,7,0,5 18,1,200,,174863,7,0,5 18,1,200,,174864,7,0,5 18,1,108,,174865,7,0,5 18,1,105,,174866,7,0,5 18,1,100,,174867,7,0,5 18,1,95,,174868,7,0,5 18,1,97,,174869,7,0,5 18,1,95,,174870,7,0,5 18,1,100,,174871,7,0,5 18,1,195,,174872,7,0,5 18,1,200,,174873,7,0,5 18,1
3601,'20260717',634,,174874,7,0,5 18,1,105,,174875,7,0,5 18,1,100,,174876,7,0,5 18,1,200,,174877,7,0,5 18,1,200,,174878,7,0,5 18,1,200,,174879,7,0,5 18,1,108,,174880,7,0,5 18,1,105,,174881,7,0,5 18,1,100,,174882,7,0,5 18,1,95,,174883,7,0,5 18,1,97,,174884,7,0,5 18,1,95,,174885,7,0,5 18,1,100,,174886,7,0,5 18,1,195,,174887,7,0,5 18,1,200,,174888,7,0,5 18,1
3601,'20260718',749,,174889,7,0,5 18,1,70,,174890,7,0,5 18,1,30,,174891,7,0,5 18,1,105,,174892,7,0,5 18,1,100,,174893,7,0,5 18,1,100,,174894,7,0,5 18,1,148,,174895,7,0,5 18,1,100,,174896,7,0,5 18,1,105,,174897,7,0,5 18,1,100,,174898,7,0,5 18,1,30,,174899,7,0,5 18,1,70,,174900,7,0,5 18,1,30,,174901,7,0,5 18,1,70,,174902,7,0,5 18,1,30,,174903,7,0,5 18,1,70,,174904,7,0,5 18,1,30,,174905,7,0,5 18,1,67,,174906,7,0,5 18,1,55,,174907,7,0,5 18,1,100,,174908,7,0,5 18,1,95,,174909,7,0,5 18,1,95,,174910,7,0,5 18,1,200,,174911,7,0,5 18,1
3601,'20260719',749,,174912,7,0,5 18,1,70,,174913,7,0,5 18,1,30,,174914,7,0,5 18,1,105,,174915,7,0,5 18,1,100,,174916,7,0,5 18,1,100,,174917,7,0,5 18,1,148,,174918,7,0,5 18,1,100,,174919,7,0,5 18,1,105,,174920,7,0,5 18,1,100,,174921,7,0,5 18,1,100,,174922,7,0,5 18,1,30,,174923,7,0,5 18,1,70,,174924,7,0,5 18,1,100,,174925,7,0,5 18,1,97,,174926,7,0,5 18,1,55,,174927,7,0,5 18,1,100,,174928,7,0,5 18,1,95,,174929,7,0,5 18,1,95,,174930,7,0,5 18,1,200,,174931,7,0,5 18,1
3601,'20260720',634,,174932,7,0,5 18,1,105,,174933,7,0,5 18,1,100,,174934,7,0,5 18,1,200,,174935,7,0,5 18,1,200,,174936,7,0,5 18,1,200,,174937,7,0,5 18,1,108,,174938,7,0,5 18,1,105,,174939,7,0,5 18,1,100,,174940,7,0,5 18,1,95,,174941,7,0,5 18,1,97,,174942,7,0,5 18,1,95,,174943,7,0,5 18,1,100,,174944,7,0,5 18,1,195,,174945,7,0,5 18,1,200,,174946,7,0,5 18,1
3601,'20260721',634,,174947,7,0,5 18,1,105,,174948,7,0,5 18,1,100,,174949,7,0,5 18,1,200,,174950,7,0,5 18,1,200,,174951,7,0,5 18,1,200,,174952,7,0,5 18,1,108,,174953,7,0,5 18,1,105,,174954,7,0,5 18,1,100,,174955,7,0,5 18,1,95,,174956,7,0,5 18,1,97,,174957,7,0,5 18,1,95,,174958,7,0,5 18,1,100,,174959,7,0,5 18,1,195,,174960,7,0,5 18,1,200,,174961,7,0,5 18,1
3601,'20260722',634,,174962,7,0,5 18,1,105,,174963,7,0,5 18,1,100,,174964,7,0,5 18,1,200,,174965,7,0,5 18,1,200,,174966,7,0,5 18,1,200,,174967,7,0,5 18,1,108,,174968,7,0,5 18,1,105,,174969,7,0,5 18,1,100,,174970,7,0,5 18,1,95,,174971,7,0,5 18,1,97,,174972,7,0,5 18,1,95,,174973,7,0,5 18,1,100,,174974,7,0,5 18,1,195,,174975,7,0,5 18,1,200,,174976,7,0,5 18,1
3601,'20260723',634,,174977,7,0,5 18,1,105,,174978,7,0,5 18,1,100,,174979,7,0,5 18,1,200,,174980,7,0,5 18,1,200,,174981,7,0,5 18,1,200,,174982,7,0,5 18,1,108,,174983,7,0,5 18,1,105,,174984,7,0,5 18,1,100,,174985,7,0,5 18,1,95,,174986,7,0,5 18,1,97,,174987,7,0,5 18,1,95,,174988,7,0,5 18,1,100,,174989,7,0,5 18,1,195,,174990,7,0,5 18,1,200,,174991,7,0,5 18,1
3601,'20260724',634,,174992,7,0,5 18,1,105,,174993,7,0,5 18,1,100,,174994,7,0,5 18,1,200,,174995,7,0,5 18,1,200,,174996,7,0,5 18,1,200,,174997,7,0,5 18,1,108,,174998,7,0,5 18,1,105,,174999,7,0,5 18,1,100,,175000,7,0,5 18,1,95,,175001,7,0,5 18,1,97,,175002,7,0,5 18,1,95,,175003,7,0,5 18,1,100,,175004,7,0,5 18,1,195,,175005,7,0,5 18,1,200,,175006,7,0,5 18,1
3601,'20260725',749,,175007,7,0,5 18,1,70,,175008,7,0,5 18,1,30,,175009,7,0,5 18,1,105,,175010,7,0,5 18,1,100,,175011,7,0,5 18,1,100,,175012,7,0,5 18,1,148,,175013,7,0,5 18,1,100,,175014,7,0,5 18,1,105,,175015,7,0,5 18,1,100,,175016,7,0,5 18,1,30,,175017,7,0,5 18,1,70,,175018,7,0,5 18,1,30,,175019,7,0,5 18,1,70,,175020,7,0,5 18,1,30,,175021,7,0,5 18,1,70,,175022,7,0,5 18,1,30,,175023,7,0,5 18,1,67,,175024,7,0,5 18,1,55,,175025,7,0,5 18,1,100,,175026,7,0,5 18,1,95,,175027,7,0,5 18,1,95,,175028,7,0,5 18,1,200,,175029,7,0,5 18,1
3601,'20260726',749,,175030,7,0,5 18,1,70,,175031,7,0,5 18,1,30,,175032,7,0,5 18,1,105,,175033,7,0,5 18,1,100,,175034,7,0,5 18,1,100,,175035,7,0,5 18,1,148,,175036,7,0,5 18,1,100,,175037,7,0,5 18,1,105,,175038,7,0,5 18,1,100,,175039,7,0,5 18,1,100,,175040,7,0,5 18,1,30,,175041,7,0,5 18,1,70,,175042,7,0,5 18,1,100,,175043,7,0,5 18,1,97,,175044,7,0,5 18,1,55,,175045,7,0,5 18,1,100,,175046,7,0,5 18,1,95,,175047,7,0,5 18,1,95,,175048,7,0,5 18,1,200,,175049,7,0,5 18,1
3601,'20260727',634,,175050,7,0,5 18,1,105,,175051,7,0,5 18,1,100,,175052,7,0,5 18,1,200,,175053,7,0,5 18,1,200,,175054,7,0,5 18,1,200,,175055,7,0,5 18,1,108,,175056,7,0,5 18,1,105,,175057,7,0,5 18,1,100,,175058,7,0,5 18,1,95,,175059,7,0,5 18,1,97,,175060,7,0,5 18,1,95,,175061,7,0,5 18,1,100,,175062,7,0,5 18,1,195,,175063,7,0,5 18,1,200,,175064,7,0,5 18,1
3601,'20260728',634,,175065,7,0,5 18,1,105,,175066,7,0,5 18,1,100,,175067,7,0,5 18,1,200,,175068,7,0,5 18,1,200,,175069,7,0,5 18,1,200,,175070,7,0,5 18,1,108,,175071,7,0,5 18,1,105,,175072,7,0,5 18,1,100,,175073,7,0,5 18,1,95,,175074,7,0,5 18,1,97,,175075,7,0,5 18,1,95,,175076,7,0,5 18,1,100,,175077,7,0,5 18,1,195,,175078,7,0,5 18,1,200,,175079,7,0,5 18,1
3601,'20260729',634,,175080,7,0,5 18,1,105,,175081,7,0,5 18,1,100,,175082,7,0,5 18,1,200,,175083,7,0,5 18,1,200,,175084,7,0,5 18,1,200,,175085,7,0,5 18,1,108,,175086,7,0,5 18,1,105,,175087,7,0,5 18,1,100,,175088,7,0,5 18,1,95,,175089,7,0,5 18,1,97,,175090,7,0,5 18,1,95,,175091,7,0,5 18,1,100,,175092,7,0,5 18,1,195,,175093,7,0,5 18,1,200,,175094,7,0,5 18,1
3601,'20260730',634,,175095,7,0,5 18,1,105,,175096,7,0,5 18,1,100,,175097,7,0,5 18,1,200,,175098,7,0,5 18,1,200,,175099,7,0,5 18,1,200,,175100,7,0,5 18,1,108,,175101,7,0,5 18,1,105,,175102,7,0,5 18,1,100,,175103,7,0,5 18,1,95,,175104,7,0,5 18,1,97,,175105,7,0,5 18,1,95,,175106,7,0,5 18,1,100,,175107,7,0,5 18,1,195,,175108,7,0,5 18,1,200,,175109,7,0,5 18,1
3601,'20260731',634,,175110,7,0,5 18,1,105,,175111,7,0,5 18,1,100,,175112,7,0,5 18,1,200,,175113,7,0,5 18,1,200,,175114,7,0,5 18,1,200,,175115,7,0,5 18,1,108,,175116,7,0,5 18,1,105,,175117,7,0,5 18,1,100,,175118,7,0,5 18,1,95,,175119,7,0,5 18,1,97,,175120,7,0,5 18,1,95,,175121,7,0,5 18,1,100,,175122,7,0,5 18,1,195,,175123,7,0,5 18,1,200,,175124,7,0,5 18,1
3601,'20260801',749,,175125,7,0,5 18,1,70,,175126,7,0,5 18,1,30,,175127,7,0,5 18,1,105,,175128,7,0,5 18,1,100,,175129,7,0,5 18,1,100,,175130,7,0,5 18,1,148,,175131,7,0,5 18,1,100,,175132,7,0,5 18,1,105,,175133,7,0,5 18,1,100,,175134,7,0,5 18,1,30,,175135,7,0,5 18,1,70,,175136,7,0,5 18,1,30,,175137,7,0,5 18,1,70,,175138,7,0,5 18,1,30,,175139,7,0,5 18,1,70,,175140,7,0,5 18,1,30,,175141,7,0,5 18,1,67,,175142,7,0,5 18,1,55,,175143,7,0,5 18,1,100,,175144,7,0,5 18,1,95,,175145,7,0,5 18,1,95,,175146,7,0,5 18,1,200,,175147,7,0,5 18,1
3601,'20260802',749,,175148,7,0,5 18,1,70,,175149,7,0,5 18,1,30,,175150,7,0,5 18,1,105,,175151,7,0,5 18,1,100,,175152,7,0,5 18,1,100,,175153,7,0,5 18,1,148,,175154,7,0,5 18,1,100,,175155,7,0,5 18,1,105,,175156,7,0,5 18,1,100,,175157,7,0,5 18,1,100,,175158,7,0,5 18,1,30,,175159,7,0,5 18,1,70,,175160,7,0,5 18,1,100,,175161,7,0,5 18,1,97,,175162,7,0,5 18,1,55,,175163,7,0,5 18,1,100,,175164,7,0,5 18,1,95,,175165,7,0,5 18,1,95,,175166,7,0,5 18,1,200,,175167,7,0,5 18,1
3601,'20260803',749,,175168,7,0,5 18,1,70,,175169,7,0,5 18,1,30,,175170,7,0,5 18,1,105,,175171,7,0,5 18,1,100,,175172,7,0,5 18,1,100,,175173,7,0,5 18,1,148,,175174,7,0,5 18,1,100,,175175,7,0,5 18,1,105,,175176,7,0,5 18,1,100,,175177,7,0,5 18,1,30,,175178,7,0,5 18,1,70,,175179,7,0,5 18,1,30,,175180,7,0,5 18,1,70,,175181,7,0,5 18,1,30,,175182,7,0,5 18,1,70,,175183,7,0,5 18,1,30,,175184,7,0,5 18,1,67,,175185,7,0,5 18,1,55,,175186,7,0,5 18,1,100,,175187,7,0,5 18,1,95,,175188,7,0,5 18,1,95,,175189,7,0,5 18,1,200,,175190,7,0,5 18,1
3601,'20260804',634,,175191,7,0,5 18,1,105,,175192,7,0,5 18,1,100,,175193,7,0,5 18,1,200,,175194,7,0,5 18,1,200,,175195,7,0,5 18,1,200,,175196,7,0,5 18,1,108,,175197,7,0,5 18,1,105,,175198,7,0,5 18,1,100,,175199,7,0,5 18,1,95,,175200,7,0,5 18,1,97,,175201,7,0,5 18,1,95,,175202,7,0,5 18,1,100,,175203,7,0,5 18,1,195,,175204,7,0,5 18,1,200,,175205,7,0,5 18,1
3601,'20260805',634,,175206,7,0,5 18,1,105,,175207,7,0,5 18,1,100,,175208,7,0,5 18,1,200,,175209,7,0,5 18,1,200,,175210,7,0,5 18,1,200,,175211,7,0,5 18,1,108,,175212,7,0,5 18,1,105,,175213,7,0,5 18,1,100,,175214,7,0,5 18,1,95,,175215,7,0,5 18,1,97,,175216,7,0,5 18,1,95,,175217,7,0,5 18,1,100,,175218,7,0,5 18,1,195,,175219,7,0,5 18,1,200,,175220,7,0,5 18,1
3601,'20260806',634,,175221,7,0,5 18,1,105,,175222,7,0,5 18,1,100,,175223,7,0,5 18,1,200,,175224,7,0,5 18,1,200,,175225,7,0,5 18,1,200,,175226,7,0,5 18,1,108,,175227,7,0,5 18,1,105,,175228,7,0,5 18,1,100,,175229,7,0,5 18,1,95,,175230,7,0,5 18,1,97,,175231,7,0,5 18,1,95,,175232,7,0,5 18,1,100,,175233,7,0,5 18,1,195,,175234,7,0,5 18,1,200,,175235,7,0,5 18,1
3601,'20260807',634,,175236,7,0,5 18,1,105,,175237,7,0,5 18,1,100,,175238,7,0,5 18,1,200,,175239,7,0,5 18,1,200,,175240,7,0,5 18,1,200,,175241,7,0,5 18,1,108,,175242,7,0,5 18,1,105,,175243,7,0,5 18,1,100,,175244,7,0,5 18,1,95,,175245,7,0,5 18,1,97,,175246,7,0,5 18,1,95,,175247,7,0,5 18,1,100,,175248,7,0,5 18,1,195,,175249,7,0,5 18,1,200,,175250,7,0,5 18,1
3601,'20260808',749,,175251,7,0,5 18,1,70,,175252,7,0,5 18,1,30,,175253,7,0,5 18,1,105,,175254,7,0,5 18,1,100,,175255,7,0,5 18,1,100,,175256,7,0,5 18,1,148,,175257,7,0,5 18,1,100,,175258,7,0,5 18,1,105,,175259,7,0,5 18,1,100,,175260,7,0,5 18,1,30,,175261,7,0,5 18,1,70,,175262,7,0,5 18,1,30,,175263,7,0,5 18,1,70,,175264,7,0,5 18,1,30,,175265,7,0,5 18,1,70,,175266,7,0,5 18,1,30,,175267,7,0,5 18,1,67,,175268,7,0,5 18,1,55,,175269,7,0,5 18,1,100,,175270,7,0,5 18,1,95,,175271,7,0,5 18,1,95,,175272,7,0,5 18,1,200,,175273,7,0,5 18,1
3601,'20260809',749,,175274,7,0,5 18,1,70,,175275,7,0,5 18,1,30,,175276,7,0,5 18,1,105,,175277,7,0,5 18,1,100,,175278,7,0,5 18,1,100,,175279,7,0,5 18,1,148,,175280,7,0,5 18,1,100,,175281,7,0,5 18,1,105,,175282,7,0,5 18,1,100,,175283,7,0,5 18,1,100,,175284,7,0,5 18,1,30,,175285,7,0,5 18,1,70,,175286,7,0,5 18,1,100,,175287,7,0,5 18,1,97,,175288,7,0,5 18,1,55,,175289,7,0,5 18,1,100,,175290,7,0,5 18,1,95,,175291,7,0,5 18,1,95,,175292,7,0,5 18,1,200,,175293,7,0,5 18,1
3601,'20260810',634,,175294,7,0,5 18,1,105,,175295,7,0,5 18,1,100,,175296,7,0,5 18,1,200,,175297,7,0,5 18,1,200,,175298,7,0,5 18,1,200,,175299,7,0,5 18,1,108,,175300,7,0,5 18,1,105,,175301,7,0,5 18,1,100,,175302,7,0,5 18,1,95,,175303,7,0,5 18,1,97,,175304,7,0,5 18,1,95,,175305,7,0,5 18,1,100,,175306,7,0,5 18,1,195,,175307,7,0,5 18,1,200,,175308,7,0,5 18,1
3601,'20260811',634,,175309,7,0,5 18,1,105,,175310,7,0,5 18,1,100,,175311,7,0,5 18,1,200,,175312,7,0,5 18,1,200,,175313,7,0,5 18,1,200,,175314,7,0,5 18,1,108,,175315,7,0,5 18,1,105,,175316,7,0,5 18,1,100,,175317,7,0,5 18,1,95,,175318,7,0,5 18,1,97,,175319,7,0,5 18,1,95,,175320,7,0,5 18,1,100,,175321,7,0,5 18,1,195,,175322,7,0,5 18,1,200,,175323,7,0,5 18,1
3601,'20260812',634,,175324,7,0,5 18,1,105,,175325,7,0,5 18,1,100,,175326,7,0,5 18,1,200,,175327,7,0,5 18,1,200,,175328,7,0,5 18,1,200,,175329,7,0,5 18,1,108,,175330,7,0,5 18,1,105,,175331,7,0,5 18,1,100,,175332,7,0,5 18,1,95,,175333,7,0,5 18,1,97,,175334,7,0,5 18,1,95,,175335,7,0,5 18,1,100,,175336,7,0,5 18,1,195,,175337,7,0,5 18,1,200,,175338,7,0,5 18,1
3601,'20260813',634,,175339,7,0,5 18,1,105,,175340,7,0,5 18,1,100,,175341,7,0,5 18,1,200,,175342,7,0,5 18,1,200,,175343,7,0,5 18,1,200,,175344,7,0,5 18,1,108,,175345,7,0,5 18,1,105,,175346,7,0,5 18,1,100,,175347,7,0,5 18,1,95,,175348,7,0,5 18,1,97,,175349,7,0,5 18,1,95,,175350,7,0,5 18,1,100,,175351,7,0,5 18,1,195,,175352,7,0,5 18,1,200,,175353,7,0,5 18,1
3601,'20260814',634,,175354,7,0,5 18,1,105,,175355,7,0,5 18,1,100,,175356,7,0,5 18,1,200,,175357,7,0,5 18,1,200,,175358,7,0,5 18,1,200,,175359,7,0,5 18,1,108,,175360,7,0,5 18,1,105,,175361,7,0,5 18,1,100,,175362,7,0,5 18,1,95,,175363,7,0,5 18,1,97,,175364,7,0,5 18,1,95,,175365,7,0,5 18,1,100,,175366,7,0,5 18,1,195,,175367,7,0,5 18,1,200,,175368,7,0,5 18,1
3601,'20260815',749,,175369,7,0,5 18,1,70,,175370,7,0,5 18,1,30,,175371,7,0,5 18,1,105,,175372,7,0,5 18,1,100,,175373,7,0,5 18,1,100,,175374,7,0,5 18,1,148,,175375,7,0,5 18,1,100,,175376,7,0,5 18,1,105,,175377,7,0,5 18,1,100,,175378,7,0,5 18,1,30,,175379,7,0,5 18,1,70,,175380,7,0,5 18,1,30,,175381,7,0,5 18,1,70,,175382,7,0,5 18,1,30,,175383,7,0,5 18,1,70,,175384,7,0,5 18,1,30,,175385,7,0,5 18,1,67,,175386,7,0,5 18,1,55,,175387,7,0,5 18,1,100,,175388,7,0,5 18,1,95,,175389,7,0,5 18,1,95,,175390,7,0,5 18,1,200,,175391,7,0,5 18,1
3601,'20260816',749,,175392,7,0,5 18,1,70,,175393,7,0,5 18,1,30,,175394,7,0,5 18,1,105,,175395,7,0,5 18,1,100,,175396,7,0,5 18,1,100,,175397,7,0,5 18,1,148,,175398,7,0,5 18,1,100,,175399,7,0,5 18,1,105,,175400,7,0,5 18,1,100,,175401,7,0,5 18,1,100,,175402,7,0,5 18,1,30,,175403,7,0,5 18,1,70,,175404,7,0,5 18,1,100,,175405,7,0,5 18,1,97,,175406,7,0,5 18,1,55,,175407,7,0,5 18,1,100,,175408,7,0,5 18,1,95,,175409,7,0,5 18,1,95,,175410,7,0,5 18,1,200,,175411,7,0,5 18,1
3601,'20260817',634,,175412,7,0,5 18,1,105,,175413,7,0,5 18,1,100,,175414,7,0,5 18,1,200,,175415,7,0,5 18,1,200,,175416,7,0,5 18,1,200,,175417,7,0,5 18,1,108,,175418,7,0,5 18,1,105,,175419,7,0,5 18,1,100,,175420,7,0,5 18,1,95,,175421,7,0,5 18,1,97,,175422,7,0,5 18,1,95,,175423,7,0,5 18,1,100,,175424,7,0,5 18,1,195,,175425,7,0,5 18,1,200,,175426,7,0,5 18,1
3601,'20260818',634,,175427,7,0,5 18,1,105,,175428,7,0,5 18,1,100,,175429,7,0,5 18,1,200,,175430,7,0,5 18,1,200,,175431,7,0,5 18,1,200,,175432,7,0,5 18,1,108,,175433,7,0,5 18,1,105,,175434,7,0,5 18,1,100,,175435,7,0,5 18,1,95,,175436,7,0,5 18,1,97,,175437,7,0,5 18,1,95,,175438,7,0,5 18,1,100,,175439,7,0,5 18,1,195,,175440,7,0,5 18,1,200,,175441,7,0,5 18,1
3601,'20260819',634,,175442,7,0,5 18,1,105,,175443,7,0,5 18,1,100,,175444,7,0,5 18,1,200,,175445,7,0,5 18,1,200,,175446,7,0,5 18,1,200,,175447,7,0,5 18,1,108,,175448,7,0,5 18,1,105,,175449,7,0,5 18,1,100,,175450,7,0,5 18,1,95,,175451,7,0,5 18,1,97,,175452,7,0,5 18,1,95,,175453,7,0,5 18,1,100,,175454,7,0,5 18,1,195,,175455,7,0,5 18,1,200,,175456,7,0,5 18,1
3601,'20260820',634,,175457,7,0,5 18,1,105,,175458,7,0,5 18,1,100,,175459,7,0,5 18,1,200,,175460,7,0,5 18,1,200,,175461,7,0,5 18,1,200,,175462,7,0,5 18,1,108,,175463,7,0,5 18,1,105,,175464,7,0,5 18,1,100,,175465,7,0,5 18,1,95,,175466,7,0,5 18,1,97,,175467,7,0,5 18,1,95,,175468,7,0,5 18,1,100,,175469,7,0,5 18,1,195,,175470,7,0,5 18,1,200,,175471,7,0,5 18,1
3601,'20260821',634,,175472,7,0,5 18,1,105,,175473,7,0,5 18,1,100,,175474,7,0,5 18,1,200,,175475,7,0,5 18,1,200,,175476,7,0,5 18,1,200,,175477,7,0,5 18,1,108,,175478,7,0,5 18,1,105,,175479,7,0,5 18,1,100,,175480,7,0,5 18,1,95,,175481,7,0,5 18,1,97,,175482,7,0,5 18,1,95,,175483,7,0,5 18,1,100,,175484,7,0,5 18,1,195,,175485,7,0,5 18,1,200,,175486,7,0,5 18,1
3601,'20260822',749,,175487,7,0,5 18,1,70,,175488,7,0,5 18,1,30,,175489,7,0,5 18,1,105,,175490,7,0,5 18,1,100,,175491,7,0,5 18,1,100,,175492,7,0,5 18,1,148,,175493,7,0,5 18,1,100,,175494,7,0,5 18,1,105,,175495,7,0,5 18,1,100,,175496,7,0,5 18,1,30,,175497,7,0,5 18,1,70,,175498,7,0,5 18,1,30,,175499,7,0,5 18,1,70,,175500,7,0,5 18,1,30,,175501,7,0,5 18,1,70,,175502,7,0,5 18,1,30,,175503,7,0,5 18,1,67,,175504,7,0,5 18,1,55,,175505,7,0,5 18,1,100,,175506,7,0,5 18,1,95,,175507,7,0,5 18,1,95,,175508,7,0,5 18,1,200,,175509,7,0,5 18,1
3601,'20260823',749,,175510,7,0,5 18,1,70,,175511,7,0,5 18,1,30,,175512,7,0,5 18,1,105,,175513,7,0,5 18,1,100,,175514,7,0,5 18,1,100,,175515,7,0,5 18,1,148,,175516,7,0,5 18,1,100,,175517,7,0,5 18,1,105,,175518,7,0,5 18,1,100,,175519,7,0,5 18,1,100,,175520,7,0,5 18,1,30,,175521,7,0,5 18,1,70,,175522,7,0,5 18,1,100,,175523,7,0,5 18,1,97,,175524,7,0,5 18,1,55,,175525,7,0,5 18,1,100,,175526,7,0,5 18,1,95,,175527,7,0,5 18,1,95,,175528,7,0,5 18,1,200,,175529,7,0,5 18,1
3601,'20260824',634,,175530,7,0,5 18,1,105,,175531,7,0,5 18,1,100,,175532,7,0,5 18,1,200,,175533,7,0,5 18,1,200,,175534,7,0,5 18,1,200,,175535,7,0,5 18,1,108,,175536,7,0,5 18,1,105,,175537,7,0,5 18,1,100,,175538,7,0,5 18,1,95,,175539,7,0,5 18,1,97,,175540,7,0,5 18,1,95,,175541,7,0,5 18,1,100,,175542,7,0,5 18,1,195,,175543,7,0,5 18,1,200,,175544,7,0,5 18,1
3601,'20260825',634,,175545,7,0,5 18,1,105,,175546,7,0,5 18,1,100,,175547,7,0,5 18,1,200,,175548,7,0,5 18,1,200,,175549,7,0,5 18,1,200,,175550,7,0,5 18,1,108,,175551,7,0,5 18,1,105,,175552,7,0,5 18,1,100,,175553,7,0,5 18,1,95,,175554,7,0,5 18,1,97,,175555,7,0,5 18,1,95,,175556,7,0,5 18,1,100,,175557,7,0,5 18,1,195,,175558,7,0,5 18,1,200,,175559,7,0,5 18,1
3601,'20260826',634,,175560,7,0,5 18,1,105,,175561,7,0,5 18,1,100,,175562,7,0,5 18,1,200,,175563,7,0,5 18,1,200,,175564,7,0,5 18,1,200,,175565,7,0,5 18,1,108,,175566,7,0,5 18,1,105,,175567,7,0,5 18,1,100,,175568,7,0,5 18,1,95,,175569,7,0,5 18,1,97,,175570,7,0,5 18,1,95,,175571,7,0,5 18,1,100,,175572,7,0,5 18,1,195,,175573,7,0,5 18,1,200,,175574,7,0,5 18,1
3601,'20260827',634,,175575,7,0,5 18,1,105,,175576,7,0,5 18,1,100,,175577,7,0,5 18,1,200,,175578,7,0,5 18,1,200,,175579,7,0,5 18,1,200,,175580,7,0,5 18,1,108,,175581,7,0,5 18,1,105,,175582,7,0,5 18,1,100,,175583,7,0,5 18,1,95,,175584,7,0,5 18,1,97,,175585,7,0,5 18,1,95,,175586,7,0,5 18,1,100,,175587,7,0,5 18,1,195,,175588,7,0,5 18,1,200,,175589,7,0,5 18,1
3601,'20260828',634,,175590,7,0,5 18,1,105,,175591,7,0,5 18,1,100,,175592,7,0,5 18,1,200,,175593,7,0,5 18,1,200,,175594,7,0,5 18,1,200,,175595,7,0,5 18,1,108,,175596,7,0,5 18,1,105,,175597,7,0,5 18,1,100,,175598,7,0,5 18,1,95,,175599,7,0,5 18,1,97,,175600,7,0,5 18,1,95,,175601,7,0,5 18,1,100,,175602,7,0,5 18,1,195,,175603,7,0,5 18,1,200,,175604,7,0,5 18,1
3601,'20260829',749,,175605,7,0,5 18,1,70,,175606,7,0,5 18,1,30,,175607,7,0,5 18,1,105,,175608,7,0,5 18,1,100,,175609,7,0,5 18,1,100,,175610,7,0,5 18,1,148,,175611,7,0,5 18,1,100,,175612,7,0,5 18,1,105,,175613,7,0,5 18,1,100,,175614,7,0,5 18,1,30,,175615,7,0,5 18,1,70,,175616,7,0,5 18,1,30,,175617,7,0,5 18,1,70,,175618,7,0,5 18,1,30,,175619,7,0,5 18,1,70,,175620,7,0,5 18,1,30,,175621,7,0,5 18,1,67,,175622,7,0,5 18,1,55,,175623,7,0,5 18,1,100,,175624,7,0,5 18,1,95,,175625,7,0,5 18,1,95,,175626,7,0,5 18,1,200,,175627,7,0,5 18,1
3601,'20260830',749,,175628,7,0,5 18,1,70,,175629,7,0,5 18,1,30,,175630,7,0,5 18,1,105,,175631,7,0,5 18,1,100,,175632,7,0,5 18,1,100,,175633,7,0,5 18,1,148,,175634,7,0,5 18,1,100,,175635,7,0,5 18,1,105,,175636,7,0,5 18,1,100,,175637,7,0,5 18,1,100,,175638,7,0,5 18,1,30,,175639,7,0,5 18,1,70,,175640,7,0,5 18,1,100,,175641,7,0,5 18,1,97,,175642,7,0,5 18,1,55,,175643,7,0,5 18,1,100,,175644,7,0,5 18,1,95,,175645,7,0,5 18,1,95,,175646,7,0,5 18,1,200,,175647,7,0,5 18,1
3601,'20260831',634,,175648,7,0,5 18,1,105,,175649,7,0,5 18,1,100,,175650,7,0,5 18,1,200,,175651,7,0,5 18,1,200,,175652,7,0,5 18,1,200,,175653,7,0,5 18,1,108,,175654,7,0,5 18,1,105,,175655,7,0,5 18,1,100,,175656,7,0,5 18,1,95,,175657,7,0,5 18,1,97,,175658,7,0,5 18,1,95,,175659,7,0,5 18,1,100,,175660,7,0,5 18,1,195,,175661,7,0,5 18,1,200,,175662,7,0,5 18,1
3601,'20260901',634,,175663,7,0,5 18,1,105,,175664,7,0,5 18,1,100,,175665,7,0,5 18,1,200,,175666,7,0,5 18,1,200,,175667,7,0,5 18,1,200,,175668,7,0,5 18,1,108,,175669,7,0,5 18,1,105,,175670,7,0,5 18,1,100,,175671,7,0,5 18,1,95,,175672,7,0,5 18,1,97,,175673,7,0,5 18,1,95,,175674,7,0,5 18,1,100,,175675,7,0,5 18,1,195,,175676,7,0,5 18,1,200,,175677,7,0,5 18,1
3601,'20260902',634,,175678,7,0,5 18,1,105,,175679,7,0,5 18,1,100,,175680,7,0,5 18,1,200,,175681,7,0,5 18,1,200,,175682,7,0,5 18,1,200,,175683,7,0,5 18,1,108,,175684,7,0,5 18,1,105,,175685,7,0,5 18,1,100,,175686,7,0,5 18,1,95,,175687,7,0,5 18,1,97,,175688,7,0,5 18,1,95,,175689,7,0,5 18,1,100,,175690,7,0,5 18,1,195,,175691,7,0,5 18,1,200,,175692,7,0,5 18,1
3601,'20260903',634,,175693,7,0,5 18,1,105,,175694,7,0,5 18,1,100,,175695,7,0,5 18,1,200,,175696,7,0,5 18,1,200,,175697,7,0,5 18,1,200,,175698,7,0,5 18,1,108,,175699,7,0,5 18,1,105,,175700,7,0,5 18,1,100,,175701,7,0,5 18,1,95,,175702,7,0,5 18,1,97,,175703,7,0,5 18,1,95,,175704,7,0,5 18,1,100,,175705,7,0,5 18,1,195,,175706,7,0,5 18,1,200,,175707,7,0,5 18,1
3601,'20260904',634,,175708,7,0,5 18,1,105,,175709,7,0,5 18,1,100,,175710,7,0,5 18,1,200,,175711,7,0,5 18,1,200,,175712,7,0,5 18,1,200,,175713,7,0,5 18,1,108,,175714,7,0,5 18,1,105,,175715,7,0,5 18,1,100,,175716,7,0,5 18,1,95,,175717,7,0,5 18,1,97,,175718,7,0,5 18,1,95,,175719,7,0,5 18,1,100,,175720,7,0,5 18,1,195,,175721,7,0,5 18,1,200,,175722,7,0,5 18,1
