3201,'20260401',1207,,27163,12,,,1,100,,27164,12,,,1,30,,27165,12,,,1,70,,27166,12,,,1,31,,27167,12,,,1,65,,27168,12,,,1,19,,27169,12,,,1,20,,27170,12,,,1,15,,27171,12,,,1,55,,27172,12,,,1,16,,27173,12,0,5 18,1,18,,27174,12,,,1,55,,27175,12,,,1,15,,27176,12,,,1,15,,27177,12,0,5 18,1,15,,27178,12,,,1,60,,27179,12,,,1,20,,27180,12,,,1,18,,27181,12,,,1,68,,27182,12,,,1,35,,27183,12,,,1
3201,'20260402',1207,,27184,12,,,1,100,,27185,12,,,1,30,,27186,12,,,1,70,,27187,12,,,1,31,,27188,12,,,1,65,,27189,12,,,1,19,,27190,12,,,1,20,,27191,12,,,1,15,,27192,12,,,1,55,,27193,12,,,1,16,,27194,12,0,5 18,1,18,,27195,12,,,1,55,,27196,12,,,1,15,,27197,12,,,1,15,,27198,12,0,5 18,1,15,,27199,12,,,1,60,,27200,12,,,1,20,,27201,12,,,1,18,,27202,12,,,1,68,,27203,12,,,1,35,,27204,12,,,1
3201,'20260406',1207,,27205,12,,,1,100,,27206,12,,,1,30,,27207,12,,,1,70,,27208,12,,,1,31,,27209,12,,,1,65,,27210,12,,,1,19,,27211,12,,,1,20,,27212,12,,,1,15,,27213,12,,,1,55,,27214,12,,,1,16,,27215,12,0,5 18,1,18,,27216,12,,,1,55,,27217,12,,,1,15,,27218,12,,,1,15,,27219,12,0,5 18,1,15,,27220,12,,,1,60,,27221,12,,,1,20,,27222,12,,,1,18,,27223,12,,,1,68,,27224,12,,,1,35,,27225,12,,,1
3201,'20260407',1207,,27226,12,,,1,100,,27227,12,,,1,30,,27228,12,,,1,70,,27229,12,,,1,31,,27230,12,,,1,65,,27231,12,,,1,19,,27232,12,,,1,20,,27233,12,,,1,15,,27234,12,,,1,55,,27235,12,,,1,16,,27236,12,0,5 18,1,18,,27237,12,,,1,55,,27238,12,,,1,15,,27239,12,,,1,15,,27240,12,0,5 18,1,15,,27241,12,,,1,60,,27242,12,,,1,20,,27243,12,,,1,18,,27244,12,,,1,68,,27245,12,,,1,35,,27246,12,,,1
3201,'20260408',1207,,27247,12,,,1,100,,27248,12,,,1,30,,27249,12,,,1,70,,27250,12,,,1,31,,27251,12,,,1,65,,27252,12,,,1,19,,27253,12,,,1,20,,27254,12,,,1,15,,27255,12,,,1,55,,27256,12,,,1,16,,27257,12,0,5 18,1,18,,27258,12,,,1,55,,27259,12,,,1,15,,27260,12,,,1,15,,27261,12,0,5 18,1,15,,27262,12,,,1,60,,27263,12,,,1,20,,27264,12,,,1,18,,27265,12,,,1,68,,27266,12,,,1,35,,27267,12,,,1
3201,'20260409',1207,,27268,12,,,1,100,,27269,12,,,1,30,,27270,12,,,1,70,,27271,12,,,1,31,,27272,12,,,1,65,,27273,12,,,1,19,,27274,12,,,1,20,,27275,12,,,1,15,,27276,12,,,1,55,,27277,12,,,1,16,,27278,12,0,5 18,1,18,,27279,12,,,1,55,,27280,12,,,1,15,,27281,12,,,1,15,,27282,12,0,5 18,1,15,,27283,12,,,1,60,,27284,12,,,1,20,,27285,12,,,1,18,,27286,12,,,1,68,,27287,12,,,1,35,,27288,12,,,1
3201,'20260410',1207,,27289,12,,,1,100,,27290,12,,,1,30,,27291,12,,,1,70,,27292,12,,,1,31,,27293,12,,,1,65,,27294,12,,,1,19,,27295,12,,,1,20,,27296,12,,,1,15,,27297,12,,,1,55,,27298,12,,,1,16,,27299,12,0,5 18,1,18,,27300,12,,,1,55,,27301,12,,,1,15,,27302,12,,,1,15,,27303,12,0,5 18,1,15,,27304,12,,,1,60,,27305,12,,,1,20,,27306,12,,,1,18,,27307,12,,,1,68,,27308,12,,,1,35,,27309,12,,,1
3201,'20260413',1207,,27310,12,,,1,100,,27311,12,,,1,30,,27312,12,,,1,70,,27313,12,,,1,31,,27314,12,,,1,65,,27315,12,,,1,19,,27316,12,,,1,20,,27317,12,,,1,15,,27318,12,,,1,55,,27319,12,,,1,16,,27320,12,0,5 18,1,18,,27321,12,,,1,55,,27322,12,,,1,15,,27323,12,,,1,15,,27324,12,0,5 18,1,15,,27325,12,,,1,60,,27326,12,,,1,20,,27327,12,,,1,18,,27328,12,,,1,68,,27329,12,,,1,35,,27330,12,,,1
3201,'20260414',1207,,27331,12,,,1,100,,27332,12,,,1,30,,27333,12,,,1,70,,27334,12,,,1,31,,27335,12,,,1,65,,27336,12,,,1,19,,27337,12,,,1,20,,27338,12,,,1,15,,27339,12,,,1,55,,27340,12,,,1,16,,27341,12,0,5 18,1,18,,27342,12,,,1,55,,27343,12,,,1,15,,27344,12,,,1,15,,27345,12,0,5 18,1,15,,27346,12,,,1,60,,27347,12,,,1,20,,27348,12,,,1,18,,27349,12,,,1,68,,27350,12,,,1,35,,27351,12,,,1
3201,'20260415',1207,,27352,12,,,1,100,,27353,12,,,1,30,,27354,12,,,1,70,,27355,12,,,1,31,,27356,12,,,1,65,,27357,12,,,1,19,,27358,12,,,1,20,,27359,12,,,1,15,,27360,12,,,1,55,,27361,12,,,1,16,,27362,12,0,5 18,1,18,,27363,12,,,1,55,,27364,12,,,1,15,,27365,12,,,1,15,,27366,12,0,5 18,1,15,,27367,12,,,1,60,,27368,12,,,1,20,,27369,12,,,1,18,,27370,12,,,1,68,,27371,12,,,1,35,,27372,12,,,1
3201,'20260416',1207,,27373,12,,,1,100,,27374,12,,,1,30,,27375,12,,,1,70,,27376,12,,,1,31,,27377,12,,,1,65,,27378,12,,,1,19,,27379,12,,,1,20,,27380,12,,,1,15,,27381,12,,,1,55,,27382,12,,,1,16,,27383,12,0,5 18,1,18,,27384,12,,,1,55,,27385,12,,,1,15,,27386,12,,,1,15,,27387,12,0,5 18,1,15,,27388,12,,,1,60,,27389,12,,,1,20,,27390,12,,,1,18,,27391,12,,,1,68,,27392,12,,,1,35,,27393,12,,,1
3201,'20260417',1207,,27394,12,,,1,100,,27395,12,,,1,30,,27396,12,,,1,70,,27397,12,,,1,31,,27398,12,,,1,65,,27399,12,,,1,19,,27400,12,,,1,20,,27401,12,,,1,15,,27402,12,,,1,55,,27403,12,,,1,16,,27404,12,0,5 18,1,18,,27405,12,,,1,55,,27406,12,,,1,15,,27407,12,,,1,15,,27408,12,0,5 18,1,15,,27409,12,,,1,60,,27410,12,,,1,20,,27411,12,,,1,18,,27412,12,,,1,68,,27413,12,,,1,35,,27414,12,,,1
3201,'20260420',1207,,27415,12,,,1,100,,27416,12,,,1,30,,27417,12,,,1,70,,27418,12,,,1,31,,27419,12,,,1,65,,27420,12,,,1,19,,27421,12,,,1,20,,27422,12,,,1,15,,27423,12,,,1,55,,27424,12,,,1,16,,27425,12,0,5 18,1,18,,27426,12,,,1,55,,27427,12,,,1,15,,27428,12,,,1,15,,27429,12,0,5 18,1,15,,27430,12,,,1,60,,27431,12,,,1,20,,27432,12,,,1,18,,27433,12,,,1,68,,27434,12,,,1,35,,27435,12,,,1
3201,'20260421',1207,,27436,12,,,1,100,,27437,12,,,1,30,,27438,12,,,1,70,,27439,12,,,1,31,,27440,12,,,1,65,,27441,12,,,1,19,,27442,12,,,1,20,,27443,12,,,1,15,,27444,12,,,1,55,,27445,12,,,1,16,,27446,12,0,5 18,1,18,,27447,12,,,1,55,,27448,12,,,1,15,,27449,12,,,1,15,,27450,12,0,5 18,1,15,,27451,12,,,1,60,,27452,12,,,1,20,,27453,12,,,1,18,,27454,12,,,1,68,,27455,12,,,1,35,,27456,12,,,1
3201,'20260422',1207,,27457,12,,,1,100,,27458,12,,,1,30,,27459,12,,,1,70,,27460,12,,,1,31,,27461,12,,,1,65,,27462,12,,,1,19,,27463,12,,,1,20,,27464,12,,,1,15,,27465,12,,,1,55,,27466,12,,,1,16,,27467,12,0,5 18,1,18,,27468,12,,,1,55,,27469,12,,,1,15,,27470,12,,,1,15,,27471,12,0,5 18,1,15,,27472,12,,,1,60,,27473,12,,,1,20,,27474,12,,,1,18,,27475,12,,,1,68,,27476,12,,,1,35,,27477,12,,,1
3201,'20260423',1207,,27478,12,,,1,100,,27479,12,,,1,30,,27480,12,,,1,70,,27481,12,,,1,31,,27482,12,,,1,65,,27483,12,,,1,19,,27484,12,,,1,20,,27485,12,,,1,15,,27486,12,,,1,55,,27487,12,,,1,16,,27488,12,0,5 18,1,18,,27489,12,,,1,55,,27490,12,,,1,15,,27491,12,,,1,15,,27492,12,0,5 18,1,15,,27493,12,,,1,60,,27494,12,,,1,20,,27495,12,,,1,18,,27496,12,,,1,68,,27497,12,,,1,35,,27498,12,,,1
3201,'20260424',1207,,27499,12,,,1,100,,27500,12,,,1,30,,27501,12,,,1,70,,27502,12,,,1,31,,27503,12,,,1,65,,27504,12,,,1,19,,27505,12,,,1,20,,27506,12,,,1,15,,27507,12,,,1,55,,27508,12,,,1,16,,27509,12,0,5 18,1,18,,27510,12,,,1,55,,27511,12,,,1,15,,27512,12,,,1,15,,27513,12,0,5 18,1,15,,27514,12,,,1,60,,27515,12,,,1,20,,27516,12,,,1,18,,27517,12,,,1,68,,27518,12,,,1,35,,27519,12,,,1
