9201,'20260528',411,,115667,6,,,1,25,,115668,6,,,1,97,,115669,6,,,1,95,,115672,6,,,1,100,,115673,6,,,1,100,,115675,6,,,1,100,,115676,6,,,1,100,,115677,6,,,1,100,,115678,6,,,1,101,,115679,6,,,1,100,,115680,6,,,1,100,,115681,6,,,1,100,,115682,6,,,1,100,,115683,6,,,1,100,,115684,6,,,1,104,,115685,6,,,1,205,,115686,6,,,1,205,,115687,6,,,1,205,,115688,6,,,1
9201,'20260529',411,,115689,6,,,1,25,,115690,6,,,1,97,,115691,6,,,1,95,,115694,6,,,1,100,,115695,6,,,1,100,,115697,6,,,1,100,,115698,6,,,1,100,,115699,6,,,1,100,,115700,6,,,1,101,,115701,6,,,1,100,,115702,6,,,1,100,,115703,6,,,1,100,,115704,6,,,1,100,,115705,6,,,1,100,,115706,6,,,1,104,,115707,6,,,1,205,,115708,6,,,1,205,,115709,6,,,1,205,,115710,6,,,1
9201,'20260530',528,,115711,6,,,1,100,,115712,6,,,1,100,,115713,6,,,1,95,,115714,6,,,1,95,,115715,6,,,1,95,,115716,6,,,1,95,,115717,6,,,1,100,,115718,6,,,1,100,,115719,6,,,1,100,,115720,6,,,1,105,,115721,6,,,1,105,,115722,6,,,1,100,,115723,6,,,1,100,,115724,6,,,1,110,,115725,6,,,1,205,,115726,6,,,1,200,,115727,6,,,1
9201,'20260531',528,,115728,6,,,1,100,,115729,6,,,1,100,,115730,6,,,1,95,,115731,6,,,1,95,,115732,6,,,1,95,,115733,6,,,1,95,,115734,6,,,1,100,,115735,6,,,1,100,,115736,6,,,1,100,,115737,6,,,1,105,,115738,6,,,1,105,,115739,6,,,1,100,,115740,6,,,1,100,,115741,6,,,1,110,,115742,6,,,1,205,,115743,6,,,1,200,,115744,6,,,1
9201,'20260601',411,,115745,6,,,1,25,,115746,6,,,1,97,,115747,6,,,1,95,,115750,6,,,1,100,,115751,6,,,1,100,,115753,6,,,1,100,,115754,6,,,1,100,,115755,6,,,1,100,,115756,6,,,1,101,,115757,6,,,1,100,,115758,6,,,1,100,,115759,6,,,1,100,,115760,6,,,1,100,,115761,6,,,1,100,,115762,6,,,1,104,,115763,6,,,1,205,,115764,6,,,1,205,,115765,6,,,1,205,,115766,6,,,1
9201,'20260602',411,,115767,6,,,1,25,,115768,6,,,1,97,,115769,6,,,1,95,,115772,6,,,1,100,,115773,6,,,1,100,,115775,6,,,1,100,,115776,6,,,1,100,,115777,6,,,1,100,,115778,6,,,1,101,,115779,6,,,1,100,,115780,6,,,1,100,,115781,6,,,1,100,,115782,6,,,1,100,,115783,6,,,1,100,,115784,6,,,1,104,,115785,6,,,1,205,,115786,6,,,1,205,,115787,6,,,1,205,,115788,6,,,1
9201,'20260603',411,,115789,6,,,1,25,,115790,6,,,1,97,,115791,6,,,1,95,,115794,6,,,1,100,,115795,6,,,1,100,,115797,6,,,1,100,,115798,6,,,1,100,,115799,6,,,1,100,,115800,6,,,1,101,,115801,6,,,1,100,,115802,6,,,1,100,,115803,6,,,1,100,,115804,6,,,1,100,,115805,6,,,1,100,,115806,6,,,1,104,,115807,6,,,1,205,,115808,6,,,1,205,,115809,6,,,1,205,,115810,6,,,1
9201,'20260604',411,,115811,6,,,1,25,,115812,6,,,1,97,,115813,6,,,1,95,,115816,6,,,1,100,,115817,6,,,1,100,,115819,6,,,1,100,,115820,6,,,1,100,,115821,6,,,1,100,,115822,6,,,1,101,,115823,6,,,1,100,,115824,6,,,1,100,,115825,6,,,1,100,,115826,6,,,1,100,,115827,6,,,1,100,,115828,6,,,1,104,,115829,6,,,1,205,,115830,6,,,1,205,,115831,6,,,1,205,,115832,6,,,1
9201,'20260605',411,,115833,6,,,1,25,,115834,6,,,1,97,,115835,6,,,1,95,,115838,6,,,1,100,,115839,6,,,1,100,,115841,6,,,1,100,,115842,6,,,1,100,,115843,6,,,1,100,,115844,6,,,1,101,,115845,6,,,1,100,,115846,6,,,1,100,,115847,6,,,1,100,,115848,6,,,1,100,,115849,6,,,1,100,,115850,6,,,1,104,,115851,6,,,1,205,,115852,6,,,1,205,,115853,6,,,1,205,,115854,6,,,1
9201,'20260606',528,,115855,6,,,1,100,,115856,6,,,1,100,,115857,6,,,1,95,,115858,6,,,1,95,,115859,6,,,1,95,,115860,6,,,1,95,,115861,6,,,1,100,,115862,6,,,1,100,,115863,6,,,1,100,,115864,6,,,1,105,,115865,6,,,1,105,,115866,6,,,1,100,,115867,6,,,1,100,,115868,6,,,1,110,,115869,6,,,1,205,,115870,6,,,1,200,,115871,6,,,1
9201,'20260607',528,,115872,6,,,1,100,,115873,6,,,1,100,,115874,6,,,1,95,,115875,6,,,1,95,,115876,6,,,1,95,,115877,6,,,1,95,,115878,6,,,1,100,,115879,6,,,1,100,,115880,6,,,1,100,,115881,6,,,1,105,,115882,6,,,1,105,,115883,6,,,1,100,,115884,6,,,1,100,,115885,6,,,1,110,,115886,6,,,1,205,,115887,6,,,1,200,,115888,6,,,1
9201,'20260608',411,,115889,6,,,1,25,,115890,6,,,1,97,,115891,6,,,1,95,,115894,6,,,1,100,,115895,6,,,1,100,,115897,6,,,1,100,,115898,6,,,1,100,,115899,6,,,1,100,,115900,6,,,1,101,,115901,6,,,1,100,,115902,6,,,1,100,,115903,6,,,1,100,,115904,6,,,1,100,,115905,6,,,1,100,,115906,6,,,1,104,,115907,6,,,1,205,,115908,6,,,1,205,,115909,6,,,1,205,,115910,6,,,1
9201,'20260609',411,,115911,6,,,1,25,,115912,6,,,1,97,,115913,6,,,1,95,,115916,6,,,1,100,,115917,6,,,1,100,,115919,6,,,1,100,,115920,6,,,1,100,,115921,6,,,1,100,,115922,6,,,1,101,,115923,6,,,1,100,,115924,6,,,1,100,,115925,6,,,1,100,,115926,6,,,1,100,,115927,6,,,1,100,,115928,6,,,1,104,,115929,6,,,1,205,,115930,6,,,1,205,,115931,6,,,1,205,,115932,6,,,1
9201,'20260610',411,,115933,6,,,1,25,,115934,6,,,1,97,,115935,6,,,1,95,,115938,6,,,1,100,,115939,6,,,1,100,,115941,6,,,1,100,,115942,6,,,1,100,,115943,6,,,1,100,,115944,6,,,1,101,,115945,6,,,1,100,,115946,6,,,1,100,,115947,6,,,1,100,,115948,6,,,1,100,,115949,6,,,1,100,,115950,6,,,1,104,,115951,6,,,1,205,,115952,6,,,1,205,,115953,6,,,1,205,,115954,6,,,1
9201,'20260611',411,,115955,6,,,1,25,,115956,6,,,1,97,,115957,6,,,1,95,,115960,6,,,1,100,,115961,6,,,1,100,,115963,6,,,1,100,,115964,6,,,1,100,,115965,6,,,1,100,,115966,6,,,1,101,,115967,6,,,1,100,,115968,6,,,1,100,,115969,6,,,1,100,,115970,6,,,1,100,,115971,6,,,1,100,,115972,6,,,1,104,,115973,6,,,1,205,,115974,6,,,1,205,,115975,6,,,1,205,,115976,6,,,1
9201,'20260612',411,,115977,6,,,1,25,,115978,6,,,1,97,,115979,6,,,1,95,,115982,6,,,1,100,,115983,6,,,1,100,,115985,6,,,1,100,,115986,6,,,1,100,,115987,6,,,1,100,,115988,6,,,1,101,,115989,6,,,1,100,,115990,6,,,1,100,,115991,6,,,1,100,,115992,6,,,1,100,,115993,6,,,1,100,,115994,6,,,1,104,,115995,6,,,1,205,,115996,6,,,1,205,,115997,6,,,1,205,,115998,6,,,1
9201,'20260613',528,,212015,6,,,1,100,,212016,6,,,1,100,,212017,6,,,1,95,,212018,6,,,1,95,,212019,6,,,1,95,,212020,6,,,1,95,,212021,6,,,1,100,,212022,6,,,1,100,,212023,6,,,1,100,,212024,6,,,1,105,,212025,6,,,1,105,,212026,6,,,1,100,,212027,6,,,1,100,,212028,6,,,1,110,,212029,6,,,1,205,,212030,6,,,1,200,,212031,6,,,1
9201,'20260614',528,,212032,6,,,1,100,,212033,6,,,1,100,,212034,6,,,1,95,,212035,6,,,1,95,,212036,6,,,1,95,,212037,6,,,1,95,,212038,6,,,1,100,,212039,6,,,1,100,,212040,6,,,1,100,,212041,6,,,1,105,,212042,6,,,1,105,,212043,6,,,1,100,,212044,6,,,1,100,,212045,6,,,1,110,,212046,6,,,1,205,,212047,6,,,1,200,,212048,6,,,1
9201,'20260615',411,,212049,6,,,1,25,,212050,6,,,1,97,,212051,6,,,1,95,,212054,6,,,1,100,,212055,6,,,1,100,,212057,6,,,1,100,,212058,6,,,1,100,,212059,6,,,1,100,,212060,6,,,1,101,,212061,6,,,1,100,,212062,6,,,1,100,,212063,6,,,1,100,,212064,6,,,1,100,,212065,6,,,1,100,,212066,6,,,1,104,,212067,6,,,1,205,,212068,6,,,1,205,,212069,6,,,1,205,,212070,6,,,1
9201,'20260616',411,,212071,6,,,1,25,,212072,6,,,1,97,,212073,6,,,1,95,,212076,6,,,1,100,,212077,6,,,1,100,,212079,6,,,1,100,,212080,6,,,1,100,,212081,6,,,1,100,,212082,6,,,1,101,,212083,6,,,1,100,,212084,6,,,1,100,,212085,6,,,1,100,,212086,6,,,1,100,,212087,6,,,1,100,,212088,6,,,1,104,,212089,6,,,1,205,,212090,6,,,1,205,,212091,6,,,1,205,,212092,6,,,1
9201,'20260617',411,,212093,6,,,1,25,,212094,6,,,1,97,,212095,6,,,1,95,,212098,6,,,1,100,,212099,6,,,1,100,,212101,6,,,1,100,,212102,6,,,1,100,,212103,6,,,1,100,,212104,6,,,1,101,,212105,6,,,1,100,,212106,6,,,1,100,,212107,6,,,1,100,,212108,6,,,1,100,,212109,6,,,1,100,,212110,6,,,1,104,,212111,6,,,1,205,,212112,6,,,1,205,,212113,6,,,1,205,,212114,6,,,1
9201,'20260618',411,,212115,6,,,1,25,,212116,6,,,1,97,,212117,6,,,1,95,,212120,6,,,1,100,,212121,6,,,1,100,,212123,6,,,1,100,,212124,6,,,1,100,,212125,6,,,1,100,,212126,6,,,1,101,,212127,6,,,1,100,,212128,6,,,1,100,,212129,6,,,1,100,,212130,6,,,1,100,,212131,6,,,1,100,,212132,6,,,1,104,,212133,6,,,1,205,,212134,6,,,1,205,,212135,6,,,1,205,,212136,6,,,1
9201,'20260619',411,,212137,6,,,1,25,,212138,6,,,1,97,,212139,6,,,1,95,,212142,6,,,1,100,,212143,6,,,1,100,,212145,6,,,1,100,,212146,6,,,1,100,,212147,6,,,1,100,,212148,6,,,1,101,,212149,6,,,1,100,,212150,6,,,1,100,,212151,6,,,1,100,,212152,6,,,1,100,,212153,6,,,1,100,,212154,6,,,1,104,,212155,6,,,1,205,,212156,6,,,1,205,,212157,6,,,1,205,,212158,6,,,1
9201,'20260620',528,,212159,6,,,1,100,,212160,6,,,1,100,,212161,6,,,1,95,,212162,6,,,1,95,,212163,6,,,1,95,,212164,6,,,1,95,,212165,6,,,1,100,,212166,6,,,1,100,,212167,6,,,1,100,,212168,6,,,1,105,,212169,6,,,1,105,,212170,6,,,1,100,,212171,6,,,1,100,,212172,6,,,1,110,,212173,6,,,1,205,,212174,6,,,1,200,,212175,6,,,1
9201,'20260621',528,,212176,6,,,1,100,,212177,6,,,1,100,,212178,6,,,1,95,,212179,6,,,1,95,,212180,6,,,1,95,,212181,6,,,1,95,,212182,6,,,1,100,,212183,6,,,1,100,,212184,6,,,1,100,,212185,6,,,1,105,,212186,6,,,1,105,,212187,6,,,1,100,,212188,6,,,1,100,,212189,6,,,1,110,,212190,6,,,1,205,,212191,6,,,1,200,,212192,6,,,1
9201,'20260622',411,,212193,6,,,1,25,,212194,6,,,1,97,,212195,6,,,1,95,,212198,6,,,1,100,,212199,6,,,1,100,,212201,6,,,1,100,,212202,6,,,1,100,,212203,6,,,1,100,,212204,6,,,1,101,,212205,6,,,1,100,,212206,6,,,1,100,,212207,6,,,1,100,,212208,6,,,1,100,,212209,6,,,1,100,,212210,6,,,1,104,,212211,6,,,1,205,,212212,6,,,1,205,,212213,6,,,1,205,,212214,6,,,1
9201,'20260623',411,,212215,6,,,1,25,,212216,6,,,1,97,,212217,6,,,1,95,,212220,6,,,1,100,,212221,6,,,1,100,,212223,6,,,1,100,,212224,6,,,1,100,,212225,6,,,1,100,,212226,6,,,1,101,,212227,6,,,1,100,,212228,6,,,1,100,,212229,6,,,1,100,,212230,6,,,1,100,,212231,6,,,1,100,,212232,6,,,1,104,,212233,6,,,1,205,,212234,6,,,1,205,,212235,6,,,1,205,,212236,6,,,1
9201,'20260624',411,,212237,6,,,1,25,,212238,6,,,1,97,,212239,6,,,1,95,,212242,6,,,1,100,,212243,6,,,1,100,,212245,6,,,1,100,,212246,6,,,1,100,,212247,6,,,1,100,,212248,6,,,1,101,,212249,6,,,1,100,,212250,6,,,1,100,,212251,6,,,1,100,,212252,6,,,1,100,,212253,6,,,1,100,,212254,6,,,1,104,,212255,6,,,1,205,,212256,6,,,1,205,,212257,6,,,1,205,,212258,6,,,1
9201,'20260625',411,,212259,6,,,1,25,,212260,6,,,1,97,,212261,6,,,1,95,,212264,6,,,1,100,,212265,6,,,1,100,,212267,6,,,1,100,,212268,6,,,1,100,,212269,6,,,1,100,,212270,6,,,1,101,,212271,6,,,1,100,,212272,6,,,1,100,,212273,6,,,1,100,,212274,6,,,1,100,,212275,6,,,1,100,,212276,6,,,1,104,,212277,6,,,1,205,,212278,6,,,1,205,,212279,6,,,1,205,,212280,6,,,1
9201,'20260626',411,,212281,6,,,1,25,,212282,6,,,1,97,,212283,6,,,1,95,,212286,6,,,1,100,,212287,6,,,1,100,,212289,6,,,1,100,,212290,6,,,1,100,,212291,6,,,1,100,,212292,6,,,1,101,,212293,6,,,1,100,,212294,6,,,1,100,,212295,6,,,1,100,,212296,6,,,1,100,,212297,6,,,1,100,,212298,6,,,1,104,,212299,6,,,1,205,,212300,6,,,1,205,,212301,6,,,1,205,,212302,6,,,1
9201,'20260627',528,,212303,6,,,1,100,,212304,6,,,1,100,,212305,6,,,1,95,,212306,6,,,1,95,,212307,6,,,1,95,,212308,6,,,1,95,,212309,6,,,1,100,,212310,6,,,1,100,,212311,6,,,1,100,,212312,6,,,1,105,,212313,6,,,1,105,,212314,6,,,1,100,,212315,6,,,1,100,,212316,6,,,1,110,,212317,6,,,1,205,,212318,6,,,1,200,,212319,6,,,1
9201,'20260628',528,,212320,6,,,1,100,,212321,6,,,1,100,,212322,6,,,1,95,,212323,6,,,1,95,,212324,6,,,1,95,,212325,6,,,1,95,,212326,6,,,1,100,,212327,6,,,1,100,,212328,6,,,1,100,,212329,6,,,1,105,,212330,6,,,1,105,,212331,6,,,1,100,,212332,6,,,1,100,,212333,6,,,1,110,,212334,6,,,1,205,,212335,6,,,1,200,,212336,6,,,1
9201,'20260629',411,,212337,6,,,1,25,,212338,6,,,1,97,,212339,6,,,1,95,,212342,6,,,1,100,,212343,6,,,1,100,,212345,6,,,1,100,,212346,6,,,1,100,,212347,6,,,1,100,,212348,6,,,1,101,,212349,6,,,1,100,,212350,6,,,1,100,,212351,6,,,1,100,,212352,6,,,1,100,,212353,6,,,1,100,,212354,6,,,1,104,,212355,6,,,1,205,,212356,6,,,1,205,,212357,6,,,1,205,,212358,6,,,1
9201,'20260630',411,,212359,6,,,1,25,,212360,6,,,1,97,,212361,6,,,1,95,,212364,6,,,1,100,,212365,6,,,1,100,,212367,6,,,1,100,,212368,6,,,1,100,,212369,6,,,1,100,,212370,6,,,1,101,,212371,6,,,1,100,,212372,6,,,1,100,,212373,6,,,1,100,,212374,6,,,1,100,,212375,6,,,1,100,,212376,6,,,1,104,,212377,6,,,1,205,,212378,6,,,1,205,,212379,6,,,1,205,,212380,6,,,1
9201,'20260701',528,,212381,6,,,1,100,,212382,6,,,1,100,,212383,6,,,1,95,,212384,6,,,1,95,,212385,6,,,1,95,,212386,6,,,1,95,,212387,6,,,1,100,,212388,6,,,1,100,,212389,6,,,1,100,,212390,6,,,1,105,,212391,6,,,1,105,,212392,6,,,1,100,,212393,6,,,1,100,,212394,6,,,1,110,,212395,6,,,1,205,,212396,6,,,1,200,,212397,6,,,1
9201,'20260702',411,,212398,6,,,1,25,,212399,6,,,1,97,,212400,6,,,1,95,,212403,6,,,1,100,,212404,6,,,1,100,,212406,6,,,1,100,,212407,6,,,1,100,,212408,6,,,1,100,,212409,6,,,1,101,,212410,6,,,1,100,,212411,6,,,1,100,,212412,6,,,1,100,,212413,6,,,1,100,,212414,6,,,1,100,,212415,6,,,1,104,,212416,6,,,1,205,,212417,6,,,1,205,,212418,6,,,1,205,,212419,6,,,1
9201,'20260703',411,,212420,6,,,1,25,,212421,6,,,1,97,,212422,6,,,1,95,,212425,6,,,1,100,,212426,6,,,1,100,,212428,6,,,1,100,,212429,6,,,1,100,,212430,6,,,1,100,,212431,6,,,1,101,,212432,6,,,1,100,,212433,6,,,1,100,,212434,6,,,1,100,,212435,6,,,1,100,,212436,6,,,1,100,,212437,6,,,1,104,,212438,6,,,1,205,,212439,6,,,1,205,,212440,6,,,1,205,,212441,6,,,1
9201,'20260704',528,,212442,6,,,1,100,,212443,6,,,1,100,,212444,6,,,1,95,,212445,6,,,1,95,,212446,6,,,1,95,,212447,6,,,1,95,,212448,6,,,1,100,,212449,6,,,1,100,,212450,6,,,1,100,,212451,6,,,1,105,,212452,6,,,1,105,,212453,6,,,1,100,,212454,6,,,1,100,,212455,6,,,1,110,,212456,6,,,1,205,,212457,6,,,1,200,,212458,6,,,1
9201,'20260705',528,,212459,6,,,1,100,,212460,6,,,1,100,,212461,6,,,1,95,,212462,6,,,1,95,,212463,6,,,1,95,,212464,6,,,1,95,,212465,6,,,1,100,,212466,6,,,1,100,,212467,6,,,1,100,,212468,6,,,1,105,,212469,6,,,1,105,,212470,6,,,1,100,,212471,6,,,1,100,,212472,6,,,1,110,,212473,6,,,1,205,,212474,6,,,1,200,,212475,6,,,1
9201,'20260706',411,,212476,6,,,1,25,,212477,6,,,1,97,,212478,6,,,1,95,,212481,6,,,1,100,,212482,6,,,1,100,,212484,6,,,1,100,,212485,6,,,1,100,,212486,6,,,1,100,,212487,6,,,1,101,,212488,6,,,1,100,,212489,6,,,1,100,,212490,6,,,1,100,,212491,6,,,1,100,,212492,6,,,1,100,,212493,6,,,1,104,,212494,6,,,1,205,,212495,6,,,1,205,,212496,6,,,1,205,,212497,6,,,1
9201,'20260707',411,,212498,6,,,1,25,,212499,6,,,1,97,,212500,6,,,1,95,,212503,6,,,1,100,,212504,6,,,1,100,,212506,6,,,1,100,,212507,6,,,1,100,,212508,6,,,1,100,,212509,6,,,1,101,,212510,6,,,1,100,,212511,6,,,1,100,,212512,6,,,1,100,,212513,6,,,1,100,,212514,6,,,1,100,,212515,6,,,1,104,,212516,6,,,1,205,,212517,6,,,1,205,,212518,6,,,1,205,,212519,6,,,1
9201,'20260708',411,,212520,6,,,1,25,,212521,6,,,1,97,,212522,6,,,1,95,,212525,6,,,1,100,,212526,6,,,1,100,,212528,6,,,1,100,,212529,6,,,1,100,,212530,6,,,1,100,,212531,6,,,1,101,,212532,6,,,1,100,,212533,6,,,1,100,,212534,6,,,1,100,,212535,6,,,1,100,,212536,6,,,1,100,,212537,6,,,1,104,,212538,6,,,1,205,,212539,6,,,1,205,,212540,6,,,1,205,,212541,6,,,1
9201,'20260709',411,,212542,6,,,1,25,,212543,6,,,1,97,,212544,6,,,1,95,,212547,6,,,1,100,,212548,6,,,1,100,,212550,6,,,1,100,,212551,6,,,1,100,,212552,6,,,1,100,,212553,6,,,1,101,,212554,6,,,1,100,,212555,6,,,1,100,,212556,6,,,1,100,,212557,6,,,1,100,,212558,6,,,1,100,,212559,6,,,1,104,,212560,6,,,1,205,,212561,6,,,1,205,,212562,6,,,1,205,,212563,6,,,1
9201,'20260710',411,,212564,6,,,1,25,,212565,6,,,1,97,,212566,6,,,1,95,,212569,6,,,1,100,,212570,6,,,1,100,,212572,6,,,1,100,,212573,6,,,1,100,,212574,6,,,1,100,,212575,6,,,1,101,,212576,6,,,1,100,,212577,6,,,1,100,,212578,6,,,1,100,,212579,6,,,1,100,,212580,6,,,1,100,,212581,6,,,1,104,,212582,6,,,1,205,,212583,6,,,1,205,,212584,6,,,1,205,,212585,6,,,1
9201,'20260711',528,,212586,6,,,1,100,,212587,6,,,1,100,,212588,6,,,1,95,,212589,6,,,1,95,,212590,6,,,1,95,,212591,6,,,1,95,,212592,6,,,1,100,,212593,6,,,1,100,,212594,6,,,1,100,,212595,6,,,1,105,,212596,6,,,1,105,,212597,6,,,1,100,,212598,6,,,1,100,,212599,6,,,1,110,,212600,6,,,1,205,,212601,6,,,1,200,,212602,6,,,1
9201,'20260712',528,,212603,6,,,1,100,,212604,6,,,1,100,,212605,6,,,1,95,,212606,6,,,1,95,,212607,6,,,1,95,,212608,6,,,1,95,,212609,6,,,1,100,,212610,6,,,1,100,,212611,6,,,1,100,,212612,6,,,1,105,,212613,6,,,1,105,,212614,6,,,1,100,,212615,6,,,1,100,,212616,6,,,1,110,,212617,6,,,1,205,,212618,6,,,1,200,,212619,6,,,1
9201,'20260713',411,,212620,6,,,1,25,,212621,6,,,1,97,,212622,6,,,1,95,,212625,6,,,1,100,,212626,6,,,1,100,,212628,6,,,1,100,,212629,6,,,1,100,,212630,6,,,1,100,,212631,6,,,1,101,,212632,6,,,1,100,,212633,6,,,1,100,,212634,6,,,1,100,,212635,6,,,1,100,,212636,6,,,1,100,,212637,6,,,1,104,,212638,6,,,1,205,,212639,6,,,1,205,,212640,6,,,1,205,,212641,6,,,1
9201,'20260714',411,,212642,6,,,1,25,,212643,6,,,1,97,,212644,6,,,1,95,,212647,6,,,1,100,,212648,6,,,1,100,,212650,6,,,1,100,,212651,6,,,1,100,,212652,6,,,1,100,,212653,6,,,1,101,,212654,6,,,1,100,,212655,6,,,1,100,,212656,6,,,1,100,,212657,6,,,1,100,,212658,6,,,1,100,,212659,6,,,1,104,,212660,6,,,1,205,,212661,6,,,1,205,,212662,6,,,1,205,,212663,6,,,1
9201,'20260715',411,,212664,6,,,1,25,,212665,6,,,1,97,,212666,6,,,1,95,,212669,6,,,1,100,,212670,6,,,1,100,,212672,6,,,1,100,,212673,6,,,1,100,,212674,6,,,1,100,,212675,6,,,1,101,,212676,6,,,1,100,,212677,6,,,1,100,,212678,6,,,1,100,,212679,6,,,1,100,,212680,6,,,1,100,,212681,6,,,1,104,,212682,6,,,1,205,,212683,6,,,1,205,,212684,6,,,1,205,,212685,6,,,1
9201,'20260716',411,,212686,6,,,1,25,,212687,6,,,1,97,,212688,6,,,1,95,,212691,6,,,1,100,,212692,6,,,1,100,,212694,6,,,1,100,,212695,6,,,1,100,,212696,6,,,1,100,,212697,6,,,1,101,,212698,6,,,1,100,,212699,6,,,1,100,,212700,6,,,1,100,,212701,6,,,1,100,,212702,6,,,1,100,,212703,6,,,1,104,,212704,6,,,1,205,,212705,6,,,1,205,,212706,6,,,1,205,,212707,6,,,1
9201,'20260717',411,,212708,6,,,1,25,,212709,6,,,1,97,,212710,6,,,1,95,,212713,6,,,1,100,,212714,6,,,1,100,,212716,6,,,1,100,,212717,6,,,1,100,,212718,6,,,1,100,,212719,6,,,1,101,,212720,6,,,1,100,,212721,6,,,1,100,,212722,6,,,1,100,,212723,6,,,1,100,,212724,6,,,1,100,,212725,6,,,1,104,,212726,6,,,1,205,,212727,6,,,1,205,,212728,6,,,1,205,,212729,6,,,1
9201,'20260718',528,,212730,6,,,1,100,,212731,6,,,1,100,,212732,6,,,1,95,,212733,6,,,1,95,,212734,6,,,1,95,,212735,6,,,1,95,,212736,6,,,1,100,,212737,6,,,1,100,,212738,6,,,1,100,,212739,6,,,1,105,,212740,6,,,1,105,,212741,6,,,1,100,,212742,6,,,1,100,,212743,6,,,1,110,,212744,6,,,1,205,,212745,6,,,1,200,,212746,6,,,1
9201,'20260719',528,,212747,6,,,1,100,,212748,6,,,1,100,,212749,6,,,1,95,,212750,6,,,1,95,,212751,6,,,1,95,,212752,6,,,1,95,,212753,6,,,1,100,,212754,6,,,1,100,,212755,6,,,1,100,,212756,6,,,1,105,,212757,6,,,1,105,,212758,6,,,1,100,,212759,6,,,1,100,,212760,6,,,1,110,,212761,6,,,1,205,,212762,6,,,1,200,,212763,6,,,1
9201,'20260720',411,,212764,6,,,1,25,,212765,6,,,1,97,,212766,6,,,1,95,,212769,6,,,1,100,,212770,6,,,1,100,,212772,6,,,1,100,,212773,6,,,1,100,,212774,6,,,1,100,,212775,6,,,1,101,,212776,6,,,1,100,,212777,6,,,1,100,,212778,6,,,1,100,,212779,6,,,1,100,,212780,6,,,1,100,,212781,6,,,1,104,,212782,6,,,1,205,,212783,6,,,1,205,,212784,6,,,1,205,,212785,6,,,1
9201,'20260721',411,,212786,6,,,1,25,,212787,6,,,1,97,,212788,6,,,1,95,,212791,6,,,1,100,,212792,6,,,1,100,,212794,6,,,1,100,,212795,6,,,1,100,,212796,6,,,1,100,,212797,6,,,1,101,,212798,6,,,1,100,,212799,6,,,1,100,,212800,6,,,1,100,,212801,6,,,1,100,,212802,6,,,1,100,,212803,6,,,1,104,,212804,6,,,1,205,,212805,6,,,1,205,,212806,6,,,1,205,,212807,6,,,1
9201,'20260722',411,,212808,6,,,1,25,,212809,6,,,1,97,,212810,6,,,1,95,,212813,6,,,1,100,,212814,6,,,1,100,,212816,6,,,1,100,,212817,6,,,1,100,,212818,6,,,1,100,,212819,6,,,1,101,,212820,6,,,1,100,,212821,6,,,1,100,,212822,6,,,1,100,,212823,6,,,1,100,,212824,6,,,1,100,,212825,6,,,1,104,,212826,6,,,1,205,,212827,6,,,1,205,,212828,6,,,1,205,,212829,6,,,1
9201,'20260723',411,,212830,6,,,1,25,,212831,6,,,1,97,,212832,6,,,1,95,,212835,6,,,1,100,,212836,6,,,1,100,,212838,6,,,1,100,,212839,6,,,1,100,,212840,6,,,1,100,,212841,6,,,1,101,,212842,6,,,1,100,,212843,6,,,1,100,,212844,6,,,1,100,,212845,6,,,1,100,,212846,6,,,1,100,,212847,6,,,1,104,,212848,6,,,1,205,,212849,6,,,1,205,,212850,6,,,1,205,,212851,6,,,1
9201,'20260724',411,,212852,6,,,1,25,,212853,6,,,1,97,,212854,6,,,1,95,,212857,6,,,1,100,,212858,6,,,1,100,,212860,6,,,1,100,,212861,6,,,1,100,,212862,6,,,1,100,,212863,6,,,1,101,,212864,6,,,1,100,,212865,6,,,1,100,,212866,6,,,1,100,,212867,6,,,1,100,,212868,6,,,1,100,,212869,6,,,1,104,,212870,6,,,1,205,,212871,6,,,1,205,,212872,6,,,1,205,,212873,6,,,1
9201,'20260725',528,,212874,6,,,1,100,,212875,6,,,1,100,,212876,6,,,1,95,,212877,6,,,1,95,,212878,6,,,1,95,,212879,6,,,1,95,,212880,6,,,1,100,,212881,6,,,1,100,,212882,6,,,1,100,,212883,6,,,1,105,,212884,6,,,1,105,,212885,6,,,1,100,,212886,6,,,1,100,,212887,6,,,1,110,,212888,6,,,1,205,,212889,6,,,1,200,,212890,6,,,1
9201,'20260726',528,,212891,6,,,1,100,,212892,6,,,1,100,,212893,6,,,1,95,,212894,6,,,1,95,,212895,6,,,1,95,,212896,6,,,1,95,,212897,6,,,1,100,,212898,6,,,1,100,,212899,6,,,1,100,,212900,6,,,1,105,,212901,6,,,1,105,,212902,6,,,1,100,,212903,6,,,1,100,,212904,6,,,1,110,,212905,6,,,1,205,,212906,6,,,1,200,,212907,6,,,1
9201,'20260727',411,,212908,6,,,1,25,,212909,6,,,1,97,,212910,6,,,1,95,,212913,6,,,1,100,,212914,6,,,1,100,,212916,6,,,1,100,,212917,6,,,1,100,,212918,6,,,1,100,,212919,6,,,1,101,,212920,6,,,1,100,,212921,6,,,1,100,,212922,6,,,1,100,,212923,6,,,1,100,,212924,6,,,1,100,,212925,6,,,1,104,,212926,6,,,1,205,,212927,6,,,1,205,,212928,6,,,1,205,,212929,6,,,1
9201,'20260728',411,,212930,6,,,1,25,,212931,6,,,1,97,,212932,6,,,1,95,,212935,6,,,1,100,,212936,6,,,1,100,,212938,6,,,1,100,,212939,6,,,1,100,,212940,6,,,1,100,,212941,6,,,1,101,,212942,6,,,1,100,,212943,6,,,1,100,,212944,6,,,1,100,,212945,6,,,1,100,,212946,6,,,1,100,,212947,6,,,1,104,,212948,6,,,1,205,,212949,6,,,1,205,,212950,6,,,1,205,,212951,6,,,1
9201,'20260729',411,,212952,6,,,1,25,,212953,6,,,1,97,,212954,6,,,1,95,,212957,6,,,1,100,,212958,6,,,1,100,,212960,6,,,1,100,,212961,6,,,1,100,,212962,6,,,1,100,,212963,6,,,1,101,,212964,6,,,1,100,,212965,6,,,1,100,,212966,6,,,1,100,,212967,6,,,1,100,,212968,6,,,1,100,,212969,6,,,1,104,,212970,6,,,1,205,,212971,6,,,1,205,,212972,6,,,1,205,,212973,6,,,1
9201,'20260730',411,,212974,6,,,1,25,,212975,6,,,1,97,,212976,6,,,1,95,,212979,6,,,1,100,,212980,6,,,1,100,,212982,6,,,1,100,,212983,6,,,1,100,,212984,6,,,1,100,,212985,6,,,1,101,,212986,6,,,1,100,,212987,6,,,1,100,,212988,6,,,1,100,,212989,6,,,1,100,,212990,6,,,1,100,,212991,6,,,1,104,,212992,6,,,1,205,,212993,6,,,1,205,,212994,6,,,1,205,,212995,6,,,1
9201,'20260731',411,,212996,6,,,1,25,,212997,6,,,1,97,,212998,6,,,1,95,,213001,6,,,1,100,,213002,6,,,1,100,,213004,6,,,1,100,,213005,6,,,1,100,,213006,6,,,1,100,,213007,6,,,1,101,,213008,6,,,1,100,,213009,6,,,1,100,,213010,6,,,1,100,,213011,6,,,1,100,,213012,6,,,1,100,,213013,6,,,1,104,,213014,6,,,1,205,,213015,6,,,1,205,,213016,6,,,1,205,,213017,6,,,1
9201,'20260801',528,,213018,6,,,1,100,,213019,6,,,1,100,,213020,6,,,1,95,,213021,6,,,1,95,,213022,6,,,1,95,,213023,6,,,1,95,,213024,6,,,1,100,,213025,6,,,1,100,,213026,6,,,1,100,,213027,6,,,1,105,,213028,6,,,1,105,,213029,6,,,1,100,,213030,6,,,1,100,,213031,6,,,1,110,,213032,6,,,1,205,,213033,6,,,1,200,,213034,6,,,1
9201,'20260802',528,,213035,6,,,1,100,,213036,6,,,1,100,,213037,6,,,1,95,,213038,6,,,1,95,,213039,6,,,1,95,,213040,6,,,1,95,,213041,6,,,1,100,,213042,6,,,1,100,,213043,6,,,1,100,,213044,6,,,1,105,,213045,6,,,1,105,,213046,6,,,1,100,,213047,6,,,1,100,,213048,6,,,1,110,,213049,6,,,1,205,,213050,6,,,1,200,,213051,6,,,1
9201,'20260803',528,,213052,6,,,1,100,,213053,6,,,1,100,,213054,6,,,1,95,,213055,6,,,1,95,,213056,6,,,1,95,,213057,6,,,1,95,,213058,6,,,1,100,,213059,6,,,1,100,,213060,6,,,1,100,,213061,6,,,1,105,,213062,6,,,1,105,,213063,6,,,1,100,,213064,6,,,1,100,,213065,6,,,1,110,,213066,6,,,1,205,,213067,6,,,1,200,,213068,6,,,1
9201,'20260804',411,,213069,6,,,1,25,,213070,6,,,1,97,,213071,6,,,1,95,,213074,6,,,1,100,,213075,6,,,1,100,,213077,6,,,1,100,,213078,6,,,1,100,,213079,6,,,1,100,,213080,6,,,1,101,,213081,6,,,1,100,,213082,6,,,1,100,,213083,6,,,1,100,,213084,6,,,1,100,,213085,6,,,1,100,,213086,6,,,1,104,,213087,6,,,1,205,,213088,6,,,1,205,,213089,6,,,1,205,,213090,6,,,1
9201,'20260805',411,,213091,6,,,1,25,,213092,6,,,1,97,,213093,6,,,1,95,,213096,6,,,1,100,,213097,6,,,1,100,,213099,6,,,1,100,,213100,6,,,1,100,,213101,6,,,1,100,,213102,6,,,1,101,,213103,6,,,1,100,,213104,6,,,1,100,,213105,6,,,1,100,,213106,6,,,1,100,,213107,6,,,1,100,,213108,6,,,1,104,,213109,6,,,1,205,,213110,6,,,1,205,,213111,6,,,1,205,,213112,6,,,1
9201,'20260806',411,,213113,6,,,1,25,,213114,6,,,1,97,,213115,6,,,1,95,,213118,6,,,1,100,,213119,6,,,1,100,,213121,6,,,1,100,,213122,6,,,1,100,,213123,6,,,1,100,,213124,6,,,1,101,,213125,6,,,1,100,,213126,6,,,1,100,,213127,6,,,1,100,,213128,6,,,1,100,,213129,6,,,1,100,,213130,6,,,1,104,,213131,6,,,1,205,,213132,6,,,1,205,,213133,6,,,1,205,,213134,6,,,1
9201,'20260807',411,,213135,6,,,1,25,,213136,6,,,1,97,,213137,6,,,1,95,,213140,6,,,1,100,,213141,6,,,1,100,,213143,6,,,1,100,,213144,6,,,1,100,,213145,6,,,1,100,,213146,6,,,1,101,,213147,6,,,1,100,,213148,6,,,1,100,,213149,6,,,1,100,,213150,6,,,1,100,,213151,6,,,1,100,,213152,6,,,1,104,,213153,6,,,1,205,,213154,6,,,1,205,,213155,6,,,1,205,,213156,6,,,1
9201,'20260808',528,,213157,6,,,1,100,,213158,6,,,1,100,,213159,6,,,1,95,,213160,6,,,1,95,,213161,6,,,1,95,,213162,6,,,1,95,,213163,6,,,1,100,,213164,6,,,1,100,,213165,6,,,1,100,,213166,6,,,1,105,,213167,6,,,1,105,,213168,6,,,1,100,,213169,6,,,1,100,,213170,6,,,1,110,,213171,6,,,1,205,,213172,6,,,1,200,,213173,6,,,1
9201,'20260809',528,,213174,6,,,1,100,,213175,6,,,1,100,,213176,6,,,1,95,,213177,6,,,1,95,,213178,6,,,1,95,,213179,6,,,1,95,,213180,6,,,1,100,,213181,6,,,1,100,,213182,6,,,1,100,,213183,6,,,1,105,,213184,6,,,1,105,,213185,6,,,1,100,,213186,6,,,1,100,,213187,6,,,1,110,,213188,6,,,1,205,,213189,6,,,1,200,,213190,6,,,1
9201,'20260810',411,,213191,6,,,1,25,,213192,6,,,1,97,,213193,6,,,1,95,,213196,6,,,1,100,,213197,6,,,1,100,,213199,6,,,1,100,,213200,6,,,1,100,,213201,6,,,1,100,,213202,6,,,1,101,,213203,6,,,1,100,,213204,6,,,1,100,,213205,6,,,1,100,,213206,6,,,1,100,,213207,6,,,1,100,,213208,6,,,1,104,,213209,6,,,1,205,,213210,6,,,1,205,,213211,6,,,1,205,,213212,6,,,1
9201,'20260811',411,,213213,6,,,1,25,,213214,6,,,1,97,,213215,6,,,1,95,,213218,6,,,1,100,,213219,6,,,1,100,,213221,6,,,1,100,,213222,6,,,1,100,,213223,6,,,1,100,,213224,6,,,1,101,,213225,6,,,1,100,,213226,6,,,1,100,,213227,6,,,1,100,,213228,6,,,1,100,,213229,6,,,1,100,,213230,6,,,1,104,,213231,6,,,1,205,,213232,6,,,1,205,,213233,6,,,1,205,,213234,6,,,1
9201,'20260812',411,,213235,6,,,1,25,,213236,6,,,1,97,,213237,6,,,1,95,,213240,6,,,1,100,,213241,6,,,1,100,,213243,6,,,1,100,,213244,6,,,1,100,,213245,6,,,1,100,,213246,6,,,1,101,,213247,6,,,1,100,,213248,6,,,1,100,,213249,6,,,1,100,,213250,6,,,1,100,,213251,6,,,1,100,,213252,6,,,1,104,,213253,6,,,1,205,,213254,6,,,1,205,,213255,6,,,1,205,,213256,6,,,1
9201,'20260813',411,,213257,6,,,1,25,,213258,6,,,1,97,,213259,6,,,1,95,,213262,6,,,1,100,,213263,6,,,1,100,,213265,6,,,1,100,,213266,6,,,1,100,,213267,6,,,1,100,,213268,6,,,1,101,,213269,6,,,1,100,,213270,6,,,1,100,,213271,6,,,1,100,,213272,6,,,1,100,,213273,6,,,1,100,,213274,6,,,1,104,,213275,6,,,1,205,,213276,6,,,1,205,,213277,6,,,1,205,,213278,6,,,1
9201,'20260814',411,,213279,6,,,1,25,,213280,6,,,1,97,,213281,6,,,1,95,,213284,6,,,1,100,,213285,6,,,1,100,,213287,6,,,1,100,,213288,6,,,1,100,,213289,6,,,1,100,,213290,6,,,1,101,,213291,6,,,1,100,,213292,6,,,1,100,,213293,6,,,1,100,,213294,6,,,1,100,,213295,6,,,1,100,,213296,6,,,1,104,,213297,6,,,1,205,,213298,6,,,1,205,,213299,6,,,1,205,,213300,6,,,1
9201,'20260815',528,,213301,6,,,1,100,,213302,6,,,1,100,,213303,6,,,1,95,,213304,6,,,1,95,,213305,6,,,1,95,,213306,6,,,1,95,,213307,6,,,1,100,,213308,6,,,1,100,,213309,6,,,1,100,,213310,6,,,1,105,,213311,6,,,1,105,,213312,6,,,1,100,,213313,6,,,1,100,,213314,6,,,1,110,,213315,6,,,1,205,,213316,6,,,1,200,,213317,6,,,1
9201,'20260816',528,,213318,6,,,1,100,,213319,6,,,1,100,,213320,6,,,1,95,,213321,6,,,1,95,,213322,6,,,1,95,,213323,6,,,1,95,,213324,6,,,1,100,,213325,6,,,1,100,,213326,6,,,1,100,,213327,6,,,1,105,,213328,6,,,1,105,,213329,6,,,1,100,,213330,6,,,1,100,,213331,6,,,1,110,,213332,6,,,1,205,,213333,6,,,1,200,,213334,6,,,1
9201,'20260817',411,,213335,6,,,1,25,,213336,6,,,1,97,,213337,6,,,1,95,,213340,6,,,1,100,,213341,6,,,1,100,,213343,6,,,1,100,,213344,6,,,1,100,,213345,6,,,1,100,,213346,6,,,1,101,,213347,6,,,1,100,,213348,6,,,1,100,,213349,6,,,1,100,,213350,6,,,1,100,,213351,6,,,1,100,,213352,6,,,1,104,,213353,6,,,1,205,,213354,6,,,1,205,,213355,6,,,1,205,,213356,6,,,1
9201,'20260818',411,,213357,6,,,1,25,,213358,6,,,1,97,,213359,6,,,1,95,,213362,6,,,1,100,,213363,6,,,1,100,,213365,6,,,1,100,,213366,6,,,1,100,,213367,6,,,1,100,,213368,6,,,1,101,,213369,6,,,1,100,,213370,6,,,1,100,,213371,6,,,1,100,,213372,6,,,1,100,,213373,6,,,1,100,,213374,6,,,1,104,,213375,6,,,1,205,,213376,6,,,1,205,,213377,6,,,1,205,,213378,6,,,1
9201,'20260819',411,,213379,6,,,1,25,,213380,6,,,1,97,,213381,6,,,1,95,,213384,6,,,1,100,,213385,6,,,1,100,,213387,6,,,1,100,,213388,6,,,1,100,,213389,6,,,1,100,,213390,6,,,1,101,,213391,6,,,1,100,,213392,6,,,1,100,,213393,6,,,1,100,,213394,6,,,1,100,,213395,6,,,1,100,,213396,6,,,1,104,,213397,6,,,1,205,,213398,6,,,1,205,,213399,6,,,1,205,,213400,6,,,1
9201,'20260820',411,,213401,6,,,1,25,,213402,6,,,1,97,,213403,6,,,1,95,,213406,6,,,1,100,,213407,6,,,1,100,,213409,6,,,1,100,,213410,6,,,1,100,,213411,6,,,1,100,,213412,6,,,1,101,,213413,6,,,1,100,,213414,6,,,1,100,,213415,6,,,1,100,,213416,6,,,1,100,,213417,6,,,1,100,,213418,6,,,1,104,,213419,6,,,1,205,,213420,6,,,1,205,,213421,6,,,1,205,,213422,6,,,1
9201,'20260821',411,,213423,6,,,1,25,,213424,6,,,1,97,,213425,6,,,1,95,,213428,6,,,1,100,,213429,6,,,1,100,,213431,6,,,1,100,,213432,6,,,1,100,,213433,6,,,1,100,,213434,6,,,1,101,,213435,6,,,1,100,,213436,6,,,1,100,,213437,6,,,1,100,,213438,6,,,1,100,,213439,6,,,1,100,,213440,6,,,1,104,,213441,6,,,1,205,,213442,6,,,1,205,,213443,6,,,1,205,,213444,6,,,1
9201,'20260822',528,,213445,6,,,1,100,,213446,6,,,1,100,,213447,6,,,1,95,,213448,6,,,1,95,,213449,6,,,1,95,,213450,6,,,1,95,,213451,6,,,1,100,,213452,6,,,1,100,,213453,6,,,1,100,,213454,6,,,1,105,,213455,6,,,1,105,,213456,6,,,1,100,,213457,6,,,1,100,,213458,6,,,1,110,,213459,6,,,1,205,,213460,6,,,1,200,,213461,6,,,1
9201,'20260823',528,,213462,6,,,1,100,,213463,6,,,1,100,,213464,6,,,1,95,,213465,6,,,1,95,,213466,6,,,1,95,,213467,6,,,1,95,,213468,6,,,1,100,,213469,6,,,1,100,,213470,6,,,1,100,,213471,6,,,1,105,,213472,6,,,1,105,,213473,6,,,1,100,,213474,6,,,1,100,,213475,6,,,1,110,,213476,6,,,1,205,,213477,6,,,1,200,,213478,6,,,1
9201,'20260824',411,,213479,6,,,1,25,,213480,6,,,1,97,,213481,6,,,1,95,,213484,6,,,1,100,,213485,6,,,1,100,,213487,6,,,1,100,,213488,6,,,1,100,,213489,6,,,1,100,,213490,6,,,1,101,,213491,6,,,1,100,,213492,6,,,1,100,,213493,6,,,1,100,,213494,6,,,1,100,,213495,6,,,1,100,,213496,6,,,1,104,,213497,6,,,1,205,,213498,6,,,1,205,,213499,6,,,1,205,,213500,6,,,1
9201,'20260825',411,,213501,6,,,1,25,,213502,6,,,1,97,,213503,6,,,1,95,,213506,6,,,1,100,,213507,6,,,1,100,,213509,6,,,1,100,,213510,6,,,1,100,,213511,6,,,1,100,,213512,6,,,1,101,,213513,6,,,1,100,,213514,6,,,1,100,,213515,6,,,1,100,,213516,6,,,1,100,,213517,6,,,1,100,,213518,6,,,1,104,,213519,6,,,1,205,,213520,6,,,1,205,,213521,6,,,1,205,,213522,6,,,1
9201,'20260826',411,,213523,6,,,1,25,,213524,6,,,1,97,,213525,6,,,1,95,,213528,6,,,1,100,,213529,6,,,1,100,,213531,6,,,1,100,,213532,6,,,1,100,,213533,6,,,1,100,,213534,6,,,1,101,,213535,6,,,1,100,,213536,6,,,1,100,,213537,6,,,1,100,,213538,6,,,1,100,,213539,6,,,1,100,,213540,6,,,1,104,,213541,6,,,1,205,,213542,6,,,1,205,,213543,6,,,1,205,,213544,6,,,1
9201,'20260827',411,,213545,6,,,1,25,,213546,6,,,1,97,,213547,6,,,1,95,,213550,6,,,1,100,,213551,6,,,1,100,,213553,6,,,1,100,,213554,6,,,1,100,,213555,6,,,1,100,,213556,6,,,1,101,,213557,6,,,1,100,,213558,6,,,1,100,,213559,6,,,1,100,,213560,6,,,1,100,,213561,6,,,1,100,,213562,6,,,1,104,,213563,6,,,1,205,,213564,6,,,1,205,,213565,6,,,1,205,,213566,6,,,1
9201,'20260828',411,,213567,6,,,1,25,,213568,6,,,1,97,,213569,6,,,1,95,,213572,6,,,1,100,,213573,6,,,1,100,,213575,6,,,1,100,,213576,6,,,1,100,,213577,6,,,1,100,,213578,6,,,1,101,,213579,6,,,1,100,,213580,6,,,1,100,,213581,6,,,1,100,,213582,6,,,1,100,,213583,6,,,1,100,,213584,6,,,1,104,,213585,6,,,1,205,,213586,6,,,1,205,,213587,6,,,1,205,,213588,6,,,1
9201,'20260829',528,,213589,6,,,1,100,,213590,6,,,1,100,,213591,6,,,1,95,,213592,6,,,1,95,,213593,6,,,1,95,,213594,6,,,1,95,,213595,6,,,1,100,,213596,6,,,1,100,,213597,6,,,1,100,,213598,6,,,1,105,,213599,6,,,1,105,,213600,6,,,1,100,,213601,6,,,1,100,,213602,6,,,1,110,,213603,6,,,1,205,,213604,6,,,1,200,,213605,6,,,1
9201,'20260830',528,,213606,6,,,1,100,,213607,6,,,1,100,,213608,6,,,1,95,,213609,6,,,1,95,,213610,6,,,1,95,,213611,6,,,1,95,,213612,6,,,1,100,,213613,6,,,1,100,,213614,6,,,1,100,,213615,6,,,1,105,,213616,6,,,1,105,,213617,6,,,1,100,,213618,6,,,1,100,,213619,6,,,1,110,,213620,6,,,1,205,,213621,6,,,1,200,,213622,6,,,1
9201,'20260831',411,,213623,6,,,1,25,,213624,6,,,1,97,,213625,6,,,1,95,,213628,6,,,1,100,,213629,6,,,1,100,,213631,6,,,1,100,,213632,6,,,1,100,,213633,6,,,1,100,,213634,6,,,1,101,,213635,6,,,1,100,,213636,6,,,1,100,,213637,6,,,1,100,,213638,6,,,1,100,,213639,6,,,1,100,,213640,6,,,1,104,,213641,6,,,1,205,,213642,6,,,1,205,,213643,6,,,1,205,,213644,6,,,1
9201,'20260901',411,,213645,6,,,1,25,,213646,6,,,1,97,,213647,6,,,1,95,,213650,6,,,1,100,,213651,6,,,1,100,,213653,6,,,1,100,,213654,6,,,1,100,,213655,6,,,1,100,,213656,6,,,1,101,,213657,6,,,1,100,,213658,6,,,1,100,,213659,6,,,1,100,,213660,6,,,1,100,,213661,6,,,1,100,,213662,6,,,1,104,,213663,6,,,1,205,,213664,6,,,1,205,,213665,6,,,1,205,,213666,6,,,1
9201,'20260902',411,,213667,6,,,1,25,,213668,6,,,1,97,,213669,6,,,1,95,,213672,6,,,1,100,,213673,6,,,1,100,,213675,6,,,1,100,,213676,6,,,1,100,,213677,6,,,1,100,,213678,6,,,1,101,,213679,6,,,1,100,,213680,6,,,1,100,,213681,6,,,1,100,,213682,6,,,1,100,,213683,6,,,1,100,,213684,6,,,1,104,,213685,6,,,1,205,,213686,6,,,1,205,,213687,6,,,1,205,,213688,6,,,1
9201,'20260903',411,,213689,6,,,1,25,,213690,6,,,1,97,,213691,6,,,1,95,,213694,6,,,1,100,,213695,6,,,1,100,,213697,6,,,1,100,,213698,6,,,1,100,,213699,6,,,1,100,,213700,6,,,1,101,,213701,6,,,1,100,,213702,6,,,1,100,,213703,6,,,1,100,,213704,6,,,1,100,,213705,6,,,1,100,,213706,6,,,1,104,,213707,6,,,1,205,,213708,6,,,1,205,,213709,6,,,1,205,,213710,6,,,1
9201,'20260904',411,,213711,6,,,1,25,,213712,6,,,1,97,,213713,6,,,1,95,,213716,6,,,1,100,,213717,6,,,1,100,,213719,6,,,1,100,,213720,6,,,1,100,,213721,6,,,1,100,,213722,6,,,1,101,,213723,6,,,1,100,,213724,6,,,1,100,,213725,6,,,1,100,,213726,6,,,1,100,,213727,6,,,1,100,,213728,6,,,1,104,,213729,6,,,1,205,,213730,6,,,1,205,,213731,6,,,1,205,,213732,6,,,1
