6100,'20260716',1228,,202275,9,,,1,105,,202276,9,,,1,103,,202277,9,,,1,113,,202278,9,,,1,476,,202279,9,,,1,98,,202280,9,,,1,98,,202281,9,,,1,100,,202282,9,,,1,95,,202283,9,,,1,197,,202284,9,,,1
6100,'20260717',1228,,202285,9,,,1,105,,202286,9,,,1,103,,202287,9,,,1,113,,202288,9,,,1,476,,202289,9,,,1,98,,202290,9,,,1,98,,202291,9,,,1,100,,202292,9,,,1,95,,202293,9,,,1,197,,202294,9,,,1
6100,'20260720',1228,,202295,9,,,1,105,,202296,9,,,1,103,,202297,9,,,1,113,,202298,9,,,1,476,,202299,9,,,1,98,,202300,9,,,1,98,,202301,9,,,1,100,,202302,9,,,1,95,,202303,9,,,1,197,,202304,9,,,1
6100,'20260721',1228,,202305,9,,,1,105,,202306,9,,,1,103,,202307,9,,,1,113,,202308,9,,,1,476,,202309,9,,,1,98,,202310,9,,,1,98,,202311,9,,,1,100,,202312,9,,,1,95,,202313,9,,,1,197,,202314,9,,,1
6100,'20260722',1228,,202315,9,,,1,105,,202316,9,,,1,103,,202317,9,,,1,113,,202318,9,,,1,476,,202319,9,,,1,98,,202320,9,,,1,98,,202321,9,,,1,100,,202322,9,,,1,95,,202323,9,,,1,197,,202324,9,,,1
6100,'20260723',1228,,202325,9,,,1,105,,202326,9,,,1,103,,202327,9,,,1,113,,202328,9,,,1,476,,202329,9,,,1,98,,202330,9,,,1,98,,202331,9,,,1,100,,202332,9,,,1,95,,202333,9,,,1,197,,202334,9,,,1
6100,'20260724',1228,,202335,9,,,1,105,,202336,9,,,1,103,,202337,9,,,1,113,,202338,9,,,1,476,,202339,9,,,1,98,,202340,9,,,1,98,,202341,9,,,1,100,,202342,9,,,1,95,,202343,9,,,1,197,,202344,9,,,1
6100,'20260727',1228,,202345,9,,,1,105,,202346,9,,,1,103,,202347,9,,,1,113,,202348,9,,,1,476,,202349,9,,,1,98,,202350,9,,,1,98,,202351,9,,,1,100,,202352,9,,,1,95,,202353,9,,,1,197,,202354,9,,,1
6100,'20260728',1228,,202355,9,,,1,105,,202356,9,,,1,103,,202357,9,,,1,113,,202358,9,,,1,476,,202359,9,,,1,98,,202360,9,,,1,98,,202361,9,,,1,100,,202362,9,,,1,95,,202363,9,,,1,197,,202364,9,,,1
6100,'20260729',1228,,202365,9,,,1,105,,202366,9,,,1,103,,202367,9,,,1,113,,202368,9,,,1,476,,202369,9,,,1,98,,202370,9,,,1,98,,202371,9,,,1,100,,202372,9,,,1,95,,202373,9,,,1,197,,202374,9,,,1
6100,'20260730',1228,,202375,9,,,1,105,,202376,9,,,1,103,,202377,9,,,1,113,,202378,9,,,1,476,,202379,9,,,1,98,,202380,9,,,1,98,,202381,9,,,1,100,,202382,9,,,1,95,,202383,9,,,1,197,,202384,9,,,1
6100,'20260731',1228,,202385,9,,,1,105,,202386,9,,,1,103,,202387,9,,,1,113,,202388,9,,,1,476,,202389,9,,,1,98,,202390,9,,,1,98,,202391,9,,,1,100,,202392,9,,,1,95,,202393,9,,,1,197,,202394,9,,,1
6100,'20260804',1228,,202395,9,,,1,105,,202396,9,,,1,103,,202397,9,,,1,113,,202398,9,,,1,476,,202399,9,,,1,98,,202400,9,,,1,98,,202401,9,,,1,100,,202402,9,,,1,95,,202403,9,,,1,197,,202404,9,,,1
6100,'20260805',1228,,202405,9,,,1,105,,202406,9,,,1,103,,202407,9,,,1,113,,202408,9,,,1,476,,202409,9,,,1,98,,202410,9,,,1,98,,202411,9,,,1,100,,202412,9,,,1,95,,202413,9,,,1,197,,202414,9,,,1
6100,'20260806',1228,,202415,9,,,1,105,,202416,9,,,1,103,,202417,9,,,1,113,,202418,9,,,1,476,,202419,9,,,1,98,,202420,9,,,1,98,,202421,9,,,1,100,,202422,9,,,1,95,,202423,9,,,1,197,,202424,9,,,1
6100,'20260807',1228,,202425,9,,,1,105,,202426,9,,,1,103,,202427,9,,,1,113,,202428,9,,,1,476,,202429,9,,,1,98,,202430,9,,,1,98,,202431,9,,,1,100,,202432,9,,,1,95,,202433,9,,,1,197,,202434,9,,,1
6100,'20260810',1228,,202435,9,,,1,105,,202436,9,,,1,103,,202437,9,,,1,113,,202438,9,,,1,476,,202439,9,,,1,98,,202440,9,,,1,98,,202441,9,,,1,100,,202442,9,,,1,95,,202443,9,,,1,197,,202444,9,,,1
6100,'20260811',1228,,202445,9,,,1,105,,202446,9,,,1,103,,202447,9,,,1,113,,202448,9,,,1,476,,202449,9,,,1,98,,202450,9,,,1,98,,202451,9,,,1,100,,202452,9,,,1,95,,202453,9,,,1,197,,202454,9,,,1
6100,'20260812',1228,,202455,9,,,1,105,,202456,9,,,1,103,,202457,9,,,1,113,,202458,9,,,1,476,,202459,9,,,1,98,,202460,9,,,1,98,,202461,9,,,1,100,,202462,9,,,1,95,,202463,9,,,1,197,,202464,9,,,1
6100,'20260813',1228,,202465,9,,,1,105,,202466,9,,,1,103,,202467,9,,,1,113,,202468,9,,,1,476,,202469,9,,,1,98,,202470,9,,,1,98,,202471,9,,,1,100,,202472,9,,,1,95,,202473,9,,,1,197,,202474,9,,,1
6100,'20260814',1228,,202475,9,,,1,105,,202476,9,,,1,103,,202477,9,,,1,113,,202478,9,,,1,476,,202479,9,,,1,98,,202480,9,,,1,98,,202481,9,,,1,100,,202482,9,,,1,95,,202483,9,,,1,197,,202484,9,,,1
6100,'20260817',1228,,202485,9,,,1,105,,202486,9,,,1,103,,202487,9,,,1,113,,202488,9,,,1,476,,202489,9,,,1,98,,202490,9,,,1,98,,202491,9,,,1,100,,202492,9,,,1,95,,202493,9,,,1,197,,202494,9,,,1
6100,'20260818',1228,,202495,9,,,1,105,,202496,9,,,1,103,,202497,9,,,1,113,,202498,9,,,1,476,,202499,9,,,1,98,,202500,9,,,1,98,,202501,9,,,1,100,,202502,9,,,1,95,,202503,9,,,1,197,,202504,9,,,1
6100,'20260819',1228,,202505,9,,,1,105,,202506,9,,,1,103,,202507,9,,,1,113,,202508,9,,,1,476,,202509,9,,,1,98,,202510,9,,,1,98,,202511,9,,,1,100,,202512,9,,,1,95,,202513,9,,,1,197,,202514,9,,,1
6100,'20260820',1228,,202515,9,,,1,105,,202516,9,,,1,103,,202517,9,,,1,113,,202518,9,,,1,476,,202519,9,,,1,98,,202520,9,,,1,98,,202521,9,,,1,100,,202522,9,,,1,95,,202523,9,,,1,197,,202524,9,,,1
6100,'20260821',1228,,202525,9,,,1,105,,202526,9,,,1,103,,202527,9,,,1,113,,202528,9,,,1,476,,202529,9,,,1,98,,202530,9,,,1,98,,202531,9,,,1,100,,202532,9,,,1,95,,202533,9,,,1,197,,202534,9,,,1
6100,'20260824',1228,,202535,9,,,1,105,,202536,9,,,1,103,,202537,9,,,1,113,,202538,9,,,1,476,,202539,9,,,1,98,,202540,9,,,1,98,,202541,9,,,1,100,,202542,9,,,1,95,,202543,9,,,1,197,,202544,9,,,1
6100,'20260825',1228,,202545,9,,,1,105,,202546,9,,,1,103,,202547,9,,,1,113,,202548,9,,,1,476,,202549,9,,,1,98,,202550,9,,,1,98,,202551,9,,,1,100,,202552,9,,,1,95,,202553,9,,,1,197,,202554,9,,,1
6100,'20260826',1228,,202555,9,,,1,105,,202556,9,,,1,103,,202557,9,,,1,113,,202558,9,,,1,476,,202559,9,,,1,98,,202560,9,,,1,98,,202561,9,,,1,100,,202562,9,,,1,95,,202563,9,,,1,197,,202564,9,,,1
6100,'20260827',1228,,202565,9,,,1,105,,202566,9,,,1,103,,202567,9,,,1,113,,202568,9,,,1,476,,202569,9,,,1,98,,202570,9,,,1,98,,202571,9,,,1,100,,202572,9,,,1,95,,202573,9,,,1,197,,202574,9,,,1
6100,'20260828',1228,,202575,9,,,1,105,,202576,9,,,1,103,,202577,9,,,1,113,,202578,9,,,1,476,,202579,9,,,1,98,,202580,9,,,1,98,,202581,9,,,1,100,,202582,9,,,1,95,,202583,9,,,1,197,,202584,9,,,1
6100,'20260831',1228,,202585,9,,,1,105,,202586,9,,,1,103,,202587,9,,,1,113,,202588,9,,,1,476,,202589,9,,,1,98,,202590,9,,,1,98,,202591,9,,,1,100,,202592,9,,,1,95,,202593,9,,,1,197,,202594,9,,,1
6100,'20260901',1228,,202595,9,,,1,105,,202596,9,,,1,103,,202597,9,,,1,113,,202598,9,,,1,476,,202599,9,,,1,98,,202600,9,,,1,98,,202601,9,,,1,100,,202602,9,,,1,95,,202603,9,,,1,197,,202604,9,,,1
6100,'20260902',1228,,202605,9,,,1,105,,202606,9,,,1,103,,202607,9,,,1,113,,202608,9,,,1,476,,202609,9,,,1,98,,202610,9,,,1,98,,202611,9,,,1,100,,202612,9,,,1,95,,202613,9,,,1,197,,202614,9,,,1
6100,'20260903',1228,,202615,9,,,1,105,,202616,9,,,1,103,,202617,9,,,1,113,,202618,9,,,1,476,,202619,9,,,1,98,,202620,9,,,1,98,,202621,9,,,1,100,,202622,9,,,1,95,,202623,9,,,1,197,,202624,9,,,1
6100,'20260904',1228,,202625,9,,,1,105,,202626,9,,,1,103,,202627,9,,,1,113,,202628,9,,,1,476,,202629,9,,,1,98,,202630,9,,,1,98,,202631,9,,,1,100,,202632,9,,,1,95,,202633,9,,,1,197,,202634,9,,,1
