3801,'20260528',531,,94226,14,,,1,100,,94227,14,,,1
3801,'20260529',531,,94228,14,,,1,100,,94229,14,,,1
3801,'20260601',531,,94230,14,,,1,100,,94231,14,,,1
3801,'20260602',531,,94232,14,,,1,100,,94233,14,,,1
3801,'20260603',531,,94234,14,,,1,100,,94235,14,,,1
3801,'20260604',531,,94236,14,,,1,100,,94237,14,,,1
3801,'20260605',531,,94238,14,,,1,100,,94239,14,,,1
3801,'20260608',531,,94240,14,,,1,100,,94241,14,,,1
3801,'20260609',531,,94242,14,,,1,100,,94243,14,,,1
3801,'20260610',531,,94244,14,,,1,100,,94245,14,,,1
3801,'20260611',531,,94246,14,,,1,100,,94247,14,,,1
3801,'20260612',531,,94248,14,,,1,100,,94249,14,,,1
3801,'20260615',531,,176651,14,,,1,100,,176652,14,,,1
3801,'20260616',531,,176653,14,,,1,100,,176654,14,,,1
3801,'20260617',531,,176655,14,,,1,100,,176656,14,,,1
3801,'20260618',531,,176657,14,,,1,100,,176658,14,,,1
3801,'20260619',531,,176659,14,,,1,100,,176660,14,,,1
3801,'20260622',531,,176661,14,,,1,100,,176662,14,,,1
3801,'20260623',531,,176663,14,,,1,100,,176664,14,,,1
3801,'20260624',531,,176665,14,,,1,100,,176666,14,,,1
3801,'20260625',531,,176667,14,,,1,100,,176668,14,,,1
3801,'20260626',531,,176669,14,,,1,100,,176670,14,,,1
3801,'20260629',531,,176671,14,,,1,100,,176672,14,,,1
3801,'20260630',531,,176673,14,,,1,100,,176674,14,,,1
3801,'20260702',531,,176675,14,,,1,100,,176676,14,,,1
3801,'20260703',531,,176677,14,,,1,100,,176678,14,,,1
3801,'20260706',531,,176679,14,,,1,100,,176680,14,,,1
3801,'20260707',531,,176681,14,,,1,100,,176682,14,,,1
3801,'20260708',531,,176683,14,,,1,100,,176684,14,,,1
3801,'20260709',531,,176685,14,,,1,100,,176686,14,,,1
3801,'20260710',531,,176687,14,,,1,100,,176688,14,,,1
3801,'20260713',531,,176689,14,,,1,100,,176690,14,,,1
3801,'20260714',531,,176691,14,,,1,100,,176692,14,,,1
3801,'20260715',531,,176693,14,,,1,100,,176694,14,,,1
3801,'20260716',531,,176695,14,,,1,100,,176696,14,,,1
3801,'20260717',531,,176697,14,,,1,100,,176698,14,,,1
3801,'20260720',531,,176699,14,,,1,100,,176700,14,,,1
3801,'20260721',531,,176701,14,,,1,100,,176702,14,,,1
3801,'20260722',531,,176703,14,,,1,100,,176704,14,,,1
3801,'20260723',531,,176705,14,,,1,100,,176706,14,,,1
3801,'20260724',531,,176707,14,,,1,100,,176708,14,,,1
3801,'20260727',531,,176709,14,,,1,100,,176710,14,,,1
3801,'20260728',531,,176711,14,,,1,100,,176712,14,,,1
3801,'20260729',531,,176713,14,,,1,100,,176714,14,,,1
3801,'20260730',531,,176715,14,,,1,100,,176716,14,,,1
3801,'20260731',531,,176717,14,,,1,100,,176718,14,,,1
3801,'20260804',531,,176719,14,,,1,100,,176720,14,,,1
3801,'20260805',531,,176721,14,,,1,100,,176722,14,,,1
3801,'20260806',531,,176723,14,,,1,100,,176724,14,,,1
3801,'20260807',531,,176725,14,,,1,100,,176726,14,,,1
3801,'20260810',531,,176727,14,,,1,100,,176728,14,,,1
3801,'20260811',531,,176729,14,,,1,100,,176730,14,,,1
3801,'20260812',531,,176731,14,,,1,100,,176732,14,,,1
3801,'20260813',531,,176733,14,,,1,100,,176734,14,,,1
3801,'20260814',531,,176735,14,,,1,100,,176736,14,,,1
3801,'20260817',531,,176737,14,,,1,100,,176738,14,,,1
3801,'20260818',531,,176739,14,,,1,100,,176740,14,,,1
3801,'20260819',531,,176741,14,,,1,100,,176742,14,,,1
3801,'20260820',531,,176743,14,,,1,100,,176744,14,,,1
3801,'20260821',531,,176745,14,,,1,100,,176746,14,,,1
3801,'20260824',531,,176747,14,,,1,100,,176748,14,,,1
3801,'20260825',531,,176749,14,,,1,100,,176750,14,,,1
3801,'20260826',531,,176751,14,,,1,100,,176752,14,,,1
3801,'20260827',531,,176753,14,,,1,100,,176754,14,,,1
3801,'20260828',531,,176755,14,,,1,100,,176756,14,,,1
3801,'20260831',531,,176757,14,,,1,100,,176758,14,,,1
3801,'20260901',531,,176759,14,,,1,100,,176760,14,,,1
3801,'20260902',531,,176761,14,,,1,100,,176762,14,,,1
3801,'20260903',531,,176763,14,,,1,100,,176764,14,,,1
3801,'20260904',531,,176765,14,,,1,100,,176766,14,,,1
