3700,'20260615',605,,175723,9,0,7 81 82,1,118,,175724,9,0,7 81 82,1,630,,175725,9,,,1,304,,175726,9,,,1,147,,175727,9,,,1,101,,175728,9,,,1,144,,175729,9,,,1
3700,'20260616',605,,175730,9,0,7 81 82,1,118,,175731,9,0,7 81 82,1,630,,175732,9,,,1,304,,175733,9,,,1,147,,175734,9,,,1,101,,175735,9,,,1,144,,175736,9,,,1
3700,'20260617',605,,175737,9,0,7 81 82,1,118,,175738,9,0,7 81 82,1,630,,175739,9,,,1,304,,175740,9,,,1,147,,175741,9,,,1,101,,175742,9,,,1,144,,175743,9,,,1
3700,'20260618',605,,175744,9,0,7 81 82,1,118,,175745,9,0,7 81 82,1,630,,175746,9,,,1,304,,175747,9,,,1,147,,175748,9,,,1,101,,175749,9,,,1,144,,175750,9,,,1
3700,'20260619',605,,175751,9,0,7 81 82,1,118,,175752,9,0,7 81 82,1,630,,175753,9,,,1,304,,175754,9,,,1,147,,175755,9,,,1,101,,175756,9,,,1,144,,175757,9,,,1
3700,'20260622',605,,175758,9,0,7 81 82,1,118,,175759,9,0,7 81 82,1,630,,175760,9,,,1,304,,175761,9,,,1,147,,175762,9,,,1,101,,175763,9,,,1,144,,175764,9,,,1
3700,'20260623',605,,175765,9,0,7 81 82,1,118,,175766,9,0,7 81 82,1,630,,175767,9,,,1,304,,175768,9,,,1,147,,175769,9,,,1,101,,175770,9,,,1,144,,175771,9,,,1
3700,'20260624',605,,175772,9,0,7 81 82,1,118,,175773,9,0,7 81 82,1,630,,175774,9,,,1,304,,175775,9,,,1,147,,175776,9,,,1,101,,175777,9,,,1,144,,175778,9,,,1
3700,'20260625',605,,175779,9,0,7 81 82,1,118,,175780,9,0,7 81 82,1,630,,175781,9,,,1,304,,175782,9,,,1,147,,175783,9,,,1,101,,175784,9,,,1,144,,175785,9,,,1
3700,'20260626',605,,175786,9,0,7 81 82,1,118,,175787,9,0,7 81 82,1,630,,175788,9,,,1,304,,175789,9,,,1,147,,175790,9,,,1,101,,175791,9,,,1,144,,175792,9,,,1
3700,'20260629',605,,175793,9,0,7 81 82,1,118,,175794,9,0,7 81 82,1,630,,175795,9,,,1,304,,175796,9,,,1,147,,175797,9,,,1,101,,175798,9,,,1,144,,175799,9,,,1
3700,'20260630',605,,175800,9,0,7 81 82,1,118,,175801,9,0,7 81 82,1,630,,175802,9,,,1,304,,175803,9,,,1,147,,175804,9,,,1,101,,175805,9,,,1,144,,175806,9,,,1
3700,'20260702',605,,175807,9,0,7 81 82,1,118,,175808,9,0,7 81 82,1,630,,175809,9,,,1,304,,175810,9,,,1,147,,175811,9,,,1,101,,175812,9,,,1,144,,175813,9,,,1
3700,'20260703',605,,175814,9,0,7 81 82,1,118,,175815,9,0,7 81 82,1,630,,175816,9,,,1,304,,175817,9,,,1,147,,175818,9,,,1,101,,175819,9,,,1,144,,175820,9,,,1
3700,'20260706',605,,175821,9,0,7 81 82,1,118,,175822,9,0,7 81 82,1,630,,175823,9,,,1,304,,175824,9,,,1,147,,175825,9,,,1,101,,175826,9,,,1,144,,175827,9,,,1
3700,'20260707',605,,175828,9,0,7 81 82,1,118,,175829,9,0,7 81 82,1,630,,175830,9,,,1,304,,175831,9,,,1,147,,175832,9,,,1,101,,175833,9,,,1,144,,175834,9,,,1
3700,'20260708',605,,175835,9,0,7 81 82,1,118,,175836,9,0,7 81 82,1,630,,175837,9,,,1,304,,175838,9,,,1,147,,175839,9,,,1,101,,175840,9,,,1,144,,175841,9,,,1
3700,'20260709',605,,175842,9,0,7 81 82,1,118,,175843,9,0,7 81 82,1,630,,175844,9,,,1,304,,175845,9,,,1,147,,175846,9,,,1,101,,175847,9,,,1,144,,175848,9,,,1
3700,'20260710',605,,175849,9,0,7 81 82,1,118,,175850,9,0,7 81 82,1,630,,175851,9,,,1,304,,175852,9,,,1,147,,175853,9,,,1,101,,175854,9,,,1,144,,175855,9,,,1
3700,'20260713',605,,175856,9,0,7 81 82,1,118,,175857,9,0,7 81 82,1,630,,175858,9,,,1,304,,175859,9,,,1,147,,175860,9,,,1,101,,175861,9,,,1,144,,175862,9,,,1
3700,'20260714',605,,175863,9,0,7 81 82,1,118,,175864,9,0,7 81 82,1,630,,175865,9,,,1,304,,175866,9,,,1,147,,175867,9,,,1,101,,175868,9,,,1,144,,175869,9,,,1
3700,'20260715',605,,175870,9,0,7 81 82,1,118,,175871,9,0,7 81 82,1,630,,175872,9,,,1,304,,175873,9,,,1,147,,175874,9,,,1,101,,175875,9,,,1,144,,175876,9,,,1
3700,'20260716',605,,175877,9,0,7 81 82,1,118,,175878,9,0,7 81 82,1,630,,175879,9,,,1,304,,175880,9,,,1,147,,175881,9,,,1,101,,175882,9,,,1,144,,175883,9,,,1
3700,'20260717',605,,175884,9,0,7 81 82,1,118,,175885,9,0,7 81 82,1,630,,175886,9,,,1,304,,175887,9,,,1,147,,175888,9,,,1,101,,175889,9,,,1,144,,175890,9,,,1
3700,'20260720',605,,175891,9,0,7 81 82,1,118,,175892,9,0,7 81 82,1,630,,175893,9,,,1,304,,175894,9,,,1,147,,175895,9,,,1,101,,175896,9,,,1,144,,175897,9,,,1
3700,'20260721',605,,175898,9,0,7 81 82,1,118,,175899,9,0,7 81 82,1,630,,175900,9,,,1,304,,175901,9,,,1,147,,175902,9,,,1,101,,175903,9,,,1,144,,175904,9,,,1
3700,'20260722',605,,175905,9,0,7 81 82,1,118,,175906,9,0,7 81 82,1,630,,175907,9,,,1,304,,175908,9,,,1,147,,175909,9,,,1,101,,175910,9,,,1,144,,175911,9,,,1
3700,'20260723',605,,175912,9,0,7 81 82,1,118,,175913,9,0,7 81 82,1,630,,175914,9,,,1,304,,175915,9,,,1,147,,175916,9,,,1,101,,175917,9,,,1,144,,175918,9,,,1
3700,'20260724',605,,175919,9,0,7 81 82,1,118,,175920,9,0,7 81 82,1,630,,175921,9,,,1,304,,175922,9,,,1,147,,175923,9,,,1,101,,175924,9,,,1,144,,175925,9,,,1
3700,'20260727',605,,175926,9,0,7 81 82,1,118,,175927,9,0,7 81 82,1,630,,175928,9,,,1,304,,175929,9,,,1,147,,175930,9,,,1,101,,175931,9,,,1,144,,175932,9,,,1
3700,'20260728',605,,175933,9,0,7 81 82,1,118,,175934,9,0,7 81 82,1,630,,175935,9,,,1,304,,175936,9,,,1,147,,175937,9,,,1,101,,175938,9,,,1,144,,175939,9,,,1
3700,'20260729',605,,175940,9,0,7 81 82,1,118,,175941,9,0,7 81 82,1,630,,175942,9,,,1,304,,175943,9,,,1,147,,175944,9,,,1,101,,175945,9,,,1,144,,175946,9,,,1
3700,'20260730',605,,175947,9,0,7 81 82,1,118,,175948,9,0,7 81 82,1,630,,175949,9,,,1,304,,175950,9,,,1,147,,175951,9,,,1,101,,175952,9,,,1,144,,175953,9,,,1
3700,'20260731',605,,175954,9,0,7 81 82,1,118,,175955,9,0,7 81 82,1,630,,175956,9,,,1,304,,175957,9,,,1,147,,175958,9,,,1,101,,175959,9,,,1,144,,175960,9,,,1
3700,'20260804',605,,175961,9,0,7 81 82,1,118,,175962,9,0,7 81 82,1,630,,175963,9,,,1,304,,175964,9,,,1,147,,175965,9,,,1,101,,175966,9,,,1,144,,175967,9,,,1
3700,'20260805',605,,175968,9,0,7 81 82,1,118,,175969,9,0,7 81 82,1,630,,175970,9,,,1,304,,175971,9,,,1,147,,175972,9,,,1,101,,175973,9,,,1,144,,175974,9,,,1
3700,'20260806',605,,175975,9,0,7 81 82,1,118,,175976,9,0,7 81 82,1,630,,175977,9,,,1,304,,175978,9,,,1,147,,175979,9,,,1,101,,175980,9,,,1,144,,175981,9,,,1
3700,'20260807',605,,175982,9,0,7 81 82,1,118,,175983,9,0,7 81 82,1,630,,175984,9,,,1,304,,175985,9,,,1,147,,175986,9,,,1,101,,175987,9,,,1,144,,175988,9,,,1
3700,'20260810',605,,175989,9,0,7 81 82,1,118,,175990,9,0,7 81 82,1,630,,175991,9,,,1,304,,175992,9,,,1,147,,175993,9,,,1,101,,175994,9,,,1,144,,175995,9,,,1
3700,'20260811',605,,175996,9,0,7 81 82,1,118,,175997,9,0,7 81 82,1,630,,175998,9,,,1,304,,175999,9,,,1,147,,176000,9,,,1,101,,176001,9,,,1,144,,176002,9,,,1
3700,'20260812',605,,176003,9,0,7 81 82,1,118,,176004,9,0,7 81 82,1,630,,176005,9,,,1,304,,176006,9,,,1,147,,176007,9,,,1,101,,176008,9,,,1,144,,176009,9,,,1
3700,'20260813',605,,176010,9,0,7 81 82,1,118,,176011,9,0,7 81 82,1,630,,176012,9,,,1,304,,176013,9,,,1,147,,176014,9,,,1,101,,176015,9,,,1,144,,176016,9,,,1
3700,'20260814',605,,176017,9,0,7 81 82,1,118,,176018,9,0,7 81 82,1,630,,176019,9,,,1,304,,176020,9,,,1,147,,176021,9,,,1,101,,176022,9,,,1,144,,176023,9,,,1
3700,'20260817',605,,176024,9,0,7 81 82,1,118,,176025,9,0,7 81 82,1,630,,176026,9,,,1,304,,176027,9,,,1,147,,176028,9,,,1,101,,176029,9,,,1,144,,176030,9,,,1
3700,'20260818',605,,176031,9,0,7 81 82,1,118,,176032,9,0,7 81 82,1,630,,176033,9,,,1,304,,176034,9,,,1,147,,176035,9,,,1,101,,176036,9,,,1,144,,176037,9,,,1
3700,'20260819',605,,176038,9,0,7 81 82,1,118,,176039,9,0,7 81 82,1,630,,176040,9,,,1,304,,176041,9,,,1,147,,176042,9,,,1,101,,176043,9,,,1,144,,176044,9,,,1
3700,'20260820',605,,176045,9,0,7 81 82,1,118,,176046,9,0,7 81 82,1,630,,176047,9,,,1,304,,176048,9,,,1,147,,176049,9,,,1,101,,176050,9,,,1,144,,176051,9,,,1
3700,'20260821',605,,176052,9,0,7 81 82,1,118,,176053,9,0,7 81 82,1,630,,176054,9,,,1,304,,176055,9,,,1,147,,176056,9,,,1,101,,176057,9,,,1,144,,176058,9,,,1
3700,'20260824',605,,176059,9,0,7 81 82,1,118,,176060,9,0,7 81 82,1,630,,176061,9,,,1,304,,176062,9,,,1,147,,176063,9,,,1,101,,176064,9,,,1,144,,176065,9,,,1
3700,'20260825',605,,176066,9,0,7 81 82,1,118,,176067,9,0,7 81 82,1,630,,176068,9,,,1,304,,176069,9,,,1,147,,176070,9,,,1,101,,176071,9,,,1,144,,176072,9,,,1
3700,'20260826',605,,176073,9,0,7 81 82,1,118,,176074,9,0,7 81 82,1,630,,176075,9,,,1,304,,176076,9,,,1,147,,176077,9,,,1,101,,176078,9,,,1,144,,176079,9,,,1
3700,'20260827',605,,176080,9,0,7 81 82,1,118,,176081,9,0,7 81 82,1,630,,176082,9,,,1,304,,176083,9,,,1,147,,176084,9,,,1,101,,176085,9,,,1,144,,176086,9,,,1
3700,'20260828',605,,176087,9,0,7 81 82,1,118,,176088,9,0,7 81 82,1,630,,176089,9,,,1,304,,176090,9,,,1,147,,176091,9,,,1,101,,176092,9,,,1,144,,176093,9,,,1
3700,'20260831',605,,176094,9,0,7 81 82,1,118,,176095,9,0,7 81 82,1,630,,176096,9,,,1,304,,176097,9,,,1,147,,176098,9,,,1,101,,176099,9,,,1,144,,176100,9,,,1
3700,'20260901',605,,176101,9,0,7 81 82,1,118,,176102,9,0,7 81 82,1,630,,176103,9,,,1,304,,176104,9,,,1,147,,176105,9,,,1,101,,176106,9,,,1,144,,176107,9,,,1
3700,'20260902',605,,176108,9,0,7 81 82,1,118,,176109,9,0,7 81 82,1,630,,176110,9,,,1,304,,176111,9,,,1,147,,176112,9,,,1,101,,176113,9,,,1,144,,176114,9,,,1
3700,'20260903',605,,176115,9,0,7 81 82,1,118,,176116,9,0,7 81 82,1,630,,176117,9,,,1,304,,176118,9,,,1,147,,176119,9,,,1,101,,176120,9,,,1,144,,176121,9,,,1
3700,'20260904',605,,176122,9,0,7 81 82,1,118,,176123,9,0,7 81 82,1,630,,176124,9,,,1,304,,176125,9,,,1,147,,176126,9,,,1,101,,176127,9,,,1,144,,176128,9,,,1
