8801,'20260514',543,,113271,14,0,5 11 12 9,1,178,,113272,14,,,1,120,,113273,14,0,5 11 12 9,1,209,,113274,14,,,1,101,,113275,14,,,1,199,,113276,14,,,1,200,,113277,14,,,1,200,,113278,14,,,1,206,,113279,14,,,1,145,,113280,14,,,1,157,,113281,14,,,1
8801,'20260515',543,,113282,14,0,5 11 12 9,1,178,,113283,14,,,1,120,,113284,14,0,5 11 12 9,1,209,,113285,14,,,1,101,,113286,14,,,1,199,,113287,14,,,1,200,,113288,14,,,1,200,,113289,14,,,1,206,,113290,14,,,1,145,,113291,14,,,1,157,,113292,14,,,1
8801,'20260516',656,,113293,14,,,1,200,,113294,14,,,1,195,,113295,14,,,1,269,,113297,14,,,1,303,,113299,14,,,1,300,,113301,14,,,1,130,,113302,14,,,1,203,,113303,14,,,1
8801,'20260517',656,,113304,14,,,1,200,,113305,14,,,1,195,,113306,14,,,1,269,,113308,14,,,1,303,,113310,14,,,1,300,,113312,14,,,1,130,,113313,14,,,1,203,,113314,14,,,1
8801,'20260518',656,,113315,14,,,1,200,,113316,14,,,1,195,,113317,14,,,1,269,,113319,14,,,1,303,,113321,14,,,1,300,,113323,14,,,1,130,,113324,14,,,1,203,,113325,14,,,1
8801,'20260519',543,,113326,14,0,5 11 12 9,1,178,,113327,14,,,1,120,,113328,14,0,5 11 12 9,1,209,,113329,14,,,1,101,,113330,14,,,1,199,,113331,14,,,1,200,,113332,14,,,1,200,,113333,14,,,1,206,,113334,14,,,1,145,,113335,14,,,1,157,,113336,14,,,1
8801,'20260520',543,,113337,14,0,5 11 12 9,1,178,,113338,14,,,1,120,,113339,14,0,5 11 12 9,1,209,,113340,14,,,1,101,,113341,14,,,1,199,,113342,14,,,1,200,,113343,14,,,1,200,,113344,14,,,1,206,,113345,14,,,1,145,,113346,14,,,1,157,,113347,14,,,1
8801,'20260521',543,,113348,14,0,5 11 12 9,1,178,,113349,14,,,1,120,,113350,14,0,5 11 12 9,1,209,,113351,14,,,1,101,,113352,14,,,1,199,,113353,14,,,1,200,,113354,14,,,1,200,,113355,14,,,1,206,,113356,14,,,1,145,,113357,14,,,1,157,,113358,14,,,1
8801,'20260522',543,,113359,14,0,5 11 12 9,1,178,,113360,14,,,1,120,,113361,14,0,5 11 12 9,1,209,,113362,14,,,1,101,,113363,14,,,1,199,,113364,14,,,1,200,,113365,14,,,1,200,,113366,14,,,1,206,,113367,14,,,1,145,,113368,14,,,1,157,,113369,14,,,1
8801,'20260523',656,,113370,14,,,1,200,,113371,14,,,1,195,,113372,14,,,1,269,,113374,14,,,1,303,,113376,14,,,1,300,,113378,14,,,1,130,,113379,14,,,1,203,,113380,14,,,1
8801,'20260524',656,,113381,14,,,1,200,,113382,14,,,1,195,,113383,14,,,1,269,,113385,14,,,1,303,,113387,14,,,1,300,,113389,14,,,1,130,,113390,14,,,1,203,,113391,14,,,1
8801,'20260525',543,,113392,14,0,5 11 12 9,1,178,,113393,14,,,1,120,,113394,14,0,5 11 12 9,1,209,,113395,14,,,1,101,,113396,14,,,1,199,,113397,14,,,1,200,,113398,14,,,1,200,,113399,14,,,1,206,,113400,14,,,1,145,,113401,14,,,1,157,,113402,14,,,1
8801,'20260526',543,,113403,14,0,5 11 12 9,1,178,,113404,14,,,1,120,,113405,14,0,5 11 12 9,1,209,,113406,14,,,1,101,,113407,14,,,1,199,,113408,14,,,1,200,,113409,14,,,1,200,,113410,14,,,1,206,,113411,14,,,1,145,,113412,14,,,1,157,,113413,14,,,1
8801,'20260527',543,,113414,14,0,5 11 12 9,1,178,,113415,14,,,1,120,,113416,14,0,5 11 12 9,1,209,,113417,14,,,1,101,,113418,14,,,1,199,,113419,14,,,1,200,,113420,14,,,1,200,,113421,14,,,1,206,,113422,14,,,1,145,,113423,14,,,1,157,,113424,14,,,1
8801,'20260528',543,,113425,14,0,5 11 12 9,1,178,,113426,14,,,1,120,,113427,14,0,5 11 12 9,1,209,,113428,14,,,1,101,,113429,14,,,1,199,,113430,14,,,1,200,,113431,14,,,1,200,,113432,14,,,1,206,,113433,14,,,1,145,,113434,14,,,1,157,,113435,14,,,1
8801,'20260529',543,,113436,14,0,5 11 12 9,1,178,,113437,14,,,1,120,,113438,14,0,5 11 12 9,1,209,,113439,14,,,1,101,,113440,14,,,1,199,,113441,14,,,1,200,,113442,14,,,1,200,,113443,14,,,1,206,,113444,14,,,1,145,,113445,14,,,1,157,,113446,14,,,1
8801,'20260530',656,,113447,14,,,1,200,,113448,14,,,1,195,,113449,14,,,1,269,,113451,14,,,1,303,,113453,14,,,1,300,,113455,14,,,1,130,,113456,14,,,1,203,,113457,14,,,1
8801,'20260531',656,,113458,14,,,1,200,,113459,14,,,1,195,,113460,14,,,1,269,,113462,14,,,1,303,,113464,14,,,1,300,,113466,14,,,1,130,,113467,14,,,1,203,,113468,14,,,1
8801,'20260601',543,,113469,14,0,5 11 12 9,1,178,,113470,14,,,1,120,,113471,14,0,5 11 12 9,1,209,,113472,14,,,1,101,,113473,14,,,1,199,,113474,14,,,1,200,,113475,14,,,1,200,,113476,14,,,1,206,,113477,14,,,1,145,,113478,14,,,1,157,,113479,14,,,1
8801,'20260602',543,,113480,14,0,5 11 12 9,1,178,,113481,14,,,1,120,,113482,14,0,5 11 12 9,1,209,,113483,14,,,1,101,,113484,14,,,1,199,,113485,14,,,1,200,,113486,14,,,1,200,,113487,14,,,1,206,,113488,14,,,1,145,,113489,14,,,1,157,,113490,14,,,1
8801,'20260603',543,,113491,14,0,5 11 12 9,1,178,,113492,14,,,1,120,,113493,14,0,5 11 12 9,1,209,,113494,14,,,1,101,,113495,14,,,1,199,,113496,14,,,1,200,,113497,14,,,1,200,,113498,14,,,1,206,,113499,14,,,1,145,,113500,14,,,1,157,,113501,14,,,1
8801,'20260604',543,,113502,14,0,5 11 12 9,1,178,,113503,14,,,1,120,,113504,14,0,5 11 12 9,1,209,,113505,14,,,1,101,,113506,14,,,1,199,,113507,14,,,1,200,,113508,14,,,1,200,,113509,14,,,1,206,,113510,14,,,1,145,,113511,14,,,1,157,,113512,14,,,1
8801,'20260605',543,,113513,14,0,5 11 12 9,1,178,,113514,14,,,1,120,,113515,14,0,5 11 12 9,1,209,,113516,14,,,1,101,,113517,14,,,1,199,,113518,14,,,1,200,,113519,14,,,1,200,,113520,14,,,1,206,,113521,14,,,1,145,,113522,14,,,1,157,,113523,14,,,1
8801,'20260606',656,,113524,14,,,1,200,,113525,14,,,1,195,,113526,14,,,1,269,,113528,14,,,1,303,,113530,14,,,1,300,,113532,14,,,1,130,,113533,14,,,1,203,,113534,14,,,1
8801,'20260607',656,,113535,14,,,1,200,,113536,14,,,1,195,,113537,14,,,1,269,,113539,14,,,1,303,,113541,14,,,1,300,,113543,14,,,1,130,,113544,14,,,1,203,,113545,14,,,1
8801,'20260608',543,,113546,14,0,5 11 12 9,1,178,,113547,14,,,1,120,,113548,14,0,5 11 12 9,1,209,,113549,14,,,1,101,,113550,14,,,1,199,,113551,14,,,1,200,,113552,14,,,1,200,,113553,14,,,1,206,,113554,14,,,1,145,,113555,14,,,1,157,,113556,14,,,1
8801,'20260609',543,,113557,14,0,5 11 12 9,1,178,,113558,14,,,1,120,,113559,14,0,5 11 12 9,1,209,,113560,14,,,1,101,,113561,14,,,1,199,,113562,14,,,1,200,,113563,14,,,1,200,,113564,14,,,1,206,,113565,14,,,1,145,,113566,14,,,1,157,,113567,14,,,1
8801,'20260610',543,,113568,14,0,5 11 12 9,1,178,,113569,14,,,1,120,,113570,14,0,5 11 12 9,1,209,,113571,14,,,1,101,,113572,14,,,1,199,,113573,14,,,1,200,,113574,14,,,1,200,,113575,14,,,1,206,,113576,14,,,1,145,,113577,14,,,1,157,,113578,14,,,1
8801,'20260611',543,,113579,14,0,5 11 12 9,1,178,,113580,14,,,1,120,,113581,14,0,5 11 12 9,1,209,,113582,14,,,1,101,,113583,14,,,1,199,,113584,14,,,1,200,,113585,14,,,1,200,,113586,14,,,1,206,,113587,14,,,1,145,,113588,14,,,1,157,,113589,14,,,1
8801,'20260612',543,,113590,14,0,5 11 12 9,1,178,,113591,14,,,1,120,,113592,14,0,5 11 12 9,1,209,,113593,14,,,1,101,,113594,14,,,1,199,,113595,14,,,1,200,,113596,14,,,1,200,,113597,14,,,1,206,,113598,14,,,1,145,,113599,14,,,1,157,,113600,14,,,1
8801,'20260613',656,,208699,14,,,1,200,,208700,14,,,1,195,,208701,14,,,1,269,,208703,14,,,1,303,,208705,14,,,1,300,,208707,14,,,1,130,,208708,14,,,1,203,,208709,14,,,1
8801,'20260614',656,,208710,14,,,1,200,,208711,14,,,1,195,,208712,14,,,1,269,,208714,14,,,1,303,,208716,14,,,1,300,,208718,14,,,1,130,,208719,14,,,1,203,,208720,14,,,1
8801,'20260615',543,,208721,14,0,5 11 12 9,1,178,,208722,14,,,1,120,,208723,14,0,5 11 12 9,1,209,,208724,14,,,1,101,,208725,14,,,1,199,,208726,14,,,1,200,,208727,14,,,1,200,,208728,14,,,1,206,,208729,14,,,1,145,,208730,14,,,1,157,,208731,14,,,1
8801,'20260616',543,,208732,14,0,5 11 12 9,1,178,,208733,14,,,1,120,,208734,14,0,5 11 12 9,1,209,,208735,14,,,1,101,,208736,14,,,1,199,,208737,14,,,1,200,,208738,14,,,1,200,,208739,14,,,1,206,,208740,14,,,1,145,,208741,14,,,1,157,,208742,14,,,1
8801,'20260617',543,,208743,14,0,5 11 12 9,1,178,,208744,14,,,1,120,,208745,14,0,5 11 12 9,1,209,,208746,14,,,1,101,,208747,14,,,1,199,,208748,14,,,1,200,,208749,14,,,1,200,,208750,14,,,1,206,,208751,14,,,1,145,,208752,14,,,1,157,,208753,14,,,1
8801,'20260618',543,,208754,14,0,5 11 12 9,1,178,,208755,14,,,1,120,,208756,14,0,5 11 12 9,1,209,,208757,14,,,1,101,,208758,14,,,1,199,,208759,14,,,1,200,,208760,14,,,1,200,,208761,14,,,1,206,,208762,14,,,1,145,,208763,14,,,1,157,,208764,14,,,1
8801,'20260619',543,,208765,14,0,5 11 12 9,1,178,,208766,14,,,1,120,,208767,14,0,5 11 12 9,1,209,,208768,14,,,1,101,,208769,14,,,1,199,,208770,14,,,1,200,,208771,14,,,1,200,,208772,14,,,1,206,,208773,14,,,1,145,,208774,14,,,1,157,,208775,14,,,1
8801,'20260620',656,,208776,14,,,1,200,,208777,14,,,1,195,,208778,14,,,1,269,,208780,14,,,1,303,,208782,14,,,1,300,,208784,14,,,1,130,,208785,14,,,1,203,,208786,14,,,1
8801,'20260621',656,,208787,14,,,1,200,,208788,14,,,1,195,,208789,14,,,1,269,,208791,14,,,1,303,,208793,14,,,1,300,,208795,14,,,1,130,,208796,14,,,1,203,,208797,14,,,1
8801,'20260622',543,,208798,14,0,5 11 12 9,1,178,,208799,14,,,1,120,,208800,14,0,5 11 12 9,1,209,,208801,14,,,1,101,,208802,14,,,1,199,,208803,14,,,1,200,,208804,14,,,1,200,,208805,14,,,1,206,,208806,14,,,1,145,,208807,14,,,1,157,,208808,14,,,1
8801,'20260623',543,,208809,14,0,5 11 12 9,1,178,,208810,14,,,1,120,,208811,14,0,5 11 12 9,1,209,,208812,14,,,1,101,,208813,14,,,1,199,,208814,14,,,1,200,,208815,14,,,1,200,,208816,14,,,1,206,,208817,14,,,1,145,,208818,14,,,1,157,,208819,14,,,1
8801,'20260624',543,,208820,14,0,5 11 12 9,1,178,,208821,14,,,1,120,,208822,14,0,5 11 12 9,1,209,,208823,14,,,1,101,,208824,14,,,1,199,,208825,14,,,1,200,,208826,14,,,1,200,,208827,14,,,1,206,,208828,14,,,1,145,,208829,14,,,1,157,,208830,14,,,1
8801,'20260625',543,,208831,14,0,5 11 12 9,1,178,,208832,14,,,1,120,,208833,14,0,5 11 12 9,1,209,,208834,14,,,1,101,,208835,14,,,1,199,,208836,14,,,1,200,,208837,14,,,1,200,,208838,14,,,1,206,,208839,14,,,1,145,,208840,14,,,1,157,,208841,14,,,1
8801,'20260626',543,,208842,14,0,5 11 12 9,1,178,,208843,14,,,1,120,,208844,14,0,5 11 12 9,1,209,,208845,14,,,1,101,,208846,14,,,1,199,,208847,14,,,1,200,,208848,14,,,1,200,,208849,14,,,1,206,,208850,14,,,1,145,,208851,14,,,1,157,,208852,14,,,1
8801,'20260627',656,,208853,14,,,1,200,,208854,14,,,1,195,,208855,14,,,1,269,,208857,14,,,1,303,,208859,14,,,1,300,,208861,14,,,1,130,,208862,14,,,1,203,,208863,14,,,1
8801,'20260628',656,,208864,14,,,1,200,,208865,14,,,1,195,,208866,14,,,1,269,,208868,14,,,1,303,,208870,14,,,1,300,,208872,14,,,1,130,,208873,14,,,1,203,,208874,14,,,1
8801,'20260629',543,,208875,14,0,5 11 12 9,1,178,,208876,14,,,1,120,,208877,14,0,5 11 12 9,1,209,,208878,14,,,1,101,,208879,14,,,1,199,,208880,14,,,1,200,,208881,14,,,1,200,,208882,14,,,1,206,,208883,14,,,1,145,,208884,14,,,1,157,,208885,14,,,1
8801,'20260630',543,,208886,14,0,5 11 12 9,1,178,,208887,14,,,1,120,,208888,14,0,5 11 12 9,1,209,,208889,14,,,1,101,,208890,14,,,1,199,,208891,14,,,1,200,,208892,14,,,1,200,,208893,14,,,1,206,,208894,14,,,1,145,,208895,14,,,1,157,,208896,14,,,1
8801,'20260701',656,,208897,14,,,1,200,,208898,14,,,1,195,,208899,14,,,1,269,,208901,14,,,1,303,,208903,14,,,1,300,,208905,14,,,1,130,,208906,14,,,1,203,,208907,14,,,1
8801,'20260702',543,,208908,14,0,5 11 12 9,1,178,,208909,14,,,1,120,,208910,14,0,5 11 12 9,1,209,,208911,14,,,1,101,,208912,14,,,1,199,,208913,14,,,1,200,,208914,14,,,1,200,,208915,14,,,1,206,,208916,14,,,1,145,,208917,14,,,1,157,,208918,14,,,1
8801,'20260703',543,,208919,14,0,5 11 12 9,1,178,,208920,14,,,1,120,,208921,14,0,5 11 12 9,1,209,,208922,14,,,1,101,,208923,14,,,1,199,,208924,14,,,1,200,,208925,14,,,1,200,,208926,14,,,1,206,,208927,14,,,1,145,,208928,14,,,1,157,,208929,14,,,1
8801,'20260704',656,,208930,14,,,1,200,,208931,14,,,1,195,,208932,14,,,1,269,,208934,14,,,1,303,,208936,14,,,1,300,,208938,14,,,1,130,,208939,14,,,1,203,,208940,14,,,1
8801,'20260705',656,,208941,14,,,1,200,,208942,14,,,1,195,,208943,14,,,1,269,,208945,14,,,1,303,,208947,14,,,1,300,,208949,14,,,1,130,,208950,14,,,1,203,,208951,14,,,1
8801,'20260706',543,,208952,14,0,5 11 12 9,1,178,,208953,14,,,1,120,,208954,14,0,5 11 12 9,1,209,,208955,14,,,1,101,,208956,14,,,1,199,,208957,14,,,1,200,,208958,14,,,1,200,,208959,14,,,1,206,,208960,14,,,1,145,,208961,14,,,1,157,,208962,14,,,1
8801,'20260707',543,,208963,14,0,5 11 12 9,1,178,,208964,14,,,1,120,,208965,14,0,5 11 12 9,1,209,,208966,14,,,1,101,,208967,14,,,1,199,,208968,14,,,1,200,,208969,14,,,1,200,,208970,14,,,1,206,,208971,14,,,1,145,,208972,14,,,1,157,,208973,14,,,1
8801,'20260708',543,,208974,14,0,5 11 12 9,1,178,,208975,14,,,1,120,,208976,14,0,5 11 12 9,1,209,,208977,14,,,1,101,,208978,14,,,1,199,,208979,14,,,1,200,,208980,14,,,1,200,,208981,14,,,1,206,,208982,14,,,1,145,,208983,14,,,1,157,,208984,14,,,1
8801,'20260709',543,,208985,14,0,5 11 12 9,1,178,,208986,14,,,1,120,,208987,14,0,5 11 12 9,1,209,,208988,14,,,1,101,,208989,14,,,1,199,,208990,14,,,1,200,,208991,14,,,1,200,,208992,14,,,1,206,,208993,14,,,1,145,,208994,14,,,1,157,,208995,14,,,1
8801,'20260710',543,,208996,14,0,5 11 12 9,1,178,,208997,14,,,1,120,,208998,14,0,5 11 12 9,1,209,,208999,14,,,1,101,,209000,14,,,1,199,,209001,14,,,1,200,,209002,14,,,1,200,,209003,14,,,1,206,,209004,14,,,1,145,,209005,14,,,1,157,,209006,14,,,1
8801,'20260711',656,,209007,14,,,1,200,,209008,14,,,1,195,,209009,14,,,1,269,,209011,14,,,1,303,,209013,14,,,1,300,,209015,14,,,1,130,,209016,14,,,1,203,,209017,14,,,1
8801,'20260712',656,,209018,14,,,1,200,,209019,14,,,1,195,,209020,14,,,1,269,,209022,14,,,1,303,,209024,14,,,1,300,,209026,14,,,1,130,,209027,14,,,1,203,,209028,14,,,1
8801,'20260713',543,,209029,14,0,5 11 12 9,1,178,,209030,14,,,1,120,,209031,14,0,5 11 12 9,1,209,,209032,14,,,1,101,,209033,14,,,1,199,,209034,14,,,1,200,,209035,14,,,1,200,,209036,14,,,1,206,,209037,14,,,1,145,,209038,14,,,1,157,,209039,14,,,1
8801,'20260714',543,,209040,14,0,5 11 12 9,1,178,,209041,14,,,1,120,,209042,14,0,5 11 12 9,1,209,,209043,14,,,1,101,,209044,14,,,1,199,,209045,14,,,1,200,,209046,14,,,1,200,,209047,14,,,1,206,,209048,14,,,1,145,,209049,14,,,1,157,,209050,14,,,1
8801,'20260715',543,,209051,14,0,5 11 12 9,1,178,,209052,14,,,1,120,,209053,14,0,5 11 12 9,1,209,,209054,14,,,1,101,,209055,14,,,1,199,,209056,14,,,1,200,,209057,14,,,1,200,,209058,14,,,1,206,,209059,14,,,1,145,,209060,14,,,1,157,,209061,14,,,1
8801,'20260716',543,,209062,14,0,5 11 12 9,1,178,,209063,14,,,1,120,,209064,14,0,5 11 12 9,1,209,,209065,14,,,1,101,,209066,14,,,1,199,,209067,14,,,1,200,,209068,14,,,1,200,,209069,14,,,1,206,,209070,14,,,1,145,,209071,14,,,1,157,,209072,14,,,1
8801,'20260717',543,,209073,14,0,5 11 12 9,1,178,,209074,14,,,1,120,,209075,14,0,5 11 12 9,1,209,,209076,14,,,1,101,,209077,14,,,1,199,,209078,14,,,1,200,,209079,14,,,1,200,,209080,14,,,1,206,,209081,14,,,1,145,,209082,14,,,1,157,,209083,14,,,1
8801,'20260718',656,,209084,14,,,1,200,,209085,14,,,1,195,,209086,14,,,1,269,,209088,14,,,1,303,,209090,14,,,1,300,,209092,14,,,1,130,,209093,14,,,1,203,,209094,14,,,1
8801,'20260719',656,,209095,14,,,1,200,,209096,14,,,1,195,,209097,14,,,1,269,,209099,14,,,1,303,,209101,14,,,1,300,,209103,14,,,1,130,,209104,14,,,1,203,,209105,14,,,1
8801,'20260720',543,,209106,14,0,5 11 12 9,1,178,,209107,14,,,1,120,,209108,14,0,5 11 12 9,1,209,,209109,14,,,1,101,,209110,14,,,1,199,,209111,14,,,1,200,,209112,14,,,1,200,,209113,14,,,1,206,,209114,14,,,1,145,,209115,14,,,1,157,,209116,14,,,1
8801,'20260721',543,,209117,14,0,5 11 12 9,1,178,,209118,14,,,1,120,,209119,14,0,5 11 12 9,1,209,,209120,14,,,1,101,,209121,14,,,1,199,,209122,14,,,1,200,,209123,14,,,1,200,,209124,14,,,1,206,,209125,14,,,1,145,,209126,14,,,1,157,,209127,14,,,1
8801,'20260722',543,,209128,14,0,5 11 12 9,1,178,,209129,14,,,1,120,,209130,14,0,5 11 12 9,1,209,,209131,14,,,1,101,,209132,14,,,1,199,,209133,14,,,1,200,,209134,14,,,1,200,,209135,14,,,1,206,,209136,14,,,1,145,,209137,14,,,1,157,,209138,14,,,1
8801,'20260723',543,,209139,14,0,5 11 12 9,1,178,,209140,14,,,1,120,,209141,14,0,5 11 12 9,1,209,,209142,14,,,1,101,,209143,14,,,1,199,,209144,14,,,1,200,,209145,14,,,1,200,,209146,14,,,1,206,,209147,14,,,1,145,,209148,14,,,1,157,,209149,14,,,1
8801,'20260724',543,,209150,14,0,5 11 12 9,1,178,,209151,14,,,1,120,,209152,14,0,5 11 12 9,1,209,,209153,14,,,1,101,,209154,14,,,1,199,,209155,14,,,1,200,,209156,14,,,1,200,,209157,14,,,1,206,,209158,14,,,1,145,,209159,14,,,1,157,,209160,14,,,1
8801,'20260725',656,,209161,14,,,1,200,,209162,14,,,1,195,,209163,14,,,1,269,,209165,14,,,1,303,,209167,14,,,1,300,,209169,14,,,1,130,,209170,14,,,1,203,,209171,14,,,1
8801,'20260726',656,,209172,14,,,1,200,,209173,14,,,1,195,,209174,14,,,1,269,,209176,14,,,1,303,,209178,14,,,1,300,,209180,14,,,1,130,,209181,14,,,1,203,,209182,14,,,1
8801,'20260727',543,,209183,14,0,5 11 12 9,1,178,,209184,14,,,1,120,,209185,14,0,5 11 12 9,1,209,,209186,14,,,1,101,,209187,14,,,1,199,,209188,14,,,1,200,,209189,14,,,1,200,,209190,14,,,1,206,,209191,14,,,1,145,,209192,14,,,1,157,,209193,14,,,1
8801,'20260728',543,,209194,14,0,5 11 12 9,1,178,,209195,14,,,1,120,,209196,14,0,5 11 12 9,1,209,,209197,14,,,1,101,,209198,14,,,1,199,,209199,14,,,1,200,,209200,14,,,1,200,,209201,14,,,1,206,,209202,14,,,1,145,,209203,14,,,1,157,,209204,14,,,1
8801,'20260729',543,,209205,14,0,5 11 12 9,1,178,,209206,14,,,1,120,,209207,14,0,5 11 12 9,1,209,,209208,14,,,1,101,,209209,14,,,1,199,,209210,14,,,1,200,,209211,14,,,1,200,,209212,14,,,1,206,,209213,14,,,1,145,,209214,14,,,1,157,,209215,14,,,1
8801,'20260730',543,,209216,14,0,5 11 12 9,1,178,,209217,14,,,1,120,,209218,14,0,5 11 12 9,1,209,,209219,14,,,1,101,,209220,14,,,1,199,,209221,14,,,1,200,,209222,14,,,1,200,,209223,14,,,1,206,,209224,14,,,1,145,,209225,14,,,1,157,,209226,14,,,1
8801,'20260731',543,,209227,14,0,5 11 12 9,1,178,,209228,14,,,1,120,,209229,14,0,5 11 12 9,1,209,,209230,14,,,1,101,,209231,14,,,1,199,,209232,14,,,1,200,,209233,14,,,1,200,,209234,14,,,1,206,,209235,14,,,1,145,,209236,14,,,1,157,,209237,14,,,1
8801,'20260801',656,,209238,14,,,1,200,,209239,14,,,1,195,,209240,14,,,1,269,,209242,14,,,1,303,,209244,14,,,1,300,,209246,14,,,1,130,,209247,14,,,1,203,,209248,14,,,1
8801,'20260802',656,,209249,14,,,1,200,,209250,14,,,1,195,,209251,14,,,1,269,,209253,14,,,1,303,,209255,14,,,1,300,,209257,14,,,1,130,,209258,14,,,1,203,,209259,14,,,1
8801,'20260803',656,,209260,14,,,1,200,,209261,14,,,1,195,,209262,14,,,1,269,,209264,14,,,1,303,,209266,14,,,1,300,,209268,14,,,1,130,,209269,14,,,1,203,,209270,14,,,1
8801,'20260804',543,,209271,14,0,5 11 12 9,1,178,,209272,14,,,1,120,,209273,14,0,5 11 12 9,1,209,,209274,14,,,1,101,,209275,14,,,1,199,,209276,14,,,1,200,,209277,14,,,1,200,,209278,14,,,1,206,,209279,14,,,1,145,,209280,14,,,1,157,,209281,14,,,1
8801,'20260805',543,,209282,14,0,5 11 12 9,1,178,,209283,14,,,1,120,,209284,14,0,5 11 12 9,1,209,,209285,14,,,1,101,,209286,14,,,1,199,,209287,14,,,1,200,,209288,14,,,1,200,,209289,14,,,1,206,,209290,14,,,1,145,,209291,14,,,1,157,,209292,14,,,1
8801,'20260806',543,,209293,14,0,5 11 12 9,1,178,,209294,14,,,1,120,,209295,14,0,5 11 12 9,1,209,,209296,14,,,1,101,,209297,14,,,1,199,,209298,14,,,1,200,,209299,14,,,1,200,,209300,14,,,1,206,,209301,14,,,1,145,,209302,14,,,1,157,,209303,14,,,1
8801,'20260807',543,,209304,14,0,5 11 12 9,1,178,,209305,14,,,1,120,,209306,14,0,5 11 12 9,1,209,,209307,14,,,1,101,,209308,14,,,1,199,,209309,14,,,1,200,,209310,14,,,1,200,,209311,14,,,1,206,,209312,14,,,1,145,,209313,14,,,1,157,,209314,14,,,1
8801,'20260808',656,,209315,14,,,1,200,,209316,14,,,1,195,,209317,14,,,1,269,,209319,14,,,1,303,,209321,14,,,1,300,,209323,14,,,1,130,,209324,14,,,1,203,,209325,14,,,1
8801,'20260809',656,,209326,14,,,1,200,,209327,14,,,1,195,,209328,14,,,1,269,,209330,14,,,1,303,,209332,14,,,1,300,,209334,14,,,1,130,,209335,14,,,1,203,,209336,14,,,1
8801,'20260810',543,,209337,14,0,5 11 12 9,1,178,,209338,14,,,1,120,,209339,14,0,5 11 12 9,1,209,,209340,14,,,1,101,,209341,14,,,1,199,,209342,14,,,1,200,,209343,14,,,1,200,,209344,14,,,1,206,,209345,14,,,1,145,,209346,14,,,1,157,,209347,14,,,1
8801,'20260811',543,,209348,14,0,5 11 12 9,1,178,,209349,14,,,1,120,,209350,14,0,5 11 12 9,1,209,,209351,14,,,1,101,,209352,14,,,1,199,,209353,14,,,1,200,,209354,14,,,1,200,,209355,14,,,1,206,,209356,14,,,1,145,,209357,14,,,1,157,,209358,14,,,1
8801,'20260812',543,,209359,14,0,5 11 12 9,1,178,,209360,14,,,1,120,,209361,14,0,5 11 12 9,1,209,,209362,14,,,1,101,,209363,14,,,1,199,,209364,14,,,1,200,,209365,14,,,1,200,,209366,14,,,1,206,,209367,14,,,1,145,,209368,14,,,1,157,,209369,14,,,1
8801,'20260813',543,,209370,14,0,5 11 12 9,1,178,,209371,14,,,1,120,,209372,14,0,5 11 12 9,1,209,,209373,14,,,1,101,,209374,14,,,1,199,,209375,14,,,1,200,,209376,14,,,1,200,,209377,14,,,1,206,,209378,14,,,1,145,,209379,14,,,1,157,,209380,14,,,1
8801,'20260814',543,,209381,14,0,5 11 12 9,1,178,,209382,14,,,1,120,,209383,14,0,5 11 12 9,1,209,,209384,14,,,1,101,,209385,14,,,1,199,,209386,14,,,1,200,,209387,14,,,1,200,,209388,14,,,1,206,,209389,14,,,1,145,,209390,14,,,1,157,,209391,14,,,1
8801,'20260815',656,,209392,14,,,1,200,,209393,14,,,1,195,,209394,14,,,1,269,,209396,14,,,1,303,,209398,14,,,1,300,,209400,14,,,1,130,,209401,14,,,1,203,,209402,14,,,1
8801,'20260816',656,,209403,14,,,1,200,,209404,14,,,1,195,,209405,14,,,1,269,,209407,14,,,1,303,,209409,14,,,1,300,,209411,14,,,1,130,,209412,14,,,1,203,,209413,14,,,1
8801,'20260817',543,,209414,14,0,5 11 12 9,1,178,,209415,14,,,1,120,,209416,14,0,5 11 12 9,1,209,,209417,14,,,1,101,,209418,14,,,1,199,,209419,14,,,1,200,,209420,14,,,1,200,,209421,14,,,1,206,,209422,14,,,1,145,,209423,14,,,1,157,,209424,14,,,1
8801,'20260818',543,,209425,14,0,5 11 12 9,1,178,,209426,14,,,1,120,,209427,14,0,5 11 12 9,1,209,,209428,14,,,1,101,,209429,14,,,1,199,,209430,14,,,1,200,,209431,14,,,1,200,,209432,14,,,1,206,,209433,14,,,1,145,,209434,14,,,1,157,,209435,14,,,1
8801,'20260819',543,,209436,14,0,5 11 12 9,1,178,,209437,14,,,1,120,,209438,14,0,5 11 12 9,1,209,,209439,14,,,1,101,,209440,14,,,1,199,,209441,14,,,1,200,,209442,14,,,1,200,,209443,14,,,1,206,,209444,14,,,1,145,,209445,14,,,1,157,,209446,14,,,1
8801,'20260820',543,,209447,14,0,5 11 12 9,1,178,,209448,14,,,1,120,,209449,14,0,5 11 12 9,1,209,,209450,14,,,1,101,,209451,14,,,1,199,,209452,14,,,1,200,,209453,14,,,1,200,,209454,14,,,1,206,,209455,14,,,1,145,,209456,14,,,1,157,,209457,14,,,1
8801,'20260821',543,,209458,14,0,5 11 12 9,1,178,,209459,14,,,1,120,,209460,14,0,5 11 12 9,1,209,,209461,14,,,1,101,,209462,14,,,1,199,,209463,14,,,1,200,,209464,14,,,1,200,,209465,14,,,1,206,,209466,14,,,1,145,,209467,14,,,1,157,,209468,14,,,1
8801,'20260822',656,,209469,14,,,1,200,,209470,14,,,1,195,,209471,14,,,1,269,,209473,14,,,1,303,,209475,14,,,1,300,,209477,14,,,1,130,,209478,14,,,1,203,,209479,14,,,1
8801,'20260823',656,,209480,14,,,1,200,,209481,14,,,1,195,,209482,14,,,1,269,,209484,14,,,1,303,,209486,14,,,1,300,,209488,14,,,1,130,,209489,14,,,1,203,,209490,14,,,1
8801,'20260824',543,,209491,14,0,5 11 12 9,1,178,,209492,14,,,1,120,,209493,14,0,5 11 12 9,1,209,,209494,14,,,1,101,,209495,14,,,1,199,,209496,14,,,1,200,,209497,14,,,1,200,,209498,14,,,1,206,,209499,14,,,1,145,,209500,14,,,1,157,,209501,14,,,1
8801,'20260825',543,,209502,14,0,5 11 12 9,1,178,,209503,14,,,1,120,,209504,14,0,5 11 12 9,1,209,,209505,14,,,1,101,,209506,14,,,1,199,,209507,14,,,1,200,,209508,14,,,1,200,,209509,14,,,1,206,,209510,14,,,1,145,,209511,14,,,1,157,,209512,14,,,1
8801,'20260826',543,,209513,14,0,5 11 12 9,1,178,,209514,14,,,1,120,,209515,14,0,5 11 12 9,1,209,,209516,14,,,1,101,,209517,14,,,1,199,,209518,14,,,1,200,,209519,14,,,1,200,,209520,14,,,1,206,,209521,14,,,1,145,,209522,14,,,1,157,,209523,14,,,1
8801,'20260827',543,,209524,14,0,5 11 12 9,1,178,,209525,14,,,1,120,,209526,14,0,5 11 12 9,1,209,,209527,14,,,1,101,,209528,14,,,1,199,,209529,14,,,1,200,,209530,14,,,1,200,,209531,14,,,1,206,,209532,14,,,1,145,,209533,14,,,1,157,,209534,14,,,1
8801,'20260828',543,,209535,14,0,5 11 12 9,1,178,,209536,14,,,1,120,,209537,14,0,5 11 12 9,1,209,,209538,14,,,1,101,,209539,14,,,1,199,,209540,14,,,1,200,,209541,14,,,1,200,,209542,14,,,1,206,,209543,14,,,1,145,,209544,14,,,1,157,,209545,14,,,1
8801,'20260829',656,,209546,14,,,1,200,,209547,14,,,1,195,,209548,14,,,1,269,,209550,14,,,1,303,,209552,14,,,1,300,,209554,14,,,1,130,,209555,14,,,1,203,,209556,14,,,1
8801,'20260830',656,,209557,14,,,1,200,,209558,14,,,1,195,,209559,14,,,1,269,,209561,14,,,1,303,,209563,14,,,1,300,,209565,14,,,1,130,,209566,14,,,1,203,,209567,14,,,1
8801,'20260831',543,,209568,14,0,5 11 12 9,1,178,,209569,14,,,1,120,,209570,14,0,5 11 12 9,1,209,,209571,14,,,1,101,,209572,14,,,1,199,,209573,14,,,1,200,,209574,14,,,1,200,,209575,14,,,1,206,,209576,14,,,1,145,,209577,14,,,1,157,,209578,14,,,1
8801,'20260901',543,,209579,14,0,5 11 12 9,1,178,,209580,14,,,1,120,,209581,14,0,5 11 12 9,1,209,,209582,14,,,1,101,,209583,14,,,1,199,,209584,14,,,1,200,,209585,14,,,1,200,,209586,14,,,1,206,,209587,14,,,1,145,,209588,14,,,1,157,,209589,14,,,1
8801,'20260902',543,,209590,14,0,5 11 12 9,1,178,,209591,14,,,1,120,,209592,14,0,5 11 12 9,1,209,,209593,14,,,1,101,,209594,14,,,1,199,,209595,14,,,1,200,,209596,14,,,1,200,,209597,14,,,1,206,,209598,14,,,1,145,,209599,14,,,1,157,,209600,14,,,1
8801,'20260903',543,,209601,14,0,5 11 12 9,1,178,,209602,14,,,1,120,,209603,14,0,5 11 12 9,1,209,,209604,14,,,1,101,,209605,14,,,1,199,,209606,14,,,1,200,,209607,14,,,1,200,,209608,14,,,1,206,,209609,14,,,1,145,,209610,14,,,1,157,,209611,14,,,1
8801,'20260904',543,,209612,14,0,5 11 12 9,1,178,,209613,14,,,1,120,,209614,14,0,5 11 12 9,1,209,,209615,14,,,1,101,,209616,14,,,1,199,,209617,14,,,1,200,,209618,14,,,1,200,,209619,14,,,1,206,,209620,14,,,1,145,,209621,14,,,1,157,,209622,14,,,1
