8800,'20260707',1742,,208003,2,0,5 48 43,1,100,,208004,2,0,5 48 43,1
8800,'20260708',1742,,208015,2,0,5 48 43,1,100,,208016,2,0,5 48 43,1
8800,'20260709',1742,,208027,2,0,5 48 43,1,100,,208028,2,0,5 48 43,1
8800,'20260710',1742,,208039,2,0,5 48 43,1,100,,208040,2,0,5 48 43,1
8800,'20260713',1742,,208073,2,0,5 48 43,1,100,,208074,2,0,5 48 43,1
8800,'20260714',1742,,208085,2,0,5 48 43,1,100,,208086,2,0,5 48 43,1
8800,'20260715',1742,,208097,2,0,5 48 43,1,100,,208098,2,0,5 48 43,1
8800,'20260716',1742,,208109,2,0,5 48 43,1,100,,208110,2,0,5 48 43,1
8800,'20260717',1742,,208121,2,0,5 48 43,1,100,,208122,2,0,5 48 43,1
8800,'20260720',1742,,208155,2,0,5 48 43,1,100,,208156,2,0,5 48 43,1
8800,'20260721',1742,,208167,2,0,5 48 43,1,100,,208168,2,0,5 48 43,1
8800,'20260722',1742,,208179,2,0,5 48 43,1,100,,208180,2,0,5 48 43,1
8800,'20260723',1742,,208191,2,0,5 48 43,1,100,,208192,2,0,5 48 43,1
8800,'20260724',1742,,208203,2,0,5 48 43,1,100,,208204,2,0,5 48 43,1
8800,'20260727',1742,,208237,2,0,5 48 43,1,100,,208238,2,0,5 48 43,1
8800,'20260728',1742,,208249,2,0,5 48 43,1,100,,208250,2,0,5 48 43,1
8800,'20260729',1742,,208261,2,0,5 48 43,1,100,,208262,2,0,5 48 43,1
8800,'20260730',1742,,208273,2,0,5 48 43,1,100,,208274,2,0,5 48 43,1
8800,'20260731',1742,,208285,2,0,5 48 43,1,100,,208286,2,0,5 48 43,1
8800,'20260804',1742,,208330,2,0,5 48 43,1,100,,208331,2,0,5 48 43,1
8800,'20260805',1742,,208342,2,0,5 48 43,1,100,,208343,2,0,5 48 43,1
8800,'20260806',1742,,208354,2,0,5 48 43,1,100,,208355,2,0,5 48 43,1
8800,'20260807',1742,,208366,2,0,5 48 43,1,100,,208367,2,0,5 48 43,1
8800,'20260810',1742,,208400,2,0,5 48 43,1,100,,208401,2,0,5 48 43,1
8800,'20260811',1742,,208412,2,0,5 48 43,1,100,,208413,2,0,5 48 43,1
8800,'20260812',1742,,208424,2,0,5 48 43,1,100,,208425,2,0,5 48 43,1
8800,'20260813',1742,,208436,2,0,5 48 43,1,100,,208437,2,0,5 48 43,1
8800,'20260814',1742,,208448,2,0,5 48 43,1,100,,208449,2,0,5 48 43,1
8800,'20260817',1742,,208482,2,0,5 48 43,1,100,,208483,2,0,5 48 43,1
8800,'20260818',1742,,208494,2,0,5 48 43,1,100,,208495,2,0,5 48 43,1
8800,'20260819',1742,,208506,2,0,5 48 43,1,100,,208507,2,0,5 48 43,1
8800,'20260820',1742,,208518,2,0,5 48 43,1,100,,208519,2,0,5 48 43,1
8800,'20260821',1742,,208530,2,0,5 48 43,1,100,,208531,2,0,5 48 43,1
8800,'20260824',1742,,208564,2,0,5 48 43,1,100,,208565,2,0,5 48 43,1
8800,'20260825',1742,,208576,2,0,5 48 43,1,100,,208577,2,0,5 48 43,1
8800,'20260826',1742,,208588,2,0,5 48 43,1,100,,208589,2,0,5 48 43,1
8800,'20260827',1742,,208600,2,0,5 48 43,1,100,,208601,2,0,5 48 43,1
8800,'20260828',1742,,208612,2,0,5 48 43,1,100,,208613,2,0,5 48 43,1
8800,'20260831',1742,,208646,2,0,5 48 43,1,100,,208647,2,0,5 48 43,1
8800,'20260901',1742,,208658,2,0,5 48 43,1,100,,208659,2,0,5 48 43,1
8800,'20260902',1742,,208670,2,0,5 48 43,1,100,,208671,2,0,5 48 43,1
8800,'20260903',1742,,208682,2,0,5 48 43,1,100,,208683,2,0,5 48 43,1
8800,'20260904',1742,,208694,2,0,5 48 43,1,100,,208695,2,0,5 48 43,1
