8801,'20260508',537,,113205,7,0,5 11 12 9,1,178,,113206,7,,,1,120,,113207,7,0,5 11 12 9,1,209,,113208,7,,,1,101,,113209,7,,,1,199,,113210,7,,,1,200,,113211,7,,,1,200,,113212,7,,,1,206,,113213,7,,,1,105,,113214,7,,,1,197,,113215,7,,,1
8801,'20260509',650,,113216,7,,,1,200,,113217,7,,,1,195,,113218,7,,,1,269,,113220,7,,,1,303,,113222,7,,,1,300,,113224,7,,,1,130,,113225,7,,,1,203,,113226,7,,,1
8801,'20260510',650,,113227,7,,,1,200,,113228,7,,,1,195,,113229,7,,,1,269,,113231,7,,,1,303,,113233,7,,,1,300,,113235,7,,,1,130,,113236,7,,,1,203,,113237,7,,,1
8801,'20260511',537,,113238,7,0,5 11 12 9,1,178,,113239,7,,,1,120,,113240,7,0,5 11 12 9,1,209,,113241,7,,,1,101,,113242,7,,,1,199,,113243,7,,,1,200,,113244,7,,,1,200,,113245,7,,,1,206,,113246,7,,,1,105,,113247,7,,,1,197,,113248,7,,,1
8801,'20260512',537,,113249,7,0,5 11 12 9,1,178,,113250,7,,,1,120,,113251,7,0,5 11 12 9,1,209,,113252,7,,,1,101,,113253,7,,,1,199,,113254,7,,,1,200,,113255,7,,,1,200,,113256,7,,,1,206,,113257,7,,,1,105,,113258,7,,,1,197,,113259,7,,,1
8801,'20260513',537,,113260,7,0,5 11 12 9,1,178,,113261,7,,,1,120,,113262,7,0,5 11 12 9,1,209,,113263,7,,,1,101,,113264,7,,,1,199,,113265,7,,,1,200,,113266,7,,,1,200,,113267,7,,,1,206,,113268,7,,,1,105,,113269,7,,,1,197,,113270,7,,,1
8801,'20260514',537,,113271,7,0,5 11 12 9,1,178,,113272,7,,,1,120,,113273,7,0,5 11 12 9,1,209,,113274,7,,,1,101,,113275,7,,,1,199,,113276,7,,,1,200,,113277,7,,,1,200,,113278,7,,,1,206,,113279,7,,,1,105,,113280,7,,,1,197,,113281,7,,,1
8801,'20260515',537,,113282,7,0,5 11 12 9,1,178,,113283,7,,,1,120,,113284,7,0,5 11 12 9,1,209,,113285,7,,,1,101,,113286,7,,,1,199,,113287,7,,,1,200,,113288,7,,,1,200,,113289,7,,,1,206,,113290,7,,,1,105,,113291,7,,,1,197,,113292,7,,,1
8801,'20260516',650,,113293,7,,,1,200,,113294,7,,,1,195,,113295,7,,,1,269,,113297,7,,,1,303,,113299,7,,,1,300,,113301,7,,,1,130,,113302,7,,,1,203,,113303,7,,,1
8801,'20260517',650,,113304,7,,,1,200,,113305,7,,,1,195,,113306,7,,,1,269,,113308,7,,,1,303,,113310,7,,,1,300,,113312,7,,,1,130,,113313,7,,,1,203,,113314,7,,,1
8801,'20260518',650,,113315,7,,,1,200,,113316,7,,,1,195,,113317,7,,,1,269,,113319,7,,,1,303,,113321,7,,,1,300,,113323,7,,,1,130,,113324,7,,,1,203,,113325,7,,,1
8801,'20260519',537,,113326,7,0,5 11 12 9,1,178,,113327,7,,,1,120,,113328,7,0,5 11 12 9,1,209,,113329,7,,,1,101,,113330,7,,,1,199,,113331,7,,,1,200,,113332,7,,,1,200,,113333,7,,,1,206,,113334,7,,,1,105,,113335,7,,,1,197,,113336,7,,,1
8801,'20260520',537,,113337,7,0,5 11 12 9,1,178,,113338,7,,,1,120,,113339,7,0,5 11 12 9,1,209,,113340,7,,,1,101,,113341,7,,,1,199,,113342,7,,,1,200,,113343,7,,,1,200,,113344,7,,,1,206,,113345,7,,,1,105,,113346,7,,,1,197,,113347,7,,,1
8801,'20260521',537,,113348,7,0,5 11 12 9,1,178,,113349,7,,,1,120,,113350,7,0,5 11 12 9,1,209,,113351,7,,,1,101,,113352,7,,,1,199,,113353,7,,,1,200,,113354,7,,,1,200,,113355,7,,,1,206,,113356,7,,,1,105,,113357,7,,,1,197,,113358,7,,,1
8801,'20260522',537,,113359,7,0,5 11 12 9,1,178,,113360,7,,,1,120,,113361,7,0,5 11 12 9,1,209,,113362,7,,,1,101,,113363,7,,,1,199,,113364,7,,,1,200,,113365,7,,,1,200,,113366,7,,,1,206,,113367,7,,,1,105,,113368,7,,,1,197,,113369,7,,,1
8801,'20260523',650,,113370,7,,,1,200,,113371,7,,,1,195,,113372,7,,,1,269,,113374,7,,,1,303,,113376,7,,,1,300,,113378,7,,,1,130,,113379,7,,,1,203,,113380,7,,,1
8801,'20260524',650,,113381,7,,,1,200,,113382,7,,,1,195,,113383,7,,,1,269,,113385,7,,,1,303,,113387,7,,,1,300,,113389,7,,,1,130,,113390,7,,,1,203,,113391,7,,,1
8801,'20260525',537,,113392,7,0,5 11 12 9,1,178,,113393,7,,,1,120,,113394,7,0,5 11 12 9,1,209,,113395,7,,,1,101,,113396,7,,,1,199,,113397,7,,,1,200,,113398,7,,,1,200,,113399,7,,,1,206,,113400,7,,,1,105,,113401,7,,,1,197,,113402,7,,,1
8801,'20260526',537,,113403,7,0,5 11 12 9,1,178,,113404,7,,,1,120,,113405,7,0,5 11 12 9,1,209,,113406,7,,,1,101,,113407,7,,,1,199,,113408,7,,,1,200,,113409,7,,,1,200,,113410,7,,,1,206,,113411,7,,,1,105,,113412,7,,,1,197,,113413,7,,,1
8801,'20260527',537,,113414,7,0,5 11 12 9,1,178,,113415,7,,,1,120,,113416,7,0,5 11 12 9,1,209,,113417,7,,,1,101,,113418,7,,,1,199,,113419,7,,,1,200,,113420,7,,,1,200,,113421,7,,,1,206,,113422,7,,,1,105,,113423,7,,,1,197,,113424,7,,,1
8801,'20260528',537,,113425,7,0,5 11 12 9,1,178,,113426,7,,,1,120,,113427,7,0,5 11 12 9,1,209,,113428,7,,,1,101,,113429,7,,,1,199,,113430,7,,,1,200,,113431,7,,,1,200,,113432,7,,,1,206,,113433,7,,,1,105,,113434,7,,,1,197,,113435,7,,,1
8801,'20260529',537,,113436,7,0,5 11 12 9,1,178,,113437,7,,,1,120,,113438,7,0,5 11 12 9,1,209,,113439,7,,,1,101,,113440,7,,,1,199,,113441,7,,,1,200,,113442,7,,,1,200,,113443,7,,,1,206,,113444,7,,,1,105,,113445,7,,,1,197,,113446,7,,,1
8801,'20260530',650,,113447,7,,,1,200,,113448,7,,,1,195,,113449,7,,,1,269,,113451,7,,,1,303,,113453,7,,,1,300,,113455,7,,,1,130,,113456,7,,,1,203,,113457,7,,,1
8801,'20260531',650,,113458,7,,,1,200,,113459,7,,,1,195,,113460,7,,,1,269,,113462,7,,,1,303,,113464,7,,,1,300,,113466,7,,,1,130,,113467,7,,,1,203,,113468,7,,,1
8801,'20260601',537,,113469,7,0,5 11 12 9,1,178,,113470,7,,,1,120,,113471,7,0,5 11 12 9,1,209,,113472,7,,,1,101,,113473,7,,,1,199,,113474,7,,,1,200,,113475,7,,,1,200,,113476,7,,,1,206,,113477,7,,,1,105,,113478,7,,,1,197,,113479,7,,,1
8801,'20260602',537,,113480,7,0,5 11 12 9,1,178,,113481,7,,,1,120,,113482,7,0,5 11 12 9,1,209,,113483,7,,,1,101,,113484,7,,,1,199,,113485,7,,,1,200,,113486,7,,,1,200,,113487,7,,,1,206,,113488,7,,,1,105,,113489,7,,,1,197,,113490,7,,,1
8801,'20260603',537,,113491,7,0,5 11 12 9,1,178,,113492,7,,,1,120,,113493,7,0,5 11 12 9,1,209,,113494,7,,,1,101,,113495,7,,,1,199,,113496,7,,,1,200,,113497,7,,,1,200,,113498,7,,,1,206,,113499,7,,,1,105,,113500,7,,,1,197,,113501,7,,,1
8801,'20260604',537,,113502,7,0,5 11 12 9,1,178,,113503,7,,,1,120,,113504,7,0,5 11 12 9,1,209,,113505,7,,,1,101,,113506,7,,,1,199,,113507,7,,,1,200,,113508,7,,,1,200,,113509,7,,,1,206,,113510,7,,,1,105,,113511,7,,,1,197,,113512,7,,,1
8801,'20260605',537,,113513,7,0,5 11 12 9,1,178,,113514,7,,,1,120,,113515,7,0,5 11 12 9,1,209,,113516,7,,,1,101,,113517,7,,,1,199,,113518,7,,,1,200,,113519,7,,,1,200,,113520,7,,,1,206,,113521,7,,,1,105,,113522,7,,,1,197,,113523,7,,,1
8801,'20260606',650,,113524,7,,,1,200,,113525,7,,,1,195,,113526,7,,,1,269,,113528,7,,,1,303,,113530,7,,,1,300,,113532,7,,,1,130,,113533,7,,,1,203,,113534,7,,,1
8801,'20260607',650,,113535,7,,,1,200,,113536,7,,,1,195,,113537,7,,,1,269,,113539,7,,,1,303,,113541,7,,,1,300,,113543,7,,,1,130,,113544,7,,,1,203,,113545,7,,,1
8801,'20260608',537,,113546,7,0,5 11 12 9,1,178,,113547,7,,,1,120,,113548,7,0,5 11 12 9,1,209,,113549,7,,,1,101,,113550,7,,,1,199,,113551,7,,,1,200,,113552,7,,,1,200,,113553,7,,,1,206,,113554,7,,,1,105,,113555,7,,,1,197,,113556,7,,,1
8801,'20260609',537,,113557,7,0,5 11 12 9,1,178,,113558,7,,,1,120,,113559,7,0,5 11 12 9,1,209,,113560,7,,,1,101,,113561,7,,,1,199,,113562,7,,,1,200,,113563,7,,,1,200,,113564,7,,,1,206,,113565,7,,,1,105,,113566,7,,,1,197,,113567,7,,,1
8801,'20260610',537,,113568,7,0,5 11 12 9,1,178,,113569,7,,,1,120,,113570,7,0,5 11 12 9,1,209,,113571,7,,,1,101,,113572,7,,,1,199,,113573,7,,,1,200,,113574,7,,,1,200,,113575,7,,,1,206,,113576,7,,,1,105,,113577,7,,,1,197,,113578,7,,,1
8801,'20260611',537,,113579,7,0,5 11 12 9,1,178,,113580,7,,,1,120,,113581,7,0,5 11 12 9,1,209,,113582,7,,,1,101,,113583,7,,,1,199,,113584,7,,,1,200,,113585,7,,,1,200,,113586,7,,,1,206,,113587,7,,,1,105,,113588,7,,,1,197,,113589,7,,,1
8801,'20260612',537,,113590,7,0,5 11 12 9,1,178,,113591,7,,,1,120,,113592,7,0,5 11 12 9,1,209,,113593,7,,,1,101,,113594,7,,,1,199,,113595,7,,,1,200,,113596,7,,,1,200,,113597,7,,,1,206,,113598,7,,,1,105,,113599,7,,,1,197,,113600,7,,,1
8801,'20260613',650,,208699,7,,,1,200,,208700,7,,,1,195,,208701,7,,,1,269,,208703,7,,,1,303,,208705,7,,,1,300,,208707,7,,,1,130,,208708,7,,,1,203,,208709,7,,,1
8801,'20260614',650,,208710,7,,,1,200,,208711,7,,,1,195,,208712,7,,,1,269,,208714,7,,,1,303,,208716,7,,,1,300,,208718,7,,,1,130,,208719,7,,,1,203,,208720,7,,,1
8801,'20260615',537,,208721,7,0,5 11 12 9,1,178,,208722,7,,,1,120,,208723,7,0,5 11 12 9,1,209,,208724,7,,,1,101,,208725,7,,,1,199,,208726,7,,,1,200,,208727,7,,,1,200,,208728,7,,,1,206,,208729,7,,,1,105,,208730,7,,,1,197,,208731,7,,,1
8801,'20260616',537,,208732,7,0,5 11 12 9,1,178,,208733,7,,,1,120,,208734,7,0,5 11 12 9,1,209,,208735,7,,,1,101,,208736,7,,,1,199,,208737,7,,,1,200,,208738,7,,,1,200,,208739,7,,,1,206,,208740,7,,,1,105,,208741,7,,,1,197,,208742,7,,,1
8801,'20260617',537,,208743,7,0,5 11 12 9,1,178,,208744,7,,,1,120,,208745,7,0,5 11 12 9,1,209,,208746,7,,,1,101,,208747,7,,,1,199,,208748,7,,,1,200,,208749,7,,,1,200,,208750,7,,,1,206,,208751,7,,,1,105,,208752,7,,,1,197,,208753,7,,,1
8801,'20260618',537,,208754,7,0,5 11 12 9,1,178,,208755,7,,,1,120,,208756,7,0,5 11 12 9,1,209,,208757,7,,,1,101,,208758,7,,,1,199,,208759,7,,,1,200,,208760,7,,,1,200,,208761,7,,,1,206,,208762,7,,,1,105,,208763,7,,,1,197,,208764,7,,,1
8801,'20260619',537,,208765,7,0,5 11 12 9,1,178,,208766,7,,,1,120,,208767,7,0,5 11 12 9,1,209,,208768,7,,,1,101,,208769,7,,,1,199,,208770,7,,,1,200,,208771,7,,,1,200,,208772,7,,,1,206,,208773,7,,,1,105,,208774,7,,,1,197,,208775,7,,,1
8801,'20260620',650,,208776,7,,,1,200,,208777,7,,,1,195,,208778,7,,,1,269,,208780,7,,,1,303,,208782,7,,,1,300,,208784,7,,,1,130,,208785,7,,,1,203,,208786,7,,,1
8801,'20260621',650,,208787,7,,,1,200,,208788,7,,,1,195,,208789,7,,,1,269,,208791,7,,,1,303,,208793,7,,,1,300,,208795,7,,,1,130,,208796,7,,,1,203,,208797,7,,,1
8801,'20260622',537,,208798,7,0,5 11 12 9,1,178,,208799,7,,,1,120,,208800,7,0,5 11 12 9,1,209,,208801,7,,,1,101,,208802,7,,,1,199,,208803,7,,,1,200,,208804,7,,,1,200,,208805,7,,,1,206,,208806,7,,,1,105,,208807,7,,,1,197,,208808,7,,,1
8801,'20260623',537,,208809,7,0,5 11 12 9,1,178,,208810,7,,,1,120,,208811,7,0,5 11 12 9,1,209,,208812,7,,,1,101,,208813,7,,,1,199,,208814,7,,,1,200,,208815,7,,,1,200,,208816,7,,,1,206,,208817,7,,,1,105,,208818,7,,,1,197,,208819,7,,,1
8801,'20260624',537,,208820,7,0,5 11 12 9,1,178,,208821,7,,,1,120,,208822,7,0,5 11 12 9,1,209,,208823,7,,,1,101,,208824,7,,,1,199,,208825,7,,,1,200,,208826,7,,,1,200,,208827,7,,,1,206,,208828,7,,,1,105,,208829,7,,,1,197,,208830,7,,,1
8801,'20260625',537,,208831,7,0,5 11 12 9,1,178,,208832,7,,,1,120,,208833,7,0,5 11 12 9,1,209,,208834,7,,,1,101,,208835,7,,,1,199,,208836,7,,,1,200,,208837,7,,,1,200,,208838,7,,,1,206,,208839,7,,,1,105,,208840,7,,,1,197,,208841,7,,,1
8801,'20260626',537,,208842,7,0,5 11 12 9,1,178,,208843,7,,,1,120,,208844,7,0,5 11 12 9,1,209,,208845,7,,,1,101,,208846,7,,,1,199,,208847,7,,,1,200,,208848,7,,,1,200,,208849,7,,,1,206,,208850,7,,,1,105,,208851,7,,,1,197,,208852,7,,,1
8801,'20260627',650,,208853,7,,,1,200,,208854,7,,,1,195,,208855,7,,,1,269,,208857,7,,,1,303,,208859,7,,,1,300,,208861,7,,,1,130,,208862,7,,,1,203,,208863,7,,,1
8801,'20260628',650,,208864,7,,,1,200,,208865,7,,,1,195,,208866,7,,,1,269,,208868,7,,,1,303,,208870,7,,,1,300,,208872,7,,,1,130,,208873,7,,,1,203,,208874,7,,,1
8801,'20260629',537,,208875,7,0,5 11 12 9,1,178,,208876,7,,,1,120,,208877,7,0,5 11 12 9,1,209,,208878,7,,,1,101,,208879,7,,,1,199,,208880,7,,,1,200,,208881,7,,,1,200,,208882,7,,,1,206,,208883,7,,,1,105,,208884,7,,,1,197,,208885,7,,,1
8801,'20260630',537,,208886,7,0,5 11 12 9,1,178,,208887,7,,,1,120,,208888,7,0,5 11 12 9,1,209,,208889,7,,,1,101,,208890,7,,,1,199,,208891,7,,,1,200,,208892,7,,,1,200,,208893,7,,,1,206,,208894,7,,,1,105,,208895,7,,,1,197,,208896,7,,,1
8801,'20260701',650,,208897,7,,,1,200,,208898,7,,,1,195,,208899,7,,,1,269,,208901,7,,,1,303,,208903,7,,,1,300,,208905,7,,,1,130,,208906,7,,,1,203,,208907,7,,,1
8801,'20260702',537,,208908,7,0,5 11 12 9,1,178,,208909,7,,,1,120,,208910,7,0,5 11 12 9,1,209,,208911,7,,,1,101,,208912,7,,,1,199,,208913,7,,,1,200,,208914,7,,,1,200,,208915,7,,,1,206,,208916,7,,,1,105,,208917,7,,,1,197,,208918,7,,,1
8801,'20260703',537,,208919,7,0,5 11 12 9,1,178,,208920,7,,,1,120,,208921,7,0,5 11 12 9,1,209,,208922,7,,,1,101,,208923,7,,,1,199,,208924,7,,,1,200,,208925,7,,,1,200,,208926,7,,,1,206,,208927,7,,,1,105,,208928,7,,,1,197,,208929,7,,,1
8801,'20260704',650,,208930,7,,,1,200,,208931,7,,,1,195,,208932,7,,,1,269,,208934,7,,,1,303,,208936,7,,,1,300,,208938,7,,,1,130,,208939,7,,,1,203,,208940,7,,,1
8801,'20260705',650,,208941,7,,,1,200,,208942,7,,,1,195,,208943,7,,,1,269,,208945,7,,,1,303,,208947,7,,,1,300,,208949,7,,,1,130,,208950,7,,,1,203,,208951,7,,,1
8801,'20260706',537,,208952,7,0,5 11 12 9,1,178,,208953,7,,,1,120,,208954,7,0,5 11 12 9,1,209,,208955,7,,,1,101,,208956,7,,,1,199,,208957,7,,,1,200,,208958,7,,,1,200,,208959,7,,,1,206,,208960,7,,,1,105,,208961,7,,,1,197,,208962,7,,,1
8801,'20260707',537,,208963,7,0,5 11 12 9,1,178,,208964,7,,,1,120,,208965,7,0,5 11 12 9,1,209,,208966,7,,,1,101,,208967,7,,,1,199,,208968,7,,,1,200,,208969,7,,,1,200,,208970,7,,,1,206,,208971,7,,,1,105,,208972,7,,,1,197,,208973,7,,,1
8801,'20260708',537,,208974,7,0,5 11 12 9,1,178,,208975,7,,,1,120,,208976,7,0,5 11 12 9,1,209,,208977,7,,,1,101,,208978,7,,,1,199,,208979,7,,,1,200,,208980,7,,,1,200,,208981,7,,,1,206,,208982,7,,,1,105,,208983,7,,,1,197,,208984,7,,,1
8801,'20260709',537,,208985,7,0,5 11 12 9,1,178,,208986,7,,,1,120,,208987,7,0,5 11 12 9,1,209,,208988,7,,,1,101,,208989,7,,,1,199,,208990,7,,,1,200,,208991,7,,,1,200,,208992,7,,,1,206,,208993,7,,,1,105,,208994,7,,,1,197,,208995,7,,,1
8801,'20260710',537,,208996,7,0,5 11 12 9,1,178,,208997,7,,,1,120,,208998,7,0,5 11 12 9,1,209,,208999,7,,,1,101,,209000,7,,,1,199,,209001,7,,,1,200,,209002,7,,,1,200,,209003,7,,,1,206,,209004,7,,,1,105,,209005,7,,,1,197,,209006,7,,,1
8801,'20260711',650,,209007,7,,,1,200,,209008,7,,,1,195,,209009,7,,,1,269,,209011,7,,,1,303,,209013,7,,,1,300,,209015,7,,,1,130,,209016,7,,,1,203,,209017,7,,,1
8801,'20260712',650,,209018,7,,,1,200,,209019,7,,,1,195,,209020,7,,,1,269,,209022,7,,,1,303,,209024,7,,,1,300,,209026,7,,,1,130,,209027,7,,,1,203,,209028,7,,,1
8801,'20260713',537,,209029,7,0,5 11 12 9,1,178,,209030,7,,,1,120,,209031,7,0,5 11 12 9,1,209,,209032,7,,,1,101,,209033,7,,,1,199,,209034,7,,,1,200,,209035,7,,,1,200,,209036,7,,,1,206,,209037,7,,,1,105,,209038,7,,,1,197,,209039,7,,,1
8801,'20260714',537,,209040,7,0,5 11 12 9,1,178,,209041,7,,,1,120,,209042,7,0,5 11 12 9,1,209,,209043,7,,,1,101,,209044,7,,,1,199,,209045,7,,,1,200,,209046,7,,,1,200,,209047,7,,,1,206,,209048,7,,,1,105,,209049,7,,,1,197,,209050,7,,,1
8801,'20260715',537,,209051,7,0,5 11 12 9,1,178,,209052,7,,,1,120,,209053,7,0,5 11 12 9,1,209,,209054,7,,,1,101,,209055,7,,,1,199,,209056,7,,,1,200,,209057,7,,,1,200,,209058,7,,,1,206,,209059,7,,,1,105,,209060,7,,,1,197,,209061,7,,,1
8801,'20260716',537,,209062,7,0,5 11 12 9,1,178,,209063,7,,,1,120,,209064,7,0,5 11 12 9,1,209,,209065,7,,,1,101,,209066,7,,,1,199,,209067,7,,,1,200,,209068,7,,,1,200,,209069,7,,,1,206,,209070,7,,,1,105,,209071,7,,,1,197,,209072,7,,,1
8801,'20260717',537,,209073,7,0,5 11 12 9,1,178,,209074,7,,,1,120,,209075,7,0,5 11 12 9,1,209,,209076,7,,,1,101,,209077,7,,,1,199,,209078,7,,,1,200,,209079,7,,,1,200,,209080,7,,,1,206,,209081,7,,,1,105,,209082,7,,,1,197,,209083,7,,,1
8801,'20260718',650,,209084,7,,,1,200,,209085,7,,,1,195,,209086,7,,,1,269,,209088,7,,,1,303,,209090,7,,,1,300,,209092,7,,,1,130,,209093,7,,,1,203,,209094,7,,,1
8801,'20260719',650,,209095,7,,,1,200,,209096,7,,,1,195,,209097,7,,,1,269,,209099,7,,,1,303,,209101,7,,,1,300,,209103,7,,,1,130,,209104,7,,,1,203,,209105,7,,,1
8801,'20260720',537,,209106,7,0,5 11 12 9,1,178,,209107,7,,,1,120,,209108,7,0,5 11 12 9,1,209,,209109,7,,,1,101,,209110,7,,,1,199,,209111,7,,,1,200,,209112,7,,,1,200,,209113,7,,,1,206,,209114,7,,,1,105,,209115,7,,,1,197,,209116,7,,,1
8801,'20260721',537,,209117,7,0,5 11 12 9,1,178,,209118,7,,,1,120,,209119,7,0,5 11 12 9,1,209,,209120,7,,,1,101,,209121,7,,,1,199,,209122,7,,,1,200,,209123,7,,,1,200,,209124,7,,,1,206,,209125,7,,,1,105,,209126,7,,,1,197,,209127,7,,,1
8801,'20260722',537,,209128,7,0,5 11 12 9,1,178,,209129,7,,,1,120,,209130,7,0,5 11 12 9,1,209,,209131,7,,,1,101,,209132,7,,,1,199,,209133,7,,,1,200,,209134,7,,,1,200,,209135,7,,,1,206,,209136,7,,,1,105,,209137,7,,,1,197,,209138,7,,,1
8801,'20260723',537,,209139,7,0,5 11 12 9,1,178,,209140,7,,,1,120,,209141,7,0,5 11 12 9,1,209,,209142,7,,,1,101,,209143,7,,,1,199,,209144,7,,,1,200,,209145,7,,,1,200,,209146,7,,,1,206,,209147,7,,,1,105,,209148,7,,,1,197,,209149,7,,,1
8801,'20260724',537,,209150,7,0,5 11 12 9,1,178,,209151,7,,,1,120,,209152,7,0,5 11 12 9,1,209,,209153,7,,,1,101,,209154,7,,,1,199,,209155,7,,,1,200,,209156,7,,,1,200,,209157,7,,,1,206,,209158,7,,,1,105,,209159,7,,,1,197,,209160,7,,,1
8801,'20260725',650,,209161,7,,,1,200,,209162,7,,,1,195,,209163,7,,,1,269,,209165,7,,,1,303,,209167,7,,,1,300,,209169,7,,,1,130,,209170,7,,,1,203,,209171,7,,,1
8801,'20260726',650,,209172,7,,,1,200,,209173,7,,,1,195,,209174,7,,,1,269,,209176,7,,,1,303,,209178,7,,,1,300,,209180,7,,,1,130,,209181,7,,,1,203,,209182,7,,,1
8801,'20260727',537,,209183,7,0,5 11 12 9,1,178,,209184,7,,,1,120,,209185,7,0,5 11 12 9,1,209,,209186,7,,,1,101,,209187,7,,,1,199,,209188,7,,,1,200,,209189,7,,,1,200,,209190,7,,,1,206,,209191,7,,,1,105,,209192,7,,,1,197,,209193,7,,,1
8801,'20260728',537,,209194,7,0,5 11 12 9,1,178,,209195,7,,,1,120,,209196,7,0,5 11 12 9,1,209,,209197,7,,,1,101,,209198,7,,,1,199,,209199,7,,,1,200,,209200,7,,,1,200,,209201,7,,,1,206,,209202,7,,,1,105,,209203,7,,,1,197,,209204,7,,,1
8801,'20260729',537,,209205,7,0,5 11 12 9,1,178,,209206,7,,,1,120,,209207,7,0,5 11 12 9,1,209,,209208,7,,,1,101,,209209,7,,,1,199,,209210,7,,,1,200,,209211,7,,,1,200,,209212,7,,,1,206,,209213,7,,,1,105,,209214,7,,,1,197,,209215,7,,,1
8801,'20260730',537,,209216,7,0,5 11 12 9,1,178,,209217,7,,,1,120,,209218,7,0,5 11 12 9,1,209,,209219,7,,,1,101,,209220,7,,,1,199,,209221,7,,,1,200,,209222,7,,,1,200,,209223,7,,,1,206,,209224,7,,,1,105,,209225,7,,,1,197,,209226,7,,,1
8801,'20260731',537,,209227,7,0,5 11 12 9,1,178,,209228,7,,,1,120,,209229,7,0,5 11 12 9,1,209,,209230,7,,,1,101,,209231,7,,,1,199,,209232,7,,,1,200,,209233,7,,,1,200,,209234,7,,,1,206,,209235,7,,,1,105,,209236,7,,,1,197,,209237,7,,,1
8801,'20260801',650,,209238,7,,,1,200,,209239,7,,,1,195,,209240,7,,,1,269,,209242,7,,,1,303,,209244,7,,,1,300,,209246,7,,,1,130,,209247,7,,,1,203,,209248,7,,,1
8801,'20260802',650,,209249,7,,,1,200,,209250,7,,,1,195,,209251,7,,,1,269,,209253,7,,,1,303,,209255,7,,,1,300,,209257,7,,,1,130,,209258,7,,,1,203,,209259,7,,,1
8801,'20260803',650,,209260,7,,,1,200,,209261,7,,,1,195,,209262,7,,,1,269,,209264,7,,,1,303,,209266,7,,,1,300,,209268,7,,,1,130,,209269,7,,,1,203,,209270,7,,,1
8801,'20260804',537,,209271,7,0,5 11 12 9,1,178,,209272,7,,,1,120,,209273,7,0,5 11 12 9,1,209,,209274,7,,,1,101,,209275,7,,,1,199,,209276,7,,,1,200,,209277,7,,,1,200,,209278,7,,,1,206,,209279,7,,,1,105,,209280,7,,,1,197,,209281,7,,,1
8801,'20260805',537,,209282,7,0,5 11 12 9,1,178,,209283,7,,,1,120,,209284,7,0,5 11 12 9,1,209,,209285,7,,,1,101,,209286,7,,,1,199,,209287,7,,,1,200,,209288,7,,,1,200,,209289,7,,,1,206,,209290,7,,,1,105,,209291,7,,,1,197,,209292,7,,,1
8801,'20260806',537,,209293,7,0,5 11 12 9,1,178,,209294,7,,,1,120,,209295,7,0,5 11 12 9,1,209,,209296,7,,,1,101,,209297,7,,,1,199,,209298,7,,,1,200,,209299,7,,,1,200,,209300,7,,,1,206,,209301,7,,,1,105,,209302,7,,,1,197,,209303,7,,,1
8801,'20260807',537,,209304,7,0,5 11 12 9,1,178,,209305,7,,,1,120,,209306,7,0,5 11 12 9,1,209,,209307,7,,,1,101,,209308,7,,,1,199,,209309,7,,,1,200,,209310,7,,,1,200,,209311,7,,,1,206,,209312,7,,,1,105,,209313,7,,,1,197,,209314,7,,,1
8801,'20260808',650,,209315,7,,,1,200,,209316,7,,,1,195,,209317,7,,,1,269,,209319,7,,,1,303,,209321,7,,,1,300,,209323,7,,,1,130,,209324,7,,,1,203,,209325,7,,,1
8801,'20260809',650,,209326,7,,,1,200,,209327,7,,,1,195,,209328,7,,,1,269,,209330,7,,,1,303,,209332,7,,,1,300,,209334,7,,,1,130,,209335,7,,,1,203,,209336,7,,,1
8801,'20260810',537,,209337,7,0,5 11 12 9,1,178,,209338,7,,,1,120,,209339,7,0,5 11 12 9,1,209,,209340,7,,,1,101,,209341,7,,,1,199,,209342,7,,,1,200,,209343,7,,,1,200,,209344,7,,,1,206,,209345,7,,,1,105,,209346,7,,,1,197,,209347,7,,,1
8801,'20260811',537,,209348,7,0,5 11 12 9,1,178,,209349,7,,,1,120,,209350,7,0,5 11 12 9,1,209,,209351,7,,,1,101,,209352,7,,,1,199,,209353,7,,,1,200,,209354,7,,,1,200,,209355,7,,,1,206,,209356,7,,,1,105,,209357,7,,,1,197,,209358,7,,,1
8801,'20260812',537,,209359,7,0,5 11 12 9,1,178,,209360,7,,,1,120,,209361,7,0,5 11 12 9,1,209,,209362,7,,,1,101,,209363,7,,,1,199,,209364,7,,,1,200,,209365,7,,,1,200,,209366,7,,,1,206,,209367,7,,,1,105,,209368,7,,,1,197,,209369,7,,,1
8801,'20260813',537,,209370,7,0,5 11 12 9,1,178,,209371,7,,,1,120,,209372,7,0,5 11 12 9,1,209,,209373,7,,,1,101,,209374,7,,,1,199,,209375,7,,,1,200,,209376,7,,,1,200,,209377,7,,,1,206,,209378,7,,,1,105,,209379,7,,,1,197,,209380,7,,,1
8801,'20260814',537,,209381,7,0,5 11 12 9,1,178,,209382,7,,,1,120,,209383,7,0,5 11 12 9,1,209,,209384,7,,,1,101,,209385,7,,,1,199,,209386,7,,,1,200,,209387,7,,,1,200,,209388,7,,,1,206,,209389,7,,,1,105,,209390,7,,,1,197,,209391,7,,,1
8801,'20260815',650,,209392,7,,,1,200,,209393,7,,,1,195,,209394,7,,,1,269,,209396,7,,,1,303,,209398,7,,,1,300,,209400,7,,,1,130,,209401,7,,,1,203,,209402,7,,,1
8801,'20260816',650,,209403,7,,,1,200,,209404,7,,,1,195,,209405,7,,,1,269,,209407,7,,,1,303,,209409,7,,,1,300,,209411,7,,,1,130,,209412,7,,,1,203,,209413,7,,,1
8801,'20260817',537,,209414,7,0,5 11 12 9,1,178,,209415,7,,,1,120,,209416,7,0,5 11 12 9,1,209,,209417,7,,,1,101,,209418,7,,,1,199,,209419,7,,,1,200,,209420,7,,,1,200,,209421,7,,,1,206,,209422,7,,,1,105,,209423,7,,,1,197,,209424,7,,,1
8801,'20260818',537,,209425,7,0,5 11 12 9,1,178,,209426,7,,,1,120,,209427,7,0,5 11 12 9,1,209,,209428,7,,,1,101,,209429,7,,,1,199,,209430,7,,,1,200,,209431,7,,,1,200,,209432,7,,,1,206,,209433,7,,,1,105,,209434,7,,,1,197,,209435,7,,,1
8801,'20260819',537,,209436,7,0,5 11 12 9,1,178,,209437,7,,,1,120,,209438,7,0,5 11 12 9,1,209,,209439,7,,,1,101,,209440,7,,,1,199,,209441,7,,,1,200,,209442,7,,,1,200,,209443,7,,,1,206,,209444,7,,,1,105,,209445,7,,,1,197,,209446,7,,,1
8801,'20260820',537,,209447,7,0,5 11 12 9,1,178,,209448,7,,,1,120,,209449,7,0,5 11 12 9,1,209,,209450,7,,,1,101,,209451,7,,,1,199,,209452,7,,,1,200,,209453,7,,,1,200,,209454,7,,,1,206,,209455,7,,,1,105,,209456,7,,,1,197,,209457,7,,,1
8801,'20260821',537,,209458,7,0,5 11 12 9,1,178,,209459,7,,,1,120,,209460,7,0,5 11 12 9,1,209,,209461,7,,,1,101,,209462,7,,,1,199,,209463,7,,,1,200,,209464,7,,,1,200,,209465,7,,,1,206,,209466,7,,,1,105,,209467,7,,,1,197,,209468,7,,,1
8801,'20260822',650,,209469,7,,,1,200,,209470,7,,,1,195,,209471,7,,,1,269,,209473,7,,,1,303,,209475,7,,,1,300,,209477,7,,,1,130,,209478,7,,,1,203,,209479,7,,,1
8801,'20260823',650,,209480,7,,,1,200,,209481,7,,,1,195,,209482,7,,,1,269,,209484,7,,,1,303,,209486,7,,,1,300,,209488,7,,,1,130,,209489,7,,,1,203,,209490,7,,,1
8801,'20260824',537,,209491,7,0,5 11 12 9,1,178,,209492,7,,,1,120,,209493,7,0,5 11 12 9,1,209,,209494,7,,,1,101,,209495,7,,,1,199,,209496,7,,,1,200,,209497,7,,,1,200,,209498,7,,,1,206,,209499,7,,,1,105,,209500,7,,,1,197,,209501,7,,,1
8801,'20260825',537,,209502,7,0,5 11 12 9,1,178,,209503,7,,,1,120,,209504,7,0,5 11 12 9,1,209,,209505,7,,,1,101,,209506,7,,,1,199,,209507,7,,,1,200,,209508,7,,,1,200,,209509,7,,,1,206,,209510,7,,,1,105,,209511,7,,,1,197,,209512,7,,,1
8801,'20260826',537,,209513,7,0,5 11 12 9,1,178,,209514,7,,,1,120,,209515,7,0,5 11 12 9,1,209,,209516,7,,,1,101,,209517,7,,,1,199,,209518,7,,,1,200,,209519,7,,,1,200,,209520,7,,,1,206,,209521,7,,,1,105,,209522,7,,,1,197,,209523,7,,,1
8801,'20260827',537,,209524,7,0,5 11 12 9,1,178,,209525,7,,,1,120,,209526,7,0,5 11 12 9,1,209,,209527,7,,,1,101,,209528,7,,,1,199,,209529,7,,,1,200,,209530,7,,,1,200,,209531,7,,,1,206,,209532,7,,,1,105,,209533,7,,,1,197,,209534,7,,,1
8801,'20260828',537,,209535,7,0,5 11 12 9,1,178,,209536,7,,,1,120,,209537,7,0,5 11 12 9,1,209,,209538,7,,,1,101,,209539,7,,,1,199,,209540,7,,,1,200,,209541,7,,,1,200,,209542,7,,,1,206,,209543,7,,,1,105,,209544,7,,,1,197,,209545,7,,,1
8801,'20260829',650,,209546,7,,,1,200,,209547,7,,,1,195,,209548,7,,,1,269,,209550,7,,,1,303,,209552,7,,,1,300,,209554,7,,,1,130,,209555,7,,,1,203,,209556,7,,,1
8801,'20260830',650,,209557,7,,,1,200,,209558,7,,,1,195,,209559,7,,,1,269,,209561,7,,,1,303,,209563,7,,,1,300,,209565,7,,,1,130,,209566,7,,,1,203,,209567,7,,,1
8801,'20260831',537,,209568,7,0,5 11 12 9,1,178,,209569,7,,,1,120,,209570,7,0,5 11 12 9,1,209,,209571,7,,,1,101,,209572,7,,,1,199,,209573,7,,,1,200,,209574,7,,,1,200,,209575,7,,,1,206,,209576,7,,,1,105,,209577,7,,,1,197,,209578,7,,,1
8801,'20260901',537,,209579,7,0,5 11 12 9,1,178,,209580,7,,,1,120,,209581,7,0,5 11 12 9,1,209,,209582,7,,,1,101,,209583,7,,,1,199,,209584,7,,,1,200,,209585,7,,,1,200,,209586,7,,,1,206,,209587,7,,,1,105,,209588,7,,,1,197,,209589,7,,,1
8801,'20260902',537,,209590,7,0,5 11 12 9,1,178,,209591,7,,,1,120,,209592,7,0,5 11 12 9,1,209,,209593,7,,,1,101,,209594,7,,,1,199,,209595,7,,,1,200,,209596,7,,,1,200,,209597,7,,,1,206,,209598,7,,,1,105,,209599,7,,,1,197,,209600,7,,,1
8801,'20260903',537,,209601,7,0,5 11 12 9,1,178,,209602,7,,,1,120,,209603,7,0,5 11 12 9,1,209,,209604,7,,,1,101,,209605,7,,,1,199,,209606,7,,,1,200,,209607,7,,,1,200,,209608,7,,,1,206,,209609,7,,,1,105,,209610,7,,,1,197,,209611,7,,,1
8801,'20260904',537,,209612,7,0,5 11 12 9,1,178,,209613,7,,,1,120,,209614,7,0,5 11 12 9,1,209,,209615,7,,,1,101,,209616,7,,,1,199,,209617,7,,,1,200,,209618,7,,,1,200,,209619,7,,,1,206,,209620,7,,,1,105,,209621,7,,,1,197,,209622,7,,,1
