8801,'20260506',537,,113183,8,0,5 11 12 9,1,178,,113184,8,,,1,120,,113185,8,0,5 11 12 9,1,209,,113186,8,,,1,101,,113187,8,,,1,199,,113188,8,,,1,200,,113189,8,,,1,200,,113190,8,,,1,206,,113191,8,,,1,105,,113192,8,,,1,197,,113193,8,,,1
8801,'20260507',537,,113194,8,0,5 11 12 9,1,178,,113195,8,,,1,120,,113196,8,0,5 11 12 9,1,209,,113197,8,,,1,101,,113198,8,,,1,199,,113199,8,,,1,200,,113200,8,,,1,200,,113201,8,,,1,206,,113202,8,,,1,105,,113203,8,,,1,197,,113204,8,,,1
8801,'20260508',537,,113205,8,0,5 11 12 9,1,178,,113206,8,,,1,120,,113207,8,0,5 11 12 9,1,209,,113208,8,,,1,101,,113209,8,,,1,199,,113210,8,,,1,200,,113211,8,,,1,200,,113212,8,,,1,206,,113213,8,,,1,105,,113214,8,,,1,197,,113215,8,,,1
8801,'20260509',650,,113216,8,,,1,200,,113217,8,,,1,195,,113218,8,,,1,269,,113220,8,,,1,303,,113222,8,,,1,300,,113224,8,,,1,130,,113225,8,,,1,203,,113226,8,,,1
8801,'20260510',650,,113227,8,,,1,200,,113228,8,,,1,195,,113229,8,,,1,269,,113231,8,,,1,303,,113233,8,,,1,300,,113235,8,,,1,130,,113236,8,,,1,203,,113237,8,,,1
8801,'20260511',537,,113238,8,0,5 11 12 9,1,178,,113239,8,,,1,120,,113240,8,0,5 11 12 9,1,209,,113241,8,,,1,101,,113242,8,,,1,199,,113243,8,,,1,200,,113244,8,,,1,200,,113245,8,,,1,206,,113246,8,,,1,105,,113247,8,,,1,197,,113248,8,,,1
8801,'20260512',537,,113249,8,0,5 11 12 9,1,178,,113250,8,,,1,120,,113251,8,0,5 11 12 9,1,209,,113252,8,,,1,101,,113253,8,,,1,199,,113254,8,,,1,200,,113255,8,,,1,200,,113256,8,,,1,206,,113257,8,,,1,105,,113258,8,,,1,197,,113259,8,,,1
8801,'20260513',537,,113260,8,0,5 11 12 9,1,178,,113261,8,,,1,120,,113262,8,0,5 11 12 9,1,209,,113263,8,,,1,101,,113264,8,,,1,199,,113265,8,,,1,200,,113266,8,,,1,200,,113267,8,,,1,206,,113268,8,,,1,105,,113269,8,,,1,197,,113270,8,,,1
8801,'20260514',537,,113271,8,0,5 11 12 9,1,178,,113272,8,,,1,120,,113273,8,0,5 11 12 9,1,209,,113274,8,,,1,101,,113275,8,,,1,199,,113276,8,,,1,200,,113277,8,,,1,200,,113278,8,,,1,206,,113279,8,,,1,105,,113280,8,,,1,197,,113281,8,,,1
8801,'20260515',537,,113282,8,0,5 11 12 9,1,178,,113283,8,,,1,120,,113284,8,0,5 11 12 9,1,209,,113285,8,,,1,101,,113286,8,,,1,199,,113287,8,,,1,200,,113288,8,,,1,200,,113289,8,,,1,206,,113290,8,,,1,105,,113291,8,,,1,197,,113292,8,,,1
8801,'20260516',650,,113293,8,,,1,200,,113294,8,,,1,195,,113295,8,,,1,269,,113297,8,,,1,303,,113299,8,,,1,300,,113301,8,,,1,130,,113302,8,,,1,203,,113303,8,,,1
8801,'20260517',650,,113304,8,,,1,200,,113305,8,,,1,195,,113306,8,,,1,269,,113308,8,,,1,303,,113310,8,,,1,300,,113312,8,,,1,130,,113313,8,,,1,203,,113314,8,,,1
8801,'20260518',650,,113315,8,,,1,200,,113316,8,,,1,195,,113317,8,,,1,269,,113319,8,,,1,303,,113321,8,,,1,300,,113323,8,,,1,130,,113324,8,,,1,203,,113325,8,,,1
8801,'20260519',537,,113326,8,0,5 11 12 9,1,178,,113327,8,,,1,120,,113328,8,0,5 11 12 9,1,209,,113329,8,,,1,101,,113330,8,,,1,199,,113331,8,,,1,200,,113332,8,,,1,200,,113333,8,,,1,206,,113334,8,,,1,105,,113335,8,,,1,197,,113336,8,,,1
8801,'20260520',537,,113337,8,0,5 11 12 9,1,178,,113338,8,,,1,120,,113339,8,0,5 11 12 9,1,209,,113340,8,,,1,101,,113341,8,,,1,199,,113342,8,,,1,200,,113343,8,,,1,200,,113344,8,,,1,206,,113345,8,,,1,105,,113346,8,,,1,197,,113347,8,,,1
8801,'20260521',537,,113348,8,0,5 11 12 9,1,178,,113349,8,,,1,120,,113350,8,0,5 11 12 9,1,209,,113351,8,,,1,101,,113352,8,,,1,199,,113353,8,,,1,200,,113354,8,,,1,200,,113355,8,,,1,206,,113356,8,,,1,105,,113357,8,,,1,197,,113358,8,,,1
8801,'20260522',537,,113359,8,0,5 11 12 9,1,178,,113360,8,,,1,120,,113361,8,0,5 11 12 9,1,209,,113362,8,,,1,101,,113363,8,,,1,199,,113364,8,,,1,200,,113365,8,,,1,200,,113366,8,,,1,206,,113367,8,,,1,105,,113368,8,,,1,197,,113369,8,,,1
8801,'20260523',650,,113370,8,,,1,200,,113371,8,,,1,195,,113372,8,,,1,269,,113374,8,,,1,303,,113376,8,,,1,300,,113378,8,,,1,130,,113379,8,,,1,203,,113380,8,,,1
8801,'20260524',650,,113381,8,,,1,200,,113382,8,,,1,195,,113383,8,,,1,269,,113385,8,,,1,303,,113387,8,,,1,300,,113389,8,,,1,130,,113390,8,,,1,203,,113391,8,,,1
8801,'20260525',537,,113392,8,0,5 11 12 9,1,178,,113393,8,,,1,120,,113394,8,0,5 11 12 9,1,209,,113395,8,,,1,101,,113396,8,,,1,199,,113397,8,,,1,200,,113398,8,,,1,200,,113399,8,,,1,206,,113400,8,,,1,105,,113401,8,,,1,197,,113402,8,,,1
8801,'20260526',537,,113403,8,0,5 11 12 9,1,178,,113404,8,,,1,120,,113405,8,0,5 11 12 9,1,209,,113406,8,,,1,101,,113407,8,,,1,199,,113408,8,,,1,200,,113409,8,,,1,200,,113410,8,,,1,206,,113411,8,,,1,105,,113412,8,,,1,197,,113413,8,,,1
8801,'20260527',537,,113414,8,0,5 11 12 9,1,178,,113415,8,,,1,120,,113416,8,0,5 11 12 9,1,209,,113417,8,,,1,101,,113418,8,,,1,199,,113419,8,,,1,200,,113420,8,,,1,200,,113421,8,,,1,206,,113422,8,,,1,105,,113423,8,,,1,197,,113424,8,,,1
8801,'20260528',537,,113425,8,0,5 11 12 9,1,178,,113426,8,,,1,120,,113427,8,0,5 11 12 9,1,209,,113428,8,,,1,101,,113429,8,,,1,199,,113430,8,,,1,200,,113431,8,,,1,200,,113432,8,,,1,206,,113433,8,,,1,105,,113434,8,,,1,197,,113435,8,,,1
8801,'20260529',537,,113436,8,0,5 11 12 9,1,178,,113437,8,,,1,120,,113438,8,0,5 11 12 9,1,209,,113439,8,,,1,101,,113440,8,,,1,199,,113441,8,,,1,200,,113442,8,,,1,200,,113443,8,,,1,206,,113444,8,,,1,105,,113445,8,,,1,197,,113446,8,,,1
8801,'20260530',650,,113447,8,,,1,200,,113448,8,,,1,195,,113449,8,,,1,269,,113451,8,,,1,303,,113453,8,,,1,300,,113455,8,,,1,130,,113456,8,,,1,203,,113457,8,,,1
8801,'20260531',650,,113458,8,,,1,200,,113459,8,,,1,195,,113460,8,,,1,269,,113462,8,,,1,303,,113464,8,,,1,300,,113466,8,,,1,130,,113467,8,,,1,203,,113468,8,,,1
8801,'20260601',537,,113469,8,0,5 11 12 9,1,178,,113470,8,,,1,120,,113471,8,0,5 11 12 9,1,209,,113472,8,,,1,101,,113473,8,,,1,199,,113474,8,,,1,200,,113475,8,,,1,200,,113476,8,,,1,206,,113477,8,,,1,105,,113478,8,,,1,197,,113479,8,,,1
8801,'20260602',537,,113480,8,0,5 11 12 9,1,178,,113481,8,,,1,120,,113482,8,0,5 11 12 9,1,209,,113483,8,,,1,101,,113484,8,,,1,199,,113485,8,,,1,200,,113486,8,,,1,200,,113487,8,,,1,206,,113488,8,,,1,105,,113489,8,,,1,197,,113490,8,,,1
8801,'20260603',537,,113491,8,0,5 11 12 9,1,178,,113492,8,,,1,120,,113493,8,0,5 11 12 9,1,209,,113494,8,,,1,101,,113495,8,,,1,199,,113496,8,,,1,200,,113497,8,,,1,200,,113498,8,,,1,206,,113499,8,,,1,105,,113500,8,,,1,197,,113501,8,,,1
8801,'20260604',537,,113502,8,0,5 11 12 9,1,178,,113503,8,,,1,120,,113504,8,0,5 11 12 9,1,209,,113505,8,,,1,101,,113506,8,,,1,199,,113507,8,,,1,200,,113508,8,,,1,200,,113509,8,,,1,206,,113510,8,,,1,105,,113511,8,,,1,197,,113512,8,,,1
8801,'20260605',537,,113513,8,0,5 11 12 9,1,178,,113514,8,,,1,120,,113515,8,0,5 11 12 9,1,209,,113516,8,,,1,101,,113517,8,,,1,199,,113518,8,,,1,200,,113519,8,,,1,200,,113520,8,,,1,206,,113521,8,,,1,105,,113522,8,,,1,197,,113523,8,,,1
8801,'20260606',650,,113524,8,,,1,200,,113525,8,,,1,195,,113526,8,,,1,269,,113528,8,,,1,303,,113530,8,,,1,300,,113532,8,,,1,130,,113533,8,,,1,203,,113534,8,,,1
8801,'20260607',650,,113535,8,,,1,200,,113536,8,,,1,195,,113537,8,,,1,269,,113539,8,,,1,303,,113541,8,,,1,300,,113543,8,,,1,130,,113544,8,,,1,203,,113545,8,,,1
8801,'20260608',537,,113546,8,0,5 11 12 9,1,178,,113547,8,,,1,120,,113548,8,0,5 11 12 9,1,209,,113549,8,,,1,101,,113550,8,,,1,199,,113551,8,,,1,200,,113552,8,,,1,200,,113553,8,,,1,206,,113554,8,,,1,105,,113555,8,,,1,197,,113556,8,,,1
8801,'20260609',537,,113557,8,0,5 11 12 9,1,178,,113558,8,,,1,120,,113559,8,0,5 11 12 9,1,209,,113560,8,,,1,101,,113561,8,,,1,199,,113562,8,,,1,200,,113563,8,,,1,200,,113564,8,,,1,206,,113565,8,,,1,105,,113566,8,,,1,197,,113567,8,,,1
8801,'20260610',537,,113568,8,0,5 11 12 9,1,178,,113569,8,,,1,120,,113570,8,0,5 11 12 9,1,209,,113571,8,,,1,101,,113572,8,,,1,199,,113573,8,,,1,200,,113574,8,,,1,200,,113575,8,,,1,206,,113576,8,,,1,105,,113577,8,,,1,197,,113578,8,,,1
8801,'20260611',537,,113579,8,0,5 11 12 9,1,178,,113580,8,,,1,120,,113581,8,0,5 11 12 9,1,209,,113582,8,,,1,101,,113583,8,,,1,199,,113584,8,,,1,200,,113585,8,,,1,200,,113586,8,,,1,206,,113587,8,,,1,105,,113588,8,,,1,197,,113589,8,,,1
8801,'20260612',537,,113590,8,0,5 11 12 9,1,178,,113591,8,,,1,120,,113592,8,0,5 11 12 9,1,209,,113593,8,,,1,101,,113594,8,,,1,199,,113595,8,,,1,200,,113596,8,,,1,200,,113597,8,,,1,206,,113598,8,,,1,105,,113599,8,,,1,197,,113600,8,,,1
