8800,'20260506',601,,112617,14,,,1,137,,112618,14,,,1,107,,112619,14,,,1,197,,112620,14,,,1,211,,112621,14,,,1,203,,112622,14,,,1,201,,112623,14,,,1,154,,112624,16,0,5 48 43,1,100,,112625,16,0,5 48 43,1,144,,112626,14,,,1,197,,112627,14,,,1,274,,112628,14,,,1
8800,'20260507',601,,112629,14,,,1,137,,112630,14,,,1,107,,112631,14,,,1,197,,112632,14,,,1,211,,112633,14,,,1,203,,112634,14,,,1,201,,112635,14,,,1,154,,112636,16,0,5 48 43,1,100,,112637,16,0,5 48 43,1,144,,112638,14,,,1,197,,112639,14,,,1,274,,112640,14,,,1
8800,'20260508',601,,112641,14,,,1,137,,112642,14,,,1,107,,112643,14,,,1,197,,112644,14,,,1,211,,112645,14,,,1,203,,112646,14,,,1,201,,112647,14,,,1,154,,112648,16,0,5 48 43,1,100,,112649,16,0,5 48 43,1,144,,112650,14,,,1,197,,112651,14,,,1,274,,112652,14,,,1
8800,'20260509',917,,112653,14,,,1,106,,112654,14,,,1,303,,112656,14,,,1,298,,112658,14,,,1,230,,112660,14,,,1,98,,112661,14,,,1,270,,112662,14,,,1,304,,112663,14,,,1
8800,'20260510',917,,112664,14,,,1,106,,112665,14,,,1,303,,112667,14,,,1,298,,112669,14,,,1,230,,112671,14,,,1,98,,112672,14,,,1,270,,112673,14,,,1,304,,112674,14,,,1
8800,'20260511',601,,112675,14,,,1,137,,112676,14,,,1,107,,112677,14,,,1,197,,112678,14,,,1,211,,112679,14,,,1,203,,112680,14,,,1,201,,112681,14,,,1,154,,112682,16,0,5 48 43,1,100,,112683,16,0,5 48 43,1,144,,112684,14,,,1,197,,112685,14,,,1,274,,112686,14,,,1
8800,'20260512',601,,112687,14,,,1,137,,112688,14,,,1,107,,112689,14,,,1,197,,112690,14,,,1,211,,112691,14,,,1,203,,112692,14,,,1,201,,112693,14,,,1,154,,112694,16,0,5 48 43,1,100,,112695,16,0,5 48 43,1,144,,112696,14,,,1,197,,112697,14,,,1,274,,112698,14,,,1
8800,'20260513',601,,112699,14,,,1,137,,112700,14,,,1,107,,112701,14,,,1,197,,112702,14,,,1,211,,112703,14,,,1,203,,112704,14,,,1,201,,112705,14,,,1,154,,112706,16,0,5 48 43,1,100,,112707,16,0,5 48 43,1,144,,112708,14,,,1,197,,112709,14,,,1,274,,112710,14,,,1
8800,'20260514',601,,112711,14,,,1,137,,112712,14,,,1,107,,112713,14,,,1,197,,112714,14,,,1,211,,112715,14,,,1,203,,112716,14,,,1,201,,112717,14,,,1,154,,112718,16,0,5 48 43,1,100,,112719,16,0,5 48 43,1,144,,112720,14,,,1,197,,112721,14,,,1,274,,112722,14,,,1
8800,'20260515',601,,112723,14,,,1,137,,112724,14,,,1,107,,112725,14,,,1,197,,112726,14,,,1,211,,112727,14,,,1,203,,112728,14,,,1,201,,112729,14,,,1,154,,112730,16,0,5 48 43,1,100,,112731,16,0,5 48 43,1,144,,112732,14,,,1,197,,112733,14,,,1,274,,112734,14,,,1
8800,'20260516',917,,112735,14,,,1,106,,112736,14,,,1,303,,112738,14,,,1,298,,112740,14,,,1,230,,112742,14,,,1,98,,112743,14,,,1,270,,112744,14,,,1,304,,112745,14,,,1
8800,'20260517',917,,112746,14,,,1,106,,112747,14,,,1,303,,112749,14,,,1,298,,112751,14,,,1,230,,112753,14,,,1,98,,112754,14,,,1,270,,112755,14,,,1,304,,112756,14,,,1
8800,'20260518',917,,112757,14,,,1,106,,112758,14,,,1,303,,112760,14,,,1,298,,112762,14,,,1,230,,112764,14,,,1,98,,112765,14,,,1,270,,112766,14,,,1,304,,112767,14,,,1
8800,'20260519',601,,112768,14,,,1,137,,112769,14,,,1,107,,112770,14,,,1,197,,112771,14,,,1,211,,112772,14,,,1,203,,112773,14,,,1,201,,112774,14,,,1,154,,112775,16,0,5 48 43,1,100,,112776,16,0,5 48 43,1,144,,112777,14,,,1,197,,112778,14,,,1,274,,112779,14,,,1
8800,'20260520',601,,112780,14,,,1,137,,112781,14,,,1,107,,112782,14,,,1,197,,112783,14,,,1,211,,112784,14,,,1,203,,112785,14,,,1,201,,112786,14,,,1,154,,112787,16,0,5 48 43,1,100,,112788,16,0,5 48 43,1,144,,112789,14,,,1,197,,112790,14,,,1,274,,112791,14,,,1
8800,'20260521',601,,112792,14,,,1,137,,112793,14,,,1,107,,112794,14,,,1,197,,112795,14,,,1,211,,112796,14,,,1,203,,112797,14,,,1,201,,112798,14,,,1,154,,112799,16,0,5 48 43,1,100,,112800,16,0,5 48 43,1,144,,112801,14,,,1,197,,112802,14,,,1,274,,112803,14,,,1
8800,'20260522',601,,112804,14,,,1,137,,112805,14,,,1,107,,112806,14,,,1,197,,112807,14,,,1,211,,112808,14,,,1,203,,112809,14,,,1,201,,112810,14,,,1,154,,112811,16,0,5 48 43,1,100,,112812,16,0,5 48 43,1,144,,112813,14,,,1,197,,112814,14,,,1,274,,112815,14,,,1
8800,'20260523',917,,112816,14,,,1,106,,112817,14,,,1,303,,112819,14,,,1,298,,112821,14,,,1,230,,112823,14,,,1,98,,112824,14,,,1,270,,112825,14,,,1,304,,112826,14,,,1
8800,'20260524',917,,112827,14,,,1,106,,112828,14,,,1,303,,112830,14,,,1,298,,112832,14,,,1,230,,112834,14,,,1,98,,112835,14,,,1,270,,112836,14,,,1,304,,112837,14,,,1
8800,'20260525',601,,112838,14,,,1,137,,112839,14,,,1,107,,112840,14,,,1,197,,112841,14,,,1,211,,112842,14,,,1,203,,112843,14,,,1,201,,112844,14,,,1,154,,112845,16,0,5 48 43,1,100,,112846,16,0,5 48 43,1,144,,112847,14,,,1,197,,112848,14,,,1,274,,112849,14,,,1
8800,'20260526',601,,112850,14,,,1,137,,112851,14,,,1,107,,112852,14,,,1,197,,112853,14,,,1,211,,112854,14,,,1,203,,112855,14,,,1,201,,112856,14,,,1,154,,112857,16,0,5 48 43,1,100,,112858,16,0,5 48 43,1,144,,112859,14,,,1,197,,112860,14,,,1,274,,112861,14,,,1
8800,'20260527',601,,112862,14,,,1,137,,112863,14,,,1,107,,112864,14,,,1,197,,112865,14,,,1,211,,112866,14,,,1,203,,112867,14,,,1,201,,112868,14,,,1,154,,112869,16,0,5 48 43,1,100,,112870,16,0,5 48 43,1,144,,112871,14,,,1,197,,112872,14,,,1,274,,112873,14,,,1
8800,'20260528',601,,112874,14,,,1,137,,112875,14,,,1,107,,112876,14,,,1,197,,112877,14,,,1,211,,112878,14,,,1,203,,112879,14,,,1,201,,112880,14,,,1,154,,112881,16,0,5 48 43,1,100,,112882,16,0,5 48 43,1,144,,112883,14,,,1,197,,112884,14,,,1,274,,112885,14,,,1
8800,'20260529',601,,112886,14,,,1,137,,112887,14,,,1,107,,112888,14,,,1,197,,112889,14,,,1,211,,112890,14,,,1,203,,112891,14,,,1,201,,112892,14,,,1,154,,112893,16,0,5 48 43,1,100,,112894,16,0,5 48 43,1,144,,112895,14,,,1,197,,112896,14,,,1,274,,112897,14,,,1
8800,'20260530',917,,112898,14,,,1,106,,112899,14,,,1,303,,112901,14,,,1,298,,112903,14,,,1,230,,112905,14,,,1,98,,112906,14,,,1,270,,112907,14,,,1,304,,112908,14,,,1
8800,'20260531',917,,112909,14,,,1,106,,112910,14,,,1,303,,112912,14,,,1,298,,112914,14,,,1,230,,112916,14,,,1,98,,112917,14,,,1,270,,112918,14,,,1,304,,112919,14,,,1
8800,'20260601',601,,112920,14,,,1,137,,112921,14,,,1,107,,112922,14,,,1,197,,112923,14,,,1,211,,112924,14,,,1,203,,112925,14,,,1,201,,112926,14,,,1,154,,112927,16,0,5 48 43,1,100,,112928,16,0,5 48 43,1,144,,112929,14,,,1,197,,112930,14,,,1,274,,112931,14,,,1
8800,'20260602',601,,112932,14,,,1,137,,112933,14,,,1,107,,112934,14,,,1,197,,112935,14,,,1,211,,112936,14,,,1,203,,112937,14,,,1,201,,112938,14,,,1,154,,112939,16,0,5 48 43,1,100,,112940,16,0,5 48 43,1,144,,112941,14,,,1,197,,112942,14,,,1,274,,112943,14,,,1
8800,'20260603',601,,112944,14,,,1,137,,112945,14,,,1,107,,112946,14,,,1,197,,112947,14,,,1,211,,112948,14,,,1,203,,112949,14,,,1,201,,112950,14,,,1,154,,112951,16,0,5 48 43,1,100,,112952,16,0,5 48 43,1,144,,112953,14,,,1,197,,112954,14,,,1,274,,112955,14,,,1
8800,'20260604',601,,112956,14,,,1,137,,112957,14,,,1,107,,112958,14,,,1,197,,112959,14,,,1,211,,112960,14,,,1,203,,112961,14,,,1,201,,112962,14,,,1,154,,112963,16,0,5 48 43,1,100,,112964,16,0,5 48 43,1,144,,112965,14,,,1,197,,112966,14,,,1,274,,112967,14,,,1
8800,'20260605',601,,112968,14,,,1,137,,112969,14,,,1,107,,112970,14,,,1,197,,112971,14,,,1,211,,112972,14,,,1,203,,112973,14,,,1,201,,112974,14,,,1,154,,112975,16,0,5 48 43,1,100,,112976,16,0,5 48 43,1,144,,112977,14,,,1,197,,112978,14,,,1,274,,112979,14,,,1
8800,'20260606',917,,112980,14,,,1,106,,112981,14,,,1,303,,112983,14,,,1,298,,112985,14,,,1,230,,112987,14,,,1,98,,112988,14,,,1,270,,112989,14,,,1,304,,112990,14,,,1
8800,'20260607',917,,112991,14,,,1,106,,112992,14,,,1,303,,112994,14,,,1,298,,112996,14,,,1,230,,112998,14,,,1,98,,112999,14,,,1,270,,113000,14,,,1,304,,113001,14,,,1
8800,'20260608',601,,113002,14,,,1,137,,113003,14,,,1,107,,113004,14,,,1,197,,113005,14,,,1,211,,113006,14,,,1,203,,113007,14,,,1,201,,113008,14,,,1,154,,113009,16,0,5 48 43,1,100,,113010,16,0,5 48 43,1,144,,113011,14,,,1,197,,113012,14,,,1,274,,113013,14,,,1
8800,'20260609',601,,113014,14,,,1,137,,113015,14,,,1,107,,113016,14,,,1,197,,113017,14,,,1,211,,113018,14,,,1,203,,113019,14,,,1,201,,113020,14,,,1,154,,113021,16,0,5 48 43,1,100,,113022,16,0,5 48 43,1,144,,113023,14,,,1,197,,113024,14,,,1,274,,113025,14,,,1
8800,'20260610',601,,113026,14,,,1,137,,113027,14,,,1,107,,113028,14,,,1,197,,113029,14,,,1,211,,113030,14,,,1,203,,113031,14,,,1,201,,113032,14,,,1,154,,113033,16,0,5 48 43,1,100,,113034,16,0,5 48 43,1,144,,113035,14,,,1,197,,113036,14,,,1,274,,113037,14,,,1
8800,'20260611',601,,113038,14,,,1,137,,113039,14,,,1,107,,113040,14,,,1,197,,113041,14,,,1,211,,113042,14,,,1,203,,113043,14,,,1,201,,113044,14,,,1,154,,113045,16,0,5 48 43,1,100,,113046,16,0,5 48 43,1,144,,113047,14,,,1,197,,113048,14,,,1,274,,113049,14,,,1
8800,'20260612',601,,113050,14,,,1,137,,113051,14,,,1,107,,113052,14,,,1,197,,113053,14,,,1,211,,113054,14,,,1,203,,113055,14,,,1,201,,113056,14,,,1,154,,113057,16,0,5 48 43,1,100,,113058,16,0,5 48 43,1,144,,113059,14,,,1,197,,113060,14,,,1,274,,113061,14,,,1
