3101,'20260508',710,,86966,32,0,37 43 44 47,1,20,,86967,32,0,37 43 44 47,1,21,,86968,42,0,43 44 47,1,64,,86969,32,0,37 43 44 47,1,35,,86970,40,0,5 43 44 47,1,100,,86971,40,0,5 43 44 47,1,1663,,86975,40,0,7 43 44 47,1
3101,'20260509',927,,86978,40,0,7 43 44 47,1
3101,'20260510',927,,86986,40,0,7 43 44 47,1
3101,'20260511',710,,86992,32,0,37 43 44 47,1,20,,86993,32,0,37 43 44 47,1,21,,86994,42,0,43 44 47,1,64,,86995,32,0,37 43 44 47,1,35,,86996,40,0,5 43 44 47,1,100,,86997,40,0,5 43 44 47,1,1663,,87001,40,0,7 43 44 47,1
3101,'20260512',710,,87004,32,0,37 43 44 47,1,20,,87005,32,0,37 43 44 47,1,21,,87006,42,0,43 44 47,1,64,,87007,32,0,37 43 44 47,1,35,,87008,40,0,5 43 44 47,1,100,,87009,40,0,5 43 44 47,1,1663,,87013,40,0,7 43 44 47,1
3101,'20260513',710,,87016,32,0,37 43 44 47,1,20,,87017,32,0,37 43 44 47,1,21,,87018,42,0,43 44 47,1,64,,87019,32,0,37 43 44 47,1,35,,87020,40,0,5 43 44 47,1,100,,87021,40,0,5 43 44 47,1,1663,,87025,40,0,7 43 44 47,1
3101,'20260514',710,,87028,32,0,37 43 44 47,1,20,,87029,32,0,37 43 44 47,1,21,,87030,42,0,43 44 47,1,64,,87031,32,0,37 43 44 47,1,35,,87032,40,0,5 43 44 47,1,100,,87033,40,0,5 43 44 47,1,1663,,87037,40,0,7 43 44 47,1
3101,'20260515',710,,87040,32,0,37 43 44 47,1,20,,87041,32,0,37 43 44 47,1,21,,87042,42,0,43 44 47,1,64,,87043,32,0,37 43 44 47,1,35,,87044,40,0,5 43 44 47,1,100,,87045,40,0,5 43 44 47,1,1663,,87053,40,0,7 43 44 47,1
3101,'20260516',927,,87056,40,0,7 43 44 47,1,906,,87084,34,0,71 101 9,1,600,,87103,34,0,71 101 9,1
3101,'20260517',927,,87114,40,0,7 43 44 47,1,906,,87142,34,0,71 101 9,1,600,,87161,34,0,71 101 9,1
3101,'20260518',927,,87170,40,0,7 43 44 47,1,906,,87198,34,0,71 101 9,1,600,,87217,34,0,71 101 9,1
3101,'20260519',710,,87228,32,0,37 43 44 47,1,20,,87229,32,0,37 43 44 47,1,21,,87230,42,0,43 44 47,1,64,,87231,32,0,37 43 44 47,1,35,,87232,40,0,5 43 44 47,1,100,,87233,40,0,5 43 44 47,1,1663,,87237,40,0,7 43 44 47,1
3101,'20260520',710,,87240,32,0,37 43 44 47,1,20,,87241,32,0,37 43 44 47,1,21,,87242,42,0,43 44 47,1,64,,87243,32,0,37 43 44 47,1,35,,87244,40,0,5 43 44 47,1,100,,87245,40,0,5 43 44 47,1,1663,,87249,40,0,7 43 44 47,1
3101,'20260521',710,,87252,32,0,37 43 44 47,1,20,,87253,32,0,37 43 44 47,1,21,,87254,42,0,43 44 47,1,64,,87255,32,0,37 43 44 47,1,35,,87256,40,0,5 43 44 47,1,100,,87257,40,0,5 43 44 47,1,1663,,87261,40,0,7 43 44 47,1
3101,'20260522',710,,87264,32,0,37 43 44 47,1,20,,87265,32,0,37 43 44 47,1,21,,87266,42,0,43 44 47,1,64,,87267,32,0,37 43 44 47,1,35,,87268,40,0,5 43 44 47,1,100,,87269,40,0,5 43 44 47,1,1663,,87273,40,0,7 43 44 47,1
3101,'20260523',927,,87276,40,0,7 43 44 47,1
3101,'20260524',927,,87284,40,0,7 43 44 47,1
3101,'20260525',710,,87290,32,0,37 43 44 47,1,20,,87291,32,0,37 43 44 47,1,21,,87292,42,0,43 44 47,1,64,,87293,32,0,37 43 44 47,1,35,,87294,40,0,5 43 44 47,1,100,,87295,40,0,5 43 44 47,1,1663,,87299,40,0,7 43 44 47,1
3101,'20260526',710,,87302,32,0,37 43 44 47,1,20,,87303,32,0,37 43 44 47,1,21,,87304,42,0,43 44 47,1,64,,87305,32,0,37 43 44 47,1,35,,87306,40,0,5 43 44 47,1,100,,87307,40,0,5 43 44 47,1,1663,,87311,40,0,7 43 44 47,1
3101,'20260527',710,,87314,32,0,37 43 44 47,1,20,,87315,32,0,37 43 44 47,1,21,,87316,42,0,43 44 47,1,64,,87317,32,0,37 43 44 47,1,35,,87318,40,0,5 43 44 47,1,100,,87319,40,0,5 43 44 47,1,1663,,87323,40,0,7 43 44 47,1
3101,'20260528',710,,87326,32,0,37 43 44 47,1,20,,87327,32,0,37 43 44 47,1,21,,87328,42,0,43 44 47,1,64,,87329,32,0,37 43 44 47,1,35,,87330,40,0,5 43 44 47,1,100,,87331,40,0,5 43 44 47,1,1663,,87335,40,0,7 43 44 47,1
3101,'20260529',710,,87338,32,0,37 43 44 47,1,20,,87339,32,0,37 43 44 47,1,21,,87340,42,0,43 44 47,1,64,,87341,32,0,37 43 44 47,1,35,,87342,40,0,5 43 44 47,1,100,,87343,40,0,5 43 44 47,1,1663,,87347,40,0,7 43 44 47,1
3101,'20260530',927,,87350,40,0,7 43 44 47,1
3101,'20260531',927,,87358,40,0,7 43 44 47,1
3101,'20260601',710,,87364,32,0,37 43 44 47,1,20,,87365,32,0,37 43 44 47,1,21,,87366,42,0,43 44 47,1,64,,87367,32,0,37 43 44 47,1,35,,87368,40,0,5 43 44 47,1,100,,87369,40,0,5 43 44 47,1,1663,,87373,40,0,7 43 44 47,1
3101,'20260602',710,,87376,32,0,37 43 44 47,1,20,,87377,32,0,37 43 44 47,1,21,,87378,42,0,43 44 47,1,64,,87379,32,0,37 43 44 47,1,35,,87380,40,0,5 43 44 47,1,100,,87381,40,0,5 43 44 47,1,1663,,87385,40,0,7 43 44 47,1
3101,'20260603',710,,87388,32,0,37 43 44 47,1,20,,87389,32,0,37 43 44 47,1,21,,87390,42,0,43 44 47,1,64,,87391,32,0,37 43 44 47,1,35,,87392,40,0,5 43 44 47,1,100,,87393,40,0,5 43 44 47,1,1663,,87397,40,0,7 43 44 47,1
3101,'20260604',710,,87400,32,0,37 43 44 47,1,20,,87401,32,0,37 43 44 47,1,21,,87402,42,0,43 44 47,1,64,,87403,32,0,37 43 44 47,1,35,,87404,40,0,5 43 44 47,1,100,,87405,40,0,5 43 44 47,1,1663,,87409,40,0,7 43 44 47,1
3101,'20260605',710,,87412,32,0,37 43 44 47,1,20,,87413,32,0,37 43 44 47,1,21,,87414,42,0,43 44 47,1,64,,87415,32,0,37 43 44 47,1,35,,87416,40,0,5 43 44 47,1,100,,87417,40,0,5 43 44 47,1,1663,,87421,40,0,7 43 44 47,1
3101,'20260606',927,,87424,40,0,7 43 44 47,1
3101,'20260607',927,,87432,40,0,7 43 44 47,1
3101,'20260608',710,,87438,32,0,37 43 44 47,1,20,,87439,32,0,37 43 44 47,1,21,,87440,42,0,43 44 47,1,64,,87441,32,0,37 43 44 47,1,35,,87442,40,0,5 43 44 47,1,100,,87443,40,0,5 43 44 47,1,1663,,87447,40,0,7 43 44 47,1
3101,'20260609',710,,87450,32,0,37 43 44 47,1,20,,87451,32,0,37 43 44 47,1,21,,87452,42,0,43 44 47,1,64,,87453,32,0,37 43 44 47,1,35,,87454,40,0,5 43 44 47,1,100,,87455,40,0,5 43 44 47,1,1663,,87459,40,0,7 43 44 47,1
3101,'20260610',710,,87462,32,0,37 43 44 47,1,20,,87463,32,0,37 43 44 47,1,21,,87464,42,0,43 44 47,1,64,,87465,32,0,37 43 44 47,1,35,,87466,40,0,5 43 44 47,1,100,,87467,40,0,5 43 44 47,1,1663,,87471,40,0,7 43 44 47,1
3101,'20260611',710,,87474,32,0,37 43 44 47,1,20,,87475,32,0,37 43 44 47,1,21,,87476,42,0,43 44 47,1,64,,87477,32,0,37 43 44 47,1,35,,87478,40,0,5 43 44 47,1,100,,87479,40,0,5 43 44 47,1,1663,,87483,40,0,7 43 44 47,1
3101,'20260612',710,,87486,32,0,37 43 44 47,1,20,,87487,32,0,37 43 44 47,1,21,,87488,42,0,43 44 47,1,64,,87489,32,0,37 43 44 47,1,35,,87490,40,0,5 43 44 47,1,100,,87491,40,0,5 43 44 47,1,1663,,87495,40,0,7 43 44 47,1
3101,'20260613',927,,165059,40,0,7 43 44 47,1
3101,'20260614',927,,165067,40,0,7 43 44 47,1
3101,'20260615',710,,165073,32,0,37 43 44 47,1,20,,165074,32,0,37 43 44 47,1,21,,165075,42,0,43 44 47,1,64,,165076,32,0,37 43 44 47,1,35,,165077,40,0,5 43 44 47,1,100,,165078,40,0,5 43 44 47,1,1663,,165082,40,0,7 43 44 47,1
3101,'20260616',710,,165085,32,0,37 43 44 47,1,20,,165086,32,0,37 43 44 47,1,21,,165087,42,0,43 44 47,1,64,,165088,32,0,37 43 44 47,1,35,,165089,40,0,5 43 44 47,1,100,,165090,40,0,5 43 44 47,1,1663,,165094,40,0,7 43 44 47,1
3101,'20260617',710,,165097,32,0,37 43 44 47,1,20,,165098,32,0,37 43 44 47,1,21,,165099,42,0,43 44 47,1,64,,165100,32,0,37 43 44 47,1,35,,165101,40,0,5 43 44 47,1,100,,165102,40,0,5 43 44 47,1,1663,,165106,40,0,7 43 44 47,1
3101,'20260618',710,,165109,32,0,37 43 44 47,1,20,,165110,32,0,37 43 44 47,1,21,,165111,42,0,43 44 47,1,64,,165112,32,0,37 43 44 47,1,35,,165113,40,0,5 43 44 47,1,100,,165114,40,0,5 43 44 47,1,1663,,165118,40,0,7 43 44 47,1
3101,'20260619',710,,165121,32,0,37 43 44 47,1,20,,165122,32,0,37 43 44 47,1,21,,165123,42,0,43 44 47,1,64,,165124,32,0,37 43 44 47,1,35,,165125,40,0,5 43 44 47,1,100,,165126,40,0,5 43 44 47,1,1663,,165130,40,0,7 43 44 47,1
3101,'20260620',927,,165133,40,0,7 43 44 47,1
3101,'20260621',927,,165141,40,0,7 43 44 47,1
3101,'20260622',710,,165147,32,0,37 43 44 47,1,20,,165148,32,0,37 43 44 47,1,21,,165149,42,0,43 44 47,1,64,,165150,32,0,37 43 44 47,1,35,,165151,40,0,5 43 44 47,1,100,,165152,40,0,5 43 44 47,1,1663,,165156,40,0,7 43 44 47,1
3101,'20260623',710,,165159,32,0,37 43 44 47,1,20,,165160,32,0,37 43 44 47,1,21,,165161,42,0,43 44 47,1,64,,165162,32,0,37 43 44 47,1,35,,165163,40,0,5 43 44 47,1,100,,165164,40,0,5 43 44 47,1,1663,,165168,40,0,7 43 44 47,1
3101,'20260624',710,,165171,32,0,37 43 44 47,1,20,,165172,32,0,37 43 44 47,1,21,,165173,42,0,43 44 47,1,64,,165174,32,0,37 43 44 47,1,35,,165175,40,0,5 43 44 47,1,100,,165176,40,0,5 43 44 47,1,1663,,165180,40,0,7 43 44 47,1
3101,'20260625',710,,165183,32,0,37 43 44 47,1,20,,165184,32,0,37 43 44 47,1,21,,165185,42,0,43 44 47,1,64,,165186,32,0,37 43 44 47,1,35,,165187,40,0,5 43 44 47,1,100,,165188,40,0,5 43 44 47,1,1663,,165192,40,0,7 43 44 47,1
3101,'20260626',710,,165195,32,0,37 43 44 47,1,20,,165196,32,0,37 43 44 47,1,21,,165197,42,0,43 44 47,1,64,,165198,32,0,37 43 44 47,1,35,,165199,40,0,5 43 44 47,1,100,,165200,40,0,5 43 44 47,1,1663,,165204,40,0,7 43 44 47,1
3101,'20260627',927,,165207,40,0,7 43 44 47,1
3101,'20260628',927,,165215,40,0,7 43 44 47,1
3101,'20260629',710,,165221,32,0,37 43 44 47,1,20,,165222,32,0,37 43 44 47,1,21,,165223,42,0,43 44 47,1,64,,165224,32,0,37 43 44 47,1,35,,165225,40,0,5 43 44 47,1,100,,165226,40,0,5 43 44 47,1,1663,,165230,40,0,7 43 44 47,1
3101,'20260630',710,,165233,32,0,37 43 44 47,1,20,,165234,32,0,37 43 44 47,1,21,,165235,42,0,43 44 47,1,64,,165236,32,0,37 43 44 47,1,35,,165237,40,0,5 43 44 47,1,100,,165238,40,0,5 43 44 47,1,1663,,165242,40,0,7 43 44 47,1
3101,'20260701',927,,165245,40,0,7 43 44 47,1
3101,'20260702',710,,165253,32,0,37 43 44 47,1,20,,165254,32,0,37 43 44 47,1,21,,165255,42,0,43 44 47,1,64,,165256,32,0,37 43 44 47,1,35,,165257,40,0,5 43 44 47,1,100,,165258,40,0,5 43 44 47,1,1663,,165262,40,0,7 43 44 47,1
3101,'20260703',710,,165265,32,0,37 43 44 47,1,20,,165266,32,0,37 43 44 47,1,21,,165267,42,0,43 44 47,1,64,,165268,32,0,37 43 44 47,1,35,,165269,40,0,5 43 44 47,1,100,,165270,40,0,5 43 44 47,1,1663,,165274,40,0,7 43 44 47,1
3101,'20260704',927,,165277,40,0,7 43 44 47,1
3101,'20260705',927,,165285,40,0,7 43 44 47,1
3101,'20260706',710,,165291,32,0,37 43 44 47,1,20,,165292,32,0,37 43 44 47,1,21,,165293,42,0,43 44 47,1,64,,165294,32,0,37 43 44 47,1,35,,165295,40,0,5 43 44 47,1,100,,165296,40,0,5 43 44 47,1,1663,,165300,40,0,7 43 44 47,1
3101,'20260707',710,,165303,32,0,37 43 44 47,1,20,,165304,32,0,37 43 44 47,1,21,,165305,42,0,43 44 47,1,64,,165306,32,0,37 43 44 47,1,35,,165307,40,0,5 43 44 47,1,100,,165308,40,0,5 43 44 47,1,1663,,165312,40,0,7 43 44 47,1
3101,'20260708',710,,165315,32,0,37 43 44 47,1,20,,165316,32,0,37 43 44 47,1,21,,165317,42,0,43 44 47,1,64,,165318,32,0,37 43 44 47,1,35,,165319,40,0,5 43 44 47,1,100,,165320,40,0,5 43 44 47,1,1663,,165324,40,0,7 43 44 47,1
3101,'20260709',710,,165327,32,0,37 43 44 47,1,20,,165328,32,0,37 43 44 47,1,21,,165329,42,0,43 44 47,1,64,,165330,32,0,37 43 44 47,1,35,,165331,40,0,5 43 44 47,1,100,,165332,40,0,5 43 44 47,1,1663,,165336,40,0,7 43 44 47,1
3101,'20260710',710,,165339,32,0,37 43 44 47,1,20,,165340,32,0,37 43 44 47,1,21,,165341,42,0,43 44 47,1,64,,165342,32,0,37 43 44 47,1,35,,165343,40,0,5 43 44 47,1,100,,165344,40,0,5 43 44 47,1,1663,,165348,40,0,7 43 44 47,1
3101,'20260711',927,,165351,40,0,7 43 44 47,1
3101,'20260712',927,,165359,40,0,7 43 44 47,1
3101,'20260713',710,,165365,32,0,37 43 44 47,1,20,,165366,32,0,37 43 44 47,1,21,,165367,42,0,43 44 47,1,64,,165368,32,0,37 43 44 47,1,35,,165369,40,0,5 43 44 47,1,100,,165370,40,0,5 43 44 47,1,1663,,165374,40,0,7 43 44 47,1
3101,'20260714',710,,165377,32,0,37 43 44 47,1,20,,165378,32,0,37 43 44 47,1,21,,165379,42,0,43 44 47,1,64,,165380,32,0,37 43 44 47,1,35,,165381,40,0,5 43 44 47,1,100,,165382,40,0,5 43 44 47,1,1663,,165386,40,0,7 43 44 47,1
3101,'20260715',710,,165389,32,0,37 43 44 47,1,20,,165390,32,0,37 43 44 47,1,21,,165391,42,0,43 44 47,1,64,,165392,32,0,37 43 44 47,1,35,,165393,40,0,5 43 44 47,1,100,,165394,40,0,5 43 44 47,1,1663,,165398,40,0,7 43 44 47,1
3101,'20260716',710,,165401,32,0,37 43 44 47,1,20,,165402,32,0,37 43 44 47,1,21,,165403,42,0,43 44 47,1,64,,165404,32,0,37 43 44 47,1,35,,165405,40,0,5 43 44 47,1,100,,165406,40,0,5 43 44 47,1,1663,,165410,40,0,7 43 44 47,1
3101,'20260717',710,,165413,32,0,37 43 44 47,1,20,,165414,32,0,37 43 44 47,1,21,,165415,42,0,43 44 47,1,64,,165416,32,0,37 43 44 47,1,35,,165417,40,0,5 43 44 47,1,100,,165418,40,0,5 43 44 47,1,1663,,165422,40,0,7 43 44 47,1
3101,'20260718',927,,165425,40,0,7 43 44 47,1
3101,'20260719',927,,165433,40,0,7 43 44 47,1
3101,'20260720',710,,165439,32,0,37 43 44 47,1,20,,165440,32,0,37 43 44 47,1,21,,165441,42,0,43 44 47,1,64,,165442,32,0,37 43 44 47,1,35,,165443,40,0,5 43 44 47,1,100,,165444,40,0,5 43 44 47,1,1663,,165448,40,0,7 43 44 47,1
3101,'20260721',710,,165451,32,0,37 43 44 47,1,20,,165452,32,0,37 43 44 47,1,21,,165453,42,0,43 44 47,1,64,,165454,32,0,37 43 44 47,1,35,,165455,40,0,5 43 44 47,1,100,,165456,40,0,5 43 44 47,1,1663,,165460,40,0,7 43 44 47,1
3101,'20260722',710,,165463,32,0,37 43 44 47,1,20,,165464,32,0,37 43 44 47,1,21,,165465,42,0,43 44 47,1,64,,165466,32,0,37 43 44 47,1,35,,165467,40,0,5 43 44 47,1,100,,165468,40,0,5 43 44 47,1,1663,,165472,40,0,7 43 44 47,1
3101,'20260723',710,,165475,32,0,37 43 44 47,1,20,,165476,32,0,37 43 44 47,1,21,,165477,42,0,43 44 47,1,64,,165478,32,0,37 43 44 47,1,35,,165479,40,0,5 43 44 47,1,100,,165480,40,0,5 43 44 47,1,1663,,165484,40,0,7 43 44 47,1
3101,'20260724',710,,165487,32,0,37 43 44 47,1,20,,165488,32,0,37 43 44 47,1,21,,165489,42,0,43 44 47,1,64,,165490,32,0,37 43 44 47,1,35,,165491,40,0,5 43 44 47,1,100,,165492,40,0,5 43 44 47,1,1663,,165496,40,0,7 43 44 47,1
3101,'20260725',927,,165499,40,0,7 43 44 47,1
3101,'20260726',927,,165507,40,0,7 43 44 47,1
3101,'20260727',710,,165513,32,0,37 43 44 47,1,20,,165514,32,0,37 43 44 47,1,21,,165515,42,0,43 44 47,1,64,,165516,32,0,37 43 44 47,1,35,,165517,40,0,5 43 44 47,1,100,,165518,40,0,5 43 44 47,1,1663,,165522,40,0,7 43 44 47,1
3101,'20260728',710,,165525,32,0,37 43 44 47,1,20,,165526,32,0,37 43 44 47,1,21,,165527,42,0,43 44 47,1,64,,165528,32,0,37 43 44 47,1,35,,165529,40,0,5 43 44 47,1,100,,165530,40,0,5 43 44 47,1,1663,,165534,40,0,7 43 44 47,1
3101,'20260729',710,,165537,32,0,37 43 44 47,1,20,,165538,32,0,37 43 44 47,1,21,,165539,42,0,43 44 47,1,64,,165540,32,0,37 43 44 47,1,35,,165541,40,0,5 43 44 47,1,100,,165542,40,0,5 43 44 47,1,1663,,165546,40,0,7 43 44 47,1
3101,'20260730',710,,165549,32,0,37 43 44 47,1,20,,165550,32,0,37 43 44 47,1,21,,165551,42,0,43 44 47,1,64,,165552,32,0,37 43 44 47,1,35,,165553,40,0,5 43 44 47,1,100,,165554,40,0,5 43 44 47,1,1663,,165558,40,0,7 43 44 47,1
3101,'20260731',710,,165561,32,0,37 43 44 47,1,20,,165562,32,0,37 43 44 47,1,21,,165563,42,0,43 44 47,1,64,,165564,32,0,37 43 44 47,1,35,,165565,40,0,5 43 44 47,1,100,,165566,40,0,5 43 44 47,1,1663,,165570,40,0,7 43 44 47,1
3101,'20260801',927,,165573,40,0,7 43 44 47,1
3101,'20260802',927,,165581,40,0,7 43 44 47,1
3101,'20260803',927,,165587,40,0,7 43 44 47,1
3101,'20260804',710,,165595,32,0,37 43 44 47,1,20,,165596,32,0,37 43 44 47,1,21,,165597,42,0,43 44 47,1,64,,165598,32,0,37 43 44 47,1,35,,165599,40,0,5 43 44 47,1,100,,165600,40,0,5 43 44 47,1,1663,,165604,40,0,7 43 44 47,1
3101,'20260805',710,,165607,32,0,37 43 44 47,1,20,,165608,32,0,37 43 44 47,1,21,,165609,42,0,43 44 47,1,64,,165610,32,0,37 43 44 47,1,35,,165611,40,0,5 43 44 47,1,100,,165612,40,0,5 43 44 47,1,1663,,165616,40,0,7 43 44 47,1
3101,'20260806',710,,165619,32,0,37 43 44 47,1,20,,165620,32,0,37 43 44 47,1,21,,165621,42,0,43 44 47,1,64,,165622,32,0,37 43 44 47,1,35,,165623,40,0,5 43 44 47,1,100,,165624,40,0,5 43 44 47,1,1663,,165628,40,0,7 43 44 47,1
3101,'20260807',710,,165631,32,0,37 43 44 47,1,20,,165632,32,0,37 43 44 47,1,21,,165633,42,0,43 44 47,1,64,,165634,32,0,37 43 44 47,1,35,,165635,40,0,5 43 44 47,1,100,,165636,40,0,5 43 44 47,1,1663,,165640,40,0,7 43 44 47,1
3101,'20260808',927,,165643,40,0,7 43 44 47,1
3101,'20260809',927,,165651,40,0,7 43 44 47,1
3101,'20260810',710,,165657,32,0,37 43 44 47,1,20,,165658,32,0,37 43 44 47,1,21,,165659,42,0,43 44 47,1,64,,165660,32,0,37 43 44 47,1,35,,165661,40,0,5 43 44 47,1,100,,165662,40,0,5 43 44 47,1,1663,,165666,40,0,7 43 44 47,1
3101,'20260811',710,,165669,32,0,37 43 44 47,1,20,,165670,32,0,37 43 44 47,1,21,,165671,42,0,43 44 47,1,64,,165672,32,0,37 43 44 47,1,35,,165673,40,0,5 43 44 47,1,100,,165674,40,0,5 43 44 47,1,1663,,165678,40,0,7 43 44 47,1
3101,'20260812',710,,165681,32,0,37 43 44 47,1,20,,165682,32,0,37 43 44 47,1,21,,165683,42,0,43 44 47,1,64,,165684,32,0,37 43 44 47,1,35,,165685,40,0,5 43 44 47,1,100,,165686,40,0,5 43 44 47,1,1663,,165690,40,0,7 43 44 47,1
3101,'20260813',710,,165693,32,0,37 43 44 47,1,20,,165694,32,0,37 43 44 47,1,21,,165695,42,0,43 44 47,1,64,,165696,32,0,37 43 44 47,1,35,,165697,40,0,5 43 44 47,1,100,,165698,40,0,5 43 44 47,1,1663,,165702,40,0,7 43 44 47,1
3101,'20260814',710,,165705,32,0,37 43 44 47,1,20,,165706,32,0,37 43 44 47,1,21,,165707,42,0,43 44 47,1,64,,165708,32,0,37 43 44 47,1,35,,165709,40,0,5 43 44 47,1,100,,165710,40,0,5 43 44 47,1,1663,,165714,40,0,7 43 44 47,1
3101,'20260815',927,,165717,40,0,7 43 44 47,1
3101,'20260816',927,,165725,40,0,7 43 44 47,1
3101,'20260817',710,,165731,32,0,37 43 44 47,1,20,,165732,32,0,37 43 44 47,1,21,,165733,42,0,43 44 47,1,64,,165734,32,0,37 43 44 47,1,35,,165735,40,0,5 43 44 47,1,100,,165736,40,0,5 43 44 47,1,1663,,165740,40,0,7 43 44 47,1
3101,'20260818',710,,165743,32,0,37 43 44 47,1,20,,165744,32,0,37 43 44 47,1,21,,165745,42,0,43 44 47,1,64,,165746,32,0,37 43 44 47,1,35,,165747,40,0,5 43 44 47,1,100,,165748,40,0,5 43 44 47,1,1663,,165752,40,0,7 43 44 47,1
3101,'20260819',710,,165755,32,0,37 43 44 47,1,20,,165756,32,0,37 43 44 47,1,21,,165757,42,0,43 44 47,1,64,,165758,32,0,37 43 44 47,1,35,,165759,40,0,5 43 44 47,1,100,,165760,40,0,5 43 44 47,1,1663,,165764,40,0,7 43 44 47,1
3101,'20260820',710,,165767,32,0,37 43 44 47,1,20,,165768,32,0,37 43 44 47,1,21,,165769,42,0,43 44 47,1,64,,165770,32,0,37 43 44 47,1,35,,165771,40,0,5 43 44 47,1,100,,165772,40,0,5 43 44 47,1,1663,,165776,40,0,7 43 44 47,1
3101,'20260821',710,,165779,32,0,37 43 44 47,1,20,,165780,32,0,37 43 44 47,1,21,,165781,42,0,43 44 47,1,64,,165782,32,0,37 43 44 47,1,35,,165783,40,0,5 43 44 47,1,100,,165784,40,0,5 43 44 47,1,1663,,165788,40,0,7 43 44 47,1
3101,'20260822',927,,165791,40,0,7 43 44 47,1
3101,'20260823',927,,165799,40,0,7 43 44 47,1
3101,'20260824',710,,165805,32,0,37 43 44 47,1,20,,165806,32,0,37 43 44 47,1,21,,165807,42,0,43 44 47,1,64,,165808,32,0,37 43 44 47,1,35,,165809,40,0,5 43 44 47,1,100,,165810,40,0,5 43 44 47,1,1663,,165814,40,0,7 43 44 47,1
3101,'20260825',710,,165817,32,0,37 43 44 47,1,20,,165818,32,0,37 43 44 47,1,21,,165819,42,0,43 44 47,1,64,,165820,32,0,37 43 44 47,1,35,,165821,40,0,5 43 44 47,1,100,,165822,40,0,5 43 44 47,1,1663,,165826,40,0,7 43 44 47,1
3101,'20260826',710,,165829,32,0,37 43 44 47,1,20,,165830,32,0,37 43 44 47,1,21,,165831,42,0,43 44 47,1,64,,165832,32,0,37 43 44 47,1,35,,165833,40,0,5 43 44 47,1,100,,165834,40,0,5 43 44 47,1,1663,,165838,40,0,7 43 44 47,1
3101,'20260827',710,,165841,32,0,37 43 44 47,1,20,,165842,32,0,37 43 44 47,1,21,,165843,42,0,43 44 47,1,64,,165844,32,0,37 43 44 47,1,35,,165845,40,0,5 43 44 47,1,100,,165846,40,0,5 43 44 47,1,1663,,165850,40,0,7 43 44 47,1
3101,'20260828',710,,165853,32,0,37 43 44 47,1,20,,165854,32,0,37 43 44 47,1,21,,165855,42,0,43 44 47,1,64,,165856,32,0,37 43 44 47,1,35,,165857,40,0,5 43 44 47,1,100,,165858,40,0,5 43 44 47,1,1663,,165862,40,0,7 43 44 47,1
3101,'20260829',927,,165865,40,0,7 43 44 47,1
3101,'20260830',927,,165873,40,0,7 43 44 47,1
3101,'20260831',710,,165879,32,0,37 43 44 47,1,20,,165880,32,0,37 43 44 47,1,21,,165881,42,0,43 44 47,1,64,,165882,32,0,37 43 44 47,1,35,,165883,40,0,5 43 44 47,1,100,,165884,40,0,5 43 44 47,1,1663,,165888,40,0,7 43 44 47,1
3101,'20260901',710,,165891,32,0,37 43 44 47,1,20,,165892,32,0,37 43 44 47,1,21,,165893,42,0,43 44 47,1,64,,165894,32,0,37 43 44 47,1,35,,165895,40,0,5 43 44 47,1,100,,165896,40,0,5 43 44 47,1,1663,,165900,40,0,7 43 44 47,1
3101,'20260902',710,,165903,32,0,37 43 44 47,1,20,,165904,32,0,37 43 44 47,1,21,,165905,42,0,43 44 47,1,64,,165906,32,0,37 43 44 47,1,35,,165907,40,0,5 43 44 47,1,100,,165908,40,0,5 43 44 47,1,1663,,165912,40,0,7 43 44 47,1
3101,'20260903',710,,165915,32,0,37 43 44 47,1,20,,165916,32,0,37 43 44 47,1,21,,165917,42,0,43 44 47,1,64,,165918,32,0,37 43 44 47,1,35,,165919,40,0,5 43 44 47,1,100,,165920,40,0,5 43 44 47,1,1663,,165924,40,0,7 43 44 47,1
3101,'20260904',710,,165927,32,0,37 43 44 47,1,20,,165928,32,0,37 43 44 47,1,21,,165929,42,0,43 44 47,1,64,,165930,32,0,37 43 44 47,1,35,,165931,40,0,5 43 44 47,1,100,,165932,40,0,5 43 44 47,1,1663,,165936,40,0,7 43 44 47,1
3301,'20260508',1028,,90551,44,,,1,100,,90552,44,,,1,100,,90553,44,,,1,102,,90554,44,,,1,108,,90555,44,,,1,105,,90556,44,,,1,100,,90558,44,,,1,112,,90561,44,,,1,93,,90563,44,,,1,191,,90570,44,,,1,185,,90574,44,,,1,189,,90578,44,,,1
3301,'20260509',1125,,90582,44,,,1,205,,90584,44,,,1,197,,90586,44,,,1,200,,90588,44,,,1,196,,90589,44,,,1,200,,90590,44,,,1,200,,90591,44,,,1,199,,90592,44,,,1
3301,'20260510',1125,,90594,44,,,1,205,,90596,44,,,1,197,,90598,44,,,1,200,,90600,44,,,1,196,,90601,44,,,1,200,,90602,44,,,1,200,,90603,44,,,1,199,,90604,44,,,1
3301,'20260511',1028,,90607,44,,,1,100,,90608,44,,,1,100,,90609,44,,,1,102,,90610,44,,,1,108,,90611,44,,,1,105,,90612,44,,,1,100,,90614,44,,,1,112,,90617,44,,,1,93,,90619,44,,,1,191,,90626,44,,,1,185,,90630,44,,,1,189,,90634,44,,,1
3301,'20260512',1028,,90639,44,,,1,100,,90640,44,,,1,100,,90641,44,,,1,102,,90642,44,,,1,108,,90643,44,,,1,105,,90644,44,,,1,100,,90646,44,,,1,112,,90649,44,,,1,93,,90651,44,,,1,191,,90658,44,,,1,185,,90662,44,,,1,189,,90666,44,,,1
3301,'20260513',1028,,90671,44,,,1,100,,90672,44,,,1,100,,90673,44,,,1,102,,90674,44,,,1,108,,90675,44,,,1,105,,90676,44,,,1,100,,90678,44,,,1,112,,90681,44,,,1,93,,90683,44,,,1,191,,90690,44,,,1,185,,90694,44,,,1,189,,90698,44,,,1
3301,'20260514',1028,,90703,44,,,1,100,,90704,44,,,1,100,,90705,44,,,1,102,,90706,44,,,1,108,,90707,44,,,1,105,,90708,44,,,1,100,,90710,44,,,1,112,,90713,44,,,1,93,,90715,44,,,1,191,,90722,44,,,1,185,,90726,44,,,1,189,,90730,44,,,1
3301,'20260515',1028,,90735,44,,,1,100,,90736,44,,,1,100,,90737,44,,,1,102,,90738,44,,,1,108,,90739,44,,,1,105,,90740,44,,,1,100,,90742,44,,,1,112,,90745,44,,,1,93,,90747,44,,,1,191,,90754,44,,,1,185,,90758,44,,,1,189,,90762,44,,,1
3301,'20260516',1125,,90766,44,,,1,205,,90768,44,,,1,197,,90770,44,,,1,200,,90772,44,,,1,196,,90773,44,,,1,200,,90774,44,,,1,200,,90775,44,,,1,199,,90776,44,,,1
3301,'20260517',1125,,90778,44,,,1,205,,90780,44,,,1,197,,90782,44,,,1,200,,90784,44,,,1,196,,90785,44,,,1,200,,90786,44,,,1,200,,90787,44,,,1,199,,90788,44,,,1
3301,'20260518',1125,,90790,44,,,1,205,,90792,44,,,1,197,,90794,44,,,1,200,,90796,44,,,1,196,,90797,44,,,1,200,,90798,44,,,1,200,,90799,44,,,1,199,,90800,44,,,1
3301,'20260519',1028,,90803,44,,,1,100,,90804,44,,,1,100,,90805,44,,,1,102,,90806,44,,,1,108,,90807,44,,,1,105,,90808,44,,,1,100,,90810,44,,,1,112,,90813,44,,,1,93,,90815,44,,,1,191,,90822,44,,,1,185,,90826,44,,,1,189,,90830,44,,,1
3301,'20260520',1028,,90835,44,,,1,100,,90836,44,,,1,100,,90837,44,,,1,102,,90838,44,,,1,108,,90839,44,,,1,105,,90840,44,,,1,100,,90842,44,,,1,112,,90845,44,,,1,93,,90847,44,,,1,191,,90854,44,,,1,185,,90858,44,,,1,189,,90862,44,,,1
3301,'20260521',1028,,90867,44,,,1,100,,90868,44,,,1,100,,90869,44,,,1,102,,90870,44,,,1,108,,90871,44,,,1,105,,90872,44,,,1,100,,90874,44,,,1,112,,90877,44,,,1,93,,90879,44,,,1,191,,90886,44,,,1,185,,90890,44,,,1,189,,90894,44,,,1
3301,'20260522',1028,,90899,44,,,1,100,,90900,44,,,1,100,,90901,44,,,1,102,,90902,44,,,1,108,,90903,44,,,1,105,,90904,44,,,1,100,,90906,44,,,1,112,,90909,44,,,1,93,,90911,44,,,1,191,,90918,44,,,1,185,,90922,44,,,1,189,,90926,44,,,1
3301,'20260523',1125,,90930,44,,,1,205,,90932,44,,,1,197,,90934,44,,,1,200,,90936,44,,,1,196,,90937,44,,,1,200,,90938,44,,,1,200,,90939,44,,,1,199,,90940,44,,,1
3301,'20260524',1125,,90942,44,,,1,205,,90944,44,,,1,197,,90946,44,,,1,200,,90948,44,,,1,196,,90949,44,,,1,200,,90950,44,,,1,200,,90951,44,,,1,199,,90952,44,,,1
3301,'20260525',1028,,90955,44,,,1,100,,90956,44,,,1,100,,90957,44,,,1,102,,90958,44,,,1,108,,90959,44,,,1,105,,90960,44,,,1,100,,90962,44,,,1,112,,90965,44,,,1,93,,90967,44,,,1,191,,90974,44,,,1,185,,90978,44,,,1,189,,90982,44,,,1
3301,'20260526',1028,,90987,44,,,1,100,,90988,44,,,1,100,,90989,44,,,1,102,,90990,44,,,1,108,,90991,44,,,1,105,,90992,44,,,1,100,,90994,44,,,1,112,,90997,44,,,1,93,,90999,44,,,1,191,,91006,44,,,1,185,,91010,44,,,1,189,,91014,44,,,1
3301,'20260527',1028,,91019,44,,,1,100,,91020,44,,,1,100,,91021,44,,,1,102,,91022,44,,,1,108,,91023,44,,,1,105,,91024,44,,,1,100,,91026,44,,,1,112,,91029,44,,,1,93,,91031,44,,,1,191,,91038,44,,,1,185,,91042,44,,,1,189,,91046,44,,,1
3301,'20260528',1028,,91051,44,,,1,100,,91052,44,,,1,100,,91053,44,,,1,102,,91054,44,,,1,108,,91055,44,,,1,105,,91056,44,,,1,100,,91058,44,,,1,112,,91061,44,,,1,93,,91063,44,,,1,191,,91070,44,,,1,185,,91074,44,,,1,189,,91078,44,,,1
3301,'20260529',1028,,91083,44,,,1,100,,91084,44,,,1,100,,91085,44,,,1,102,,91086,44,,,1,108,,91087,44,,,1,105,,91088,44,,,1,100,,91090,44,,,1,112,,91093,44,,,1,93,,91095,44,,,1,191,,91102,44,,,1,185,,91106,44,,,1,189,,91110,44,,,1
3301,'20260530',1125,,91114,44,,,1,205,,91116,44,,,1,197,,91118,44,,,1,200,,91120,44,,,1,196,,91121,44,,,1,200,,91122,44,,,1,200,,91123,44,,,1,199,,91124,44,,,1
3301,'20260531',1125,,91126,44,,,1,205,,91128,44,,,1,197,,91130,44,,,1,200,,91132,44,,,1,196,,91133,44,,,1,200,,91134,44,,,1,200,,91135,44,,,1,199,,91136,44,,,1
3301,'20260601',1028,,91139,44,,,1,100,,91140,44,,,1,100,,91141,44,,,1,102,,91142,44,,,1,108,,91143,44,,,1,105,,91144,44,,,1,100,,91146,44,,,1,112,,91149,44,,,1,93,,91151,44,,,1,191,,91158,44,,,1,185,,91162,44,,,1,189,,91166,44,,,1
3301,'20260602',1028,,91171,44,,,1,100,,91172,44,,,1,100,,91173,44,,,1,102,,91174,44,,,1,108,,91175,44,,,1,105,,91176,44,,,1,100,,91178,44,,,1,112,,91181,44,,,1,93,,91183,44,,,1,191,,91190,44,,,1,185,,91194,44,,,1,189,,91198,44,,,1
3301,'20260603',1028,,91203,44,,,1,100,,91204,44,,,1,100,,91205,44,,,1,102,,91206,44,,,1,108,,91207,44,,,1,105,,91208,44,,,1,100,,91210,44,,,1,112,,91213,44,,,1,93,,91215,44,,,1,191,,91222,44,,,1,185,,91226,44,,,1,189,,91230,44,,,1
3301,'20260604',1028,,91235,44,,,1,100,,91236,44,,,1,100,,91237,44,,,1,102,,91238,44,,,1,108,,91239,44,,,1,105,,91240,44,,,1,100,,91242,44,,,1,112,,91245,44,,,1,93,,91247,44,,,1,191,,91254,44,,,1,185,,91258,44,,,1,189,,91262,44,,,1
3301,'20260605',1028,,91267,44,,,1,100,,91268,44,,,1,100,,91269,44,,,1,102,,91270,44,,,1,108,,91271,44,,,1,105,,91272,44,,,1,100,,91274,44,,,1,112,,91277,44,,,1,93,,91279,44,,,1,191,,91286,44,,,1,185,,91290,44,,,1,189,,91294,44,,,1
3301,'20260606',1125,,91298,44,,,1,205,,91300,44,,,1,197,,91302,44,,,1,200,,91304,44,,,1,196,,91305,44,,,1,200,,91306,44,,,1,200,,91307,44,,,1,199,,91308,44,,,1
3301,'20260607',1125,,91310,44,,,1,205,,91312,44,,,1,197,,91314,44,,,1,200,,91316,44,,,1,196,,91317,44,,,1,200,,91318,44,,,1,200,,91319,44,,,1,199,,91320,44,,,1
3301,'20260608',1028,,91323,44,,,1,100,,91324,44,,,1,100,,91325,44,,,1,102,,91326,44,,,1,108,,91327,44,,,1,105,,91328,44,,,1,100,,91330,44,,,1,112,,91333,44,,,1,93,,91335,44,,,1,191,,91342,44,,,1,185,,91346,44,,,1,189,,91350,44,,,1
3301,'20260609',1028,,91355,44,,,1,100,,91356,44,,,1,100,,91357,44,,,1,102,,91358,44,,,1,108,,91359,44,,,1,105,,91360,44,,,1,100,,91362,44,,,1,112,,91365,44,,,1,93,,91367,44,,,1,191,,91374,44,,,1,185,,91378,44,,,1,189,,91382,44,,,1
3301,'20260610',1028,,91387,44,,,1,100,,91388,44,,,1,100,,91389,44,,,1,102,,91390,44,,,1,108,,91391,44,,,1,105,,91392,44,,,1,100,,91394,44,,,1,112,,91397,44,,,1,93,,91399,44,,,1,191,,91406,44,,,1,185,,91410,44,,,1,189,,91414,44,,,1
3301,'20260611',1028,,91419,44,,,1,100,,91420,44,,,1,100,,91421,44,,,1,102,,91422,44,,,1,108,,91423,44,,,1,105,,91424,44,,,1,100,,91426,44,,,1,112,,91429,44,,,1,93,,91431,44,,,1,191,,91438,44,,,1,185,,91442,44,,,1,189,,91446,44,,,1
3301,'20260612',1028,,91451,44,,,1,100,,91452,44,,,1,100,,91453,44,,,1,102,,91454,44,,,1,108,,91455,44,,,1,105,,91456,44,,,1,100,,91458,44,,,1,112,,91461,44,,,1,93,,91463,44,,,1,191,,91470,44,,,1,185,,91474,44,,,1,189,,91478,44,,,1
3301,'20260613',1125,,170576,44,,,1,205,,170578,44,,,1,197,,170580,44,,,1,200,,170582,44,,,1,196,,170583,44,,,1,200,,170584,44,,,1,200,,170585,44,,,1,199,,170586,44,,,1
3301,'20260614',1125,,170588,44,,,1,205,,170590,44,,,1,197,,170592,44,,,1,200,,170594,44,,,1,196,,170595,44,,,1,200,,170596,44,,,1,200,,170597,44,,,1,199,,170598,44,,,1
3301,'20260615',1028,,170601,44,,,1,100,,170602,44,,,1,100,,170603,44,,,1,102,,170604,44,,,1,108,,170605,44,,,1,105,,170606,44,,,1,100,,170608,44,,,1,112,,170611,44,,,1,93,,170613,44,,,1,191,,170620,44,,,1,185,,170624,44,,,1,189,,170628,44,,,1
3301,'20260616',1028,,170633,44,,,1,100,,170634,44,,,1,100,,170635,44,,,1,102,,170636,44,,,1,108,,170637,44,,,1,105,,170638,44,,,1,100,,170640,44,,,1,112,,170643,44,,,1,93,,170645,44,,,1,191,,170652,44,,,1,185,,170656,44,,,1,189,,170660,44,,,1
3301,'20260617',1028,,170665,44,,,1,100,,170666,44,,,1,100,,170667,44,,,1,102,,170668,44,,,1,108,,170669,44,,,1,105,,170670,44,,,1,100,,170672,44,,,1,112,,170675,44,,,1,93,,170677,44,,,1,191,,170684,44,,,1,185,,170688,44,,,1,189,,170692,44,,,1
3301,'20260618',1028,,170697,44,,,1,100,,170698,44,,,1,100,,170699,44,,,1,102,,170700,44,,,1,108,,170701,44,,,1,105,,170702,44,,,1,100,,170704,44,,,1,112,,170707,44,,,1,93,,170709,44,,,1,191,,170716,44,,,1,185,,170720,44,,,1,189,,170724,44,,,1
3301,'20260619',1028,,170729,44,,,1,100,,170730,44,,,1,100,,170731,44,,,1,102,,170732,44,,,1,108,,170733,44,,,1,105,,170734,44,,,1,100,,170736,44,,,1,112,,170739,44,,,1,93,,170741,44,,,1,191,,170748,44,,,1,185,,170752,44,,,1,189,,170756,44,,,1
3301,'20260620',1125,,170760,44,,,1,205,,170762,44,,,1,197,,170764,44,,,1,200,,170766,44,,,1,196,,170767,44,,,1,200,,170768,44,,,1,200,,170769,44,,,1,199,,170770,44,,,1
3301,'20260621',1125,,170772,44,,,1,205,,170774,44,,,1,197,,170776,44,,,1,200,,170778,44,,,1,196,,170779,44,,,1,200,,170780,44,,,1,200,,170781,44,,,1,199,,170782,44,,,1
3301,'20260622',1028,,170785,44,,,1,100,,170786,44,,,1,100,,170787,44,,,1,102,,170788,44,,,1,108,,170789,44,,,1,105,,170790,44,,,1,100,,170792,44,,,1,112,,170795,44,,,1,93,,170797,44,,,1,191,,170804,44,,,1,185,,170808,44,,,1,189,,170812,44,,,1
3301,'20260623',1028,,170817,44,,,1,100,,170818,44,,,1,100,,170819,44,,,1,102,,170820,44,,,1,108,,170821,44,,,1,105,,170822,44,,,1,100,,170824,44,,,1,112,,170827,44,,,1,93,,170829,44,,,1,191,,170836,44,,,1,185,,170840,44,,,1,189,,170844,44,,,1
3301,'20260624',1028,,170849,44,,,1,100,,170850,44,,,1,100,,170851,44,,,1,102,,170852,44,,,1,108,,170853,44,,,1,105,,170854,44,,,1,100,,170856,44,,,1,112,,170859,44,,,1,93,,170861,44,,,1,191,,170868,44,,,1,185,,170872,44,,,1,189,,170876,44,,,1
3301,'20260625',1028,,170881,44,,,1,100,,170882,44,,,1,100,,170883,44,,,1,102,,170884,44,,,1,108,,170885,44,,,1,105,,170886,44,,,1,100,,170888,44,,,1,112,,170891,44,,,1,93,,170893,44,,,1,191,,170900,44,,,1,185,,170904,44,,,1,189,,170908,44,,,1
3301,'20260626',1028,,170913,44,,,1,100,,170914,44,,,1,100,,170915,44,,,1,102,,170916,44,,,1,108,,170917,44,,,1,105,,170918,44,,,1,100,,170920,44,,,1,112,,170923,44,,,1,93,,170925,44,,,1,191,,170932,44,,,1,185,,170936,44,,,1,189,,170940,44,,,1
3301,'20260627',1125,,170944,44,,,1,205,,170946,44,,,1,197,,170948,44,,,1,200,,170950,44,,,1,196,,170951,44,,,1,200,,170952,44,,,1,200,,170953,44,,,1,199,,170954,44,,,1
3301,'20260628',1125,,170956,44,,,1,205,,170958,44,,,1,197,,170960,44,,,1,200,,170962,44,,,1,196,,170963,44,,,1,200,,170964,44,,,1,200,,170965,44,,,1,199,,170966,44,,,1
3301,'20260629',1028,,170969,44,,,1,100,,170970,44,,,1,100,,170971,44,,,1,102,,170972,44,,,1,108,,170973,44,,,1,105,,170974,44,,,1,100,,170976,44,,,1,112,,170979,44,,,1,93,,170981,44,,,1,191,,170988,44,,,1,185,,170992,44,,,1,189,,170996,44,,,1
3301,'20260630',1028,,171001,44,,,1,100,,171002,44,,,1,100,,171003,44,,,1,102,,171004,44,,,1,108,,171005,44,,,1,105,,171006,44,,,1,100,,171008,44,,,1,112,,171011,44,,,1,93,,171013,44,,,1,191,,171020,44,,,1,185,,171024,44,,,1,189,,171028,44,,,1
3301,'20260701',1125,,171032,44,,,1,205,,171034,44,,,1,197,,171036,44,,,1,200,,171038,44,,,1,196,,171039,44,,,1,200,,171040,44,,,1,200,,171041,44,,,1,199,,171042,44,,,1
3301,'20260702',1028,,171045,44,,,1,100,,171046,44,,,1,100,,171047,44,,,1,102,,171048,44,,,1,108,,171049,44,,,1,105,,171050,44,,,1,100,,171052,44,,,1,112,,171055,44,,,1,93,,171057,44,,,1,191,,171064,44,,,1,185,,171068,44,,,1,189,,171072,44,,,1
3301,'20260703',1028,,171077,44,,,1,100,,171078,44,,,1,100,,171079,44,,,1,102,,171080,44,,,1,108,,171081,44,,,1,105,,171082,44,,,1,100,,171084,44,,,1,112,,171087,44,,,1,93,,171089,44,,,1,191,,171096,44,,,1,185,,171100,44,,,1,189,,171104,44,,,1
3301,'20260704',1125,,171108,44,,,1,205,,171110,44,,,1,197,,171112,44,,,1,200,,171114,44,,,1,196,,171115,44,,,1,200,,171116,44,,,1,200,,171117,44,,,1,199,,171118,44,,,1
3301,'20260705',1125,,171120,44,,,1,205,,171122,44,,,1,197,,171124,44,,,1,200,,171126,44,,,1,196,,171127,44,,,1,200,,171128,44,,,1,200,,171129,44,,,1,199,,171130,44,,,1
3301,'20260706',1028,,171133,44,,,1,100,,171134,44,,,1,100,,171135,44,,,1,102,,171136,44,,,1,108,,171137,44,,,1,105,,171138,44,,,1,100,,171140,44,,,1,112,,171143,44,,,1,93,,171145,44,,,1,191,,171152,44,,,1,185,,171156,44,,,1,189,,171160,44,,,1
3301,'20260707',1028,,171165,44,,,1,100,,171166,44,,,1,100,,171167,44,,,1,102,,171168,44,,,1,108,,171169,44,,,1,105,,171170,44,,,1,100,,171172,44,,,1,112,,171175,44,,,1,93,,171177,44,,,1,191,,171184,44,,,1,185,,171188,44,,,1,189,,171192,44,,,1
3301,'20260708',1028,,171197,44,,,1,100,,171198,44,,,1,100,,171199,44,,,1,102,,171200,44,,,1,108,,171201,44,,,1,105,,171202,44,,,1,100,,171204,44,,,1,112,,171207,44,,,1,93,,171209,44,,,1,191,,171216,44,,,1,185,,171220,44,,,1,189,,171224,44,,,1
3301,'20260709',1028,,171229,44,,,1,100,,171230,44,,,1,100,,171231,44,,,1,102,,171232,44,,,1,108,,171233,44,,,1,105,,171234,44,,,1,100,,171236,44,,,1,112,,171239,44,,,1,93,,171241,44,,,1,191,,171248,44,,,1,185,,171252,44,,,1,189,,171256,44,,,1
3301,'20260710',1028,,171261,44,,,1,100,,171262,44,,,1,100,,171263,44,,,1,102,,171264,44,,,1,108,,171265,44,,,1,105,,171266,44,,,1,100,,171268,44,,,1,112,,171271,44,,,1,93,,171273,44,,,1,191,,171280,44,,,1,185,,171284,44,,,1,189,,171288,44,,,1
3301,'20260711',1125,,171292,44,,,1,205,,171294,44,,,1,197,,171296,44,,,1,200,,171298,44,,,1,196,,171299,44,,,1,200,,171300,44,,,1,200,,171301,44,,,1,199,,171302,44,,,1
3301,'20260712',1125,,171304,44,,,1,205,,171306,44,,,1,197,,171308,44,,,1,200,,171310,44,,,1,196,,171311,44,,,1,200,,171312,44,,,1,200,,171313,44,,,1,199,,171314,44,,,1
3301,'20260713',1028,,171317,44,,,1,100,,171318,44,,,1,100,,171319,44,,,1,102,,171320,44,,,1,108,,171321,44,,,1,105,,171322,44,,,1,100,,171324,44,,,1,112,,171327,44,,,1,93,,171329,44,,,1,191,,171336,44,,,1,185,,171340,44,,,1,189,,171344,44,,,1
3301,'20260714',1028,,171349,44,,,1,100,,171350,44,,,1,100,,171351,44,,,1,102,,171352,44,,,1,108,,171353,44,,,1,105,,171354,44,,,1,100,,171356,44,,,1,112,,171359,44,,,1,93,,171361,44,,,1,191,,171368,44,,,1,185,,171372,44,,,1,189,,171376,44,,,1
3301,'20260715',1028,,171381,44,,,1,100,,171382,44,,,1,100,,171383,44,,,1,102,,171384,44,,,1,108,,171385,44,,,1,105,,171386,44,,,1,100,,171388,44,,,1,112,,171391,44,,,1,93,,171393,44,,,1,191,,171400,44,,,1,185,,171404,44,,,1,189,,171408,44,,,1
3301,'20260716',1028,,171413,44,,,1,100,,171414,44,,,1,100,,171415,44,,,1,102,,171416,44,,,1,108,,171417,44,,,1,105,,171418,44,,,1,100,,171420,44,,,1,112,,171423,44,,,1,93,,171425,44,,,1,191,,171432,44,,,1,185,,171436,44,,,1,189,,171440,44,,,1
3301,'20260717',1028,,171445,44,,,1,100,,171446,44,,,1,100,,171447,44,,,1,102,,171448,44,,,1,108,,171449,44,,,1,105,,171450,44,,,1,100,,171452,44,,,1,112,,171455,44,,,1,93,,171457,44,,,1,191,,171464,44,,,1,185,,171468,44,,,1,189,,171472,44,,,1
3301,'20260718',1125,,171476,44,,,1,205,,171478,44,,,1,197,,171480,44,,,1,200,,171482,44,,,1,196,,171483,44,,,1,200,,171484,44,,,1,200,,171485,44,,,1,199,,171486,44,,,1
3301,'20260719',1125,,171488,44,,,1,205,,171490,44,,,1,197,,171492,44,,,1,200,,171494,44,,,1,196,,171495,44,,,1,200,,171496,44,,,1,200,,171497,44,,,1,199,,171498,44,,,1
3301,'20260720',1028,,171501,44,,,1,100,,171502,44,,,1,100,,171503,44,,,1,102,,171504,44,,,1,108,,171505,44,,,1,105,,171506,44,,,1,100,,171508,44,,,1,112,,171511,44,,,1,93,,171513,44,,,1,191,,171520,44,,,1,185,,171524,44,,,1,189,,171528,44,,,1
3301,'20260721',1028,,171533,44,,,1,100,,171534,44,,,1,100,,171535,44,,,1,102,,171536,44,,,1,108,,171537,44,,,1,105,,171538,44,,,1,100,,171540,44,,,1,112,,171543,44,,,1,93,,171545,44,,,1,191,,171552,44,,,1,185,,171556,44,,,1,189,,171560,44,,,1
3301,'20260722',1028,,171565,44,,,1,100,,171566,44,,,1,100,,171567,44,,,1,102,,171568,44,,,1,108,,171569,44,,,1,105,,171570,44,,,1,100,,171572,44,,,1,112,,171575,44,,,1,93,,171577,44,,,1,191,,171584,44,,,1,185,,171588,44,,,1,189,,171592,44,,,1
3301,'20260723',1028,,171597,44,,,1,100,,171598,44,,,1,100,,171599,44,,,1,102,,171600,44,,,1,108,,171601,44,,,1,105,,171602,44,,,1,100,,171604,44,,,1,112,,171607,44,,,1,93,,171609,44,,,1,191,,171616,44,,,1,185,,171620,44,,,1,189,,171624,44,,,1
3301,'20260724',1028,,171629,44,,,1,100,,171630,44,,,1,100,,171631,44,,,1,102,,171632,44,,,1,108,,171633,44,,,1,105,,171634,44,,,1,100,,171636,44,,,1,112,,171639,44,,,1,93,,171641,44,,,1,191,,171648,44,,,1,185,,171652,44,,,1,189,,171656,44,,,1
3301,'20260725',1125,,171660,44,,,1,205,,171662,44,,,1,197,,171664,44,,,1,200,,171666,44,,,1,196,,171667,44,,,1,200,,171668,44,,,1,200,,171669,44,,,1,199,,171670,44,,,1
3301,'20260726',1125,,171672,44,,,1,205,,171674,44,,,1,197,,171676,44,,,1,200,,171678,44,,,1,196,,171679,44,,,1,200,,171680,44,,,1,200,,171681,44,,,1,199,,171682,44,,,1
3301,'20260727',1028,,171685,44,,,1,100,,171686,44,,,1,100,,171687,44,,,1,102,,171688,44,,,1,108,,171689,44,,,1,105,,171690,44,,,1,100,,171692,44,,,1,112,,171695,44,,,1,93,,171697,44,,,1,191,,171704,44,,,1,185,,171708,44,,,1,189,,171712,44,,,1
3301,'20260728',1028,,171717,44,,,1,100,,171718,44,,,1,100,,171719,44,,,1,102,,171720,44,,,1,108,,171721,44,,,1,105,,171722,44,,,1,100,,171724,44,,,1,112,,171727,44,,,1,93,,171729,44,,,1,191,,171736,44,,,1,185,,171740,44,,,1,189,,171744,44,,,1
3301,'20260729',1028,,171749,44,,,1,100,,171750,44,,,1,100,,171751,44,,,1,102,,171752,44,,,1,108,,171753,44,,,1,105,,171754,44,,,1,100,,171756,44,,,1,112,,171759,44,,,1,93,,171761,44,,,1,191,,171768,44,,,1,185,,171772,44,,,1,189,,171776,44,,,1
3301,'20260730',1028,,171781,44,,,1,100,,171782,44,,,1,100,,171783,44,,,1,102,,171784,44,,,1,108,,171785,44,,,1,105,,171786,44,,,1,100,,171788,44,,,1,112,,171791,44,,,1,93,,171793,44,,,1,191,,171800,44,,,1,185,,171804,44,,,1,189,,171808,44,,,1
3301,'20260731',1028,,171813,44,,,1,100,,171814,44,,,1,100,,171815,44,,,1,102,,171816,44,,,1,108,,171817,44,,,1,105,,171818,44,,,1,100,,171820,44,,,1,112,,171823,44,,,1,93,,171825,44,,,1,191,,171832,44,,,1,185,,171836,44,,,1,189,,171840,44,,,1
3301,'20260801',1125,,171844,44,,,1,205,,171846,44,,,1,197,,171848,44,,,1,200,,171850,44,,,1,196,,171851,44,,,1,200,,171852,44,,,1,200,,171853,44,,,1,199,,171854,44,,,1
3301,'20260802',1125,,171856,44,,,1,205,,171858,44,,,1,197,,171860,44,,,1,200,,171862,44,,,1,196,,171863,44,,,1,200,,171864,44,,,1,200,,171865,44,,,1,199,,171866,44,,,1
3301,'20260803',1125,,171868,44,,,1,205,,171870,44,,,1,197,,171872,44,,,1,200,,171874,44,,,1,196,,171875,44,,,1,200,,171876,44,,,1,200,,171877,44,,,1,199,,171878,44,,,1
3301,'20260804',1028,,171881,44,,,1,100,,171882,44,,,1,100,,171883,44,,,1,102,,171884,44,,,1,108,,171885,44,,,1,105,,171886,44,,,1,100,,171888,44,,,1,112,,171891,44,,,1,93,,171893,44,,,1,191,,171900,44,,,1,185,,171904,44,,,1,189,,171908,44,,,1
3301,'20260805',1028,,171913,44,,,1,100,,171914,44,,,1,100,,171915,44,,,1,102,,171916,44,,,1,108,,171917,44,,,1,105,,171918,44,,,1,100,,171920,44,,,1,112,,171923,44,,,1,93,,171925,44,,,1,191,,171932,44,,,1,185,,171936,44,,,1,189,,171940,44,,,1
3301,'20260806',1028,,171945,44,,,1,100,,171946,44,,,1,100,,171947,44,,,1,102,,171948,44,,,1,108,,171949,44,,,1,105,,171950,44,,,1,100,,171952,44,,,1,112,,171955,44,,,1,93,,171957,44,,,1,191,,171964,44,,,1,185,,171968,44,,,1,189,,171972,44,,,1
3301,'20260807',1028,,171977,44,,,1,100,,171978,44,,,1,100,,171979,44,,,1,102,,171980,44,,,1,108,,171981,44,,,1,105,,171982,44,,,1,100,,171984,44,,,1,112,,171987,44,,,1,93,,171989,44,,,1,191,,171996,44,,,1,185,,172000,44,,,1,189,,172004,44,,,1
3301,'20260808',1125,,172008,44,,,1,205,,172010,44,,,1,197,,172012,44,,,1,200,,172014,44,,,1,196,,172015,44,,,1,200,,172016,44,,,1,200,,172017,44,,,1,199,,172018,44,,,1
3301,'20260809',1125,,172020,44,,,1,205,,172022,44,,,1,197,,172024,44,,,1,200,,172026,44,,,1,196,,172027,44,,,1,200,,172028,44,,,1,200,,172029,44,,,1,199,,172030,44,,,1
3301,'20260810',1028,,172033,44,,,1,100,,172034,44,,,1,100,,172035,44,,,1,102,,172036,44,,,1,108,,172037,44,,,1,105,,172038,44,,,1,100,,172040,44,,,1,112,,172043,44,,,1,93,,172045,44,,,1,191,,172052,44,,,1,185,,172056,44,,,1,189,,172060,44,,,1
3301,'20260811',1028,,172065,44,,,1,100,,172066,44,,,1,100,,172067,44,,,1,102,,172068,44,,,1,108,,172069,44,,,1,105,,172070,44,,,1,100,,172072,44,,,1,112,,172075,44,,,1,93,,172077,44,,,1,191,,172084,44,,,1,185,,172088,44,,,1,189,,172092,44,,,1
3301,'20260812',1028,,172097,44,,,1,100,,172098,44,,,1,100,,172099,44,,,1,102,,172100,44,,,1,108,,172101,44,,,1,105,,172102,44,,,1,100,,172104,44,,,1,112,,172107,44,,,1,93,,172109,44,,,1,191,,172116,44,,,1,185,,172120,44,,,1,189,,172124,44,,,1
3301,'20260813',1028,,172129,44,,,1,100,,172130,44,,,1,100,,172131,44,,,1,102,,172132,44,,,1,108,,172133,44,,,1,105,,172134,44,,,1,100,,172136,44,,,1,112,,172139,44,,,1,93,,172141,44,,,1,191,,172148,44,,,1,185,,172152,44,,,1,189,,172156,44,,,1
3301,'20260814',1028,,172161,44,,,1,100,,172162,44,,,1,100,,172163,44,,,1,102,,172164,44,,,1,108,,172165,44,,,1,105,,172166,44,,,1,100,,172168,44,,,1,112,,172171,44,,,1,93,,172173,44,,,1,191,,172180,44,,,1,185,,172184,44,,,1,189,,172188,44,,,1
3301,'20260815',1125,,172192,44,,,1,205,,172194,44,,,1,197,,172196,44,,,1,200,,172198,44,,,1,196,,172199,44,,,1,200,,172200,44,,,1,200,,172201,44,,,1,199,,172202,44,,,1
3301,'20260816',1125,,172204,44,,,1,205,,172206,44,,,1,197,,172208,44,,,1,200,,172210,44,,,1,196,,172211,44,,,1,200,,172212,44,,,1,200,,172213,44,,,1,199,,172214,44,,,1
3301,'20260817',1028,,172217,44,,,1,100,,172218,44,,,1,100,,172219,44,,,1,102,,172220,44,,,1,108,,172221,44,,,1,105,,172222,44,,,1,100,,172224,44,,,1,112,,172227,44,,,1,93,,172229,44,,,1,191,,172236,44,,,1,185,,172240,44,,,1,189,,172244,44,,,1
3301,'20260818',1028,,172249,44,,,1,100,,172250,44,,,1,100,,172251,44,,,1,102,,172252,44,,,1,108,,172253,44,,,1,105,,172254,44,,,1,100,,172256,44,,,1,112,,172259,44,,,1,93,,172261,44,,,1,191,,172268,44,,,1,185,,172272,44,,,1,189,,172276,44,,,1
3301,'20260819',1028,,172281,44,,,1,100,,172282,44,,,1,100,,172283,44,,,1,102,,172284,44,,,1,108,,172285,44,,,1,105,,172286,44,,,1,100,,172288,44,,,1,112,,172291,44,,,1,93,,172293,44,,,1,191,,172300,44,,,1,185,,172304,44,,,1,189,,172308,44,,,1
3301,'20260820',1028,,172313,44,,,1,100,,172314,44,,,1,100,,172315,44,,,1,102,,172316,44,,,1,108,,172317,44,,,1,105,,172318,44,,,1,100,,172320,44,,,1,112,,172323,44,,,1,93,,172325,44,,,1,191,,172332,44,,,1,185,,172336,44,,,1,189,,172340,44,,,1
3301,'20260821',1028,,172345,44,,,1,100,,172346,44,,,1,100,,172347,44,,,1,102,,172348,44,,,1,108,,172349,44,,,1,105,,172350,44,,,1,100,,172352,44,,,1,112,,172355,44,,,1,93,,172357,44,,,1,191,,172364,44,,,1,185,,172368,44,,,1,189,,172372,44,,,1
3301,'20260822',1125,,172376,44,,,1,205,,172378,44,,,1,197,,172380,44,,,1,200,,172382,44,,,1,196,,172383,44,,,1,200,,172384,44,,,1,200,,172385,44,,,1,199,,172386,44,,,1
3301,'20260823',1125,,172388,44,,,1,205,,172390,44,,,1,197,,172392,44,,,1,200,,172394,44,,,1,196,,172395,44,,,1,200,,172396,44,,,1,200,,172397,44,,,1,199,,172398,44,,,1
3301,'20260824',1028,,172401,44,,,1,100,,172402,44,,,1,100,,172403,44,,,1,102,,172404,44,,,1,108,,172405,44,,,1,105,,172406,44,,,1,100,,172408,44,,,1,112,,172411,44,,,1,93,,172413,44,,,1,191,,172420,44,,,1,185,,172424,44,,,1,189,,172428,44,,,1
3301,'20260825',1028,,172433,44,,,1,100,,172434,44,,,1,100,,172435,44,,,1,102,,172436,44,,,1,108,,172437,44,,,1,105,,172438,44,,,1,100,,172440,44,,,1,112,,172443,44,,,1,93,,172445,44,,,1,191,,172452,44,,,1,185,,172456,44,,,1,189,,172460,44,,,1
3301,'20260826',1028,,172465,44,,,1,100,,172466,44,,,1,100,,172467,44,,,1,102,,172468,44,,,1,108,,172469,44,,,1,105,,172470,44,,,1,100,,172472,44,,,1,112,,172475,44,,,1,93,,172477,44,,,1,191,,172484,44,,,1,185,,172488,44,,,1,189,,172492,44,,,1
3301,'20260827',1028,,172497,44,,,1,100,,172498,44,,,1,100,,172499,44,,,1,102,,172500,44,,,1,108,,172501,44,,,1,105,,172502,44,,,1,100,,172504,44,,,1,112,,172507,44,,,1,93,,172509,44,,,1,191,,172516,44,,,1,185,,172520,44,,,1,189,,172524,44,,,1
3301,'20260828',1028,,172529,44,,,1,100,,172530,44,,,1,100,,172531,44,,,1,102,,172532,44,,,1,108,,172533,44,,,1,105,,172534,44,,,1,100,,172536,44,,,1,112,,172539,44,,,1,93,,172541,44,,,1,191,,172548,44,,,1,185,,172552,44,,,1,189,,172556,44,,,1
3301,'20260829',1125,,172560,44,,,1,205,,172562,44,,,1,197,,172564,44,,,1,200,,172566,44,,,1,196,,172567,44,,,1,200,,172568,44,,,1,200,,172569,44,,,1,199,,172570,44,,,1
3301,'20260830',1125,,172572,44,,,1,205,,172574,44,,,1,197,,172576,44,,,1,200,,172578,44,,,1,196,,172579,44,,,1,200,,172580,44,,,1,200,,172581,44,,,1,199,,172582,44,,,1
3301,'20260831',1028,,172585,44,,,1,100,,172586,44,,,1,100,,172587,44,,,1,102,,172588,44,,,1,108,,172589,44,,,1,105,,172590,44,,,1,100,,172592,44,,,1,112,,172595,44,,,1,93,,172597,44,,,1,191,,172604,44,,,1,185,,172608,44,,,1,189,,172612,44,,,1
3301,'20260901',1028,,172617,44,,,1,100,,172618,44,,,1,100,,172619,44,,,1,102,,172620,44,,,1,108,,172621,44,,,1,105,,172622,44,,,1,100,,172624,44,,,1,112,,172627,44,,,1,93,,172629,44,,,1,191,,172636,44,,,1,185,,172640,44,,,1,189,,172644,44,,,1
3301,'20260902',1028,,172649,44,,,1,100,,172650,44,,,1,100,,172651,44,,,1,102,,172652,44,,,1,108,,172653,44,,,1,105,,172654,44,,,1,100,,172656,44,,,1,112,,172659,44,,,1,93,,172661,44,,,1,191,,172668,44,,,1,185,,172672,44,,,1,189,,172676,44,,,1
3301,'20260903',1028,,172681,44,,,1,100,,172682,44,,,1,100,,172683,44,,,1,102,,172684,44,,,1,108,,172685,44,,,1,105,,172686,44,,,1,100,,172688,44,,,1,112,,172691,44,,,1,93,,172693,44,,,1,191,,172700,44,,,1,185,,172704,44,,,1,189,,172708,44,,,1
3301,'20260904',1028,,172713,44,,,1,100,,172714,44,,,1,100,,172715,44,,,1,102,,172716,44,,,1,108,,172717,44,,,1,105,,172718,44,,,1,100,,172720,44,,,1,112,,172723,44,,,1,93,,172725,44,,,1,191,,172732,44,,,1,185,,172736,44,,,1,189,,172740,44,,,1
