3101,'20260716',640,,165403,8,0,43 44 47,1,94,,165405,6,0,5 43 44 47,1,100,,165406,6,0,5 43 44 47,1,1624,,165408,6,0,77 14 15 9,1,60,,165410,6,0,7 43 44 47,1,99,,165411,8,0,16 17 9,1,100,,165412,8,0,16 17 9,1
3101,'20260717',640,,165415,8,0,43 44 47,1,94,,165417,6,0,5 43 44 47,1,100,,165418,6,0,5 43 44 47,1,1624,,165420,6,0,77 14 15 9,1,60,,165422,6,0,7 43 44 47,1,99,,165423,8,0,16 17 9,1,100,,165424,8,0,16 17 9,1
3101,'20260718',822,,165425,6,0,7 43 44 47,1,1705,,165428,6,0,77 14 15 9,1,25,,165429,8,0,16 17 9,1,70,,165430,8,0,78 14 15 9,1,25,,165431,8,0,16 17 9,1,70,,165432,8,0,16 17 9,1
3101,'20260719',822,,165433,6,0,7 43 44 47,1,1705,,165436,6,0,77 14 15 9,1,95,,165437,8,0,78 14 15 9,1,95,,165438,8,0,16 17 9,1
3101,'20260720',640,,165441,8,0,43 44 47,1,94,,165443,6,0,5 43 44 47,1,100,,165444,6,0,5 43 44 47,1,1624,,165446,6,0,77 14 15 9,1,60,,165448,6,0,7 43 44 47,1,99,,165449,8,0,16 17 9,1,100,,165450,8,0,16 17 9,1
3101,'20260721',640,,165453,8,0,43 44 47,1,94,,165455,6,0,5 43 44 47,1,100,,165456,6,0,5 43 44 47,1,1624,,165458,6,0,77 14 15 9,1,60,,165460,6,0,7 43 44 47,1,99,,165461,8,0,16 17 9,1,100,,165462,8,0,16 17 9,1
3101,'20260722',640,,165465,8,0,43 44 47,1,94,,165467,6,0,5 43 44 47,1,100,,165468,6,0,5 43 44 47,1,1624,,165470,6,0,77 14 15 9,1,60,,165472,6,0,7 43 44 47,1,99,,165473,8,0,16 17 9,1,100,,165474,8,0,16 17 9,1
3101,'20260723',640,,165477,8,0,43 44 47,1,94,,165479,6,0,5 43 44 47,1,100,,165480,6,0,5 43 44 47,1,1624,,165482,6,0,77 14 15 9,1,60,,165484,6,0,7 43 44 47,1,99,,165485,8,0,16 17 9,1,100,,165486,8,0,16 17 9,1
3101,'20260724',640,,165489,8,0,43 44 47,1,94,,165491,6,0,5 43 44 47,1,100,,165492,6,0,5 43 44 47,1,1568,,219544,6,0,77 14 15 9,1,56,,165494,6,0,77 14 15 9,1,60,,165496,6,0,7 43 44 47,1,99,,165497,8,0,16 17 9,1,100,,165498,8,0,16 17 9,1
3101,'20260725',822,,165499,6,0,7 43 44 47,1,1705,,165502,6,0,77 14 15 9,1,25,,165503,8,0,16 17 9,1,70,,165504,8,0,78 14 15 9,1,25,,165505,8,0,16 17 9,1,70,,165506,8,0,16 17 9,1
3101,'20260726',822,,165507,6,0,7 43 44 47,1,1705,,165510,6,0,77 14 15 9,1,95,,165511,8,0,78 14 15 9,1,95,,165512,8,0,16 17 9,1
3101,'20260727',640,,165515,8,0,43 44 47,1,94,,165517,6,0,5 43 44 47,1,100,,165518,6,0,5 43 44 47,1,1624,,165520,6,0,77 14 15 9,1,60,,165522,6,0,7 43 44 47,1,99,,165523,8,0,16 17 9,1,100,,165524,8,0,16 17 9,1
3101,'20260728',640,,165527,8,0,43 44 47,1,94,,165529,6,0,5 43 44 47,1,100,,165530,6,0,5 43 44 47,1,1624,,165532,6,0,77 14 15 9,1,60,,165534,6,0,7 43 44 47,1,99,,165535,8,0,16 17 9,1,100,,165536,8,0,16 17 9,1
3101,'20260729',640,,165539,8,0,43 44 47,1,94,,165541,6,0,5 43 44 47,1,100,,165542,6,0,5 43 44 47,1,1624,,165544,6,0,77 14 15 9,1,60,,165546,6,0,7 43 44 47,1,99,,165547,8,0,16 17 9,1,100,,165548,8,0,16 17 9,1
3101,'20260730',640,,165551,8,0,43 44 47,1,94,,165553,6,0,5 43 44 47,1,100,,165554,6,0,5 43 44 47,1,1624,,165556,6,0,77 14 15 9,1,60,,165558,6,0,7 43 44 47,1,99,,165559,8,0,16 17 9,1,100,,165560,8,0,16 17 9,1
3101,'20260731',640,,165563,8,0,43 44 47,1,94,,165565,6,0,5 43 44 47,1,100,,165566,6,0,5 43 44 47,1,1624,,165568,6,0,77 14 15 9,1,60,,165570,6,0,7 43 44 47,1,99,,165571,8,0,16 17 9,1,100,,165572,8,0,16 17 9,1
3101,'20260801',822,,165573,6,0,7 43 44 47,1,1705,,165576,6,0,77 14 15 9,1,25,,165577,8,0,16 17 9,1,70,,165578,8,0,78 14 15 9,1,25,,165579,8,0,16 17 9,1,70,,165580,8,0,16 17 9,1
3101,'20260802',822,,165581,6,0,7 43 44 47,1,1705,,165584,6,0,77 14 15 9,1,95,,165585,8,0,78 14 15 9,1,95,,165586,8,0,16 17 9,1
3101,'20260803',822,,165587,6,0,7 43 44 47,1,1705,,165590,6,0,77 14 15 9,1,25,,165591,8,0,16 17 9,1,70,,165592,8,0,78 14 15 9,1,25,,165593,8,0,16 17 9,1,70,,165594,8,0,16 17 9,1
3101,'20260804',640,,165597,8,0,43 44 47,1,94,,165599,6,0,5 43 44 47,1,100,,165600,6,0,5 43 44 47,1,1624,,165602,6,0,77 14 15 9,1,60,,165604,6,0,7 43 44 47,1,99,,165605,8,0,16 17 9,1,100,,165606,8,0,16 17 9,1
3101,'20260805',640,,165609,8,0,43 44 47,1,94,,165611,6,0,5 43 44 47,1,100,,165612,6,0,5 43 44 47,1,1624,,165614,6,0,77 14 15 9,1,60,,165616,6,0,7 43 44 47,1,99,,165617,8,0,16 17 9,1,100,,165618,8,0,16 17 9,1
3101,'20260806',640,,165621,8,0,43 44 47,1,94,,165623,6,0,5 43 44 47,1,100,,165624,6,0,5 43 44 47,1,1624,,165626,6,0,77 14 15 9,1,60,,165628,6,0,7 43 44 47,1,99,,165629,8,0,16 17 9,1,100,,165630,8,0,16 17 9,1
3101,'20260807',640,,165633,8,0,43 44 47,1,94,,165635,6,0,5 43 44 47,1,100,,165636,6,0,5 43 44 47,1,1624,,165638,6,0,77 14 15 9,1,60,,165640,6,0,7 43 44 47,1,99,,165641,8,0,16 17 9,1,100,,165642,8,0,16 17 9,1
3101,'20260808',822,,165643,6,0,7 43 44 47,1,1705,,165646,6,0,77 14 15 9,1,25,,165647,8,0,16 17 9,1,70,,165648,8,0,78 14 15 9,1,25,,165649,8,0,16 17 9,1,70,,165650,8,0,16 17 9,1
3101,'20260809',822,,165651,6,0,7 43 44 47,1,1705,,165654,6,0,77 14 15 9,1,95,,165655,8,0,78 14 15 9,1,95,,165656,8,0,16 17 9,1
3101,'20260810',640,,165659,8,0,43 44 47,1,94,,165661,6,0,5 43 44 47,1,100,,165662,6,0,5 43 44 47,1,1624,,165664,6,0,77 14 15 9,1,60,,165666,6,0,7 43 44 47,1,99,,165667,8,0,16 17 9,1,100,,165668,8,0,16 17 9,1
3101,'20260811',640,,165671,8,0,43 44 47,1,94,,165673,6,0,5 43 44 47,1,100,,165674,6,0,5 43 44 47,1,1624,,165676,6,0,77 14 15 9,1,60,,165678,6,0,7 43 44 47,1,99,,165679,8,0,16 17 9,1,100,,165680,8,0,16 17 9,1
3101,'20260812',640,,165683,8,0,43 44 47,1,94,,165685,6,0,5 43 44 47,1,100,,165686,6,0,5 43 44 47,1,1624,,165688,6,0,77 14 15 9,1,60,,165690,6,0,7 43 44 47,1,99,,165691,8,0,16 17 9,1,100,,165692,8,0,16 17 9,1
3101,'20260813',640,,165695,8,0,43 44 47,1,94,,165697,6,0,5 43 44 47,1,100,,165698,6,0,5 43 44 47,1,1624,,165700,6,0,77 14 15 9,1,60,,165702,6,0,7 43 44 47,1,99,,165703,8,0,16 17 9,1,100,,165704,8,0,16 17 9,1
3101,'20260814',640,,165707,8,0,43 44 47,1,94,,165709,6,0,5 43 44 47,1,100,,165710,6,0,5 43 44 47,1,1624,,165712,6,0,77 14 15 9,1,60,,165714,6,0,7 43 44 47,1,99,,165715,8,0,16 17 9,1,100,,165716,8,0,16 17 9,1
3101,'20260815',822,,165717,6,0,7 43 44 47,1,1705,,165720,6,0,77 14 15 9,1,25,,165721,8,0,16 17 9,1,70,,165722,8,0,78 14 15 9,1,25,,165723,8,0,16 17 9,1,70,,165724,8,0,16 17 9,1
3101,'20260816',822,,165725,6,0,7 43 44 47,1,1705,,165728,6,0,77 14 15 9,1,95,,165729,8,0,78 14 15 9,1,95,,165730,8,0,16 17 9,1
3101,'20260817',640,,165733,8,0,43 44 47,1,94,,165735,6,0,5 43 44 47,1,100,,165736,6,0,5 43 44 47,1,1624,,165738,6,0,77 14 15 9,1,60,,165740,6,0,7 43 44 47,1,99,,165741,8,0,16 17 9,1,100,,165742,8,0,16 17 9,1
3101,'20260818',640,,165745,8,0,43 44 47,1,94,,165747,6,0,5 43 44 47,1,100,,165748,6,0,5 43 44 47,1,1624,,165750,6,0,77 14 15 9,1,60,,165752,6,0,7 43 44 47,1,99,,165753,8,0,16 17 9,1,100,,165754,8,0,16 17 9,1
3101,'20260819',640,,165757,8,0,43 44 47,1,94,,165759,6,0,5 43 44 47,1,100,,165760,6,0,5 43 44 47,1,1624,,165762,6,0,77 14 15 9,1,60,,165764,6,0,7 43 44 47,1,99,,165765,8,0,16 17 9,1,100,,165766,8,0,16 17 9,1
3101,'20260820',640,,165769,8,0,43 44 47,1,94,,165771,6,0,5 43 44 47,1,100,,165772,6,0,5 43 44 47,1,1624,,165774,6,0,77 14 15 9,1,60,,165776,6,0,7 43 44 47,1,99,,165777,8,0,16 17 9,1,100,,165778,8,0,16 17 9,1
3101,'20260821',640,,165781,8,0,43 44 47,1,94,,165783,6,0,5 43 44 47,1,100,,165784,6,0,5 43 44 47,1,1624,,165786,6,0,77 14 15 9,1,60,,165788,6,0,7 43 44 47,1,99,,165789,8,0,16 17 9,1,100,,165790,8,0,16 17 9,1
3101,'20260822',822,,165791,6,0,7 43 44 47,1,1705,,165794,6,0,77 14 15 9,1,25,,165795,8,0,16 17 9,1,70,,165796,8,0,78 14 15 9,1,25,,165797,8,0,16 17 9,1,70,,165798,8,0,16 17 9,1
3101,'20260823',822,,165799,6,0,7 43 44 47,1,1705,,165802,6,0,77 14 15 9,1,95,,165803,8,0,78 14 15 9,1,95,,165804,8,0,16 17 9,1
3101,'20260824',640,,165807,8,0,43 44 47,1,94,,165809,6,0,5 43 44 47,1,100,,165810,6,0,5 43 44 47,1,1624,,165812,6,0,77 14 15 9,1,60,,165814,6,0,7 43 44 47,1,99,,165815,8,0,16 17 9,1,100,,165816,8,0,16 17 9,1
3101,'20260825',640,,165819,8,0,43 44 47,1,94,,165821,6,0,5 43 44 47,1,100,,165822,6,0,5 43 44 47,1,1624,,165824,6,0,77 14 15 9,1,60,,165826,6,0,7 43 44 47,1,99,,165827,8,0,16 17 9,1,100,,165828,8,0,16 17 9,1
3101,'20260826',640,,165831,8,0,43 44 47,1,94,,165833,6,0,5 43 44 47,1,100,,165834,6,0,5 43 44 47,1,1624,,165836,6,0,77 14 15 9,1,60,,165838,6,0,7 43 44 47,1,99,,165839,8,0,16 17 9,1,100,,165840,8,0,16 17 9,1
3101,'20260827',640,,165843,8,0,43 44 47,1,94,,165845,6,0,5 43 44 47,1,100,,165846,6,0,5 43 44 47,1,1624,,165848,6,0,77 14 15 9,1,60,,165850,6,0,7 43 44 47,1,99,,165851,8,0,16 17 9,1,100,,165852,8,0,16 17 9,1
3101,'20260828',640,,165855,8,0,43 44 47,1,94,,165857,6,0,5 43 44 47,1,100,,165858,6,0,5 43 44 47,1,1624,,165860,6,0,77 14 15 9,1,60,,165862,6,0,7 43 44 47,1,99,,165863,8,0,16 17 9,1,100,,165864,8,0,16 17 9,1
3101,'20260829',822,,165865,6,0,7 43 44 47,1,1705,,165868,6,0,77 14 15 9,1,25,,165869,8,0,16 17 9,1,70,,165870,8,0,78 14 15 9,1,25,,165871,8,0,16 17 9,1,70,,165872,8,0,16 17 9,1
3101,'20260830',822,,165873,6,0,7 43 44 47,1,1705,,165876,6,0,77 14 15 9,1,95,,165877,8,0,78 14 15 9,1,95,,165878,8,0,16 17 9,1
3101,'20260831',640,,165881,8,0,43 44 47,1,94,,165883,6,0,5 43 44 47,1,100,,165884,6,0,5 43 44 47,1,1624,,165886,6,0,77 14 15 9,1,60,,165888,6,0,7 43 44 47,1,99,,165889,8,0,16 17 9,1,100,,165890,8,0,16 17 9,1
3101,'20260901',640,,165893,8,0,43 44 47,1,94,,165895,6,0,5 43 44 47,1,100,,165896,6,0,5 43 44 47,1,1624,,165898,6,0,77 14 15 9,1,60,,165900,6,0,7 43 44 47,1,99,,165901,8,0,16 17 9,1,100,,165902,8,0,16 17 9,1
3101,'20260902',640,,165905,8,0,43 44 47,1,94,,165907,6,0,5 43 44 47,1,100,,165908,6,0,5 43 44 47,1,1624,,165910,6,0,77 14 15 9,1,60,,165912,6,0,7 43 44 47,1,99,,165913,8,0,16 17 9,1,100,,165914,8,0,16 17 9,1
3101,'20260903',640,,165917,8,0,43 44 47,1,94,,165919,6,0,5 43 44 47,1,100,,165920,6,0,5 43 44 47,1,1624,,165922,6,0,77 14 15 9,1,60,,165924,6,0,7 43 44 47,1,99,,165925,8,0,16 17 9,1,100,,165926,8,0,16 17 9,1
3101,'20260904',640,,165929,8,0,43 44 47,1,94,,165931,6,0,5 43 44 47,1,100,,165932,6,0,5 43 44 47,1,1624,,165934,6,0,77 14 15 9,1,60,,165936,6,0,7 43 44 47,1,99,,165937,8,0,16 17 9,1,100,,165938,8,0,16 17 9,1
3301,'20260716',720,,171411,10,0,7 13,1,107,,171412,10,0,7 13,1,85,,171413,10,,,1,100,,171414,10,,,1,100,,171415,10,,,1,103,,171416,10,,,1,103,,171417,10,,,1,100,,171418,10,,,1,37,,171419,10,0,5 14 15 9,1,65,,171420,10,,,1,27,,171421,10,0,5 14 15 9,1,63,,171422,10,0,16 17 9,1,22,,171423,10,,,1,22,,171424,10,0,5 14 15 9,1,60,,171425,10,,,1,20,,171426,10,0,5 14 15 9,1,19,,171427,10,0,16 17 9,1,54,,171428,10,0,5 14 15 9,1,15,,171429,10,0,16 17 9,1,20,,171430,10,0,5 14 15 9,1,63,,171431,10,0,5 14 15 9,1,18,,171432,10,,,1,29,,171433,10,0,5 14 15 9,1,65,,171434,10,0,16 17 9,1,25,,171435,10,0,5 14 15 9,1,70,,171436,10,,,1,30,,171437,10,0,5 14 15 9,1,70,,171438,10,0,16 17 9,1,30,,171439,10,0,5 14 15 9,1,70,,171440,10,,,1,100,,171441,10,0,16 17 9,1,99,,171442,10,0,7 13,1
3301,'20260717',720,,171443,10,0,7 13,1,107,,171444,10,0,7 13,1,85,,171445,10,,,1,100,,171446,10,,,1,100,,171447,10,,,1,103,,171448,10,,,1,103,,171449,10,,,1,100,,171450,10,,,1,37,,171451,10,0,5 14 15 9,1,65,,171452,10,,,1,27,,171453,10,0,5 14 15 9,1,63,,171454,10,0,16 17 9,1,22,,171455,10,,,1,22,,171456,10,0,5 14 15 9,1,60,,171457,10,,,1,20,,171458,10,0,5 14 15 9,1,19,,171459,10,0,16 17 9,1,54,,171460,10,0,5 14 15 9,1,15,,171461,10,0,16 17 9,1,20,,171462,10,0,5 14 15 9,1,63,,171463,10,0,5 14 15 9,1,18,,171464,10,,,1,29,,171465,10,0,5 14 15 9,1,65,,171466,10,0,16 17 9,1,25,,171467,10,0,5 14 15 9,1,70,,171468,10,,,1,30,,171469,10,0,5 14 15 9,1,70,,171470,10,0,16 17 9,1,30,,171471,10,0,5 14 15 9,1,70,,171472,10,,,1,100,,171473,10,0,16 17 9,1,99,,171474,10,0,7 13,1
3301,'20260718',1015,,171476,10,,,1,200,,171478,10,,,1,197,,171480,10,,,1,197,,171482,10,,,1,202,,171483,10,,,1,200,,171484,10,,,1,200,,171485,10,,,1,209,,171486,10,,,1
3301,'20260719',1015,,171488,10,,,1,200,,171490,10,,,1,197,,171492,10,,,1,197,,171494,10,,,1,202,,171495,10,,,1,200,,171496,10,,,1,200,,171497,10,,,1,209,,171498,10,,,1
3301,'20260720',720,,171499,10,0,7 13,1,107,,171500,10,0,7 13,1,85,,171501,10,,,1,100,,171502,10,,,1,100,,171503,10,,,1,103,,171504,10,,,1,103,,171505,10,,,1,100,,171506,10,,,1,37,,171507,10,0,5 14 15 9,1,65,,171508,10,,,1,27,,171509,10,0,5 14 15 9,1,63,,171510,10,0,16 17 9,1,22,,171511,10,,,1,22,,171512,10,0,5 14 15 9,1,60,,171513,10,,,1,20,,171514,10,0,5 14 15 9,1,19,,171515,10,0,16 17 9,1,54,,171516,10,0,5 14 15 9,1,15,,171517,10,0,16 17 9,1,20,,171518,10,0,5 14 15 9,1,63,,171519,10,0,5 14 15 9,1,18,,171520,10,,,1,29,,171521,10,0,5 14 15 9,1,65,,171522,10,0,16 17 9,1,25,,171523,10,0,5 14 15 9,1,70,,171524,10,,,1,30,,171525,10,0,5 14 15 9,1,70,,171526,10,0,16 17 9,1,30,,171527,10,0,5 14 15 9,1,70,,171528,10,,,1,100,,171529,10,0,16 17 9,1,99,,171530,10,0,7 13,1
3301,'20260721',720,,171531,10,0,7 13,1,107,,171532,10,0,7 13,1,85,,171533,10,,,1,100,,171534,10,,,1,100,,171535,10,,,1,103,,171536,10,,,1,103,,171537,10,,,1,100,,171538,10,,,1,37,,171539,10,0,5 14 15 9,1,65,,171540,10,,,1,27,,171541,10,0,5 14 15 9,1,63,,171542,10,0,16 17 9,1,22,,171543,10,,,1,22,,171544,10,0,5 14 15 9,1,60,,171545,10,,,1,20,,171546,10,0,5 14 15 9,1,19,,171547,10,0,16 17 9,1,54,,171548,10,0,5 14 15 9,1,15,,171549,10,0,16 17 9,1,20,,171550,10,0,5 14 15 9,1,63,,171551,10,0,5 14 15 9,1,18,,171552,10,,,1,29,,171553,10,0,5 14 15 9,1,65,,171554,10,0,16 17 9,1,25,,171555,10,0,5 14 15 9,1,70,,171556,10,,,1,30,,171557,10,0,5 14 15 9,1,70,,171558,10,0,16 17 9,1,30,,171559,10,0,5 14 15 9,1,70,,171560,10,,,1,100,,171561,10,0,16 17 9,1,99,,171562,10,0,7 13,1
3301,'20260722',720,,171563,10,0,7 13,1,107,,171564,10,0,7 13,1,85,,171565,10,,,1,100,,171566,10,,,1,100,,171567,10,,,1,103,,171568,10,,,1,103,,171569,10,,,1,100,,171570,10,,,1,37,,171571,10,0,5 14 15 9,1,65,,171572,10,,,1,27,,171573,10,0,5 14 15 9,1,63,,171574,10,0,16 17 9,1,22,,171575,10,,,1,22,,171576,10,0,5 14 15 9,1,60,,171577,10,,,1,20,,171578,10,0,5 14 15 9,1,19,,171579,10,0,16 17 9,1,54,,171580,10,0,5 14 15 9,1,15,,171581,10,0,16 17 9,1,20,,171582,10,0,5 14 15 9,1,63,,171583,10,0,5 14 15 9,1,18,,171584,10,,,1,29,,171585,10,0,5 14 15 9,1,65,,171586,10,0,16 17 9,1,25,,171587,10,0,5 14 15 9,1,70,,171588,10,,,1,30,,171589,10,0,5 14 15 9,1,70,,171590,10,0,16 17 9,1,30,,171591,10,0,5 14 15 9,1,70,,171592,10,,,1,100,,171593,10,0,16 17 9,1,99,,171594,10,0,7 13,1
3301,'20260723',720,,171595,10,0,7 13,1,107,,171596,10,0,7 13,1,85,,171597,10,,,1,100,,171598,10,,,1,100,,171599,10,,,1,103,,171600,10,,,1,103,,171601,10,,,1,100,,171602,10,,,1,37,,171603,10,0,5 14 15 9,1,65,,171604,10,,,1,27,,171605,10,0,5 14 15 9,1,63,,171606,10,0,16 17 9,1,22,,171607,10,,,1,22,,171608,10,0,5 14 15 9,1,60,,171609,10,,,1,20,,171610,10,0,5 14 15 9,1,19,,171611,10,0,16 17 9,1,54,,171612,10,0,5 14 15 9,1,15,,171613,10,0,16 17 9,1,20,,171614,10,0,5 14 15 9,1,63,,171615,10,0,5 14 15 9,1,18,,171616,10,,,1,29,,171617,10,0,5 14 15 9,1,65,,171618,10,0,16 17 9,1,25,,171619,10,0,5 14 15 9,1,70,,171620,10,,,1,30,,171621,10,0,5 14 15 9,1,70,,171622,10,0,16 17 9,1,30,,171623,10,0,5 14 15 9,1,70,,171624,10,,,1,100,,171625,10,0,16 17 9,1,99,,171626,10,0,7 13,1
3301,'20260724',720,,171627,10,0,7 13,1,107,,171628,10,0,7 13,1,85,,171629,10,,,1,100,,171630,10,,,1,100,,171631,10,,,1,103,,171632,10,,,1,103,,171633,10,,,1,100,,171634,10,,,1,37,,171635,10,0,5 14 15 9,1,65,,171636,10,,,1,27,,171637,10,0,5 14 15 9,1,63,,171638,10,0,16 17 9,1,22,,171639,10,,,1,22,,171640,10,0,5 14 15 9,1,60,,171641,10,,,1,20,,171642,10,0,5 14 15 9,1,19,,171643,10,0,16 17 9,1,54,,171644,10,0,5 14 15 9,1,15,,171645,10,0,16 17 9,1,20,,171646,10,0,5 14 15 9,1,63,,171647,10,0,5 14 15 9,1,18,,171648,10,,,1,29,,171649,10,0,5 14 15 9,1,65,,171650,10,0,16 17 9,1,25,,171651,10,0,5 14 15 9,1,70,,171652,10,,,1,30,,171653,10,0,5 14 15 9,1,70,,171654,10,0,16 17 9,1,30,,171655,10,0,5 14 15 9,1,70,,171656,10,,,1,100,,171657,10,0,16 17 9,1,99,,171658,10,0,7 13,1
3301,'20260725',1015,,171660,10,,,1,200,,171662,10,,,1,197,,171664,10,,,1,197,,171666,10,,,1,202,,171667,10,,,1,200,,171668,10,,,1,200,,171669,10,,,1,209,,171670,10,,,1
3301,'20260726',1015,,171672,10,,,1,200,,171674,10,,,1,197,,171676,10,,,1,197,,171678,10,,,1,202,,171679,10,,,1,200,,171680,10,,,1,200,,171681,10,,,1,209,,171682,10,,,1
3301,'20260727',720,,171683,10,0,7 13,1,107,,171684,10,0,7 13,1,85,,171685,10,,,1,100,,171686,10,,,1,100,,171687,10,,,1,103,,171688,10,,,1,103,,171689,10,,,1,100,,171690,10,,,1,37,,171691,10,0,5 14 15 9,1,65,,171692,10,,,1,27,,171693,10,0,5 14 15 9,1,63,,171694,10,0,16 17 9,1,22,,171695,10,,,1,22,,171696,10,0,5 14 15 9,1,60,,171697,10,,,1,20,,171698,10,0,5 14 15 9,1,19,,171699,10,0,16 17 9,1,54,,171700,10,0,5 14 15 9,1,15,,171701,10,0,16 17 9,1,20,,171702,10,0,5 14 15 9,1,63,,171703,10,0,5 14 15 9,1,18,,171704,10,,,1,29,,171705,10,0,5 14 15 9,1,65,,171706,10,0,16 17 9,1,25,,171707,10,0,5 14 15 9,1,70,,171708,10,,,1,30,,171709,10,0,5 14 15 9,1,70,,171710,10,0,16 17 9,1,30,,171711,10,0,5 14 15 9,1,70,,171712,10,,,1,100,,171713,10,0,16 17 9,1,99,,171714,10,0,7 13,1
3301,'20260728',720,,171715,10,0,7 13,1,107,,171716,10,0,7 13,1,85,,171717,10,,,1,100,,171718,10,,,1,100,,171719,10,,,1,103,,171720,10,,,1,103,,171721,10,,,1,100,,171722,10,,,1,37,,171723,10,0,5 14 15 9,1,65,,171724,10,,,1,27,,171725,10,0,5 14 15 9,1,63,,171726,10,0,16 17 9,1,22,,171727,10,,,1,22,,171728,10,0,5 14 15 9,1,60,,171729,10,,,1,20,,171730,10,0,5 14 15 9,1,19,,171731,10,0,16 17 9,1,54,,171732,10,0,5 14 15 9,1,15,,171733,10,0,16 17 9,1,20,,171734,10,0,5 14 15 9,1,63,,171735,10,0,5 14 15 9,1,18,,171736,10,,,1,29,,171737,10,0,5 14 15 9,1,65,,171738,10,0,16 17 9,1,25,,171739,10,0,5 14 15 9,1,70,,171740,10,,,1,30,,171741,10,0,5 14 15 9,1,70,,171742,10,0,16 17 9,1,30,,171743,10,0,5 14 15 9,1,70,,171744,10,,,1,100,,171745,10,0,16 17 9,1,99,,171746,10,0,7 13,1
3301,'20260729',720,,171747,10,0,7 13,1,107,,171748,10,0,7 13,1,85,,171749,10,,,1,100,,171750,10,,,1,100,,171751,10,,,1,103,,171752,10,,,1,103,,171753,10,,,1,100,,171754,10,,,1,37,,171755,10,0,5 14 15 9,1,65,,171756,10,,,1,27,,171757,10,0,5 14 15 9,1,63,,171758,10,0,16 17 9,1,22,,171759,10,,,1,22,,171760,10,0,5 14 15 9,1,60,,171761,10,,,1,20,,171762,10,0,5 14 15 9,1,19,,171763,10,0,16 17 9,1,54,,171764,10,0,5 14 15 9,1,15,,171765,10,0,16 17 9,1,20,,171766,10,0,5 14 15 9,1,63,,171767,10,0,5 14 15 9,1,18,,171768,10,,,1,29,,171769,10,0,5 14 15 9,1,65,,171770,10,0,16 17 9,1,25,,171771,10,0,5 14 15 9,1,70,,171772,10,,,1,30,,171773,10,0,5 14 15 9,1,70,,171774,10,0,16 17 9,1,30,,171775,10,0,5 14 15 9,1,70,,171776,10,,,1,100,,171777,10,0,16 17 9,1,99,,171778,10,0,7 13,1
3301,'20260730',720,,171779,10,0,7 13,1,107,,171780,10,0,7 13,1,85,,171781,10,,,1,100,,171782,10,,,1,100,,171783,10,,,1,103,,171784,10,,,1,103,,171785,10,,,1,100,,171786,10,,,1,37,,171787,10,0,5 14 15 9,1,65,,171788,10,,,1,27,,171789,10,0,5 14 15 9,1,63,,171790,10,0,16 17 9,1,22,,171791,10,,,1,22,,171792,10,0,5 14 15 9,1,60,,171793,10,,,1,20,,171794,10,0,5 14 15 9,1,19,,171795,10,0,16 17 9,1,54,,171796,10,0,5 14 15 9,1,15,,171797,10,0,16 17 9,1,20,,171798,10,0,5 14 15 9,1,63,,171799,10,0,5 14 15 9,1,18,,171800,10,,,1,29,,171801,10,0,5 14 15 9,1,65,,171802,10,0,16 17 9,1,25,,171803,10,0,5 14 15 9,1,70,,171804,10,,,1,30,,171805,10,0,5 14 15 9,1,70,,171806,10,0,16 17 9,1,30,,171807,10,0,5 14 15 9,1,70,,171808,10,,,1,100,,171809,10,0,16 17 9,1,99,,171810,10,0,7 13,1
3301,'20260731',720,,171811,10,0,7 13,1,107,,171812,10,0,7 13,1,85,,171813,10,,,1,100,,171814,10,,,1,100,,171815,10,,,1,103,,171816,10,,,1,103,,171817,10,,,1,100,,171818,10,,,1,37,,171819,10,0,5 14 15 9,1,65,,171820,10,,,1,27,,171821,10,0,5 14 15 9,1,63,,171822,10,0,16 17 9,1,22,,171823,10,,,1,22,,171824,10,0,5 14 15 9,1,60,,171825,10,,,1,20,,171826,10,0,5 14 15 9,1,19,,171827,10,0,16 17 9,1,54,,171828,10,0,5 14 15 9,1,15,,171829,10,0,16 17 9,1,20,,171830,10,0,5 14 15 9,1,63,,171831,10,0,5 14 15 9,1,18,,171832,10,,,1,29,,171833,10,0,5 14 15 9,1,65,,171834,10,0,16 17 9,1,25,,171835,10,0,5 14 15 9,1,70,,171836,10,,,1,30,,171837,10,0,5 14 15 9,1,70,,171838,10,0,16 17 9,1,30,,171839,10,0,5 14 15 9,1,70,,171840,10,,,1,100,,171841,10,0,16 17 9,1,99,,171842,10,0,7 13,1
3301,'20260801',1015,,171844,10,,,1,200,,171846,10,,,1,197,,171848,10,,,1,197,,171850,10,,,1,202,,171851,10,,,1,200,,171852,10,,,1,200,,171853,10,,,1,209,,171854,10,,,1
3301,'20260802',1015,,171856,10,,,1,200,,171858,10,,,1,197,,171860,10,,,1,197,,171862,10,,,1,202,,171863,10,,,1,200,,171864,10,,,1,200,,171865,10,,,1,209,,171866,10,,,1
3301,'20260803',1015,,171868,10,,,1,200,,171870,10,,,1,197,,171872,10,,,1,197,,171874,10,,,1,202,,171875,10,,,1,200,,171876,10,,,1,200,,171877,10,,,1,209,,171878,10,,,1
3301,'20260804',720,,171879,10,0,7 13,1,107,,171880,10,0,7 13,1,85,,171881,10,,,1,100,,171882,10,,,1,100,,171883,10,,,1,103,,171884,10,,,1,103,,171885,10,,,1,100,,171886,10,,,1,37,,171887,10,0,5 14 15 9,1,65,,171888,10,,,1,27,,171889,10,0,5 14 15 9,1,63,,171890,10,0,16 17 9,1,22,,171891,10,,,1,22,,171892,10,0,5 14 15 9,1,60,,171893,10,,,1,20,,171894,10,0,5 14 15 9,1,19,,171895,10,0,16 17 9,1,54,,171896,10,0,5 14 15 9,1,15,,171897,10,0,16 17 9,1,20,,171898,10,0,5 14 15 9,1,63,,171899,10,0,5 14 15 9,1,18,,171900,10,,,1,29,,171901,10,0,5 14 15 9,1,65,,171902,10,0,16 17 9,1,25,,171903,10,0,5 14 15 9,1,70,,171904,10,,,1,30,,171905,10,0,5 14 15 9,1,70,,171906,10,0,16 17 9,1,30,,171907,10,0,5 14 15 9,1,70,,171908,10,,,1,100,,171909,10,0,16 17 9,1,99,,171910,10,0,7 13,1
3301,'20260805',720,,171911,10,0,7 13,1,107,,171912,10,0,7 13,1,85,,171913,10,,,1,100,,171914,10,,,1,100,,171915,10,,,1,103,,171916,10,,,1,103,,171917,10,,,1,100,,171918,10,,,1,37,,171919,10,0,5 14 15 9,1,65,,171920,10,,,1,27,,171921,10,0,5 14 15 9,1,63,,171922,10,0,16 17 9,1,22,,171923,10,,,1,22,,171924,10,0,5 14 15 9,1,60,,171925,10,,,1,20,,171926,10,0,5 14 15 9,1,19,,171927,10,0,16 17 9,1,54,,171928,10,0,5 14 15 9,1,15,,171929,10,0,16 17 9,1,20,,171930,10,0,5 14 15 9,1,63,,171931,10,0,5 14 15 9,1,18,,171932,10,,,1,29,,171933,10,0,5 14 15 9,1,65,,171934,10,0,16 17 9,1,25,,171935,10,0,5 14 15 9,1,70,,171936,10,,,1,30,,171937,10,0,5 14 15 9,1,70,,171938,10,0,16 17 9,1,30,,171939,10,0,5 14 15 9,1,70,,171940,10,,,1,100,,171941,10,0,16 17 9,1,99,,171942,10,0,7 13,1
3301,'20260806',720,,171943,10,0,7 13,1,107,,171944,10,0,7 13,1,85,,171945,10,,,1,100,,171946,10,,,1,100,,171947,10,,,1,103,,171948,10,,,1,103,,171949,10,,,1,100,,171950,10,,,1,37,,171951,10,0,5 14 15 9,1,65,,171952,10,,,1,27,,171953,10,0,5 14 15 9,1,63,,171954,10,0,16 17 9,1,22,,171955,10,,,1,22,,171956,10,0,5 14 15 9,1,60,,171957,10,,,1,20,,171958,10,0,5 14 15 9,1,19,,171959,10,0,16 17 9,1,54,,171960,10,0,5 14 15 9,1,15,,171961,10,0,16 17 9,1,20,,171962,10,0,5 14 15 9,1,63,,171963,10,0,5 14 15 9,1,18,,171964,10,,,1,29,,171965,10,0,5 14 15 9,1,65,,171966,10,0,16 17 9,1,25,,171967,10,0,5 14 15 9,1,70,,171968,10,,,1,30,,171969,10,0,5 14 15 9,1,70,,171970,10,0,16 17 9,1,30,,171971,10,0,5 14 15 9,1,70,,171972,10,,,1,100,,171973,10,0,16 17 9,1,99,,171974,10,0,7 13,1
3301,'20260807',720,,171975,10,0,7 13,1,107,,171976,10,0,7 13,1,85,,171977,10,,,1,100,,171978,10,,,1,100,,171979,10,,,1,103,,171980,10,,,1,103,,171981,10,,,1,100,,171982,10,,,1,37,,171983,10,0,5 14 15 9,1,65,,171984,10,,,1,27,,171985,10,0,5 14 15 9,1,63,,171986,10,0,16 17 9,1,22,,171987,10,,,1,22,,171988,10,0,5 14 15 9,1,60,,171989,10,,,1,20,,171990,10,0,5 14 15 9,1,19,,171991,10,0,16 17 9,1,54,,171992,10,0,5 14 15 9,1,15,,171993,10,0,16 17 9,1,20,,171994,10,0,5 14 15 9,1,63,,171995,10,0,5 14 15 9,1,18,,171996,10,,,1,29,,171997,10,0,5 14 15 9,1,65,,171998,10,0,16 17 9,1,25,,171999,10,0,5 14 15 9,1,70,,172000,10,,,1,30,,172001,10,0,5 14 15 9,1,70,,172002,10,0,16 17 9,1,30,,172003,10,0,5 14 15 9,1,70,,172004,10,,,1,100,,172005,10,0,16 17 9,1,99,,172006,10,0,7 13,1
3301,'20260808',1015,,172008,10,,,1,200,,172010,10,,,1,197,,172012,10,,,1,197,,172014,10,,,1,202,,172015,10,,,1,200,,172016,10,,,1,200,,172017,10,,,1,209,,172018,10,,,1
3301,'20260809',1015,,172020,10,,,1,200,,172022,10,,,1,197,,172024,10,,,1,197,,172026,10,,,1,202,,172027,10,,,1,200,,172028,10,,,1,200,,172029,10,,,1,209,,172030,10,,,1
3301,'20260810',720,,172031,10,0,7 13,1,107,,172032,10,0,7 13,1,85,,172033,10,,,1,100,,172034,10,,,1,100,,172035,10,,,1,103,,172036,10,,,1,103,,172037,10,,,1,100,,172038,10,,,1,37,,172039,10,0,5 14 15 9,1,65,,172040,10,,,1,27,,172041,10,0,5 14 15 9,1,63,,172042,10,0,16 17 9,1,22,,172043,10,,,1,22,,172044,10,0,5 14 15 9,1,60,,172045,10,,,1,20,,172046,10,0,5 14 15 9,1,19,,172047,10,0,16 17 9,1,54,,172048,10,0,5 14 15 9,1,15,,172049,10,0,16 17 9,1,20,,172050,10,0,5 14 15 9,1,63,,172051,10,0,5 14 15 9,1,18,,172052,10,,,1,29,,172053,10,0,5 14 15 9,1,65,,172054,10,0,16 17 9,1,25,,172055,10,0,5 14 15 9,1,70,,172056,10,,,1,30,,172057,10,0,5 14 15 9,1,70,,172058,10,0,16 17 9,1,30,,172059,10,0,5 14 15 9,1,70,,172060,10,,,1,100,,172061,10,0,16 17 9,1,99,,172062,10,0,7 13,1
3301,'20260811',720,,172063,10,0,7 13,1,107,,172064,10,0,7 13,1,85,,172065,10,,,1,100,,172066,10,,,1,100,,172067,10,,,1,103,,172068,10,,,1,103,,172069,10,,,1,100,,172070,10,,,1,37,,172071,10,0,5 14 15 9,1,65,,172072,10,,,1,27,,172073,10,0,5 14 15 9,1,63,,172074,10,0,16 17 9,1,22,,172075,10,,,1,22,,172076,10,0,5 14 15 9,1,60,,172077,10,,,1,20,,172078,10,0,5 14 15 9,1,19,,172079,10,0,16 17 9,1,54,,172080,10,0,5 14 15 9,1,15,,172081,10,0,16 17 9,1,20,,172082,10,0,5 14 15 9,1,63,,172083,10,0,5 14 15 9,1,18,,172084,10,,,1,29,,172085,10,0,5 14 15 9,1,65,,172086,10,0,16 17 9,1,25,,172087,10,0,5 14 15 9,1,70,,172088,10,,,1,30,,172089,10,0,5 14 15 9,1,70,,172090,10,0,16 17 9,1,30,,172091,10,0,5 14 15 9,1,70,,172092,10,,,1,100,,172093,10,0,16 17 9,1,99,,172094,10,0,7 13,1
3301,'20260812',720,,172095,10,0,7 13,1,107,,172096,10,0,7 13,1,85,,172097,10,,,1,100,,172098,10,,,1,100,,172099,10,,,1,103,,172100,10,,,1,103,,172101,10,,,1,100,,172102,10,,,1,37,,172103,10,0,5 14 15 9,1,65,,172104,10,,,1,27,,172105,10,0,5 14 15 9,1,63,,172106,10,0,16 17 9,1,22,,172107,10,,,1,22,,172108,10,0,5 14 15 9,1,60,,172109,10,,,1,20,,172110,10,0,5 14 15 9,1,19,,172111,10,0,16 17 9,1,54,,172112,10,0,5 14 15 9,1,15,,172113,10,0,16 17 9,1,20,,172114,10,0,5 14 15 9,1,63,,172115,10,0,5 14 15 9,1,18,,172116,10,,,1,29,,172117,10,0,5 14 15 9,1,65,,172118,10,0,16 17 9,1,25,,172119,10,0,5 14 15 9,1,70,,172120,10,,,1,30,,172121,10,0,5 14 15 9,1,70,,172122,10,0,16 17 9,1,30,,172123,10,0,5 14 15 9,1,70,,172124,10,,,1,100,,172125,10,0,16 17 9,1,99,,172126,10,0,7 13,1
3301,'20260813',720,,172127,10,0,7 13,1,107,,172128,10,0,7 13,1,85,,172129,10,,,1,100,,172130,10,,,1,100,,172131,10,,,1,103,,172132,10,,,1,103,,172133,10,,,1,100,,172134,10,,,1,37,,172135,10,0,5 14 15 9,1,65,,172136,10,,,1,27,,172137,10,0,5 14 15 9,1,63,,172138,10,0,16 17 9,1,22,,172139,10,,,1,22,,172140,10,0,5 14 15 9,1,60,,172141,10,,,1,20,,172142,10,0,5 14 15 9,1,19,,172143,10,0,16 17 9,1,54,,172144,10,0,5 14 15 9,1,15,,172145,10,0,16 17 9,1,20,,172146,10,0,5 14 15 9,1,63,,172147,10,0,5 14 15 9,1,18,,172148,10,,,1,29,,172149,10,0,5 14 15 9,1,65,,172150,10,0,16 17 9,1,25,,172151,10,0,5 14 15 9,1,70,,172152,10,,,1,30,,172153,10,0,5 14 15 9,1,70,,172154,10,0,16 17 9,1,30,,172155,10,0,5 14 15 9,1,70,,172156,10,,,1,100,,172157,10,0,16 17 9,1,99,,172158,10,0,7 13,1
3301,'20260814',720,,172159,10,0,7 13,1,107,,172160,10,0,7 13,1,85,,172161,10,,,1,100,,172162,10,,,1,100,,172163,10,,,1,103,,172164,10,,,1,103,,172165,10,,,1,100,,172166,10,,,1,37,,172167,10,0,5 14 15 9,1,65,,172168,10,,,1,27,,172169,10,0,5 14 15 9,1,63,,172170,10,0,16 17 9,1,22,,172171,10,,,1,22,,172172,10,0,5 14 15 9,1,60,,172173,10,,,1,20,,172174,10,0,5 14 15 9,1,19,,172175,10,0,16 17 9,1,54,,172176,10,0,5 14 15 9,1,15,,172177,10,0,16 17 9,1,20,,172178,10,0,5 14 15 9,1,63,,172179,10,0,5 14 15 9,1,18,,172180,10,,,1,29,,172181,10,0,5 14 15 9,1,65,,172182,10,0,16 17 9,1,25,,172183,10,0,5 14 15 9,1,70,,172184,10,,,1,30,,172185,10,0,5 14 15 9,1,70,,172186,10,0,16 17 9,1,30,,172187,10,0,5 14 15 9,1,70,,172188,10,,,1,100,,172189,10,0,16 17 9,1,99,,172190,10,0,7 13,1
3301,'20260815',1015,,172192,10,,,1,200,,172194,10,,,1,197,,172196,10,,,1,197,,172198,10,,,1,202,,172199,10,,,1,200,,172200,10,,,1,200,,172201,10,,,1,209,,172202,10,,,1
3301,'20260816',1015,,172204,10,,,1,200,,172206,10,,,1,197,,172208,10,,,1,197,,172210,10,,,1,202,,172211,10,,,1,200,,172212,10,,,1,200,,172213,10,,,1,209,,172214,10,,,1
3301,'20260817',720,,172215,10,0,7 13,1,107,,172216,10,0,7 13,1,85,,172217,10,,,1,100,,172218,10,,,1,100,,172219,10,,,1,103,,172220,10,,,1,103,,172221,10,,,1,100,,172222,10,,,1,37,,172223,10,0,5 14 15 9,1,65,,172224,10,,,1,27,,172225,10,0,5 14 15 9,1,63,,172226,10,0,16 17 9,1,22,,172227,10,,,1,22,,172228,10,0,5 14 15 9,1,60,,172229,10,,,1,20,,172230,10,0,5 14 15 9,1,19,,172231,10,0,16 17 9,1,54,,172232,10,0,5 14 15 9,1,15,,172233,10,0,16 17 9,1,20,,172234,10,0,5 14 15 9,1,63,,172235,10,0,5 14 15 9,1,18,,172236,10,,,1,29,,172237,10,0,5 14 15 9,1,65,,172238,10,0,16 17 9,1,25,,172239,10,0,5 14 15 9,1,70,,172240,10,,,1,30,,172241,10,0,5 14 15 9,1,70,,172242,10,0,16 17 9,1,30,,172243,10,0,5 14 15 9,1,70,,172244,10,,,1,100,,172245,10,0,16 17 9,1,99,,172246,10,0,7 13,1
3301,'20260818',720,,172247,10,0,7 13,1,107,,172248,10,0,7 13,1,85,,172249,10,,,1,100,,172250,10,,,1,100,,172251,10,,,1,103,,172252,10,,,1,103,,172253,10,,,1,100,,172254,10,,,1,37,,172255,10,0,5 14 15 9,1,65,,172256,10,,,1,27,,172257,10,0,5 14 15 9,1,63,,172258,10,0,16 17 9,1,22,,172259,10,,,1,22,,172260,10,0,5 14 15 9,1,60,,172261,10,,,1,20,,172262,10,0,5 14 15 9,1,19,,172263,10,0,16 17 9,1,54,,172264,10,0,5 14 15 9,1,15,,172265,10,0,16 17 9,1,20,,172266,10,0,5 14 15 9,1,63,,172267,10,0,5 14 15 9,1,18,,172268,10,,,1,29,,172269,10,0,5 14 15 9,1,65,,172270,10,0,16 17 9,1,25,,172271,10,0,5 14 15 9,1,70,,172272,10,,,1,30,,172273,10,0,5 14 15 9,1,70,,172274,10,0,16 17 9,1,30,,172275,10,0,5 14 15 9,1,70,,172276,10,,,1,100,,172277,10,0,16 17 9,1,99,,172278,10,0,7 13,1
3301,'20260819',720,,172279,10,0,7 13,1,107,,172280,10,0,7 13,1,85,,172281,10,,,1,100,,172282,10,,,1,100,,172283,10,,,1,103,,172284,10,,,1,103,,172285,10,,,1,100,,172286,10,,,1,37,,172287,10,0,5 14 15 9,1,65,,172288,10,,,1,27,,172289,10,0,5 14 15 9,1,63,,172290,10,0,16 17 9,1,22,,172291,10,,,1,22,,172292,10,0,5 14 15 9,1,60,,172293,10,,,1,20,,172294,10,0,5 14 15 9,1,19,,172295,10,0,16 17 9,1,54,,172296,10,0,5 14 15 9,1,15,,172297,10,0,16 17 9,1,20,,172298,10,0,5 14 15 9,1,63,,172299,10,0,5 14 15 9,1,18,,172300,10,,,1,29,,172301,10,0,5 14 15 9,1,65,,172302,10,0,16 17 9,1,25,,172303,10,0,5 14 15 9,1,70,,172304,10,,,1,30,,172305,10,0,5 14 15 9,1,70,,172306,10,0,16 17 9,1,30,,172307,10,0,5 14 15 9,1,70,,172308,10,,,1,100,,172309,10,0,16 17 9,1,99,,172310,10,0,7 13,1
3301,'20260820',720,,172311,10,0,7 13,1,107,,172312,10,0,7 13,1,85,,172313,10,,,1,100,,172314,10,,,1,100,,172315,10,,,1,103,,172316,10,,,1,103,,172317,10,,,1,100,,172318,10,,,1,37,,172319,10,0,5 14 15 9,1,65,,172320,10,,,1,27,,172321,10,0,5 14 15 9,1,63,,172322,10,0,16 17 9,1,22,,172323,10,,,1,22,,172324,10,0,5 14 15 9,1,60,,172325,10,,,1,20,,172326,10,0,5 14 15 9,1,19,,172327,10,0,16 17 9,1,54,,172328,10,0,5 14 15 9,1,15,,172329,10,0,16 17 9,1,20,,172330,10,0,5 14 15 9,1,63,,172331,10,0,5 14 15 9,1,18,,172332,10,,,1,29,,172333,10,0,5 14 15 9,1,65,,172334,10,0,16 17 9,1,25,,172335,10,0,5 14 15 9,1,70,,172336,10,,,1,30,,172337,10,0,5 14 15 9,1,70,,172338,10,0,16 17 9,1,30,,172339,10,0,5 14 15 9,1,70,,172340,10,,,1,100,,172341,10,0,16 17 9,1,99,,172342,10,0,7 13,1
3301,'20260821',720,,172343,10,0,7 13,1,107,,172344,10,0,7 13,1,85,,172345,10,,,1,100,,172346,10,,,1,100,,172347,10,,,1,103,,172348,10,,,1,103,,172349,10,,,1,100,,172350,10,,,1,37,,172351,10,0,5 14 15 9,1,65,,172352,10,,,1,27,,172353,10,0,5 14 15 9,1,63,,172354,10,0,16 17 9,1,22,,172355,10,,,1,22,,172356,10,0,5 14 15 9,1,60,,172357,10,,,1,20,,172358,10,0,5 14 15 9,1,19,,172359,10,0,16 17 9,1,54,,172360,10,0,5 14 15 9,1,15,,172361,10,0,16 17 9,1,20,,172362,10,0,5 14 15 9,1,63,,172363,10,0,5 14 15 9,1,18,,172364,10,,,1,29,,172365,10,0,5 14 15 9,1,65,,172366,10,0,16 17 9,1,25,,172367,10,0,5 14 15 9,1,70,,172368,10,,,1,30,,172369,10,0,5 14 15 9,1,70,,172370,10,0,16 17 9,1,30,,172371,10,0,5 14 15 9,1,70,,172372,10,,,1,100,,172373,10,0,16 17 9,1,99,,172374,10,0,7 13,1
3301,'20260822',1015,,172376,10,,,1,200,,172378,10,,,1,197,,172380,10,,,1,197,,172382,10,,,1,202,,172383,10,,,1,200,,172384,10,,,1,200,,172385,10,,,1,209,,172386,10,,,1
3301,'20260823',1015,,172388,10,,,1,200,,172390,10,,,1,197,,172392,10,,,1,197,,172394,10,,,1,202,,172395,10,,,1,200,,172396,10,,,1,200,,172397,10,,,1,209,,172398,10,,,1
3301,'20260824',720,,172399,10,0,7 13,1,107,,172400,10,0,7 13,1,85,,172401,10,,,1,100,,172402,10,,,1,100,,172403,10,,,1,103,,172404,10,,,1,103,,172405,10,,,1,100,,172406,10,,,1,37,,172407,10,0,5 14 15 9,1,65,,172408,10,,,1,27,,172409,10,0,5 14 15 9,1,63,,172410,10,0,16 17 9,1,22,,172411,10,,,1,22,,172412,10,0,5 14 15 9,1,60,,172413,10,,,1,20,,172414,10,0,5 14 15 9,1,19,,172415,10,0,16 17 9,1,54,,172416,10,0,5 14 15 9,1,15,,172417,10,0,16 17 9,1,20,,172418,10,0,5 14 15 9,1,63,,172419,10,0,5 14 15 9,1,18,,172420,10,,,1,29,,172421,10,0,5 14 15 9,1,65,,172422,10,0,16 17 9,1,25,,172423,10,0,5 14 15 9,1,70,,172424,10,,,1,30,,172425,10,0,5 14 15 9,1,70,,172426,10,0,16 17 9,1,30,,172427,10,0,5 14 15 9,1,70,,172428,10,,,1,100,,172429,10,0,16 17 9,1,99,,172430,10,0,7 13,1
3301,'20260825',720,,172431,10,0,7 13,1,107,,172432,10,0,7 13,1,85,,172433,10,,,1,100,,172434,10,,,1,100,,172435,10,,,1,103,,172436,10,,,1,103,,172437,10,,,1,100,,172438,10,,,1,37,,172439,10,0,5 14 15 9,1,65,,172440,10,,,1,27,,172441,10,0,5 14 15 9,1,63,,172442,10,0,16 17 9,1,22,,172443,10,,,1,22,,172444,10,0,5 14 15 9,1,60,,172445,10,,,1,20,,172446,10,0,5 14 15 9,1,19,,172447,10,0,16 17 9,1,54,,172448,10,0,5 14 15 9,1,15,,172449,10,0,16 17 9,1,20,,172450,10,0,5 14 15 9,1,63,,172451,10,0,5 14 15 9,1,18,,172452,10,,,1,29,,172453,10,0,5 14 15 9,1,65,,172454,10,0,16 17 9,1,25,,172455,10,0,5 14 15 9,1,70,,172456,10,,,1,30,,172457,10,0,5 14 15 9,1,70,,172458,10,0,16 17 9,1,30,,172459,10,0,5 14 15 9,1,70,,172460,10,,,1,100,,172461,10,0,16 17 9,1,99,,172462,10,0,7 13,1
3301,'20260826',720,,172463,10,0,7 13,1,107,,172464,10,0,7 13,1,85,,172465,10,,,1,100,,172466,10,,,1,100,,172467,10,,,1,103,,172468,10,,,1,103,,172469,10,,,1,100,,172470,10,,,1,37,,172471,10,0,5 14 15 9,1,65,,172472,10,,,1,27,,172473,10,0,5 14 15 9,1,63,,172474,10,0,16 17 9,1,22,,172475,10,,,1,22,,172476,10,0,5 14 15 9,1,60,,172477,10,,,1,20,,172478,10,0,5 14 15 9,1,19,,172479,10,0,16 17 9,1,54,,172480,10,0,5 14 15 9,1,15,,172481,10,0,16 17 9,1,20,,172482,10,0,5 14 15 9,1,63,,172483,10,0,5 14 15 9,1,18,,172484,10,,,1,29,,172485,10,0,5 14 15 9,1,65,,172486,10,0,16 17 9,1,25,,172487,10,0,5 14 15 9,1,70,,172488,10,,,1,30,,172489,10,0,5 14 15 9,1,70,,172490,10,0,16 17 9,1,30,,172491,10,0,5 14 15 9,1,70,,172492,10,,,1,100,,172493,10,0,16 17 9,1,99,,172494,10,0,7 13,1
3301,'20260827',720,,172495,10,0,7 13,1,107,,172496,10,0,7 13,1,85,,172497,10,,,1,100,,172498,10,,,1,100,,172499,10,,,1,103,,172500,10,,,1,103,,172501,10,,,1,100,,172502,10,,,1,37,,172503,10,0,5 14 15 9,1,65,,172504,10,,,1,27,,172505,10,0,5 14 15 9,1,63,,172506,10,0,16 17 9,1,22,,172507,10,,,1,22,,172508,10,0,5 14 15 9,1,60,,172509,10,,,1,20,,172510,10,0,5 14 15 9,1,19,,172511,10,0,16 17 9,1,54,,172512,10,0,5 14 15 9,1,15,,172513,10,0,16 17 9,1,20,,172514,10,0,5 14 15 9,1,63,,172515,10,0,5 14 15 9,1,18,,172516,10,,,1,29,,172517,10,0,5 14 15 9,1,65,,172518,10,0,16 17 9,1,25,,172519,10,0,5 14 15 9,1,70,,172520,10,,,1,30,,172521,10,0,5 14 15 9,1,70,,172522,10,0,16 17 9,1,30,,172523,10,0,5 14 15 9,1,70,,172524,10,,,1,100,,172525,10,0,16 17 9,1,99,,172526,10,0,7 13,1
3301,'20260828',720,,172527,10,0,7 13,1,107,,172528,10,0,7 13,1,85,,172529,10,,,1,100,,172530,10,,,1,100,,172531,10,,,1,103,,172532,10,,,1,103,,172533,10,,,1,100,,172534,10,,,1,37,,172535,10,0,5 14 15 9,1,65,,172536,10,,,1,27,,172537,10,0,5 14 15 9,1,63,,172538,10,0,16 17 9,1,22,,172539,10,,,1,22,,172540,10,0,5 14 15 9,1,60,,172541,10,,,1,20,,172542,10,0,5 14 15 9,1,19,,172543,10,0,16 17 9,1,54,,172544,10,0,5 14 15 9,1,15,,172545,10,0,16 17 9,1,20,,172546,10,0,5 14 15 9,1,63,,172547,10,0,5 14 15 9,1,18,,172548,10,,,1,29,,172549,10,0,5 14 15 9,1,65,,172550,10,0,16 17 9,1,25,,172551,10,0,5 14 15 9,1,70,,172552,10,,,1,30,,172553,10,0,5 14 15 9,1,70,,172554,10,0,16 17 9,1,30,,172555,10,0,5 14 15 9,1,70,,172556,10,,,1,100,,172557,10,0,16 17 9,1,99,,172558,10,0,7 13,1
3301,'20260829',1015,,172560,10,,,1,200,,172562,10,,,1,197,,172564,10,,,1,197,,172566,10,,,1,202,,172567,10,,,1,200,,172568,10,,,1,200,,172569,10,,,1,209,,172570,10,,,1
3301,'20260830',1015,,172572,10,,,1,200,,172574,10,,,1,197,,172576,10,,,1,197,,172578,10,,,1,202,,172579,10,,,1,200,,172580,10,,,1,200,,172581,10,,,1,209,,172582,10,,,1
3301,'20260831',720,,172583,10,0,7 13,1,107,,172584,10,0,7 13,1,85,,172585,10,,,1,100,,172586,10,,,1,100,,172587,10,,,1,103,,172588,10,,,1,103,,172589,10,,,1,100,,172590,10,,,1,37,,172591,10,0,5 14 15 9,1,65,,172592,10,,,1,27,,172593,10,0,5 14 15 9,1,63,,172594,10,0,16 17 9,1,22,,172595,10,,,1,22,,172596,10,0,5 14 15 9,1,60,,172597,10,,,1,20,,172598,10,0,5 14 15 9,1,19,,172599,10,0,16 17 9,1,54,,172600,10,0,5 14 15 9,1,15,,172601,10,0,16 17 9,1,20,,172602,10,0,5 14 15 9,1,63,,172603,10,0,5 14 15 9,1,18,,172604,10,,,1,29,,172605,10,0,5 14 15 9,1,65,,172606,10,0,16 17 9,1,25,,172607,10,0,5 14 15 9,1,70,,172608,10,,,1,30,,172609,10,0,5 14 15 9,1,70,,172610,10,0,16 17 9,1,30,,172611,10,0,5 14 15 9,1,70,,172612,10,,,1,100,,172613,10,0,16 17 9,1,99,,172614,10,0,7 13,1
3301,'20260901',720,,172615,10,0,7 13,1,107,,172616,10,0,7 13,1,85,,172617,10,,,1,100,,172618,10,,,1,100,,172619,10,,,1,103,,172620,10,,,1,103,,172621,10,,,1,100,,172622,10,,,1,37,,172623,10,0,5 14 15 9,1,65,,172624,10,,,1,27,,172625,10,0,5 14 15 9,1,63,,172626,10,0,16 17 9,1,22,,172627,10,,,1,22,,172628,10,0,5 14 15 9,1,60,,172629,10,,,1,20,,172630,10,0,5 14 15 9,1,19,,172631,10,0,16 17 9,1,54,,172632,10,0,5 14 15 9,1,15,,172633,10,0,16 17 9,1,20,,172634,10,0,5 14 15 9,1,63,,172635,10,0,5 14 15 9,1,18,,172636,10,,,1,29,,172637,10,0,5 14 15 9,1,65,,172638,10,0,16 17 9,1,25,,172639,10,0,5 14 15 9,1,70,,172640,10,,,1,30,,172641,10,0,5 14 15 9,1,70,,172642,10,0,16 17 9,1,30,,172643,10,0,5 14 15 9,1,70,,172644,10,,,1,100,,172645,10,0,16 17 9,1,99,,172646,10,0,7 13,1
3301,'20260902',720,,172647,10,0,7 13,1,107,,172648,10,0,7 13,1,85,,172649,10,,,1,100,,172650,10,,,1,100,,172651,10,,,1,103,,172652,10,,,1,103,,172653,10,,,1,100,,172654,10,,,1,37,,172655,10,0,5 14 15 9,1,65,,172656,10,,,1,27,,172657,10,0,5 14 15 9,1,63,,172658,10,0,16 17 9,1,22,,172659,10,,,1,22,,172660,10,0,5 14 15 9,1,60,,172661,10,,,1,20,,172662,10,0,5 14 15 9,1,19,,172663,10,0,16 17 9,1,54,,172664,10,0,5 14 15 9,1,15,,172665,10,0,16 17 9,1,20,,172666,10,0,5 14 15 9,1,63,,172667,10,0,5 14 15 9,1,18,,172668,10,,,1,29,,172669,10,0,5 14 15 9,1,65,,172670,10,0,16 17 9,1,25,,172671,10,0,5 14 15 9,1,70,,172672,10,,,1,30,,172673,10,0,5 14 15 9,1,70,,172674,10,0,16 17 9,1,30,,172675,10,0,5 14 15 9,1,70,,172676,10,,,1,100,,172677,10,0,16 17 9,1,99,,172678,10,0,7 13,1
3301,'20260903',720,,172679,10,0,7 13,1,107,,172680,10,0,7 13,1,85,,172681,10,,,1,100,,172682,10,,,1,100,,172683,10,,,1,103,,172684,10,,,1,103,,172685,10,,,1,100,,172686,10,,,1,37,,172687,10,0,5 14 15 9,1,65,,172688,10,,,1,27,,172689,10,0,5 14 15 9,1,63,,172690,10,0,16 17 9,1,22,,172691,10,,,1,22,,172692,10,0,5 14 15 9,1,60,,172693,10,,,1,20,,172694,10,0,5 14 15 9,1,19,,172695,10,0,16 17 9,1,54,,172696,10,0,5 14 15 9,1,15,,172697,10,0,16 17 9,1,20,,172698,10,0,5 14 15 9,1,63,,172699,10,0,5 14 15 9,1,18,,172700,10,,,1,29,,172701,10,0,5 14 15 9,1,65,,172702,10,0,16 17 9,1,25,,172703,10,0,5 14 15 9,1,70,,172704,10,,,1,30,,172705,10,0,5 14 15 9,1,70,,172706,10,0,16 17 9,1,30,,172707,10,0,5 14 15 9,1,70,,172708,10,,,1,100,,172709,10,0,16 17 9,1,99,,172710,10,0,7 13,1
3301,'20260904',720,,172711,10,0,7 13,1,107,,172712,10,0,7 13,1,85,,172713,10,,,1,100,,172714,10,,,1,100,,172715,10,,,1,103,,172716,10,,,1,103,,172717,10,,,1,100,,172718,10,,,1,37,,172719,10,0,5 14 15 9,1,65,,172720,10,,,1,27,,172721,10,0,5 14 15 9,1,63,,172722,10,0,16 17 9,1,22,,172723,10,,,1,22,,172724,10,0,5 14 15 9,1,60,,172725,10,,,1,20,,172726,10,0,5 14 15 9,1,19,,172727,10,0,16 17 9,1,54,,172728,10,0,5 14 15 9,1,15,,172729,10,0,16 17 9,1,20,,172730,10,0,5 14 15 9,1,63,,172731,10,0,5 14 15 9,1,18,,172732,10,,,1,29,,172733,10,0,5 14 15 9,1,65,,172734,10,0,16 17 9,1,25,,172735,10,0,5 14 15 9,1,70,,172736,10,,,1,30,,172737,10,0,5 14 15 9,1,70,,172738,10,0,16 17 9,1,30,,172739,10,0,5 14 15 9,1,70,,172740,10,,,1,100,,172741,10,0,16 17 9,1,99,,172742,10,0,7 13,1
