1700,'20260707',704,,131868,12,,,1,110,,131869,12,,,1,100,,131870,12,,,1,95,,131871,12,,,1,101,,131872,12,,,1,102,,131873,12,,,1,200,,131874,12,,,1,102,,131875,12,,,1,102,,131876,12,,,1,100,,131877,12,,,1,101,,131878,12,,,1,96,,131879,12,,,1,108,,131880,12,,,1,182,,131881,12,,,1
1700,'20260708',704,,131882,12,,,1,110,,131883,12,,,1,100,,131884,12,,,1,95,,131885,12,,,1,101,,131886,12,,,1,102,,131887,12,,,1,200,,131888,12,,,1,102,,131889,12,,,1,102,,131890,12,,,1,100,,131891,12,,,1,101,,131892,12,,,1,96,,131893,12,,,1,108,,131894,12,,,1,182,,131895,12,,,1
1700,'20260709',704,,131896,12,,,1,110,,131897,12,,,1,100,,131898,12,,,1,95,,131899,12,,,1,101,,131900,12,,,1,102,,131901,12,,,1,200,,131902,12,,,1,102,,131903,12,,,1,102,,131904,12,,,1,100,,131905,12,,,1,101,,131906,12,,,1,96,,131907,12,,,1,108,,131908,12,,,1,182,,131909,12,,,1
1700,'20260710',704,,131910,12,,,1,110,,131911,12,,,1,100,,131912,12,,,1,95,,131913,12,,,1,101,,131914,12,,,1,102,,131915,12,,,1,200,,131916,12,,,1,102,,131917,12,,,1,102,,131918,12,,,1,100,,131919,12,,,1,101,,131920,12,,,1,96,,131921,12,,,1,108,,131922,12,,,1,182,,131923,12,,,1
1700,'20260713',704,,131924,12,,,1,110,,131925,12,,,1,100,,131926,12,,,1,95,,131927,12,,,1,101,,131928,12,,,1,102,,131929,12,,,1,200,,131930,12,,,1,102,,131931,12,,,1,102,,131932,12,,,1,100,,131933,12,,,1,101,,131934,12,,,1,96,,131935,12,,,1,108,,131936,12,,,1,182,,131937,12,,,1
1700,'20260714',704,,131938,12,,,1,110,,131939,12,,,1,100,,131940,12,,,1,95,,131941,12,,,1,101,,131942,12,,,1,102,,131943,12,,,1,200,,131944,12,,,1,102,,131945,12,,,1,102,,131946,12,,,1,100,,131947,12,,,1,101,,131948,12,,,1,96,,131949,12,,,1,108,,131950,12,,,1,182,,131951,12,,,1
1700,'20260715',704,,131952,12,,,1,110,,131953,12,,,1,100,,131954,12,,,1,95,,131955,12,,,1,101,,131956,12,,,1,102,,131957,12,,,1,200,,131958,12,,,1,102,,131959,12,,,1,102,,131960,12,,,1,100,,131961,12,,,1,101,,131962,12,,,1,96,,131963,12,,,1,108,,131964,12,,,1,182,,131965,12,,,1
1700,'20260716',704,,131966,12,,,1,110,,131967,12,,,1,100,,131968,12,,,1,95,,131969,12,,,1,101,,131970,12,,,1,102,,131971,12,,,1,200,,131972,12,,,1,102,,131973,12,,,1,102,,131974,12,,,1,100,,131975,12,,,1,101,,131976,12,,,1,96,,131977,12,,,1,108,,131978,12,,,1,182,,131979,12,,,1
1700,'20260717',704,,131980,12,,,1,110,,131981,12,,,1,100,,131982,12,,,1,95,,131983,12,,,1,101,,131984,12,,,1,102,,131985,12,,,1,200,,131986,12,,,1,102,,131987,12,,,1,102,,131988,12,,,1,100,,131989,12,,,1,101,,131990,12,,,1,96,,131991,12,,,1,108,,131992,12,,,1,182,,131993,12,,,1
1700,'20260720',704,,131994,12,,,1,110,,131995,12,,,1,100,,131996,12,,,1,95,,131997,12,,,1,101,,131998,12,,,1,102,,131999,12,,,1,200,,132000,12,,,1,102,,132001,12,,,1,102,,132002,12,,,1,100,,132003,12,,,1,101,,132004,12,,,1,96,,132005,12,,,1,108,,132006,12,,,1,182,,132007,12,,,1
1700,'20260721',704,,132008,12,,,1,110,,132009,12,,,1,100,,132010,12,,,1,95,,132011,12,,,1,101,,132012,12,,,1,102,,132013,12,,,1,200,,132014,12,,,1,102,,132015,12,,,1,102,,132016,12,,,1,100,,132017,12,,,1,101,,132018,12,,,1,96,,132019,12,,,1,108,,132020,12,,,1,182,,132021,12,,,1
1700,'20260722',704,,132022,12,,,1,110,,132023,12,,,1,100,,132024,12,,,1,95,,132025,12,,,1,101,,132026,12,,,1,102,,132027,12,,,1,200,,132028,12,,,1,102,,132029,12,,,1,102,,132030,12,,,1,100,,132031,12,,,1,101,,132032,12,,,1,96,,132033,12,,,1,108,,132034,12,,,1,182,,132035,12,,,1
1700,'20260723',704,,132036,12,,,1,110,,132037,12,,,1,100,,132038,12,,,1,95,,132039,12,,,1,101,,132040,12,,,1,102,,132041,12,,,1,200,,132042,12,,,1,102,,132043,12,,,1,102,,132044,12,,,1,100,,132045,12,,,1,101,,132046,12,,,1,96,,132047,12,,,1,108,,132048,12,,,1,182,,132049,12,,,1
1700,'20260724',704,,132050,12,,,1,110,,132051,12,,,1,100,,132052,12,,,1,95,,132053,12,,,1,101,,132054,12,,,1,102,,132055,12,,,1,200,,132056,12,,,1,102,,132057,12,,,1,102,,132058,12,,,1,100,,132059,12,,,1,101,,132060,12,,,1,96,,132061,12,,,1,108,,132062,12,,,1,182,,132063,12,,,1
1700,'20260727',704,,132064,12,,,1,110,,132065,12,,,1,100,,132066,12,,,1,95,,132067,12,,,1,101,,132068,12,,,1,102,,132069,12,,,1,200,,132070,12,,,1,102,,132071,12,,,1,102,,132072,12,,,1,100,,132073,12,,,1,101,,132074,12,,,1,96,,132075,12,,,1,108,,132076,12,,,1,182,,132077,12,,,1
1700,'20260728',704,,132078,12,,,1,110,,132079,12,,,1,100,,132080,12,,,1,95,,132081,12,,,1,101,,132082,12,,,1,102,,132083,12,,,1,200,,132084,12,,,1,102,,132085,12,,,1,102,,132086,12,,,1,100,,132087,12,,,1,101,,132088,12,,,1,96,,132089,12,,,1,108,,132090,12,,,1,182,,132091,12,,,1
1700,'20260729',704,,132092,12,,,1,110,,132093,12,,,1,100,,132094,12,,,1,95,,132095,12,,,1,101,,132096,12,,,1,102,,132097,12,,,1,200,,132098,12,,,1,102,,132099,12,,,1,102,,132100,12,,,1,100,,132101,12,,,1,101,,132102,12,,,1,96,,132103,12,,,1,108,,132104,12,,,1,182,,132105,12,,,1
1700,'20260730',704,,132106,12,,,1,110,,132107,12,,,1,100,,132108,12,,,1,95,,132109,12,,,1,101,,132110,12,,,1,102,,132111,12,,,1,200,,132112,12,,,1,102,,132113,12,,,1,102,,132114,12,,,1,100,,132115,12,,,1,101,,132116,12,,,1,96,,132117,12,,,1,108,,132118,12,,,1,182,,132119,12,,,1
1700,'20260731',704,,132120,12,,,1,110,,132121,12,,,1,100,,132122,12,,,1,95,,132123,12,,,1,101,,132124,12,,,1,102,,132125,12,,,1,200,,132126,12,,,1,102,,132127,12,,,1,102,,132128,12,,,1,100,,132129,12,,,1,101,,132130,12,,,1,96,,132131,12,,,1,108,,132132,12,,,1,182,,132133,12,,,1
1700,'20260804',704,,132134,12,,,1,110,,132135,12,,,1,100,,132136,12,,,1,95,,132137,12,,,1,101,,132138,12,,,1,102,,132139,12,,,1,200,,132140,12,,,1,102,,132141,12,,,1,102,,132142,12,,,1,100,,132143,12,,,1,101,,132144,12,,,1,96,,132145,12,,,1,108,,132146,12,,,1,182,,132147,12,,,1
1700,'20260805',704,,132148,12,,,1,110,,132149,12,,,1,100,,132150,12,,,1,95,,132151,12,,,1,101,,132152,12,,,1,102,,132153,12,,,1,200,,132154,12,,,1,102,,132155,12,,,1,102,,132156,12,,,1,100,,132157,12,,,1,101,,132158,12,,,1,96,,132159,12,,,1,108,,132160,12,,,1,182,,132161,12,,,1
1700,'20260806',704,,132162,12,,,1,110,,132163,12,,,1,100,,132164,12,,,1,95,,132165,12,,,1,101,,132166,12,,,1,102,,132167,12,,,1,200,,132168,12,,,1,102,,132169,12,,,1,102,,132170,12,,,1,100,,132171,12,,,1,101,,132172,12,,,1,96,,132173,12,,,1,108,,132174,12,,,1,182,,132175,12,,,1
1700,'20260807',704,,132176,12,,,1,110,,132177,12,,,1,100,,132178,12,,,1,95,,132179,12,,,1,101,,132180,12,,,1,102,,132181,12,,,1,200,,132182,12,,,1,102,,132183,12,,,1,102,,132184,12,,,1,100,,132185,12,,,1,101,,132186,12,,,1,96,,132187,12,,,1,108,,132188,12,,,1,182,,132189,12,,,1
1700,'20260810',704,,132190,12,,,1,110,,132191,12,,,1,100,,132192,12,,,1,95,,132193,12,,,1,101,,132194,12,,,1,102,,132195,12,,,1,200,,132196,12,,,1,102,,132197,12,,,1,102,,132198,12,,,1,100,,132199,12,,,1,101,,132200,12,,,1,96,,132201,12,,,1,108,,132202,12,,,1,182,,132203,12,,,1
1700,'20260811',704,,132204,12,,,1,110,,132205,12,,,1,100,,132206,12,,,1,95,,132207,12,,,1,101,,132208,12,,,1,102,,132209,12,,,1,200,,132210,12,,,1,102,,132211,12,,,1,102,,132212,12,,,1,100,,132213,12,,,1,101,,132214,12,,,1,96,,132215,12,,,1,108,,132216,12,,,1,182,,132217,12,,,1
1700,'20260812',704,,132218,12,,,1,110,,132219,12,,,1,100,,132220,12,,,1,95,,132221,12,,,1,101,,132222,12,,,1,102,,132223,12,,,1,200,,132224,12,,,1,102,,132225,12,,,1,102,,132226,12,,,1,100,,132227,12,,,1,101,,132228,12,,,1,96,,132229,12,,,1,108,,132230,12,,,1,182,,132231,12,,,1
1700,'20260813',704,,132232,12,,,1,110,,132233,12,,,1,100,,132234,12,,,1,95,,132235,12,,,1,101,,132236,12,,,1,102,,132237,12,,,1,200,,132238,12,,,1,102,,132239,12,,,1,102,,132240,12,,,1,100,,132241,12,,,1,101,,132242,12,,,1,96,,132243,12,,,1,108,,132244,12,,,1,182,,132245,12,,,1
1700,'20260814',704,,132246,12,,,1,110,,132247,12,,,1,100,,132248,12,,,1,95,,132249,12,,,1,101,,132250,12,,,1,102,,132251,12,,,1,200,,132252,12,,,1,102,,132253,12,,,1,102,,132254,12,,,1,100,,132255,12,,,1,101,,132256,12,,,1,96,,132257,12,,,1,108,,132258,12,,,1,182,,132259,12,,,1
1700,'20260817',704,,132260,12,,,1,110,,132261,12,,,1,100,,132262,12,,,1,95,,132263,12,,,1,101,,132264,12,,,1,102,,132265,12,,,1,200,,132266,12,,,1,102,,132267,12,,,1,102,,132268,12,,,1,100,,132269,12,,,1,101,,132270,12,,,1,96,,132271,12,,,1,108,,132272,12,,,1,182,,132273,12,,,1
1700,'20260818',704,,132274,12,,,1,110,,132275,12,,,1,100,,132276,12,,,1,95,,132277,12,,,1,101,,132278,12,,,1,102,,132279,12,,,1,200,,132280,12,,,1,102,,132281,12,,,1,102,,132282,12,,,1,100,,132283,12,,,1,101,,132284,12,,,1,96,,132285,12,,,1,108,,132286,12,,,1,182,,132287,12,,,1
1700,'20260819',704,,132288,12,,,1,110,,132289,12,,,1,100,,132290,12,,,1,95,,132291,12,,,1,101,,132292,12,,,1,102,,132293,12,,,1,200,,132294,12,,,1,102,,132295,12,,,1,102,,132296,12,,,1,100,,132297,12,,,1,101,,132298,12,,,1,96,,132299,12,,,1,108,,132300,12,,,1,182,,132301,12,,,1
1700,'20260820',704,,132302,12,,,1,110,,132303,12,,,1,100,,132304,12,,,1,95,,132305,12,,,1,101,,132306,12,,,1,102,,132307,12,,,1,200,,132308,12,,,1,102,,132309,12,,,1,102,,132310,12,,,1,100,,132311,12,,,1,101,,132312,12,,,1,96,,132313,12,,,1,108,,132314,12,,,1,182,,132315,12,,,1
1700,'20260821',704,,132316,12,,,1,110,,132317,12,,,1,100,,132318,12,,,1,95,,132319,12,,,1,101,,132320,12,,,1,102,,132321,12,,,1,200,,132322,12,,,1,102,,132323,12,,,1,102,,132324,12,,,1,100,,132325,12,,,1,101,,132326,12,,,1,96,,132327,12,,,1,108,,132328,12,,,1,182,,132329,12,,,1
1700,'20260824',704,,132330,12,,,1,110,,132331,12,,,1,100,,132332,12,,,1,95,,132333,12,,,1,101,,132334,12,,,1,102,,132335,12,,,1,200,,132336,12,,,1,102,,132337,12,,,1,102,,132338,12,,,1,100,,132339,12,,,1,101,,132340,12,,,1,96,,132341,12,,,1,108,,132342,12,,,1,182,,132343,12,,,1
1700,'20260825',704,,132344,12,,,1,110,,132345,12,,,1,100,,132346,12,,,1,95,,132347,12,,,1,101,,132348,12,,,1,102,,132349,12,,,1,200,,132350,12,,,1,102,,132351,12,,,1,102,,132352,12,,,1,100,,132353,12,,,1,101,,132354,12,,,1,96,,132355,12,,,1,108,,132356,12,,,1,182,,132357,12,,,1
1700,'20260826',704,,132358,12,,,1,110,,132359,12,,,1,100,,132360,12,,,1,95,,132361,12,,,1,101,,132362,12,,,1,102,,132363,12,,,1,200,,132364,12,,,1,102,,132365,12,,,1,102,,132366,12,,,1,100,,132367,12,,,1,101,,132368,12,,,1,96,,132369,12,,,1,108,,132370,12,,,1,182,,132371,12,,,1
1700,'20260827',704,,132372,12,,,1,110,,132373,12,,,1,100,,132374,12,,,1,95,,132375,12,,,1,101,,132376,12,,,1,102,,132377,12,,,1,200,,132378,12,,,1,102,,132379,12,,,1,102,,132380,12,,,1,100,,132381,12,,,1,101,,132382,12,,,1,96,,132383,12,,,1,108,,132384,12,,,1,182,,132385,12,,,1
1700,'20260828',704,,132386,12,,,1,110,,132387,12,,,1,100,,132388,12,,,1,95,,132389,12,,,1,101,,132390,12,,,1,102,,132391,12,,,1,200,,132392,12,,,1,102,,132393,12,,,1,102,,132394,12,,,1,100,,132395,12,,,1,101,,132396,12,,,1,96,,132397,12,,,1,108,,132398,12,,,1,182,,132399,12,,,1
1700,'20260831',704,,132400,12,,,1,110,,132401,12,,,1,100,,132402,12,,,1,95,,132403,12,,,1,101,,132404,12,,,1,102,,132405,12,,,1,200,,132406,12,,,1,102,,132407,12,,,1,102,,132408,12,,,1,100,,132409,12,,,1,101,,132410,12,,,1,96,,132411,12,,,1,108,,132412,12,,,1,182,,132413,12,,,1
1700,'20260901',704,,132414,12,,,1,110,,132415,12,,,1,100,,132416,12,,,1,95,,132417,12,,,1,101,,132418,12,,,1,102,,132419,12,,,1,200,,132420,12,,,1,102,,132421,12,,,1,102,,132422,12,,,1,100,,132423,12,,,1,101,,132424,12,,,1,96,,132425,12,,,1,108,,132426,12,,,1,182,,132427,12,,,1
1700,'20260902',704,,132428,12,,,1,110,,132429,12,,,1,100,,132430,12,,,1,95,,132431,12,,,1,101,,132432,12,,,1,102,,132433,12,,,1,200,,132434,12,,,1,102,,132435,12,,,1,102,,132436,12,,,1,100,,132437,12,,,1,101,,132438,12,,,1,96,,132439,12,,,1,108,,132440,12,,,1,182,,132441,12,,,1
1700,'20260903',704,,132442,12,,,1,110,,132443,12,,,1,100,,132444,12,,,1,95,,132445,12,,,1,101,,132446,12,,,1,102,,132447,12,,,1,200,,132448,12,,,1,102,,132449,12,,,1,102,,132450,12,,,1,100,,132451,12,,,1,101,,132452,12,,,1,96,,132453,12,,,1,108,,132454,12,,,1,182,,132455,12,,,1
1700,'20260904',704,,132456,12,,,1,110,,132457,12,,,1,100,,132458,12,,,1,95,,132459,12,,,1,101,,132460,12,,,1,102,,132461,12,,,1,200,,132462,12,,,1,102,,132463,12,,,1,102,,132464,12,,,1,100,,132465,12,,,1,101,,132466,12,,,1,96,,132467,12,,,1,108,,132468,12,,,1,182,,132469,12,,,1
2901,'20260707',741,,159080,9,,,1,60,,159081,9,,,1,40,,159082,9,,,1,100,,159083,9,,,1,100,,159084,9,,,1,100,,159085,9,,,1,100,,159086,9,,,1,100,,159087,9,,,1,100,,159088,9,,,1,100,,159089,9,,,1,108,,159090,9,,,1,100,,159091,9,,,1,97,,159092,9,,,1,165,,159093,9,,,1,197,,159094,9,,,1,300,,159095,9,,,1
2901,'20260708',741,,159096,9,,,1,60,,159097,9,,,1,40,,159098,9,,,1,100,,159099,9,,,1,100,,159100,9,,,1,100,,159101,9,,,1,100,,159102,9,,,1,100,,159103,9,,,1,100,,159104,9,,,1,100,,159105,9,,,1,108,,159106,9,,,1,100,,159107,9,,,1,97,,159108,9,,,1,165,,159109,9,,,1,197,,159110,9,,,1,300,,159111,9,,,1
2901,'20260709',741,,159112,9,,,1,60,,159113,9,,,1,40,,159114,9,,,1,100,,159115,9,,,1,100,,159116,9,,,1,100,,159117,9,,,1,100,,159118,9,,,1,100,,159119,9,,,1,100,,159120,9,,,1,100,,159121,9,,,1,108,,159122,9,,,1,100,,159123,9,,,1,97,,159124,9,,,1,165,,159125,9,,,1,197,,159126,9,,,1,300,,159127,9,,,1
2901,'20260710',741,,159128,9,,,1,60,,159129,9,,,1,40,,159130,9,,,1,100,,159131,9,,,1,100,,159132,9,,,1,100,,159133,9,,,1,100,,159134,9,,,1,100,,159135,9,,,1,100,,159136,9,,,1,100,,159137,9,,,1,108,,159138,9,,,1,100,,159139,9,,,1,97,,159140,9,,,1,165,,159141,9,,,1,197,,159142,9,,,1,300,,159143,9,,,1
2901,'20260711',912,,159144,9,,,1,100,,159145,9,,,1,104,,159146,9,,,1,100,,159147,9,,,1,100,,159148,9,,,1,101,,159149,9,,,1,100,,159150,9,,,1,100,,159151,9,,,1,100,,159152,9,,,1,100,,159153,9,,,1,100,,159154,9,,,1,99,,159155,9,,,1,100,,159156,9,,,1,100,,159157,9,,,1,98,,159158,9,,,1,199,,159159,9,,,1
2901,'20260712',912,,159160,9,,,1,100,,159161,9,,,1,104,,159162,9,,,1,100,,159163,9,,,1,100,,159164,9,,,1,101,,159165,9,,,1,100,,159166,9,,,1,100,,159167,9,,,1,100,,159168,9,,,1,100,,159169,9,,,1,100,,159170,9,,,1,99,,159171,9,,,1,100,,159172,9,,,1,100,,159173,9,,,1,98,,159174,9,,,1,199,,159175,9,,,1
2901,'20260713',741,,159176,9,,,1,60,,159177,9,,,1,40,,159178,9,,,1,100,,159179,9,,,1,100,,159180,9,,,1,100,,159181,9,,,1,100,,159182,9,,,1,100,,159183,9,,,1,100,,159184,9,,,1,100,,159185,9,,,1,108,,159186,9,,,1,100,,159187,9,,,1,97,,159188,9,,,1,165,,159189,9,,,1,197,,159190,9,,,1,300,,159191,9,,,1
2901,'20260714',741,,159192,9,,,1,60,,159193,9,,,1,40,,159194,9,,,1,100,,159195,9,,,1,100,,159196,9,,,1,100,,159197,9,,,1,100,,159198,9,,,1,100,,159199,9,,,1,100,,159200,9,,,1,100,,159201,9,,,1,108,,159202,9,,,1,100,,159203,9,,,1,97,,159204,9,,,1,165,,159205,9,,,1,197,,159206,9,,,1,300,,159207,9,,,1
2901,'20260715',741,,159208,9,,,1,60,,159209,9,,,1,40,,159210,9,,,1,100,,159211,9,,,1,100,,159212,9,,,1,100,,159213,9,,,1,100,,159214,9,,,1,100,,159215,9,,,1,100,,159216,9,,,1,100,,159217,9,,,1,108,,159218,9,,,1,100,,159219,9,,,1,97,,159220,9,,,1,165,,159221,9,,,1,197,,159222,9,,,1,300,,159223,9,,,1
2901,'20260716',741,,159224,9,,,1,60,,159225,9,,,1,40,,159226,9,,,1,100,,159227,9,,,1,100,,159228,9,,,1,100,,159229,9,,,1,100,,159230,9,,,1,100,,159231,9,,,1,100,,159232,9,,,1,100,,159233,9,,,1,108,,159234,9,,,1,100,,159235,9,,,1,97,,159236,9,,,1,165,,159237,9,,,1,197,,159238,9,,,1,300,,159239,9,,,1
2901,'20260717',741,,159240,9,,,1,60,,159241,9,,,1,40,,159242,9,,,1,100,,159243,9,,,1,100,,159244,9,,,1,100,,159245,9,,,1,100,,159246,9,,,1,100,,159247,9,,,1,100,,159248,9,,,1,100,,159249,9,,,1,108,,159250,9,,,1,100,,159251,9,,,1,97,,159252,9,,,1,165,,159253,9,,,1,197,,159254,9,,,1,300,,159255,9,,,1
2901,'20260718',912,,159256,9,,,1,100,,159257,9,,,1,104,,159258,9,,,1,100,,159259,9,,,1,100,,159260,9,,,1,101,,159261,9,,,1,100,,159262,9,,,1,100,,159263,9,,,1,100,,159264,9,,,1,100,,159265,9,,,1,100,,159266,9,,,1,99,,159267,9,,,1,100,,159268,9,,,1,100,,159269,9,,,1,98,,159270,9,,,1,199,,159271,9,,,1
2901,'20260719',912,,159272,9,,,1,100,,159273,9,,,1,104,,159274,9,,,1,100,,159275,9,,,1,100,,159276,9,,,1,101,,159277,9,,,1,100,,159278,9,,,1,100,,159279,9,,,1,100,,159280,9,,,1,100,,159281,9,,,1,100,,159282,9,,,1,99,,159283,9,,,1,100,,159284,9,,,1,100,,159285,9,,,1,98,,159286,9,,,1,199,,159287,9,,,1
2901,'20260720',741,,159288,9,,,1,60,,159289,9,,,1,40,,159290,9,,,1,100,,159291,9,,,1,100,,159292,9,,,1,100,,159293,9,,,1,100,,159294,9,,,1,100,,159295,9,,,1,100,,159296,9,,,1,100,,159297,9,,,1,108,,159298,9,,,1,100,,159299,9,,,1,97,,159300,9,,,1,165,,159301,9,,,1,197,,159302,9,,,1,300,,159303,9,,,1
2901,'20260721',741,,159304,9,,,1,60,,159305,9,,,1,40,,159306,9,,,1,100,,159307,9,,,1,100,,159308,9,,,1,100,,159309,9,,,1,100,,159310,9,,,1,100,,159311,9,,,1,100,,159312,9,,,1,100,,159313,9,,,1,108,,159314,9,,,1,100,,159315,9,,,1,97,,159316,9,,,1,165,,159317,9,,,1,197,,159318,9,,,1,300,,159319,9,,,1
2901,'20260722',741,,159320,9,,,1,60,,159321,9,,,1,40,,159322,9,,,1,100,,159323,9,,,1,100,,159324,9,,,1,100,,159325,9,,,1,100,,159326,9,,,1,100,,159327,9,,,1,100,,159328,9,,,1,100,,159329,9,,,1,108,,159330,9,,,1,100,,159331,9,,,1,97,,159332,9,,,1,165,,159333,9,,,1,197,,159334,9,,,1,300,,159335,9,,,1
2901,'20260723',741,,159336,9,,,1,60,,159337,9,,,1,40,,159338,9,,,1,100,,159339,9,,,1,100,,159340,9,,,1,100,,159341,9,,,1,100,,159342,9,,,1,100,,159343,9,,,1,100,,159344,9,,,1,100,,159345,9,,,1,108,,159346,9,,,1,100,,159347,9,,,1,97,,159348,9,,,1,165,,159349,9,,,1,197,,159350,9,,,1,300,,159351,9,,,1
2901,'20260724',741,,159352,9,,,1,60,,159353,9,,,1,40,,159354,9,,,1,100,,159355,9,,,1,100,,159356,9,,,1,100,,159357,9,,,1,100,,159358,9,,,1,100,,159359,9,,,1,100,,159360,9,,,1,100,,159361,9,,,1,108,,159362,9,,,1,100,,159363,9,,,1,97,,159364,9,,,1,165,,159365,9,,,1,197,,159366,9,,,1,300,,159367,9,,,1
2901,'20260725',912,,159368,9,,,1,100,,159369,9,,,1,104,,159370,9,,,1,100,,159371,9,,,1,100,,159372,9,,,1,101,,159373,9,,,1,100,,159374,9,,,1,100,,159375,9,,,1,100,,159376,9,,,1,100,,159377,9,,,1,100,,159378,9,,,1,99,,159379,9,,,1,100,,159380,9,,,1,100,,159381,9,,,1,98,,159382,9,,,1,199,,159383,9,,,1
2901,'20260726',912,,159384,9,,,1,100,,159385,9,,,1,104,,159386,9,,,1,100,,159387,9,,,1,100,,159388,9,,,1,101,,159389,9,,,1,100,,159390,9,,,1,100,,159391,9,,,1,100,,159392,9,,,1,100,,159393,9,,,1,100,,159394,9,,,1,99,,159395,9,,,1,100,,159396,9,,,1,100,,159397,9,,,1,98,,159398,9,,,1,199,,159399,9,,,1
2901,'20260727',741,,159400,9,,,1,60,,159401,9,,,1,40,,159402,9,,,1,100,,159403,9,,,1,100,,159404,9,,,1,100,,159405,9,,,1,100,,159406,9,,,1,100,,159407,9,,,1,100,,159408,9,,,1,100,,159409,9,,,1,108,,159410,9,,,1,100,,159411,9,,,1,97,,159412,9,,,1,165,,159413,9,,,1,197,,159414,9,,,1,300,,159415,9,,,1
2901,'20260728',741,,159416,9,,,1,60,,159417,9,,,1,40,,159418,9,,,1,100,,159419,9,,,1,100,,159420,9,,,1,100,,159421,9,,,1,100,,159422,9,,,1,100,,159423,9,,,1,100,,159424,9,,,1,100,,159425,9,,,1,108,,159426,9,,,1,100,,159427,9,,,1,97,,159428,9,,,1,165,,159429,9,,,1,197,,159430,9,,,1,300,,159431,9,,,1
2901,'20260729',741,,159432,9,,,1,60,,159433,9,,,1,40,,159434,9,,,1,100,,159435,9,,,1,100,,159436,9,,,1,100,,159437,9,,,1,100,,159438,9,,,1,100,,159439,9,,,1,100,,159440,9,,,1,100,,159441,9,,,1,108,,159442,9,,,1,100,,159443,9,,,1,97,,159444,9,,,1,165,,159445,9,,,1,197,,159446,9,,,1,300,,159447,9,,,1
2901,'20260730',741,,159448,9,,,1,60,,159449,9,,,1,40,,159450,9,,,1,100,,159451,9,,,1,100,,159452,9,,,1,100,,159453,9,,,1,100,,159454,9,,,1,100,,159455,9,,,1,100,,159456,9,,,1,100,,159457,9,,,1,108,,159458,9,,,1,100,,159459,9,,,1,97,,159460,9,,,1,165,,159461,9,,,1,197,,159462,9,,,1,300,,159463,9,,,1
2901,'20260731',741,,159464,9,,,1,60,,159465,9,,,1,40,,159466,9,,,1,100,,159467,9,,,1,100,,159468,9,,,1,100,,159469,9,,,1,100,,159470,9,,,1,100,,159471,9,,,1,100,,159472,9,,,1,100,,159473,9,,,1,108,,159474,9,,,1,100,,159475,9,,,1,97,,159476,9,,,1,165,,159477,9,,,1,197,,159478,9,,,1,300,,159479,9,,,1
2901,'20260801',912,,159480,9,,,1,100,,159481,9,,,1,104,,159482,9,,,1,100,,159483,9,,,1,100,,159484,9,,,1,101,,159485,9,,,1,100,,159486,9,,,1,100,,159487,9,,,1,100,,159488,9,,,1,100,,159489,9,,,1,100,,159490,9,,,1,99,,159491,9,,,1,100,,159492,9,,,1,100,,159493,9,,,1,98,,159494,9,,,1,199,,159495,9,,,1
2901,'20260802',912,,159496,9,,,1,100,,159497,9,,,1,104,,159498,9,,,1,100,,159499,9,,,1,100,,159500,9,,,1,101,,159501,9,,,1,100,,159502,9,,,1,100,,159503,9,,,1,100,,159504,9,,,1,100,,159505,9,,,1,100,,159506,9,,,1,99,,159507,9,,,1,100,,159508,9,,,1,100,,159509,9,,,1,98,,159510,9,,,1,199,,159511,9,,,1
2901,'20260803',912,,159512,9,,,1,100,,159513,9,,,1,104,,159514,9,,,1,100,,159515,9,,,1,100,,159516,9,,,1,101,,159517,9,,,1,100,,159518,9,,,1,100,,159519,9,,,1,100,,159520,9,,,1,100,,159521,9,,,1,100,,159522,9,,,1,99,,159523,9,,,1,100,,159524,9,,,1,100,,159525,9,,,1,98,,159526,9,,,1,199,,159527,9,,,1
2901,'20260804',741,,159528,9,,,1,60,,159529,9,,,1,40,,159530,9,,,1,100,,159531,9,,,1,100,,159532,9,,,1,100,,159533,9,,,1,100,,159534,9,,,1,100,,159535,9,,,1,100,,159536,9,,,1,100,,159537,9,,,1,108,,159538,9,,,1,100,,159539,9,,,1,97,,159540,9,,,1,165,,159541,9,,,1,197,,159542,9,,,1,300,,159543,9,,,1
2901,'20260805',741,,159544,9,,,1,60,,159545,9,,,1,40,,159546,9,,,1,100,,159547,9,,,1,100,,159548,9,,,1,100,,159549,9,,,1,100,,159550,9,,,1,100,,159551,9,,,1,100,,159552,9,,,1,100,,159553,9,,,1,108,,159554,9,,,1,100,,159555,9,,,1,97,,159556,9,,,1,165,,159557,9,,,1,197,,159558,9,,,1,300,,159559,9,,,1
2901,'20260806',741,,159560,9,,,1,60,,159561,9,,,1,40,,159562,9,,,1,100,,159563,9,,,1,100,,159564,9,,,1,100,,159565,9,,,1,100,,159566,9,,,1,100,,159567,9,,,1,100,,159568,9,,,1,100,,159569,9,,,1,108,,159570,9,,,1,100,,159571,9,,,1,97,,159572,9,,,1,165,,159573,9,,,1,197,,159574,9,,,1,300,,159575,9,,,1
2901,'20260807',741,,159576,9,,,1,60,,159577,9,,,1,40,,159578,9,,,1,100,,159579,9,,,1,100,,159580,9,,,1,100,,159581,9,,,1,100,,159582,9,,,1,100,,159583,9,,,1,100,,159584,9,,,1,100,,159585,9,,,1,108,,159586,9,,,1,100,,159587,9,,,1,97,,159588,9,,,1,165,,159589,9,,,1,197,,159590,9,,,1,300,,159591,9,,,1
2901,'20260808',912,,159592,9,,,1,100,,159593,9,,,1,104,,159594,9,,,1,100,,159595,9,,,1,100,,159596,9,,,1,101,,159597,9,,,1,100,,159598,9,,,1,100,,159599,9,,,1,100,,159600,9,,,1,100,,159601,9,,,1,100,,159602,9,,,1,99,,159603,9,,,1,100,,159604,9,,,1,100,,159605,9,,,1,98,,159606,9,,,1,199,,159607,9,,,1
2901,'20260809',912,,159608,9,,,1,100,,159609,9,,,1,104,,159610,9,,,1,100,,159611,9,,,1,100,,159612,9,,,1,101,,159613,9,,,1,100,,159614,9,,,1,100,,159615,9,,,1,100,,159616,9,,,1,100,,159617,9,,,1,100,,159618,9,,,1,99,,159619,9,,,1,100,,159620,9,,,1,100,,159621,9,,,1,98,,159622,9,,,1,199,,159623,9,,,1
2901,'20260810',741,,159624,9,,,1,60,,159625,9,,,1,40,,159626,9,,,1,100,,159627,9,,,1,100,,159628,9,,,1,100,,159629,9,,,1,100,,159630,9,,,1,100,,159631,9,,,1,100,,159632,9,,,1,100,,159633,9,,,1,108,,159634,9,,,1,100,,159635,9,,,1,97,,159636,9,,,1,165,,159637,9,,,1,197,,159638,9,,,1,300,,159639,9,,,1
2901,'20260811',741,,159640,9,,,1,60,,159641,9,,,1,40,,159642,9,,,1,100,,159643,9,,,1,100,,159644,9,,,1,100,,159645,9,,,1,100,,159646,9,,,1,100,,159647,9,,,1,100,,159648,9,,,1,100,,159649,9,,,1,108,,159650,9,,,1,100,,159651,9,,,1,97,,159652,9,,,1,165,,159653,9,,,1,197,,159654,9,,,1,300,,159655,9,,,1
2901,'20260812',741,,159656,9,,,1,60,,159657,9,,,1,40,,159658,9,,,1,100,,159659,9,,,1,100,,159660,9,,,1,100,,159661,9,,,1,100,,159662,9,,,1,100,,159663,9,,,1,100,,159664,9,,,1,100,,159665,9,,,1,108,,159666,9,,,1,100,,159667,9,,,1,97,,159668,9,,,1,165,,159669,9,,,1,197,,159670,9,,,1,300,,159671,9,,,1
2901,'20260813',741,,159672,9,,,1,60,,159673,9,,,1,40,,159674,9,,,1,100,,159675,9,,,1,100,,159676,9,,,1,100,,159677,9,,,1,100,,159678,9,,,1,100,,159679,9,,,1,100,,159680,9,,,1,100,,159681,9,,,1,108,,159682,9,,,1,100,,159683,9,,,1,97,,159684,9,,,1,165,,159685,9,,,1,197,,159686,9,,,1,300,,159687,9,,,1
2901,'20260814',741,,159688,9,,,1,60,,159689,9,,,1,40,,159690,9,,,1,100,,159691,9,,,1,100,,159692,9,,,1,100,,159693,9,,,1,100,,159694,9,,,1,100,,159695,9,,,1,100,,159696,9,,,1,100,,159697,9,,,1,108,,159698,9,,,1,100,,159699,9,,,1,97,,159700,9,,,1,165,,159701,9,,,1,197,,159702,9,,,1,300,,159703,9,,,1
2901,'20260815',912,,159704,9,,,1,100,,159705,9,,,1,104,,159706,9,,,1,100,,159707,9,,,1,100,,159708,9,,,1,101,,159709,9,,,1,100,,159710,9,,,1,100,,159711,9,,,1,100,,159712,9,,,1,100,,159713,9,,,1,100,,159714,9,,,1,99,,159715,9,,,1,100,,159716,9,,,1,100,,159717,9,,,1,98,,159718,9,,,1,199,,159719,9,,,1
2901,'20260816',912,,159720,9,,,1,100,,159721,9,,,1,104,,159722,9,,,1,100,,159723,9,,,1,100,,159724,9,,,1,101,,159725,9,,,1,100,,159726,9,,,1,100,,159727,9,,,1,100,,159728,9,,,1,100,,159729,9,,,1,100,,159730,9,,,1,99,,159731,9,,,1,100,,159732,9,,,1,100,,159733,9,,,1,98,,159734,9,,,1,199,,159735,9,,,1
2901,'20260817',741,,159736,9,,,1,60,,159737,9,,,1,40,,159738,9,,,1,100,,159739,9,,,1,100,,159740,9,,,1,100,,159741,9,,,1,100,,159742,9,,,1,100,,159743,9,,,1,100,,159744,9,,,1,100,,159745,9,,,1,108,,159746,9,,,1,100,,159747,9,,,1,97,,159748,9,,,1,165,,159749,9,,,1,197,,159750,9,,,1,300,,159751,9,,,1
2901,'20260818',741,,159752,9,,,1,60,,159753,9,,,1,40,,159754,9,,,1,100,,159755,9,,,1,100,,159756,9,,,1,100,,159757,9,,,1,100,,159758,9,,,1,100,,159759,9,,,1,100,,159760,9,,,1,100,,159761,9,,,1,108,,159762,9,,,1,100,,159763,9,,,1,97,,159764,9,,,1,165,,159765,9,,,1,197,,159766,9,,,1,300,,159767,9,,,1
2901,'20260819',741,,159768,9,,,1,60,,159769,9,,,1,40,,159770,9,,,1,100,,159771,9,,,1,100,,159772,9,,,1,100,,159773,9,,,1,100,,159774,9,,,1,100,,159775,9,,,1,100,,159776,9,,,1,100,,159777,9,,,1,108,,159778,9,,,1,100,,159779,9,,,1,97,,159780,9,,,1,165,,159781,9,,,1,197,,159782,9,,,1,300,,159783,9,,,1
2901,'20260820',741,,159784,9,,,1,60,,159785,9,,,1,40,,159786,9,,,1,100,,159787,9,,,1,100,,159788,9,,,1,100,,159789,9,,,1,100,,159790,9,,,1,100,,159791,9,,,1,100,,159792,9,,,1,100,,159793,9,,,1,108,,159794,9,,,1,100,,159795,9,,,1,97,,159796,9,,,1,165,,159797,9,,,1,197,,159798,9,,,1,300,,159799,9,,,1
2901,'20260821',741,,159800,9,,,1,60,,159801,9,,,1,40,,159802,9,,,1,100,,159803,9,,,1,100,,159804,9,,,1,100,,159805,9,,,1,100,,159806,9,,,1,100,,159807,9,,,1,100,,159808,9,,,1,100,,159809,9,,,1,108,,159810,9,,,1,100,,159811,9,,,1,97,,159812,9,,,1,165,,159813,9,,,1,197,,159814,9,,,1,300,,159815,9,,,1
2901,'20260822',912,,159816,9,,,1,100,,159817,9,,,1,104,,159818,9,,,1,100,,159819,9,,,1,100,,159820,9,,,1,101,,159821,9,,,1,100,,159822,9,,,1,100,,159823,9,,,1,100,,159824,9,,,1,100,,159825,9,,,1,100,,159826,9,,,1,99,,159827,9,,,1,100,,159828,9,,,1,100,,159829,9,,,1,98,,159830,9,,,1,199,,159831,9,,,1
2901,'20260823',912,,159832,9,,,1,100,,159833,9,,,1,104,,159834,9,,,1,100,,159835,9,,,1,100,,159836,9,,,1,101,,159837,9,,,1,100,,159838,9,,,1,100,,159839,9,,,1,100,,159840,9,,,1,100,,159841,9,,,1,100,,159842,9,,,1,99,,159843,9,,,1,100,,159844,9,,,1,100,,159845,9,,,1,98,,159846,9,,,1,199,,159847,9,,,1
2901,'20260824',741,,159848,9,,,1,60,,159849,9,,,1,40,,159850,9,,,1,100,,159851,9,,,1,100,,159852,9,,,1,100,,159853,9,,,1,100,,159854,9,,,1,100,,159855,9,,,1,100,,159856,9,,,1,100,,159857,9,,,1,108,,159858,9,,,1,100,,159859,9,,,1,97,,159860,9,,,1,165,,159861,9,,,1,197,,159862,9,,,1,300,,159863,9,,,1
2901,'20260825',741,,159864,9,,,1,60,,159865,9,,,1,40,,159866,9,,,1,100,,159867,9,,,1,100,,159868,9,,,1,100,,159869,9,,,1,100,,159870,9,,,1,100,,159871,9,,,1,100,,159872,9,,,1,100,,159873,9,,,1,108,,159874,9,,,1,100,,159875,9,,,1,97,,159876,9,,,1,165,,159877,9,,,1,197,,159878,9,,,1,300,,159879,9,,,1
2901,'20260826',741,,159880,9,,,1,60,,159881,9,,,1,40,,159882,9,,,1,100,,159883,9,,,1,100,,159884,9,,,1,100,,159885,9,,,1,100,,159886,9,,,1,100,,159887,9,,,1,100,,159888,9,,,1,100,,159889,9,,,1,108,,159890,9,,,1,100,,159891,9,,,1,97,,159892,9,,,1,165,,159893,9,,,1,197,,159894,9,,,1,300,,159895,9,,,1
2901,'20260827',741,,159896,9,,,1,60,,159897,9,,,1,40,,159898,9,,,1,100,,159899,9,,,1,100,,159900,9,,,1,100,,159901,9,,,1,100,,159902,9,,,1,100,,159903,9,,,1,100,,159904,9,,,1,100,,159905,9,,,1,108,,159906,9,,,1,100,,159907,9,,,1,97,,159908,9,,,1,165,,159909,9,,,1,197,,159910,9,,,1,300,,159911,9,,,1
2901,'20260828',741,,159912,9,,,1,60,,159913,9,,,1,40,,159914,9,,,1,100,,159915,9,,,1,100,,159916,9,,,1,100,,159917,9,,,1,100,,159918,9,,,1,100,,159919,9,,,1,100,,159920,9,,,1,100,,159921,9,,,1,108,,159922,9,,,1,100,,159923,9,,,1,97,,159924,9,,,1,165,,159925,9,,,1,197,,159926,9,,,1,300,,159927,9,,,1
2901,'20260829',912,,159928,9,,,1,100,,159929,9,,,1,104,,159930,9,,,1,100,,159931,9,,,1,100,,159932,9,,,1,101,,159933,9,,,1,100,,159934,9,,,1,100,,159935,9,,,1,100,,159936,9,,,1,100,,159937,9,,,1,100,,159938,9,,,1,99,,159939,9,,,1,100,,159940,9,,,1,100,,159941,9,,,1,98,,159942,9,,,1,199,,159943,9,,,1
2901,'20260830',912,,159944,9,,,1,100,,159945,9,,,1,104,,159946,9,,,1,100,,159947,9,,,1,100,,159948,9,,,1,101,,159949,9,,,1,100,,159950,9,,,1,100,,159951,9,,,1,100,,159952,9,,,1,100,,159953,9,,,1,100,,159954,9,,,1,99,,159955,9,,,1,100,,159956,9,,,1,100,,159957,9,,,1,98,,159958,9,,,1,199,,159959,9,,,1
2901,'20260831',741,,159960,9,,,1,60,,159961,9,,,1,40,,159962,9,,,1,100,,159963,9,,,1,100,,159964,9,,,1,100,,159965,9,,,1,100,,159966,9,,,1,100,,159967,9,,,1,100,,159968,9,,,1,100,,159969,9,,,1,108,,159970,9,,,1,100,,159971,9,,,1,97,,159972,9,,,1,165,,159973,9,,,1,197,,159974,9,,,1,300,,159975,9,,,1
2901,'20260901',741,,159976,9,,,1,60,,159977,9,,,1,40,,159978,9,,,1,100,,159979,9,,,1,100,,159980,9,,,1,100,,159981,9,,,1,100,,159982,9,,,1,100,,159983,9,,,1,100,,159984,9,,,1,100,,159985,9,,,1,108,,159986,9,,,1,100,,159987,9,,,1,97,,159988,9,,,1,165,,159989,9,,,1,197,,159990,9,,,1,300,,159991,9,,,1
2901,'20260902',741,,159992,9,,,1,60,,159993,9,,,1,40,,159994,9,,,1,100,,159995,9,,,1,100,,159996,9,,,1,100,,159997,9,,,1,100,,159998,9,,,1,100,,159999,9,,,1,100,,160000,9,,,1,100,,160001,9,,,1,108,,160002,9,,,1,100,,160003,9,,,1,97,,160004,9,,,1,165,,160005,9,,,1,197,,160006,9,,,1,300,,160007,9,,,1
2901,'20260903',741,,160008,9,,,1,60,,160009,9,,,1,40,,160010,9,,,1,100,,160011,9,,,1,100,,160012,9,,,1,100,,160013,9,,,1,100,,160014,9,,,1,100,,160015,9,,,1,100,,160016,9,,,1,100,,160017,9,,,1,108,,160018,9,,,1,100,,160019,9,,,1,97,,160020,9,,,1,165,,160021,9,,,1,197,,160022,9,,,1,300,,160023,9,,,1
2901,'20260904',741,,160024,9,,,1,60,,160025,9,,,1,40,,160026,9,,,1,100,,160027,9,,,1,100,,160028,9,,,1,100,,160029,9,,,1,100,,160030,9,,,1,100,,160031,9,,,1,100,,160032,9,,,1,100,,160033,9,,,1,108,,160034,9,,,1,100,,160035,9,,,1,97,,160036,9,,,1,165,,160037,9,,,1,197,,160038,9,,,1,300,,160039,9,,,1
4801,'20260707',714,,196283,23,,,1,103,,196284,23,,,1,105,,196285,23,,,1,97,,196286,23,,,1,97,,196287,23,,,1,200,,196288,23,,,1,208,,196289,23,,,1,105,,196290,23,,,1,103,,196291,23,,,1,105,,196292,23,,,1,87,,196293,23,,,1,90,,196294,23,,,1,100,,196295,23,,,1,95,,196296,23,,,1,196,,196297,23,,,1,200,,196298,23,,,1
4801,'20260708',714,,196299,23,,,1,103,,196300,23,,,1,105,,196301,23,,,1,97,,196302,23,,,1,97,,196303,23,,,1,200,,196304,23,,,1,208,,196305,23,,,1,105,,196306,23,,,1,103,,196307,23,,,1,105,,196308,23,,,1,87,,196309,23,,,1,90,,196310,23,,,1,100,,196311,23,,,1,95,,196312,23,,,1,196,,196313,23,,,1,200,,196314,23,,,1
4801,'20260709',714,,196315,23,,,1,103,,196316,23,,,1,105,,196317,23,,,1,97,,196318,23,,,1,97,,196319,23,,,1,200,,196320,23,,,1,208,,196321,23,,,1,105,,196322,23,,,1,103,,196323,23,,,1,105,,196324,23,,,1,87,,196325,23,,,1,90,,196326,23,,,1,100,,196327,23,,,1,95,,196328,23,,,1,196,,196329,23,,,1,200,,196330,23,,,1
4801,'20260710',714,,196331,23,,,1,103,,196332,23,,,1,105,,196333,23,,,1,97,,196334,23,,,1,97,,196335,23,,,1,200,,196336,23,,,1,208,,196337,23,,,1,105,,196338,23,,,1,103,,196339,23,,,1,105,,196340,23,,,1,87,,196341,23,,,1,90,,196342,23,,,1,100,,196343,23,,,1,95,,196344,23,,,1,196,,196345,23,,,1,200,,196346,23,,,1
4801,'20260713',714,,196347,23,,,1,103,,196348,23,,,1,105,,196349,23,,,1,97,,196350,23,,,1,97,,196351,23,,,1,200,,196352,23,,,1,208,,196353,23,,,1,105,,196354,23,,,1,103,,196355,23,,,1,105,,196356,23,,,1,87,,196357,23,,,1,90,,196358,23,,,1,100,,196359,23,,,1,95,,196360,23,,,1,196,,196361,23,,,1,200,,196362,23,,,1
4801,'20260714',714,,196363,23,,,1,103,,196364,23,,,1,105,,196365,23,,,1,97,,196366,23,,,1,97,,196367,23,,,1,200,,196368,23,,,1,208,,196369,23,,,1,105,,196370,23,,,1,103,,196371,23,,,1,105,,196372,23,,,1,87,,196373,23,,,1,90,,196374,23,,,1,100,,196375,23,,,1,95,,196376,23,,,1,196,,196377,23,,,1,200,,196378,23,,,1
4801,'20260715',714,,196379,23,,,1,103,,196380,23,,,1,105,,196381,23,,,1,97,,196382,23,,,1,97,,196383,23,,,1,200,,196384,23,,,1,208,,196385,23,,,1,105,,196386,23,,,1,103,,196387,23,,,1,105,,196388,23,,,1,87,,196389,23,,,1,90,,196390,23,,,1,100,,196391,23,,,1,95,,196392,23,,,1,196,,196393,23,,,1,200,,196394,23,,,1
4801,'20260716',714,,196395,23,,,1,103,,196396,23,,,1,105,,196397,23,,,1,97,,196398,23,,,1,97,,196399,23,,,1,200,,196400,23,,,1,208,,196401,23,,,1,105,,196402,23,,,1,103,,196403,23,,,1,105,,196404,23,,,1,87,,196405,23,,,1,90,,196406,23,,,1,100,,196407,23,,,1,95,,196408,23,,,1,196,,196409,23,,,1,200,,196410,23,,,1
4801,'20260717',714,,196411,23,,,1,103,,196412,23,,,1,105,,196413,23,,,1,97,,196414,23,,,1,97,,196415,23,,,1,200,,196416,23,,,1,208,,196417,23,,,1,105,,196418,23,,,1,103,,196419,23,,,1,105,,196420,23,,,1,87,,196421,23,,,1,90,,196422,23,,,1,100,,196423,23,,,1,95,,196424,23,,,1,196,,196425,23,,,1,200,,196426,23,,,1
4801,'20260720',714,,196427,23,,,1,103,,196428,23,,,1,105,,196429,23,,,1,97,,196430,23,,,1,97,,196431,23,,,1,200,,196432,23,,,1,208,,196433,23,,,1,105,,196434,23,,,1,103,,196435,23,,,1,105,,196436,23,,,1,87,,196437,23,,,1,90,,196438,23,,,1,100,,196439,23,,,1,95,,196440,23,,,1,196,,196441,23,,,1,200,,196442,23,,,1
4801,'20260721',714,,196443,23,,,1,103,,196444,23,,,1,105,,196445,23,,,1,97,,196446,23,,,1,97,,196447,23,,,1,200,,196448,23,,,1,208,,196449,23,,,1,105,,196450,23,,,1,103,,196451,23,,,1,105,,196452,23,,,1,87,,196453,23,,,1,90,,196454,23,,,1,100,,196455,23,,,1,95,,196456,23,,,1,196,,196457,23,,,1,200,,196458,23,,,1
4801,'20260722',714,,196459,23,,,1,103,,196460,23,,,1,105,,196461,23,,,1,97,,196462,23,,,1,97,,196463,23,,,1,200,,196464,23,,,1,208,,196465,23,,,1,105,,196466,23,,,1,103,,196467,23,,,1,105,,196468,23,,,1,87,,196469,23,,,1,90,,196470,23,,,1,100,,196471,23,,,1,95,,196472,23,,,1,196,,196473,23,,,1,200,,196474,23,,,1
4801,'20260723',714,,196475,23,,,1,103,,196476,23,,,1,105,,196477,23,,,1,97,,196478,23,,,1,97,,196479,23,,,1,200,,196480,23,,,1,208,,196481,23,,,1,105,,196482,23,,,1,103,,196483,23,,,1,105,,196484,23,,,1,87,,196485,23,,,1,90,,196486,23,,,1,100,,196487,23,,,1,95,,196488,23,,,1,196,,196489,23,,,1,200,,196490,23,,,1
4801,'20260724',714,,196491,23,,,1,103,,196492,23,,,1,105,,196493,23,,,1,97,,196494,23,,,1,97,,196495,23,,,1,200,,196496,23,,,1,208,,196497,23,,,1,105,,196498,23,,,1,103,,196499,23,,,1,105,,196500,23,,,1,87,,196501,23,,,1,90,,196502,23,,,1,100,,196503,23,,,1,95,,196504,23,,,1,196,,196505,23,,,1,200,,196506,23,,,1
4801,'20260727',714,,196507,23,,,1,103,,196508,23,,,1,105,,196509,23,,,1,97,,196510,23,,,1,97,,196511,23,,,1,200,,196512,23,,,1,208,,196513,23,,,1,105,,196514,23,,,1,103,,196515,23,,,1,105,,196516,23,,,1,87,,196517,23,,,1,90,,196518,23,,,1,100,,196519,23,,,1,95,,196520,23,,,1,196,,196521,23,,,1,200,,196522,23,,,1
4801,'20260728',714,,196523,23,,,1,103,,196524,23,,,1,105,,196525,23,,,1,97,,196526,23,,,1,97,,196527,23,,,1,200,,196528,23,,,1,208,,196529,23,,,1,105,,196530,23,,,1,103,,196531,23,,,1,105,,196532,23,,,1,87,,196533,23,,,1,90,,196534,23,,,1,100,,196535,23,,,1,95,,196536,23,,,1,196,,196537,23,,,1,200,,196538,23,,,1
4801,'20260729',714,,196539,23,,,1,103,,196540,23,,,1,105,,196541,23,,,1,97,,196542,23,,,1,97,,196543,23,,,1,200,,196544,23,,,1,208,,196545,23,,,1,105,,196546,23,,,1,103,,196547,23,,,1,105,,196548,23,,,1,87,,196549,23,,,1,90,,196550,23,,,1,100,,196551,23,,,1,95,,196552,23,,,1,196,,196553,23,,,1,200,,196554,23,,,1
4801,'20260730',714,,196555,23,,,1,103,,196556,23,,,1,105,,196557,23,,,1,97,,196558,23,,,1,97,,196559,23,,,1,200,,196560,23,,,1,208,,196561,23,,,1,105,,196562,23,,,1,103,,196563,23,,,1,105,,196564,23,,,1,87,,196565,23,,,1,90,,196566,23,,,1,100,,196567,23,,,1,95,,196568,23,,,1,196,,196569,23,,,1,200,,196570,23,,,1
4801,'20260731',714,,196571,23,,,1,103,,196572,23,,,1,105,,196573,23,,,1,97,,196574,23,,,1,97,,196575,23,,,1,200,,196576,23,,,1,208,,196577,23,,,1,105,,196578,23,,,1,103,,196579,23,,,1,105,,196580,23,,,1,87,,196581,23,,,1,90,,196582,23,,,1,100,,196583,23,,,1,95,,196584,23,,,1,196,,196585,23,,,1,200,,196586,23,,,1
4801,'20260804',714,,196587,23,,,1,103,,196588,23,,,1,105,,196589,23,,,1,97,,196590,23,,,1,97,,196591,23,,,1,200,,196592,23,,,1,208,,196593,23,,,1,105,,196594,23,,,1,103,,196595,23,,,1,105,,196596,23,,,1,87,,196597,23,,,1,90,,196598,23,,,1,100,,196599,23,,,1,95,,196600,23,,,1,196,,196601,23,,,1,200,,196602,23,,,1
4801,'20260805',714,,196603,23,,,1,103,,196604,23,,,1,105,,196605,23,,,1,97,,196606,23,,,1,97,,196607,23,,,1,200,,196608,23,,,1,208,,196609,23,,,1,105,,196610,23,,,1,103,,196611,23,,,1,105,,196612,23,,,1,87,,196613,23,,,1,90,,196614,23,,,1,100,,196615,23,,,1,95,,196616,23,,,1,196,,196617,23,,,1,200,,196618,23,,,1
4801,'20260806',714,,196619,23,,,1,103,,196620,23,,,1,105,,196621,23,,,1,97,,196622,23,,,1,97,,196623,23,,,1,200,,196624,23,,,1,208,,196625,23,,,1,105,,196626,23,,,1,103,,196627,23,,,1,105,,196628,23,,,1,87,,196629,23,,,1,90,,196630,23,,,1,100,,196631,23,,,1,95,,196632,23,,,1,196,,196633,23,,,1,200,,196634,23,,,1
4801,'20260807',714,,196635,23,,,1,103,,196636,23,,,1,105,,196637,23,,,1,97,,196638,23,,,1,97,,196639,23,,,1,200,,196640,23,,,1,208,,196641,23,,,1,105,,196642,23,,,1,103,,196643,23,,,1,105,,196644,23,,,1,87,,196645,23,,,1,90,,196646,23,,,1,100,,196647,23,,,1,95,,196648,23,,,1,196,,196649,23,,,1,200,,196650,23,,,1
4801,'20260810',714,,196651,23,,,1,103,,196652,23,,,1,105,,196653,23,,,1,97,,196654,23,,,1,97,,196655,23,,,1,200,,196656,23,,,1,208,,196657,23,,,1,105,,196658,23,,,1,103,,196659,23,,,1,105,,196660,23,,,1,87,,196661,23,,,1,90,,196662,23,,,1,100,,196663,23,,,1,95,,196664,23,,,1,196,,196665,23,,,1,200,,196666,23,,,1
4801,'20260811',714,,196667,23,,,1,103,,196668,23,,,1,105,,196669,23,,,1,97,,196670,23,,,1,97,,196671,23,,,1,200,,196672,23,,,1,208,,196673,23,,,1,105,,196674,23,,,1,103,,196675,23,,,1,105,,196676,23,,,1,87,,196677,23,,,1,90,,196678,23,,,1,100,,196679,23,,,1,95,,196680,23,,,1,196,,196681,23,,,1,200,,196682,23,,,1
4801,'20260812',714,,196683,23,,,1,103,,196684,23,,,1,105,,196685,23,,,1,97,,196686,23,,,1,97,,196687,23,,,1,200,,196688,23,,,1,208,,196689,23,,,1,105,,196690,23,,,1,103,,196691,23,,,1,105,,196692,23,,,1,87,,196693,23,,,1,90,,196694,23,,,1,100,,196695,23,,,1,95,,196696,23,,,1,196,,196697,23,,,1,200,,196698,23,,,1
4801,'20260813',714,,196699,23,,,1,103,,196700,23,,,1,105,,196701,23,,,1,97,,196702,23,,,1,97,,196703,23,,,1,200,,196704,23,,,1,208,,196705,23,,,1,105,,196706,23,,,1,103,,196707,23,,,1,105,,196708,23,,,1,87,,196709,23,,,1,90,,196710,23,,,1,100,,196711,23,,,1,95,,196712,23,,,1,196,,196713,23,,,1,200,,196714,23,,,1
4801,'20260814',714,,196715,23,,,1,103,,196716,23,,,1,105,,196717,23,,,1,97,,196718,23,,,1,97,,196719,23,,,1,200,,196720,23,,,1,208,,196721,23,,,1,105,,196722,23,,,1,103,,196723,23,,,1,105,,196724,23,,,1,87,,196725,23,,,1,90,,196726,23,,,1,100,,196727,23,,,1,95,,196728,23,,,1,196,,196729,23,,,1,200,,196730,23,,,1
4801,'20260817',714,,196731,23,,,1,103,,196732,23,,,1,105,,196733,23,,,1,97,,196734,23,,,1,97,,196735,23,,,1,200,,196736,23,,,1,208,,196737,23,,,1,105,,196738,23,,,1,103,,196739,23,,,1,105,,196740,23,,,1,87,,196741,23,,,1,90,,196742,23,,,1,100,,196743,23,,,1,95,,196744,23,,,1,196,,196745,23,,,1,200,,196746,23,,,1
4801,'20260818',714,,196747,23,,,1,103,,196748,23,,,1,105,,196749,23,,,1,97,,196750,23,,,1,97,,196751,23,,,1,200,,196752,23,,,1,208,,196753,23,,,1,105,,196754,23,,,1,103,,196755,23,,,1,105,,196756,23,,,1,87,,196757,23,,,1,90,,196758,23,,,1,100,,196759,23,,,1,95,,196760,23,,,1,196,,196761,23,,,1,200,,196762,23,,,1
4801,'20260819',714,,196763,23,,,1,103,,196764,23,,,1,105,,196765,23,,,1,97,,196766,23,,,1,97,,196767,23,,,1,200,,196768,23,,,1,208,,196769,23,,,1,105,,196770,23,,,1,103,,196771,23,,,1,105,,196772,23,,,1,87,,196773,23,,,1,90,,196774,23,,,1,100,,196775,23,,,1,95,,196776,23,,,1,196,,196777,23,,,1,200,,196778,23,,,1
4801,'20260820',714,,196779,23,,,1,103,,196780,23,,,1,105,,196781,23,,,1,97,,196782,23,,,1,97,,196783,23,,,1,200,,196784,23,,,1,208,,196785,23,,,1,105,,196786,23,,,1,103,,196787,23,,,1,105,,196788,23,,,1,87,,196789,23,,,1,90,,196790,23,,,1,100,,196791,23,,,1,95,,196792,23,,,1,196,,196793,23,,,1,200,,196794,23,,,1
4801,'20260821',714,,196795,23,,,1,103,,196796,23,,,1,105,,196797,23,,,1,97,,196798,23,,,1,97,,196799,23,,,1,200,,196800,23,,,1,208,,196801,23,,,1,105,,196802,23,,,1,103,,196803,23,,,1,105,,196804,23,,,1,87,,196805,23,,,1,90,,196806,23,,,1,100,,196807,23,,,1,95,,196808,23,,,1,196,,196809,23,,,1,200,,196810,23,,,1
4801,'20260824',714,,196811,23,,,1,103,,196812,23,,,1,105,,196813,23,,,1,97,,196814,23,,,1,97,,196815,23,,,1,200,,196816,23,,,1,208,,196817,23,,,1,105,,196818,23,,,1,103,,196819,23,,,1,105,,196820,23,,,1,87,,196821,23,,,1,90,,196822,23,,,1,100,,196823,23,,,1,95,,196824,23,,,1,196,,196825,23,,,1,200,,196826,23,,,1
4801,'20260825',714,,196827,23,,,1,103,,196828,23,,,1,105,,196829,23,,,1,97,,196830,23,,,1,97,,196831,23,,,1,200,,196832,23,,,1,208,,196833,23,,,1,105,,196834,23,,,1,103,,196835,23,,,1,105,,196836,23,,,1,87,,196837,23,,,1,90,,196838,23,,,1,100,,196839,23,,,1,95,,196840,23,,,1,196,,196841,23,,,1,200,,196842,23,,,1
4801,'20260826',714,,196843,23,,,1,103,,196844,23,,,1,105,,196845,23,,,1,97,,196846,23,,,1,97,,196847,23,,,1,200,,196848,23,,,1,208,,196849,23,,,1,105,,196850,23,,,1,103,,196851,23,,,1,105,,196852,23,,,1,87,,196853,23,,,1,90,,196854,23,,,1,100,,196855,23,,,1,95,,196856,23,,,1,196,,196857,23,,,1,200,,196858,23,,,1
4801,'20260827',714,,196859,23,,,1,103,,196860,23,,,1,105,,196861,23,,,1,97,,196862,23,,,1,97,,196863,23,,,1,200,,196864,23,,,1,208,,196865,23,,,1,105,,196866,23,,,1,103,,196867,23,,,1,105,,196868,23,,,1,87,,196869,23,,,1,90,,196870,23,,,1,100,,196871,23,,,1,95,,196872,23,,,1,196,,196873,23,,,1,200,,196874,23,,,1
4801,'20260828',714,,196875,23,,,1,103,,196876,23,,,1,105,,196877,23,,,1,97,,196878,23,,,1,97,,196879,23,,,1,200,,196880,23,,,1,208,,196881,23,,,1,105,,196882,23,,,1,103,,196883,23,,,1,105,,196884,23,,,1,87,,196885,23,,,1,90,,196886,23,,,1,100,,196887,23,,,1,95,,196888,23,,,1,196,,196889,23,,,1,200,,196890,23,,,1
4801,'20260831',714,,196891,23,,,1,103,,196892,23,,,1,105,,196893,23,,,1,97,,196894,23,,,1,97,,196895,23,,,1,200,,196896,23,,,1,208,,196897,23,,,1,105,,196898,23,,,1,103,,196899,23,,,1,105,,196900,23,,,1,87,,196901,23,,,1,90,,196902,23,,,1,100,,196903,23,,,1,95,,196904,23,,,1,196,,196905,23,,,1,200,,196906,23,,,1
4801,'20260901',714,,196907,23,,,1,103,,196908,23,,,1,105,,196909,23,,,1,97,,196910,23,,,1,97,,196911,23,,,1,200,,196912,23,,,1,208,,196913,23,,,1,105,,196914,23,,,1,103,,196915,23,,,1,105,,196916,23,,,1,87,,196917,23,,,1,90,,196918,23,,,1,100,,196919,23,,,1,95,,196920,23,,,1,196,,196921,23,,,1,200,,196922,23,,,1
4801,'20260902',714,,196923,23,,,1,103,,196924,23,,,1,105,,196925,23,,,1,97,,196926,23,,,1,97,,196927,23,,,1,200,,196928,23,,,1,208,,196929,23,,,1,105,,196930,23,,,1,103,,196931,23,,,1,105,,196932,23,,,1,87,,196933,23,,,1,90,,196934,23,,,1,100,,196935,23,,,1,95,,196936,23,,,1,196,,196937,23,,,1,200,,196938,23,,,1
4801,'20260903',714,,196939,23,,,1,103,,196940,23,,,1,105,,196941,23,,,1,97,,196942,23,,,1,97,,196943,23,,,1,200,,196944,23,,,1,208,,196945,23,,,1,105,,196946,23,,,1,103,,196947,23,,,1,105,,196948,23,,,1,87,,196949,23,,,1,90,,196950,23,,,1,100,,196951,23,,,1,95,,196952,23,,,1,196,,196953,23,,,1,200,,196954,23,,,1
4801,'20260904',714,,196955,23,,,1,103,,196956,23,,,1,105,,196957,23,,,1,97,,196958,23,,,1,97,,196959,23,,,1,200,,196960,23,,,1,208,,196961,23,,,1,105,,196962,23,,,1,103,,196963,23,,,1,105,,196964,23,,,1,87,,196965,23,,,1,90,,196966,23,,,1,100,,196967,23,,,1,95,,196968,23,,,1,196,,196969,23,,,1,200,,196970,23,,,1
