7001,'20260722',1050,,206584,14,0,34 14 36 9,1,200,,206585,14,0,34 14 36 9,1,200,,206586,14,0,34 14 36 9,1,179,,206587,14,,,1,221,,206588,14,0,34 14 36 9,1,203,,206589,14,0,34 14 36 9,1
7001,'20260723',1050,,206592,14,0,34 14 36 9,1,200,,206593,14,0,34 14 36 9,1,200,,206594,14,0,34 14 36 9,1,179,,206595,14,,,1,221,,206596,14,0,34 14 36 9,1,203,,206597,14,0,34 14 36 9,1
7001,'20260724',1050,,206600,14,0,34 14 36 9,1,200,,206601,14,0,34 14 36 9,1,200,,206602,14,0,34 14 36 9,1,179,,206603,14,,,1,221,,206604,14,0,34 14 36 9,1,203,,206605,14,0,34 14 36 9,1
7001,'20260725',950,,206607,14,0,34 14 36 9,1,200,,206608,14,0,34 14 36 9,1,200,,206609,14,0,34 14 36 9,1,200,,206610,14,0,34 14 36 9,1,200,,206611,14,0,34 14 36 9,1,203,,206612,14,0,34 14 36 9,1
7001,'20260726',950,,206614,14,0,34 14 36 9,1,200,,206615,14,0,34 14 36 9,1,200,,206616,14,0,34 14 36 9,1,200,,206617,14,0,34 14 36 9,1,200,,206618,14,0,34 14 36 9,1,203,,206619,14,0,34 14 36 9,1
7001,'20260727',1050,,206622,14,0,34 14 36 9,1,200,,206623,14,0,34 14 36 9,1,200,,206624,14,0,34 14 36 9,1,179,,206625,14,,,1,221,,206626,14,0,34 14 36 9,1,203,,206627,14,0,34 14 36 9,1
7001,'20260728',1050,,206630,14,0,34 14 36 9,1,200,,206631,14,0,34 14 36 9,1,200,,206632,14,0,34 14 36 9,1,179,,206633,14,,,1,221,,206634,14,0,34 14 36 9,1,203,,206635,14,0,34 14 36 9,1
7001,'20260729',1050,,206638,14,0,34 14 36 9,1,200,,206639,14,0,34 14 36 9,1,200,,206640,14,0,34 14 36 9,1,179,,206641,14,,,1,221,,206642,14,0,34 14 36 9,1,203,,206643,14,0,34 14 36 9,1
7001,'20260730',1050,,206646,14,0,34 14 36 9,1,200,,206647,14,0,34 14 36 9,1,200,,206648,14,0,34 14 36 9,1,179,,206649,14,,,1,221,,206650,14,0,34 14 36 9,1,203,,206651,14,0,34 14 36 9,1
7001,'20260731',1050,,206654,14,0,34 14 36 9,1,200,,206655,14,0,34 14 36 9,1,200,,206656,14,0,34 14 36 9,1,179,,206657,14,,,1,221,,206658,14,0,34 14 36 9,1,203,,206659,14,0,34 14 36 9,1
7001,'20260801',950,,206661,14,0,34 14 36 9,1,200,,206662,14,0,34 14 36 9,1,200,,206663,14,0,34 14 36 9,1,200,,206664,14,0,34 14 36 9,1,200,,206665,14,0,34 14 36 9,1,203,,206666,14,0,34 14 36 9,1
7001,'20260802',950,,206668,14,0,34 14 36 9,1,200,,206669,14,0,34 14 36 9,1,200,,206670,14,0,34 14 36 9,1,200,,206671,14,0,34 14 36 9,1,200,,206672,14,0,34 14 36 9,1,203,,206673,14,0,34 14 36 9,1
7001,'20260803',950,,206675,14,0,34 14 36 9,1,200,,206676,14,0,34 14 36 9,1,200,,206677,14,0,34 14 36 9,1,200,,206678,14,0,34 14 36 9,1,200,,206679,14,0,34 14 36 9,1,203,,206680,14,0,34 14 36 9,1
7001,'20260804',1050,,206683,14,0,34 14 36 9,1,200,,206684,14,0,34 14 36 9,1,200,,206685,14,0,34 14 36 9,1,179,,206686,14,,,1,221,,206687,14,0,34 14 36 9,1,203,,206688,14,0,34 14 36 9,1
7001,'20260805',1050,,206691,14,0,34 14 36 9,1,200,,206692,14,0,34 14 36 9,1,200,,206693,14,0,34 14 36 9,1,179,,206694,14,,,1,221,,206695,14,0,34 14 36 9,1,203,,206696,14,0,34 14 36 9,1
7001,'20260806',1050,,206699,14,0,34 14 36 9,1,200,,206700,14,0,34 14 36 9,1,200,,206701,14,0,34 14 36 9,1,179,,206702,14,,,1,221,,206703,14,0,34 14 36 9,1,203,,206704,14,0,34 14 36 9,1
7001,'20260807',1050,,206707,14,0,34 14 36 9,1,200,,206708,14,0,34 14 36 9,1,200,,206709,14,0,34 14 36 9,1,179,,206710,14,,,1,221,,206711,14,0,34 14 36 9,1,203,,206712,14,0,34 14 36 9,1
7001,'20260808',950,,206714,14,0,34 14 36 9,1,200,,206715,14,0,34 14 36 9,1,200,,206716,14,0,34 14 36 9,1,200,,206717,14,0,34 14 36 9,1,200,,206718,14,0,34 14 36 9,1,203,,206719,14,0,34 14 36 9,1
7001,'20260809',950,,206721,14,0,34 14 36 9,1,200,,206722,14,0,34 14 36 9,1,200,,206723,14,0,34 14 36 9,1,200,,206724,14,0,34 14 36 9,1,200,,206725,14,0,34 14 36 9,1,203,,206726,14,0,34 14 36 9,1
7001,'20260810',1050,,206729,14,0,34 14 36 9,1,200,,206730,14,0,34 14 36 9,1,200,,206731,14,0,34 14 36 9,1,179,,206732,14,,,1,221,,206733,14,0,34 14 36 9,1,203,,206734,14,0,34 14 36 9,1
7001,'20260811',1050,,206737,14,0,34 14 36 9,1,200,,206738,14,0,34 14 36 9,1,200,,206739,14,0,34 14 36 9,1,179,,206740,14,,,1,221,,206741,14,0,34 14 36 9,1,203,,206742,14,0,34 14 36 9,1
7001,'20260812',1050,,206745,14,0,34 14 36 9,1,200,,206746,14,0,34 14 36 9,1,200,,206747,14,0,34 14 36 9,1,179,,206748,14,,,1,221,,206749,14,0,34 14 36 9,1,203,,206750,14,0,34 14 36 9,1
7001,'20260813',1050,,206753,14,0,34 14 36 9,1,200,,206754,14,0,34 14 36 9,1,200,,206755,14,0,34 14 36 9,1,179,,206756,14,,,1,221,,206757,14,0,34 14 36 9,1,203,,206758,14,0,34 14 36 9,1
7001,'20260814',1050,,206761,14,0,34 14 36 9,1,200,,206762,14,0,34 14 36 9,1,200,,206763,14,0,34 14 36 9,1,179,,206764,14,,,1,221,,206765,14,0,34 14 36 9,1,203,,206766,14,0,34 14 36 9,1
7001,'20260815',950,,206768,14,0,34 14 36 9,1,200,,206769,14,0,34 14 36 9,1,200,,206770,14,0,34 14 36 9,1,200,,206771,14,0,34 14 36 9,1,200,,206772,14,0,34 14 36 9,1,203,,206773,14,0,34 14 36 9,1
7001,'20260816',950,,206775,14,0,34 14 36 9,1,200,,206776,14,0,34 14 36 9,1,200,,206777,14,0,34 14 36 9,1,200,,206778,14,0,34 14 36 9,1,200,,206779,14,0,34 14 36 9,1,203,,206780,14,0,34 14 36 9,1
7001,'20260817',1050,,206783,14,0,34 14 36 9,1,200,,206784,14,0,34 14 36 9,1,200,,206785,14,0,34 14 36 9,1,179,,206786,14,,,1,221,,206787,14,0,34 14 36 9,1,203,,206788,14,0,34 14 36 9,1
7001,'20260818',1050,,206791,14,0,34 14 36 9,1,200,,206792,14,0,34 14 36 9,1,200,,206793,14,0,34 14 36 9,1,179,,206794,14,,,1,221,,206795,14,0,34 14 36 9,1,203,,206796,14,0,34 14 36 9,1
7001,'20260819',1050,,206799,14,0,34 14 36 9,1,200,,206800,14,0,34 14 36 9,1,200,,206801,14,0,34 14 36 9,1,179,,206802,14,,,1,221,,206803,14,0,34 14 36 9,1,203,,206804,14,0,34 14 36 9,1
7001,'20260820',1050,,206807,14,0,34 14 36 9,1,200,,206808,14,0,34 14 36 9,1,200,,206809,14,0,34 14 36 9,1,179,,206810,14,,,1,221,,206811,14,0,34 14 36 9,1,203,,206812,14,0,34 14 36 9,1
7001,'20260821',1050,,206815,14,0,34 14 36 9,1,200,,206816,14,0,34 14 36 9,1,200,,206817,14,0,34 14 36 9,1,179,,206818,14,,,1,221,,206819,14,0,34 14 36 9,1,203,,206820,14,0,34 14 36 9,1
7001,'20260822',950,,206822,14,0,34 14 36 9,1,200,,206823,14,0,34 14 36 9,1,200,,206824,14,0,34 14 36 9,1,200,,206825,14,0,34 14 36 9,1,200,,206826,14,0,34 14 36 9,1,203,,206827,14,0,34 14 36 9,1
7001,'20260823',950,,206829,14,0,34 14 36 9,1,200,,206830,14,0,34 14 36 9,1,200,,206831,14,0,34 14 36 9,1,200,,206832,14,0,34 14 36 9,1,200,,206833,14,0,34 14 36 9,1,203,,206834,14,0,34 14 36 9,1
7001,'20260824',1050,,206837,14,0,34 14 36 9,1,200,,206838,14,0,34 14 36 9,1,200,,206839,14,0,34 14 36 9,1,179,,206840,14,,,1,221,,206841,14,0,34 14 36 9,1,203,,206842,14,0,34 14 36 9,1
7001,'20260825',1050,,206845,14,0,34 14 36 9,1,200,,206846,14,0,34 14 36 9,1,200,,206847,14,0,34 14 36 9,1,179,,206848,14,,,1,221,,206849,14,0,34 14 36 9,1,203,,206850,14,0,34 14 36 9,1
7001,'20260826',1050,,206853,14,0,34 14 36 9,1,200,,206854,14,0,34 14 36 9,1,200,,206855,14,0,34 14 36 9,1,179,,206856,14,,,1,221,,206857,14,0,34 14 36 9,1,203,,206858,14,0,34 14 36 9,1
7001,'20260827',1050,,206861,14,0,34 14 36 9,1,200,,206862,14,0,34 14 36 9,1,200,,206863,14,0,34 14 36 9,1,179,,206864,14,,,1,221,,206865,14,0,34 14 36 9,1,203,,206866,14,0,34 14 36 9,1
7001,'20260828',1050,,206869,14,0,34 14 36 9,1,200,,206870,14,0,34 14 36 9,1,200,,206871,14,0,34 14 36 9,1,179,,206872,14,,,1,221,,206873,14,0,34 14 36 9,1,203,,206874,14,0,34 14 36 9,1
7001,'20260829',950,,206876,14,0,34 14 36 9,1,200,,206877,14,0,34 14 36 9,1,200,,206878,14,0,34 14 36 9,1,200,,206879,14,0,34 14 36 9,1,200,,206880,14,0,34 14 36 9,1,203,,206881,14,0,34 14 36 9,1
7001,'20260830',950,,206883,14,0,34 14 36 9,1,200,,206884,14,0,34 14 36 9,1,200,,206885,14,0,34 14 36 9,1,200,,206886,14,0,34 14 36 9,1,200,,206887,14,0,34 14 36 9,1,203,,206888,14,0,34 14 36 9,1
7001,'20260831',1050,,206891,14,0,34 14 36 9,1,200,,206892,14,0,34 14 36 9,1,200,,206893,14,0,34 14 36 9,1,179,,206894,14,,,1,221,,206895,14,0,34 14 36 9,1,203,,206896,14,0,34 14 36 9,1
7001,'20260901',1050,,206899,14,0,34 14 36 9,1,200,,206900,14,0,34 14 36 9,1,200,,206901,14,0,34 14 36 9,1,179,,206902,14,,,1,221,,206903,14,0,34 14 36 9,1,203,,206904,14,0,34 14 36 9,1
7001,'20260902',1050,,206907,14,0,34 14 36 9,1,200,,206908,14,0,34 14 36 9,1,200,,206909,14,0,34 14 36 9,1,179,,206910,14,,,1,221,,206911,14,0,34 14 36 9,1,203,,206912,14,0,34 14 36 9,1
7001,'20260903',1050,,206915,14,0,34 14 36 9,1,200,,206916,14,0,34 14 36 9,1,200,,206917,14,0,34 14 36 9,1,179,,206918,14,,,1,221,,206919,14,0,34 14 36 9,1,203,,206920,14,0,34 14 36 9,1
7001,'20260904',1050,,206923,14,0,34 14 36 9,1,200,,206924,14,0,34 14 36 9,1,200,,206925,14,0,34 14 36 9,1,179,,206926,14,,,1,221,,206927,14,0,34 14 36 9,1,203,,206928,14,0,34 14 36 9,1
7101,'20260722',442,,207473,14,,,1,1100,,207475,2,0,31 29 30,1,265,,207476,14,,,1,500,,207477,14,,,1,205,,207478,2,0,31 29 30,1
7101,'20260723',442,,207479,14,,,1,1100,,207481,2,0,31 29 30,1,265,,207482,14,,,1,500,,207483,14,,,1,205,,207484,2,0,31 29 30,1
7101,'20260724',442,,207485,14,,,1,1100,,207487,2,0,31 29 30,1,265,,207488,14,,,1,500,,207489,14,,,1,205,,207490,2,0,31 29 30,1
7101,'20260725',609,,207491,14,,,1,1545,,207492,14,,,1,158,,207493,2,0,31 29 30,1,200,,207494,2,0,31 29 30,1
7101,'20260726',609,,207495,14,,,1,1545,,207496,14,,,1,158,,207497,2,0,31 29 30,1,200,,207498,2,0,31 29 30,1
7101,'20260727',442,,207499,14,,,1,1100,,207501,2,0,31 29 30,1,265,,207502,14,,,1,500,,207503,14,,,1,205,,207504,2,0,31 29 30,1
7101,'20260728',442,,207505,14,,,1,1100,,207507,2,0,31 29 30,1,265,,207508,14,,,1,500,,207509,14,,,1,205,,207510,2,0,31 29 30,1
7101,'20260729',442,,207511,14,,,1,1100,,207513,2,0,31 29 30,1,265,,207514,14,,,1,500,,207515,14,,,1,205,,207516,2,0,31 29 30,1
7101,'20260730',442,,207517,14,,,1,1100,,207519,2,0,31 29 30,1,265,,207520,14,,,1,500,,207521,14,,,1,205,,207522,2,0,31 29 30,1
7101,'20260731',442,,207523,14,,,1,1100,,207525,2,0,31 29 30,1,265,,207526,14,,,1,500,,207527,14,,,1,205,,207528,2,0,31 29 30,1
7101,'20260801',609,,207529,14,,,1,1545,,207530,14,,,1,158,,207531,2,0,31 29 30,1,200,,207532,2,0,31 29 30,1
7101,'20260802',609,,207533,14,,,1,1545,,207534,14,,,1,158,,207535,2,0,31 29 30,1,200,,207536,2,0,31 29 30,1
7101,'20260803',609,,207537,14,,,1,1545,,207538,14,,,1,158,,207539,2,0,31 29 30,1,200,,207540,2,0,31 29 30,1
7101,'20260804',442,,207541,14,,,1,1100,,207543,2,0,31 29 30,1,265,,207544,14,,,1,500,,207545,14,,,1,205,,207546,2,0,31 29 30,1
7101,'20260805',442,,207547,14,,,1,1100,,207549,2,0,31 29 30,1,265,,207550,14,,,1,500,,207551,14,,,1,205,,207552,2,0,31 29 30,1
7101,'20260806',442,,207553,14,,,1,1100,,207555,2,0,31 29 30,1,265,,207556,14,,,1,500,,207557,14,,,1,205,,207558,2,0,31 29 30,1
7101,'20260807',442,,207559,14,,,1,1100,,207561,2,0,31 29 30,1,265,,207562,14,,,1,500,,207563,14,,,1,205,,207564,2,0,31 29 30,1
7101,'20260808',609,,207565,14,,,1,1545,,207566,14,,,1,158,,207567,2,0,31 29 30,1,200,,207568,2,0,31 29 30,1
7101,'20260809',609,,207569,14,,,1,1545,,207570,14,,,1,158,,207571,2,0,31 29 30,1,200,,207572,2,0,31 29 30,1
7101,'20260810',442,,207573,14,,,1,1100,,207575,2,0,31 29 30,1,265,,207576,14,,,1,500,,207577,14,,,1,205,,207578,2,0,31 29 30,1
7101,'20260811',442,,207579,14,,,1,1100,,207581,2,0,31 29 30,1,265,,207582,14,,,1,500,,207583,14,,,1,205,,207584,2,0,31 29 30,1
7101,'20260812',442,,207585,14,,,1,1100,,207587,2,0,31 29 30,1,265,,207588,14,,,1,500,,207589,14,,,1,205,,207590,2,0,31 29 30,1
7101,'20260813',442,,207591,14,,,1,1100,,207593,2,0,31 29 30,1,265,,207594,14,,,1,500,,207595,14,,,1,205,,207596,2,0,31 29 30,1
7101,'20260814',442,,207597,14,,,1,1100,,207599,2,0,31 29 30,1,265,,207600,14,,,1,500,,207601,14,,,1,205,,207602,2,0,31 29 30,1
7101,'20260815',609,,207603,14,,,1,1545,,207604,14,,,1,158,,207605,2,0,31 29 30,1,200,,207606,2,0,31 29 30,1
7101,'20260816',609,,207607,14,,,1,1545,,207608,14,,,1,158,,207609,2,0,31 29 30,1,200,,207610,2,0,31 29 30,1
7101,'20260817',442,,207611,14,,,1,1100,,207613,2,0,31 29 30,1,265,,207614,14,,,1,500,,207615,14,,,1,205,,207616,2,0,31 29 30,1
7101,'20260818',442,,207617,14,,,1,1100,,207619,2,0,31 29 30,1,265,,207620,14,,,1,500,,207621,14,,,1,205,,207622,2,0,31 29 30,1
7101,'20260819',442,,207623,14,,,1,1100,,207625,2,0,31 29 30,1,265,,207626,14,,,1,500,,207627,14,,,1,205,,207628,2,0,31 29 30,1
7101,'20260820',442,,207629,14,,,1,1100,,207631,2,0,31 29 30,1,265,,207632,14,,,1,500,,207633,14,,,1,205,,207634,2,0,31 29 30,1
7101,'20260821',442,,207635,14,,,1,1100,,207637,2,0,31 29 30,1,265,,207638,14,,,1,500,,207639,14,,,1,205,,207640,2,0,31 29 30,1
7101,'20260822',609,,207641,14,,,1,1545,,207642,14,,,1,158,,207643,2,0,31 29 30,1,200,,207644,2,0,31 29 30,1
7101,'20260823',609,,207645,14,,,1,1545,,207646,14,,,1,158,,207647,2,0,31 29 30,1,200,,207648,2,0,31 29 30,1
7101,'20260824',442,,207649,14,,,1,1100,,207651,2,0,31 29 30,1,265,,207652,14,,,1,500,,207653,14,,,1,205,,207654,2,0,31 29 30,1
7101,'20260825',442,,207655,14,,,1,1100,,207657,2,0,31 29 30,1,265,,207658,14,,,1,500,,207659,14,,,1,205,,207660,2,0,31 29 30,1
7101,'20260826',442,,207661,14,,,1,1100,,207663,2,0,31 29 30,1,265,,207664,14,,,1,500,,207665,14,,,1,205,,207666,2,0,31 29 30,1
7101,'20260827',442,,207667,14,,,1,1100,,207669,2,0,31 29 30,1,265,,207670,14,,,1,500,,207671,14,,,1,205,,207672,2,0,31 29 30,1
7101,'20260828',442,,207673,14,,,1,1100,,207675,2,0,31 29 30,1,265,,207676,14,,,1,500,,207677,14,,,1,205,,207678,2,0,31 29 30,1
7101,'20260829',609,,207679,14,,,1,1545,,207680,14,,,1,158,,207681,2,0,31 29 30,1,200,,207682,2,0,31 29 30,1
7101,'20260830',609,,207683,14,,,1,1545,,207684,14,,,1,158,,207685,2,0,31 29 30,1,200,,207686,2,0,31 29 30,1
7101,'20260831',442,,207687,14,,,1,1100,,207689,2,0,31 29 30,1,265,,207690,14,,,1,500,,207691,14,,,1,205,,207692,2,0,31 29 30,1
7101,'20260901',442,,207693,14,,,1,1100,,207695,2,0,31 29 30,1,265,,207696,14,,,1,500,,207697,14,,,1,205,,207698,2,0,31 29 30,1
7101,'20260902',442,,207699,14,,,1,1100,,207701,2,0,31 29 30,1,265,,207702,14,,,1,500,,207703,14,,,1,205,,207704,2,0,31 29 30,1
7101,'20260903',442,,207705,14,,,1,1100,,207707,2,0,31 29 30,1,265,,207708,14,,,1,500,,207709,14,,,1,205,,207710,2,0,31 29 30,1
7101,'20260904',442,,207711,14,,,1,1100,,207713,2,0,31 29 30,1,265,,207714,14,,,1,500,,207715,14,,,1,205,,207716,2,0,31 29 30,1
