2101,'20260716',649,,145260,24,,,1,156,,145261,24,,,1,116,,145262,24,,,1,95,,145263,24,,,1,100,,145264,24,,,1,22,,145266,4,0,7 8 9,1,100,,145269,4,0,7 8 9,1,65,,145270,4,0,7 8 9,1,31,,145272,4,0,7 8 9,1,25,,145274,4,0,7 8 9,1,67,,145276,4,0,7 8 9,1,120,,145280,4,0,7 8 9,1,468,,145284,4,0,7 8 9,1,30,,145286,4,0,7 8 9,1,65,,145289,4,0,7 8 9,1,30,,145291,4,0,7 8 9,1,70,,145294,4,0,7 8 9,1,100,,145297,4,0,7 8 9,1,96,,145299,4,0,7 8 9,1,121,,145301,24,,,1,91,,145302,24,,,1,97,,145303,24,,,1
2101,'20260717',649,,145304,24,,,1,156,,145305,24,,,1,116,,145306,24,,,1,95,,145307,24,,,1,100,,145308,24,,,1,22,,145310,4,0,7 8 9,1,100,,145313,4,0,7 8 9,1,65,,145314,4,0,7 8 9,1,31,,145316,4,0,7 8 9,1,25,,145318,4,0,7 8 9,1,67,,145320,4,0,7 8 9,1,120,,145324,4,0,7 8 9,1,468,,145328,4,0,7 8 9,1,30,,145330,4,0,7 8 9,1,65,,145333,4,0,7 8 9,1,30,,145335,4,0,7 8 9,1,70,,145338,4,0,7 8 9,1,100,,145341,4,0,7 8 9,1,96,,145343,4,0,7 8 9,1,121,,145345,24,,,1,91,,145346,24,,,1,97,,145347,24,,,1
2101,'20260718',833,,145348,24,0,57 8 9,1,100,,145349,24,0,57 8 9,1,95,,145350,24,0,57 8 9,1,110,,145351,24,0,57 8 9,1,88,,145353,24,0,34 10 9,1,3,,145354,4,0,7 8 9,1,107,,145355,24,0,34 10 9,1,3,,145356,4,0,7 8 9,1,101,,145357,24,0,34 10 9,1,4,,145358,4,0,7 8 9,1,91,,145359,24,0,34 10 9,1,4,,145360,4,0,7 8 9,1,101,,145361,24,0,34 10 9,1,4,,145363,4,0,7 8 9,1,101,,145364,24,0,34 10 9,1,7,,145366,4,0,7 8 9,1,93,,145367,24,0,34 10 9,1,4,,145370,4,0,7 8 9,1,87,,145371,24,0,34 10 9,1,3,,145374,4,0,7 8 9,1,92,,145375,24,0,34 10 9,1,3,,145378,4,0,7 8 9,1,97,,145379,24,0,34 10 9,1,3,,145381,4,0,7 8 9,1,92,,145382,24,0,34 10 9,1,5,,145384,4,0,7 8 9,1,90,,145385,24,0,34 10 9,1,5,,145387,4,0,7 8 9,1,95,,145388,24,0,34 10 9,1,5,,145390,4,0,7 8 9,1,96,,145391,24,0,57 8 9,1,98,,145392,24,0,57 8 9,1,100,,145393,24,0,57 8 9,1
2101,'20260719',833,,145394,24,0,57 8 9,1,100,,145395,24,0,57 8 9,1,95,,145396,24,0,57 8 9,1,110,,145397,24,0,57 8 9,1,88,,145398,24,0,34 10 9,1,3,,145399,4,0,7 8 9,1,107,,145400,24,0,34 10 9,1,3,,145401,4,0,7 8 9,1,101,,145402,24,0,34 10 9,1,4,,145403,4,0,7 8 9,1,91,,145404,24,0,34 10 9,1,4,,145405,4,0,7 8 9,1,101,,145406,24,0,34 10 9,1,4,,145408,4,0,7 8 9,1,101,,145409,24,0,34 10 9,1,7,,145411,4,0,7 8 9,1,93,,145412,24,0,34 10 9,1,4,,145415,4,0,7 8 9,1,87,,145416,24,0,34 10 9,1,3,,145419,4,0,7 8 9,1,92,,145420,24,0,34 10 9,1,3,,145423,4,0,7 8 9,1,97,,145424,24,0,34 10 9,1,3,,145426,4,0,7 8 9,1,92,,145427,24,0,34 10 9,1,5,,145429,4,0,7 8 9,1,90,,145430,24,0,34 10 9,1,5,,145432,4,0,7 8 9,1,95,,145433,24,0,34 10 9,1,5,,145434,4,0,7 8 9,1,96,,145435,24,0,57 8 9,1,98,,145436,24,0,57 8 9,1,100,,145437,24,0,57 8 9,1
2101,'20260720',649,,145438,24,,,1,156,,145439,24,,,1,116,,145440,24,,,1,95,,145441,24,,,1,100,,145442,24,,,1,22,,145444,4,0,7 8 9,1,100,,145447,4,0,7 8 9,1,65,,145448,4,0,7 8 9,1,31,,145450,4,0,7 8 9,1,25,,145452,4,0,7 8 9,1,67,,145454,4,0,7 8 9,1,120,,145458,4,0,7 8 9,1,468,,145462,4,0,7 8 9,1,30,,145464,4,0,7 8 9,1,65,,145467,4,0,7 8 9,1,30,,145469,4,0,7 8 9,1,70,,145472,4,0,7 8 9,1,100,,145475,4,0,7 8 9,1,96,,145477,4,0,7 8 9,1,121,,145479,24,,,1,91,,145480,24,,,1,97,,145481,24,,,1
2101,'20260721',649,,145482,24,,,1,156,,145483,24,,,1,116,,145484,24,,,1,95,,145485,24,,,1,100,,145486,24,,,1,22,,145488,4,0,7 8 9,1,100,,145491,4,0,7 8 9,1,65,,145492,4,0,7 8 9,1,31,,145494,4,0,7 8 9,1,25,,145496,4,0,7 8 9,1,67,,145498,4,0,7 8 9,1,120,,145502,4,0,7 8 9,1,468,,145506,4,0,7 8 9,1,30,,145508,4,0,7 8 9,1,65,,145511,4,0,7 8 9,1,30,,145513,4,0,7 8 9,1,70,,145516,4,0,7 8 9,1,100,,145519,4,0,7 8 9,1,96,,145521,4,0,7 8 9,1,121,,145523,24,,,1,91,,145524,24,,,1,97,,145525,24,,,1
2101,'20260722',649,,145526,24,,,1,156,,145527,24,,,1,116,,145528,24,,,1,95,,145529,24,,,1,100,,145530,24,,,1,22,,145532,4,0,7 8 9,1,100,,145535,4,0,7 8 9,1,65,,145536,4,0,7 8 9,1,31,,145538,4,0,7 8 9,1,25,,145540,4,0,7 8 9,1,67,,145542,4,0,7 8 9,1,120,,145546,4,0,7 8 9,1,468,,145550,4,0,7 8 9,1,30,,145552,4,0,7 8 9,1,65,,145555,4,0,7 8 9,1,30,,145557,4,0,7 8 9,1,70,,145560,4,0,7 8 9,1,100,,145563,4,0,7 8 9,1,96,,145565,4,0,7 8 9,1,121,,145567,24,,,1,91,,145568,24,,,1,97,,145569,24,,,1
2101,'20260723',649,,145570,24,,,1,156,,145571,24,,,1,116,,145572,24,,,1,95,,145573,24,,,1,100,,145574,24,,,1,22,,145576,4,0,7 8 9,1,100,,145579,4,0,7 8 9,1,65,,145580,4,0,7 8 9,1,31,,145582,4,0,7 8 9,1,25,,145584,4,0,7 8 9,1,67,,145586,4,0,7 8 9,1,120,,145590,4,0,7 8 9,1,468,,145594,4,0,7 8 9,1,30,,145596,4,0,7 8 9,1,65,,145599,4,0,7 8 9,1,30,,145601,4,0,7 8 9,1,70,,145604,4,0,7 8 9,1,100,,145607,4,0,7 8 9,1,96,,145609,4,0,7 8 9,1,121,,145611,24,,,1,91,,145612,24,,,1,97,,145613,24,,,1
2101,'20260724',649,,145614,24,,,1,156,,145615,24,,,1,116,,145616,24,,,1,95,,145617,24,,,1,100,,145618,24,,,1,22,,145620,4,0,7 8 9,1,100,,145623,4,0,7 8 9,1,65,,145624,4,0,7 8 9,1,31,,145626,4,0,7 8 9,1,25,,145628,4,0,7 8 9,1,67,,145630,4,0,7 8 9,1,120,,145634,4,0,7 8 9,1,468,,145638,4,0,7 8 9,1,30,,145640,4,0,7 8 9,1,65,,145643,4,0,7 8 9,1,30,,145645,4,0,7 8 9,1,70,,145648,4,0,7 8 9,1,100,,145651,4,0,7 8 9,1,96,,145653,4,0,7 8 9,1,121,,145655,24,,,1,91,,145656,24,,,1,97,,145657,24,,,1
2101,'20260725',833,,145658,24,0,57 8 9,1,100,,145659,24,0,57 8 9,1,95,,145660,24,0,57 8 9,1,110,,145661,24,0,57 8 9,1,88,,145663,24,0,34 10 9,1,3,,145664,4,0,7 8 9,1,107,,145665,24,0,34 10 9,1,3,,145666,4,0,7 8 9,1,101,,145667,24,0,34 10 9,1,4,,145668,4,0,7 8 9,1,91,,145669,24,0,34 10 9,1,4,,145670,4,0,7 8 9,1,101,,145671,24,0,34 10 9,1,4,,145673,4,0,7 8 9,1,101,,145674,24,0,34 10 9,1,7,,145676,4,0,7 8 9,1,93,,145677,24,0,34 10 9,1,4,,145680,4,0,7 8 9,1,87,,145681,24,0,34 10 9,1,3,,145684,4,0,7 8 9,1,92,,145685,24,0,34 10 9,1,3,,145688,4,0,7 8 9,1,97,,145689,24,0,34 10 9,1,3,,145691,4,0,7 8 9,1,92,,145692,24,0,34 10 9,1,5,,145694,4,0,7 8 9,1,90,,145695,24,0,34 10 9,1,5,,145697,4,0,7 8 9,1,95,,145698,24,0,34 10 9,1,5,,145700,4,0,7 8 9,1,96,,145701,24,0,57 8 9,1,98,,145702,24,0,57 8 9,1,100,,145703,24,0,57 8 9,1
2101,'20260726',833,,145704,24,0,57 8 9,1,100,,145705,24,0,57 8 9,1,95,,145706,24,0,57 8 9,1,110,,145707,24,0,57 8 9,1,88,,145708,24,0,34 10 9,1,3,,145709,4,0,7 8 9,1,107,,145710,24,0,34 10 9,1,3,,145711,4,0,7 8 9,1,101,,145712,24,0,34 10 9,1,4,,145713,4,0,7 8 9,1,91,,145714,24,0,34 10 9,1,4,,145715,4,0,7 8 9,1,101,,145716,24,0,34 10 9,1,4,,145718,4,0,7 8 9,1,101,,145719,24,0,34 10 9,1,7,,145721,4,0,7 8 9,1,93,,145722,24,0,34 10 9,1,4,,145725,4,0,7 8 9,1,87,,145726,24,0,34 10 9,1,3,,145729,4,0,7 8 9,1,92,,145730,24,0,34 10 9,1,3,,145733,4,0,7 8 9,1,97,,145734,24,0,34 10 9,1,3,,145736,4,0,7 8 9,1,92,,145737,24,0,34 10 9,1,5,,145739,4,0,7 8 9,1,90,,145740,24,0,34 10 9,1,5,,145742,4,0,7 8 9,1,95,,145743,24,0,34 10 9,1,5,,145744,4,0,7 8 9,1,96,,145745,24,0,57 8 9,1,98,,145746,24,0,57 8 9,1,100,,145747,24,0,57 8 9,1
2101,'20260727',649,,145748,24,,,1,156,,145749,24,,,1,116,,145750,24,,,1,95,,145751,24,,,1,100,,145752,24,,,1,22,,145754,4,0,7 8 9,1,100,,145757,4,0,7 8 9,1,65,,145758,4,0,7 8 9,1,31,,145760,4,0,7 8 9,1,25,,145762,4,0,7 8 9,1,67,,145764,4,0,7 8 9,1,120,,145768,4,0,7 8 9,1,468,,145772,4,0,7 8 9,1,30,,145774,4,0,7 8 9,1,65,,145777,4,0,7 8 9,1,30,,145779,4,0,7 8 9,1,70,,145782,4,0,7 8 9,1,100,,145785,4,0,7 8 9,1,96,,145787,4,0,7 8 9,1,121,,145789,24,,,1,91,,145790,24,,,1,97,,145791,24,,,1
2101,'20260728',649,,145792,24,,,1,156,,145793,24,,,1,116,,145794,24,,,1,95,,145795,24,,,1,100,,145796,24,,,1,22,,145798,4,0,7 8 9,1,100,,145801,4,0,7 8 9,1,65,,145802,4,0,7 8 9,1,31,,145804,4,0,7 8 9,1,25,,145806,4,0,7 8 9,1,67,,145808,4,0,7 8 9,1,120,,145812,4,0,7 8 9,1,468,,145816,4,0,7 8 9,1,30,,145818,4,0,7 8 9,1,65,,145821,4,0,7 8 9,1,30,,145823,4,0,7 8 9,1,70,,145826,4,0,7 8 9,1,100,,145829,4,0,7 8 9,1,96,,145831,4,0,7 8 9,1,121,,145833,24,,,1,91,,145834,24,,,1,97,,145835,24,,,1
2101,'20260729',649,,145836,24,,,1,156,,145837,24,,,1,116,,145838,24,,,1,95,,145839,24,,,1,100,,145840,24,,,1,22,,145842,4,0,7 8 9,1,100,,145845,4,0,7 8 9,1,65,,145846,4,0,7 8 9,1,31,,145848,4,0,7 8 9,1,25,,145850,4,0,7 8 9,1,67,,145852,4,0,7 8 9,1,120,,145856,4,0,7 8 9,1,468,,145860,4,0,7 8 9,1,30,,145862,4,0,7 8 9,1,65,,145865,4,0,7 8 9,1,30,,145867,4,0,7 8 9,1,70,,145870,4,0,7 8 9,1,100,,145873,4,0,7 8 9,1,96,,145875,4,0,7 8 9,1,121,,145877,24,,,1,91,,145878,24,,,1,97,,145879,24,,,1
2101,'20260730',649,,145880,24,,,1,156,,145881,24,,,1,116,,145882,24,,,1,95,,145883,24,,,1,100,,145884,24,,,1,22,,145886,4,0,7 8 9,1,100,,145889,4,0,7 8 9,1,65,,145890,4,0,7 8 9,1,31,,145892,4,0,7 8 9,1,25,,145894,4,0,7 8 9,1,67,,145896,4,0,7 8 9,1,120,,145900,4,0,7 8 9,1,468,,145904,4,0,7 8 9,1,30,,145906,4,0,7 8 9,1,65,,145909,4,0,7 8 9,1,30,,145911,4,0,7 8 9,1,70,,145914,4,0,7 8 9,1,100,,145917,4,0,7 8 9,1,96,,145919,4,0,7 8 9,1,121,,145921,24,,,1,91,,145922,24,,,1,97,,145923,24,,,1
2101,'20260731',649,,145924,24,,,1,156,,145925,24,,,1,116,,145926,24,,,1,95,,145927,24,,,1,100,,145928,24,,,1,22,,145930,4,0,7 8 9,1,100,,145933,4,0,7 8 9,1,65,,145934,4,0,7 8 9,1,31,,145936,4,0,7 8 9,1,25,,145938,4,0,7 8 9,1,67,,145940,4,0,7 8 9,1,120,,145944,4,0,7 8 9,1,468,,145948,4,0,7 8 9,1,30,,145950,4,0,7 8 9,1,65,,145953,4,0,7 8 9,1,30,,145955,4,0,7 8 9,1,70,,145958,4,0,7 8 9,1,100,,145961,4,0,7 8 9,1,96,,145963,4,0,7 8 9,1,121,,145965,24,,,1,91,,145966,24,,,1,97,,145967,24,,,1
2101,'20260801',833,,145968,24,0,57 8 9,1,100,,145969,24,0,57 8 9,1,95,,145970,24,0,57 8 9,1,110,,145971,24,0,57 8 9,1,88,,145973,24,0,34 10 9,1,3,,145974,4,0,7 8 9,1,107,,145975,24,0,34 10 9,1,3,,145976,4,0,7 8 9,1,101,,145977,24,0,34 10 9,1,4,,145978,4,0,7 8 9,1,91,,145979,24,0,34 10 9,1,4,,145980,4,0,7 8 9,1,101,,145981,24,0,34 10 9,1,4,,145983,4,0,7 8 9,1,101,,145984,24,0,34 10 9,1,7,,145986,4,0,7 8 9,1,93,,145987,24,0,34 10 9,1,4,,145990,4,0,7 8 9,1,87,,145991,24,0,34 10 9,1,3,,145994,4,0,7 8 9,1,92,,145995,24,0,34 10 9,1,3,,145998,4,0,7 8 9,1,97,,145999,24,0,34 10 9,1,3,,146001,4,0,7 8 9,1,92,,146002,24,0,34 10 9,1,5,,146004,4,0,7 8 9,1,90,,146005,24,0,34 10 9,1,5,,146007,4,0,7 8 9,1,95,,146008,24,0,34 10 9,1,5,,146010,4,0,7 8 9,1,96,,146011,24,0,57 8 9,1,98,,146012,24,0,57 8 9,1,100,,146013,24,0,57 8 9,1
2101,'20260802',833,,146014,24,0,57 8 9,1,100,,146015,24,0,57 8 9,1,95,,146016,24,0,57 8 9,1,110,,146017,24,0,57 8 9,1,88,,146018,24,0,34 10 9,1,3,,146019,4,0,7 8 9,1,107,,146020,24,0,34 10 9,1,3,,146021,4,0,7 8 9,1,101,,146022,24,0,34 10 9,1,4,,146023,4,0,7 8 9,1,91,,146024,24,0,34 10 9,1,4,,146025,4,0,7 8 9,1,101,,146026,24,0,34 10 9,1,4,,146028,4,0,7 8 9,1,101,,146029,24,0,34 10 9,1,7,,146031,4,0,7 8 9,1,93,,146032,24,0,34 10 9,1,4,,146035,4,0,7 8 9,1,87,,146036,24,0,34 10 9,1,3,,146039,4,0,7 8 9,1,92,,146040,24,0,34 10 9,1,3,,146043,4,0,7 8 9,1,97,,146044,24,0,34 10 9,1,3,,146046,4,0,7 8 9,1,92,,146047,24,0,34 10 9,1,5,,146049,4,0,7 8 9,1,90,,146050,24,0,34 10 9,1,5,,146052,4,0,7 8 9,1,95,,146053,24,0,34 10 9,1,5,,146054,4,0,7 8 9,1,96,,146055,24,0,57 8 9,1,98,,146056,24,0,57 8 9,1,100,,146057,24,0,57 8 9,1
2101,'20260803',833,,146058,24,0,57 8 9,1,100,,146059,24,0,57 8 9,1,95,,146060,24,0,57 8 9,1,110,,146061,24,0,57 8 9,1,88,,146063,24,0,34 10 9,1,3,,146064,4,0,7 8 9,1,107,,146065,24,0,34 10 9,1,3,,146066,4,0,7 8 9,1,101,,146067,24,0,34 10 9,1,4,,146068,4,0,7 8 9,1,91,,146069,24,0,34 10 9,1,4,,146070,4,0,7 8 9,1,101,,146071,24,0,34 10 9,1,4,,146073,4,0,7 8 9,1,101,,146074,24,0,34 10 9,1,7,,146076,4,0,7 8 9,1,93,,146077,24,0,34 10 9,1,4,,146080,4,0,7 8 9,1,87,,146081,24,0,34 10 9,1,3,,146084,4,0,7 8 9,1,92,,146085,24,0,34 10 9,1,3,,146088,4,0,7 8 9,1,97,,146089,24,0,34 10 9,1,3,,146091,4,0,7 8 9,1,92,,146092,24,0,34 10 9,1,5,,146094,4,0,7 8 9,1,90,,146095,24,0,34 10 9,1,5,,146097,4,0,7 8 9,1,95,,146098,24,0,34 10 9,1,5,,146100,4,0,7 8 9,1,96,,146101,24,0,57 8 9,1,98,,146102,24,0,57 8 9,1,100,,146103,24,0,57 8 9,1
2101,'20260804',649,,146104,24,,,1,156,,146105,24,,,1,116,,146106,24,,,1,95,,146107,24,,,1,100,,146108,24,,,1,22,,146110,4,0,7 8 9,1,100,,146113,4,0,7 8 9,1,65,,146114,4,0,7 8 9,1,31,,146116,4,0,7 8 9,1,25,,146118,4,0,7 8 9,1,67,,146120,4,0,7 8 9,1,120,,146124,4,0,7 8 9,1,468,,146128,4,0,7 8 9,1,30,,146130,4,0,7 8 9,1,65,,146133,4,0,7 8 9,1,30,,146135,4,0,7 8 9,1,70,,146138,4,0,7 8 9,1,100,,146141,4,0,7 8 9,1,96,,146143,4,0,7 8 9,1,121,,146145,24,,,1,91,,146146,24,,,1,97,,146147,24,,,1
2101,'20260805',649,,146148,24,,,1,156,,146149,24,,,1,116,,146150,24,,,1,95,,146151,24,,,1,100,,146152,24,,,1,22,,146154,4,0,7 8 9,1,100,,146157,4,0,7 8 9,1,65,,146158,4,0,7 8 9,1,31,,146160,4,0,7 8 9,1,25,,146162,4,0,7 8 9,1,67,,146164,4,0,7 8 9,1,120,,146168,4,0,7 8 9,1,468,,146172,4,0,7 8 9,1,30,,146174,4,0,7 8 9,1,65,,146177,4,0,7 8 9,1,30,,146179,4,0,7 8 9,1,70,,146182,4,0,7 8 9,1,100,,146185,4,0,7 8 9,1,96,,146187,4,0,7 8 9,1,121,,146189,24,,,1,91,,146190,24,,,1,97,,146191,24,,,1
2101,'20260806',649,,146192,24,,,1,156,,146193,24,,,1,116,,146194,24,,,1,95,,146195,24,,,1,100,,146196,24,,,1,22,,146198,4,0,7 8 9,1,100,,146201,4,0,7 8 9,1,65,,146202,4,0,7 8 9,1,31,,146204,4,0,7 8 9,1,25,,146206,4,0,7 8 9,1,67,,146208,4,0,7 8 9,1,120,,146212,4,0,7 8 9,1,468,,146216,4,0,7 8 9,1,30,,146218,4,0,7 8 9,1,65,,146221,4,0,7 8 9,1,30,,146223,4,0,7 8 9,1,70,,146226,4,0,7 8 9,1,100,,146229,4,0,7 8 9,1,96,,146231,4,0,7 8 9,1,121,,146233,24,,,1,91,,146234,24,,,1,97,,146235,24,,,1
2101,'20260807',649,,146236,24,,,1,156,,146237,24,,,1,116,,146238,24,,,1,95,,146239,24,,,1,100,,146240,24,,,1,22,,146242,4,0,7 8 9,1,100,,146245,4,0,7 8 9,1,65,,146246,4,0,7 8 9,1,31,,146248,4,0,7 8 9,1,25,,146250,4,0,7 8 9,1,67,,146252,4,0,7 8 9,1,120,,146256,4,0,7 8 9,1,468,,146260,4,0,7 8 9,1,30,,146262,4,0,7 8 9,1,65,,146265,4,0,7 8 9,1,30,,146267,4,0,7 8 9,1,70,,146270,4,0,7 8 9,1,100,,146273,4,0,7 8 9,1,96,,146275,4,0,7 8 9,1,121,,146277,24,,,1,91,,146278,24,,,1,97,,146279,24,,,1
2101,'20260808',833,,146280,24,0,57 8 9,1,100,,146281,24,0,57 8 9,1,95,,146282,24,0,57 8 9,1,110,,146283,24,0,57 8 9,1,88,,146285,24,0,34 10 9,1,3,,146286,4,0,7 8 9,1,107,,146287,24,0,34 10 9,1,3,,146288,4,0,7 8 9,1,101,,146289,24,0,34 10 9,1,4,,146290,4,0,7 8 9,1,91,,146291,24,0,34 10 9,1,4,,146292,4,0,7 8 9,1,101,,146293,24,0,34 10 9,1,4,,146295,4,0,7 8 9,1,101,,146296,24,0,34 10 9,1,7,,146298,4,0,7 8 9,1,93,,146299,24,0,34 10 9,1,4,,146302,4,0,7 8 9,1,87,,146303,24,0,34 10 9,1,3,,146306,4,0,7 8 9,1,92,,146307,24,0,34 10 9,1,3,,146310,4,0,7 8 9,1,97,,146311,24,0,34 10 9,1,3,,146313,4,0,7 8 9,1,92,,146314,24,0,34 10 9,1,5,,146316,4,0,7 8 9,1,90,,146317,24,0,34 10 9,1,5,,146319,4,0,7 8 9,1,95,,146320,24,0,34 10 9,1,5,,146322,4,0,7 8 9,1,96,,146323,24,0,57 8 9,1,98,,146324,24,0,57 8 9,1,100,,146325,24,0,57 8 9,1
2101,'20260809',833,,146326,24,0,57 8 9,1,100,,146327,24,0,57 8 9,1,95,,146328,24,0,57 8 9,1,110,,146329,24,0,57 8 9,1,88,,146330,24,0,34 10 9,1,3,,146331,4,0,7 8 9,1,107,,146332,24,0,34 10 9,1,3,,146333,4,0,7 8 9,1,101,,146334,24,0,34 10 9,1,4,,146335,4,0,7 8 9,1,91,,146336,24,0,34 10 9,1,4,,146337,4,0,7 8 9,1,101,,146338,24,0,34 10 9,1,4,,146340,4,0,7 8 9,1,101,,146341,24,0,34 10 9,1,7,,146343,4,0,7 8 9,1,93,,146344,24,0,34 10 9,1,4,,146347,4,0,7 8 9,1,87,,146348,24,0,34 10 9,1,3,,146351,4,0,7 8 9,1,92,,146352,24,0,34 10 9,1,3,,146355,4,0,7 8 9,1,97,,146356,24,0,34 10 9,1,3,,146358,4,0,7 8 9,1,92,,146359,24,0,34 10 9,1,5,,146361,4,0,7 8 9,1,90,,146362,24,0,34 10 9,1,5,,146364,4,0,7 8 9,1,95,,146365,24,0,34 10 9,1,5,,146366,4,0,7 8 9,1,96,,146367,24,0,57 8 9,1,98,,146368,24,0,57 8 9,1,100,,146369,24,0,57 8 9,1
2101,'20260810',649,,146370,24,,,1,156,,146371,24,,,1,116,,146372,24,,,1,95,,146373,24,,,1,100,,146374,24,,,1,22,,146376,4,0,7 8 9,1,100,,146379,4,0,7 8 9,1,65,,146380,4,0,7 8 9,1,31,,146382,4,0,7 8 9,1,25,,146384,4,0,7 8 9,1,67,,146386,4,0,7 8 9,1,120,,146390,4,0,7 8 9,1,468,,146394,4,0,7 8 9,1,30,,146396,4,0,7 8 9,1,65,,146399,4,0,7 8 9,1,30,,146401,4,0,7 8 9,1,70,,146404,4,0,7 8 9,1,100,,146407,4,0,7 8 9,1,96,,146409,4,0,7 8 9,1,121,,146411,24,,,1,91,,146412,24,,,1,97,,146413,24,,,1
2101,'20260811',649,,146414,24,,,1,156,,146415,24,,,1,116,,146416,24,,,1,95,,146417,24,,,1,100,,146418,24,,,1,22,,146420,4,0,7 8 9,1,100,,146423,4,0,7 8 9,1,65,,146424,4,0,7 8 9,1,31,,146426,4,0,7 8 9,1,25,,146428,4,0,7 8 9,1,67,,146430,4,0,7 8 9,1,120,,146434,4,0,7 8 9,1,468,,146438,4,0,7 8 9,1,30,,146440,4,0,7 8 9,1,65,,146443,4,0,7 8 9,1,30,,146445,4,0,7 8 9,1,70,,146448,4,0,7 8 9,1,100,,146451,4,0,7 8 9,1,96,,146453,4,0,7 8 9,1,121,,146455,24,,,1,91,,146456,24,,,1,97,,146457,24,,,1
2101,'20260812',649,,146458,24,,,1,156,,146459,24,,,1,116,,146460,24,,,1,95,,146461,24,,,1,100,,146462,24,,,1,22,,146464,4,0,7 8 9,1,100,,146467,4,0,7 8 9,1,65,,146468,4,0,7 8 9,1,31,,146470,4,0,7 8 9,1,25,,146472,4,0,7 8 9,1,67,,146474,4,0,7 8 9,1,120,,146478,4,0,7 8 9,1,468,,146482,4,0,7 8 9,1,30,,146484,4,0,7 8 9,1,65,,146487,4,0,7 8 9,1,30,,146489,4,0,7 8 9,1,70,,146492,4,0,7 8 9,1,100,,146495,4,0,7 8 9,1,96,,146497,4,0,7 8 9,1,121,,146499,24,,,1,91,,146500,24,,,1,97,,146501,24,,,1
2101,'20260813',649,,146502,24,,,1,156,,146503,24,,,1,116,,146504,24,,,1,95,,146505,24,,,1,100,,146506,24,,,1,22,,146508,4,0,7 8 9,1,100,,146511,4,0,7 8 9,1,65,,146512,4,0,7 8 9,1,31,,146514,4,0,7 8 9,1,25,,146516,4,0,7 8 9,1,67,,146518,4,0,7 8 9,1,120,,146522,4,0,7 8 9,1,468,,146526,4,0,7 8 9,1,30,,146528,4,0,7 8 9,1,65,,146531,4,0,7 8 9,1,30,,146533,4,0,7 8 9,1,70,,146536,4,0,7 8 9,1,100,,146539,4,0,7 8 9,1,96,,146541,4,0,7 8 9,1,121,,146543,24,,,1,91,,146544,24,,,1,97,,146545,24,,,1
2101,'20260814',649,,146546,24,,,1,156,,146547,24,,,1,116,,146548,24,,,1,95,,146549,24,,,1,100,,146550,24,,,1,22,,146552,4,0,7 8 9,1,100,,146555,4,0,7 8 9,1,65,,146556,4,0,7 8 9,1,31,,146558,4,0,7 8 9,1,25,,146560,4,0,7 8 9,1,67,,146562,4,0,7 8 9,1,120,,146566,4,0,7 8 9,1,468,,146570,4,0,7 8 9,1,30,,146572,4,0,7 8 9,1,65,,146575,4,0,7 8 9,1,30,,146577,4,0,7 8 9,1,70,,146580,4,0,7 8 9,1,100,,146583,4,0,7 8 9,1,96,,146585,4,0,7 8 9,1,121,,146587,24,,,1,91,,146588,24,,,1,97,,146589,24,,,1
2101,'20260815',833,,146590,24,0,57 8 9,1,100,,146591,24,0,57 8 9,1,95,,146592,24,0,57 8 9,1,110,,146593,24,0,57 8 9,1,88,,146595,24,0,34 10 9,1,3,,146596,4,0,7 8 9,1,107,,146597,24,0,34 10 9,1,3,,146598,4,0,7 8 9,1,101,,146599,24,0,34 10 9,1,4,,146600,4,0,7 8 9,1,91,,146601,24,0,34 10 9,1,4,,146602,4,0,7 8 9,1,101,,146603,24,0,34 10 9,1,4,,146605,4,0,7 8 9,1,101,,146606,24,0,34 10 9,1,7,,146608,4,0,7 8 9,1,93,,146609,24,0,34 10 9,1,4,,146612,4,0,7 8 9,1,87,,146613,24,0,34 10 9,1,3,,146616,4,0,7 8 9,1,92,,146617,24,0,34 10 9,1,3,,146620,4,0,7 8 9,1,97,,146621,24,0,34 10 9,1,3,,146623,4,0,7 8 9,1,92,,146624,24,0,34 10 9,1,5,,146626,4,0,7 8 9,1,90,,146627,24,0,34 10 9,1,5,,146629,4,0,7 8 9,1,95,,146630,24,0,34 10 9,1,5,,146632,4,0,7 8 9,1,96,,146633,24,0,57 8 9,1,98,,146634,24,0,57 8 9,1,100,,146635,24,0,57 8 9,1
2101,'20260816',833,,146636,24,0,57 8 9,1,100,,146637,24,0,57 8 9,1,95,,146638,24,0,57 8 9,1,110,,146639,24,0,57 8 9,1,88,,146640,24,0,34 10 9,1,3,,146641,4,0,7 8 9,1,107,,146642,24,0,34 10 9,1,3,,146643,4,0,7 8 9,1,101,,146644,24,0,34 10 9,1,4,,146645,4,0,7 8 9,1,91,,146646,24,0,34 10 9,1,4,,146647,4,0,7 8 9,1,101,,146648,24,0,34 10 9,1,4,,146650,4,0,7 8 9,1,101,,146651,24,0,34 10 9,1,7,,146653,4,0,7 8 9,1,93,,146654,24,0,34 10 9,1,4,,146657,4,0,7 8 9,1,87,,146658,24,0,34 10 9,1,3,,146661,4,0,7 8 9,1,92,,146662,24,0,34 10 9,1,3,,146665,4,0,7 8 9,1,97,,146666,24,0,34 10 9,1,3,,146668,4,0,7 8 9,1,92,,146669,24,0,34 10 9,1,5,,146671,4,0,7 8 9,1,90,,146672,24,0,34 10 9,1,5,,146674,4,0,7 8 9,1,95,,146675,24,0,34 10 9,1,5,,146676,4,0,7 8 9,1,96,,146677,24,0,57 8 9,1,98,,146678,24,0,57 8 9,1,100,,146679,24,0,57 8 9,1
2101,'20260817',649,,146680,24,,,1,156,,146681,24,,,1,116,,146682,24,,,1,95,,146683,24,,,1,100,,146684,24,,,1,22,,146686,4,0,7 8 9,1,100,,146689,4,0,7 8 9,1,65,,146690,4,0,7 8 9,1,31,,146692,4,0,7 8 9,1,25,,146694,4,0,7 8 9,1,67,,146696,4,0,7 8 9,1,120,,146700,4,0,7 8 9,1,468,,146704,4,0,7 8 9,1,30,,146706,4,0,7 8 9,1,65,,146709,4,0,7 8 9,1,30,,146711,4,0,7 8 9,1,70,,146714,4,0,7 8 9,1,100,,146717,4,0,7 8 9,1,96,,146719,4,0,7 8 9,1,121,,146721,24,,,1,91,,146722,24,,,1,97,,146723,24,,,1
2101,'20260818',649,,146724,24,,,1,156,,146725,24,,,1,116,,146726,24,,,1,95,,146727,24,,,1,100,,146728,24,,,1,22,,146730,4,0,7 8 9,1,100,,146733,4,0,7 8 9,1,65,,146734,4,0,7 8 9,1,31,,146736,4,0,7 8 9,1,25,,146738,4,0,7 8 9,1,67,,146740,4,0,7 8 9,1,120,,146744,4,0,7 8 9,1,468,,146748,4,0,7 8 9,1,30,,146750,4,0,7 8 9,1,65,,146753,4,0,7 8 9,1,30,,146755,4,0,7 8 9,1,70,,146758,4,0,7 8 9,1,100,,146761,4,0,7 8 9,1,96,,146763,4,0,7 8 9,1,121,,146765,24,,,1,91,,146766,24,,,1,97,,146767,24,,,1
2101,'20260819',649,,146768,24,,,1,156,,146769,24,,,1,116,,146770,24,,,1,95,,146771,24,,,1,100,,146772,24,,,1,22,,146774,4,0,7 8 9,1,100,,146777,4,0,7 8 9,1,65,,146778,4,0,7 8 9,1,31,,146780,4,0,7 8 9,1,25,,146782,4,0,7 8 9,1,67,,146784,4,0,7 8 9,1,120,,146788,4,0,7 8 9,1,468,,146792,4,0,7 8 9,1,30,,146794,4,0,7 8 9,1,65,,146797,4,0,7 8 9,1,30,,146799,4,0,7 8 9,1,70,,146802,4,0,7 8 9,1,100,,146805,4,0,7 8 9,1,96,,146807,4,0,7 8 9,1,121,,146809,24,,,1,91,,146810,24,,,1,97,,146811,24,,,1
2101,'20260820',649,,146812,24,,,1,156,,146813,24,,,1,116,,146814,24,,,1,95,,146815,24,,,1,100,,146816,24,,,1,22,,146818,4,0,7 8 9,1,100,,146821,4,0,7 8 9,1,65,,146822,4,0,7 8 9,1,31,,146824,4,0,7 8 9,1,25,,146826,4,0,7 8 9,1,67,,146828,4,0,7 8 9,1,120,,146832,4,0,7 8 9,1,468,,146836,4,0,7 8 9,1,30,,146838,4,0,7 8 9,1,65,,146841,4,0,7 8 9,1,30,,146843,4,0,7 8 9,1,70,,146846,4,0,7 8 9,1,100,,146849,4,0,7 8 9,1,96,,146851,4,0,7 8 9,1,121,,146853,24,,,1,91,,146854,24,,,1,97,,146855,24,,,1
2101,'20260821',649,,146856,24,,,1,156,,146857,24,,,1,116,,146858,24,,,1,95,,146859,24,,,1,100,,146860,24,,,1,22,,146862,4,0,7 8 9,1,100,,146865,4,0,7 8 9,1,65,,146866,4,0,7 8 9,1,31,,146868,4,0,7 8 9,1,25,,146870,4,0,7 8 9,1,67,,146872,4,0,7 8 9,1,120,,146876,4,0,7 8 9,1,468,,146880,4,0,7 8 9,1,30,,146882,4,0,7 8 9,1,65,,146885,4,0,7 8 9,1,30,,146887,4,0,7 8 9,1,70,,146890,4,0,7 8 9,1,100,,146893,4,0,7 8 9,1,96,,146895,4,0,7 8 9,1,121,,146897,24,,,1,91,,146898,24,,,1,97,,146899,24,,,1
2101,'20260822',833,,146900,24,0,57 8 9,1,100,,146901,24,0,57 8 9,1,95,,146902,24,0,57 8 9,1,110,,146903,24,0,57 8 9,1,88,,146905,24,0,34 10 9,1,3,,146906,4,0,7 8 9,1,107,,146907,24,0,34 10 9,1,3,,146908,4,0,7 8 9,1,101,,146909,24,0,34 10 9,1,4,,146910,4,0,7 8 9,1,91,,146911,24,0,34 10 9,1,4,,146912,4,0,7 8 9,1,101,,146913,24,0,34 10 9,1,4,,146915,4,0,7 8 9,1,101,,146916,24,0,34 10 9,1,7,,146918,4,0,7 8 9,1,93,,146919,24,0,34 10 9,1,4,,146922,4,0,7 8 9,1,87,,146923,24,0,34 10 9,1,3,,146926,4,0,7 8 9,1,92,,146927,24,0,34 10 9,1,3,,146930,4,0,7 8 9,1,97,,146931,24,0,34 10 9,1,3,,146933,4,0,7 8 9,1,92,,146934,24,0,34 10 9,1,5,,146936,4,0,7 8 9,1,90,,146937,24,0,34 10 9,1,5,,146939,4,0,7 8 9,1,95,,146940,24,0,34 10 9,1,5,,146942,4,0,7 8 9,1,96,,146943,24,0,57 8 9,1,98,,146944,24,0,57 8 9,1,100,,146945,24,0,57 8 9,1
2101,'20260823',833,,146946,24,0,57 8 9,1,100,,146947,24,0,57 8 9,1,95,,146948,24,0,57 8 9,1,110,,146949,24,0,57 8 9,1,88,,146950,24,0,34 10 9,1,3,,146951,4,0,7 8 9,1,107,,146952,24,0,34 10 9,1,3,,146953,4,0,7 8 9,1,101,,146954,24,0,34 10 9,1,4,,146955,4,0,7 8 9,1,91,,146956,24,0,34 10 9,1,4,,146957,4,0,7 8 9,1,101,,146958,24,0,34 10 9,1,4,,146960,4,0,7 8 9,1,101,,146961,24,0,34 10 9,1,7,,146963,4,0,7 8 9,1,93,,146964,24,0,34 10 9,1,4,,146967,4,0,7 8 9,1,87,,146968,24,0,34 10 9,1,3,,146971,4,0,7 8 9,1,92,,146972,24,0,34 10 9,1,3,,146975,4,0,7 8 9,1,97,,146976,24,0,34 10 9,1,3,,146978,4,0,7 8 9,1,92,,146979,24,0,34 10 9,1,5,,146981,4,0,7 8 9,1,90,,146982,24,0,34 10 9,1,5,,146984,4,0,7 8 9,1,95,,146985,24,0,34 10 9,1,5,,146986,4,0,7 8 9,1,96,,146987,24,0,57 8 9,1,98,,146988,24,0,57 8 9,1,100,,146989,24,0,57 8 9,1
2101,'20260824',649,,146990,24,,,1,156,,146991,24,,,1,116,,146992,24,,,1,95,,146993,24,,,1,100,,146994,24,,,1,22,,146996,4,0,7 8 9,1,100,,146999,4,0,7 8 9,1,65,,147000,4,0,7 8 9,1,31,,147002,4,0,7 8 9,1,25,,147004,4,0,7 8 9,1,67,,147006,4,0,7 8 9,1,120,,147010,4,0,7 8 9,1,468,,147014,4,0,7 8 9,1,30,,147016,4,0,7 8 9,1,65,,147019,4,0,7 8 9,1,30,,147021,4,0,7 8 9,1,70,,147024,4,0,7 8 9,1,100,,147027,4,0,7 8 9,1,96,,147029,4,0,7 8 9,1,121,,147031,24,,,1,91,,147032,24,,,1,97,,147033,24,,,1
2101,'20260825',649,,147034,24,,,1,156,,147035,24,,,1,116,,147036,24,,,1,95,,147037,24,,,1,100,,147038,24,,,1,22,,147040,4,0,7 8 9,1,100,,147043,4,0,7 8 9,1,65,,147044,4,0,7 8 9,1,31,,147046,4,0,7 8 9,1,25,,147048,4,0,7 8 9,1,67,,147050,4,0,7 8 9,1,120,,147054,4,0,7 8 9,1,468,,147058,4,0,7 8 9,1,30,,147060,4,0,7 8 9,1,65,,147063,4,0,7 8 9,1,30,,147065,4,0,7 8 9,1,70,,147068,4,0,7 8 9,1,100,,147071,4,0,7 8 9,1,96,,147073,4,0,7 8 9,1,121,,147075,24,,,1,91,,147076,24,,,1,97,,147077,24,,,1
2101,'20260826',649,,147078,24,,,1,156,,147079,24,,,1,116,,147080,24,,,1,95,,147081,24,,,1,100,,147082,24,,,1,22,,147084,4,0,7 8 9,1,100,,147087,4,0,7 8 9,1,65,,147088,4,0,7 8 9,1,31,,147090,4,0,7 8 9,1,25,,147092,4,0,7 8 9,1,67,,147094,4,0,7 8 9,1,120,,147098,4,0,7 8 9,1,468,,147102,4,0,7 8 9,1,30,,147104,4,0,7 8 9,1,65,,147107,4,0,7 8 9,1,30,,147109,4,0,7 8 9,1,70,,147112,4,0,7 8 9,1,100,,147115,4,0,7 8 9,1,96,,147117,4,0,7 8 9,1,121,,147119,24,,,1,91,,147120,24,,,1,97,,147121,24,,,1
2101,'20260827',649,,147122,24,,,1,156,,147123,24,,,1,116,,147124,24,,,1,95,,147125,24,,,1,100,,147126,24,,,1,22,,147128,4,0,7 8 9,1,100,,147131,4,0,7 8 9,1,65,,147132,4,0,7 8 9,1,31,,147134,4,0,7 8 9,1,25,,147136,4,0,7 8 9,1,67,,147138,4,0,7 8 9,1,120,,147142,4,0,7 8 9,1,468,,147146,4,0,7 8 9,1,30,,147148,4,0,7 8 9,1,65,,147151,4,0,7 8 9,1,30,,147153,4,0,7 8 9,1,70,,147156,4,0,7 8 9,1,100,,147159,4,0,7 8 9,1,96,,147161,4,0,7 8 9,1,121,,147163,24,,,1,91,,147164,24,,,1,97,,147165,24,,,1
2101,'20260828',649,,147166,24,,,1,156,,147167,24,,,1,116,,147168,24,,,1,95,,147169,24,,,1,100,,147170,24,,,1,22,,147172,4,0,7 8 9,1,100,,147175,4,0,7 8 9,1,65,,147176,4,0,7 8 9,1,31,,147178,4,0,7 8 9,1,25,,147180,4,0,7 8 9,1,67,,147182,4,0,7 8 9,1,120,,147186,4,0,7 8 9,1,468,,147190,4,0,7 8 9,1,30,,147192,4,0,7 8 9,1,65,,147195,4,0,7 8 9,1,30,,147197,4,0,7 8 9,1,70,,147200,4,0,7 8 9,1,100,,147203,4,0,7 8 9,1,96,,147205,4,0,7 8 9,1,121,,147207,24,,,1,91,,147208,24,,,1,97,,147209,24,,,1
2101,'20260829',833,,147210,24,0,57 8 9,1,100,,147211,24,0,57 8 9,1,95,,147212,24,0,57 8 9,1,110,,147213,24,0,57 8 9,1,88,,147215,24,0,34 10 9,1,3,,147216,4,0,7 8 9,1,107,,147217,24,0,34 10 9,1,3,,147218,4,0,7 8 9,1,101,,147219,24,0,34 10 9,1,4,,147220,4,0,7 8 9,1,91,,147221,24,0,34 10 9,1,4,,147222,4,0,7 8 9,1,101,,147223,24,0,34 10 9,1,4,,147225,4,0,7 8 9,1,101,,147226,24,0,34 10 9,1,7,,147228,4,0,7 8 9,1,93,,147229,24,0,34 10 9,1,4,,147232,4,0,7 8 9,1,87,,147233,24,0,34 10 9,1,3,,147236,4,0,7 8 9,1,92,,147237,24,0,34 10 9,1,3,,147240,4,0,7 8 9,1,97,,147241,24,0,34 10 9,1,3,,147243,4,0,7 8 9,1,92,,147244,24,0,34 10 9,1,5,,147246,4,0,7 8 9,1,90,,147247,24,0,34 10 9,1,5,,147249,4,0,7 8 9,1,95,,147250,24,0,34 10 9,1,5,,147252,4,0,7 8 9,1,96,,147253,24,0,57 8 9,1,98,,147254,24,0,57 8 9,1,100,,147255,24,0,57 8 9,1
2101,'20260830',833,,147256,24,0,57 8 9,1,100,,147257,24,0,57 8 9,1,95,,147258,24,0,57 8 9,1,110,,147259,24,0,57 8 9,1,88,,147260,24,0,34 10 9,1,3,,147261,4,0,7 8 9,1,107,,147262,24,0,34 10 9,1,3,,147263,4,0,7 8 9,1,101,,147264,24,0,34 10 9,1,4,,147265,4,0,7 8 9,1,91,,147266,24,0,34 10 9,1,4,,147267,4,0,7 8 9,1,101,,147268,24,0,34 10 9,1,4,,147270,4,0,7 8 9,1,101,,147271,24,0,34 10 9,1,7,,147273,4,0,7 8 9,1,93,,147274,24,0,34 10 9,1,4,,147277,4,0,7 8 9,1,87,,147278,24,0,34 10 9,1,3,,147281,4,0,7 8 9,1,92,,147282,24,0,34 10 9,1,3,,147285,4,0,7 8 9,1,97,,147286,24,0,34 10 9,1,3,,147288,4,0,7 8 9,1,92,,147289,24,0,34 10 9,1,5,,147291,4,0,7 8 9,1,90,,147292,24,0,34 10 9,1,5,,147294,4,0,7 8 9,1,95,,147295,24,0,34 10 9,1,5,,147296,4,0,7 8 9,1,96,,147297,24,0,57 8 9,1,98,,147298,24,0,57 8 9,1,100,,147299,24,0,57 8 9,1
2101,'20260831',649,,147300,24,,,1,156,,147301,24,,,1,116,,147302,24,,,1,95,,147303,24,,,1,100,,147304,24,,,1,22,,147306,4,0,7 8 9,1,100,,147309,4,0,7 8 9,1,65,,147310,4,0,7 8 9,1,31,,147312,4,0,7 8 9,1,25,,147314,4,0,7 8 9,1,67,,147316,4,0,7 8 9,1,120,,147320,4,0,7 8 9,1,468,,147324,4,0,7 8 9,1,30,,147326,4,0,7 8 9,1,65,,147329,4,0,7 8 9,1,30,,147331,4,0,7 8 9,1,70,,147334,4,0,7 8 9,1,100,,147337,4,0,7 8 9,1,96,,147339,4,0,7 8 9,1,121,,147341,24,,,1,91,,147342,24,,,1,97,,147343,24,,,1
2101,'20260901',649,,147344,24,,,1,156,,147345,24,,,1,116,,147346,24,,,1,95,,147347,24,,,1,100,,147348,24,,,1,22,,147350,4,0,7 8 9,1,100,,147353,4,0,7 8 9,1,65,,147354,4,0,7 8 9,1,31,,147356,4,0,7 8 9,1,25,,147358,4,0,7 8 9,1,67,,147360,4,0,7 8 9,1,120,,147364,4,0,7 8 9,1,468,,147368,4,0,7 8 9,1,30,,147370,4,0,7 8 9,1,65,,147373,4,0,7 8 9,1,30,,147375,4,0,7 8 9,1,70,,147378,4,0,7 8 9,1,100,,147381,4,0,7 8 9,1,96,,147383,4,0,7 8 9,1,121,,147385,24,,,1,91,,147386,24,,,1,97,,147387,24,,,1
2101,'20260902',649,,147388,24,,,1,156,,147389,24,,,1,116,,147390,24,,,1,95,,147391,24,,,1,100,,147392,24,,,1,22,,147394,4,0,7 8 9,1,100,,147397,4,0,7 8 9,1,65,,147398,4,0,7 8 9,1,31,,147400,4,0,7 8 9,1,25,,147402,4,0,7 8 9,1,67,,147404,4,0,7 8 9,1,120,,147408,4,0,7 8 9,1,468,,147412,4,0,7 8 9,1,30,,147414,4,0,7 8 9,1,65,,147417,4,0,7 8 9,1,30,,147419,4,0,7 8 9,1,70,,147422,4,0,7 8 9,1,100,,147425,4,0,7 8 9,1,96,,147427,4,0,7 8 9,1,121,,147429,24,,,1,91,,147430,24,,,1,97,,147431,24,,,1
2101,'20260903',649,,147432,24,,,1,156,,147433,24,,,1,116,,147434,24,,,1,95,,147435,24,,,1,100,,147436,24,,,1,22,,147438,4,0,7 8 9,1,100,,147441,4,0,7 8 9,1,65,,147442,4,0,7 8 9,1,31,,147444,4,0,7 8 9,1,25,,147446,4,0,7 8 9,1,67,,147448,4,0,7 8 9,1,120,,147452,4,0,7 8 9,1,468,,147456,4,0,7 8 9,1,30,,147458,4,0,7 8 9,1,65,,147461,4,0,7 8 9,1,30,,147463,4,0,7 8 9,1,70,,147466,4,0,7 8 9,1,100,,147469,4,0,7 8 9,1,96,,147471,4,0,7 8 9,1,121,,147473,24,,,1,91,,147474,24,,,1,97,,147475,24,,,1
2101,'20260904',649,,147476,24,,,1,156,,147477,24,,,1,116,,147478,24,,,1,95,,147479,24,,,1,100,,147480,24,,,1,22,,147482,4,0,7 8 9,1,100,,147485,4,0,7 8 9,1,65,,147486,4,0,7 8 9,1,31,,147488,4,0,7 8 9,1,25,,147490,4,0,7 8 9,1,67,,147492,4,0,7 8 9,1,120,,147496,4,0,7 8 9,1,468,,147500,4,0,7 8 9,1,30,,147502,4,0,7 8 9,1,65,,147505,4,0,7 8 9,1,30,,147507,4,0,7 8 9,1,70,,147510,4,0,7 8 9,1,100,,147513,4,0,7 8 9,1,96,,147515,4,0,7 8 9,1,121,,147517,24,,,1,91,,147518,24,,,1,97,,147519,24,,,1
2701,'20260716',617,,156162,18,0,7 8 9,1,111,,156163,19,0,57 8 9,1,25,,156164,19,0,57 8 9,1,60,,156165,19,0,34 10 9,1,10,,156166,19,0,57 8 9,1,15,,156167,19,0,34 10 9,1,9,,156168,19,0,57 8 9,1,56,,156169,19,0,34 10 9,1,14,,156170,19,0,57 8 9,1,83,,156171,18,0,7 8 9,1,115,,156172,18,0,5 10 9,1,100,,156173,18,0,5 10 9,1,98,,156174,18,0,5 10 9,1,105,,156175,18,0,5 10 9,1,110,,156176,19,0,57 8 9,1,84,,156177,19,0,34 10 9,1,29,,156178,19,0,57 8 9,1,70,,156179,19,0,57 8 9,1,32,,156180,19,0,57 8 9,1,75,,156181,19,0,57 8 9,1,25,,156182,19,0,57 8 9,1,74,,156183,18,0,7 8 9,1,23,,156184,18,0,7 8 9,1,67,,156185,18,0,5 10 9,1,100,,156186,18,0,5 10 9,1,100,,156187,18,0,5 10 9,1,100,,156188,18,0,5 10 9,1,195,,156189,18,0,5 10 9,1
2701,'20260717',617,,156190,18,0,7 8 9,1,111,,156191,19,0,57 8 9,1,25,,156192,19,0,57 8 9,1,60,,156193,19,0,34 10 9,1,10,,156194,19,0,57 8 9,1,15,,156195,19,0,34 10 9,1,9,,156196,19,0,57 8 9,1,56,,156197,19,0,34 10 9,1,14,,156198,19,0,57 8 9,1,83,,156199,18,0,7 8 9,1,115,,156200,18,0,5 10 9,1,100,,156201,18,0,5 10 9,1,98,,156202,18,0,5 10 9,1,105,,156203,18,0,5 10 9,1,110,,156204,19,0,57 8 9,1,84,,156205,19,0,34 10 9,1,29,,156206,19,0,57 8 9,1,70,,156207,19,0,57 8 9,1,32,,156208,19,0,57 8 9,1,75,,156209,19,0,57 8 9,1,25,,156210,19,0,57 8 9,1,74,,156211,18,0,7 8 9,1,23,,156212,18,0,7 8 9,1,67,,156213,18,0,5 10 9,1,100,,156214,18,0,5 10 9,1,100,,156215,18,0,5 10 9,1,100,,156216,18,0,5 10 9,1,195,,156217,18,0,5 10 9,1
2701,'20260718',717,,156218,18,0,7 8 9,1,105,,156219,18,0,5 10 9,1,100,,156220,18,0,5 10 9,1,96,,156221,18,0,5 10 9,1,105,,156222,18,0,5 10 9,1,100,,156223,18,0,5 10 9,1,110,,156224,18,0,5 10 9,1,98,,156225,18,0,5 10 9,1,102,,156226,18,0,5 10 9,1,100,,156227,18,0,5 10 9,1,100,,156228,18,0,5 10 9,1,100,,156229,18,0,5 10 9,1,95,,156230,18,0,5 10 9,1,100,,156231,18,0,5 10 9,1,192,,156232,18,0,5 10 9,1,197,,156233,18,0,5 10 9,1
2701,'20260719',717,,156234,18,0,7 8 9,1,105,,156235,18,0,5 10 9,1,100,,156236,18,0,5 10 9,1,96,,156237,18,0,5 10 9,1,105,,156238,18,0,5 10 9,1,100,,156239,18,0,5 10 9,1,110,,156240,18,0,5 10 9,1,98,,156241,18,0,5 10 9,1,102,,156242,18,0,5 10 9,1,100,,156243,18,0,5 10 9,1,100,,156244,18,0,5 10 9,1,100,,156245,18,0,5 10 9,1,95,,156246,18,0,5 10 9,1,100,,156247,18,0,5 10 9,1,192,,156248,18,0,5 10 9,1,197,,156249,18,0,5 10 9,1
2701,'20260720',617,,156250,18,0,7 8 9,1,111,,156251,19,0,57 8 9,1,25,,156252,19,0,57 8 9,1,60,,156253,19,0,34 10 9,1,10,,156254,19,0,57 8 9,1,15,,156255,19,0,34 10 9,1,9,,156256,19,0,57 8 9,1,56,,156257,19,0,34 10 9,1,14,,156258,19,0,57 8 9,1,83,,156259,18,0,7 8 9,1,115,,156260,18,0,5 10 9,1,100,,156261,18,0,5 10 9,1,98,,156262,18,0,5 10 9,1,105,,156263,18,0,5 10 9,1,110,,156264,19,0,57 8 9,1,84,,156265,19,0,34 10 9,1,29,,156266,19,0,57 8 9,1,70,,156267,19,0,57 8 9,1,32,,156268,19,0,57 8 9,1,75,,156269,19,0,57 8 9,1,25,,156270,19,0,57 8 9,1,74,,156271,18,0,7 8 9,1,23,,156272,18,0,7 8 9,1,67,,156273,18,0,5 10 9,1,100,,156274,18,0,5 10 9,1,100,,156275,18,0,5 10 9,1,100,,156276,18,0,5 10 9,1,195,,156277,18,0,5 10 9,1
2701,'20260721',617,,156278,18,0,7 8 9,1,111,,156279,19,0,57 8 9,1,25,,156280,19,0,57 8 9,1,60,,156281,19,0,34 10 9,1,10,,156282,19,0,57 8 9,1,15,,156283,19,0,34 10 9,1,9,,156284,19,0,57 8 9,1,56,,156285,19,0,34 10 9,1,14,,156286,19,0,57 8 9,1,83,,156287,18,0,7 8 9,1,115,,156288,18,0,5 10 9,1,100,,156289,18,0,5 10 9,1,98,,156290,18,0,5 10 9,1,105,,156291,18,0,5 10 9,1,110,,156292,19,0,57 8 9,1,84,,156293,19,0,34 10 9,1,29,,156294,19,0,57 8 9,1,70,,156295,19,0,57 8 9,1,32,,156296,19,0,57 8 9,1,75,,156297,19,0,57 8 9,1,25,,156298,19,0,57 8 9,1,74,,156299,18,0,7 8 9,1,23,,156300,18,0,7 8 9,1,67,,156301,18,0,5 10 9,1,100,,156302,18,0,5 10 9,1,100,,156303,18,0,5 10 9,1,100,,156304,18,0,5 10 9,1,195,,156305,18,0,5 10 9,1
2701,'20260722',617,,156306,18,0,7 8 9,1,111,,156307,19,0,57 8 9,1,25,,156308,19,0,57 8 9,1,60,,156309,19,0,34 10 9,1,10,,156310,19,0,57 8 9,1,15,,156311,19,0,34 10 9,1,9,,156312,19,0,57 8 9,1,56,,156313,19,0,34 10 9,1,14,,156314,19,0,57 8 9,1,83,,156315,18,0,7 8 9,1,115,,156316,18,0,5 10 9,1,100,,156317,18,0,5 10 9,1,98,,156318,18,0,5 10 9,1,105,,156319,18,0,5 10 9,1,110,,156320,19,0,57 8 9,1,84,,156321,19,0,34 10 9,1,29,,156322,19,0,57 8 9,1,70,,156323,19,0,57 8 9,1,32,,156324,19,0,57 8 9,1,75,,156325,19,0,57 8 9,1,25,,156326,19,0,57 8 9,1,74,,156327,18,0,7 8 9,1,23,,156328,18,0,7 8 9,1,67,,156329,18,0,5 10 9,1,100,,156330,18,0,5 10 9,1,100,,156331,18,0,5 10 9,1,100,,156332,18,0,5 10 9,1,195,,156333,18,0,5 10 9,1
2701,'20260723',617,,156334,18,0,7 8 9,1,111,,156335,19,0,57 8 9,1,25,,156336,19,0,57 8 9,1,60,,156337,19,0,34 10 9,1,10,,156338,19,0,57 8 9,1,15,,156339,19,0,34 10 9,1,9,,156340,19,0,57 8 9,1,56,,156341,19,0,34 10 9,1,14,,156342,19,0,57 8 9,1,83,,156343,18,0,7 8 9,1,115,,156344,18,0,5 10 9,1,100,,156345,18,0,5 10 9,1,98,,156346,18,0,5 10 9,1,105,,156347,18,0,5 10 9,1,110,,156348,19,0,57 8 9,1,84,,156349,19,0,34 10 9,1,29,,156350,19,0,57 8 9,1,70,,156351,19,0,57 8 9,1,32,,156352,19,0,57 8 9,1,75,,156353,19,0,57 8 9,1,25,,156354,19,0,57 8 9,1,74,,156355,18,0,7 8 9,1,23,,156356,18,0,7 8 9,1,67,,156357,18,0,5 10 9,1,100,,156358,18,0,5 10 9,1,100,,156359,18,0,5 10 9,1,100,,156360,18,0,5 10 9,1,195,,156361,18,0,5 10 9,1
2701,'20260724',617,,156362,18,0,7 8 9,1,111,,156363,19,0,57 8 9,1,25,,156364,19,0,57 8 9,1,60,,156365,19,0,34 10 9,1,10,,156366,19,0,57 8 9,1,15,,156367,19,0,34 10 9,1,9,,156368,19,0,57 8 9,1,56,,156369,19,0,34 10 9,1,14,,156370,19,0,57 8 9,1,83,,156371,18,0,7 8 9,1,115,,156372,18,0,5 10 9,1,100,,156373,18,0,5 10 9,1,98,,156374,18,0,5 10 9,1,105,,156375,18,0,5 10 9,1,110,,156376,19,0,57 8 9,1,84,,156377,19,0,34 10 9,1,29,,156378,19,0,57 8 9,1,70,,156379,19,0,57 8 9,1,32,,156380,19,0,57 8 9,1,75,,156381,19,0,57 8 9,1,25,,156382,19,0,57 8 9,1,74,,156383,18,0,7 8 9,1,23,,156384,18,0,7 8 9,1,67,,156385,18,0,5 10 9,1,100,,156386,18,0,5 10 9,1,100,,156387,18,0,5 10 9,1,100,,156388,18,0,5 10 9,1,195,,156389,18,0,5 10 9,1
2701,'20260725',717,,156390,18,0,7 8 9,1,105,,156391,18,0,5 10 9,1,100,,156392,18,0,5 10 9,1,96,,156393,18,0,5 10 9,1,105,,156394,18,0,5 10 9,1,100,,156395,18,0,5 10 9,1,110,,156396,18,0,5 10 9,1,98,,156397,18,0,5 10 9,1,102,,156398,18,0,5 10 9,1,100,,156399,18,0,5 10 9,1,100,,156400,18,0,5 10 9,1,100,,156401,18,0,5 10 9,1,95,,156402,18,0,5 10 9,1,100,,156403,18,0,5 10 9,1,192,,156404,18,0,5 10 9,1,197,,156405,18,0,5 10 9,1
2701,'20260726',717,,156406,18,0,7 8 9,1,105,,156407,18,0,5 10 9,1,100,,156408,18,0,5 10 9,1,96,,156409,18,0,5 10 9,1,105,,156410,18,0,5 10 9,1,100,,156411,18,0,5 10 9,1,110,,156412,18,0,5 10 9,1,98,,156413,18,0,5 10 9,1,102,,156414,18,0,5 10 9,1,100,,156415,18,0,5 10 9,1,100,,156416,18,0,5 10 9,1,100,,156417,18,0,5 10 9,1,95,,156418,18,0,5 10 9,1,100,,156419,18,0,5 10 9,1,192,,156420,18,0,5 10 9,1,197,,156421,18,0,5 10 9,1
2701,'20260727',617,,156422,18,0,7 8 9,1,111,,156423,19,0,57 8 9,1,25,,156424,19,0,57 8 9,1,60,,156425,19,0,34 10 9,1,10,,156426,19,0,57 8 9,1,15,,156427,19,0,34 10 9,1,9,,156428,19,0,57 8 9,1,56,,156429,19,0,34 10 9,1,14,,156430,19,0,57 8 9,1,83,,156431,18,0,7 8 9,1,115,,156432,18,0,5 10 9,1,100,,156433,18,0,5 10 9,1,98,,156434,18,0,5 10 9,1,105,,156435,18,0,5 10 9,1,110,,156436,19,0,57 8 9,1,84,,156437,19,0,34 10 9,1,29,,156438,19,0,57 8 9,1,70,,156439,19,0,57 8 9,1,32,,156440,19,0,57 8 9,1,75,,156441,19,0,57 8 9,1,25,,156442,19,0,57 8 9,1,74,,156443,18,0,7 8 9,1,23,,156444,18,0,7 8 9,1,67,,156445,18,0,5 10 9,1,100,,156446,18,0,5 10 9,1,100,,156447,18,0,5 10 9,1,100,,156448,18,0,5 10 9,1,195,,156449,18,0,5 10 9,1
2701,'20260728',617,,156450,18,0,7 8 9,1,111,,156451,19,0,57 8 9,1,25,,156452,19,0,57 8 9,1,60,,156453,19,0,34 10 9,1,10,,156454,19,0,57 8 9,1,15,,156455,19,0,34 10 9,1,9,,156456,19,0,57 8 9,1,56,,156457,19,0,34 10 9,1,14,,156458,19,0,57 8 9,1,83,,156459,18,0,7 8 9,1,115,,156460,18,0,5 10 9,1,100,,156461,18,0,5 10 9,1,98,,156462,18,0,5 10 9,1,105,,156463,18,0,5 10 9,1,110,,156464,19,0,57 8 9,1,84,,156465,19,0,34 10 9,1,29,,156466,19,0,57 8 9,1,70,,156467,19,0,57 8 9,1,32,,156468,19,0,57 8 9,1,75,,156469,19,0,57 8 9,1,25,,156470,19,0,57 8 9,1,74,,156471,18,0,7 8 9,1,23,,156472,18,0,7 8 9,1,67,,156473,18,0,5 10 9,1,100,,156474,18,0,5 10 9,1,100,,156475,18,0,5 10 9,1,100,,156476,18,0,5 10 9,1,195,,156477,18,0,5 10 9,1
2701,'20260729',617,,156478,18,0,7 8 9,1,111,,156479,19,0,57 8 9,1,25,,156480,19,0,57 8 9,1,60,,156481,19,0,34 10 9,1,10,,156482,19,0,57 8 9,1,15,,156483,19,0,34 10 9,1,9,,156484,19,0,57 8 9,1,56,,156485,19,0,34 10 9,1,14,,156486,19,0,57 8 9,1,83,,156487,18,0,7 8 9,1,115,,156488,18,0,5 10 9,1,100,,156489,18,0,5 10 9,1,98,,156490,18,0,5 10 9,1,105,,156491,18,0,5 10 9,1,110,,156492,19,0,57 8 9,1,84,,156493,19,0,34 10 9,1,29,,156494,19,0,57 8 9,1,70,,156495,19,0,57 8 9,1,32,,156496,19,0,57 8 9,1,75,,156497,19,0,57 8 9,1,25,,156498,19,0,57 8 9,1,74,,156499,18,0,7 8 9,1,23,,156500,18,0,7 8 9,1,67,,156501,18,0,5 10 9,1,100,,156502,18,0,5 10 9,1,100,,156503,18,0,5 10 9,1,100,,156504,18,0,5 10 9,1,195,,156505,18,0,5 10 9,1
2701,'20260730',617,,156506,18,0,7 8 9,1,111,,156507,19,0,57 8 9,1,25,,156508,19,0,57 8 9,1,60,,156509,19,0,34 10 9,1,10,,156510,19,0,57 8 9,1,15,,156511,19,0,34 10 9,1,9,,156512,19,0,57 8 9,1,56,,156513,19,0,34 10 9,1,14,,156514,19,0,57 8 9,1,83,,156515,18,0,7 8 9,1,115,,156516,18,0,5 10 9,1,100,,156517,18,0,5 10 9,1,98,,156518,18,0,5 10 9,1,105,,156519,18,0,5 10 9,1,110,,156520,19,0,57 8 9,1,84,,156521,19,0,34 10 9,1,29,,156522,19,0,57 8 9,1,70,,156523,19,0,57 8 9,1,32,,156524,19,0,57 8 9,1,75,,156525,19,0,57 8 9,1,25,,156526,19,0,57 8 9,1,74,,156527,18,0,7 8 9,1,23,,156528,18,0,7 8 9,1,67,,156529,18,0,5 10 9,1,100,,156530,18,0,5 10 9,1,100,,156531,18,0,5 10 9,1,100,,156532,18,0,5 10 9,1,195,,156533,18,0,5 10 9,1
2701,'20260731',617,,156534,18,0,7 8 9,1,111,,156535,19,0,57 8 9,1,25,,156536,19,0,57 8 9,1,60,,156537,19,0,34 10 9,1,10,,156538,19,0,57 8 9,1,15,,156539,19,0,34 10 9,1,9,,156540,19,0,57 8 9,1,56,,156541,19,0,34 10 9,1,14,,156542,19,0,57 8 9,1,83,,156543,18,0,7 8 9,1,115,,156544,18,0,5 10 9,1,100,,156545,18,0,5 10 9,1,98,,156546,18,0,5 10 9,1,105,,156547,18,0,5 10 9,1,110,,156548,19,0,57 8 9,1,84,,156549,19,0,34 10 9,1,29,,156550,19,0,57 8 9,1,70,,156551,19,0,57 8 9,1,32,,156552,19,0,57 8 9,1,75,,156553,19,0,57 8 9,1,25,,156554,19,0,57 8 9,1,74,,156555,18,0,7 8 9,1,23,,156556,18,0,7 8 9,1,67,,156557,18,0,5 10 9,1,100,,156558,18,0,5 10 9,1,100,,156559,18,0,5 10 9,1,100,,156560,18,0,5 10 9,1,195,,156561,18,0,5 10 9,1
2701,'20260801',717,,156562,18,0,7 8 9,1,105,,156563,18,0,5 10 9,1,100,,156564,18,0,5 10 9,1,96,,156565,18,0,5 10 9,1,105,,156566,18,0,5 10 9,1,100,,156567,18,0,5 10 9,1,110,,156568,18,0,5 10 9,1,98,,156569,18,0,5 10 9,1,102,,156570,18,0,5 10 9,1,100,,156571,18,0,5 10 9,1,100,,156572,18,0,5 10 9,1,100,,156573,18,0,5 10 9,1,95,,156574,18,0,5 10 9,1,100,,156575,18,0,5 10 9,1,192,,156576,18,0,5 10 9,1,197,,156577,18,0,5 10 9,1
2701,'20260802',717,,156578,18,0,7 8 9,1,105,,156579,18,0,5 10 9,1,100,,156580,18,0,5 10 9,1,96,,156581,18,0,5 10 9,1,105,,156582,18,0,5 10 9,1,100,,156583,18,0,5 10 9,1,110,,156584,18,0,5 10 9,1,98,,156585,18,0,5 10 9,1,102,,156586,18,0,5 10 9,1,100,,156587,18,0,5 10 9,1,100,,156588,18,0,5 10 9,1,100,,156589,18,0,5 10 9,1,95,,156590,18,0,5 10 9,1,100,,156591,18,0,5 10 9,1,192,,156592,18,0,5 10 9,1,197,,156593,18,0,5 10 9,1
2701,'20260803',717,,156594,18,0,7 8 9,1,105,,156595,18,0,5 10 9,1,100,,156596,18,0,5 10 9,1,96,,156597,18,0,5 10 9,1,105,,156598,18,0,5 10 9,1,100,,156599,18,0,5 10 9,1,110,,156600,18,0,5 10 9,1,98,,156601,18,0,5 10 9,1,102,,156602,18,0,5 10 9,1,100,,156603,18,0,5 10 9,1,100,,156604,18,0,5 10 9,1,100,,156605,18,0,5 10 9,1,95,,156606,18,0,5 10 9,1,100,,156607,18,0,5 10 9,1,192,,156608,18,0,5 10 9,1,197,,156609,18,0,5 10 9,1
2701,'20260804',617,,156610,18,0,7 8 9,1,111,,156611,19,0,57 8 9,1,25,,156612,19,0,57 8 9,1,60,,156613,19,0,34 10 9,1,10,,156614,19,0,57 8 9,1,15,,156615,19,0,34 10 9,1,9,,156616,19,0,57 8 9,1,56,,156617,19,0,34 10 9,1,14,,156618,19,0,57 8 9,1,83,,156619,18,0,7 8 9,1,115,,156620,18,0,5 10 9,1,100,,156621,18,0,5 10 9,1,98,,156622,18,0,5 10 9,1,105,,156623,18,0,5 10 9,1,110,,156624,19,0,57 8 9,1,84,,156625,19,0,34 10 9,1,29,,156626,19,0,57 8 9,1,70,,156627,19,0,57 8 9,1,32,,156628,19,0,57 8 9,1,75,,156629,19,0,57 8 9,1,25,,156630,19,0,57 8 9,1,74,,156631,18,0,7 8 9,1,23,,156632,18,0,7 8 9,1,67,,156633,18,0,5 10 9,1,100,,156634,18,0,5 10 9,1,100,,156635,18,0,5 10 9,1,100,,156636,18,0,5 10 9,1,195,,156637,18,0,5 10 9,1
2701,'20260805',617,,156638,18,0,7 8 9,1,111,,156639,19,0,57 8 9,1,25,,156640,19,0,57 8 9,1,60,,156641,19,0,34 10 9,1,10,,156642,19,0,57 8 9,1,15,,156643,19,0,34 10 9,1,9,,156644,19,0,57 8 9,1,56,,156645,19,0,34 10 9,1,14,,156646,19,0,57 8 9,1,83,,156647,18,0,7 8 9,1,115,,156648,18,0,5 10 9,1,100,,156649,18,0,5 10 9,1,98,,156650,18,0,5 10 9,1,105,,156651,18,0,5 10 9,1,110,,156652,19,0,57 8 9,1,84,,156653,19,0,34 10 9,1,29,,156654,19,0,57 8 9,1,70,,156655,19,0,57 8 9,1,32,,156656,19,0,57 8 9,1,75,,156657,19,0,57 8 9,1,25,,156658,19,0,57 8 9,1,74,,156659,18,0,7 8 9,1,23,,156660,18,0,7 8 9,1,67,,156661,18,0,5 10 9,1,100,,156662,18,0,5 10 9,1,100,,156663,18,0,5 10 9,1,100,,156664,18,0,5 10 9,1,195,,156665,18,0,5 10 9,1
2701,'20260806',617,,156666,18,0,7 8 9,1,111,,156667,19,0,57 8 9,1,25,,156668,19,0,57 8 9,1,60,,156669,19,0,34 10 9,1,10,,156670,19,0,57 8 9,1,15,,156671,19,0,34 10 9,1,9,,156672,19,0,57 8 9,1,56,,156673,19,0,34 10 9,1,14,,156674,19,0,57 8 9,1,83,,156675,18,0,7 8 9,1,115,,156676,18,0,5 10 9,1,100,,156677,18,0,5 10 9,1,98,,156678,18,0,5 10 9,1,105,,156679,18,0,5 10 9,1,110,,156680,19,0,57 8 9,1,84,,156681,19,0,34 10 9,1,29,,156682,19,0,57 8 9,1,70,,156683,19,0,57 8 9,1,32,,156684,19,0,57 8 9,1,75,,156685,19,0,57 8 9,1,25,,156686,19,0,57 8 9,1,74,,156687,18,0,7 8 9,1,23,,156688,18,0,7 8 9,1,67,,156689,18,0,5 10 9,1,100,,156690,18,0,5 10 9,1,100,,156691,18,0,5 10 9,1,100,,156692,18,0,5 10 9,1,195,,156693,18,0,5 10 9,1
2701,'20260807',617,,156694,18,0,7 8 9,1,111,,156695,19,0,57 8 9,1,25,,156696,19,0,57 8 9,1,60,,156697,19,0,34 10 9,1,10,,156698,19,0,57 8 9,1,15,,156699,19,0,34 10 9,1,9,,156700,19,0,57 8 9,1,56,,156701,19,0,34 10 9,1,14,,156702,19,0,57 8 9,1,83,,156703,18,0,7 8 9,1,115,,156704,18,0,5 10 9,1,100,,156705,18,0,5 10 9,1,98,,156706,18,0,5 10 9,1,105,,156707,18,0,5 10 9,1,110,,156708,19,0,57 8 9,1,84,,156709,19,0,34 10 9,1,29,,156710,19,0,57 8 9,1,70,,156711,19,0,57 8 9,1,32,,156712,19,0,57 8 9,1,75,,156713,19,0,57 8 9,1,25,,156714,19,0,57 8 9,1,74,,156715,18,0,7 8 9,1,23,,156716,18,0,7 8 9,1,67,,156717,18,0,5 10 9,1,100,,156718,18,0,5 10 9,1,100,,156719,18,0,5 10 9,1,100,,156720,18,0,5 10 9,1,195,,156721,18,0,5 10 9,1
2701,'20260808',717,,156722,18,0,7 8 9,1,105,,156723,18,0,5 10 9,1,100,,156724,18,0,5 10 9,1,96,,156725,18,0,5 10 9,1,105,,156726,18,0,5 10 9,1,100,,156727,18,0,5 10 9,1,110,,156728,18,0,5 10 9,1,98,,156729,18,0,5 10 9,1,102,,156730,18,0,5 10 9,1,100,,156731,18,0,5 10 9,1,100,,156732,18,0,5 10 9,1,100,,156733,18,0,5 10 9,1,95,,156734,18,0,5 10 9,1,100,,156735,18,0,5 10 9,1,192,,156736,18,0,5 10 9,1,197,,156737,18,0,5 10 9,1
2701,'20260809',717,,156738,18,0,7 8 9,1,105,,156739,18,0,5 10 9,1,100,,156740,18,0,5 10 9,1,96,,156741,18,0,5 10 9,1,105,,156742,18,0,5 10 9,1,100,,156743,18,0,5 10 9,1,110,,156744,18,0,5 10 9,1,98,,156745,18,0,5 10 9,1,102,,156746,18,0,5 10 9,1,100,,156747,18,0,5 10 9,1,100,,156748,18,0,5 10 9,1,100,,156749,18,0,5 10 9,1,95,,156750,18,0,5 10 9,1,100,,156751,18,0,5 10 9,1,192,,156752,18,0,5 10 9,1,197,,156753,18,0,5 10 9,1
2701,'20260810',617,,156754,18,0,7 8 9,1,111,,156755,19,0,57 8 9,1,25,,156756,19,0,57 8 9,1,60,,156757,19,0,34 10 9,1,10,,156758,19,0,57 8 9,1,15,,156759,19,0,34 10 9,1,9,,156760,19,0,57 8 9,1,56,,156761,19,0,34 10 9,1,14,,156762,19,0,57 8 9,1,83,,156763,18,0,7 8 9,1,115,,156764,18,0,5 10 9,1,100,,156765,18,0,5 10 9,1,98,,156766,18,0,5 10 9,1,105,,156767,18,0,5 10 9,1,110,,156768,19,0,57 8 9,1,84,,156769,19,0,34 10 9,1,29,,156770,19,0,57 8 9,1,70,,156771,19,0,57 8 9,1,32,,156772,19,0,57 8 9,1,75,,156773,19,0,57 8 9,1,25,,156774,19,0,57 8 9,1,74,,156775,18,0,7 8 9,1,23,,156776,18,0,7 8 9,1,67,,156777,18,0,5 10 9,1,100,,156778,18,0,5 10 9,1,100,,156779,18,0,5 10 9,1,100,,156780,18,0,5 10 9,1,195,,156781,18,0,5 10 9,1
2701,'20260811',617,,156782,18,0,7 8 9,1,111,,156783,19,0,57 8 9,1,25,,156784,19,0,57 8 9,1,60,,156785,19,0,34 10 9,1,10,,156786,19,0,57 8 9,1,15,,156787,19,0,34 10 9,1,9,,156788,19,0,57 8 9,1,56,,156789,19,0,34 10 9,1,14,,156790,19,0,57 8 9,1,83,,156791,18,0,7 8 9,1,115,,156792,18,0,5 10 9,1,100,,156793,18,0,5 10 9,1,98,,156794,18,0,5 10 9,1,105,,156795,18,0,5 10 9,1,110,,156796,19,0,57 8 9,1,84,,156797,19,0,34 10 9,1,29,,156798,19,0,57 8 9,1,70,,156799,19,0,57 8 9,1,32,,156800,19,0,57 8 9,1,75,,156801,19,0,57 8 9,1,25,,156802,19,0,57 8 9,1,74,,156803,18,0,7 8 9,1,23,,156804,18,0,7 8 9,1,67,,156805,18,0,5 10 9,1,100,,156806,18,0,5 10 9,1,100,,156807,18,0,5 10 9,1,100,,156808,18,0,5 10 9,1,195,,156809,18,0,5 10 9,1
2701,'20260812',617,,156810,18,0,7 8 9,1,111,,156811,19,0,57 8 9,1,25,,156812,19,0,57 8 9,1,60,,156813,19,0,34 10 9,1,10,,156814,19,0,57 8 9,1,15,,156815,19,0,34 10 9,1,9,,156816,19,0,57 8 9,1,56,,156817,19,0,34 10 9,1,14,,156818,19,0,57 8 9,1,83,,156819,18,0,7 8 9,1,115,,156820,18,0,5 10 9,1,100,,156821,18,0,5 10 9,1,98,,156822,18,0,5 10 9,1,105,,156823,18,0,5 10 9,1,110,,156824,19,0,57 8 9,1,84,,156825,19,0,34 10 9,1,29,,156826,19,0,57 8 9,1,70,,156827,19,0,57 8 9,1,32,,156828,19,0,57 8 9,1,75,,156829,19,0,57 8 9,1,25,,156830,19,0,57 8 9,1,74,,156831,18,0,7 8 9,1,23,,156832,18,0,7 8 9,1,67,,156833,18,0,5 10 9,1,100,,156834,18,0,5 10 9,1,100,,156835,18,0,5 10 9,1,100,,156836,18,0,5 10 9,1,195,,156837,18,0,5 10 9,1
2701,'20260813',617,,156838,18,0,7 8 9,1,111,,156839,19,0,57 8 9,1,25,,156840,19,0,57 8 9,1,60,,156841,19,0,34 10 9,1,10,,156842,19,0,57 8 9,1,15,,156843,19,0,34 10 9,1,9,,156844,19,0,57 8 9,1,56,,156845,19,0,34 10 9,1,14,,156846,19,0,57 8 9,1,83,,156847,18,0,7 8 9,1,115,,156848,18,0,5 10 9,1,100,,156849,18,0,5 10 9,1,98,,156850,18,0,5 10 9,1,105,,156851,18,0,5 10 9,1,110,,156852,19,0,57 8 9,1,84,,156853,19,0,34 10 9,1,29,,156854,19,0,57 8 9,1,70,,156855,19,0,57 8 9,1,32,,156856,19,0,57 8 9,1,75,,156857,19,0,57 8 9,1,25,,156858,19,0,57 8 9,1,74,,156859,18,0,7 8 9,1,23,,156860,18,0,7 8 9,1,67,,156861,18,0,5 10 9,1,100,,156862,18,0,5 10 9,1,100,,156863,18,0,5 10 9,1,100,,156864,18,0,5 10 9,1,195,,156865,18,0,5 10 9,1
2701,'20260814',617,,156866,18,0,7 8 9,1,111,,156867,19,0,57 8 9,1,25,,156868,19,0,57 8 9,1,60,,156869,19,0,34 10 9,1,10,,156870,19,0,57 8 9,1,15,,156871,19,0,34 10 9,1,9,,156872,19,0,57 8 9,1,56,,156873,19,0,34 10 9,1,14,,156874,19,0,57 8 9,1,83,,156875,18,0,7 8 9,1,115,,156876,18,0,5 10 9,1,100,,156877,18,0,5 10 9,1,98,,156878,18,0,5 10 9,1,105,,156879,18,0,5 10 9,1,110,,156880,19,0,57 8 9,1,84,,156881,19,0,34 10 9,1,29,,156882,19,0,57 8 9,1,70,,156883,19,0,57 8 9,1,32,,156884,19,0,57 8 9,1,75,,156885,19,0,57 8 9,1,25,,156886,19,0,57 8 9,1,74,,156887,18,0,7 8 9,1,23,,156888,18,0,7 8 9,1,67,,156889,18,0,5 10 9,1,100,,156890,18,0,5 10 9,1,100,,156891,18,0,5 10 9,1,100,,156892,18,0,5 10 9,1,195,,156893,18,0,5 10 9,1
2701,'20260815',717,,156894,18,0,7 8 9,1,105,,156895,18,0,5 10 9,1,100,,156896,18,0,5 10 9,1,96,,156897,18,0,5 10 9,1,105,,156898,18,0,5 10 9,1,100,,156899,18,0,5 10 9,1,110,,156900,18,0,5 10 9,1,98,,156901,18,0,5 10 9,1,102,,156902,18,0,5 10 9,1,100,,156903,18,0,5 10 9,1,100,,156904,18,0,5 10 9,1,100,,156905,18,0,5 10 9,1,95,,156906,18,0,5 10 9,1,100,,156907,18,0,5 10 9,1,192,,156908,18,0,5 10 9,1,197,,156909,18,0,5 10 9,1
2701,'20260816',717,,156910,18,0,7 8 9,1,105,,156911,18,0,5 10 9,1,100,,156912,18,0,5 10 9,1,96,,156913,18,0,5 10 9,1,105,,156914,18,0,5 10 9,1,100,,156915,18,0,5 10 9,1,110,,156916,18,0,5 10 9,1,98,,156917,18,0,5 10 9,1,102,,156918,18,0,5 10 9,1,100,,156919,18,0,5 10 9,1,100,,156920,18,0,5 10 9,1,100,,156921,18,0,5 10 9,1,95,,156922,18,0,5 10 9,1,100,,156923,18,0,5 10 9,1,192,,156924,18,0,5 10 9,1,197,,156925,18,0,5 10 9,1
2701,'20260817',617,,156926,18,0,7 8 9,1,111,,156927,19,0,57 8 9,1,25,,156928,19,0,57 8 9,1,60,,156929,19,0,34 10 9,1,10,,156930,19,0,57 8 9,1,15,,156931,19,0,34 10 9,1,9,,156932,19,0,57 8 9,1,56,,156933,19,0,34 10 9,1,14,,156934,19,0,57 8 9,1,83,,156935,18,0,7 8 9,1,115,,156936,18,0,5 10 9,1,100,,156937,18,0,5 10 9,1,98,,156938,18,0,5 10 9,1,105,,156939,18,0,5 10 9,1,110,,156940,19,0,57 8 9,1,84,,156941,19,0,34 10 9,1,29,,156942,19,0,57 8 9,1,70,,156943,19,0,57 8 9,1,32,,156944,19,0,57 8 9,1,75,,156945,19,0,57 8 9,1,25,,156946,19,0,57 8 9,1,74,,156947,18,0,7 8 9,1,23,,156948,18,0,7 8 9,1,67,,156949,18,0,5 10 9,1,100,,156950,18,0,5 10 9,1,100,,156951,18,0,5 10 9,1,100,,156952,18,0,5 10 9,1,195,,156953,18,0,5 10 9,1
2701,'20260818',617,,156954,18,0,7 8 9,1,111,,156955,19,0,57 8 9,1,25,,156956,19,0,57 8 9,1,60,,156957,19,0,34 10 9,1,10,,156958,19,0,57 8 9,1,15,,156959,19,0,34 10 9,1,9,,156960,19,0,57 8 9,1,56,,156961,19,0,34 10 9,1,14,,156962,19,0,57 8 9,1,83,,156963,18,0,7 8 9,1,115,,156964,18,0,5 10 9,1,100,,156965,18,0,5 10 9,1,98,,156966,18,0,5 10 9,1,105,,156967,18,0,5 10 9,1,110,,156968,19,0,57 8 9,1,84,,156969,19,0,34 10 9,1,29,,156970,19,0,57 8 9,1,70,,156971,19,0,57 8 9,1,32,,156972,19,0,57 8 9,1,75,,156973,19,0,57 8 9,1,25,,156974,19,0,57 8 9,1,74,,156975,18,0,7 8 9,1,23,,156976,18,0,7 8 9,1,67,,156977,18,0,5 10 9,1,100,,156978,18,0,5 10 9,1,100,,156979,18,0,5 10 9,1,100,,156980,18,0,5 10 9,1,195,,156981,18,0,5 10 9,1
2701,'20260819',617,,156982,18,0,7 8 9,1,111,,156983,19,0,57 8 9,1,25,,156984,19,0,57 8 9,1,60,,156985,19,0,34 10 9,1,10,,156986,19,0,57 8 9,1,15,,156987,19,0,34 10 9,1,9,,156988,19,0,57 8 9,1,56,,156989,19,0,34 10 9,1,14,,156990,19,0,57 8 9,1,83,,156991,18,0,7 8 9,1,115,,156992,18,0,5 10 9,1,100,,156993,18,0,5 10 9,1,98,,156994,18,0,5 10 9,1,105,,156995,18,0,5 10 9,1,110,,156996,19,0,57 8 9,1,84,,156997,19,0,34 10 9,1,29,,156998,19,0,57 8 9,1,70,,156999,19,0,57 8 9,1,32,,157000,19,0,57 8 9,1,75,,157001,19,0,57 8 9,1,25,,157002,19,0,57 8 9,1,74,,157003,18,0,7 8 9,1,23,,157004,18,0,7 8 9,1,67,,157005,18,0,5 10 9,1,100,,157006,18,0,5 10 9,1,100,,157007,18,0,5 10 9,1,100,,157008,18,0,5 10 9,1,195,,157009,18,0,5 10 9,1
2701,'20260820',617,,157010,18,0,7 8 9,1,111,,157011,19,0,57 8 9,1,25,,157012,19,0,57 8 9,1,60,,157013,19,0,34 10 9,1,10,,157014,19,0,57 8 9,1,15,,157015,19,0,34 10 9,1,9,,157016,19,0,57 8 9,1,56,,157017,19,0,34 10 9,1,14,,157018,19,0,57 8 9,1,83,,157019,18,0,7 8 9,1,115,,157020,18,0,5 10 9,1,100,,157021,18,0,5 10 9,1,98,,157022,18,0,5 10 9,1,105,,157023,18,0,5 10 9,1,110,,157024,19,0,57 8 9,1,84,,157025,19,0,34 10 9,1,29,,157026,19,0,57 8 9,1,70,,157027,19,0,57 8 9,1,32,,157028,19,0,57 8 9,1,75,,157029,19,0,57 8 9,1,25,,157030,19,0,57 8 9,1,74,,157031,18,0,7 8 9,1,23,,157032,18,0,7 8 9,1,67,,157033,18,0,5 10 9,1,100,,157034,18,0,5 10 9,1,100,,157035,18,0,5 10 9,1,100,,157036,18,0,5 10 9,1,195,,157037,18,0,5 10 9,1
2701,'20260821',617,,157038,18,0,7 8 9,1,111,,157039,19,0,57 8 9,1,25,,157040,19,0,57 8 9,1,60,,157041,19,0,34 10 9,1,10,,157042,19,0,57 8 9,1,15,,157043,19,0,34 10 9,1,9,,157044,19,0,57 8 9,1,56,,157045,19,0,34 10 9,1,14,,157046,19,0,57 8 9,1,83,,157047,18,0,7 8 9,1,115,,157048,18,0,5 10 9,1,100,,157049,18,0,5 10 9,1,98,,157050,18,0,5 10 9,1,105,,157051,18,0,5 10 9,1,110,,157052,19,0,57 8 9,1,84,,157053,19,0,34 10 9,1,29,,157054,19,0,57 8 9,1,70,,157055,19,0,57 8 9,1,32,,157056,19,0,57 8 9,1,75,,157057,19,0,57 8 9,1,25,,157058,19,0,57 8 9,1,74,,157059,18,0,7 8 9,1,23,,157060,18,0,7 8 9,1,67,,157061,18,0,5 10 9,1,100,,157062,18,0,5 10 9,1,100,,157063,18,0,5 10 9,1,100,,157064,18,0,5 10 9,1,195,,157065,18,0,5 10 9,1
2701,'20260822',717,,157066,18,0,7 8 9,1,105,,157067,18,0,5 10 9,1,100,,157068,18,0,5 10 9,1,96,,157069,18,0,5 10 9,1,105,,157070,18,0,5 10 9,1,100,,157071,18,0,5 10 9,1,110,,157072,18,0,5 10 9,1,98,,157073,18,0,5 10 9,1,102,,157074,18,0,5 10 9,1,100,,157075,18,0,5 10 9,1,100,,157076,18,0,5 10 9,1,100,,157077,18,0,5 10 9,1,95,,157078,18,0,5 10 9,1,100,,157079,18,0,5 10 9,1,192,,157080,18,0,5 10 9,1,197,,157081,18,0,5 10 9,1
2701,'20260823',717,,157082,18,0,7 8 9,1,105,,157083,18,0,5 10 9,1,100,,157084,18,0,5 10 9,1,96,,157085,18,0,5 10 9,1,105,,157086,18,0,5 10 9,1,100,,157087,18,0,5 10 9,1,110,,157088,18,0,5 10 9,1,98,,157089,18,0,5 10 9,1,102,,157090,18,0,5 10 9,1,100,,157091,18,0,5 10 9,1,100,,157092,18,0,5 10 9,1,100,,157093,18,0,5 10 9,1,95,,157094,18,0,5 10 9,1,100,,157095,18,0,5 10 9,1,192,,157096,18,0,5 10 9,1,197,,157097,18,0,5 10 9,1
2701,'20260824',617,,157098,18,0,7 8 9,1,111,,157099,19,0,57 8 9,1,25,,157100,19,0,57 8 9,1,60,,157101,19,0,34 10 9,1,10,,157102,19,0,57 8 9,1,15,,157103,19,0,34 10 9,1,9,,157104,19,0,57 8 9,1,56,,157105,19,0,34 10 9,1,14,,157106,19,0,57 8 9,1,83,,157107,18,0,7 8 9,1,115,,157108,18,0,5 10 9,1,100,,157109,18,0,5 10 9,1,98,,157110,18,0,5 10 9,1,105,,157111,18,0,5 10 9,1,110,,157112,19,0,57 8 9,1,84,,157113,19,0,34 10 9,1,29,,157114,19,0,57 8 9,1,70,,157115,19,0,57 8 9,1,32,,157116,19,0,57 8 9,1,75,,157117,19,0,57 8 9,1,25,,157118,19,0,57 8 9,1,74,,157119,18,0,7 8 9,1,23,,157120,18,0,7 8 9,1,67,,157121,18,0,5 10 9,1,100,,157122,18,0,5 10 9,1,100,,157123,18,0,5 10 9,1,100,,157124,18,0,5 10 9,1,195,,157125,18,0,5 10 9,1
2701,'20260825',617,,157126,18,0,7 8 9,1,111,,157127,19,0,57 8 9,1,25,,157128,19,0,57 8 9,1,60,,157129,19,0,34 10 9,1,10,,157130,19,0,57 8 9,1,15,,157131,19,0,34 10 9,1,9,,157132,19,0,57 8 9,1,56,,157133,19,0,34 10 9,1,14,,157134,19,0,57 8 9,1,83,,157135,18,0,7 8 9,1,115,,157136,18,0,5 10 9,1,100,,157137,18,0,5 10 9,1,98,,157138,18,0,5 10 9,1,105,,157139,18,0,5 10 9,1,110,,157140,19,0,57 8 9,1,84,,157141,19,0,34 10 9,1,29,,157142,19,0,57 8 9,1,70,,157143,19,0,57 8 9,1,32,,157144,19,0,57 8 9,1,75,,157145,19,0,57 8 9,1,25,,157146,19,0,57 8 9,1,74,,157147,18,0,7 8 9,1,23,,157148,18,0,7 8 9,1,67,,157149,18,0,5 10 9,1,100,,157150,18,0,5 10 9,1,100,,157151,18,0,5 10 9,1,100,,157152,18,0,5 10 9,1,195,,157153,18,0,5 10 9,1
2701,'20260826',617,,157154,18,0,7 8 9,1,111,,157155,19,0,57 8 9,1,25,,157156,19,0,57 8 9,1,60,,157157,19,0,34 10 9,1,10,,157158,19,0,57 8 9,1,15,,157159,19,0,34 10 9,1,9,,157160,19,0,57 8 9,1,56,,157161,19,0,34 10 9,1,14,,157162,19,0,57 8 9,1,83,,157163,18,0,7 8 9,1,115,,157164,18,0,5 10 9,1,100,,157165,18,0,5 10 9,1,98,,157166,18,0,5 10 9,1,105,,157167,18,0,5 10 9,1,110,,157168,19,0,57 8 9,1,84,,157169,19,0,34 10 9,1,29,,157170,19,0,57 8 9,1,70,,157171,19,0,57 8 9,1,32,,157172,19,0,57 8 9,1,75,,157173,19,0,57 8 9,1,25,,157174,19,0,57 8 9,1,74,,157175,18,0,7 8 9,1,23,,157176,18,0,7 8 9,1,67,,157177,18,0,5 10 9,1,100,,157178,18,0,5 10 9,1,100,,157179,18,0,5 10 9,1,100,,157180,18,0,5 10 9,1,195,,157181,18,0,5 10 9,1
2701,'20260827',617,,157182,18,0,7 8 9,1,111,,157183,19,0,57 8 9,1,25,,157184,19,0,57 8 9,1,60,,157185,19,0,34 10 9,1,10,,157186,19,0,57 8 9,1,15,,157187,19,0,34 10 9,1,9,,157188,19,0,57 8 9,1,56,,157189,19,0,34 10 9,1,14,,157190,19,0,57 8 9,1,83,,157191,18,0,7 8 9,1,115,,157192,18,0,5 10 9,1,100,,157193,18,0,5 10 9,1,98,,157194,18,0,5 10 9,1,105,,157195,18,0,5 10 9,1,110,,157196,19,0,57 8 9,1,84,,157197,19,0,34 10 9,1,29,,157198,19,0,57 8 9,1,70,,157199,19,0,57 8 9,1,32,,157200,19,0,57 8 9,1,75,,157201,19,0,57 8 9,1,25,,157202,19,0,57 8 9,1,74,,157203,18,0,7 8 9,1,23,,157204,18,0,7 8 9,1,67,,157205,18,0,5 10 9,1,100,,157206,18,0,5 10 9,1,100,,157207,18,0,5 10 9,1,100,,157208,18,0,5 10 9,1,195,,157209,18,0,5 10 9,1
2701,'20260828',617,,157210,18,0,7 8 9,1,111,,157211,19,0,57 8 9,1,25,,157212,19,0,57 8 9,1,60,,157213,19,0,34 10 9,1,10,,157214,19,0,57 8 9,1,15,,157215,19,0,34 10 9,1,9,,157216,19,0,57 8 9,1,56,,157217,19,0,34 10 9,1,14,,157218,19,0,57 8 9,1,83,,157219,18,0,7 8 9,1,115,,157220,18,0,5 10 9,1,100,,157221,18,0,5 10 9,1,98,,157222,18,0,5 10 9,1,105,,157223,18,0,5 10 9,1,110,,157224,19,0,57 8 9,1,84,,157225,19,0,34 10 9,1,29,,157226,19,0,57 8 9,1,70,,157227,19,0,57 8 9,1,32,,157228,19,0,57 8 9,1,75,,157229,19,0,57 8 9,1,25,,157230,19,0,57 8 9,1,74,,157231,18,0,7 8 9,1,23,,157232,18,0,7 8 9,1,67,,157233,18,0,5 10 9,1,100,,157234,18,0,5 10 9,1,100,,157235,18,0,5 10 9,1,100,,157236,18,0,5 10 9,1,195,,157237,18,0,5 10 9,1
2701,'20260829',717,,157238,18,0,7 8 9,1,105,,157239,18,0,5 10 9,1,100,,157240,18,0,5 10 9,1,96,,157241,18,0,5 10 9,1,105,,157242,18,0,5 10 9,1,100,,157243,18,0,5 10 9,1,110,,157244,18,0,5 10 9,1,98,,157245,18,0,5 10 9,1,102,,157246,18,0,5 10 9,1,100,,157247,18,0,5 10 9,1,100,,157248,18,0,5 10 9,1,100,,157249,18,0,5 10 9,1,95,,157250,18,0,5 10 9,1,100,,157251,18,0,5 10 9,1,192,,157252,18,0,5 10 9,1,197,,157253,18,0,5 10 9,1
2701,'20260830',717,,157254,18,0,7 8 9,1,105,,157255,18,0,5 10 9,1,100,,157256,18,0,5 10 9,1,96,,157257,18,0,5 10 9,1,105,,157258,18,0,5 10 9,1,100,,157259,18,0,5 10 9,1,110,,157260,18,0,5 10 9,1,98,,157261,18,0,5 10 9,1,102,,157262,18,0,5 10 9,1,100,,157263,18,0,5 10 9,1,100,,157264,18,0,5 10 9,1,100,,157265,18,0,5 10 9,1,95,,157266,18,0,5 10 9,1,100,,157267,18,0,5 10 9,1,192,,157268,18,0,5 10 9,1,197,,157269,18,0,5 10 9,1
2701,'20260831',617,,157270,18,0,7 8 9,1,111,,157271,19,0,57 8 9,1,25,,157272,19,0,57 8 9,1,60,,157273,19,0,34 10 9,1,10,,157274,19,0,57 8 9,1,15,,157275,19,0,34 10 9,1,9,,157276,19,0,57 8 9,1,56,,157277,19,0,34 10 9,1,14,,157278,19,0,57 8 9,1,83,,157279,18,0,7 8 9,1,115,,157280,18,0,5 10 9,1,100,,157281,18,0,5 10 9,1,98,,157282,18,0,5 10 9,1,105,,157283,18,0,5 10 9,1,110,,157284,19,0,57 8 9,1,84,,157285,19,0,34 10 9,1,29,,157286,19,0,57 8 9,1,70,,157287,19,0,57 8 9,1,32,,157288,19,0,57 8 9,1,75,,157289,19,0,57 8 9,1,25,,157290,19,0,57 8 9,1,74,,157291,18,0,7 8 9,1,23,,157292,18,0,7 8 9,1,67,,157293,18,0,5 10 9,1,100,,157294,18,0,5 10 9,1,100,,157295,18,0,5 10 9,1,100,,157296,18,0,5 10 9,1,195,,157297,18,0,5 10 9,1
2701,'20260901',617,,157298,18,0,7 8 9,1,111,,157299,19,0,57 8 9,1,25,,157300,19,0,57 8 9,1,60,,157301,19,0,34 10 9,1,10,,157302,19,0,57 8 9,1,15,,157303,19,0,34 10 9,1,9,,157304,19,0,57 8 9,1,56,,157305,19,0,34 10 9,1,14,,157306,19,0,57 8 9,1,83,,157307,18,0,7 8 9,1,115,,157308,18,0,5 10 9,1,100,,157309,18,0,5 10 9,1,98,,157310,18,0,5 10 9,1,105,,157311,18,0,5 10 9,1,110,,157312,19,0,57 8 9,1,84,,157313,19,0,34 10 9,1,29,,157314,19,0,57 8 9,1,70,,157315,19,0,57 8 9,1,32,,157316,19,0,57 8 9,1,75,,157317,19,0,57 8 9,1,25,,157318,19,0,57 8 9,1,74,,157319,18,0,7 8 9,1,23,,157320,18,0,7 8 9,1,67,,157321,18,0,5 10 9,1,100,,157322,18,0,5 10 9,1,100,,157323,18,0,5 10 9,1,100,,157324,18,0,5 10 9,1,195,,157325,18,0,5 10 9,1
2701,'20260902',617,,157326,18,0,7 8 9,1,111,,157327,19,0,57 8 9,1,25,,157328,19,0,57 8 9,1,60,,157329,19,0,34 10 9,1,10,,157330,19,0,57 8 9,1,15,,157331,19,0,34 10 9,1,9,,157332,19,0,57 8 9,1,56,,157333,19,0,34 10 9,1,14,,157334,19,0,57 8 9,1,83,,157335,18,0,7 8 9,1,115,,157336,18,0,5 10 9,1,100,,157337,18,0,5 10 9,1,98,,157338,18,0,5 10 9,1,105,,157339,18,0,5 10 9,1,110,,157340,19,0,57 8 9,1,84,,157341,19,0,34 10 9,1,29,,157342,19,0,57 8 9,1,70,,157343,19,0,57 8 9,1,32,,157344,19,0,57 8 9,1,75,,157345,19,0,57 8 9,1,25,,157346,19,0,57 8 9,1,74,,157347,18,0,7 8 9,1,23,,157348,18,0,7 8 9,1,67,,157349,18,0,5 10 9,1,100,,157350,18,0,5 10 9,1,100,,157351,18,0,5 10 9,1,100,,157352,18,0,5 10 9,1,195,,157353,18,0,5 10 9,1
2701,'20260903',617,,157354,18,0,7 8 9,1,111,,157355,19,0,57 8 9,1,25,,157356,19,0,57 8 9,1,60,,157357,19,0,34 10 9,1,10,,157358,19,0,57 8 9,1,15,,157359,19,0,34 10 9,1,9,,157360,19,0,57 8 9,1,56,,157361,19,0,34 10 9,1,14,,157362,19,0,57 8 9,1,83,,157363,18,0,7 8 9,1,115,,157364,18,0,5 10 9,1,100,,157365,18,0,5 10 9,1,98,,157366,18,0,5 10 9,1,105,,157367,18,0,5 10 9,1,110,,157368,19,0,57 8 9,1,84,,157369,19,0,34 10 9,1,29,,157370,19,0,57 8 9,1,70,,157371,19,0,57 8 9,1,32,,157372,19,0,57 8 9,1,75,,157373,19,0,57 8 9,1,25,,157374,19,0,57 8 9,1,74,,157375,18,0,7 8 9,1,23,,157376,18,0,7 8 9,1,67,,157377,18,0,5 10 9,1,100,,157378,18,0,5 10 9,1,100,,157379,18,0,5 10 9,1,100,,157380,18,0,5 10 9,1,195,,157381,18,0,5 10 9,1
2701,'20260904',617,,157382,18,0,7 8 9,1,111,,157383,19,0,57 8 9,1,25,,157384,19,0,57 8 9,1,60,,157385,19,0,34 10 9,1,10,,157386,19,0,57 8 9,1,15,,157387,19,0,34 10 9,1,9,,157388,19,0,57 8 9,1,56,,157389,19,0,34 10 9,1,14,,157390,19,0,57 8 9,1,83,,157391,18,0,7 8 9,1,115,,157392,18,0,5 10 9,1,100,,157393,18,0,5 10 9,1,98,,157394,18,0,5 10 9,1,105,,157395,18,0,5 10 9,1,110,,157396,19,0,57 8 9,1,84,,157397,19,0,34 10 9,1,29,,157398,19,0,57 8 9,1,70,,157399,19,0,57 8 9,1,32,,157400,19,0,57 8 9,1,75,,157401,19,0,57 8 9,1,25,,157402,19,0,57 8 9,1,74,,157403,18,0,7 8 9,1,23,,157404,18,0,7 8 9,1,67,,157405,18,0,5 10 9,1,100,,157406,18,0,5 10 9,1,100,,157407,18,0,5 10 9,1,100,,157408,18,0,5 10 9,1,195,,157409,18,0,5 10 9,1
4801,'20260716',625,,196395,7,,,1,100,,196396,7,,,1,103,,196397,7,,,1,100,,196398,7,,,1,97,,196399,7,,,1,200,,196400,7,,,1,203,,196401,7,,,1,100,,196402,7,,,1,102,,196403,7,,,1,105,,196404,7,,,1,95,,196405,7,,,1,95,,196406,7,,,1,100,,196407,7,,,1,100,,196408,7,,,1,198,,196409,7,,,1,200,,196410,7,,,1
4801,'20260717',625,,196411,7,,,1,100,,196412,7,,,1,103,,196413,7,,,1,100,,196414,7,,,1,97,,196415,7,,,1,200,,196416,7,,,1,203,,196417,7,,,1,100,,196418,7,,,1,102,,196419,7,,,1,105,,196420,7,,,1,95,,196421,7,,,1,95,,196422,7,,,1,100,,196423,7,,,1,100,,196424,7,,,1,198,,196425,7,,,1,200,,196426,7,,,1
4801,'20260720',625,,196427,7,,,1,100,,196428,7,,,1,103,,196429,7,,,1,100,,196430,7,,,1,97,,196431,7,,,1,200,,196432,7,,,1,203,,196433,7,,,1,100,,196434,7,,,1,102,,196435,7,,,1,105,,196436,7,,,1,95,,196437,7,,,1,95,,196438,7,,,1,100,,196439,7,,,1,100,,196440,7,,,1,198,,196441,7,,,1,200,,196442,7,,,1
4801,'20260721',625,,196443,7,,,1,100,,196444,7,,,1,103,,196445,7,,,1,100,,196446,7,,,1,97,,196447,7,,,1,200,,196448,7,,,1,203,,196449,7,,,1,100,,196450,7,,,1,102,,196451,7,,,1,105,,196452,7,,,1,95,,196453,7,,,1,95,,196454,7,,,1,100,,196455,7,,,1,100,,196456,7,,,1,198,,196457,7,,,1,200,,196458,7,,,1
4801,'20260722',625,,196459,7,,,1,100,,196460,7,,,1,103,,196461,7,,,1,100,,196462,7,,,1,97,,196463,7,,,1,200,,196464,7,,,1,203,,196465,7,,,1,100,,196466,7,,,1,102,,196467,7,,,1,105,,196468,7,,,1,95,,196469,7,,,1,95,,196470,7,,,1,100,,196471,7,,,1,100,,196472,7,,,1,198,,196473,7,,,1,200,,196474,7,,,1
4801,'20260723',625,,196475,7,,,1,100,,196476,7,,,1,103,,196477,7,,,1,100,,196478,7,,,1,97,,196479,7,,,1,200,,196480,7,,,1,203,,196481,7,,,1,100,,196482,7,,,1,102,,196483,7,,,1,105,,196484,7,,,1,95,,196485,7,,,1,95,,196486,7,,,1,100,,196487,7,,,1,100,,196488,7,,,1,198,,196489,7,,,1,200,,196490,7,,,1
4801,'20260724',625,,196491,7,,,1,100,,196492,7,,,1,103,,196493,7,,,1,100,,196494,7,,,1,97,,196495,7,,,1,200,,196496,7,,,1,203,,196497,7,,,1,100,,196498,7,,,1,102,,196499,7,,,1,105,,196500,7,,,1,95,,196501,7,,,1,95,,196502,7,,,1,100,,196503,7,,,1,100,,196504,7,,,1,198,,196505,7,,,1,200,,196506,7,,,1
4801,'20260727',625,,196507,7,,,1,100,,196508,7,,,1,103,,196509,7,,,1,100,,196510,7,,,1,97,,196511,7,,,1,200,,196512,7,,,1,203,,196513,7,,,1,100,,196514,7,,,1,102,,196515,7,,,1,105,,196516,7,,,1,95,,196517,7,,,1,95,,196518,7,,,1,100,,196519,7,,,1,100,,196520,7,,,1,198,,196521,7,,,1,200,,196522,7,,,1
4801,'20260728',625,,196523,7,,,1,100,,196524,7,,,1,103,,196525,7,,,1,100,,196526,7,,,1,97,,196527,7,,,1,200,,196528,7,,,1,203,,196529,7,,,1,100,,196530,7,,,1,102,,196531,7,,,1,105,,196532,7,,,1,95,,196533,7,,,1,95,,196534,7,,,1,100,,196535,7,,,1,100,,196536,7,,,1,198,,196537,7,,,1,200,,196538,7,,,1
4801,'20260729',625,,196539,7,,,1,100,,196540,7,,,1,103,,196541,7,,,1,100,,196542,7,,,1,97,,196543,7,,,1,200,,196544,7,,,1,203,,196545,7,,,1,100,,196546,7,,,1,102,,196547,7,,,1,105,,196548,7,,,1,95,,196549,7,,,1,95,,196550,7,,,1,100,,196551,7,,,1,100,,196552,7,,,1,198,,196553,7,,,1,200,,196554,7,,,1
4801,'20260730',625,,196555,7,,,1,100,,196556,7,,,1,103,,196557,7,,,1,100,,196558,7,,,1,97,,196559,7,,,1,200,,196560,7,,,1,203,,196561,7,,,1,100,,196562,7,,,1,102,,196563,7,,,1,105,,196564,7,,,1,95,,196565,7,,,1,95,,196566,7,,,1,100,,196567,7,,,1,100,,196568,7,,,1,198,,196569,7,,,1,200,,196570,7,,,1
4801,'20260731',625,,196571,7,,,1,100,,196572,7,,,1,103,,196573,7,,,1,100,,196574,7,,,1,97,,196575,7,,,1,200,,196576,7,,,1,203,,196577,7,,,1,100,,196578,7,,,1,102,,196579,7,,,1,105,,196580,7,,,1,95,,196581,7,,,1,95,,196582,7,,,1,100,,196583,7,,,1,100,,196584,7,,,1,198,,196585,7,,,1,200,,196586,7,,,1
4801,'20260804',625,,196587,7,,,1,100,,196588,7,,,1,103,,196589,7,,,1,100,,196590,7,,,1,97,,196591,7,,,1,200,,196592,7,,,1,203,,196593,7,,,1,100,,196594,7,,,1,102,,196595,7,,,1,105,,196596,7,,,1,95,,196597,7,,,1,95,,196598,7,,,1,100,,196599,7,,,1,100,,196600,7,,,1,198,,196601,7,,,1,200,,196602,7,,,1
4801,'20260805',625,,196603,7,,,1,100,,196604,7,,,1,103,,196605,7,,,1,100,,196606,7,,,1,97,,196607,7,,,1,200,,196608,7,,,1,203,,196609,7,,,1,100,,196610,7,,,1,102,,196611,7,,,1,105,,196612,7,,,1,95,,196613,7,,,1,95,,196614,7,,,1,100,,196615,7,,,1,100,,196616,7,,,1,198,,196617,7,,,1,200,,196618,7,,,1
4801,'20260806',625,,196619,7,,,1,100,,196620,7,,,1,103,,196621,7,,,1,100,,196622,7,,,1,97,,196623,7,,,1,200,,196624,7,,,1,203,,196625,7,,,1,100,,196626,7,,,1,102,,196627,7,,,1,105,,196628,7,,,1,95,,196629,7,,,1,95,,196630,7,,,1,100,,196631,7,,,1,100,,196632,7,,,1,198,,196633,7,,,1,200,,196634,7,,,1
4801,'20260807',625,,196635,7,,,1,100,,196636,7,,,1,103,,196637,7,,,1,100,,196638,7,,,1,97,,196639,7,,,1,200,,196640,7,,,1,203,,196641,7,,,1,100,,196642,7,,,1,102,,196643,7,,,1,105,,196644,7,,,1,95,,196645,7,,,1,95,,196646,7,,,1,100,,196647,7,,,1,100,,196648,7,,,1,198,,196649,7,,,1,200,,196650,7,,,1
4801,'20260810',625,,196651,7,,,1,100,,196652,7,,,1,103,,196653,7,,,1,100,,196654,7,,,1,97,,196655,7,,,1,200,,196656,7,,,1,203,,196657,7,,,1,100,,196658,7,,,1,102,,196659,7,,,1,105,,196660,7,,,1,95,,196661,7,,,1,95,,196662,7,,,1,100,,196663,7,,,1,100,,196664,7,,,1,198,,196665,7,,,1,200,,196666,7,,,1
4801,'20260811',625,,196667,7,,,1,100,,196668,7,,,1,103,,196669,7,,,1,100,,196670,7,,,1,97,,196671,7,,,1,200,,196672,7,,,1,203,,196673,7,,,1,100,,196674,7,,,1,102,,196675,7,,,1,105,,196676,7,,,1,95,,196677,7,,,1,95,,196678,7,,,1,100,,196679,7,,,1,100,,196680,7,,,1,198,,196681,7,,,1,200,,196682,7,,,1
4801,'20260812',625,,196683,7,,,1,100,,196684,7,,,1,103,,196685,7,,,1,100,,196686,7,,,1,97,,196687,7,,,1,200,,196688,7,,,1,203,,196689,7,,,1,100,,196690,7,,,1,102,,196691,7,,,1,105,,196692,7,,,1,95,,196693,7,,,1,95,,196694,7,,,1,100,,196695,7,,,1,100,,196696,7,,,1,198,,196697,7,,,1,200,,196698,7,,,1
4801,'20260813',625,,196699,7,,,1,100,,196700,7,,,1,103,,196701,7,,,1,100,,196702,7,,,1,97,,196703,7,,,1,200,,196704,7,,,1,203,,196705,7,,,1,100,,196706,7,,,1,102,,196707,7,,,1,105,,196708,7,,,1,95,,196709,7,,,1,95,,196710,7,,,1,100,,196711,7,,,1,100,,196712,7,,,1,198,,196713,7,,,1,200,,196714,7,,,1
4801,'20260814',625,,196715,7,,,1,100,,196716,7,,,1,103,,196717,7,,,1,100,,196718,7,,,1,97,,196719,7,,,1,200,,196720,7,,,1,203,,196721,7,,,1,100,,196722,7,,,1,102,,196723,7,,,1,105,,196724,7,,,1,95,,196725,7,,,1,95,,196726,7,,,1,100,,196727,7,,,1,100,,196728,7,,,1,198,,196729,7,,,1,200,,196730,7,,,1
4801,'20260817',625,,196731,7,,,1,100,,196732,7,,,1,103,,196733,7,,,1,100,,196734,7,,,1,97,,196735,7,,,1,200,,196736,7,,,1,203,,196737,7,,,1,100,,196738,7,,,1,102,,196739,7,,,1,105,,196740,7,,,1,95,,196741,7,,,1,95,,196742,7,,,1,100,,196743,7,,,1,100,,196744,7,,,1,198,,196745,7,,,1,200,,196746,7,,,1
4801,'20260818',625,,196747,7,,,1,100,,196748,7,,,1,103,,196749,7,,,1,100,,196750,7,,,1,97,,196751,7,,,1,200,,196752,7,,,1,203,,196753,7,,,1,100,,196754,7,,,1,102,,196755,7,,,1,105,,196756,7,,,1,95,,196757,7,,,1,95,,196758,7,,,1,100,,196759,7,,,1,100,,196760,7,,,1,198,,196761,7,,,1,200,,196762,7,,,1
4801,'20260819',625,,196763,7,,,1,100,,196764,7,,,1,103,,196765,7,,,1,100,,196766,7,,,1,97,,196767,7,,,1,200,,196768,7,,,1,203,,196769,7,,,1,100,,196770,7,,,1,102,,196771,7,,,1,105,,196772,7,,,1,95,,196773,7,,,1,95,,196774,7,,,1,100,,196775,7,,,1,100,,196776,7,,,1,198,,196777,7,,,1,200,,196778,7,,,1
4801,'20260820',625,,196779,7,,,1,100,,196780,7,,,1,103,,196781,7,,,1,100,,196782,7,,,1,97,,196783,7,,,1,200,,196784,7,,,1,203,,196785,7,,,1,100,,196786,7,,,1,102,,196787,7,,,1,105,,196788,7,,,1,95,,196789,7,,,1,95,,196790,7,,,1,100,,196791,7,,,1,100,,196792,7,,,1,198,,196793,7,,,1,200,,196794,7,,,1
4801,'20260821',625,,196795,7,,,1,100,,196796,7,,,1,103,,196797,7,,,1,100,,196798,7,,,1,97,,196799,7,,,1,200,,196800,7,,,1,203,,196801,7,,,1,100,,196802,7,,,1,102,,196803,7,,,1,105,,196804,7,,,1,95,,196805,7,,,1,95,,196806,7,,,1,100,,196807,7,,,1,100,,196808,7,,,1,198,,196809,7,,,1,200,,196810,7,,,1
4801,'20260824',625,,196811,7,,,1,100,,196812,7,,,1,103,,196813,7,,,1,100,,196814,7,,,1,97,,196815,7,,,1,200,,196816,7,,,1,203,,196817,7,,,1,100,,196818,7,,,1,102,,196819,7,,,1,105,,196820,7,,,1,95,,196821,7,,,1,95,,196822,7,,,1,100,,196823,7,,,1,100,,196824,7,,,1,198,,196825,7,,,1,200,,196826,7,,,1
4801,'20260825',625,,196827,7,,,1,100,,196828,7,,,1,103,,196829,7,,,1,100,,196830,7,,,1,97,,196831,7,,,1,200,,196832,7,,,1,203,,196833,7,,,1,100,,196834,7,,,1,102,,196835,7,,,1,105,,196836,7,,,1,95,,196837,7,,,1,95,,196838,7,,,1,100,,196839,7,,,1,100,,196840,7,,,1,198,,196841,7,,,1,200,,196842,7,,,1
4801,'20260826',625,,196843,7,,,1,100,,196844,7,,,1,103,,196845,7,,,1,100,,196846,7,,,1,97,,196847,7,,,1,200,,196848,7,,,1,203,,196849,7,,,1,100,,196850,7,,,1,102,,196851,7,,,1,105,,196852,7,,,1,95,,196853,7,,,1,95,,196854,7,,,1,100,,196855,7,,,1,100,,196856,7,,,1,198,,196857,7,,,1,200,,196858,7,,,1
4801,'20260827',625,,196859,7,,,1,100,,196860,7,,,1,103,,196861,7,,,1,100,,196862,7,,,1,97,,196863,7,,,1,200,,196864,7,,,1,203,,196865,7,,,1,100,,196866,7,,,1,102,,196867,7,,,1,105,,196868,7,,,1,95,,196869,7,,,1,95,,196870,7,,,1,100,,196871,7,,,1,100,,196872,7,,,1,198,,196873,7,,,1,200,,196874,7,,,1
4801,'20260828',625,,196875,7,,,1,100,,196876,7,,,1,103,,196877,7,,,1,100,,196878,7,,,1,97,,196879,7,,,1,200,,196880,7,,,1,203,,196881,7,,,1,100,,196882,7,,,1,102,,196883,7,,,1,105,,196884,7,,,1,95,,196885,7,,,1,95,,196886,7,,,1,100,,196887,7,,,1,100,,196888,7,,,1,198,,196889,7,,,1,200,,196890,7,,,1
4801,'20260831',625,,196891,7,,,1,100,,196892,7,,,1,103,,196893,7,,,1,100,,196894,7,,,1,97,,196895,7,,,1,200,,196896,7,,,1,203,,196897,7,,,1,100,,196898,7,,,1,102,,196899,7,,,1,105,,196900,7,,,1,95,,196901,7,,,1,95,,196902,7,,,1,100,,196903,7,,,1,100,,196904,7,,,1,198,,196905,7,,,1,200,,196906,7,,,1
4801,'20260901',625,,196907,7,,,1,100,,196908,7,,,1,103,,196909,7,,,1,100,,196910,7,,,1,97,,196911,7,,,1,200,,196912,7,,,1,203,,196913,7,,,1,100,,196914,7,,,1,102,,196915,7,,,1,105,,196916,7,,,1,95,,196917,7,,,1,95,,196918,7,,,1,100,,196919,7,,,1,100,,196920,7,,,1,198,,196921,7,,,1,200,,196922,7,,,1
4801,'20260902',625,,196923,7,,,1,100,,196924,7,,,1,103,,196925,7,,,1,100,,196926,7,,,1,97,,196927,7,,,1,200,,196928,7,,,1,203,,196929,7,,,1,100,,196930,7,,,1,102,,196931,7,,,1,105,,196932,7,,,1,95,,196933,7,,,1,95,,196934,7,,,1,100,,196935,7,,,1,100,,196936,7,,,1,198,,196937,7,,,1,200,,196938,7,,,1
4801,'20260903',625,,196939,7,,,1,100,,196940,7,,,1,103,,196941,7,,,1,100,,196942,7,,,1,97,,196943,7,,,1,200,,196944,7,,,1,203,,196945,7,,,1,100,,196946,7,,,1,102,,196947,7,,,1,105,,196948,7,,,1,95,,196949,7,,,1,95,,196950,7,,,1,100,,196951,7,,,1,100,,196952,7,,,1,198,,196953,7,,,1,200,,196954,7,,,1
4801,'20260904',625,,196955,7,,,1,100,,196956,7,,,1,103,,196957,7,,,1,100,,196958,7,,,1,97,,196959,7,,,1,200,,196960,7,,,1,203,,196961,7,,,1,100,,196962,7,,,1,102,,196963,7,,,1,105,,196964,7,,,1,95,,196965,7,,,1,95,,196966,7,,,1,100,,196967,7,,,1,100,,196968,7,,,1,198,,196969,7,,,1,200,,196970,7,,,1
