1100,'20260629',915,,120049,2,,,1,100,,120050,2,,,1,200,,120051,2,,,1,201,,120052,2,,,1,191,,120053,2,,,1,102,,120054,2,,,1,105,,120055,2,,,1,204,,120056,2,,,1
1100,'20260630',915,,120057,2,,,1,100,,120058,2,,,1,200,,120059,2,,,1,201,,120060,2,,,1,191,,120061,2,,,1,102,,120062,2,,,1,105,,120063,2,,,1,204,,120064,2,,,1
1100,'20260702',915,,120065,2,,,1,100,,120066,2,,,1,200,,120067,2,,,1,201,,120068,2,,,1,191,,120069,2,,,1,102,,120070,2,,,1,105,,120071,2,,,1,204,,120072,2,,,1
1100,'20260703',915,,120073,2,,,1,100,,120074,2,,,1,200,,120075,2,,,1,201,,120076,2,,,1,191,,120077,2,,,1,102,,120078,2,,,1,105,,120079,2,,,1,204,,120080,2,,,1
1100,'20260706',915,,120081,2,,,1,100,,120082,2,,,1,200,,120083,2,,,1,201,,120084,2,,,1,191,,120085,2,,,1,102,,120086,2,,,1,105,,120087,2,,,1,204,,120088,2,,,1
1100,'20260707',915,,120089,2,,,1,100,,120090,2,,,1,200,,120091,2,,,1,201,,120092,2,,,1,191,,120093,2,,,1,102,,120094,2,,,1,105,,120095,2,,,1,204,,120096,2,,,1
1100,'20260708',915,,120097,2,,,1,100,,120098,2,,,1,200,,120099,2,,,1,201,,120100,2,,,1,191,,120101,2,,,1,102,,120102,2,,,1,105,,120103,2,,,1,204,,120104,2,,,1
1100,'20260709',915,,120105,2,,,1,100,,120106,2,,,1,200,,120107,2,,,1,201,,120108,2,,,1,191,,120109,2,,,1,102,,120110,2,,,1,105,,120111,2,,,1,204,,120112,2,,,1
1100,'20260710',915,,120113,2,,,1,100,,120114,2,,,1,200,,120115,2,,,1,201,,120116,2,,,1,191,,120117,2,,,1,102,,120118,2,,,1,105,,120119,2,,,1,204,,120120,2,,,1
1100,'20260713',915,,120121,2,,,1,100,,120122,2,,,1,200,,120123,2,,,1,201,,120124,2,,,1,191,,120125,2,,,1,102,,120126,2,,,1,105,,120127,2,,,1,204,,120128,2,,,1
1100,'20260714',915,,120129,2,,,1,100,,120130,2,,,1,200,,120131,2,,,1,201,,120132,2,,,1,191,,120133,2,,,1,102,,120134,2,,,1,105,,120135,2,,,1,204,,120136,2,,,1
1100,'20260715',915,,120137,2,,,1,100,,120138,2,,,1,200,,120139,2,,,1,201,,120140,2,,,1,191,,120141,2,,,1,102,,120142,2,,,1,105,,120143,2,,,1,204,,120144,2,,,1
1100,'20260716',915,,120145,2,,,1,100,,120146,2,,,1,200,,120147,2,,,1,201,,120148,2,,,1,191,,120149,2,,,1,102,,120150,2,,,1,105,,120151,2,,,1,204,,120152,2,,,1
1100,'20260717',915,,120153,2,,,1,100,,120154,2,,,1,200,,120155,2,,,1,201,,120156,2,,,1,191,,120157,2,,,1,102,,120158,2,,,1,105,,120159,2,,,1,204,,120160,2,,,1
1100,'20260720',915,,120161,2,,,1,100,,120162,2,,,1,200,,120163,2,,,1,201,,120164,2,,,1,191,,120165,2,,,1,102,,120166,2,,,1,105,,120167,2,,,1,204,,120168,2,,,1
1100,'20260721',915,,120169,2,,,1,100,,120170,2,,,1,200,,120171,2,,,1,201,,120172,2,,,1,191,,120173,2,,,1,102,,120174,2,,,1,105,,120175,2,,,1,204,,120176,2,,,1
1100,'20260722',915,,120177,2,,,1,100,,120178,2,,,1,200,,120179,2,,,1,201,,120180,2,,,1,191,,120181,2,,,1,102,,120182,2,,,1,105,,120183,2,,,1,204,,120184,2,,,1
1100,'20260723',915,,120185,2,,,1,100,,120186,2,,,1,200,,120187,2,,,1,201,,120188,2,,,1,191,,120189,2,,,1,102,,120190,2,,,1,105,,120191,2,,,1,204,,120192,2,,,1
1100,'20260724',915,,120193,2,,,1,100,,120194,2,,,1,200,,120195,2,,,1,201,,120196,2,,,1,191,,120197,2,,,1,102,,120198,2,,,1,105,,120199,2,,,1,204,,120200,2,,,1
1100,'20260727',915,,120201,2,,,1,100,,120202,2,,,1,200,,120203,2,,,1,201,,120204,2,,,1,191,,120205,2,,,1,102,,120206,2,,,1,105,,120207,2,,,1,204,,120208,2,,,1
1100,'20260728',915,,120209,2,,,1,100,,120210,2,,,1,200,,120211,2,,,1,201,,120212,2,,,1,191,,120213,2,,,1,102,,120214,2,,,1,105,,120215,2,,,1,204,,120216,2,,,1
1100,'20260729',915,,120217,2,,,1,100,,120218,2,,,1,200,,120219,2,,,1,201,,120220,2,,,1,191,,120221,2,,,1,102,,120222,2,,,1,105,,120223,2,,,1,204,,120224,2,,,1
1100,'20260730',915,,120225,2,,,1,100,,120226,2,,,1,200,,120227,2,,,1,201,,120228,2,,,1,191,,120229,2,,,1,102,,120230,2,,,1,105,,120231,2,,,1,204,,120232,2,,,1
1100,'20260731',915,,120233,2,,,1,100,,120234,2,,,1,200,,120235,2,,,1,201,,120236,2,,,1,191,,120237,2,,,1,102,,120238,2,,,1,105,,120239,2,,,1,204,,120240,2,,,1
1100,'20260804',915,,120241,2,,,1,100,,120242,2,,,1,200,,120243,2,,,1,201,,120244,2,,,1,191,,120245,2,,,1,102,,120246,2,,,1,105,,120247,2,,,1,204,,120248,2,,,1
1100,'20260805',915,,120249,2,,,1,100,,120250,2,,,1,200,,120251,2,,,1,201,,120252,2,,,1,191,,120253,2,,,1,102,,120254,2,,,1,105,,120255,2,,,1,204,,120256,2,,,1
1100,'20260806',915,,120257,2,,,1,100,,120258,2,,,1,200,,120259,2,,,1,201,,120260,2,,,1,191,,120261,2,,,1,102,,120262,2,,,1,105,,120263,2,,,1,204,,120264,2,,,1
1100,'20260807',915,,120265,2,,,1,100,,120266,2,,,1,200,,120267,2,,,1,201,,120268,2,,,1,191,,120269,2,,,1,102,,120270,2,,,1,105,,120271,2,,,1,204,,120272,2,,,1
1100,'20260810',915,,120273,2,,,1,100,,120274,2,,,1,200,,120275,2,,,1,201,,120276,2,,,1,191,,120277,2,,,1,102,,120278,2,,,1,105,,120279,2,,,1,204,,120280,2,,,1
1100,'20260811',915,,120281,2,,,1,100,,120282,2,,,1,200,,120283,2,,,1,201,,120284,2,,,1,191,,120285,2,,,1,102,,120286,2,,,1,105,,120287,2,,,1,204,,120288,2,,,1
1100,'20260812',915,,120289,2,,,1,100,,120290,2,,,1,200,,120291,2,,,1,201,,120292,2,,,1,191,,120293,2,,,1,102,,120294,2,,,1,105,,120295,2,,,1,204,,120296,2,,,1
1100,'20260813',915,,120297,2,,,1,100,,120298,2,,,1,200,,120299,2,,,1,201,,120300,2,,,1,191,,120301,2,,,1,102,,120302,2,,,1,105,,120303,2,,,1,204,,120304,2,,,1
1100,'20260814',915,,120305,2,,,1,100,,120306,2,,,1,200,,120307,2,,,1,201,,120308,2,,,1,191,,120309,2,,,1,102,,120310,2,,,1,105,,120311,2,,,1,204,,120312,2,,,1
1100,'20260817',915,,120313,2,,,1,100,,120314,2,,,1,200,,120315,2,,,1,201,,120316,2,,,1,191,,120317,2,,,1,102,,120318,2,,,1,105,,120319,2,,,1,204,,120320,2,,,1
1100,'20260818',915,,120321,2,,,1,100,,120322,2,,,1,200,,120323,2,,,1,201,,120324,2,,,1,191,,120325,2,,,1,102,,120326,2,,,1,105,,120327,2,,,1,204,,120328,2,,,1
1100,'20260819',915,,120329,2,,,1,100,,120330,2,,,1,200,,120331,2,,,1,201,,120332,2,,,1,191,,120333,2,,,1,102,,120334,2,,,1,105,,120335,2,,,1,204,,120336,2,,,1
1100,'20260820',915,,120337,2,,,1,100,,120338,2,,,1,200,,120339,2,,,1,201,,120340,2,,,1,191,,120341,2,,,1,102,,120342,2,,,1,105,,120343,2,,,1,204,,120344,2,,,1
1100,'20260821',915,,120345,2,,,1,100,,120346,2,,,1,200,,120347,2,,,1,201,,120348,2,,,1,191,,120349,2,,,1,102,,120350,2,,,1,105,,120351,2,,,1,204,,120352,2,,,1
1100,'20260824',915,,120353,2,,,1,100,,120354,2,,,1,200,,120355,2,,,1,201,,120356,2,,,1,191,,120357,2,,,1,102,,120358,2,,,1,105,,120359,2,,,1,204,,120360,2,,,1
1100,'20260825',915,,120361,2,,,1,100,,120362,2,,,1,200,,120363,2,,,1,201,,120364,2,,,1,191,,120365,2,,,1,102,,120366,2,,,1,105,,120367,2,,,1,204,,120368,2,,,1
1100,'20260826',915,,120369,2,,,1,100,,120370,2,,,1,200,,120371,2,,,1,201,,120372,2,,,1,191,,120373,2,,,1,102,,120374,2,,,1,105,,120375,2,,,1,204,,120376,2,,,1
1100,'20260827',915,,120377,2,,,1,100,,120378,2,,,1,200,,120379,2,,,1,201,,120380,2,,,1,191,,120381,2,,,1,102,,120382,2,,,1,105,,120383,2,,,1,204,,120384,2,,,1
1100,'20260828',915,,120385,2,,,1,100,,120386,2,,,1,200,,120387,2,,,1,201,,120388,2,,,1,191,,120389,2,,,1,102,,120390,2,,,1,105,,120391,2,,,1,204,,120392,2,,,1
1100,'20260831',915,,120393,2,,,1,100,,120394,2,,,1,200,,120395,2,,,1,201,,120396,2,,,1,191,,120397,2,,,1,102,,120398,2,,,1,105,,120399,2,,,1,204,,120400,2,,,1
1100,'20260901',915,,120401,2,,,1,100,,120402,2,,,1,200,,120403,2,,,1,201,,120404,2,,,1,191,,120405,2,,,1,102,,120406,2,,,1,105,,120407,2,,,1,204,,120408,2,,,1
1100,'20260902',915,,120409,2,,,1,100,,120410,2,,,1,200,,120411,2,,,1,201,,120412,2,,,1,191,,120413,2,,,1,102,,120414,2,,,1,105,,120415,2,,,1,204,,120416,2,,,1
1100,'20260903',915,,120417,2,,,1,100,,120418,2,,,1,200,,120419,2,,,1,201,,120420,2,,,1,191,,120421,2,,,1,102,,120422,2,,,1,105,,120423,2,,,1,204,,120424,2,,,1
1100,'20260904',915,,120425,2,,,1,100,,120426,2,,,1,200,,120427,2,,,1,201,,120428,2,,,1,191,,120429,2,,,1,102,,120430,2,,,1,105,,120431,2,,,1,204,,120432,2,,,1
1101,'20260629',740,,120513,15,,,1,119,,120514,15,,,1,248,,120515,15,,,1,200,,120516,15,,,1,193,,120517,15,,,1,105,,120518,15,,,1,103,,120519,15,,,1,209,,120520,15,,,1
1101,'20260630',740,,120521,15,,,1,119,,120522,15,,,1,248,,120523,15,,,1,200,,120524,15,,,1,193,,120525,15,,,1,105,,120526,15,,,1,103,,120527,15,,,1,209,,120528,15,,,1
1101,'20260702',740,,120529,15,,,1,119,,120530,15,,,1,248,,120531,15,,,1,200,,120532,15,,,1,193,,120533,15,,,1,105,,120534,15,,,1,103,,120535,15,,,1,209,,120536,15,,,1
1101,'20260703',740,,120537,15,,,1,119,,120538,15,,,1,248,,120539,15,,,1,200,,120540,15,,,1,193,,120541,15,,,1,105,,120542,15,,,1,103,,120543,15,,,1,209,,120544,15,,,1
1101,'20260706',740,,120545,15,,,1,119,,120546,15,,,1,248,,120547,15,,,1,200,,120548,15,,,1,193,,120549,15,,,1,105,,120550,15,,,1,103,,120551,15,,,1,209,,120552,15,,,1
1101,'20260707',740,,120553,15,,,1,119,,120554,15,,,1,248,,120555,15,,,1,200,,120556,15,,,1,193,,120557,15,,,1,105,,120558,15,,,1,103,,120559,15,,,1,209,,120560,15,,,1
1101,'20260708',740,,120561,15,,,1,119,,120562,15,,,1,248,,120563,15,,,1,200,,120564,15,,,1,193,,120565,15,,,1,105,,120566,15,,,1,103,,120567,15,,,1,209,,120568,15,,,1
1101,'20260709',740,,120569,15,,,1,119,,120570,15,,,1,248,,120571,15,,,1,200,,120572,15,,,1,193,,120573,15,,,1,105,,120574,15,,,1,103,,120575,15,,,1,209,,120576,15,,,1
1101,'20260710',740,,120577,15,,,1,119,,120578,15,,,1,248,,120579,15,,,1,200,,120580,15,,,1,193,,120581,15,,,1,105,,120582,15,,,1,103,,120583,15,,,1,209,,120584,15,,,1
1101,'20260713',740,,120585,15,,,1,119,,120586,15,,,1,248,,120587,15,,,1,200,,120588,15,,,1,193,,120589,15,,,1,105,,120590,15,,,1,103,,120591,15,,,1,209,,120592,15,,,1
1101,'20260714',740,,120593,15,,,1,119,,120594,15,,,1,248,,120595,15,,,1,200,,120596,15,,,1,193,,120597,15,,,1,105,,120598,15,,,1,103,,120599,15,,,1,209,,120600,15,,,1
1101,'20260715',740,,120601,15,,,1,119,,120602,15,,,1,248,,120603,15,,,1,200,,120604,15,,,1,193,,120605,15,,,1,105,,120606,15,,,1,103,,120607,15,,,1,209,,120608,15,,,1
1101,'20260716',740,,120609,15,,,1,119,,120610,15,,,1,248,,120611,15,,,1,200,,120612,15,,,1,193,,120613,15,,,1,105,,120614,15,,,1,103,,120615,15,,,1,209,,120616,15,,,1
1101,'20260717',740,,120617,15,,,1,119,,120618,15,,,1,248,,120619,15,,,1,200,,120620,15,,,1,193,,120621,15,,,1,105,,120622,15,,,1,103,,120623,15,,,1,209,,120624,15,,,1
1101,'20260720',740,,120625,15,,,1,119,,120626,15,,,1,248,,120627,15,,,1,200,,120628,15,,,1,193,,120629,15,,,1,105,,120630,15,,,1,103,,120631,15,,,1,209,,120632,15,,,1
1101,'20260721',740,,120633,15,,,1,119,,120634,15,,,1,248,,120635,15,,,1,200,,120636,15,,,1,193,,120637,15,,,1,105,,120638,15,,,1,103,,120639,15,,,1,209,,120640,15,,,1
1101,'20260722',740,,120641,15,,,1,119,,120642,15,,,1,248,,120643,15,,,1,200,,120644,15,,,1,193,,120645,15,,,1,105,,120646,15,,,1,103,,120647,15,,,1,209,,120648,15,,,1
1101,'20260723',740,,120649,15,,,1,119,,120650,15,,,1,248,,120651,15,,,1,200,,120652,15,,,1,193,,120653,15,,,1,105,,120654,15,,,1,103,,120655,15,,,1,209,,120656,15,,,1
1101,'20260724',740,,120657,15,,,1,119,,120658,15,,,1,248,,120659,15,,,1,200,,120660,15,,,1,193,,120661,15,,,1,105,,120662,15,,,1,103,,120663,15,,,1,209,,120664,15,,,1
1101,'20260727',740,,120665,15,,,1,119,,120666,15,,,1,248,,120667,15,,,1,200,,120668,15,,,1,193,,120669,15,,,1,105,,120670,15,,,1,103,,120671,15,,,1,209,,120672,15,,,1
1101,'20260728',740,,120673,15,,,1,119,,120674,15,,,1,248,,120675,15,,,1,200,,120676,15,,,1,193,,120677,15,,,1,105,,120678,15,,,1,103,,120679,15,,,1,209,,120680,15,,,1
1101,'20260729',740,,120681,15,,,1,119,,120682,15,,,1,248,,120683,15,,,1,200,,120684,15,,,1,193,,120685,15,,,1,105,,120686,15,,,1,103,,120687,15,,,1,209,,120688,15,,,1
1101,'20260730',740,,120689,15,,,1,119,,120690,15,,,1,248,,120691,15,,,1,200,,120692,15,,,1,193,,120693,15,,,1,105,,120694,15,,,1,103,,120695,15,,,1,209,,120696,15,,,1
1101,'20260731',740,,120697,15,,,1,119,,120698,15,,,1,248,,120699,15,,,1,200,,120700,15,,,1,193,,120701,15,,,1,105,,120702,15,,,1,103,,120703,15,,,1,209,,120704,15,,,1
1101,'20260804',740,,120705,15,,,1,119,,120706,15,,,1,248,,120707,15,,,1,200,,120708,15,,,1,193,,120709,15,,,1,105,,120710,15,,,1,103,,120711,15,,,1,209,,120712,15,,,1
1101,'20260805',740,,120713,15,,,1,119,,120714,15,,,1,248,,120715,15,,,1,200,,120716,15,,,1,193,,120717,15,,,1,105,,120718,15,,,1,103,,120719,15,,,1,209,,120720,15,,,1
1101,'20260806',740,,120721,15,,,1,119,,120722,15,,,1,248,,120723,15,,,1,200,,120724,15,,,1,193,,120725,15,,,1,105,,120726,15,,,1,103,,120727,15,,,1,209,,120728,15,,,1
1101,'20260807',740,,120729,15,,,1,119,,120730,15,,,1,248,,120731,15,,,1,200,,120732,15,,,1,193,,120733,15,,,1,105,,120734,15,,,1,103,,120735,15,,,1,209,,120736,15,,,1
1101,'20260810',740,,120737,15,,,1,119,,120738,15,,,1,248,,120739,15,,,1,200,,120740,15,,,1,193,,120741,15,,,1,105,,120742,15,,,1,103,,120743,15,,,1,209,,120744,15,,,1
1101,'20260811',740,,120745,15,,,1,119,,120746,15,,,1,248,,120747,15,,,1,200,,120748,15,,,1,193,,120749,15,,,1,105,,120750,15,,,1,103,,120751,15,,,1,209,,120752,15,,,1
1101,'20260812',740,,120753,15,,,1,119,,120754,15,,,1,248,,120755,15,,,1,200,,120756,15,,,1,193,,120757,15,,,1,105,,120758,15,,,1,103,,120759,15,,,1,209,,120760,15,,,1
1101,'20260813',740,,120761,15,,,1,119,,120762,15,,,1,248,,120763,15,,,1,200,,120764,15,,,1,193,,120765,15,,,1,105,,120766,15,,,1,103,,120767,15,,,1,209,,120768,15,,,1
1101,'20260814',740,,120769,15,,,1,119,,120770,15,,,1,248,,120771,15,,,1,200,,120772,15,,,1,193,,120773,15,,,1,105,,120774,15,,,1,103,,120775,15,,,1,209,,120776,15,,,1
1101,'20260817',740,,120777,15,,,1,119,,120778,15,,,1,248,,120779,15,,,1,200,,120780,15,,,1,193,,120781,15,,,1,105,,120782,15,,,1,103,,120783,15,,,1,209,,120784,15,,,1
1101,'20260818',740,,120785,15,,,1,119,,120786,15,,,1,248,,120787,15,,,1,200,,120788,15,,,1,193,,120789,15,,,1,105,,120790,15,,,1,103,,120791,15,,,1,209,,120792,15,,,1
1101,'20260819',740,,120793,15,,,1,119,,120794,15,,,1,248,,120795,15,,,1,200,,120796,15,,,1,193,,120797,15,,,1,105,,120798,15,,,1,103,,120799,15,,,1,209,,120800,15,,,1
1101,'20260820',740,,120801,15,,,1,119,,120802,15,,,1,248,,120803,15,,,1,200,,120804,15,,,1,193,,120805,15,,,1,105,,120806,15,,,1,103,,120807,15,,,1,209,,120808,15,,,1
1101,'20260821',740,,120809,15,,,1,119,,120810,15,,,1,248,,120811,15,,,1,200,,120812,15,,,1,193,,120813,15,,,1,105,,120814,15,,,1,103,,120815,15,,,1,209,,120816,15,,,1
1101,'20260824',740,,120817,15,,,1,119,,120818,15,,,1,248,,120819,15,,,1,200,,120820,15,,,1,193,,120821,15,,,1,105,,120822,15,,,1,103,,120823,15,,,1,209,,120824,15,,,1
1101,'20260825',740,,120825,15,,,1,119,,120826,15,,,1,248,,120827,15,,,1,200,,120828,15,,,1,193,,120829,15,,,1,105,,120830,15,,,1,103,,120831,15,,,1,209,,120832,15,,,1
1101,'20260826',740,,120833,15,,,1,119,,120834,15,,,1,248,,120835,15,,,1,200,,120836,15,,,1,193,,120837,15,,,1,105,,120838,15,,,1,103,,120839,15,,,1,209,,120840,15,,,1
1101,'20260827',740,,120841,15,,,1,119,,120842,15,,,1,248,,120843,15,,,1,200,,120844,15,,,1,193,,120845,15,,,1,105,,120846,15,,,1,103,,120847,15,,,1,209,,120848,15,,,1
1101,'20260828',740,,120849,15,,,1,119,,120850,15,,,1,248,,120851,15,,,1,200,,120852,15,,,1,193,,120853,15,,,1,105,,120854,15,,,1,103,,120855,15,,,1,209,,120856,15,,,1
1101,'20260831',740,,120857,15,,,1,119,,120858,15,,,1,248,,120859,15,,,1,200,,120860,15,,,1,193,,120861,15,,,1,105,,120862,15,,,1,103,,120863,15,,,1,209,,120864,15,,,1
1101,'20260901',740,,120865,15,,,1,119,,120866,15,,,1,248,,120867,15,,,1,200,,120868,15,,,1,193,,120869,15,,,1,105,,120870,15,,,1,103,,120871,15,,,1,209,,120872,15,,,1
1101,'20260902',740,,120873,15,,,1,119,,120874,15,,,1,248,,120875,15,,,1,200,,120876,15,,,1,193,,120877,15,,,1,105,,120878,15,,,1,103,,120879,15,,,1,209,,120880,15,,,1
1101,'20260903',740,,120881,15,,,1,119,,120882,15,,,1,248,,120883,15,,,1,200,,120884,15,,,1,193,,120885,15,,,1,105,,120886,15,,,1,103,,120887,15,,,1,209,,120888,15,,,1
1101,'20260904',740,,120889,15,,,1,119,,120890,15,,,1,248,,120891,15,,,1,200,,120892,15,,,1,193,,120893,15,,,1,105,,120894,15,,,1,103,,120895,15,,,1,209,,120896,15,,,1
