6801,'20260707',440,,205182,18,0,5 16 26 9,1,596,,205183,18,0,88 9,1,100,,205184,18,0,88 9,1,382,,205185,18,0,5 16 26 9,1,200,,205186,18,0,5 16 26 9,1,118,,205187,18,0,88 9,1,106,,205188,18,0,88 9,1,385,,205189,18,0,5 16 26 9,1
6801,'20260708',440,,205190,18,0,5 16 26 9,1,596,,205191,18,0,88 9,1,100,,205192,18,0,88 9,1,382,,205193,18,0,5 16 26 9,1,200,,205194,18,0,5 16 26 9,1,118,,205195,18,0,88 9,1,106,,205196,18,0,88 9,1,385,,205197,18,0,5 16 26 9,1
6801,'20260709',440,,205198,18,0,5 16 26 9,1,596,,205199,18,0,88 9,1,100,,205200,18,0,88 9,1,382,,205201,18,0,5 16 26 9,1,200,,205202,18,0,5 16 26 9,1,118,,205203,18,0,88 9,1,106,,205204,18,0,88 9,1,385,,205205,18,0,5 16 26 9,1
6801,'20260710',440,,205206,18,0,5 16 26 9,1,596,,205207,18,0,88 9,1,100,,205208,18,0,88 9,1,382,,205209,18,0,5 16 26 9,1,200,,205210,18,0,5 16 26 9,1,118,,205211,18,0,88 9,1,106,,205212,18,0,88 9,1,385,,205213,18,0,5 16 26 9,1
6801,'20260711',943,,205214,18,0,88 9,1,300,,205215,18,0,88 9,1,300,,205216,18,0,88 9,1,300,,205217,18,0,88 9,1,505,,205218,18,0,5 16 26 9,1
6801,'20260712',943,,205219,18,0,88 9,1,300,,205220,18,0,88 9,1,300,,205221,18,0,88 9,1,300,,205222,18,0,88 9,1,505,,205223,18,0,5 16 26 9,1
6801,'20260713',440,,205224,18,0,5 16 26 9,1,596,,205225,18,0,88 9,1,100,,205226,18,0,88 9,1,382,,205227,18,0,5 16 26 9,1,200,,205228,18,0,5 16 26 9,1,118,,205229,18,0,88 9,1,106,,205230,18,0,88 9,1,385,,205231,18,0,5 16 26 9,1
6801,'20260714',440,,205232,18,0,5 16 26 9,1,596,,205233,18,0,88 9,1,100,,205234,18,0,88 9,1,382,,205235,18,0,5 16 26 9,1,200,,205236,18,0,5 16 26 9,1,118,,205237,18,0,88 9,1,106,,205238,18,0,88 9,1,385,,205239,18,0,5 16 26 9,1
6801,'20260715',440,,205240,18,0,5 16 26 9,1,596,,205241,18,0,88 9,1,100,,205242,18,0,88 9,1,382,,205243,18,0,5 16 26 9,1,200,,205244,18,0,5 16 26 9,1,118,,205245,18,0,88 9,1,106,,205246,18,0,88 9,1,385,,205247,18,0,5 16 26 9,1
6801,'20260716',440,,205248,18,0,5 16 26 9,1,596,,205249,18,0,88 9,1,100,,205250,18,0,88 9,1,382,,205251,18,0,5 16 26 9,1,200,,205252,18,0,5 16 26 9,1,118,,205253,18,0,88 9,1,106,,205254,18,0,88 9,1,385,,205255,18,0,5 16 26 9,1
6801,'20260717',440,,205256,18,0,5 16 26 9,1,596,,205257,18,0,88 9,1,100,,205258,18,0,88 9,1,382,,205259,18,0,5 16 26 9,1,200,,205260,18,0,5 16 26 9,1,118,,205261,18,0,88 9,1,106,,205262,18,0,88 9,1,385,,205263,18,0,5 16 26 9,1
6801,'20260718',943,,205264,18,0,88 9,1,300,,205265,18,0,88 9,1,300,,205266,18,0,88 9,1,300,,205267,18,0,88 9,1,505,,205268,18,0,5 16 26 9,1
6801,'20260719',943,,205269,18,0,88 9,1,300,,205270,18,0,88 9,1,300,,205271,18,0,88 9,1,300,,205272,18,0,88 9,1,505,,205273,18,0,5 16 26 9,1
