3101,'20260310',642,,25461,10,0,43 44 47,1,94,,25463,8,0,5 43 44 47,1,100,,25464,8,0,5 43 44 47,1,1623,,25466,8,0,77 14 15 9,1,60,,25468,8,0,7 43 44 47,1,99,,25469,10,0,16 17 9,1,100,,25470,10,0,16 17 9,1
3101,'20260311',642,,25473,10,0,43 44 47,1,94,,25475,8,0,5 43 44 47,1,100,,25476,8,0,5 43 44 47,1,1623,,25478,8,0,77 14 15 9,1,60,,25480,8,0,7 43 44 47,1,99,,25481,10,0,16 17 9,1,100,,25482,10,0,16 17 9,1
3101,'20260312',642,,25485,10,0,43 44 47,1,94,,25487,8,0,5 43 44 47,1,100,,25488,8,0,5 43 44 47,1,1623,,25490,8,0,77 14 15 9,1,60,,25492,8,0,7 43 44 47,1,99,,25493,10,0,16 17 9,1,100,,25494,10,0,16 17 9,1
3101,'20260313',642,,25497,10,0,43 44 47,1,94,,25499,8,0,5 43 44 47,1,100,,25500,8,0,5 43 44 47,1,1623,,25502,8,0,77 14 15 9,1,60,,25504,8,0,7 43 44 47,1,99,,25505,10,0,16 17 9,1,100,,25506,10,0,16 17 9,1
3101,'20260314',823,,25507,8,0,7 43 44 47,1,1705,,25510,8,0,77 14 15 9,1,25,,25511,10,0,16 17 9,1,70,,25512,10,0,78 14 15 9,1,25,,25513,10,0,16 17 9,1,70,,25514,10,0,16 17 9,1
3101,'20260315',823,,25515,8,0,7 43 44 47,1,1705,,25518,8,0,77 14 15 9,1,25,,25519,10,0,16 17 9,1,70,,25520,10,0,78 14 15 9,1,25,,25521,10,0,16 17 9,1,70,,25522,10,0,16 17 9,1
3101,'20260316',642,,25525,10,0,43 44 47,1,94,,25527,8,0,5 43 44 47,1,100,,25528,8,0,5 43 44 47,1,1623,,25530,8,0,77 14 15 9,1,60,,25532,8,0,7 43 44 47,1,99,,25533,10,0,16 17 9,1,100,,25534,10,0,16 17 9,1
3101,'20260317',642,,25537,10,0,43 44 47,1,94,,25539,8,0,5 43 44 47,1,100,,25540,8,0,5 43 44 47,1,1623,,25542,8,0,77 14 15 9,1,60,,25544,8,0,7 43 44 47,1,99,,25545,10,0,16 17 9,1,100,,25546,10,0,16 17 9,1
3101,'20260318',642,,25549,10,0,43 44 47,1,94,,25551,8,0,5 43 44 47,1,100,,25552,8,0,5 43 44 47,1,1623,,25554,8,0,77 14 15 9,1,60,,25556,8,0,7 43 44 47,1,99,,25557,10,0,16 17 9,1,100,,25558,10,0,16 17 9,1
3101,'20260319',642,,25561,10,0,43 44 47,1,94,,25563,8,0,5 43 44 47,1,100,,25564,8,0,5 43 44 47,1,1623,,25566,8,0,77 14 15 9,1,60,,25568,8,0,7 43 44 47,1,99,,25569,10,0,16 17 9,1,100,,25570,10,0,16 17 9,1
3101,'20260320',642,,25573,10,0,43 44 47,1,94,,25575,8,0,5 43 44 47,1,100,,25576,8,0,5 43 44 47,1,1623,,25578,8,0,77 14 15 9,1,60,,25580,8,0,7 43 44 47,1,99,,25581,10,0,16 17 9,1,100,,25582,10,0,16 17 9,1
3101,'20260321',823,,25583,8,0,7 43 44 47,1,1705,,25586,8,0,77 14 15 9,1,25,,25587,10,0,16 17 9,1,70,,25588,10,0,78 14 15 9,1,25,,25589,10,0,16 17 9,1,70,,25590,10,0,16 17 9,1
3101,'20260322',823,,25591,8,0,7 43 44 47,1,1705,,25594,8,0,77 14 15 9,1,25,,25595,10,0,16 17 9,1,70,,25596,10,0,78 14 15 9,1,25,,25597,10,0,16 17 9,1,70,,25598,10,0,16 17 9,1
3101,'20260323',642,,25601,10,0,43 44 47,1,94,,25603,8,0,5 43 44 47,1,100,,25604,8,0,5 43 44 47,1,1623,,25606,8,0,77 14 15 9,1,60,,25608,8,0,7 43 44 47,1,99,,25609,10,0,16 17 9,1,100,,25610,10,0,16 17 9,1
3101,'20260324',642,,25613,10,0,43 44 47,1,94,,25615,8,0,5 43 44 47,1,100,,25616,8,0,5 43 44 47,1,1623,,25618,8,0,77 14 15 9,1,60,,25620,8,0,7 43 44 47,1,99,,25621,10,0,16 17 9,1,100,,25622,10,0,16 17 9,1
3101,'20260325',642,,25625,10,0,43 44 47,1,94,,25627,8,0,5 43 44 47,1,100,,25628,8,0,5 43 44 47,1,1623,,25630,8,0,77 14 15 9,1,60,,25632,8,0,7 43 44 47,1,99,,25633,10,0,16 17 9,1,100,,25634,10,0,16 17 9,1
3101,'20260326',642,,25637,10,0,43 44 47,1,94,,25639,8,0,5 43 44 47,1,100,,25640,8,0,5 43 44 47,1,1623,,25642,8,0,77 14 15 9,1,60,,25644,8,0,7 43 44 47,1,99,,25645,10,0,16 17 9,1,100,,25646,10,0,16 17 9,1
3101,'20260327',642,,25649,10,0,43 44 47,1,94,,25651,8,0,5 43 44 47,1,100,,25652,8,0,5 43 44 47,1,1567,,25653,8,0,77 14 15 9,1,56,,25658,8,0,77 14 15 9,1,60,,25660,8,0,7 43 44 47,1,99,,25661,10,0,16 17 9,1,100,,25662,10,0,16 17 9,1
3101,'20260328',823,,25663,8,0,7 43 44 47,1,1705,,25669,8,0,77 14 15 9,1,25,,25670,10,0,16 17 9,1,70,,25671,10,0,78 14 15 9,1,25,,25672,10,0,16 17 9,1,70,,25673,10,0,16 17 9,1
3101,'20260329',823,,25674,8,0,7 43 44 47,1,1705,,25680,8,0,77 14 15 9,1,25,,25681,10,0,16 17 9,1,70,,25682,10,0,78 14 15 9,1,25,,25683,10,0,16 17 9,1,70,,25684,10,0,16 17 9,1
3101,'20260330',642,,25687,10,0,43 44 47,1,94,,25689,8,0,5 43 44 47,1,100,,25690,8,0,5 43 44 47,1,1623,,25692,8,0,77 14 15 9,1,60,,25694,8,0,7 43 44 47,1,99,,25695,10,0,16 17 9,1,100,,25696,10,0,16 17 9,1
3101,'20260331',642,,25699,10,0,43 44 47,1,94,,25701,8,0,5 43 44 47,1,100,,25702,8,0,5 43 44 47,1,1623,,25704,8,0,77 14 15 9,1,60,,25706,8,0,7 43 44 47,1,99,,25707,10,0,16 17 9,1,100,,25708,10,0,16 17 9,1
3101,'20260401',642,,25711,10,0,43 44 47,1,94,,25713,8,0,5 43 44 47,1,100,,25714,8,0,5 43 44 47,1,1623,,25716,8,0,77 14 15 9,1,60,,25718,8,0,7 43 44 47,1,99,,25719,10,0,16 17 9,1,100,,25720,10,0,16 17 9,1
3101,'20260402',642,,25723,10,0,43 44 47,1,94,,25725,8,0,5 43 44 47,1,100,,25726,8,0,5 43 44 47,1,1623,,25728,8,0,77 14 15 9,1,60,,25730,8,0,7 43 44 47,1,99,,25731,10,0,16 17 9,1,100,,25732,10,0,16 17 9,1
3101,'20260403',823,,25733,8,0,7 43 44 47,1,1705,,25736,8,0,77 14 15 9,1,25,,25737,10,0,16 17 9,1,70,,25738,10,0,78 14 15 9,1,25,,25739,10,0,16 17 9,1,70,,25740,10,0,16 17 9,1
3101,'20260404',823,,25741,8,0,7 43 44 47,1,1705,,25744,8,0,77 14 15 9,1,25,,25745,10,0,16 17 9,1,70,,25746,10,0,78 14 15 9,1,25,,25747,10,0,16 17 9,1,70,,25748,10,0,16 17 9,1
3101,'20260405',823,,25749,8,0,7 43 44 47,1,1705,,25752,8,0,77 14 15 9,1,25,,25753,10,0,16 17 9,1,70,,25754,10,0,78 14 15 9,1,25,,25755,10,0,16 17 9,1,70,,25756,10,0,16 17 9,1
3101,'20260406',642,,25759,10,0,43 44 47,1,94,,25761,8,0,5 43 44 47,1,100,,25762,8,0,5 43 44 47,1,1623,,25764,8,0,77 14 15 9,1,60,,25766,8,0,7 43 44 47,1,99,,25767,10,0,16 17 9,1,100,,25768,10,0,16 17 9,1
3101,'20260407',642,,25771,10,0,43 44 47,1,94,,25773,8,0,5 43 44 47,1,100,,25774,8,0,5 43 44 47,1,1623,,25776,8,0,77 14 15 9,1,60,,25778,8,0,7 43 44 47,1,99,,25779,10,0,16 17 9,1,100,,25780,10,0,16 17 9,1
3101,'20260408',642,,25783,10,0,43 44 47,1,94,,25785,8,0,5 43 44 47,1,100,,25786,8,0,5 43 44 47,1,1623,,25788,8,0,77 14 15 9,1,60,,25790,8,0,7 43 44 47,1,99,,25791,10,0,16 17 9,1,100,,25792,10,0,16 17 9,1
3101,'20260409',642,,25795,10,0,43 44 47,1,94,,25797,8,0,5 43 44 47,1,100,,25798,8,0,5 43 44 47,1,1623,,25800,8,0,77 14 15 9,1,60,,25802,8,0,7 43 44 47,1,99,,25803,10,0,16 17 9,1,100,,25804,10,0,16 17 9,1
3101,'20260410',642,,25807,10,0,43 44 47,1,94,,25809,8,0,5 43 44 47,1,100,,25810,8,0,5 43 44 47,1,1623,,25812,8,0,77 14 15 9,1,60,,25814,8,0,7 43 44 47,1,99,,25815,10,0,16 17 9,1,100,,25816,10,0,16 17 9,1
3101,'20260411',823,,25817,8,0,7 43 44 47,1,1705,,25820,8,0,77 14 15 9,1,25,,25821,10,0,16 17 9,1,70,,25822,10,0,78 14 15 9,1,25,,25823,10,0,16 17 9,1,70,,25824,10,0,16 17 9,1
3101,'20260412',823,,25825,8,0,7 43 44 47,1,1705,,25828,8,0,77 14 15 9,1,25,,25829,10,0,16 17 9,1,70,,25830,10,0,78 14 15 9,1,25,,25831,10,0,16 17 9,1,70,,25832,10,0,16 17 9,1
3101,'20260413',642,,25835,10,0,43 44 47,1,94,,25837,8,0,5 43 44 47,1,100,,25838,8,0,5 43 44 47,1,1623,,25840,8,0,77 14 15 9,1,60,,25842,8,0,7 43 44 47,1,99,,25843,10,0,16 17 9,1,100,,25844,10,0,16 17 9,1
3101,'20260414',642,,25847,10,0,43 44 47,1,94,,25849,8,0,5 43 44 47,1,100,,25850,8,0,5 43 44 47,1,1623,,25852,8,0,77 14 15 9,1,60,,25854,8,0,7 43 44 47,1,99,,25855,10,0,16 17 9,1,100,,25856,10,0,16 17 9,1
3101,'20260415',642,,25859,10,0,43 44 47,1,94,,25861,8,0,5 43 44 47,1,100,,25862,8,0,5 43 44 47,1,1623,,25864,8,0,77 14 15 9,1,60,,25866,8,0,7 43 44 47,1,99,,25867,10,0,16 17 9,1,100,,25868,10,0,16 17 9,1
3101,'20260416',642,,25871,10,0,43 44 47,1,94,,25873,8,0,5 43 44 47,1,100,,25874,8,0,5 43 44 47,1,1623,,25876,8,0,77 14 15 9,1,60,,25878,8,0,7 43 44 47,1,99,,25879,10,0,16 17 9,1,100,,25880,10,0,16 17 9,1
3101,'20260417',642,,25883,10,0,43 44 47,1,94,,25885,8,0,5 43 44 47,1,100,,25886,8,0,5 43 44 47,1,1623,,25888,8,0,77 14 15 9,1,60,,25890,8,0,7 43 44 47,1,99,,25891,10,0,16 17 9,1,100,,25892,10,0,16 17 9,1
3101,'20260418',823,,25893,8,0,7 43 44 47,1,1705,,25896,8,0,77 14 15 9,1,25,,25897,10,0,16 17 9,1,70,,25898,10,0,78 14 15 9,1,25,,25899,10,0,16 17 9,1,70,,25900,10,0,16 17 9,1
3101,'20260419',823,,25901,8,0,7 43 44 47,1,1705,,25904,8,0,77 14 15 9,1,25,,25905,10,0,16 17 9,1,70,,25906,10,0,78 14 15 9,1,25,,25907,10,0,16 17 9,1,70,,25908,10,0,16 17 9,1
3101,'20260420',642,,25911,10,0,43 44 47,1,94,,25913,8,0,5 43 44 47,1,100,,25914,8,0,5 43 44 47,1,1623,,25916,8,0,77 14 15 9,1,60,,25918,8,0,7 43 44 47,1,99,,25919,10,0,16 17 9,1,100,,25920,10,0,16 17 9,1
3101,'20260421',642,,25923,10,0,43 44 47,1,94,,25925,8,0,5 43 44 47,1,100,,25926,8,0,5 43 44 47,1,1623,,25928,8,0,77 14 15 9,1,60,,25930,8,0,7 43 44 47,1,99,,25931,10,0,16 17 9,1,100,,25932,10,0,16 17 9,1
3101,'20260422',642,,25935,10,0,43 44 47,1,94,,25937,8,0,5 43 44 47,1,100,,25938,8,0,5 43 44 47,1,1623,,25940,8,0,77 14 15 9,1,60,,25942,8,0,7 43 44 47,1,99,,25943,10,0,16 17 9,1,100,,25944,10,0,16 17 9,1
3101,'20260423',642,,25947,10,0,43 44 47,1,94,,25949,8,0,5 43 44 47,1,100,,25950,8,0,5 43 44 47,1,1623,,25952,8,0,77 14 15 9,1,60,,25954,8,0,7 43 44 47,1,99,,25955,10,0,16 17 9,1,100,,25956,10,0,16 17 9,1
3101,'20260424',642,,25959,10,0,43 44 47,1,94,,25961,8,0,5 43 44 47,1,100,,25962,8,0,5 43 44 47,1,1623,,25964,8,0,77 14 15 9,1,60,,25966,8,0,7 43 44 47,1,99,,25967,10,0,16 17 9,1,100,,25968,10,0,16 17 9,1
3301,'20260310',722,,28871,12,0,7 13,1,108,,28872,12,0,7 13,1,84,,28873,12,0,43 44 47,1,100,,28874,12,0,43 44 47,1,100,,28875,12,0,43 44 47,1,104,,28876,12,0,43 44 47,1,103,,28877,12,0,43 44 47,1,100,,28878,12,0,43 44 47,1,37,,28879,12,0,5 14 15 9,1,65,,28880,12,0,43 44 47,1,22,,28881,12,0,5 14 15 9,1,58,,28882,12,0,16 17 9,1,15,,28883,12,0,5 14 15 9,1,17,,28884,12,0,43 44 47,1,17,,28885,12,0,5 14 15 9,1,55,,28886,12,0,43 44 47,1,15,,28887,12,0,5 14 15 9,1,20,,28888,12,0,16 17 9,1,10,,28889,12,0,16 17 9,1,53,,28890,12,0,5 14 15 9,1,15,,28891,12,0,43 44 47,1,25,,28892,12,0,16 17 9,1,63,,28893,12,0,16 17 9,1,18,,28894,12,0,43 44 47,1,28,,28895,12,0,5 14 15 9,1,65,,28896,12,0,16 17 9,1,25,,28897,12,0,5 14 15 9,1,70,,28898,12,0,43 44 47,1,30,,28899,12,0,5 14 15 9,1,70,,28900,12,0,16 17 9,1,30,,28901,12,0,5 14 15 9,1,70,,28902,12,0,43 44 47,1,100,,28903,12,0,16 17 9,1,99,,28904,12,0,7 13,1
3301,'20260311',722,,28905,12,0,7 13,1,108,,28906,12,0,7 13,1,84,,28907,12,0,43 44 47,1,100,,28908,12,0,43 44 47,1,100,,28909,12,0,43 44 47,1,104,,28910,12,0,43 44 47,1,103,,28911,12,0,43 44 47,1,100,,28912,12,0,43 44 47,1,37,,28913,12,0,5 14 15 9,1,65,,28914,12,0,43 44 47,1,22,,28915,12,0,5 14 15 9,1,58,,28916,12,0,16 17 9,1,15,,28917,12,0,5 14 15 9,1,17,,28918,12,0,43 44 47,1,17,,28919,12,0,5 14 15 9,1,55,,28920,12,0,43 44 47,1,15,,28921,12,0,5 14 15 9,1,20,,28922,12,0,16 17 9,1,10,,28923,12,0,16 17 9,1,53,,28924,12,0,5 14 15 9,1,15,,28925,12,0,43 44 47,1,25,,28926,12,0,16 17 9,1,63,,28927,12,0,16 17 9,1,18,,28928,12,0,43 44 47,1,28,,28929,12,0,5 14 15 9,1,65,,28930,12,0,16 17 9,1,25,,28931,12,0,5 14 15 9,1,70,,28932,12,0,43 44 47,1,30,,28933,12,0,5 14 15 9,1,70,,28934,12,0,16 17 9,1,30,,28935,12,0,5 14 15 9,1,70,,28936,12,0,43 44 47,1,100,,28937,12,0,16 17 9,1,99,,28938,12,0,7 13,1
3301,'20260312',722,,28939,12,0,7 13,1,108,,28940,12,0,7 13,1,84,,28941,12,0,43 44 47,1,100,,28942,12,0,43 44 47,1,100,,28943,12,0,43 44 47,1,104,,28944,12,0,43 44 47,1,103,,28945,12,0,43 44 47,1,100,,28946,12,0,43 44 47,1,37,,28947,12,0,5 14 15 9,1,65,,28948,12,0,43 44 47,1,22,,28949,12,0,5 14 15 9,1,58,,28950,12,0,16 17 9,1,15,,28951,12,0,5 14 15 9,1,17,,28952,12,0,43 44 47,1,17,,28953,12,0,5 14 15 9,1,55,,28954,12,0,43 44 47,1,15,,28955,12,0,5 14 15 9,1,20,,28956,12,0,16 17 9,1,10,,28957,12,0,16 17 9,1,53,,28958,12,0,5 14 15 9,1,15,,28959,12,0,43 44 47,1,25,,28960,12,0,16 17 9,1,63,,28961,12,0,16 17 9,1,18,,28962,12,0,43 44 47,1,28,,28963,12,0,5 14 15 9,1,65,,28964,12,0,16 17 9,1,25,,28965,12,0,5 14 15 9,1,70,,28966,12,0,43 44 47,1,30,,28967,12,0,5 14 15 9,1,70,,28968,12,0,16 17 9,1,30,,28969,12,0,5 14 15 9,1,70,,28970,12,0,43 44 47,1,100,,28971,12,0,16 17 9,1,99,,28972,12,0,7 13,1
3301,'20260313',722,,28973,12,0,7 13,1,108,,28974,12,0,7 13,1,84,,28975,12,0,43 44 47,1,100,,28976,12,0,43 44 47,1,100,,28977,12,0,43 44 47,1,104,,28978,12,0,43 44 47,1,103,,28979,12,0,43 44 47,1,100,,28980,12,0,43 44 47,1,37,,28981,12,0,5 14 15 9,1,65,,28982,12,0,43 44 47,1,22,,28983,12,0,5 14 15 9,1,58,,28984,12,0,16 17 9,1,15,,28985,12,0,5 14 15 9,1,17,,28986,12,0,43 44 47,1,17,,28987,12,0,5 14 15 9,1,55,,28988,12,0,43 44 47,1,15,,28989,12,0,5 14 15 9,1,20,,28990,12,0,16 17 9,1,10,,28991,12,0,16 17 9,1,53,,28992,12,0,5 14 15 9,1,15,,28993,12,0,43 44 47,1,25,,28994,12,0,16 17 9,1,63,,28995,12,0,16 17 9,1,18,,28996,12,0,43 44 47,1,28,,28997,12,0,5 14 15 9,1,65,,28998,12,0,16 17 9,1,25,,28999,12,0,5 14 15 9,1,70,,29000,12,0,43 44 47,1,30,,29001,12,0,5 14 15 9,1,70,,29002,12,0,16 17 9,1,30,,29003,12,0,5 14 15 9,1,70,,29004,12,0,43 44 47,1,100,,29005,12,0,16 17 9,1,99,,29006,12,0,7 13,1
3301,'20260314',1016,,29008,12,0,43 44 47,1,198,,29010,12,0,43 44 47,1,200,,29012,12,0,43 44 47,1,197,,29014,12,0,43 44 47,1,202,,29015,12,0,43 44 47,1,200,,29016,12,0,43 44 47,1,200,,29017,12,0,43 44 47,1,209,,29018,12,0,43 44 47,1
3301,'20260315',1016,,29020,12,0,43 44 47,1,198,,29022,12,0,43 44 47,1,200,,29024,12,0,43 44 47,1,197,,29026,12,0,43 44 47,1,202,,29027,12,0,43 44 47,1,200,,29028,12,0,43 44 47,1,200,,29029,12,0,43 44 47,1,209,,29030,12,0,43 44 47,1
3301,'20260316',722,,29031,12,0,7 13,1,108,,29032,12,0,7 13,1,84,,29033,12,0,43 44 47,1,100,,29034,12,0,43 44 47,1,100,,29035,12,0,43 44 47,1,104,,29036,12,0,43 44 47,1,103,,29037,12,0,43 44 47,1,100,,29038,12,0,43 44 47,1,37,,29039,12,0,5 14 15 9,1,65,,29040,12,0,43 44 47,1,22,,29041,12,0,5 14 15 9,1,58,,29042,12,0,16 17 9,1,15,,29043,12,0,5 14 15 9,1,17,,29044,12,0,43 44 47,1,17,,29045,12,0,5 14 15 9,1,55,,29046,12,0,43 44 47,1,15,,29047,12,0,5 14 15 9,1,20,,29048,12,0,16 17 9,1,10,,29049,12,0,16 17 9,1,53,,29050,12,0,5 14 15 9,1,15,,29051,12,0,43 44 47,1,25,,29052,12,0,16 17 9,1,63,,29053,12,0,16 17 9,1,18,,29054,12,0,43 44 47,1,28,,29055,12,0,5 14 15 9,1,65,,29056,12,0,16 17 9,1,25,,29057,12,0,5 14 15 9,1,70,,29058,12,0,43 44 47,1,30,,29059,12,0,5 14 15 9,1,70,,29060,12,0,16 17 9,1,30,,29061,12,0,5 14 15 9,1,70,,29062,12,0,43 44 47,1,100,,29063,12,0,16 17 9,1,99,,29064,12,0,7 13,1
3301,'20260317',722,,29065,12,0,7 13,1,108,,29066,12,0,7 13,1,84,,29067,12,0,43 44 47,1,100,,29068,12,0,43 44 47,1,100,,29069,12,0,43 44 47,1,104,,29070,12,0,43 44 47,1,103,,29071,12,0,43 44 47,1,100,,29072,12,0,43 44 47,1,37,,29073,12,0,5 14 15 9,1,65,,29074,12,0,43 44 47,1,22,,29075,12,0,5 14 15 9,1,58,,29076,12,0,16 17 9,1,15,,29077,12,0,5 14 15 9,1,17,,29078,12,0,43 44 47,1,17,,29079,12,0,5 14 15 9,1,55,,29080,12,0,43 44 47,1,15,,29081,12,0,5 14 15 9,1,20,,29082,12,0,16 17 9,1,10,,29083,12,0,16 17 9,1,53,,29084,12,0,5 14 15 9,1,15,,29085,12,0,43 44 47,1,25,,29086,12,0,16 17 9,1,63,,29087,12,0,16 17 9,1,18,,29088,12,0,43 44 47,1,28,,29089,12,0,5 14 15 9,1,65,,29090,12,0,16 17 9,1,25,,29091,12,0,5 14 15 9,1,70,,29092,12,0,43 44 47,1,30,,29093,12,0,5 14 15 9,1,70,,29094,12,0,16 17 9,1,30,,29095,12,0,5 14 15 9,1,70,,29096,12,0,43 44 47,1,100,,29097,12,0,16 17 9,1,99,,29098,12,0,7 13,1
3301,'20260318',722,,29099,12,0,7 13,1,108,,29100,12,0,7 13,1,84,,29101,12,0,43 44 47,1,100,,29102,12,0,43 44 47,1,100,,29103,12,0,43 44 47,1,104,,29104,12,0,43 44 47,1,103,,29105,12,0,43 44 47,1,100,,29106,12,0,43 44 47,1,37,,29107,12,0,5 14 15 9,1,65,,29108,12,0,43 44 47,1,22,,29109,12,0,5 14 15 9,1,58,,29110,12,0,16 17 9,1,15,,29111,12,0,5 14 15 9,1,17,,29112,12,0,43 44 47,1,17,,29113,12,0,5 14 15 9,1,55,,29114,12,0,43 44 47,1,15,,29115,12,0,5 14 15 9,1,20,,29116,12,0,16 17 9,1,10,,29117,12,0,16 17 9,1,53,,29118,12,0,5 14 15 9,1,15,,29119,12,0,43 44 47,1,25,,29120,12,0,16 17 9,1,63,,29121,12,0,16 17 9,1,18,,29122,12,0,43 44 47,1,28,,29123,12,0,5 14 15 9,1,65,,29124,12,0,16 17 9,1,25,,29125,12,0,5 14 15 9,1,70,,29126,12,0,43 44 47,1,30,,29127,12,0,5 14 15 9,1,70,,29128,12,0,16 17 9,1,30,,29129,12,0,5 14 15 9,1,70,,29130,12,0,43 44 47,1,100,,29131,12,0,16 17 9,1,99,,29132,12,0,7 13,1
3301,'20260319',722,,29133,12,0,7 13,1,108,,29134,12,0,7 13,1,84,,29135,12,0,43 44 47,1,100,,29136,12,0,43 44 47,1,100,,29137,12,0,43 44 47,1,104,,29138,12,0,43 44 47,1,103,,29139,12,0,43 44 47,1,100,,29140,12,0,43 44 47,1,37,,29141,12,0,5 14 15 9,1,65,,29142,12,0,43 44 47,1,22,,29143,12,0,5 14 15 9,1,58,,29144,12,0,16 17 9,1,15,,29145,12,0,5 14 15 9,1,17,,29146,12,0,43 44 47,1,17,,29147,12,0,5 14 15 9,1,55,,29148,12,0,43 44 47,1,15,,29149,12,0,5 14 15 9,1,20,,29150,12,0,16 17 9,1,10,,29151,12,0,16 17 9,1,53,,29152,12,0,5 14 15 9,1,15,,29153,12,0,43 44 47,1,25,,29154,12,0,16 17 9,1,63,,29155,12,0,16 17 9,1,18,,29156,12,0,43 44 47,1,28,,29157,12,0,5 14 15 9,1,65,,29158,12,0,16 17 9,1,25,,29159,12,0,5 14 15 9,1,70,,29160,12,0,43 44 47,1,30,,29161,12,0,5 14 15 9,1,70,,29162,12,0,16 17 9,1,30,,29163,12,0,5 14 15 9,1,70,,29164,12,0,43 44 47,1,100,,29165,12,0,16 17 9,1,99,,29166,12,0,7 13,1
3301,'20260320',722,,29167,12,0,7 13,1,108,,29168,12,0,7 13,1,84,,29169,12,0,43 44 47,1,100,,29170,12,0,43 44 47,1,100,,29171,12,0,43 44 47,1,104,,29172,12,0,43 44 47,1,103,,29173,12,0,43 44 47,1,100,,29174,12,0,43 44 47,1,37,,29175,12,0,5 14 15 9,1,65,,29176,12,0,43 44 47,1,22,,29177,12,0,5 14 15 9,1,58,,29178,12,0,16 17 9,1,15,,29179,12,0,5 14 15 9,1,17,,29180,12,0,43 44 47,1,17,,29181,12,0,5 14 15 9,1,55,,29182,12,0,43 44 47,1,15,,29183,12,0,5 14 15 9,1,20,,29184,12,0,16 17 9,1,10,,29185,12,0,16 17 9,1,53,,29186,12,0,5 14 15 9,1,15,,29187,12,0,43 44 47,1,25,,29188,12,0,16 17 9,1,63,,29189,12,0,16 17 9,1,18,,29190,12,0,43 44 47,1,28,,29191,12,0,5 14 15 9,1,65,,29192,12,0,16 17 9,1,25,,29193,12,0,5 14 15 9,1,70,,29194,12,0,43 44 47,1,30,,29195,12,0,5 14 15 9,1,70,,29196,12,0,16 17 9,1,30,,29197,12,0,5 14 15 9,1,70,,29198,12,0,43 44 47,1,100,,29199,12,0,16 17 9,1,99,,29200,12,0,7 13,1
3301,'20260321',1016,,29202,12,0,43 44 47,1,198,,29204,12,0,43 44 47,1,200,,29206,12,0,43 44 47,1,197,,29208,12,0,43 44 47,1,202,,29209,12,0,43 44 47,1,200,,29210,12,0,43 44 47,1,200,,29211,12,0,43 44 47,1,209,,29212,12,0,43 44 47,1
3301,'20260322',1016,,29214,12,0,43 44 47,1,198,,29216,12,0,43 44 47,1,200,,29218,12,0,43 44 47,1,197,,29220,12,0,43 44 47,1,202,,29221,12,0,43 44 47,1,200,,29222,12,0,43 44 47,1,200,,29223,12,0,43 44 47,1,209,,29224,12,0,43 44 47,1
3301,'20260323',722,,29225,12,0,7 13,1,108,,29226,12,0,7 13,1,84,,29227,12,0,43 44 47,1,100,,29228,12,0,43 44 47,1,100,,29229,12,0,43 44 47,1,104,,29230,12,0,43 44 47,1,103,,29231,12,0,43 44 47,1,100,,29232,12,0,43 44 47,1,37,,29233,12,0,5 14 15 9,1,65,,29234,12,0,43 44 47,1,22,,29235,12,0,5 14 15 9,1,58,,29236,12,0,16 17 9,1,15,,29237,12,0,5 14 15 9,1,17,,29238,12,0,43 44 47,1,17,,29239,12,0,5 14 15 9,1,55,,29240,12,0,43 44 47,1,15,,29241,12,0,5 14 15 9,1,20,,29242,12,0,16 17 9,1,10,,29243,12,0,16 17 9,1,53,,29244,12,0,5 14 15 9,1,15,,29245,12,0,43 44 47,1,25,,29246,12,0,16 17 9,1,63,,29247,12,0,16 17 9,1,18,,29248,12,0,43 44 47,1,28,,29249,12,0,5 14 15 9,1,65,,29250,12,0,16 17 9,1,25,,29251,12,0,5 14 15 9,1,70,,29252,12,0,43 44 47,1,30,,29253,12,0,5 14 15 9,1,70,,29254,12,0,16 17 9,1,30,,29255,12,0,5 14 15 9,1,70,,29256,12,0,43 44 47,1,100,,29257,12,0,16 17 9,1,99,,29258,12,0,7 13,1
3301,'20260324',722,,29259,12,0,7 13,1,108,,29260,12,0,7 13,1,84,,29261,12,0,43 44 47,1,100,,29262,12,0,43 44 47,1,100,,29263,12,0,43 44 47,1,104,,29264,12,0,43 44 47,1,103,,29265,12,0,43 44 47,1,100,,29266,12,0,43 44 47,1,37,,29267,12,0,5 14 15 9,1,65,,29268,12,0,43 44 47,1,22,,29269,12,0,5 14 15 9,1,58,,29270,12,0,16 17 9,1,15,,29271,12,0,5 14 15 9,1,17,,29272,12,0,43 44 47,1,17,,29273,12,0,5 14 15 9,1,55,,29274,12,0,43 44 47,1,15,,29275,12,0,5 14 15 9,1,20,,29276,12,0,16 17 9,1,10,,29277,12,0,16 17 9,1,53,,29278,12,0,5 14 15 9,1,15,,29279,12,0,43 44 47,1,25,,29280,12,0,16 17 9,1,63,,29281,12,0,16 17 9,1,18,,29282,12,0,43 44 47,1,28,,29283,12,0,5 14 15 9,1,65,,29284,12,0,16 17 9,1,25,,29285,12,0,5 14 15 9,1,70,,29286,12,0,43 44 47,1,30,,29287,12,0,5 14 15 9,1,70,,29288,12,0,16 17 9,1,30,,29289,12,0,5 14 15 9,1,70,,29290,12,0,43 44 47,1,100,,29291,12,0,16 17 9,1,99,,29292,12,0,7 13,1
3301,'20260325',722,,29293,12,0,7 13,1,108,,29294,12,0,7 13,1,84,,29295,12,0,43 44 47,1,100,,29296,12,0,43 44 47,1,100,,29297,12,0,43 44 47,1,104,,29298,12,0,43 44 47,1,103,,29299,12,0,43 44 47,1,100,,29300,12,0,43 44 47,1,37,,29301,12,0,5 14 15 9,1,65,,29302,12,0,43 44 47,1,22,,29303,12,0,5 14 15 9,1,58,,29304,12,0,16 17 9,1,15,,29305,12,0,5 14 15 9,1,17,,29306,12,0,43 44 47,1,17,,29307,12,0,5 14 15 9,1,55,,29308,12,0,43 44 47,1,15,,29309,12,0,5 14 15 9,1,20,,29310,12,0,16 17 9,1,10,,29311,12,0,16 17 9,1,53,,29312,12,0,5 14 15 9,1,15,,29313,12,0,43 44 47,1,25,,29314,12,0,16 17 9,1,63,,29315,12,0,16 17 9,1,18,,29316,12,0,43 44 47,1,28,,29317,12,0,5 14 15 9,1,65,,29318,12,0,16 17 9,1,25,,29319,12,0,5 14 15 9,1,70,,29320,12,0,43 44 47,1,30,,29321,12,0,5 14 15 9,1,70,,29322,12,0,16 17 9,1,30,,29323,12,0,5 14 15 9,1,70,,29324,12,0,43 44 47,1,100,,29325,12,0,16 17 9,1,99,,29326,12,0,7 13,1
3301,'20260326',722,,29327,12,0,7 13,1,108,,29328,12,0,7 13,1,84,,29329,12,0,43 44 47,1,100,,29330,12,0,43 44 47,1,100,,29331,12,0,43 44 47,1,104,,29332,12,0,43 44 47,1,103,,29333,12,0,43 44 47,1,100,,29334,12,0,43 44 47,1,37,,29335,12,0,5 14 15 9,1,65,,29336,12,0,43 44 47,1,22,,29337,12,0,5 14 15 9,1,58,,29338,12,0,16 17 9,1,15,,29339,12,0,5 14 15 9,1,17,,29340,12,0,43 44 47,1,17,,29341,12,0,5 14 15 9,1,55,,29342,12,0,43 44 47,1,15,,29343,12,0,5 14 15 9,1,20,,29344,12,0,16 17 9,1,10,,29345,12,0,16 17 9,1,53,,29346,12,0,5 14 15 9,1,15,,29347,12,0,43 44 47,1,25,,29348,12,0,16 17 9,1,63,,29349,12,0,16 17 9,1,18,,29350,12,0,43 44 47,1,28,,29351,12,0,5 14 15 9,1,65,,29352,12,0,16 17 9,1,25,,29353,12,0,5 14 15 9,1,70,,29354,12,0,43 44 47,1,30,,29355,12,0,5 14 15 9,1,70,,29356,12,0,16 17 9,1,30,,29357,12,0,5 14 15 9,1,70,,29358,12,0,43 44 47,1,100,,29359,12,0,16 17 9,1,99,,29360,12,0,7 13,1
3301,'20260327',722,,29361,12,0,7 13,1,108,,29362,12,0,7 13,1,84,,29363,12,0,43 44 47,1,100,,29364,12,0,43 44 47,1,100,,29365,12,0,43 44 47,1,104,,29366,12,0,43 44 47,1,103,,29367,12,0,43 44 47,1,100,,29368,12,0,43 44 47,1,37,,29369,12,0,5 14 15 9,1,65,,29370,12,0,43 44 47,1,22,,29371,12,0,5 14 15 9,1,58,,29372,12,0,16 17 9,1,15,,29373,12,0,5 14 15 9,1,17,,29374,12,0,43 44 47,1,17,,29375,12,0,5 14 15 9,1,55,,29376,12,0,43 44 47,1,15,,29377,12,0,5 14 15 9,1,20,,29378,12,0,16 17 9,1,10,,29379,12,0,16 17 9,1,53,,29380,12,0,5 14 15 9,1,15,,29381,12,0,43 44 47,1,25,,29382,12,0,16 17 9,1,63,,29383,12,0,16 17 9,1,18,,29384,12,0,43 44 47,1,28,,29385,12,0,5 14 15 9,1,65,,29386,12,0,16 17 9,1,25,,29387,12,0,5 14 15 9,1,70,,29388,12,0,43 44 47,1,30,,29389,12,0,5 14 15 9,1,70,,29390,12,0,16 17 9,1,30,,29391,12,0,5 14 15 9,1,70,,29392,12,0,43 44 47,1,100,,29393,12,0,16 17 9,1,99,,29394,12,0,7 13,1
3301,'20260328',1016,,29396,12,0,43 44 47,1,198,,29398,12,0,43 44 47,1,200,,29400,12,0,43 44 47,1,197,,29402,12,0,43 44 47,1,202,,29403,12,0,43 44 47,1,200,,29404,12,0,43 44 47,1,200,,29405,12,0,43 44 47,1,209,,29406,12,0,43 44 47,1
3301,'20260329',1016,,29408,12,0,43 44 47,1,198,,29410,12,0,43 44 47,1,200,,29412,12,0,43 44 47,1,197,,29414,12,0,43 44 47,1,202,,29415,12,0,43 44 47,1,200,,29416,12,0,43 44 47,1,200,,29417,12,0,43 44 47,1,209,,29418,12,0,43 44 47,1
3301,'20260330',722,,29419,12,0,7 13,1,108,,29420,12,0,7 13,1,84,,29421,12,0,43 44 47,1,100,,29422,12,0,43 44 47,1,100,,29423,12,0,43 44 47,1,104,,29424,12,0,43 44 47,1,103,,29425,12,0,43 44 47,1,100,,29426,12,0,43 44 47,1,37,,29427,12,0,5 14 15 9,1,65,,29428,12,0,43 44 47,1,22,,29429,12,0,5 14 15 9,1,58,,29430,12,0,16 17 9,1,15,,29431,12,0,5 14 15 9,1,17,,29432,12,0,43 44 47,1,17,,29433,12,0,5 14 15 9,1,55,,29434,12,0,43 44 47,1,15,,29435,12,0,5 14 15 9,1,20,,29436,12,0,16 17 9,1,10,,29437,12,0,16 17 9,1,53,,29438,12,0,5 14 15 9,1,15,,29439,12,0,43 44 47,1,25,,29440,12,0,16 17 9,1,63,,29441,12,0,16 17 9,1,18,,29442,12,0,43 44 47,1,28,,29443,12,0,5 14 15 9,1,65,,29444,12,0,16 17 9,1,25,,29445,12,0,5 14 15 9,1,70,,29446,12,0,43 44 47,1,30,,29447,12,0,5 14 15 9,1,70,,29448,12,0,16 17 9,1,30,,29449,12,0,5 14 15 9,1,70,,29450,12,0,43 44 47,1,100,,29451,12,0,16 17 9,1,99,,29452,12,0,7 13,1
3301,'20260331',722,,29453,12,0,7 13,1,108,,29454,12,0,7 13,1,84,,29455,12,0,43 44 47,1,100,,29456,12,0,43 44 47,1,100,,29457,12,0,43 44 47,1,104,,29458,12,0,43 44 47,1,103,,29459,12,0,43 44 47,1,100,,29460,12,0,43 44 47,1,37,,29461,12,0,5 14 15 9,1,65,,29462,12,0,43 44 47,1,22,,29463,12,0,5 14 15 9,1,58,,29464,12,0,16 17 9,1,15,,29465,12,0,5 14 15 9,1,17,,29466,12,0,43 44 47,1,17,,29467,12,0,5 14 15 9,1,55,,29468,12,0,43 44 47,1,15,,29469,12,0,5 14 15 9,1,20,,29470,12,0,16 17 9,1,10,,29471,12,0,16 17 9,1,53,,29472,12,0,5 14 15 9,1,15,,29473,12,0,43 44 47,1,25,,29474,12,0,16 17 9,1,63,,29475,12,0,16 17 9,1,18,,29476,12,0,43 44 47,1,28,,29477,12,0,5 14 15 9,1,65,,29478,12,0,16 17 9,1,25,,29479,12,0,5 14 15 9,1,70,,29480,12,0,43 44 47,1,30,,29481,12,0,5 14 15 9,1,70,,29482,12,0,16 17 9,1,30,,29483,12,0,5 14 15 9,1,70,,29484,12,0,43 44 47,1,100,,29485,12,0,16 17 9,1,99,,29486,12,0,7 13,1
3301,'20260401',722,,29487,12,0,7 13,1,108,,29488,12,0,7 13,1,84,,29489,12,0,43 44 47,1,100,,29490,12,0,43 44 47,1,100,,29491,12,0,43 44 47,1,104,,29492,12,0,43 44 47,1,103,,29493,12,0,43 44 47,1,100,,29494,12,0,43 44 47,1,37,,29495,12,0,5 14 15 9,1,65,,29496,12,0,43 44 47,1,22,,29497,12,0,5 14 15 9,1,58,,29498,12,0,16 17 9,1,15,,29499,12,0,5 14 15 9,1,17,,29500,12,0,43 44 47,1,17,,29501,12,0,5 14 15 9,1,55,,29502,12,0,43 44 47,1,15,,29503,12,0,5 14 15 9,1,20,,29504,12,0,16 17 9,1,10,,29505,12,0,16 17 9,1,53,,29506,12,0,5 14 15 9,1,15,,29507,12,0,43 44 47,1,25,,29508,12,0,16 17 9,1,63,,29509,12,0,16 17 9,1,18,,29510,12,0,43 44 47,1,28,,29511,12,0,5 14 15 9,1,65,,29512,12,0,16 17 9,1,25,,29513,12,0,5 14 15 9,1,70,,29514,12,0,43 44 47,1,30,,29515,12,0,5 14 15 9,1,70,,29516,12,0,16 17 9,1,30,,29517,12,0,5 14 15 9,1,70,,29518,12,0,43 44 47,1,100,,29519,12,0,16 17 9,1,99,,29520,12,0,7 13,1
3301,'20260402',722,,29521,12,0,7 13,1,108,,29522,12,0,7 13,1,84,,29523,12,0,43 44 47,1,100,,29524,12,0,43 44 47,1,100,,29525,12,0,43 44 47,1,104,,29526,12,0,43 44 47,1,103,,29527,12,0,43 44 47,1,100,,29528,12,0,43 44 47,1,37,,29529,12,0,5 14 15 9,1,65,,29530,12,0,43 44 47,1,22,,29531,12,0,5 14 15 9,1,58,,29532,12,0,16 17 9,1,15,,29533,12,0,5 14 15 9,1,17,,29534,12,0,43 44 47,1,17,,29535,12,0,5 14 15 9,1,55,,29536,12,0,43 44 47,1,15,,29537,12,0,5 14 15 9,1,20,,29538,12,0,16 17 9,1,10,,29539,12,0,16 17 9,1,53,,29540,12,0,5 14 15 9,1,15,,29541,12,0,43 44 47,1,25,,29542,12,0,16 17 9,1,63,,29543,12,0,16 17 9,1,18,,29544,12,0,43 44 47,1,28,,29545,12,0,5 14 15 9,1,65,,29546,12,0,16 17 9,1,25,,29547,12,0,5 14 15 9,1,70,,29548,12,0,43 44 47,1,30,,29549,12,0,5 14 15 9,1,70,,29550,12,0,16 17 9,1,30,,29551,12,0,5 14 15 9,1,70,,29552,12,0,43 44 47,1,100,,29553,12,0,16 17 9,1,99,,29554,12,0,7 13,1
3301,'20260403',1016,,29556,12,0,43 44 47,1,198,,29558,12,0,43 44 47,1,200,,29560,12,0,43 44 47,1,197,,29562,12,0,43 44 47,1,202,,29563,12,0,43 44 47,1,200,,29564,12,0,43 44 47,1,200,,29565,12,0,43 44 47,1,209,,29566,12,0,43 44 47,1
3301,'20260404',1016,,29568,12,0,43 44 47,1,198,,29570,12,0,43 44 47,1,200,,29572,12,0,43 44 47,1,197,,29574,12,0,43 44 47,1,202,,29575,12,0,43 44 47,1,200,,29576,12,0,43 44 47,1,200,,29577,12,0,43 44 47,1,209,,29578,12,0,43 44 47,1
3301,'20260405',1016,,29580,12,0,43 44 47,1,198,,29582,12,0,43 44 47,1,200,,29584,12,0,43 44 47,1,197,,29586,12,0,43 44 47,1,202,,29587,12,0,43 44 47,1,200,,29588,12,0,43 44 47,1,200,,29589,12,0,43 44 47,1,209,,29590,12,0,43 44 47,1
3301,'20260406',722,,29591,12,0,7 13,1,108,,29592,12,0,7 13,1,84,,29593,12,0,43 44 47,1,100,,29594,12,0,43 44 47,1,100,,29595,12,0,43 44 47,1,104,,29596,12,0,43 44 47,1,103,,29597,12,0,43 44 47,1,100,,29598,12,0,43 44 47,1,37,,29599,12,0,5 14 15 9,1,65,,29600,12,0,43 44 47,1,22,,29601,12,0,5 14 15 9,1,58,,29602,12,0,16 17 9,1,15,,29603,12,0,5 14 15 9,1,17,,29604,12,0,43 44 47,1,17,,29605,12,0,5 14 15 9,1,55,,29606,12,0,43 44 47,1,15,,29607,12,0,5 14 15 9,1,20,,29608,12,0,16 17 9,1,10,,29609,12,0,16 17 9,1,53,,29610,12,0,5 14 15 9,1,15,,29611,12,0,43 44 47,1,25,,29612,12,0,16 17 9,1,63,,29613,12,0,16 17 9,1,18,,29614,12,0,43 44 47,1,28,,29615,12,0,5 14 15 9,1,65,,29616,12,0,16 17 9,1,25,,29617,12,0,5 14 15 9,1,70,,29618,12,0,43 44 47,1,30,,29619,12,0,5 14 15 9,1,70,,29620,12,0,16 17 9,1,30,,29621,12,0,5 14 15 9,1,70,,29622,12,0,43 44 47,1,100,,29623,12,0,16 17 9,1,99,,29624,12,0,7 13,1
3301,'20260407',722,,29625,12,0,7 13,1,108,,29626,12,0,7 13,1,84,,29627,12,0,43 44 47,1,100,,29628,12,0,43 44 47,1,100,,29629,12,0,43 44 47,1,104,,29630,12,0,43 44 47,1,103,,29631,12,0,43 44 47,1,100,,29632,12,0,43 44 47,1,37,,29633,12,0,5 14 15 9,1,65,,29634,12,0,43 44 47,1,22,,29635,12,0,5 14 15 9,1,58,,29636,12,0,16 17 9,1,15,,29637,12,0,5 14 15 9,1,17,,29638,12,0,43 44 47,1,17,,29639,12,0,5 14 15 9,1,55,,29640,12,0,43 44 47,1,15,,29641,12,0,5 14 15 9,1,20,,29642,12,0,16 17 9,1,10,,29643,12,0,16 17 9,1,53,,29644,12,0,5 14 15 9,1,15,,29645,12,0,43 44 47,1,25,,29646,12,0,16 17 9,1,63,,29647,12,0,16 17 9,1,18,,29648,12,0,43 44 47,1,28,,29649,12,0,5 14 15 9,1,65,,29650,12,0,16 17 9,1,25,,29651,12,0,5 14 15 9,1,70,,29652,12,0,43 44 47,1,30,,29653,12,0,5 14 15 9,1,70,,29654,12,0,16 17 9,1,30,,29655,12,0,5 14 15 9,1,70,,29656,12,0,43 44 47,1,100,,29657,12,0,16 17 9,1,99,,29658,12,0,7 13,1
3301,'20260408',722,,29659,12,0,7 13,1,108,,29660,12,0,7 13,1,84,,29661,12,0,43 44 47,1,100,,29662,12,0,43 44 47,1,100,,29663,12,0,43 44 47,1,104,,29664,12,0,43 44 47,1,103,,29665,12,0,43 44 47,1,100,,29666,12,0,43 44 47,1,37,,29667,12,0,5 14 15 9,1,65,,29668,12,0,43 44 47,1,22,,29669,12,0,5 14 15 9,1,58,,29670,12,0,16 17 9,1,15,,29671,12,0,5 14 15 9,1,17,,29672,12,0,43 44 47,1,17,,29673,12,0,5 14 15 9,1,55,,29674,12,0,43 44 47,1,15,,29675,12,0,5 14 15 9,1,20,,29676,12,0,16 17 9,1,10,,29677,12,0,16 17 9,1,53,,29678,12,0,5 14 15 9,1,15,,29679,12,0,43 44 47,1,25,,29680,12,0,16 17 9,1,63,,29681,12,0,16 17 9,1,18,,29682,12,0,43 44 47,1,28,,29683,12,0,5 14 15 9,1,65,,29684,12,0,16 17 9,1,25,,29685,12,0,5 14 15 9,1,70,,29686,12,0,43 44 47,1,30,,29687,12,0,5 14 15 9,1,70,,29688,12,0,16 17 9,1,30,,29689,12,0,5 14 15 9,1,70,,29690,12,0,43 44 47,1,100,,29691,12,0,16 17 9,1,99,,29692,12,0,7 13,1
3301,'20260409',722,,29693,12,0,7 13,1,108,,29694,12,0,7 13,1,84,,29695,12,0,43 44 47,1,100,,29696,12,0,43 44 47,1,100,,29697,12,0,43 44 47,1,104,,29698,12,0,43 44 47,1,103,,29699,12,0,43 44 47,1,100,,29700,12,0,43 44 47,1,37,,29701,12,0,5 14 15 9,1,65,,29702,12,0,43 44 47,1,22,,29703,12,0,5 14 15 9,1,58,,29704,12,0,16 17 9,1,15,,29705,12,0,5 14 15 9,1,17,,29706,12,0,43 44 47,1,17,,29707,12,0,5 14 15 9,1,55,,29708,12,0,43 44 47,1,15,,29709,12,0,5 14 15 9,1,20,,29710,12,0,16 17 9,1,10,,29711,12,0,16 17 9,1,53,,29712,12,0,5 14 15 9,1,15,,29713,12,0,43 44 47,1,25,,29714,12,0,16 17 9,1,63,,29715,12,0,16 17 9,1,18,,29716,12,0,43 44 47,1,28,,29717,12,0,5 14 15 9,1,65,,29718,12,0,16 17 9,1,25,,29719,12,0,5 14 15 9,1,70,,29720,12,0,43 44 47,1,30,,29721,12,0,5 14 15 9,1,70,,29722,12,0,16 17 9,1,30,,29723,12,0,5 14 15 9,1,70,,29724,12,0,43 44 47,1,100,,29725,12,0,16 17 9,1,99,,29726,12,0,7 13,1
3301,'20260410',722,,29727,12,0,7 13,1,108,,29728,12,0,7 13,1,84,,29729,12,0,43 44 47,1,100,,29730,12,0,43 44 47,1,100,,29731,12,0,43 44 47,1,104,,29732,12,0,43 44 47,1,103,,29733,12,0,43 44 47,1,100,,29734,12,0,43 44 47,1,37,,29735,12,0,5 14 15 9,1,65,,29736,12,0,43 44 47,1,22,,29737,12,0,5 14 15 9,1,58,,29738,12,0,16 17 9,1,15,,29739,12,0,5 14 15 9,1,17,,29740,12,0,43 44 47,1,17,,29741,12,0,5 14 15 9,1,55,,29742,12,0,43 44 47,1,15,,29743,12,0,5 14 15 9,1,20,,29744,12,0,16 17 9,1,10,,29745,12,0,16 17 9,1,53,,29746,12,0,5 14 15 9,1,15,,29747,12,0,43 44 47,1,25,,29748,12,0,16 17 9,1,63,,29749,12,0,16 17 9,1,18,,29750,12,0,43 44 47,1,28,,29751,12,0,5 14 15 9,1,65,,29752,12,0,16 17 9,1,25,,29753,12,0,5 14 15 9,1,70,,29754,12,0,43 44 47,1,30,,29755,12,0,5 14 15 9,1,70,,29756,12,0,16 17 9,1,30,,29757,12,0,5 14 15 9,1,70,,29758,12,0,43 44 47,1,100,,29759,12,0,16 17 9,1,99,,29760,12,0,7 13,1
3301,'20260411',1016,,29762,12,0,43 44 47,1,198,,29764,12,0,43 44 47,1,200,,29766,12,0,43 44 47,1,197,,29768,12,0,43 44 47,1,202,,29769,12,0,43 44 47,1,200,,29770,12,0,43 44 47,1,200,,29771,12,0,43 44 47,1,209,,29772,12,0,43 44 47,1
3301,'20260412',1016,,29774,12,0,43 44 47,1,198,,29776,12,0,43 44 47,1,200,,29778,12,0,43 44 47,1,197,,29780,12,0,43 44 47,1,202,,29781,12,0,43 44 47,1,200,,29782,12,0,43 44 47,1,200,,29783,12,0,43 44 47,1,209,,29784,12,0,43 44 47,1
3301,'20260413',722,,29785,12,0,7 13,1,108,,29786,12,0,7 13,1,84,,29787,12,0,43 44 47,1,100,,29788,12,0,43 44 47,1,100,,29789,12,0,43 44 47,1,104,,29790,12,0,43 44 47,1,103,,29791,12,0,43 44 47,1,100,,29792,12,0,43 44 47,1,37,,29793,12,0,5 14 15 9,1,65,,29794,12,0,43 44 47,1,22,,29795,12,0,5 14 15 9,1,58,,29796,12,0,16 17 9,1,15,,29797,12,0,5 14 15 9,1,17,,29798,12,0,43 44 47,1,17,,29799,12,0,5 14 15 9,1,55,,29800,12,0,43 44 47,1,15,,29801,12,0,5 14 15 9,1,20,,29802,12,0,16 17 9,1,10,,29803,12,0,16 17 9,1,53,,29804,12,0,5 14 15 9,1,15,,29805,12,0,43 44 47,1,25,,29806,12,0,16 17 9,1,63,,29807,12,0,16 17 9,1,18,,29808,12,0,43 44 47,1,28,,29809,12,0,5 14 15 9,1,65,,29810,12,0,16 17 9,1,25,,29811,12,0,5 14 15 9,1,70,,29812,12,0,43 44 47,1,30,,29813,12,0,5 14 15 9,1,70,,29814,12,0,16 17 9,1,30,,29815,12,0,5 14 15 9,1,70,,29816,12,0,43 44 47,1,100,,29817,12,0,16 17 9,1,99,,29818,12,0,7 13,1
3301,'20260414',722,,29819,12,0,7 13,1,108,,29820,12,0,7 13,1,84,,29821,12,0,43 44 47,1,100,,29822,12,0,43 44 47,1,100,,29823,12,0,43 44 47,1,104,,29824,12,0,43 44 47,1,103,,29825,12,0,43 44 47,1,100,,29826,12,0,43 44 47,1,37,,29827,12,0,5 14 15 9,1,65,,29828,12,0,43 44 47,1,22,,29829,12,0,5 14 15 9,1,58,,29830,12,0,16 17 9,1,15,,29831,12,0,5 14 15 9,1,17,,29832,12,0,43 44 47,1,17,,29833,12,0,5 14 15 9,1,55,,29834,12,0,43 44 47,1,15,,29835,12,0,5 14 15 9,1,20,,29836,12,0,16 17 9,1,10,,29837,12,0,16 17 9,1,53,,29838,12,0,5 14 15 9,1,15,,29839,12,0,43 44 47,1,25,,29840,12,0,16 17 9,1,63,,29841,12,0,16 17 9,1,18,,29842,12,0,43 44 47,1,28,,29843,12,0,5 14 15 9,1,65,,29844,12,0,16 17 9,1,25,,29845,12,0,5 14 15 9,1,70,,29846,12,0,43 44 47,1,30,,29847,12,0,5 14 15 9,1,70,,29848,12,0,16 17 9,1,30,,29849,12,0,5 14 15 9,1,70,,29850,12,0,43 44 47,1,100,,29851,12,0,16 17 9,1,99,,29852,12,0,7 13,1
3301,'20260415',722,,29853,12,0,7 13,1,108,,29854,12,0,7 13,1,84,,29855,12,0,43 44 47,1,100,,29856,12,0,43 44 47,1,100,,29857,12,0,43 44 47,1,104,,29858,12,0,43 44 47,1,103,,29859,12,0,43 44 47,1,100,,29860,12,0,43 44 47,1,37,,29861,12,0,5 14 15 9,1,65,,29862,12,0,43 44 47,1,22,,29863,12,0,5 14 15 9,1,58,,29864,12,0,16 17 9,1,15,,29865,12,0,5 14 15 9,1,17,,29866,12,0,43 44 47,1,17,,29867,12,0,5 14 15 9,1,55,,29868,12,0,43 44 47,1,15,,29869,12,0,5 14 15 9,1,20,,29870,12,0,16 17 9,1,10,,29871,12,0,16 17 9,1,53,,29872,12,0,5 14 15 9,1,15,,29873,12,0,43 44 47,1,25,,29874,12,0,16 17 9,1,63,,29875,12,0,16 17 9,1,18,,29876,12,0,43 44 47,1,28,,29877,12,0,5 14 15 9,1,65,,29878,12,0,16 17 9,1,25,,29879,12,0,5 14 15 9,1,70,,29880,12,0,43 44 47,1,30,,29881,12,0,5 14 15 9,1,70,,29882,12,0,16 17 9,1,30,,29883,12,0,5 14 15 9,1,70,,29884,12,0,43 44 47,1,100,,29885,12,0,16 17 9,1,99,,29886,12,0,7 13,1
3301,'20260416',722,,29887,12,0,7 13,1,108,,29888,12,0,7 13,1,84,,29889,12,0,43 44 47,1,100,,29890,12,0,43 44 47,1,100,,29891,12,0,43 44 47,1,104,,29892,12,0,43 44 47,1,103,,29893,12,0,43 44 47,1,100,,29894,12,0,43 44 47,1,37,,29895,12,0,5 14 15 9,1,65,,29896,12,0,43 44 47,1,22,,29897,12,0,5 14 15 9,1,58,,29898,12,0,16 17 9,1,15,,29899,12,0,5 14 15 9,1,17,,29900,12,0,43 44 47,1,17,,29901,12,0,5 14 15 9,1,55,,29902,12,0,43 44 47,1,15,,29903,12,0,5 14 15 9,1,20,,29904,12,0,16 17 9,1,10,,29905,12,0,16 17 9,1,53,,29906,12,0,5 14 15 9,1,15,,29907,12,0,43 44 47,1,25,,29908,12,0,16 17 9,1,63,,29909,12,0,16 17 9,1,18,,29910,12,0,43 44 47,1,28,,29911,12,0,5 14 15 9,1,65,,29912,12,0,16 17 9,1,25,,29913,12,0,5 14 15 9,1,70,,29914,12,0,43 44 47,1,30,,29915,12,0,5 14 15 9,1,70,,29916,12,0,16 17 9,1,30,,29917,12,0,5 14 15 9,1,70,,29918,12,0,43 44 47,1,100,,29919,12,0,16 17 9,1,99,,29920,12,0,7 13,1
3301,'20260417',722,,29921,12,0,7 13,1,108,,29922,12,0,7 13,1,84,,29923,12,0,43 44 47,1,100,,29924,12,0,43 44 47,1,100,,29925,12,0,43 44 47,1,104,,29926,12,0,43 44 47,1,103,,29927,12,0,43 44 47,1,100,,29928,12,0,43 44 47,1,37,,29929,12,0,5 14 15 9,1,65,,29930,12,0,43 44 47,1,22,,29931,12,0,5 14 15 9,1,58,,29932,12,0,16 17 9,1,15,,29933,12,0,5 14 15 9,1,17,,29934,12,0,43 44 47,1,17,,29935,12,0,5 14 15 9,1,55,,29936,12,0,43 44 47,1,15,,29937,12,0,5 14 15 9,1,20,,29938,12,0,16 17 9,1,10,,29939,12,0,16 17 9,1,53,,29940,12,0,5 14 15 9,1,15,,29941,12,0,43 44 47,1,25,,29942,12,0,16 17 9,1,63,,29943,12,0,16 17 9,1,18,,29944,12,0,43 44 47,1,28,,29945,12,0,5 14 15 9,1,65,,29946,12,0,16 17 9,1,25,,29947,12,0,5 14 15 9,1,70,,29948,12,0,43 44 47,1,30,,29949,12,0,5 14 15 9,1,70,,29950,12,0,16 17 9,1,30,,29951,12,0,5 14 15 9,1,70,,29952,12,0,43 44 47,1,100,,29953,12,0,16 17 9,1,99,,29954,12,0,7 13,1
3301,'20260418',1016,,29956,12,0,43 44 47,1,198,,29958,12,0,43 44 47,1,200,,29960,12,0,43 44 47,1,197,,29962,12,0,43 44 47,1,202,,29963,12,0,43 44 47,1,200,,29964,12,0,43 44 47,1,200,,29965,12,0,43 44 47,1,209,,29966,12,0,43 44 47,1
3301,'20260419',1016,,29968,12,0,43 44 47,1,198,,29970,12,0,43 44 47,1,200,,29972,12,0,43 44 47,1,197,,29974,12,0,43 44 47,1,202,,29975,12,0,43 44 47,1,200,,29976,12,0,43 44 47,1,200,,29977,12,0,43 44 47,1,209,,29978,12,0,43 44 47,1
3301,'20260420',722,,29979,12,0,7 13,1,108,,29980,12,0,7 13,1,84,,29981,12,0,43 44 47,1,100,,29982,12,0,43 44 47,1,100,,29983,12,0,43 44 47,1,104,,29984,12,0,43 44 47,1,103,,29985,12,0,43 44 47,1,100,,29986,12,0,43 44 47,1,37,,29987,12,0,5 14 15 9,1,65,,29988,12,0,43 44 47,1,22,,29989,12,0,5 14 15 9,1,58,,29990,12,0,16 17 9,1,15,,29991,12,0,5 14 15 9,1,17,,29992,12,0,43 44 47,1,17,,29993,12,0,5 14 15 9,1,55,,29994,12,0,43 44 47,1,15,,29995,12,0,5 14 15 9,1,20,,29996,12,0,16 17 9,1,10,,29997,12,0,16 17 9,1,53,,29998,12,0,5 14 15 9,1,15,,29999,12,0,43 44 47,1,25,,30000,12,0,16 17 9,1,63,,30001,12,0,16 17 9,1,18,,30002,12,0,43 44 47,1,28,,30003,12,0,5 14 15 9,1,65,,30004,12,0,16 17 9,1,25,,30005,12,0,5 14 15 9,1,70,,30006,12,0,43 44 47,1,30,,30007,12,0,5 14 15 9,1,70,,30008,12,0,16 17 9,1,30,,30009,12,0,5 14 15 9,1,70,,30010,12,0,43 44 47,1,100,,30011,12,0,16 17 9,1,99,,30012,12,0,7 13,1
3301,'20260421',722,,30013,12,0,7 13,1,108,,30014,12,0,7 13,1,84,,30015,12,0,43 44 47,1,100,,30016,12,0,43 44 47,1,100,,30017,12,0,43 44 47,1,104,,30018,12,0,43 44 47,1,103,,30019,12,0,43 44 47,1,100,,30020,12,0,43 44 47,1,37,,30021,12,0,5 14 15 9,1,65,,30022,12,0,43 44 47,1,22,,30023,12,0,5 14 15 9,1,58,,30024,12,0,16 17 9,1,15,,30025,12,0,5 14 15 9,1,17,,30026,12,0,43 44 47,1,17,,30027,12,0,5 14 15 9,1,55,,30028,12,0,43 44 47,1,15,,30029,12,0,5 14 15 9,1,20,,30030,12,0,16 17 9,1,10,,30031,12,0,16 17 9,1,53,,30032,12,0,5 14 15 9,1,15,,30033,12,0,43 44 47,1,25,,30034,12,0,16 17 9,1,63,,30035,12,0,16 17 9,1,18,,30036,12,0,43 44 47,1,28,,30037,12,0,5 14 15 9,1,65,,30038,12,0,16 17 9,1,25,,30039,12,0,5 14 15 9,1,70,,30040,12,0,43 44 47,1,30,,30041,12,0,5 14 15 9,1,70,,30042,12,0,16 17 9,1,30,,30043,12,0,5 14 15 9,1,70,,30044,12,0,43 44 47,1,100,,30045,12,0,16 17 9,1,99,,30046,12,0,7 13,1
3301,'20260422',722,,30047,12,0,7 13,1,108,,30048,12,0,7 13,1,84,,30049,12,0,43 44 47,1,100,,30050,12,0,43 44 47,1,100,,30051,12,0,43 44 47,1,104,,30052,12,0,43 44 47,1,103,,30053,12,0,43 44 47,1,100,,30054,12,0,43 44 47,1,37,,30055,12,0,5 14 15 9,1,65,,30056,12,0,43 44 47,1,22,,30057,12,0,5 14 15 9,1,58,,30058,12,0,16 17 9,1,15,,30059,12,0,5 14 15 9,1,17,,30060,12,0,43 44 47,1,17,,30061,12,0,5 14 15 9,1,55,,30062,12,0,43 44 47,1,15,,30063,12,0,5 14 15 9,1,20,,30064,12,0,16 17 9,1,10,,30065,12,0,16 17 9,1,53,,30066,12,0,5 14 15 9,1,15,,30067,12,0,43 44 47,1,25,,30068,12,0,16 17 9,1,63,,30069,12,0,16 17 9,1,18,,30070,12,0,43 44 47,1,28,,30071,12,0,5 14 15 9,1,65,,30072,12,0,16 17 9,1,25,,30073,12,0,5 14 15 9,1,70,,30074,12,0,43 44 47,1,30,,30075,12,0,5 14 15 9,1,70,,30076,12,0,16 17 9,1,30,,30077,12,0,5 14 15 9,1,70,,30078,12,0,43 44 47,1,100,,30079,12,0,16 17 9,1,99,,30080,12,0,7 13,1
3301,'20260423',722,,30081,12,0,7 13,1,108,,30082,12,0,7 13,1,84,,30083,12,0,43 44 47,1,100,,30084,12,0,43 44 47,1,100,,30085,12,0,43 44 47,1,104,,30086,12,0,43 44 47,1,103,,30087,12,0,43 44 47,1,100,,30088,12,0,43 44 47,1,37,,30089,12,0,5 14 15 9,1,65,,30090,12,0,43 44 47,1,22,,30091,12,0,5 14 15 9,1,58,,30092,12,0,16 17 9,1,15,,30093,12,0,5 14 15 9,1,17,,30094,12,0,43 44 47,1,17,,30095,12,0,5 14 15 9,1,55,,30096,12,0,43 44 47,1,15,,30097,12,0,5 14 15 9,1,20,,30098,12,0,16 17 9,1,10,,30099,12,0,16 17 9,1,53,,30100,12,0,5 14 15 9,1,15,,30101,12,0,43 44 47,1,25,,30102,12,0,16 17 9,1,63,,30103,12,0,16 17 9,1,18,,30104,12,0,43 44 47,1,28,,30105,12,0,5 14 15 9,1,65,,30106,12,0,16 17 9,1,25,,30107,12,0,5 14 15 9,1,70,,30108,12,0,43 44 47,1,30,,30109,12,0,5 14 15 9,1,70,,30110,12,0,16 17 9,1,30,,30111,12,0,5 14 15 9,1,70,,30112,12,0,43 44 47,1,100,,30113,12,0,16 17 9,1,99,,30114,12,0,7 13,1
3301,'20260424',722,,30115,12,0,7 13,1,108,,30116,12,0,7 13,1,84,,30117,12,0,43 44 47,1,100,,30118,12,0,43 44 47,1,100,,30119,12,0,43 44 47,1,104,,30120,12,0,43 44 47,1,103,,30121,12,0,43 44 47,1,100,,30122,12,0,43 44 47,1,37,,30123,12,0,5 14 15 9,1,65,,30124,12,0,43 44 47,1,22,,30125,12,0,5 14 15 9,1,58,,30126,12,0,16 17 9,1,15,,30127,12,0,5 14 15 9,1,17,,30128,12,0,43 44 47,1,17,,30129,12,0,5 14 15 9,1,55,,30130,12,0,43 44 47,1,15,,30131,12,0,5 14 15 9,1,20,,30132,12,0,16 17 9,1,10,,30133,12,0,16 17 9,1,53,,30134,12,0,5 14 15 9,1,15,,30135,12,0,43 44 47,1,25,,30136,12,0,16 17 9,1,63,,30137,12,0,16 17 9,1,18,,30138,12,0,43 44 47,1,28,,30139,12,0,5 14 15 9,1,65,,30140,12,0,16 17 9,1,25,,30141,12,0,5 14 15 9,1,70,,30142,12,0,43 44 47,1,30,,30143,12,0,5 14 15 9,1,70,,30144,12,0,16 17 9,1,30,,30145,12,0,5 14 15 9,1,70,,30146,12,0,43 44 47,1,100,,30147,12,0,16 17 9,1,99,,30148,12,0,7 13,1
