3101,'20260615',654,,165073,22,0,37 43 44 47,1,60,,165074,22,0,37 43 44 47,1,21,,165075,32,,,1,24,,165076,22,0,37 43 44 47,1,75,,165077,30,0,5 43 44 47,1,100,,165078,30,0,5 43 44 47,1,1625,,165082,30,0,7 43 44 47,1
3101,'20260616',654,,165085,22,0,37 43 44 47,1,60,,165086,22,0,37 43 44 47,1,21,,165087,32,,,1,24,,165088,22,0,37 43 44 47,1,75,,165089,30,0,5 43 44 47,1,100,,165090,30,0,5 43 44 47,1,1625,,165094,30,0,7 43 44 47,1
3101,'20260617',654,,165097,22,0,37 43 44 47,1,60,,165098,22,0,37 43 44 47,1,21,,165099,32,,,1,24,,165100,22,0,37 43 44 47,1,75,,165101,30,0,5 43 44 47,1,100,,165102,30,0,5 43 44 47,1,1625,,165106,30,0,7 43 44 47,1
3101,'20260618',654,,165109,22,0,37 43 44 47,1,60,,165110,22,0,37 43 44 47,1,21,,165111,32,,,1,24,,165112,22,0,37 43 44 47,1,75,,165113,30,0,5 43 44 47,1,100,,165114,30,0,5 43 44 47,1,1625,,165118,30,0,7 43 44 47,1
3101,'20260619',654,,165121,22,0,37 43 44 47,1,60,,165122,22,0,37 43 44 47,1,21,,165123,32,,,1,24,,165124,22,0,37 43 44 47,1,75,,165125,30,0,5 43 44 47,1,100,,165126,30,0,5 43 44 47,1,1625,,165130,30,0,7 43 44 47,1
3101,'20260620',913,,165133,30,0,7 43 44 47,1
3101,'20260621',913,,165141,30,0,7 43 44 47,1
3101,'20260622',654,,165147,22,0,37 43 44 47,1,60,,165148,22,0,37 43 44 47,1,21,,165149,32,,,1,24,,165150,22,0,37 43 44 47,1,75,,165151,30,0,5 43 44 47,1,100,,165152,30,0,5 43 44 47,1,1625,,165156,30,0,7 43 44 47,1
3101,'20260623',654,,165159,22,0,37 43 44 47,1,60,,165160,22,0,37 43 44 47,1,21,,165161,32,,,1,24,,165162,22,0,37 43 44 47,1,75,,165163,30,0,5 43 44 47,1,100,,165164,30,0,5 43 44 47,1,1625,,165168,30,0,7 43 44 47,1
3101,'20260624',654,,165171,22,0,37 43 44 47,1,60,,165172,22,0,37 43 44 47,1,21,,165173,32,,,1,24,,165174,22,0,37 43 44 47,1,75,,165175,30,0,5 43 44 47,1,100,,165176,30,0,5 43 44 47,1,1625,,165180,30,0,7 43 44 47,1
3101,'20260625',654,,165183,22,0,37 43 44 47,1,60,,165184,22,0,37 43 44 47,1,21,,165185,32,,,1,24,,165186,22,0,37 43 44 47,1,75,,165187,30,0,5 43 44 47,1,100,,165188,30,0,5 43 44 47,1,1625,,165192,30,0,7 43 44 47,1
3101,'20260626',654,,165195,22,0,37 43 44 47,1,60,,165196,22,0,37 43 44 47,1,21,,165197,32,,,1,24,,165198,22,0,37 43 44 47,1,75,,165199,30,0,5 43 44 47,1,100,,165200,30,0,5 43 44 47,1,1625,,165204,30,0,7 43 44 47,1
3101,'20260627',913,,165207,30,0,7 43 44 47,1
3101,'20260628',913,,165215,30,0,7 43 44 47,1
3101,'20260629',654,,165221,22,0,37 43 44 47,1,60,,165222,22,0,37 43 44 47,1,21,,165223,32,,,1,24,,165224,22,0,37 43 44 47,1,75,,165225,30,0,5 43 44 47,1,100,,165226,30,0,5 43 44 47,1,1625,,165230,30,0,7 43 44 47,1
3101,'20260630',654,,165233,22,0,37 43 44 47,1,60,,165234,22,0,37 43 44 47,1,21,,165235,32,,,1,24,,165236,22,0,37 43 44 47,1,75,,165237,30,0,5 43 44 47,1,100,,165238,30,0,5 43 44 47,1,1625,,165242,30,0,7 43 44 47,1
3101,'20260701',913,,165245,30,0,7 43 44 47,1
3101,'20260702',654,,165253,22,0,37 43 44 47,1,60,,165254,22,0,37 43 44 47,1,21,,165255,32,,,1,24,,165256,22,0,37 43 44 47,1,75,,165257,30,0,5 43 44 47,1,100,,165258,30,0,5 43 44 47,1,1625,,165262,30,0,7 43 44 47,1
3101,'20260703',654,,165265,22,0,37 43 44 47,1,60,,165266,22,0,37 43 44 47,1,21,,165267,32,,,1,24,,165268,22,0,37 43 44 47,1,75,,165269,30,0,5 43 44 47,1,100,,165270,30,0,5 43 44 47,1,1625,,165274,30,0,7 43 44 47,1
3101,'20260704',913,,165277,30,0,7 43 44 47,1
3101,'20260705',913,,165285,30,0,7 43 44 47,1
3101,'20260706',654,,165291,22,0,37 43 44 47,1,60,,165292,22,0,37 43 44 47,1,21,,165293,32,,,1,24,,165294,22,0,37 43 44 47,1,75,,165295,30,0,5 43 44 47,1,100,,165296,30,0,5 43 44 47,1,1625,,165300,30,0,7 43 44 47,1
3101,'20260707',654,,165303,22,0,37 43 44 47,1,60,,165304,22,0,37 43 44 47,1,21,,165305,32,,,1,24,,165306,22,0,37 43 44 47,1,75,,165307,30,0,5 43 44 47,1,100,,165308,30,0,5 43 44 47,1,1625,,165312,30,0,7 43 44 47,1
3101,'20260708',654,,165315,22,0,37 43 44 47,1,60,,165316,22,0,37 43 44 47,1,21,,165317,32,,,1,24,,165318,22,0,37 43 44 47,1,75,,165319,30,0,5 43 44 47,1,100,,165320,30,0,5 43 44 47,1,1625,,165324,30,0,7 43 44 47,1
3101,'20260709',654,,165327,22,0,37 43 44 47,1,60,,165328,22,0,37 43 44 47,1,21,,165329,32,,,1,24,,165330,22,0,37 43 44 47,1,75,,165331,30,0,5 43 44 47,1,100,,165332,30,0,5 43 44 47,1,1625,,165336,30,0,7 43 44 47,1
3101,'20260710',654,,165339,22,0,37 43 44 47,1,60,,165340,22,0,37 43 44 47,1,21,,165341,32,,,1,24,,165342,22,0,37 43 44 47,1,75,,165343,30,0,5 43 44 47,1,100,,165344,30,0,5 43 44 47,1,1625,,165348,30,0,7 43 44 47,1
3101,'20260711',913,,165351,30,0,7 43 44 47,1
3101,'20260712',913,,165359,30,0,7 43 44 47,1
3101,'20260713',654,,165365,22,0,37 43 44 47,1,60,,165366,22,0,37 43 44 47,1,21,,165367,32,,,1,24,,165368,22,0,37 43 44 47,1,75,,165369,30,0,5 43 44 47,1,100,,165370,30,0,5 43 44 47,1,1625,,165374,30,0,7 43 44 47,1
3101,'20260714',654,,165377,22,0,37 43 44 47,1,60,,165378,22,0,37 43 44 47,1,21,,165379,32,,,1,24,,165380,22,0,37 43 44 47,1,75,,165381,30,0,5 43 44 47,1,100,,165382,30,0,5 43 44 47,1,1625,,165386,30,0,7 43 44 47,1
3101,'20260715',654,,165389,22,0,37 43 44 47,1,60,,165390,22,0,37 43 44 47,1,21,,165391,32,,,1,24,,165392,22,0,37 43 44 47,1,75,,165393,30,0,5 43 44 47,1,100,,165394,30,0,5 43 44 47,1,1625,,165398,30,0,7 43 44 47,1
3101,'20260716',654,,165401,22,0,37 43 44 47,1,60,,165402,22,0,37 43 44 47,1,21,,165403,32,,,1,24,,165404,22,0,37 43 44 47,1,75,,165405,30,0,5 43 44 47,1,100,,165406,30,0,5 43 44 47,1,1625,,165410,30,0,7 43 44 47,1
3101,'20260717',654,,165413,22,0,37 43 44 47,1,60,,165414,22,0,37 43 44 47,1,21,,165415,32,,,1,24,,165416,22,0,37 43 44 47,1,75,,165417,30,0,5 43 44 47,1,100,,165418,30,0,5 43 44 47,1,1625,,165422,30,0,7 43 44 47,1
3101,'20260718',913,,165425,30,0,7 43 44 47,1
3101,'20260719',913,,165433,30,0,7 43 44 47,1
3101,'20260720',654,,165439,22,0,37 43 44 47,1,60,,165440,22,0,37 43 44 47,1,21,,165441,32,,,1,24,,165442,22,0,37 43 44 47,1,75,,165443,30,0,5 43 44 47,1,100,,165444,30,0,5 43 44 47,1,1625,,165448,30,0,7 43 44 47,1
3101,'20260721',654,,165451,22,0,37 43 44 47,1,60,,165452,22,0,37 43 44 47,1,21,,165453,32,,,1,24,,165454,22,0,37 43 44 47,1,75,,165455,30,0,5 43 44 47,1,100,,165456,30,0,5 43 44 47,1,1625,,165460,30,0,7 43 44 47,1
3101,'20260722',654,,165463,22,0,37 43 44 47,1,60,,165464,22,0,37 43 44 47,1,21,,165465,32,,,1,24,,165466,22,0,37 43 44 47,1,75,,165467,30,0,5 43 44 47,1,100,,165468,30,0,5 43 44 47,1,1625,,165472,30,0,7 43 44 47,1
3101,'20260723',654,,165475,22,0,37 43 44 47,1,60,,165476,22,0,37 43 44 47,1,21,,165477,32,,,1,24,,165478,22,0,37 43 44 47,1,75,,165479,30,0,5 43 44 47,1,100,,165480,30,0,5 43 44 47,1,1625,,165484,30,0,7 43 44 47,1
3101,'20260724',654,,165487,22,0,37 43 44 47,1,60,,165488,22,0,37 43 44 47,1,21,,165489,32,,,1,24,,165490,22,0,37 43 44 47,1,75,,165491,30,0,5 43 44 47,1,100,,165492,30,0,5 43 44 47,1,1625,,165496,30,0,7 43 44 47,1
3101,'20260725',913,,165499,30,0,7 43 44 47,1
3101,'20260726',913,,165507,30,0,7 43 44 47,1
3101,'20260727',654,,165513,22,0,37 43 44 47,1,60,,165514,22,0,37 43 44 47,1,21,,165515,32,,,1,24,,165516,22,0,37 43 44 47,1,75,,165517,30,0,5 43 44 47,1,100,,165518,30,0,5 43 44 47,1,1625,,165522,30,0,7 43 44 47,1
3101,'20260728',654,,165525,22,0,37 43 44 47,1,60,,165526,22,0,37 43 44 47,1,21,,165527,32,,,1,24,,165528,22,0,37 43 44 47,1,75,,165529,30,0,5 43 44 47,1,100,,165530,30,0,5 43 44 47,1,1625,,165534,30,0,7 43 44 47,1
3101,'20260729',654,,165537,22,0,37 43 44 47,1,60,,165538,22,0,37 43 44 47,1,21,,165539,32,,,1,24,,165540,22,0,37 43 44 47,1,75,,165541,30,0,5 43 44 47,1,100,,165542,30,0,5 43 44 47,1,1625,,165546,30,0,7 43 44 47,1
3101,'20260730',654,,165549,22,0,37 43 44 47,1,60,,165550,22,0,37 43 44 47,1,21,,165551,32,,,1,24,,165552,22,0,37 43 44 47,1,75,,165553,30,0,5 43 44 47,1,100,,165554,30,0,5 43 44 47,1,1625,,165558,30,0,7 43 44 47,1
3101,'20260731',654,,165561,22,0,37 43 44 47,1,60,,165562,22,0,37 43 44 47,1,21,,165563,32,,,1,24,,165564,22,0,37 43 44 47,1,75,,165565,30,0,5 43 44 47,1,100,,165566,30,0,5 43 44 47,1,1625,,165570,30,0,7 43 44 47,1
3101,'20260801',913,,165573,30,0,7 43 44 47,1
3101,'20260802',913,,165581,30,0,7 43 44 47,1
3101,'20260803',913,,165587,30,0,7 43 44 47,1
3101,'20260804',654,,165595,22,0,37 43 44 47,1,60,,165596,22,0,37 43 44 47,1,21,,165597,32,,,1,24,,165598,22,0,37 43 44 47,1,75,,165599,30,0,5 43 44 47,1,100,,165600,30,0,5 43 44 47,1,1625,,165604,30,0,7 43 44 47,1
3101,'20260805',654,,165607,22,0,37 43 44 47,1,60,,165608,22,0,37 43 44 47,1,21,,165609,32,,,1,24,,165610,22,0,37 43 44 47,1,75,,165611,30,0,5 43 44 47,1,100,,165612,30,0,5 43 44 47,1,1625,,165616,30,0,7 43 44 47,1
3101,'20260806',654,,165619,22,0,37 43 44 47,1,60,,165620,22,0,37 43 44 47,1,21,,165621,32,,,1,24,,165622,22,0,37 43 44 47,1,75,,165623,30,0,5 43 44 47,1,100,,165624,30,0,5 43 44 47,1,1625,,165628,30,0,7 43 44 47,1
3101,'20260807',654,,165631,22,0,37 43 44 47,1,60,,165632,22,0,37 43 44 47,1,21,,165633,32,,,1,24,,165634,22,0,37 43 44 47,1,75,,165635,30,0,5 43 44 47,1,100,,165636,30,0,5 43 44 47,1,1625,,165640,30,0,7 43 44 47,1
3101,'20260808',913,,165643,30,0,7 43 44 47,1
3101,'20260809',913,,165651,30,0,7 43 44 47,1
3101,'20260810',654,,165657,22,0,37 43 44 47,1,60,,165658,22,0,37 43 44 47,1,21,,165659,32,,,1,24,,165660,22,0,37 43 44 47,1,75,,165661,30,0,5 43 44 47,1,100,,165662,30,0,5 43 44 47,1,1625,,165666,30,0,7 43 44 47,1
3101,'20260811',654,,165669,22,0,37 43 44 47,1,60,,165670,22,0,37 43 44 47,1,21,,165671,32,,,1,24,,165672,22,0,37 43 44 47,1,75,,165673,30,0,5 43 44 47,1,100,,165674,30,0,5 43 44 47,1,1625,,165678,30,0,7 43 44 47,1
3101,'20260812',654,,165681,22,0,37 43 44 47,1,60,,165682,22,0,37 43 44 47,1,21,,165683,32,,,1,24,,165684,22,0,37 43 44 47,1,75,,165685,30,0,5 43 44 47,1,100,,165686,30,0,5 43 44 47,1,1625,,165690,30,0,7 43 44 47,1
3101,'20260813',654,,165693,22,0,37 43 44 47,1,60,,165694,22,0,37 43 44 47,1,21,,165695,32,,,1,24,,165696,22,0,37 43 44 47,1,75,,165697,30,0,5 43 44 47,1,100,,165698,30,0,5 43 44 47,1,1625,,165702,30,0,7 43 44 47,1
3101,'20260814',654,,165705,22,0,37 43 44 47,1,60,,165706,22,0,37 43 44 47,1,21,,165707,32,,,1,24,,165708,22,0,37 43 44 47,1,75,,165709,30,0,5 43 44 47,1,100,,165710,30,0,5 43 44 47,1,1625,,165714,30,0,7 43 44 47,1
3101,'20260815',913,,165717,30,0,7 43 44 47,1
3101,'20260816',913,,165725,30,0,7 43 44 47,1
3101,'20260817',654,,165731,22,0,37 43 44 47,1,60,,165732,22,0,37 43 44 47,1,21,,165733,32,,,1,24,,165734,22,0,37 43 44 47,1,75,,165735,30,0,5 43 44 47,1,100,,165736,30,0,5 43 44 47,1,1625,,165740,30,0,7 43 44 47,1
3101,'20260818',654,,165743,22,0,37 43 44 47,1,60,,165744,22,0,37 43 44 47,1,21,,165745,32,,,1,24,,165746,22,0,37 43 44 47,1,75,,165747,30,0,5 43 44 47,1,100,,165748,30,0,5 43 44 47,1,1625,,165752,30,0,7 43 44 47,1
3101,'20260819',654,,165755,22,0,37 43 44 47,1,60,,165756,22,0,37 43 44 47,1,21,,165757,32,,,1,24,,165758,22,0,37 43 44 47,1,75,,165759,30,0,5 43 44 47,1,100,,165760,30,0,5 43 44 47,1,1625,,165764,30,0,7 43 44 47,1
3101,'20260820',654,,165767,22,0,37 43 44 47,1,60,,165768,22,0,37 43 44 47,1,21,,165769,32,,,1,24,,165770,22,0,37 43 44 47,1,75,,165771,30,0,5 43 44 47,1,100,,165772,30,0,5 43 44 47,1,1625,,165776,30,0,7 43 44 47,1
3101,'20260821',654,,165779,22,0,37 43 44 47,1,60,,165780,22,0,37 43 44 47,1,21,,165781,32,,,1,24,,165782,22,0,37 43 44 47,1,75,,165783,30,0,5 43 44 47,1,100,,165784,30,0,5 43 44 47,1,1625,,165788,30,0,7 43 44 47,1
3101,'20260822',913,,165791,30,0,7 43 44 47,1
3101,'20260823',913,,165799,30,0,7 43 44 47,1
3101,'20260824',654,,165805,22,0,37 43 44 47,1,60,,165806,22,0,37 43 44 47,1,21,,165807,32,,,1,24,,165808,22,0,37 43 44 47,1,75,,165809,30,0,5 43 44 47,1,100,,165810,30,0,5 43 44 47,1,1625,,165814,30,0,7 43 44 47,1
3101,'20260825',654,,165817,22,0,37 43 44 47,1,60,,165818,22,0,37 43 44 47,1,21,,165819,32,,,1,24,,165820,22,0,37 43 44 47,1,75,,165821,30,0,5 43 44 47,1,100,,165822,30,0,5 43 44 47,1,1625,,165826,30,0,7 43 44 47,1
3101,'20260826',654,,165829,22,0,37 43 44 47,1,60,,165830,22,0,37 43 44 47,1,21,,165831,32,,,1,24,,165832,22,0,37 43 44 47,1,75,,165833,30,0,5 43 44 47,1,100,,165834,30,0,5 43 44 47,1,1625,,165838,30,0,7 43 44 47,1
3101,'20260827',654,,165841,22,0,37 43 44 47,1,60,,165842,22,0,37 43 44 47,1,21,,165843,32,,,1,24,,165844,22,0,37 43 44 47,1,75,,165845,30,0,5 43 44 47,1,100,,165846,30,0,5 43 44 47,1,1625,,165850,30,0,7 43 44 47,1
3101,'20260828',654,,165853,22,0,37 43 44 47,1,60,,165854,22,0,37 43 44 47,1,21,,165855,32,,,1,24,,165856,22,0,37 43 44 47,1,75,,165857,30,0,5 43 44 47,1,100,,165858,30,0,5 43 44 47,1,1625,,165862,30,0,7 43 44 47,1
3101,'20260829',913,,165865,30,0,7 43 44 47,1
3101,'20260830',913,,165873,30,0,7 43 44 47,1
3101,'20260831',654,,165879,22,0,37 43 44 47,1,60,,165880,22,0,37 43 44 47,1,21,,165881,32,,,1,24,,165882,22,0,37 43 44 47,1,75,,165883,30,0,5 43 44 47,1,100,,165884,30,0,5 43 44 47,1,1625,,165888,30,0,7 43 44 47,1
3101,'20260901',654,,165891,22,0,37 43 44 47,1,60,,165892,22,0,37 43 44 47,1,21,,165893,32,,,1,24,,165894,22,0,37 43 44 47,1,75,,165895,30,0,5 43 44 47,1,100,,165896,30,0,5 43 44 47,1,1625,,165900,30,0,7 43 44 47,1
3101,'20260902',654,,165903,22,0,37 43 44 47,1,60,,165904,22,0,37 43 44 47,1,21,,165905,32,,,1,24,,165906,22,0,37 43 44 47,1,75,,165907,30,0,5 43 44 47,1,100,,165908,30,0,5 43 44 47,1,1625,,165912,30,0,7 43 44 47,1
3101,'20260903',654,,165915,22,0,37 43 44 47,1,60,,165916,22,0,37 43 44 47,1,21,,165917,32,,,1,24,,165918,22,0,37 43 44 47,1,75,,165919,30,0,5 43 44 47,1,100,,165920,30,0,5 43 44 47,1,1625,,165924,30,0,7 43 44 47,1
3101,'20260904',654,,165927,22,0,37 43 44 47,1,60,,165928,22,0,37 43 44 47,1,21,,165929,32,,,1,24,,165930,22,0,37 43 44 47,1,75,,165931,30,0,5 43 44 47,1,100,,165932,30,0,5 43 44 47,1,1625,,165936,30,0,7 43 44 47,1
3301,'20260615',1012,,170601,34,,,1,100,,170602,34,,,1,100,,170603,34,,,1,102,,170604,34,,,1,108,,170605,34,,,1,105,,170606,34,,,1,100,,170608,34,,,1,112,,170611,34,,,1,93,,170613,34,,,1,192,,170620,34,,,1,185,,170624,34,,,1,149,,170628,34,,,1
3301,'20260616',1012,,170633,34,,,1,100,,170634,34,,,1,100,,170635,34,,,1,102,,170636,34,,,1,108,,170637,34,,,1,105,,170638,34,,,1,100,,170640,34,,,1,112,,170643,34,,,1,93,,170645,34,,,1,192,,170652,34,,,1,185,,170656,34,,,1,149,,170660,34,,,1
3301,'20260617',1012,,170665,34,,,1,100,,170666,34,,,1,100,,170667,34,,,1,102,,170668,34,,,1,108,,170669,34,,,1,105,,170670,34,,,1,100,,170672,34,,,1,112,,170675,34,,,1,93,,170677,34,,,1,192,,170684,34,,,1,185,,170688,34,,,1,149,,170692,34,,,1
3301,'20260618',1012,,170697,34,,,1,100,,170698,34,,,1,100,,170699,34,,,1,102,,170700,34,,,1,108,,170701,34,,,1,105,,170702,34,,,1,100,,170704,34,,,1,112,,170707,34,,,1,93,,170709,34,,,1,192,,170716,34,,,1,185,,170720,34,,,1,149,,170724,34,,,1
3301,'20260619',1012,,170729,34,,,1,100,,170730,34,,,1,100,,170731,34,,,1,102,,170732,34,,,1,108,,170733,34,,,1,105,,170734,34,,,1,100,,170736,34,,,1,112,,170739,34,,,1,93,,170741,34,,,1,192,,170748,34,,,1,185,,170752,34,,,1,149,,170756,34,,,1
3301,'20260620',1111,,170760,34,,,1,205,,170762,34,,,1,197,,170764,34,,,1,200,,170766,34,,,1,196,,170767,34,,,1,200,,170768,34,,,1,199,,170769,34,,,1,199,,170770,34,,,1
3301,'20260621',1111,,170772,34,,,1,205,,170774,34,,,1,197,,170776,34,,,1,200,,170778,34,,,1,196,,170779,34,,,1,200,,170780,34,,,1,199,,170781,34,,,1,199,,170782,34,,,1
3301,'20260622',1012,,170785,34,,,1,100,,170786,34,,,1,100,,170787,34,,,1,102,,170788,34,,,1,108,,170789,34,,,1,105,,170790,34,,,1,100,,170792,34,,,1,112,,170795,34,,,1,93,,170797,34,,,1,192,,170804,34,,,1,185,,170808,34,,,1,149,,170812,34,,,1
3301,'20260623',1012,,170817,34,,,1,100,,170818,34,,,1,100,,170819,34,,,1,102,,170820,34,,,1,108,,170821,34,,,1,105,,170822,34,,,1,100,,170824,34,,,1,112,,170827,34,,,1,93,,170829,34,,,1,192,,170836,34,,,1,185,,170840,34,,,1,149,,170844,34,,,1
3301,'20260624',1012,,170849,34,,,1,100,,170850,34,,,1,100,,170851,34,,,1,102,,170852,34,,,1,108,,170853,34,,,1,105,,170854,34,,,1,100,,170856,34,,,1,112,,170859,34,,,1,93,,170861,34,,,1,192,,170868,34,,,1,185,,170872,34,,,1,149,,170876,34,,,1
3301,'20260625',1012,,170881,34,,,1,100,,170882,34,,,1,100,,170883,34,,,1,102,,170884,34,,,1,108,,170885,34,,,1,105,,170886,34,,,1,100,,170888,34,,,1,112,,170891,34,,,1,93,,170893,34,,,1,192,,170900,34,,,1,185,,170904,34,,,1,149,,170908,34,,,1
3301,'20260626',1012,,170913,34,,,1,100,,170914,34,,,1,100,,170915,34,,,1,102,,170916,34,,,1,108,,170917,34,,,1,105,,170918,34,,,1,100,,170920,34,,,1,112,,170923,34,,,1,93,,170925,34,,,1,192,,170932,34,,,1,185,,170936,34,,,1,149,,170940,34,,,1
3301,'20260627',1111,,170944,34,,,1,205,,170946,34,,,1,197,,170948,34,,,1,200,,170950,34,,,1,196,,170951,34,,,1,200,,170952,34,,,1,199,,170953,34,,,1,199,,170954,34,,,1
3301,'20260628',1111,,170956,34,,,1,205,,170958,34,,,1,197,,170960,34,,,1,200,,170962,34,,,1,196,,170963,34,,,1,200,,170964,34,,,1,199,,170965,34,,,1,199,,170966,34,,,1
3301,'20260629',1012,,170969,34,,,1,100,,170970,34,,,1,100,,170971,34,,,1,102,,170972,34,,,1,108,,170973,34,,,1,105,,170974,34,,,1,100,,170976,34,,,1,112,,170979,34,,,1,93,,170981,34,,,1,192,,170988,34,,,1,185,,170992,34,,,1,149,,170996,34,,,1
3301,'20260630',1012,,171001,34,,,1,100,,171002,34,,,1,100,,171003,34,,,1,102,,171004,34,,,1,108,,171005,34,,,1,105,,171006,34,,,1,100,,171008,34,,,1,112,,171011,34,,,1,93,,171013,34,,,1,192,,171020,34,,,1,185,,171024,34,,,1,149,,171028,34,,,1
3301,'20260701',1111,,171032,34,,,1,205,,171034,34,,,1,197,,171036,34,,,1,200,,171038,34,,,1,196,,171039,34,,,1,200,,171040,34,,,1,199,,171041,34,,,1,199,,171042,34,,,1
3301,'20260702',1012,,171045,34,,,1,100,,171046,34,,,1,100,,171047,34,,,1,102,,171048,34,,,1,108,,171049,34,,,1,105,,171050,34,,,1,100,,171052,34,,,1,112,,171055,34,,,1,93,,171057,34,,,1,192,,171064,34,,,1,185,,171068,34,,,1,149,,171072,34,,,1
3301,'20260703',1012,,171077,34,,,1,100,,171078,34,,,1,100,,171079,34,,,1,102,,171080,34,,,1,108,,171081,34,,,1,105,,171082,34,,,1,100,,171084,34,,,1,112,,171087,34,,,1,93,,171089,34,,,1,192,,171096,34,,,1,185,,171100,34,,,1,149,,171104,34,,,1
3301,'20260704',1111,,171108,34,,,1,205,,171110,34,,,1,197,,171112,34,,,1,200,,171114,34,,,1,196,,171115,34,,,1,200,,171116,34,,,1,199,,171117,34,,,1,199,,171118,34,,,1
3301,'20260705',1111,,171120,34,,,1,205,,171122,34,,,1,197,,171124,34,,,1,200,,171126,34,,,1,196,,171127,34,,,1,200,,171128,34,,,1,199,,171129,34,,,1,199,,171130,34,,,1
3301,'20260706',1012,,171133,34,,,1,100,,171134,34,,,1,100,,171135,34,,,1,102,,171136,34,,,1,108,,171137,34,,,1,105,,171138,34,,,1,100,,171140,34,,,1,112,,171143,34,,,1,93,,171145,34,,,1,192,,171152,34,,,1,185,,171156,34,,,1,149,,171160,34,,,1
3301,'20260707',1012,,171165,34,,,1,100,,171166,34,,,1,100,,171167,34,,,1,102,,171168,34,,,1,108,,171169,34,,,1,105,,171170,34,,,1,100,,171172,34,,,1,112,,171175,34,,,1,93,,171177,34,,,1,192,,171184,34,,,1,185,,171188,34,,,1,149,,171192,34,,,1
3301,'20260708',1012,,171197,34,,,1,100,,171198,34,,,1,100,,171199,34,,,1,102,,171200,34,,,1,108,,171201,34,,,1,105,,171202,34,,,1,100,,171204,34,,,1,112,,171207,34,,,1,93,,171209,34,,,1,192,,171216,34,,,1,185,,171220,34,,,1,149,,171224,34,,,1
3301,'20260709',1012,,171229,34,,,1,100,,171230,34,,,1,100,,171231,34,,,1,102,,171232,34,,,1,108,,171233,34,,,1,105,,171234,34,,,1,100,,171236,34,,,1,112,,171239,34,,,1,93,,171241,34,,,1,192,,171248,34,,,1,185,,171252,34,,,1,149,,171256,34,,,1
3301,'20260710',1012,,171261,34,,,1,100,,171262,34,,,1,100,,171263,34,,,1,102,,171264,34,,,1,108,,171265,34,,,1,105,,171266,34,,,1,100,,171268,34,,,1,112,,171271,34,,,1,93,,171273,34,,,1,192,,171280,34,,,1,185,,171284,34,,,1,149,,171288,34,,,1
3301,'20260711',1111,,171292,34,,,1,205,,171294,34,,,1,197,,171296,34,,,1,200,,171298,34,,,1,196,,171299,34,,,1,200,,171300,34,,,1,199,,171301,34,,,1,199,,171302,34,,,1
3301,'20260712',1111,,171304,34,,,1,205,,171306,34,,,1,197,,171308,34,,,1,200,,171310,34,,,1,196,,171311,34,,,1,200,,171312,34,,,1,199,,171313,34,,,1,199,,171314,34,,,1
3301,'20260713',1012,,171317,34,,,1,100,,171318,34,,,1,100,,171319,34,,,1,102,,171320,34,,,1,108,,171321,34,,,1,105,,171322,34,,,1,100,,171324,34,,,1,112,,171327,34,,,1,93,,171329,34,,,1,192,,171336,34,,,1,185,,171340,34,,,1,149,,171344,34,,,1
3301,'20260714',1012,,171349,34,,,1,100,,171350,34,,,1,100,,171351,34,,,1,102,,171352,34,,,1,108,,171353,34,,,1,105,,171354,34,,,1,100,,171356,34,,,1,112,,171359,34,,,1,93,,171361,34,,,1,192,,171368,34,,,1,185,,171372,34,,,1,149,,171376,34,,,1
3301,'20260715',1012,,171381,34,,,1,100,,171382,34,,,1,100,,171383,34,,,1,102,,171384,34,,,1,108,,171385,34,,,1,105,,171386,34,,,1,100,,171388,34,,,1,112,,171391,34,,,1,93,,171393,34,,,1,192,,171400,34,,,1,185,,171404,34,,,1,149,,171408,34,,,1
3301,'20260716',1012,,171413,34,,,1,100,,171414,34,,,1,100,,171415,34,,,1,102,,171416,34,,,1,108,,171417,34,,,1,105,,171418,34,,,1,100,,171420,34,,,1,112,,171423,34,,,1,93,,171425,34,,,1,192,,171432,34,,,1,185,,171436,34,,,1,149,,171440,34,,,1
3301,'20260717',1012,,171445,34,,,1,100,,171446,34,,,1,100,,171447,34,,,1,102,,171448,34,,,1,108,,171449,34,,,1,105,,171450,34,,,1,100,,171452,34,,,1,112,,171455,34,,,1,93,,171457,34,,,1,192,,171464,34,,,1,185,,171468,34,,,1,149,,171472,34,,,1
3301,'20260718',1111,,171476,34,,,1,205,,171478,34,,,1,197,,171480,34,,,1,200,,171482,34,,,1,196,,171483,34,,,1,200,,171484,34,,,1,199,,171485,34,,,1,199,,171486,34,,,1
3301,'20260719',1111,,171488,34,,,1,205,,171490,34,,,1,197,,171492,34,,,1,200,,171494,34,,,1,196,,171495,34,,,1,200,,171496,34,,,1,199,,171497,34,,,1,199,,171498,34,,,1
3301,'20260720',1012,,171501,34,,,1,100,,171502,34,,,1,100,,171503,34,,,1,102,,171504,34,,,1,108,,171505,34,,,1,105,,171506,34,,,1,100,,171508,34,,,1,112,,171511,34,,,1,93,,171513,34,,,1,192,,171520,34,,,1,185,,171524,34,,,1,149,,171528,34,,,1
3301,'20260721',1012,,171533,34,,,1,100,,171534,34,,,1,100,,171535,34,,,1,102,,171536,34,,,1,108,,171537,34,,,1,105,,171538,34,,,1,100,,171540,34,,,1,112,,171543,34,,,1,93,,171545,34,,,1,192,,171552,34,,,1,185,,171556,34,,,1,149,,171560,34,,,1
3301,'20260722',1012,,171565,34,,,1,100,,171566,34,,,1,100,,171567,34,,,1,102,,171568,34,,,1,108,,171569,34,,,1,105,,171570,34,,,1,100,,171572,34,,,1,112,,171575,34,,,1,93,,171577,34,,,1,192,,171584,34,,,1,185,,171588,34,,,1,149,,171592,34,,,1
3301,'20260723',1012,,171597,34,,,1,100,,171598,34,,,1,100,,171599,34,,,1,102,,171600,34,,,1,108,,171601,34,,,1,105,,171602,34,,,1,100,,171604,34,,,1,112,,171607,34,,,1,93,,171609,34,,,1,192,,171616,34,,,1,185,,171620,34,,,1,149,,171624,34,,,1
3301,'20260724',1012,,171629,34,,,1,100,,171630,34,,,1,100,,171631,34,,,1,102,,171632,34,,,1,108,,171633,34,,,1,105,,171634,34,,,1,100,,171636,34,,,1,112,,171639,34,,,1,93,,171641,34,,,1,192,,171648,34,,,1,185,,171652,34,,,1,149,,171656,34,,,1
3301,'20260725',1111,,171660,34,,,1,205,,171662,34,,,1,197,,171664,34,,,1,200,,171666,34,,,1,196,,171667,34,,,1,200,,171668,34,,,1,199,,171669,34,,,1,199,,171670,34,,,1
3301,'20260726',1111,,171672,34,,,1,205,,171674,34,,,1,197,,171676,34,,,1,200,,171678,34,,,1,196,,171679,34,,,1,200,,171680,34,,,1,199,,171681,34,,,1,199,,171682,34,,,1
3301,'20260727',1012,,171685,34,,,1,100,,171686,34,,,1,100,,171687,34,,,1,102,,171688,34,,,1,108,,171689,34,,,1,105,,171690,34,,,1,100,,171692,34,,,1,112,,171695,34,,,1,93,,171697,34,,,1,192,,171704,34,,,1,185,,171708,34,,,1,149,,171712,34,,,1
3301,'20260728',1012,,171717,34,,,1,100,,171718,34,,,1,100,,171719,34,,,1,102,,171720,34,,,1,108,,171721,34,,,1,105,,171722,34,,,1,100,,171724,34,,,1,112,,171727,34,,,1,93,,171729,34,,,1,192,,171736,34,,,1,185,,171740,34,,,1,149,,171744,34,,,1
3301,'20260729',1012,,171749,34,,,1,100,,171750,34,,,1,100,,171751,34,,,1,102,,171752,34,,,1,108,,171753,34,,,1,105,,171754,34,,,1,100,,171756,34,,,1,112,,171759,34,,,1,93,,171761,34,,,1,192,,171768,34,,,1,185,,171772,34,,,1,149,,171776,34,,,1
3301,'20260730',1012,,171781,34,,,1,100,,171782,34,,,1,100,,171783,34,,,1,102,,171784,34,,,1,108,,171785,34,,,1,105,,171786,34,,,1,100,,171788,34,,,1,112,,171791,34,,,1,93,,171793,34,,,1,192,,171800,34,,,1,185,,171804,34,,,1,149,,171808,34,,,1
3301,'20260731',1012,,171813,34,,,1,100,,171814,34,,,1,100,,171815,34,,,1,102,,171816,34,,,1,108,,171817,34,,,1,105,,171818,34,,,1,100,,171820,34,,,1,112,,171823,34,,,1,93,,171825,34,,,1,192,,171832,34,,,1,185,,171836,34,,,1,149,,171840,34,,,1
3301,'20260801',1111,,171844,34,,,1,205,,171846,34,,,1,197,,171848,34,,,1,200,,171850,34,,,1,196,,171851,34,,,1,200,,171852,34,,,1,199,,171853,34,,,1,199,,171854,34,,,1
3301,'20260802',1111,,171856,34,,,1,205,,171858,34,,,1,197,,171860,34,,,1,200,,171862,34,,,1,196,,171863,34,,,1,200,,171864,34,,,1,199,,171865,34,,,1,199,,171866,34,,,1
3301,'20260803',1111,,171868,34,,,1,205,,171870,34,,,1,197,,171872,34,,,1,200,,171874,34,,,1,196,,171875,34,,,1,200,,171876,34,,,1,199,,171877,34,,,1,199,,171878,34,,,1
3301,'20260804',1012,,171881,34,,,1,100,,171882,34,,,1,100,,171883,34,,,1,102,,171884,34,,,1,108,,171885,34,,,1,105,,171886,34,,,1,100,,171888,34,,,1,112,,171891,34,,,1,93,,171893,34,,,1,192,,171900,34,,,1,185,,171904,34,,,1,149,,171908,34,,,1
3301,'20260805',1012,,171913,34,,,1,100,,171914,34,,,1,100,,171915,34,,,1,102,,171916,34,,,1,108,,171917,34,,,1,105,,171918,34,,,1,100,,171920,34,,,1,112,,171923,34,,,1,93,,171925,34,,,1,192,,171932,34,,,1,185,,171936,34,,,1,149,,171940,34,,,1
3301,'20260806',1012,,171945,34,,,1,100,,171946,34,,,1,100,,171947,34,,,1,102,,171948,34,,,1,108,,171949,34,,,1,105,,171950,34,,,1,100,,171952,34,,,1,112,,171955,34,,,1,93,,171957,34,,,1,192,,171964,34,,,1,185,,171968,34,,,1,149,,171972,34,,,1
3301,'20260807',1012,,171977,34,,,1,100,,171978,34,,,1,100,,171979,34,,,1,102,,171980,34,,,1,108,,171981,34,,,1,105,,171982,34,,,1,100,,171984,34,,,1,112,,171987,34,,,1,93,,171989,34,,,1,192,,171996,34,,,1,185,,172000,34,,,1,149,,172004,34,,,1
3301,'20260808',1111,,172008,34,,,1,205,,172010,34,,,1,197,,172012,34,,,1,200,,172014,34,,,1,196,,172015,34,,,1,200,,172016,34,,,1,199,,172017,34,,,1,199,,172018,34,,,1
3301,'20260809',1111,,172020,34,,,1,205,,172022,34,,,1,197,,172024,34,,,1,200,,172026,34,,,1,196,,172027,34,,,1,200,,172028,34,,,1,199,,172029,34,,,1,199,,172030,34,,,1
3301,'20260810',1012,,172033,34,,,1,100,,172034,34,,,1,100,,172035,34,,,1,102,,172036,34,,,1,108,,172037,34,,,1,105,,172038,34,,,1,100,,172040,34,,,1,112,,172043,34,,,1,93,,172045,34,,,1,192,,172052,34,,,1,185,,172056,34,,,1,149,,172060,34,,,1
3301,'20260811',1012,,172065,34,,,1,100,,172066,34,,,1,100,,172067,34,,,1,102,,172068,34,,,1,108,,172069,34,,,1,105,,172070,34,,,1,100,,172072,34,,,1,112,,172075,34,,,1,93,,172077,34,,,1,192,,172084,34,,,1,185,,172088,34,,,1,149,,172092,34,,,1
3301,'20260812',1012,,172097,34,,,1,100,,172098,34,,,1,100,,172099,34,,,1,102,,172100,34,,,1,108,,172101,34,,,1,105,,172102,34,,,1,100,,172104,34,,,1,112,,172107,34,,,1,93,,172109,34,,,1,192,,172116,34,,,1,185,,172120,34,,,1,149,,172124,34,,,1
3301,'20260813',1012,,172129,34,,,1,100,,172130,34,,,1,100,,172131,34,,,1,102,,172132,34,,,1,108,,172133,34,,,1,105,,172134,34,,,1,100,,172136,34,,,1,112,,172139,34,,,1,93,,172141,34,,,1,192,,172148,34,,,1,185,,172152,34,,,1,149,,172156,34,,,1
3301,'20260814',1012,,172161,34,,,1,100,,172162,34,,,1,100,,172163,34,,,1,102,,172164,34,,,1,108,,172165,34,,,1,105,,172166,34,,,1,100,,172168,34,,,1,112,,172171,34,,,1,93,,172173,34,,,1,192,,172180,34,,,1,185,,172184,34,,,1,149,,172188,34,,,1
3301,'20260815',1111,,172192,34,,,1,205,,172194,34,,,1,197,,172196,34,,,1,200,,172198,34,,,1,196,,172199,34,,,1,200,,172200,34,,,1,199,,172201,34,,,1,199,,172202,34,,,1
3301,'20260816',1111,,172204,34,,,1,205,,172206,34,,,1,197,,172208,34,,,1,200,,172210,34,,,1,196,,172211,34,,,1,200,,172212,34,,,1,199,,172213,34,,,1,199,,172214,34,,,1
3301,'20260817',1012,,172217,34,,,1,100,,172218,34,,,1,100,,172219,34,,,1,102,,172220,34,,,1,108,,172221,34,,,1,105,,172222,34,,,1,100,,172224,34,,,1,112,,172227,34,,,1,93,,172229,34,,,1,192,,172236,34,,,1,185,,172240,34,,,1,149,,172244,34,,,1
3301,'20260818',1012,,172249,34,,,1,100,,172250,34,,,1,100,,172251,34,,,1,102,,172252,34,,,1,108,,172253,34,,,1,105,,172254,34,,,1,100,,172256,34,,,1,112,,172259,34,,,1,93,,172261,34,,,1,192,,172268,34,,,1,185,,172272,34,,,1,149,,172276,34,,,1
3301,'20260819',1012,,172281,34,,,1,100,,172282,34,,,1,100,,172283,34,,,1,102,,172284,34,,,1,108,,172285,34,,,1,105,,172286,34,,,1,100,,172288,34,,,1,112,,172291,34,,,1,93,,172293,34,,,1,192,,172300,34,,,1,185,,172304,34,,,1,149,,172308,34,,,1
3301,'20260820',1012,,172313,34,,,1,100,,172314,34,,,1,100,,172315,34,,,1,102,,172316,34,,,1,108,,172317,34,,,1,105,,172318,34,,,1,100,,172320,34,,,1,112,,172323,34,,,1,93,,172325,34,,,1,192,,172332,34,,,1,185,,172336,34,,,1,149,,172340,34,,,1
3301,'20260821',1012,,172345,34,,,1,100,,172346,34,,,1,100,,172347,34,,,1,102,,172348,34,,,1,108,,172349,34,,,1,105,,172350,34,,,1,100,,172352,34,,,1,112,,172355,34,,,1,93,,172357,34,,,1,192,,172364,34,,,1,185,,172368,34,,,1,149,,172372,34,,,1
3301,'20260822',1111,,172376,34,,,1,205,,172378,34,,,1,197,,172380,34,,,1,200,,172382,34,,,1,196,,172383,34,,,1,200,,172384,34,,,1,199,,172385,34,,,1,199,,172386,34,,,1
3301,'20260823',1111,,172388,34,,,1,205,,172390,34,,,1,197,,172392,34,,,1,200,,172394,34,,,1,196,,172395,34,,,1,200,,172396,34,,,1,199,,172397,34,,,1,199,,172398,34,,,1
3301,'20260824',1012,,172401,34,,,1,100,,172402,34,,,1,100,,172403,34,,,1,102,,172404,34,,,1,108,,172405,34,,,1,105,,172406,34,,,1,100,,172408,34,,,1,112,,172411,34,,,1,93,,172413,34,,,1,192,,172420,34,,,1,185,,172424,34,,,1,149,,172428,34,,,1
3301,'20260825',1012,,172433,34,,,1,100,,172434,34,,,1,100,,172435,34,,,1,102,,172436,34,,,1,108,,172437,34,,,1,105,,172438,34,,,1,100,,172440,34,,,1,112,,172443,34,,,1,93,,172445,34,,,1,192,,172452,34,,,1,185,,172456,34,,,1,149,,172460,34,,,1
3301,'20260826',1012,,172465,34,,,1,100,,172466,34,,,1,100,,172467,34,,,1,102,,172468,34,,,1,108,,172469,34,,,1,105,,172470,34,,,1,100,,172472,34,,,1,112,,172475,34,,,1,93,,172477,34,,,1,192,,172484,34,,,1,185,,172488,34,,,1,149,,172492,34,,,1
3301,'20260827',1012,,172497,34,,,1,100,,172498,34,,,1,100,,172499,34,,,1,102,,172500,34,,,1,108,,172501,34,,,1,105,,172502,34,,,1,100,,172504,34,,,1,112,,172507,34,,,1,93,,172509,34,,,1,192,,172516,34,,,1,185,,172520,34,,,1,149,,172524,34,,,1
3301,'20260828',1012,,172529,34,,,1,100,,172530,34,,,1,100,,172531,34,,,1,102,,172532,34,,,1,108,,172533,34,,,1,105,,172534,34,,,1,100,,172536,34,,,1,112,,172539,34,,,1,93,,172541,34,,,1,192,,172548,34,,,1,185,,172552,34,,,1,149,,172556,34,,,1
3301,'20260829',1111,,172560,34,,,1,205,,172562,34,,,1,197,,172564,34,,,1,200,,172566,34,,,1,196,,172567,34,,,1,200,,172568,34,,,1,199,,172569,34,,,1,199,,172570,34,,,1
3301,'20260830',1111,,172572,34,,,1,205,,172574,34,,,1,197,,172576,34,,,1,200,,172578,34,,,1,196,,172579,34,,,1,200,,172580,34,,,1,199,,172581,34,,,1,199,,172582,34,,,1
3301,'20260831',1012,,172585,34,,,1,100,,172586,34,,,1,100,,172587,34,,,1,102,,172588,34,,,1,108,,172589,34,,,1,105,,172590,34,,,1,100,,172592,34,,,1,112,,172595,34,,,1,93,,172597,34,,,1,192,,172604,34,,,1,185,,172608,34,,,1,149,,172612,34,,,1
3301,'20260901',1012,,172617,34,,,1,100,,172618,34,,,1,100,,172619,34,,,1,102,,172620,34,,,1,108,,172621,34,,,1,105,,172622,34,,,1,100,,172624,34,,,1,112,,172627,34,,,1,93,,172629,34,,,1,192,,172636,34,,,1,185,,172640,34,,,1,149,,172644,34,,,1
3301,'20260902',1012,,172649,34,,,1,100,,172650,34,,,1,100,,172651,34,,,1,102,,172652,34,,,1,108,,172653,34,,,1,105,,172654,34,,,1,100,,172656,34,,,1,112,,172659,34,,,1,93,,172661,34,,,1,192,,172668,34,,,1,185,,172672,34,,,1,149,,172676,34,,,1
3301,'20260903',1012,,172681,34,,,1,100,,172682,34,,,1,100,,172683,34,,,1,102,,172684,34,,,1,108,,172685,34,,,1,105,,172686,34,,,1,100,,172688,34,,,1,112,,172691,34,,,1,93,,172693,34,,,1,192,,172700,34,,,1,185,,172704,34,,,1,149,,172708,34,,,1
3301,'20260904',1012,,172713,34,,,1,100,,172714,34,,,1,100,,172715,34,,,1,102,,172716,34,,,1,108,,172717,34,,,1,105,,172718,34,,,1,100,,172720,34,,,1,112,,172723,34,,,1,93,,172725,34,,,1,192,,172732,34,,,1,185,,172736,34,,,1,149,,172740,34,,,1
