2201,'20260506',738,,76591,19,,,1,97,,76592,19,,,1,202,,76593,19,,,1,200,,76594,19,,,1,200,,76595,19,,,1,204,,76596,19,,,1,195,,76597,19,,,1,200,,76598,19,,,1
2201,'20260507',738,,76599,19,,,1,97,,76600,19,,,1,202,,76601,19,,,1,200,,76602,19,,,1,200,,76603,19,,,1,204,,76604,19,,,1,195,,76605,19,,,1,200,,76606,19,,,1
2201,'20260508',738,,76607,19,,,1,97,,76608,19,,,1,202,,76609,19,,,1,200,,76610,19,,,1,200,,76611,19,,,1,204,,76612,19,,,1,195,,76613,19,,,1,200,,76614,19,,,1
2201,'20260511',738,,76615,19,,,1,97,,76616,19,,,1,202,,76617,19,,,1,200,,76618,19,,,1,200,,76619,19,,,1,204,,76620,19,,,1,195,,76621,19,,,1,200,,76622,19,,,1
2201,'20260512',738,,76623,19,,,1,97,,76624,19,,,1,202,,76625,19,,,1,200,,76626,19,,,1,200,,76627,19,,,1,204,,76628,19,,,1,195,,76629,19,,,1,200,,76630,19,,,1
2201,'20260513',738,,76631,19,,,1,97,,76632,19,,,1,202,,76633,19,,,1,200,,76634,19,,,1,200,,76635,19,,,1,204,,76636,19,,,1,195,,76637,19,,,1,200,,76638,19,,,1
2201,'20260514',738,,76639,19,,,1,97,,76640,19,,,1,202,,76641,19,,,1,200,,76642,19,,,1,200,,76643,19,,,1,204,,76644,19,,,1,195,,76645,19,,,1,200,,76646,19,,,1
2201,'20260515',738,,76647,19,,,1,97,,76648,19,,,1,202,,76649,19,,,1,200,,76650,19,,,1,200,,76651,19,,,1,204,,76652,19,,,1,195,,76653,19,,,1,200,,76654,19,,,1
2201,'20260519',738,,76655,19,,,1,97,,76656,19,,,1,202,,76657,19,,,1,200,,76658,19,,,1,200,,76659,19,,,1,204,,76660,19,,,1,195,,76661,19,,,1,200,,76662,19,,,1
2201,'20260520',738,,76663,19,,,1,97,,76664,19,,,1,202,,76665,19,,,1,200,,76666,19,,,1,200,,76667,19,,,1,204,,76668,19,,,1,195,,76669,19,,,1,200,,76670,19,,,1
2201,'20260521',738,,76671,19,,,1,97,,76672,19,,,1,202,,76673,19,,,1,200,,76674,19,,,1,200,,76675,19,,,1,204,,76676,19,,,1,195,,76677,19,,,1,200,,76678,19,,,1
2201,'20260522',738,,76679,19,,,1,97,,76680,19,,,1,202,,76681,19,,,1,200,,76682,19,,,1,200,,76683,19,,,1,204,,76684,19,,,1,195,,76685,19,,,1,200,,76686,19,,,1
2201,'20260525',738,,76687,19,,,1,97,,76688,19,,,1,202,,76689,19,,,1,200,,76690,19,,,1,200,,76691,19,,,1,204,,76692,19,,,1,195,,76693,19,,,1,200,,76694,19,,,1
2201,'20260526',738,,76695,19,,,1,97,,76696,19,,,1,202,,76697,19,,,1,200,,76698,19,,,1,200,,76699,19,,,1,204,,76700,19,,,1,195,,76701,19,,,1,200,,76702,19,,,1
2201,'20260527',738,,76703,19,,,1,97,,76704,19,,,1,202,,76705,19,,,1,200,,76706,19,,,1,200,,76707,19,,,1,204,,76708,19,,,1,195,,76709,19,,,1,200,,76710,19,,,1
2201,'20260528',738,,76711,19,,,1,97,,76712,19,,,1,202,,76713,19,,,1,200,,76714,19,,,1,200,,76715,19,,,1,204,,76716,19,,,1,195,,76717,19,,,1,200,,76718,19,,,1
2201,'20260529',738,,76719,19,,,1,97,,76720,19,,,1,202,,76721,19,,,1,200,,76722,19,,,1,200,,76723,19,,,1,204,,76724,19,,,1,195,,76725,19,,,1,200,,76726,19,,,1
2201,'20260601',738,,76727,19,,,1,97,,76728,19,,,1,202,,76729,19,,,1,200,,76730,19,,,1,200,,76731,19,,,1,204,,76732,19,,,1,195,,76733,19,,,1,200,,76734,19,,,1
2201,'20260602',738,,76735,19,,,1,97,,76736,19,,,1,202,,76737,19,,,1,200,,76738,19,,,1,200,,76739,19,,,1,204,,76740,19,,,1,195,,76741,19,,,1,200,,76742,19,,,1
2201,'20260603',738,,76743,19,,,1,97,,76744,19,,,1,202,,76745,19,,,1,200,,76746,19,,,1,200,,76747,19,,,1,204,,76748,19,,,1,195,,76749,19,,,1,200,,76750,19,,,1
2201,'20260604',738,,76751,19,,,1,97,,76752,19,,,1,202,,76753,19,,,1,200,,76754,19,,,1,200,,76755,19,,,1,204,,76756,19,,,1,195,,76757,19,,,1,200,,76758,19,,,1
2201,'20260605',738,,76759,19,,,1,97,,76760,19,,,1,202,,76761,19,,,1,200,,76762,19,,,1,200,,76763,19,,,1,204,,76764,19,,,1,195,,76765,19,,,1,200,,76766,19,,,1
2201,'20260608',738,,76767,19,,,1,97,,76768,19,,,1,202,,76769,19,,,1,200,,76770,19,,,1,200,,76771,19,,,1,204,,76772,19,,,1,195,,76773,19,,,1,200,,76774,19,,,1
2201,'20260609',738,,76775,19,,,1,97,,76776,19,,,1,202,,76777,19,,,1,200,,76778,19,,,1,200,,76779,19,,,1,204,,76780,19,,,1,195,,76781,19,,,1,200,,76782,19,,,1
2201,'20260610',738,,76783,19,,,1,97,,76784,19,,,1,202,,76785,19,,,1,200,,76786,19,,,1,200,,76787,19,,,1,204,,76788,19,,,1,195,,76789,19,,,1,200,,76790,19,,,1
2201,'20260611',738,,76791,19,,,1,97,,76792,19,,,1,202,,76793,19,,,1,200,,76794,19,,,1,200,,76795,19,,,1,204,,76796,19,,,1,195,,76797,19,,,1,200,,76798,19,,,1
2201,'20260612',738,,76799,19,,,1,97,,76800,19,,,1,202,,76801,19,,,1,200,,76802,19,,,1,200,,76803,19,,,1,204,,76804,19,,,1,195,,76805,19,,,1,200,,76806,19,,,1
5601,'20260506',614,,108006,28,0,56 9,1,45,,108007,11,0,5 56 9,1,55,,108008,28,0,56 9,1,15,,108009,11,0,5 56 9,1,17,,108010,28,0,56 9,1,55,,108011,11,0,5 56 9,1,15,,108012,28,0,56 9,1,30,,108013,28,0,56 9,1,70,,108014,28,0,56 9,1,35,,108015,28,0,56 9,1,68,,108016,28,0,56 9,1,30,,108017,28,0,56 9,1,75,,108018,28,0,56 9,1,30,,108019,28,0,56 9,1,70,,108020,28,0,56 9,1,30,,108021,28,0,56 9,1,70,,108022,28,0,56 9,1,25,,108023,28,0,56 9,1,70,,108024,28,0,56 9,1,30,,108025,28,0,56 9,1,70,,108026,28,0,56 9,1,30,,108027,28,0,56 9,1,70,,108028,28,0,56 9,1,82,,108029,28,0,56 9,1,20,,108030,28,0,56 9,1,35,,108031,28,0,56 9,1,70,,108032,28,0,56 9,1,30,,108034,28,0,56 9,1,65,,108035,28,0,56 9,1,30,,108037,28,0,56 9,1,65,,108038,28,0,56 9,1,30,,108039,28,0,56 9,1,83,,108040,28,0,56 9,1,85,,108041,28,0,56 9,1,100,,108042,28,0,56 9,1,200,,108043,28,0,56 9,1
5601,'20260507',614,,108044,28,0,56 9,1,45,,108045,11,0,5 56 9,1,55,,108046,28,0,56 9,1,15,,108047,11,0,5 56 9,1,17,,108048,28,0,56 9,1,55,,108049,11,0,5 56 9,1,15,,108050,28,0,56 9,1,30,,108051,28,0,56 9,1,70,,108052,28,0,56 9,1,35,,108053,28,0,56 9,1,68,,108054,28,0,56 9,1,30,,108055,28,0,56 9,1,75,,108056,28,0,56 9,1,30,,108057,28,0,56 9,1,70,,108058,28,0,56 9,1,30,,108059,28,0,56 9,1,70,,108060,28,0,56 9,1,25,,108061,28,0,56 9,1,70,,108062,28,0,56 9,1,30,,108063,28,0,56 9,1,70,,108064,28,0,56 9,1,30,,108065,28,0,56 9,1,70,,108066,28,0,56 9,1,82,,108067,28,0,56 9,1,20,,108068,28,0,56 9,1,35,,108069,28,0,56 9,1,70,,108070,28,0,56 9,1,30,,108072,28,0,56 9,1,65,,108073,28,0,56 9,1,30,,108075,28,0,56 9,1,65,,108076,28,0,56 9,1,30,,108077,28,0,56 9,1,83,,108078,28,0,56 9,1,85,,108079,28,0,56 9,1,100,,108080,28,0,56 9,1,200,,108081,28,0,56 9,1
5601,'20260508',614,,108082,28,0,56 9,1,45,,108083,11,0,5 56 9,1,55,,108084,28,0,56 9,1,15,,108085,11,0,5 56 9,1,17,,108086,28,0,56 9,1,55,,108087,11,0,5 56 9,1,15,,108088,28,0,56 9,1,30,,108089,28,0,56 9,1,70,,108090,28,0,56 9,1,35,,108091,28,0,56 9,1,68,,108092,28,0,56 9,1,30,,108093,28,0,56 9,1,75,,108094,28,0,56 9,1,30,,108095,28,0,56 9,1,70,,108096,28,0,56 9,1,30,,108097,28,0,56 9,1,70,,108098,28,0,56 9,1,25,,108099,28,0,56 9,1,70,,108100,28,0,56 9,1,30,,108101,28,0,56 9,1,70,,108102,28,0,56 9,1,30,,108103,28,0,56 9,1,70,,108104,28,0,56 9,1,82,,108105,28,0,56 9,1,20,,108106,28,0,56 9,1,35,,108107,28,0,56 9,1,70,,108108,28,0,56 9,1,30,,108110,28,0,56 9,1,65,,108111,28,0,56 9,1,30,,108113,28,0,56 9,1,65,,108114,28,0,56 9,1,30,,108115,28,0,56 9,1,83,,108116,28,0,56 9,1,85,,108117,28,0,56 9,1,100,,108118,28,0,56 9,1,200,,108119,28,0,56 9,1
5601,'20260511',614,,108120,28,0,56 9,1,45,,108121,11,0,5 56 9,1,55,,108122,28,0,56 9,1,15,,108123,11,0,5 56 9,1,17,,108124,28,0,56 9,1,55,,108125,11,0,5 56 9,1,15,,108126,28,0,56 9,1,30,,108127,28,0,56 9,1,70,,108128,28,0,56 9,1,35,,108129,28,0,56 9,1,68,,108130,28,0,56 9,1,30,,108131,28,0,56 9,1,75,,108132,28,0,56 9,1,30,,108133,28,0,56 9,1,70,,108134,28,0,56 9,1,30,,108135,28,0,56 9,1,70,,108136,28,0,56 9,1,25,,108137,28,0,56 9,1,70,,108138,28,0,56 9,1,30,,108139,28,0,56 9,1,70,,108140,28,0,56 9,1,30,,108141,28,0,56 9,1,70,,108142,28,0,56 9,1,82,,108143,28,0,56 9,1,20,,108144,28,0,56 9,1,35,,108145,28,0,56 9,1,70,,108146,28,0,56 9,1,30,,108148,28,0,56 9,1,65,,108149,28,0,56 9,1,30,,108151,28,0,56 9,1,65,,108152,28,0,56 9,1,30,,108153,28,0,56 9,1,83,,108154,28,0,56 9,1,85,,108155,28,0,56 9,1,100,,108156,28,0,56 9,1,200,,108157,28,0,56 9,1
5601,'20260512',614,,108158,28,0,56 9,1,45,,108159,11,0,5 56 9,1,55,,108160,28,0,56 9,1,15,,108161,11,0,5 56 9,1,17,,108162,28,0,56 9,1,55,,108163,11,0,5 56 9,1,15,,108164,28,0,56 9,1,30,,108165,28,0,56 9,1,70,,108166,28,0,56 9,1,35,,108167,28,0,56 9,1,68,,108168,28,0,56 9,1,30,,108169,28,0,56 9,1,75,,108170,28,0,56 9,1,30,,108171,28,0,56 9,1,70,,108172,28,0,56 9,1,30,,108173,28,0,56 9,1,70,,108174,28,0,56 9,1,25,,108175,28,0,56 9,1,70,,108176,28,0,56 9,1,30,,108177,28,0,56 9,1,70,,108178,28,0,56 9,1,30,,108179,28,0,56 9,1,70,,108180,28,0,56 9,1,82,,108181,28,0,56 9,1,20,,108182,28,0,56 9,1,35,,108183,28,0,56 9,1,70,,108184,28,0,56 9,1,30,,108186,28,0,56 9,1,65,,108187,28,0,56 9,1,30,,108189,28,0,56 9,1,65,,108190,28,0,56 9,1,30,,108191,28,0,56 9,1,83,,108192,28,0,56 9,1,85,,108193,28,0,56 9,1,100,,108194,28,0,56 9,1,200,,108195,28,0,56 9,1
5601,'20260513',614,,108196,28,0,56 9,1,45,,108197,11,0,5 56 9,1,55,,108198,28,0,56 9,1,15,,108199,11,0,5 56 9,1,17,,108200,28,0,56 9,1,55,,108201,11,0,5 56 9,1,15,,108202,28,0,56 9,1,30,,108203,28,0,56 9,1,70,,108204,28,0,56 9,1,35,,108205,28,0,56 9,1,68,,108206,28,0,56 9,1,30,,108207,28,0,56 9,1,75,,108208,28,0,56 9,1,30,,108209,28,0,56 9,1,70,,108210,28,0,56 9,1,30,,108211,28,0,56 9,1,70,,108212,28,0,56 9,1,25,,108213,28,0,56 9,1,70,,108214,28,0,56 9,1,30,,108215,28,0,56 9,1,70,,108216,28,0,56 9,1,30,,108217,28,0,56 9,1,70,,108218,28,0,56 9,1,82,,108219,28,0,56 9,1,20,,108220,28,0,56 9,1,35,,108221,28,0,56 9,1,70,,108222,28,0,56 9,1,30,,108224,28,0,56 9,1,65,,108225,28,0,56 9,1,30,,108227,28,0,56 9,1,65,,108228,28,0,56 9,1,30,,108229,28,0,56 9,1,83,,108230,28,0,56 9,1,85,,108231,28,0,56 9,1,100,,108232,28,0,56 9,1,200,,108233,28,0,56 9,1
5601,'20260514',614,,108234,28,0,56 9,1,45,,108235,11,0,5 56 9,1,55,,108236,28,0,56 9,1,15,,108237,11,0,5 56 9,1,17,,108238,28,0,56 9,1,55,,108239,11,0,5 56 9,1,15,,108240,28,0,56 9,1,30,,108241,28,0,56 9,1,70,,108242,28,0,56 9,1,35,,108243,28,0,56 9,1,68,,108244,28,0,56 9,1,30,,108245,28,0,56 9,1,75,,108246,28,0,56 9,1,30,,108247,28,0,56 9,1,70,,108248,28,0,56 9,1,30,,108249,28,0,56 9,1,70,,108250,28,0,56 9,1,25,,108251,28,0,56 9,1,70,,108252,28,0,56 9,1,30,,108253,28,0,56 9,1,70,,108254,28,0,56 9,1,30,,108255,28,0,56 9,1,70,,108256,28,0,56 9,1,82,,108257,28,0,56 9,1,20,,108258,28,0,56 9,1,35,,108259,28,0,56 9,1,70,,108260,28,0,56 9,1,30,,108262,28,0,56 9,1,65,,108263,28,0,56 9,1,30,,108265,28,0,56 9,1,65,,108266,28,0,56 9,1,30,,108267,28,0,56 9,1,83,,108268,28,0,56 9,1,85,,108269,28,0,56 9,1,100,,108270,28,0,56 9,1,200,,108271,28,0,56 9,1
5601,'20260515',614,,108272,28,0,56 9,1,45,,108273,11,0,5 56 9,1,55,,108274,28,0,56 9,1,15,,108275,11,0,5 56 9,1,17,,108276,28,0,56 9,1,55,,108277,11,0,5 56 9,1,15,,108278,28,0,56 9,1,30,,108279,28,0,56 9,1,70,,108280,28,0,56 9,1,35,,108281,28,0,56 9,1,68,,108282,28,0,56 9,1,30,,108283,28,0,56 9,1,75,,108284,28,0,56 9,1,30,,108285,28,0,56 9,1,70,,108286,28,0,56 9,1,30,,108287,28,0,56 9,1,70,,108288,28,0,56 9,1,25,,108289,28,0,56 9,1,70,,108290,28,0,56 9,1,30,,108291,28,0,56 9,1,70,,108292,28,0,56 9,1,30,,108293,28,0,56 9,1,70,,108294,28,0,56 9,1,82,,108295,28,0,56 9,1,20,,108296,28,0,56 9,1,35,,108297,28,0,56 9,1,70,,108298,28,0,56 9,1,30,,108300,28,0,56 9,1,65,,108301,28,0,56 9,1,30,,108303,28,0,56 9,1,65,,108304,28,0,56 9,1,30,,108305,28,0,56 9,1,83,,108306,28,0,56 9,1,85,,108307,28,0,56 9,1,100,,108308,28,0,56 9,1,200,,108309,28,0,56 9,1
5601,'20260519',614,,108310,28,0,56 9,1,45,,108311,11,0,5 56 9,1,55,,108312,28,0,56 9,1,15,,108313,11,0,5 56 9,1,17,,108314,28,0,56 9,1,55,,108315,11,0,5 56 9,1,15,,108316,28,0,56 9,1,30,,108317,28,0,56 9,1,70,,108318,28,0,56 9,1,35,,108319,28,0,56 9,1,68,,108320,28,0,56 9,1,30,,108321,28,0,56 9,1,75,,108322,28,0,56 9,1,30,,108323,28,0,56 9,1,70,,108324,28,0,56 9,1,30,,108325,28,0,56 9,1,70,,108326,28,0,56 9,1,25,,108327,28,0,56 9,1,70,,108328,28,0,56 9,1,30,,108329,28,0,56 9,1,70,,108330,28,0,56 9,1,30,,108331,28,0,56 9,1,70,,108332,28,0,56 9,1,82,,108333,28,0,56 9,1,20,,108334,28,0,56 9,1,35,,108335,28,0,56 9,1,70,,108336,28,0,56 9,1,30,,108338,28,0,56 9,1,65,,108339,28,0,56 9,1,30,,108341,28,0,56 9,1,65,,108342,28,0,56 9,1,30,,108343,28,0,56 9,1,83,,108344,28,0,56 9,1,85,,108345,28,0,56 9,1,100,,108346,28,0,56 9,1,200,,108347,28,0,56 9,1
5601,'20260520',614,,108348,28,0,56 9,1,45,,108349,11,0,5 56 9,1,55,,108350,28,0,56 9,1,15,,108351,11,0,5 56 9,1,17,,108352,28,0,56 9,1,55,,108353,11,0,5 56 9,1,15,,108354,28,0,56 9,1,30,,108355,28,0,56 9,1,70,,108356,28,0,56 9,1,35,,108357,28,0,56 9,1,68,,108358,28,0,56 9,1,30,,108359,28,0,56 9,1,75,,108360,28,0,56 9,1,30,,108361,28,0,56 9,1,70,,108362,28,0,56 9,1,30,,108363,28,0,56 9,1,70,,108364,28,0,56 9,1,25,,108365,28,0,56 9,1,70,,108366,28,0,56 9,1,30,,108367,28,0,56 9,1,70,,108368,28,0,56 9,1,30,,108369,28,0,56 9,1,70,,108370,28,0,56 9,1,82,,108371,28,0,56 9,1,20,,108372,28,0,56 9,1,35,,108373,28,0,56 9,1,70,,108374,28,0,56 9,1,30,,108376,28,0,56 9,1,65,,108377,28,0,56 9,1,30,,108379,28,0,56 9,1,65,,108380,28,0,56 9,1,30,,108381,28,0,56 9,1,83,,108382,28,0,56 9,1,85,,108383,28,0,56 9,1,100,,108384,28,0,56 9,1,200,,108385,28,0,56 9,1
5601,'20260521',614,,108386,28,0,56 9,1,45,,108387,11,0,5 56 9,1,55,,108388,28,0,56 9,1,15,,108389,11,0,5 56 9,1,17,,108390,28,0,56 9,1,55,,108391,11,0,5 56 9,1,15,,108392,28,0,56 9,1,30,,108393,28,0,56 9,1,70,,108394,28,0,56 9,1,35,,108395,28,0,56 9,1,68,,108396,28,0,56 9,1,30,,108397,28,0,56 9,1,75,,108398,28,0,56 9,1,30,,108399,28,0,56 9,1,70,,108400,28,0,56 9,1,30,,108401,28,0,56 9,1,70,,108402,28,0,56 9,1,25,,108403,28,0,56 9,1,70,,108404,28,0,56 9,1,30,,108405,28,0,56 9,1,70,,108406,28,0,56 9,1,30,,108407,28,0,56 9,1,70,,108408,28,0,56 9,1,82,,108409,28,0,56 9,1,20,,108410,28,0,56 9,1,35,,108411,28,0,56 9,1,70,,108412,28,0,56 9,1,30,,108414,28,0,56 9,1,65,,108415,28,0,56 9,1,30,,108417,28,0,56 9,1,65,,108418,28,0,56 9,1,30,,108419,28,0,56 9,1,83,,108420,28,0,56 9,1,85,,108421,28,0,56 9,1,100,,108422,28,0,56 9,1,200,,108423,28,0,56 9,1
5601,'20260522',614,,108424,28,0,56 9,1,45,,108425,11,0,5 56 9,1,55,,108426,28,0,56 9,1,15,,108427,11,0,5 56 9,1,17,,108428,28,0,56 9,1,55,,108429,11,0,5 56 9,1,15,,108430,28,0,56 9,1,30,,108431,28,0,56 9,1,70,,108432,28,0,56 9,1,35,,108433,28,0,56 9,1,68,,108434,28,0,56 9,1,30,,108435,28,0,56 9,1,75,,108436,28,0,56 9,1,30,,108437,28,0,56 9,1,70,,108438,28,0,56 9,1,30,,108439,28,0,56 9,1,70,,108440,28,0,56 9,1,25,,108441,28,0,56 9,1,70,,108442,28,0,56 9,1,30,,108443,28,0,56 9,1,70,,108444,28,0,56 9,1,30,,108445,28,0,56 9,1,70,,108446,28,0,56 9,1,82,,108447,28,0,56 9,1,20,,108448,28,0,56 9,1,35,,108449,28,0,56 9,1,70,,108450,28,0,56 9,1,30,,108452,28,0,56 9,1,65,,108453,28,0,56 9,1,30,,108455,28,0,56 9,1,65,,108456,28,0,56 9,1,30,,108457,28,0,56 9,1,83,,108458,28,0,56 9,1,85,,108459,28,0,56 9,1,100,,108460,28,0,56 9,1,200,,108461,28,0,56 9,1
5601,'20260525',614,,108462,28,0,56 9,1,45,,108463,11,0,5 56 9,1,55,,108464,28,0,56 9,1,15,,108465,11,0,5 56 9,1,17,,108466,28,0,56 9,1,55,,108467,11,0,5 56 9,1,15,,108468,28,0,56 9,1,30,,108469,28,0,56 9,1,70,,108470,28,0,56 9,1,35,,108471,28,0,56 9,1,68,,108472,28,0,56 9,1,30,,108473,28,0,56 9,1,75,,108474,28,0,56 9,1,30,,108475,28,0,56 9,1,70,,108476,28,0,56 9,1,30,,108477,28,0,56 9,1,70,,108478,28,0,56 9,1,25,,108479,28,0,56 9,1,70,,108480,28,0,56 9,1,30,,108481,28,0,56 9,1,70,,108482,28,0,56 9,1,30,,108483,28,0,56 9,1,70,,108484,28,0,56 9,1,82,,108485,28,0,56 9,1,20,,108486,28,0,56 9,1,35,,108487,28,0,56 9,1,70,,108488,28,0,56 9,1,30,,108490,28,0,56 9,1,65,,108491,28,0,56 9,1,30,,108493,28,0,56 9,1,65,,108494,28,0,56 9,1,30,,108495,28,0,56 9,1,83,,108496,28,0,56 9,1,85,,108497,28,0,56 9,1,100,,108498,28,0,56 9,1,200,,108499,28,0,56 9,1
5601,'20260526',614,,108500,28,0,56 9,1,45,,108501,11,0,5 56 9,1,55,,108502,28,0,56 9,1,15,,108503,11,0,5 56 9,1,17,,108504,28,0,56 9,1,55,,108505,11,0,5 56 9,1,15,,108506,28,0,56 9,1,30,,108507,28,0,56 9,1,70,,108508,28,0,56 9,1,35,,108509,28,0,56 9,1,68,,108510,28,0,56 9,1,30,,108511,28,0,56 9,1,75,,108512,28,0,56 9,1,30,,108513,28,0,56 9,1,70,,108514,28,0,56 9,1,30,,108515,28,0,56 9,1,70,,108516,28,0,56 9,1,25,,108517,28,0,56 9,1,70,,108518,28,0,56 9,1,30,,108519,28,0,56 9,1,70,,108520,28,0,56 9,1,30,,108521,28,0,56 9,1,70,,108522,28,0,56 9,1,82,,108523,28,0,56 9,1,20,,108524,28,0,56 9,1,35,,108525,28,0,56 9,1,70,,108526,28,0,56 9,1,30,,108528,28,0,56 9,1,65,,108529,28,0,56 9,1,30,,108531,28,0,56 9,1,65,,108532,28,0,56 9,1,30,,108533,28,0,56 9,1,83,,108534,28,0,56 9,1,85,,108535,28,0,56 9,1,100,,108536,28,0,56 9,1,200,,108537,28,0,56 9,1
5601,'20260527',614,,108538,28,0,56 9,1,45,,108539,11,0,5 56 9,1,55,,108540,28,0,56 9,1,15,,108541,11,0,5 56 9,1,17,,108542,28,0,56 9,1,55,,108543,11,0,5 56 9,1,15,,108544,28,0,56 9,1,30,,108545,28,0,56 9,1,70,,108546,28,0,56 9,1,35,,108547,28,0,56 9,1,68,,108548,28,0,56 9,1,30,,108549,28,0,56 9,1,75,,108550,28,0,56 9,1,30,,108551,28,0,56 9,1,70,,108552,28,0,56 9,1,30,,108553,28,0,56 9,1,70,,108554,28,0,56 9,1,25,,108555,28,0,56 9,1,70,,108556,28,0,56 9,1,30,,108557,28,0,56 9,1,70,,108558,28,0,56 9,1,30,,108559,28,0,56 9,1,70,,108560,28,0,56 9,1,82,,108561,28,0,56 9,1,20,,108562,28,0,56 9,1,35,,108563,28,0,56 9,1,70,,108564,28,0,56 9,1,30,,108566,28,0,56 9,1,65,,108567,28,0,56 9,1,30,,108569,28,0,56 9,1,65,,108570,28,0,56 9,1,30,,108571,28,0,56 9,1,83,,108572,28,0,56 9,1,85,,108573,28,0,56 9,1,100,,108574,28,0,56 9,1,200,,108575,28,0,56 9,1
5601,'20260528',614,,108576,28,0,56 9,1,45,,108577,11,0,5 56 9,1,55,,108578,28,0,56 9,1,15,,108579,11,0,5 56 9,1,17,,108580,28,0,56 9,1,55,,108581,11,0,5 56 9,1,15,,108582,28,0,56 9,1,30,,108583,28,0,56 9,1,70,,108584,28,0,56 9,1,35,,108585,28,0,56 9,1,68,,108586,28,0,56 9,1,30,,108587,28,0,56 9,1,75,,108588,28,0,56 9,1,30,,108589,28,0,56 9,1,70,,108590,28,0,56 9,1,30,,108591,28,0,56 9,1,70,,108592,28,0,56 9,1,25,,108593,28,0,56 9,1,70,,108594,28,0,56 9,1,30,,108595,28,0,56 9,1,70,,108596,28,0,56 9,1,30,,108597,28,0,56 9,1,70,,108598,28,0,56 9,1,82,,108599,28,0,56 9,1,20,,108600,28,0,56 9,1,35,,108601,28,0,56 9,1,70,,108602,28,0,56 9,1,30,,108604,28,0,56 9,1,65,,108605,28,0,56 9,1,30,,108607,28,0,56 9,1,65,,108608,28,0,56 9,1,30,,108609,28,0,56 9,1,83,,108610,28,0,56 9,1,85,,108611,28,0,56 9,1,100,,108612,28,0,56 9,1,200,,108613,28,0,56 9,1
5601,'20260529',614,,108614,28,0,56 9,1,45,,108615,11,0,5 56 9,1,55,,108616,28,0,56 9,1,15,,108617,11,0,5 56 9,1,17,,108618,28,0,56 9,1,55,,108619,11,0,5 56 9,1,15,,108620,28,0,56 9,1,30,,108621,28,0,56 9,1,70,,108622,28,0,56 9,1,35,,108623,28,0,56 9,1,68,,108624,28,0,56 9,1,30,,108625,28,0,56 9,1,75,,108626,28,0,56 9,1,30,,108627,28,0,56 9,1,70,,108628,28,0,56 9,1,30,,108629,28,0,56 9,1,70,,108630,28,0,56 9,1,25,,108631,28,0,56 9,1,70,,108632,28,0,56 9,1,30,,108633,28,0,56 9,1,70,,108634,28,0,56 9,1,30,,108635,28,0,56 9,1,70,,108636,28,0,56 9,1,82,,108637,28,0,56 9,1,20,,108638,28,0,56 9,1,35,,108639,28,0,56 9,1,70,,108640,28,0,56 9,1,30,,108642,28,0,56 9,1,65,,108643,28,0,56 9,1,30,,108645,28,0,56 9,1,65,,108646,28,0,56 9,1,30,,108647,28,0,56 9,1,83,,108648,28,0,56 9,1,85,,108649,28,0,56 9,1,100,,108650,28,0,56 9,1,200,,108651,28,0,56 9,1
5601,'20260601',614,,108652,28,0,56 9,1,45,,108653,11,0,5 56 9,1,55,,108654,28,0,56 9,1,15,,108655,11,0,5 56 9,1,17,,108656,28,0,56 9,1,55,,108657,11,0,5 56 9,1,15,,108658,28,0,56 9,1,30,,108659,28,0,56 9,1,70,,108660,28,0,56 9,1,35,,108661,28,0,56 9,1,68,,108662,28,0,56 9,1,30,,108663,28,0,56 9,1,75,,108664,28,0,56 9,1,30,,108665,28,0,56 9,1,70,,108666,28,0,56 9,1,30,,108667,28,0,56 9,1,70,,108668,28,0,56 9,1,25,,108669,28,0,56 9,1,70,,108670,28,0,56 9,1,30,,108671,28,0,56 9,1,70,,108672,28,0,56 9,1,30,,108673,28,0,56 9,1,70,,108674,28,0,56 9,1,82,,108675,28,0,56 9,1,20,,108676,28,0,56 9,1,35,,108677,28,0,56 9,1,70,,108678,28,0,56 9,1,30,,108680,28,0,56 9,1,65,,108681,28,0,56 9,1,30,,108683,28,0,56 9,1,65,,108684,28,0,56 9,1,30,,108685,28,0,56 9,1,83,,108686,28,0,56 9,1,85,,108687,28,0,56 9,1,100,,108688,28,0,56 9,1,200,,108689,28,0,56 9,1
5601,'20260602',614,,108690,28,0,56 9,1,45,,108691,11,0,5 56 9,1,55,,108692,28,0,56 9,1,15,,108693,11,0,5 56 9,1,17,,108694,28,0,56 9,1,55,,108695,11,0,5 56 9,1,15,,108696,28,0,56 9,1,30,,108697,28,0,56 9,1,70,,108698,28,0,56 9,1,35,,108699,28,0,56 9,1,68,,108700,28,0,56 9,1,30,,108701,28,0,56 9,1,75,,108702,28,0,56 9,1,30,,108703,28,0,56 9,1,70,,108704,28,0,56 9,1,30,,108705,28,0,56 9,1,70,,108706,28,0,56 9,1,25,,108707,28,0,56 9,1,70,,108708,28,0,56 9,1,30,,108709,28,0,56 9,1,70,,108710,28,0,56 9,1,30,,108711,28,0,56 9,1,70,,108712,28,0,56 9,1,82,,108713,28,0,56 9,1,20,,108714,28,0,56 9,1,35,,108715,28,0,56 9,1,70,,108716,28,0,56 9,1,30,,108718,28,0,56 9,1,65,,108719,28,0,56 9,1,30,,108721,28,0,56 9,1,65,,108722,28,0,56 9,1,30,,108723,28,0,56 9,1,83,,108724,28,0,56 9,1,85,,108725,28,0,56 9,1,100,,108726,28,0,56 9,1,200,,108727,28,0,56 9,1
5601,'20260603',614,,108728,28,0,56 9,1,45,,108729,11,0,5 56 9,1,55,,108730,28,0,56 9,1,15,,108731,11,0,5 56 9,1,17,,108732,28,0,56 9,1,55,,108733,11,0,5 56 9,1,15,,108734,28,0,56 9,1,30,,108735,28,0,56 9,1,70,,108736,28,0,56 9,1,35,,108737,28,0,56 9,1,68,,108738,28,0,56 9,1,30,,108739,28,0,56 9,1,75,,108740,28,0,56 9,1,30,,108741,28,0,56 9,1,70,,108742,28,0,56 9,1,30,,108743,28,0,56 9,1,70,,108744,28,0,56 9,1,25,,108745,28,0,56 9,1,70,,108746,28,0,56 9,1,30,,108747,28,0,56 9,1,70,,108748,28,0,56 9,1,30,,108749,28,0,56 9,1,70,,108750,28,0,56 9,1,82,,108751,28,0,56 9,1,20,,108752,28,0,56 9,1,35,,108753,28,0,56 9,1,70,,108754,28,0,56 9,1,30,,108756,28,0,56 9,1,65,,108757,28,0,56 9,1,30,,108759,28,0,56 9,1,65,,108760,28,0,56 9,1,30,,108761,28,0,56 9,1,83,,108762,28,0,56 9,1,85,,108763,28,0,56 9,1,100,,108764,28,0,56 9,1,200,,108765,28,0,56 9,1
5601,'20260604',614,,108766,28,0,56 9,1,45,,108767,11,0,5 56 9,1,55,,108768,28,0,56 9,1,15,,108769,11,0,5 56 9,1,17,,108770,28,0,56 9,1,55,,108771,11,0,5 56 9,1,15,,108772,28,0,56 9,1,30,,108773,28,0,56 9,1,70,,108774,28,0,56 9,1,35,,108775,28,0,56 9,1,68,,108776,28,0,56 9,1,30,,108777,28,0,56 9,1,75,,108778,28,0,56 9,1,30,,108779,28,0,56 9,1,70,,108780,28,0,56 9,1,30,,108781,28,0,56 9,1,70,,108782,28,0,56 9,1,25,,108783,28,0,56 9,1,70,,108784,28,0,56 9,1,30,,108785,28,0,56 9,1,70,,108786,28,0,56 9,1,30,,108787,28,0,56 9,1,70,,108788,28,0,56 9,1,82,,108789,28,0,56 9,1,20,,108790,28,0,56 9,1,35,,108791,28,0,56 9,1,70,,108792,28,0,56 9,1,30,,108794,28,0,56 9,1,65,,108795,28,0,56 9,1,30,,108797,28,0,56 9,1,65,,108798,28,0,56 9,1,30,,108799,28,0,56 9,1,83,,108800,28,0,56 9,1,85,,108801,28,0,56 9,1,100,,108802,28,0,56 9,1,200,,108803,28,0,56 9,1
5601,'20260605',614,,108804,28,0,56 9,1,45,,108805,11,0,5 56 9,1,55,,108806,28,0,56 9,1,15,,108807,11,0,5 56 9,1,17,,108808,28,0,56 9,1,55,,108809,11,0,5 56 9,1,15,,108810,28,0,56 9,1,30,,108811,28,0,56 9,1,70,,108812,28,0,56 9,1,35,,108813,28,0,56 9,1,68,,108814,28,0,56 9,1,30,,108815,28,0,56 9,1,75,,108816,28,0,56 9,1,30,,108817,28,0,56 9,1,70,,108818,28,0,56 9,1,30,,108819,28,0,56 9,1,70,,108820,28,0,56 9,1,25,,108821,28,0,56 9,1,70,,108822,28,0,56 9,1,30,,108823,28,0,56 9,1,70,,108824,28,0,56 9,1,30,,108825,28,0,56 9,1,70,,108826,28,0,56 9,1,82,,108827,28,0,56 9,1,20,,108828,28,0,56 9,1,35,,108829,28,0,56 9,1,70,,108830,28,0,56 9,1,30,,108832,28,0,56 9,1,65,,108833,28,0,56 9,1,30,,108835,28,0,56 9,1,65,,108836,28,0,56 9,1,30,,108837,28,0,56 9,1,83,,108838,28,0,56 9,1,85,,108839,28,0,56 9,1,100,,108840,28,0,56 9,1,200,,108841,28,0,56 9,1
5601,'20260608',614,,108842,28,0,56 9,1,45,,108843,11,0,5 56 9,1,55,,108844,28,0,56 9,1,15,,108845,11,0,5 56 9,1,17,,108846,28,0,56 9,1,55,,108847,11,0,5 56 9,1,15,,108848,28,0,56 9,1,30,,108849,28,0,56 9,1,70,,108850,28,0,56 9,1,35,,108851,28,0,56 9,1,68,,108852,28,0,56 9,1,30,,108853,28,0,56 9,1,75,,108854,28,0,56 9,1,30,,108855,28,0,56 9,1,70,,108856,28,0,56 9,1,30,,108857,28,0,56 9,1,70,,108858,28,0,56 9,1,25,,108859,28,0,56 9,1,70,,108860,28,0,56 9,1,30,,108861,28,0,56 9,1,70,,108862,28,0,56 9,1,30,,108863,28,0,56 9,1,70,,108864,28,0,56 9,1,82,,108865,28,0,56 9,1,20,,108866,28,0,56 9,1,35,,108867,28,0,56 9,1,70,,108868,28,0,56 9,1,30,,108870,28,0,56 9,1,65,,108871,28,0,56 9,1,30,,108873,28,0,56 9,1,65,,108874,28,0,56 9,1,30,,108875,28,0,56 9,1,83,,108876,28,0,56 9,1,85,,108877,28,0,56 9,1,100,,108878,28,0,56 9,1,200,,108879,28,0,56 9,1
5601,'20260609',614,,108880,28,0,56 9,1,45,,108881,11,0,5 56 9,1,55,,108882,28,0,56 9,1,15,,108883,11,0,5 56 9,1,17,,108884,28,0,56 9,1,55,,108885,11,0,5 56 9,1,15,,108886,28,0,56 9,1,30,,108887,28,0,56 9,1,70,,108888,28,0,56 9,1,35,,108889,28,0,56 9,1,68,,108890,28,0,56 9,1,30,,108891,28,0,56 9,1,75,,108892,28,0,56 9,1,30,,108893,28,0,56 9,1,70,,108894,28,0,56 9,1,30,,108895,28,0,56 9,1,70,,108896,28,0,56 9,1,25,,108897,28,0,56 9,1,70,,108898,28,0,56 9,1,30,,108899,28,0,56 9,1,70,,108900,28,0,56 9,1,30,,108901,28,0,56 9,1,70,,108902,28,0,56 9,1,82,,108903,28,0,56 9,1,20,,108904,28,0,56 9,1,35,,108905,28,0,56 9,1,70,,108906,28,0,56 9,1,30,,108908,28,0,56 9,1,65,,108909,28,0,56 9,1,30,,108911,28,0,56 9,1,65,,108912,28,0,56 9,1,30,,108913,28,0,56 9,1,83,,108914,28,0,56 9,1,85,,108915,28,0,56 9,1,100,,108916,28,0,56 9,1,200,,108917,28,0,56 9,1
5601,'20260610',614,,108918,28,0,56 9,1,45,,108919,11,0,5 56 9,1,55,,108920,28,0,56 9,1,15,,108921,11,0,5 56 9,1,17,,108922,28,0,56 9,1,55,,108923,11,0,5 56 9,1,15,,108924,28,0,56 9,1,30,,108925,28,0,56 9,1,70,,108926,28,0,56 9,1,35,,108927,28,0,56 9,1,68,,108928,28,0,56 9,1,30,,108929,28,0,56 9,1,75,,108930,28,0,56 9,1,30,,108931,28,0,56 9,1,70,,108932,28,0,56 9,1,30,,108933,28,0,56 9,1,70,,108934,28,0,56 9,1,25,,108935,28,0,56 9,1,70,,108936,28,0,56 9,1,30,,108937,28,0,56 9,1,70,,108938,28,0,56 9,1,30,,108939,28,0,56 9,1,70,,108940,28,0,56 9,1,82,,108941,28,0,56 9,1,20,,108942,28,0,56 9,1,35,,108943,28,0,56 9,1,70,,108944,28,0,56 9,1,30,,108946,28,0,56 9,1,65,,108947,28,0,56 9,1,30,,108949,28,0,56 9,1,65,,108950,28,0,56 9,1,30,,108951,28,0,56 9,1,83,,108952,28,0,56 9,1,85,,108953,28,0,56 9,1,100,,108954,28,0,56 9,1,200,,108955,28,0,56 9,1
5601,'20260611',614,,108956,28,0,56 9,1,45,,108957,11,0,5 56 9,1,55,,108958,28,0,56 9,1,15,,108959,11,0,5 56 9,1,17,,108960,28,0,56 9,1,55,,108961,11,0,5 56 9,1,15,,108962,28,0,56 9,1,30,,108963,28,0,56 9,1,70,,108964,28,0,56 9,1,35,,108965,28,0,56 9,1,68,,108966,28,0,56 9,1,30,,108967,28,0,56 9,1,75,,108968,28,0,56 9,1,30,,108969,28,0,56 9,1,70,,108970,28,0,56 9,1,30,,108971,28,0,56 9,1,70,,108972,28,0,56 9,1,25,,108973,28,0,56 9,1,70,,108974,28,0,56 9,1,30,,108975,28,0,56 9,1,70,,108976,28,0,56 9,1,30,,108977,28,0,56 9,1,70,,108978,28,0,56 9,1,82,,108979,28,0,56 9,1,20,,108980,28,0,56 9,1,35,,108981,28,0,56 9,1,70,,108982,28,0,56 9,1,30,,108984,28,0,56 9,1,65,,108985,28,0,56 9,1,30,,108987,28,0,56 9,1,65,,108988,28,0,56 9,1,30,,108989,28,0,56 9,1,83,,108990,28,0,56 9,1,85,,108991,28,0,56 9,1,100,,108992,28,0,56 9,1,200,,108993,28,0,56 9,1
5601,'20260612',614,,108994,28,0,56 9,1,45,,108995,11,0,5 56 9,1,55,,108996,28,0,56 9,1,15,,108997,11,0,5 56 9,1,17,,108998,28,0,56 9,1,55,,108999,11,0,5 56 9,1,15,,109000,28,0,56 9,1,30,,109001,28,0,56 9,1,70,,109002,28,0,56 9,1,35,,109003,28,0,56 9,1,68,,109004,28,0,56 9,1,30,,109005,28,0,56 9,1,75,,109006,28,0,56 9,1,30,,109007,28,0,56 9,1,70,,109008,28,0,56 9,1,30,,109009,28,0,56 9,1,70,,109010,28,0,56 9,1,25,,109011,28,0,56 9,1,70,,109012,28,0,56 9,1,30,,109013,28,0,56 9,1,70,,109014,28,0,56 9,1,30,,109015,28,0,56 9,1,70,,109016,28,0,56 9,1,82,,109017,28,0,56 9,1,20,,109018,28,0,56 9,1,35,,109019,28,0,56 9,1,70,,109020,28,0,56 9,1,30,,109022,28,0,56 9,1,65,,109023,28,0,56 9,1,30,,109025,28,0,56 9,1,65,,109026,28,0,56 9,1,30,,109027,28,0,56 9,1,83,,109028,28,0,56 9,1,85,,109029,28,0,56 9,1,100,,109030,28,0,56 9,1,200,,109031,28,0,56 9,1
