1100,'20260722',901,,120177,1,,,1,100,,120178,1,,,1,200,,120179,1,,,1,201,,120180,1,,,1,151,,120181,1,,,1,102,,120182,1,,,1,145,,120183,1,,,1,205,,120184,1,,,1
1100,'20260723',901,,120185,1,,,1,100,,120186,1,,,1,200,,120187,1,,,1,201,,120188,1,,,1,151,,120189,1,,,1,102,,120190,1,,,1,145,,120191,1,,,1,205,,120192,1,,,1
1100,'20260724',901,,120193,1,,,1,100,,120194,1,,,1,200,,120195,1,,,1,201,,120196,1,,,1,151,,120197,1,,,1,102,,120198,1,,,1,145,,120199,1,,,1,205,,120200,1,,,1
1100,'20260727',901,,120201,1,,,1,100,,120202,1,,,1,200,,120203,1,,,1,201,,120204,1,,,1,151,,120205,1,,,1,102,,120206,1,,,1,145,,120207,1,,,1,205,,120208,1,,,1
1100,'20260728',901,,120209,1,,,1,100,,120210,1,,,1,200,,120211,1,,,1,201,,120212,1,,,1,151,,120213,1,,,1,102,,120214,1,,,1,145,,120215,1,,,1,205,,120216,1,,,1
1100,'20260729',901,,120217,1,,,1,100,,120218,1,,,1,200,,120219,1,,,1,201,,120220,1,,,1,151,,120221,1,,,1,102,,120222,1,,,1,145,,120223,1,,,1,205,,120224,1,,,1
1100,'20260730',901,,120225,1,,,1,100,,120226,1,,,1,200,,120227,1,,,1,201,,120228,1,,,1,151,,120229,1,,,1,102,,120230,1,,,1,145,,120231,1,,,1,205,,120232,1,,,1
1100,'20260731',901,,120233,1,,,1,100,,120234,1,,,1,200,,120235,1,,,1,201,,120236,1,,,1,151,,120237,1,,,1,102,,120238,1,,,1,145,,120239,1,,,1,205,,120240,1,,,1
1100,'20260804',901,,120241,1,,,1,100,,120242,1,,,1,200,,120243,1,,,1,201,,120244,1,,,1,151,,120245,1,,,1,102,,120246,1,,,1,145,,120247,1,,,1,205,,120248,1,,,1
1100,'20260805',901,,120249,1,,,1,100,,120250,1,,,1,200,,120251,1,,,1,201,,120252,1,,,1,151,,120253,1,,,1,102,,120254,1,,,1,145,,120255,1,,,1,205,,120256,1,,,1
1100,'20260806',901,,120257,1,,,1,100,,120258,1,,,1,200,,120259,1,,,1,201,,120260,1,,,1,151,,120261,1,,,1,102,,120262,1,,,1,145,,120263,1,,,1,205,,120264,1,,,1
1100,'20260807',901,,120265,1,,,1,100,,120266,1,,,1,200,,120267,1,,,1,201,,120268,1,,,1,151,,120269,1,,,1,102,,120270,1,,,1,145,,120271,1,,,1,205,,120272,1,,,1
1100,'20260810',901,,120273,1,,,1,100,,120274,1,,,1,200,,120275,1,,,1,201,,120276,1,,,1,151,,120277,1,,,1,102,,120278,1,,,1,145,,120279,1,,,1,205,,120280,1,,,1
1100,'20260811',901,,120281,1,,,1,100,,120282,1,,,1,200,,120283,1,,,1,201,,120284,1,,,1,151,,120285,1,,,1,102,,120286,1,,,1,145,,120287,1,,,1,205,,120288,1,,,1
1100,'20260812',901,,120289,1,,,1,100,,120290,1,,,1,200,,120291,1,,,1,201,,120292,1,,,1,151,,120293,1,,,1,102,,120294,1,,,1,145,,120295,1,,,1,205,,120296,1,,,1
1100,'20260813',901,,120297,1,,,1,100,,120298,1,,,1,200,,120299,1,,,1,201,,120300,1,,,1,151,,120301,1,,,1,102,,120302,1,,,1,145,,120303,1,,,1,205,,120304,1,,,1
1100,'20260814',901,,120305,1,,,1,100,,120306,1,,,1,200,,120307,1,,,1,201,,120308,1,,,1,151,,120309,1,,,1,102,,120310,1,,,1,145,,120311,1,,,1,205,,120312,1,,,1
1100,'20260817',901,,120313,1,,,1,100,,120314,1,,,1,200,,120315,1,,,1,201,,120316,1,,,1,151,,120317,1,,,1,102,,120318,1,,,1,145,,120319,1,,,1,205,,120320,1,,,1
1100,'20260818',901,,120321,1,,,1,100,,120322,1,,,1,200,,120323,1,,,1,201,,120324,1,,,1,151,,120325,1,,,1,102,,120326,1,,,1,145,,120327,1,,,1,205,,120328,1,,,1
1100,'20260819',901,,120329,1,,,1,100,,120330,1,,,1,200,,120331,1,,,1,201,,120332,1,,,1,151,,120333,1,,,1,102,,120334,1,,,1,145,,120335,1,,,1,205,,120336,1,,,1
1100,'20260820',901,,120337,1,,,1,100,,120338,1,,,1,200,,120339,1,,,1,201,,120340,1,,,1,151,,120341,1,,,1,102,,120342,1,,,1,145,,120343,1,,,1,205,,120344,1,,,1
1100,'20260821',901,,120345,1,,,1,100,,120346,1,,,1,200,,120347,1,,,1,201,,120348,1,,,1,151,,120349,1,,,1,102,,120350,1,,,1,145,,120351,1,,,1,205,,120352,1,,,1
1100,'20260824',901,,120353,1,,,1,100,,120354,1,,,1,200,,120355,1,,,1,201,,120356,1,,,1,151,,120357,1,,,1,102,,120358,1,,,1,145,,120359,1,,,1,205,,120360,1,,,1
1100,'20260825',901,,120361,1,,,1,100,,120362,1,,,1,200,,120363,1,,,1,201,,120364,1,,,1,151,,120365,1,,,1,102,,120366,1,,,1,145,,120367,1,,,1,205,,120368,1,,,1
1100,'20260826',901,,120369,1,,,1,100,,120370,1,,,1,200,,120371,1,,,1,201,,120372,1,,,1,151,,120373,1,,,1,102,,120374,1,,,1,145,,120375,1,,,1,205,,120376,1,,,1
1100,'20260827',901,,120377,1,,,1,100,,120378,1,,,1,200,,120379,1,,,1,201,,120380,1,,,1,151,,120381,1,,,1,102,,120382,1,,,1,145,,120383,1,,,1,205,,120384,1,,,1
1100,'20260828',901,,120385,1,,,1,100,,120386,1,,,1,200,,120387,1,,,1,201,,120388,1,,,1,151,,120389,1,,,1,102,,120390,1,,,1,145,,120391,1,,,1,205,,120392,1,,,1
1100,'20260831',901,,120393,1,,,1,100,,120394,1,,,1,200,,120395,1,,,1,201,,120396,1,,,1,151,,120397,1,,,1,102,,120398,1,,,1,145,,120399,1,,,1,205,,120400,1,,,1
1100,'20260901',901,,120401,1,,,1,100,,120402,1,,,1,200,,120403,1,,,1,201,,120404,1,,,1,151,,120405,1,,,1,102,,120406,1,,,1,145,,120407,1,,,1,205,,120408,1,,,1
1100,'20260902',901,,120409,1,,,1,100,,120410,1,,,1,200,,120411,1,,,1,201,,120412,1,,,1,151,,120413,1,,,1,102,,120414,1,,,1,145,,120415,1,,,1,205,,120416,1,,,1
1100,'20260903',901,,120417,1,,,1,100,,120418,1,,,1,200,,120419,1,,,1,201,,120420,1,,,1,151,,120421,1,,,1,102,,120422,1,,,1,145,,120423,1,,,1,205,,120424,1,,,1
1100,'20260904',901,,120425,1,,,1,100,,120426,1,,,1,200,,120427,1,,,1,201,,120428,1,,,1,151,,120429,1,,,1,102,,120430,1,,,1,145,,120431,1,,,1,205,,120432,1,,,1
1101,'20260722',757,,120641,16,4,,1,159,,120642,16,4,,1,208,,120643,16,4,,1,200,,120644,16,4,,1,195,,120645,16,4,,1,105,,120646,16,4,,1,105,,120647,16,4,,1,204,,120648,16,4,,1
1101,'20260723',757,,120649,16,4,,1,159,,120650,16,4,,1,208,,120651,16,4,,1,200,,120652,16,4,,1,195,,120653,16,4,,1,105,,120654,16,4,,1,105,,120655,16,4,,1,204,,120656,16,4,,1
1101,'20260724',757,,120657,16,4,,1,159,,120658,16,4,,1,208,,120659,16,4,,1,200,,120660,16,4,,1,195,,120661,16,4,,1,105,,120662,16,4,,1,105,,120663,16,4,,1,204,,120664,16,4,,1
1101,'20260727',757,,120665,16,4,,1,159,,120666,16,4,,1,208,,120667,16,4,,1,200,,120668,16,4,,1,195,,120669,16,4,,1,105,,120670,16,4,,1,105,,120671,16,4,,1,204,,120672,16,4,,1
1101,'20260728',757,,120673,16,4,,1,159,,120674,16,4,,1,208,,120675,16,4,,1,200,,120676,16,4,,1,195,,120677,16,4,,1,105,,120678,16,4,,1,105,,120679,16,4,,1,204,,120680,16,4,,1
1101,'20260729',757,,120681,16,4,,1,159,,120682,16,4,,1,208,,120683,16,4,,1,200,,120684,16,4,,1,195,,120685,16,4,,1,105,,120686,16,4,,1,105,,120687,16,4,,1,204,,120688,16,4,,1
1101,'20260730',757,,120689,16,4,,1,159,,120690,16,4,,1,208,,120691,16,4,,1,200,,120692,16,4,,1,195,,120693,16,4,,1,105,,120694,16,4,,1,105,,120695,16,4,,1,204,,120696,16,4,,1
1101,'20260731',757,,120697,16,4,,1,159,,120698,16,4,,1,208,,120699,16,4,,1,200,,120700,16,4,,1,195,,120701,16,4,,1,105,,120702,16,4,,1,105,,120703,16,4,,1,204,,120704,16,4,,1
1101,'20260804',757,,120705,16,4,,1,159,,120706,16,4,,1,208,,120707,16,4,,1,200,,120708,16,4,,1,195,,120709,16,4,,1,105,,120710,16,4,,1,105,,120711,16,4,,1,204,,120712,16,4,,1
1101,'20260805',757,,120713,16,4,,1,159,,120714,16,4,,1,208,,120715,16,4,,1,200,,120716,16,4,,1,195,,120717,16,4,,1,105,,120718,16,4,,1,105,,120719,16,4,,1,204,,120720,16,4,,1
1101,'20260806',757,,120721,16,4,,1,159,,120722,16,4,,1,208,,120723,16,4,,1,200,,120724,16,4,,1,195,,120725,16,4,,1,105,,120726,16,4,,1,105,,120727,16,4,,1,204,,120728,16,4,,1
1101,'20260807',757,,120729,16,4,,1,159,,120730,16,4,,1,208,,120731,16,4,,1,200,,120732,16,4,,1,195,,120733,16,4,,1,105,,120734,16,4,,1,105,,120735,16,4,,1,204,,120736,16,4,,1
1101,'20260810',757,,120737,16,4,,1,159,,120738,16,4,,1,208,,120739,16,4,,1,200,,120740,16,4,,1,195,,120741,16,4,,1,105,,120742,16,4,,1,105,,120743,16,4,,1,204,,120744,16,4,,1
1101,'20260811',757,,120745,16,4,,1,159,,120746,16,4,,1,208,,120747,16,4,,1,200,,120748,16,4,,1,195,,120749,16,4,,1,105,,120750,16,4,,1,105,,120751,16,4,,1,204,,120752,16,4,,1
1101,'20260812',757,,120753,16,4,,1,159,,120754,16,4,,1,208,,120755,16,4,,1,200,,120756,16,4,,1,195,,120757,16,4,,1,105,,120758,16,4,,1,105,,120759,16,4,,1,204,,120760,16,4,,1
1101,'20260813',757,,120761,16,4,,1,159,,120762,16,4,,1,208,,120763,16,4,,1,200,,120764,16,4,,1,195,,120765,16,4,,1,105,,120766,16,4,,1,105,,120767,16,4,,1,204,,120768,16,4,,1
1101,'20260814',757,,120769,16,4,,1,159,,120770,16,4,,1,208,,120771,16,4,,1,200,,120772,16,4,,1,195,,120773,16,4,,1,105,,120774,16,4,,1,105,,120775,16,4,,1,204,,120776,16,4,,1
1101,'20260817',757,,120777,16,4,,1,159,,120778,16,4,,1,208,,120779,16,4,,1,200,,120780,16,4,,1,195,,120781,16,4,,1,105,,120782,16,4,,1,105,,120783,16,4,,1,204,,120784,16,4,,1
1101,'20260818',757,,120785,16,4,,1,159,,120786,16,4,,1,208,,120787,16,4,,1,200,,120788,16,4,,1,195,,120789,16,4,,1,105,,120790,16,4,,1,105,,120791,16,4,,1,204,,120792,16,4,,1
1101,'20260819',757,,120793,16,4,,1,159,,120794,16,4,,1,208,,120795,16,4,,1,200,,120796,16,4,,1,195,,120797,16,4,,1,105,,120798,16,4,,1,105,,120799,16,4,,1,204,,120800,16,4,,1
1101,'20260820',757,,120801,16,4,,1,159,,120802,16,4,,1,208,,120803,16,4,,1,200,,120804,16,4,,1,195,,120805,16,4,,1,105,,120806,16,4,,1,105,,120807,16,4,,1,204,,120808,16,4,,1
1101,'20260821',757,,120809,16,4,,1,159,,120810,16,4,,1,208,,120811,16,4,,1,200,,120812,16,4,,1,195,,120813,16,4,,1,105,,120814,16,4,,1,105,,120815,16,4,,1,204,,120816,16,4,,1
1101,'20260824',757,,120817,16,4,,1,159,,120818,16,4,,1,208,,120819,16,4,,1,200,,120820,16,4,,1,195,,120821,16,4,,1,105,,120822,16,4,,1,105,,120823,16,4,,1,204,,120824,16,4,,1
1101,'20260825',757,,120825,16,4,,1,159,,120826,16,4,,1,208,,120827,16,4,,1,200,,120828,16,4,,1,195,,120829,16,4,,1,105,,120830,16,4,,1,105,,120831,16,4,,1,204,,120832,16,4,,1
1101,'20260826',757,,120833,16,4,,1,159,,120834,16,4,,1,208,,120835,16,4,,1,200,,120836,16,4,,1,195,,120837,16,4,,1,105,,120838,16,4,,1,105,,120839,16,4,,1,204,,120840,16,4,,1
1101,'20260827',757,,120841,16,4,,1,159,,120842,16,4,,1,208,,120843,16,4,,1,200,,120844,16,4,,1,195,,120845,16,4,,1,105,,120846,16,4,,1,105,,120847,16,4,,1,204,,120848,16,4,,1
1101,'20260828',757,,120849,16,4,,1,159,,120850,16,4,,1,208,,120851,16,4,,1,200,,120852,16,4,,1,195,,120853,16,4,,1,105,,120854,16,4,,1,105,,120855,16,4,,1,204,,120856,16,4,,1
1101,'20260831',757,,120857,16,4,,1,159,,120858,16,4,,1,208,,120859,16,4,,1,200,,120860,16,4,,1,195,,120861,16,4,,1,105,,120862,16,4,,1,105,,120863,16,4,,1,204,,120864,16,4,,1
1101,'20260901',757,,120865,16,4,,1,159,,120866,16,4,,1,208,,120867,16,4,,1,200,,120868,16,4,,1,195,,120869,16,4,,1,105,,120870,16,4,,1,105,,120871,16,4,,1,204,,120872,16,4,,1
1101,'20260902',757,,120873,16,4,,1,159,,120874,16,4,,1,208,,120875,16,4,,1,200,,120876,16,4,,1,195,,120877,16,4,,1,105,,120878,16,4,,1,105,,120879,16,4,,1,204,,120880,16,4,,1
1101,'20260903',757,,120881,16,4,,1,159,,120882,16,4,,1,208,,120883,16,4,,1,200,,120884,16,4,,1,195,,120885,16,4,,1,105,,120886,16,4,,1,105,,120887,16,4,,1,204,,120888,16,4,,1
1101,'20260904',757,,120889,16,4,,1,159,,120890,16,4,,1,208,,120891,16,4,,1,200,,120892,16,4,,1,195,,120893,16,4,,1,105,,120894,16,4,,1,105,,120895,16,4,,1,204,,120896,16,4,,1
