6800,'20260707',704,,204485,26,,,1,99,,204486,18,0,5 27 28 9,1,110,,204487,18,0,5 27 28 9,1,345,,204488,26,,,1,99,,204489,26,,,1,299,,204490,18,0,5 27 28 9,1,401,,204492,26,,,1,94,,204493,26,,,1,98,,204494,26,,,1
6800,'20260708',704,,204495,26,,,1,99,,204496,18,0,5 27 28 9,1,110,,204497,18,0,5 27 28 9,1,345,,204498,26,,,1,99,,204499,26,,,1,299,,204500,18,0,5 27 28 9,1,401,,204502,26,,,1,94,,204503,26,,,1,98,,204504,26,,,1
6800,'20260709',704,,204505,26,,,1,99,,204506,18,0,5 27 28 9,1,110,,204507,18,0,5 27 28 9,1,345,,204508,26,,,1,99,,204509,26,,,1,299,,204510,18,0,5 27 28 9,1,401,,204512,26,,,1,94,,204513,26,,,1,98,,204514,26,,,1
6800,'20260710',704,,204515,26,,,1,99,,204516,18,0,5 27 28 9,1,110,,204517,18,0,5 27 28 9,1,345,,204518,26,,,1,99,,204519,26,,,1,299,,204520,18,0,5 27 28 9,1,401,,204522,26,,,1,94,,204523,26,,,1,98,,204524,26,,,1
6800,'20260711',851,,204525,26,,,1,301,,204526,26,,,1,300,,204527,26,,,1,400,,204528,26,,,1,200,,204529,26,,,1,487,,204530,18,0,5 27 28 9,1
6800,'20260712',851,,204531,26,,,1,301,,204532,26,,,1,300,,204533,26,,,1,400,,204534,26,,,1,200,,204535,26,,,1,487,,204536,18,0,5 27 28 9,1
6800,'20260713',704,,204537,26,,,1,99,,204538,18,0,5 27 28 9,1,110,,204539,18,0,5 27 28 9,1,345,,204540,26,,,1,99,,204541,26,,,1,299,,204542,18,0,5 27 28 9,1,401,,204544,26,,,1,94,,204545,26,,,1,98,,204546,26,,,1
6800,'20260714',704,,204547,26,,,1,99,,204548,18,0,5 27 28 9,1,110,,204549,18,0,5 27 28 9,1,345,,204550,26,,,1,99,,204551,26,,,1,299,,204552,18,0,5 27 28 9,1,401,,204554,26,,,1,94,,204555,26,,,1,98,,204556,26,,,1
6800,'20260715',704,,204557,26,,,1,99,,204558,18,0,5 27 28 9,1,110,,204559,18,0,5 27 28 9,1,345,,204560,26,,,1,99,,204561,26,,,1,299,,204562,18,0,5 27 28 9,1,401,,204564,26,,,1,94,,204565,26,,,1,98,,204566,26,,,1
6800,'20260716',704,,204567,26,,,1,99,,204568,18,0,5 27 28 9,1,110,,204569,18,0,5 27 28 9,1,345,,204570,26,,,1,99,,204571,26,,,1,299,,204572,18,0,5 27 28 9,1,401,,204574,26,,,1,94,,204575,26,,,1,98,,204576,26,,,1
6800,'20260717',704,,204577,26,,,1,99,,204578,18,0,5 27 28 9,1,110,,204579,18,0,5 27 28 9,1,345,,204580,26,,,1,99,,204581,26,,,1,299,,204582,18,0,5 27 28 9,1,401,,204584,26,,,1,94,,204585,26,,,1,98,,204586,26,,,1
6800,'20260718',851,,204587,26,,,1,301,,204588,26,,,1,300,,204589,26,,,1,400,,204590,26,,,1,200,,204591,26,,,1,487,,204592,18,0,5 27 28 9,1
6800,'20260719',851,,204593,26,,,1,301,,204594,26,,,1,300,,204595,26,,,1,400,,204596,26,,,1,200,,204597,26,,,1,487,,204598,18,0,5 27 28 9,1
6800,'20260720',704,,204599,24,,,1,99,,204600,16,0,5 27 28 9,1,110,,204601,16,0,5 27 28 9,1,345,,204602,24,,,1,99,,204603,24,,,1,299,,204604,16,0,5 27 28 9,1,401,,204606,24,,,1,94,,204607,24,,,1,98,,204608,24,,,1
6800,'20260721',704,,204609,24,,,1,99,,204610,16,0,5 27 28 9,1,110,,204611,16,0,5 27 28 9,1,345,,204612,24,,,1,99,,204613,24,,,1,299,,204614,16,0,5 27 28 9,1,401,,204616,24,,,1,94,,204617,24,,,1,98,,204618,24,,,1
6800,'20260722',704,,204619,24,,,1,99,,204620,16,0,5 27 28 9,1,110,,204621,16,0,5 27 28 9,1,345,,204622,24,,,1,99,,204623,24,,,1,299,,204624,16,0,5 27 28 9,1,401,,204626,24,,,1,94,,204627,24,,,1,98,,204628,24,,,1
6800,'20260723',704,,204629,24,,,1,99,,204630,16,0,5 27 28 9,1,110,,204631,16,0,5 27 28 9,1,345,,204632,24,,,1,99,,204633,24,,,1,299,,204634,16,0,5 27 28 9,1,401,,204636,24,,,1,94,,204637,24,,,1,98,,204638,24,,,1
6800,'20260724',704,,204639,24,,,1,99,,204640,16,0,5 27 28 9,1,110,,204641,16,0,5 27 28 9,1,345,,204642,24,,,1,99,,204643,24,,,1,299,,204644,16,0,5 27 28 9,1,401,,204646,24,,,1,94,,204647,24,,,1,98,,204648,24,,,1
6800,'20260725',851,,204649,24,,,1,260,,219938,34,0,53 27 28 9,1,41,,204650,24,,,1,267,,219940,34,0,53 27 28 9,1,33,,204651,24,,,1,267,,219942,34,0,53 27 28 9,1,133,,204652,24,,,1,167,,219944,34,0,53 27 28 9,1,33,,204653,24,,,1,252,,219946,34,0,53 27 28 9,1,200,,219948,34,0,53 27 28 9,1,35,,204654,16,0,5 27 28 9,1
6800,'20260726',851,,204655,24,,,1,260,,219951,34,0,53 27 28 9,1,41,,204656,24,,,1,267,,219953,34,0,53 27 28 9,1,33,,204657,24,,,1,267,,219955,34,0,53 27 28 9,1,133,,204658,24,,,1,167,,219957,34,0,53 27 28 9,1,33,,204659,24,,,1,252,,219959,34,0,53 27 28 9,1,200,,219961,34,0,53 27 28 9,1,35,,204660,16,0,5 27 28 9,1
6800,'20260727',704,,204661,24,,,1,99,,204662,16,0,5 27 28 9,1,110,,204663,16,0,5 27 28 9,1,345,,204664,24,,,1,99,,204665,24,,,1,299,,204666,16,0,5 27 28 9,1,401,,204668,24,,,1,94,,204669,24,,,1,98,,204670,24,,,1
6800,'20260728',704,,204671,24,,,1,99,,204672,16,0,5 27 28 9,1,110,,204673,16,0,5 27 28 9,1,345,,204674,24,,,1,99,,204675,24,,,1,299,,204676,16,0,5 27 28 9,1,401,,204678,24,,,1,94,,204679,24,,,1,98,,204680,24,,,1
6800,'20260729',704,,204681,24,,,1,99,,204682,16,0,5 27 28 9,1,110,,204683,16,0,5 27 28 9,1,345,,204684,24,,,1,99,,204685,24,,,1,299,,204686,16,0,5 27 28 9,1,401,,204688,24,,,1,94,,204689,24,,,1,98,,204690,24,,,1
6800,'20260730',704,,204691,24,,,1,99,,204692,16,0,5 27 28 9,1,110,,204693,16,0,5 27 28 9,1,345,,204694,24,,,1,99,,204695,24,,,1,299,,204696,16,0,5 27 28 9,1,401,,204698,24,,,1,94,,204699,24,,,1,98,,204700,24,,,1
6800,'20260731',704,,204701,24,,,1,99,,204702,16,0,5 27 28 9,1,110,,204703,16,0,5 27 28 9,1,345,,204704,24,,,1,99,,204705,24,,,1,299,,204706,16,0,5 27 28 9,1,401,,204708,24,,,1,94,,204709,24,,,1,98,,204710,24,,,1
6800,'20260801',851,,204711,24,,,1,301,,204712,24,,,1,300,,204713,24,,,1,400,,204714,24,,,1,200,,204715,24,,,1,487,,204716,16,0,5 27 28 9,1
6800,'20260802',851,,204717,24,,,1,301,,204718,24,,,1,300,,204719,24,,,1,400,,204720,24,,,1,200,,204721,24,,,1,487,,204722,16,0,5 27 28 9,1
6800,'20260803',851,,204723,24,,,1,301,,204724,24,,,1,300,,204725,24,,,1,400,,204726,24,,,1,200,,204727,24,,,1,487,,204728,16,0,5 27 28 9,1
6800,'20260804',704,,204729,24,,,1,99,,204730,16,0,5 27 28 9,1,110,,204731,16,0,5 27 28 9,1,345,,204732,24,,,1,99,,204733,24,,,1,299,,204734,16,0,5 27 28 9,1,401,,204736,24,,,1,94,,204737,24,,,1,98,,204738,24,,,1
6800,'20260805',704,,204739,24,,,1,99,,204740,16,0,5 27 28 9,1,110,,204741,16,0,5 27 28 9,1,345,,204742,24,,,1,99,,204743,24,,,1,299,,204744,16,0,5 27 28 9,1,401,,204746,24,,,1,94,,204747,24,,,1,98,,204748,24,,,1
6800,'20260806',704,,204749,24,,,1,99,,204750,16,0,5 27 28 9,1,110,,204751,16,0,5 27 28 9,1,345,,204752,24,,,1,99,,204753,24,,,1,299,,204754,16,0,5 27 28 9,1,401,,204756,24,,,1,94,,204757,24,,,1,98,,204758,24,,,1
6800,'20260807',704,,204759,24,,,1,99,,204760,16,0,5 27 28 9,1,110,,204761,16,0,5 27 28 9,1,345,,204762,24,,,1,99,,204763,24,,,1,299,,204764,16,0,5 27 28 9,1,401,,204766,24,,,1,94,,204767,24,,,1,98,,204768,24,,,1
6800,'20260808',851,,204769,24,,,1,301,,204770,24,,,1,300,,204771,24,,,1,400,,204772,24,,,1,200,,204773,24,,,1,487,,204774,16,0,5 27 28 9,1
6800,'20260809',851,,204775,24,,,1,301,,204776,24,,,1,300,,204777,24,,,1,400,,204778,24,,,1,200,,204779,24,,,1,487,,204780,16,0,5 27 28 9,1
6800,'20260810',704,,204781,24,,,1,99,,204782,16,0,5 27 28 9,1,110,,204783,16,0,5 27 28 9,1,345,,204784,24,,,1,99,,204785,24,,,1,299,,204786,16,0,5 27 28 9,1,401,,204788,24,,,1,94,,204789,24,,,1,98,,204790,24,,,1
6800,'20260811',704,,204791,24,,,1,99,,204792,16,0,5 27 28 9,1,110,,204793,16,0,5 27 28 9,1,345,,204794,24,,,1,99,,204795,24,,,1,299,,204796,16,0,5 27 28 9,1,401,,204798,24,,,1,94,,204799,24,,,1,98,,204800,24,,,1
6800,'20260812',704,,204801,24,,,1,99,,204802,16,0,5 27 28 9,1,110,,204803,16,0,5 27 28 9,1,345,,204804,24,,,1,99,,204805,24,,,1,299,,204806,16,0,5 27 28 9,1,401,,204808,24,,,1,94,,204809,24,,,1,98,,204810,24,,,1
6800,'20260813',704,,204811,24,,,1,99,,204812,16,0,5 27 28 9,1,110,,204813,16,0,5 27 28 9,1,345,,204814,24,,,1,99,,204815,24,,,1,299,,204816,16,0,5 27 28 9,1,401,,204818,24,,,1,94,,204819,24,,,1,98,,204820,24,,,1
6800,'20260814',704,,204821,24,,,1,99,,204822,16,0,5 27 28 9,1,110,,204823,16,0,5 27 28 9,1,345,,204824,24,,,1,99,,204825,24,,,1,299,,204826,16,0,5 27 28 9,1,401,,204828,24,,,1,94,,204829,24,,,1,98,,204830,24,,,1
6800,'20260815',851,,204831,24,,,1,301,,204832,24,,,1,300,,204833,24,,,1,400,,204834,24,,,1,200,,204835,24,,,1,487,,204836,16,0,5 27 28 9,1
6800,'20260816',851,,204837,24,,,1,301,,204838,24,,,1,300,,204839,24,,,1,400,,204840,24,,,1,200,,204841,24,,,1,487,,204842,16,0,5 27 28 9,1
6800,'20260817',704,,204843,24,,,1,99,,204844,16,0,5 27 28 9,1,110,,204845,16,0,5 27 28 9,1,345,,204846,24,,,1,99,,204847,24,,,1,299,,204848,16,0,5 27 28 9,1,401,,204850,24,,,1,94,,204851,24,,,1,98,,204852,24,,,1
6800,'20260818',704,,204853,24,,,1,99,,204854,16,0,5 27 28 9,1,110,,204855,16,0,5 27 28 9,1,345,,204856,24,,,1,99,,204857,24,,,1,299,,204858,16,0,5 27 28 9,1,401,,204860,24,,,1,94,,204861,24,,,1,98,,204862,24,,,1
6800,'20260819',704,,204863,24,,,1,99,,204864,16,0,5 27 28 9,1,110,,204865,16,0,5 27 28 9,1,345,,204866,24,,,1,99,,204867,24,,,1,299,,204868,16,0,5 27 28 9,1,401,,204870,24,,,1,94,,204871,24,,,1,98,,204872,24,,,1
6800,'20260820',704,,204873,24,,,1,99,,204874,16,0,5 27 28 9,1,110,,204875,16,0,5 27 28 9,1,345,,204876,24,,,1,99,,204877,24,,,1,299,,204878,16,0,5 27 28 9,1,401,,204880,24,,,1,94,,204881,24,,,1,98,,204882,24,,,1
6800,'20260821',704,,204883,24,,,1,99,,204884,16,0,5 27 28 9,1,110,,204885,16,0,5 27 28 9,1,345,,204886,24,,,1,99,,204887,24,,,1,299,,204888,16,0,5 27 28 9,1,401,,204890,24,,,1,94,,204891,24,,,1,98,,204892,24,,,1
6800,'20260822',851,,204893,24,,,1,301,,204894,24,,,1,300,,204895,24,,,1,400,,204896,24,,,1,200,,204897,24,,,1,487,,204898,16,0,5 27 28 9,1
6800,'20260823',851,,204899,24,,,1,301,,204900,24,,,1,300,,204901,24,,,1,400,,204902,24,,,1,200,,204903,24,,,1,487,,204904,16,0,5 27 28 9,1
6800,'20260824',704,,204905,24,,,1,99,,204906,16,0,5 27 28 9,1,110,,204907,16,0,5 27 28 9,1,345,,204908,24,,,1,99,,204909,24,,,1,299,,204910,16,0,5 27 28 9,1,401,,204912,24,,,1,94,,204913,24,,,1,98,,204914,24,,,1
6800,'20260825',704,,204915,24,,,1,99,,204916,16,0,5 27 28 9,1,110,,204917,16,0,5 27 28 9,1,345,,204918,24,,,1,99,,204919,24,,,1,299,,204920,16,0,5 27 28 9,1,401,,204922,24,,,1,94,,204923,24,,,1,98,,204924,24,,,1
6800,'20260826',704,,204925,24,,,1,99,,204926,16,0,5 27 28 9,1,110,,204927,16,0,5 27 28 9,1,345,,204928,24,,,1,99,,204929,24,,,1,299,,204930,16,0,5 27 28 9,1,401,,204932,24,,,1,94,,204933,24,,,1,98,,204934,24,,,1
6800,'20260827',704,,204935,24,,,1,99,,204936,16,0,5 27 28 9,1,110,,204937,16,0,5 27 28 9,1,345,,204938,24,,,1,99,,204939,24,,,1,299,,204940,16,0,5 27 28 9,1,401,,204942,24,,,1,94,,204943,24,,,1,98,,204944,24,,,1
6800,'20260828',704,,204945,24,,,1,99,,204946,16,0,5 27 28 9,1,110,,204947,16,0,5 27 28 9,1,345,,204948,24,,,1,99,,204949,24,,,1,299,,204950,16,0,5 27 28 9,1,401,,204952,24,,,1,94,,204953,24,,,1,98,,204954,24,,,1
6800,'20260829',851,,204955,24,,,1,301,,204956,24,,,1,300,,204957,24,,,1,400,,204958,24,,,1,200,,204959,24,,,1,487,,204960,16,0,5 27 28 9,1
6800,'20260830',851,,204961,24,,,1,301,,204962,24,,,1,300,,204963,24,,,1,400,,204964,24,,,1,200,,204965,24,,,1,487,,204966,16,0,5 27 28 9,1
6800,'20260831',704,,204967,24,,,1,99,,204968,16,0,5 27 28 9,1,110,,204969,16,0,5 27 28 9,1,345,,204970,24,,,1,99,,204971,24,,,1,299,,204972,16,0,5 27 28 9,1,401,,204974,24,,,1,94,,204975,24,,,1,98,,204976,24,,,1
6800,'20260901',704,,204977,24,,,1,99,,204978,16,0,5 27 28 9,1,110,,204979,16,0,5 27 28 9,1,345,,204980,24,,,1,99,,204981,24,,,1,299,,204982,16,0,5 27 28 9,1,401,,204984,24,,,1,94,,204985,24,,,1,98,,204986,24,,,1
6800,'20260902',704,,204987,24,,,1,99,,204988,16,0,5 27 28 9,1,110,,204989,16,0,5 27 28 9,1,345,,204990,24,,,1,99,,204991,24,,,1,299,,204992,16,0,5 27 28 9,1,401,,204994,24,,,1,94,,204995,24,,,1,98,,204996,24,,,1
6800,'20260903',704,,204997,24,,,1,99,,204998,16,0,5 27 28 9,1,110,,204999,16,0,5 27 28 9,1,345,,205000,24,,,1,99,,205001,24,,,1,299,,205002,16,0,5 27 28 9,1,401,,205004,24,,,1,94,,205005,24,,,1,98,,205006,24,,,1
6800,'20260904',704,,205007,24,,,1,99,,205008,16,0,5 27 28 9,1,110,,205009,16,0,5 27 28 9,1,345,,205010,24,,,1,99,,205011,24,,,1,299,,205012,16,0,5 27 28 9,1,401,,205014,24,,,1,94,,205015,24,,,1,98,,205016,24,,,1
