2101,'20260716',728,,145260,49,,,1,120,,145261,49,,,1,155,,145262,49,,,1,55,,145263,49,,,1,100,,145264,49,,,1,55,,145266,28,0,7 8 9,1,100,,145269,28,0,7 8 9,1,25,,145270,28,0,7 8 9,1,70,,145272,28,0,7 8 9,1,35,,145274,28,0,7 8 9,1,70,,145276,28,0,7 8 9,1,120,,145280,28,0,7 8 9,1,415,,145284,28,0,7 8 9,1,70,,145286,28,0,7 8 9,1,25,,145289,28,0,7 8 9,1,70,,145291,28,0,7 8 9,1,30,,145294,28,0,7 8 9,1,100,,145297,28,0,7 8 9,1,95,,145299,28,0,7 8 9,1,121,,145301,49,,,1,90,,145302,49,,,1,95,,145303,49,,,1
2101,'20260717',728,,145304,49,,,1,120,,145305,49,,,1,155,,145306,49,,,1,55,,145307,49,,,1,100,,145308,49,,,1,55,,145310,28,0,7 8 9,1,100,,145313,28,0,7 8 9,1,25,,145314,28,0,7 8 9,1,70,,145316,28,0,7 8 9,1,35,,145318,28,0,7 8 9,1,70,,145320,28,0,7 8 9,1,120,,145324,28,0,7 8 9,1,415,,145328,28,0,7 8 9,1,70,,145330,28,0,7 8 9,1,25,,145333,28,0,7 8 9,1,70,,145335,28,0,7 8 9,1,30,,145338,28,0,7 8 9,1,100,,145341,28,0,7 8 9,1,95,,145343,28,0,7 8 9,1,121,,145345,49,,,1,90,,145346,49,,,1,95,,145347,49,,,1
2101,'20260718',903,,145348,48,0,57 8 9,1,100,,145349,48,0,57 8 9,1,55,,145350,48,0,57 8 9,1,150,,145351,48,0,57 8 9,1,100,,145354,28,0,7 8 9,1,110,,145356,28,0,7 8 9,1,105,,145358,28,0,7 8 9,1,90,,145360,28,0,7 8 9,1,105,,145363,28,0,7 8 9,1,110,,145366,28,0,7 8 9,1,95,,145370,28,0,7 8 9,1,90,,145374,28,0,7 8 9,1,95,,145378,28,0,7 8 9,1,100,,145381,28,0,7 8 9,1,100,,145384,28,0,7 8 9,1,95,,145387,28,0,7 8 9,1,100,,145390,28,0,7 8 9,1,50,,145391,48,0,57 8 9,1,95,,145392,48,0,57 8 9,1,100,,145393,48,0,57 8 9,1
2101,'20260719',903,,145394,48,0,57 8 9,1,100,,145395,48,0,57 8 9,1,55,,145396,48,0,57 8 9,1,150,,145397,48,0,57 8 9,1,100,,145399,28,0,7 8 9,1,110,,145401,28,0,7 8 9,1,105,,145403,28,0,7 8 9,1,90,,145405,28,0,7 8 9,1,105,,145408,28,0,7 8 9,1,110,,145411,28,0,7 8 9,1,95,,145415,28,0,7 8 9,1,90,,145419,28,0,7 8 9,1,95,,145423,28,0,7 8 9,1,100,,145426,28,0,7 8 9,1,100,,145429,28,0,7 8 9,1,95,,145432,28,0,7 8 9,1,100,,145434,28,0,7 8 9,1,50,,145435,48,0,57 8 9,1,95,,145436,48,0,57 8 9,1,100,,145437,48,0,57 8 9,1
2101,'20260720',728,,145438,49,,,1,120,,145439,49,,,1,155,,145440,49,,,1,55,,145441,49,,,1,100,,145442,49,,,1,55,,145444,28,0,7 8 9,1,100,,145447,28,0,7 8 9,1,25,,145448,28,0,7 8 9,1,70,,145450,28,0,7 8 9,1,35,,145452,28,0,7 8 9,1,70,,145454,28,0,7 8 9,1,120,,145458,28,0,7 8 9,1,415,,145462,28,0,7 8 9,1,70,,145464,28,0,7 8 9,1,25,,145467,28,0,7 8 9,1,70,,145469,28,0,7 8 9,1,30,,145472,28,0,7 8 9,1,100,,145475,28,0,7 8 9,1,95,,145477,28,0,7 8 9,1,121,,145479,49,,,1,90,,145480,49,,,1,95,,145481,49,,,1
2101,'20260721',728,,145482,49,,,1,120,,145483,49,,,1,155,,145484,49,,,1,55,,145485,49,,,1,100,,145486,49,,,1,55,,145488,28,0,7 8 9,1,100,,145491,28,0,7 8 9,1,25,,145492,28,0,7 8 9,1,70,,145494,28,0,7 8 9,1,35,,145496,28,0,7 8 9,1,70,,145498,28,0,7 8 9,1,120,,145502,28,0,7 8 9,1,415,,145506,28,0,7 8 9,1,70,,145508,28,0,7 8 9,1,25,,145511,28,0,7 8 9,1,70,,145513,28,0,7 8 9,1,30,,145516,28,0,7 8 9,1,100,,145519,28,0,7 8 9,1,95,,145521,28,0,7 8 9,1,121,,145523,49,,,1,90,,145524,49,,,1,95,,145525,49,,,1
2101,'20260722',728,,145526,49,,,1,120,,145527,49,,,1,155,,145528,49,,,1,55,,145529,49,,,1,100,,145530,49,,,1,55,,145532,28,0,7 8 9,1,100,,145535,28,0,7 8 9,1,25,,145536,28,0,7 8 9,1,70,,145538,28,0,7 8 9,1,35,,145540,28,0,7 8 9,1,70,,145542,28,0,7 8 9,1,120,,145546,28,0,7 8 9,1,415,,145550,28,0,7 8 9,1,70,,145552,28,0,7 8 9,1,25,,145555,28,0,7 8 9,1,70,,145557,28,0,7 8 9,1,30,,145560,28,0,7 8 9,1,100,,145563,28,0,7 8 9,1,95,,145565,28,0,7 8 9,1,121,,145567,49,,,1,90,,145568,49,,,1,95,,145569,49,,,1
2101,'20260723',728,,145570,49,,,1,120,,145571,49,,,1,155,,145572,49,,,1,55,,145573,49,,,1,100,,145574,49,,,1,55,,145576,28,0,7 8 9,1,100,,145579,28,0,7 8 9,1,25,,145580,28,0,7 8 9,1,70,,145582,28,0,7 8 9,1,35,,145584,28,0,7 8 9,1,70,,145586,28,0,7 8 9,1,120,,145590,28,0,7 8 9,1,415,,145594,28,0,7 8 9,1,70,,145596,28,0,7 8 9,1,25,,145599,28,0,7 8 9,1,70,,145601,28,0,7 8 9,1,30,,145604,28,0,7 8 9,1,100,,145607,28,0,7 8 9,1,95,,145609,28,0,7 8 9,1,121,,145611,49,,,1,90,,145612,49,,,1,95,,145613,49,,,1
2101,'20260724',728,,145614,49,,,1,120,,145615,49,,,1,155,,145616,49,,,1,55,,145617,49,,,1,100,,145618,49,,,1,55,,145620,28,0,7 8 9,1,100,,145623,28,0,7 8 9,1,25,,145624,28,0,7 8 9,1,70,,145626,28,0,7 8 9,1,35,,145628,28,0,7 8 9,1,70,,145630,28,0,7 8 9,1,120,,145634,28,0,7 8 9,1,415,,145638,28,0,7 8 9,1,70,,145640,28,0,7 8 9,1,25,,145643,28,0,7 8 9,1,70,,145645,28,0,7 8 9,1,30,,145648,28,0,7 8 9,1,100,,145651,28,0,7 8 9,1,95,,145653,28,0,7 8 9,1,121,,145655,49,,,1,90,,145656,49,,,1,95,,145657,49,,,1
2101,'20260725',903,,145658,48,0,57 8 9,1,100,,145659,48,0,57 8 9,1,55,,145660,48,0,57 8 9,1,150,,145661,48,0,57 8 9,1,100,,145664,28,0,7 8 9,1,110,,145666,28,0,7 8 9,1,105,,145668,28,0,7 8 9,1,90,,145670,28,0,7 8 9,1,105,,145673,28,0,7 8 9,1,110,,145676,28,0,7 8 9,1,95,,145680,28,0,7 8 9,1,90,,145684,28,0,7 8 9,1,95,,145688,28,0,7 8 9,1,100,,145691,28,0,7 8 9,1,100,,145694,28,0,7 8 9,1,95,,145697,28,0,7 8 9,1,100,,145700,28,0,7 8 9,1,50,,145701,48,0,57 8 9,1,95,,145702,48,0,57 8 9,1,100,,145703,48,0,57 8 9,1
2101,'20260726',903,,145704,48,0,57 8 9,1,100,,145705,48,0,57 8 9,1,55,,145706,48,0,57 8 9,1,150,,145707,48,0,57 8 9,1,100,,145709,28,0,7 8 9,1,110,,145711,28,0,7 8 9,1,105,,145713,28,0,7 8 9,1,90,,145715,28,0,7 8 9,1,105,,145718,28,0,7 8 9,1,110,,145721,28,0,7 8 9,1,95,,145725,28,0,7 8 9,1,90,,145729,28,0,7 8 9,1,95,,145733,28,0,7 8 9,1,100,,145736,28,0,7 8 9,1,100,,145739,28,0,7 8 9,1,95,,145742,28,0,7 8 9,1,100,,145744,28,0,7 8 9,1,50,,145745,48,0,57 8 9,1,95,,145746,48,0,57 8 9,1,100,,145747,48,0,57 8 9,1
2101,'20260727',728,,145748,49,,,1,120,,145749,49,,,1,155,,145750,49,,,1,55,,145751,49,,,1,100,,145752,49,,,1,55,,145754,28,0,7 8 9,1,100,,145757,28,0,7 8 9,1,25,,145758,28,0,7 8 9,1,70,,145760,28,0,7 8 9,1,35,,145762,28,0,7 8 9,1,70,,145764,28,0,7 8 9,1,120,,145768,28,0,7 8 9,1,415,,145772,28,0,7 8 9,1,70,,145774,28,0,7 8 9,1,25,,145777,28,0,7 8 9,1,70,,145779,28,0,7 8 9,1,30,,145782,28,0,7 8 9,1,100,,145785,28,0,7 8 9,1,95,,145787,28,0,7 8 9,1,121,,145789,49,,,1,90,,145790,49,,,1,95,,145791,49,,,1
2101,'20260728',728,,145792,49,,,1,120,,145793,49,,,1,155,,145794,49,,,1,55,,145795,49,,,1,100,,145796,49,,,1,55,,145798,28,0,7 8 9,1,100,,145801,28,0,7 8 9,1,25,,145802,28,0,7 8 9,1,70,,145804,28,0,7 8 9,1,35,,145806,28,0,7 8 9,1,70,,145808,28,0,7 8 9,1,120,,145812,28,0,7 8 9,1,415,,145816,28,0,7 8 9,1,70,,145818,28,0,7 8 9,1,25,,145821,28,0,7 8 9,1,70,,145823,28,0,7 8 9,1,30,,145826,28,0,7 8 9,1,100,,145829,28,0,7 8 9,1,95,,145831,28,0,7 8 9,1,121,,145833,49,,,1,90,,145834,49,,,1,95,,145835,49,,,1
2101,'20260729',728,,145836,49,,,1,120,,145837,49,,,1,155,,145838,49,,,1,55,,145839,49,,,1,100,,145840,49,,,1,55,,145842,28,0,7 8 9,1,100,,145845,28,0,7 8 9,1,25,,145846,28,0,7 8 9,1,70,,145848,28,0,7 8 9,1,35,,145850,28,0,7 8 9,1,70,,145852,28,0,7 8 9,1,120,,145856,28,0,7 8 9,1,415,,145860,28,0,7 8 9,1,70,,145862,28,0,7 8 9,1,25,,145865,28,0,7 8 9,1,70,,145867,28,0,7 8 9,1,30,,145870,28,0,7 8 9,1,100,,145873,28,0,7 8 9,1,95,,145875,28,0,7 8 9,1,121,,145877,49,,,1,90,,145878,49,,,1,95,,145879,49,,,1
2101,'20260730',728,,145880,49,,,1,120,,145881,49,,,1,155,,145882,49,,,1,55,,145883,49,,,1,100,,145884,49,,,1,55,,145886,28,0,7 8 9,1,100,,145889,28,0,7 8 9,1,25,,145890,28,0,7 8 9,1,70,,145892,28,0,7 8 9,1,35,,145894,28,0,7 8 9,1,70,,145896,28,0,7 8 9,1,120,,145900,28,0,7 8 9,1,415,,145904,28,0,7 8 9,1,70,,145906,28,0,7 8 9,1,25,,145909,28,0,7 8 9,1,70,,145911,28,0,7 8 9,1,30,,145914,28,0,7 8 9,1,100,,145917,28,0,7 8 9,1,95,,145919,28,0,7 8 9,1,121,,145921,49,,,1,90,,145922,49,,,1,95,,145923,49,,,1
2101,'20260731',728,,145924,49,,,1,120,,145925,49,,,1,155,,145926,49,,,1,55,,145927,49,,,1,100,,145928,49,,,1,55,,145930,28,0,7 8 9,1,100,,145933,28,0,7 8 9,1,25,,145934,28,0,7 8 9,1,70,,145936,28,0,7 8 9,1,35,,145938,28,0,7 8 9,1,70,,145940,28,0,7 8 9,1,120,,145944,28,0,7 8 9,1,415,,145948,28,0,7 8 9,1,70,,145950,28,0,7 8 9,1,25,,145953,28,0,7 8 9,1,70,,145955,28,0,7 8 9,1,30,,145958,28,0,7 8 9,1,100,,145961,28,0,7 8 9,1,95,,145963,28,0,7 8 9,1,121,,145965,49,,,1,90,,145966,49,,,1,95,,145967,49,,,1
2101,'20260801',903,,145968,48,0,57 8 9,1,100,,145969,48,0,57 8 9,1,55,,145970,48,0,57 8 9,1,150,,145971,48,0,57 8 9,1,100,,145974,28,0,7 8 9,1,110,,145976,28,0,7 8 9,1,105,,145978,28,0,7 8 9,1,90,,145980,28,0,7 8 9,1,105,,145983,28,0,7 8 9,1,110,,145986,28,0,7 8 9,1,95,,145990,28,0,7 8 9,1,90,,145994,28,0,7 8 9,1,95,,145998,28,0,7 8 9,1,100,,146001,28,0,7 8 9,1,100,,146004,28,0,7 8 9,1,95,,146007,28,0,7 8 9,1,100,,146010,28,0,7 8 9,1,50,,146011,48,0,57 8 9,1,95,,146012,48,0,57 8 9,1,100,,146013,48,0,57 8 9,1
2101,'20260802',903,,146014,48,0,57 8 9,1,100,,146015,48,0,57 8 9,1,55,,146016,48,0,57 8 9,1,150,,146017,48,0,57 8 9,1,100,,146019,28,0,7 8 9,1,110,,146021,28,0,7 8 9,1,105,,146023,28,0,7 8 9,1,90,,146025,28,0,7 8 9,1,105,,146028,28,0,7 8 9,1,110,,146031,28,0,7 8 9,1,95,,146035,28,0,7 8 9,1,90,,146039,28,0,7 8 9,1,95,,146043,28,0,7 8 9,1,100,,146046,28,0,7 8 9,1,100,,146049,28,0,7 8 9,1,95,,146052,28,0,7 8 9,1,100,,146054,28,0,7 8 9,1,50,,146055,48,0,57 8 9,1,95,,146056,48,0,57 8 9,1,100,,146057,48,0,57 8 9,1
2101,'20260803',903,,146058,48,0,57 8 9,1,100,,146059,48,0,57 8 9,1,55,,146060,48,0,57 8 9,1,150,,146061,48,0,57 8 9,1,100,,146064,28,0,7 8 9,1,110,,146066,28,0,7 8 9,1,105,,146068,28,0,7 8 9,1,90,,146070,28,0,7 8 9,1,105,,146073,28,0,7 8 9,1,110,,146076,28,0,7 8 9,1,95,,146080,28,0,7 8 9,1,90,,146084,28,0,7 8 9,1,95,,146088,28,0,7 8 9,1,100,,146091,28,0,7 8 9,1,100,,146094,28,0,7 8 9,1,95,,146097,28,0,7 8 9,1,100,,146100,28,0,7 8 9,1,50,,146101,48,0,57 8 9,1,95,,146102,48,0,57 8 9,1,100,,146103,48,0,57 8 9,1
2101,'20260804',728,,146104,49,,,1,120,,146105,49,,,1,155,,146106,49,,,1,55,,146107,49,,,1,100,,146108,49,,,1,55,,146110,28,0,7 8 9,1,100,,146113,28,0,7 8 9,1,25,,146114,28,0,7 8 9,1,70,,146116,28,0,7 8 9,1,35,,146118,28,0,7 8 9,1,70,,146120,28,0,7 8 9,1,120,,146124,28,0,7 8 9,1,415,,146128,28,0,7 8 9,1,70,,146130,28,0,7 8 9,1,25,,146133,28,0,7 8 9,1,70,,146135,28,0,7 8 9,1,30,,146138,28,0,7 8 9,1,100,,146141,28,0,7 8 9,1,95,,146143,28,0,7 8 9,1,121,,146145,49,,,1,90,,146146,49,,,1,95,,146147,49,,,1
2101,'20260805',728,,146148,49,,,1,120,,146149,49,,,1,155,,146150,49,,,1,55,,146151,49,,,1,100,,146152,49,,,1,55,,146154,28,0,7 8 9,1,100,,146157,28,0,7 8 9,1,25,,146158,28,0,7 8 9,1,70,,146160,28,0,7 8 9,1,35,,146162,28,0,7 8 9,1,70,,146164,28,0,7 8 9,1,120,,146168,28,0,7 8 9,1,415,,146172,28,0,7 8 9,1,70,,146174,28,0,7 8 9,1,25,,146177,28,0,7 8 9,1,70,,146179,28,0,7 8 9,1,30,,146182,28,0,7 8 9,1,100,,146185,28,0,7 8 9,1,95,,146187,28,0,7 8 9,1,121,,146189,49,,,1,90,,146190,49,,,1,95,,146191,49,,,1
2101,'20260806',728,,146192,49,,,1,120,,146193,49,,,1,155,,146194,49,,,1,55,,146195,49,,,1,100,,146196,49,,,1,55,,146198,28,0,7 8 9,1,100,,146201,28,0,7 8 9,1,25,,146202,28,0,7 8 9,1,70,,146204,28,0,7 8 9,1,35,,146206,28,0,7 8 9,1,70,,146208,28,0,7 8 9,1,120,,146212,28,0,7 8 9,1,415,,146216,28,0,7 8 9,1,70,,146218,28,0,7 8 9,1,25,,146221,28,0,7 8 9,1,70,,146223,28,0,7 8 9,1,30,,146226,28,0,7 8 9,1,100,,146229,28,0,7 8 9,1,95,,146231,28,0,7 8 9,1,121,,146233,49,,,1,90,,146234,49,,,1,95,,146235,49,,,1
2101,'20260807',728,,146236,49,,,1,120,,146237,49,,,1,155,,146238,49,,,1,55,,146239,49,,,1,100,,146240,49,,,1,55,,146242,28,0,7 8 9,1,100,,146245,28,0,7 8 9,1,25,,146246,28,0,7 8 9,1,70,,146248,28,0,7 8 9,1,35,,146250,28,0,7 8 9,1,70,,146252,28,0,7 8 9,1,120,,146256,28,0,7 8 9,1,415,,146260,28,0,7 8 9,1,70,,146262,28,0,7 8 9,1,25,,146265,28,0,7 8 9,1,70,,146267,28,0,7 8 9,1,30,,146270,28,0,7 8 9,1,100,,146273,28,0,7 8 9,1,95,,146275,28,0,7 8 9,1,121,,146277,49,,,1,90,,146278,49,,,1,95,,146279,49,,,1
2101,'20260808',903,,146280,48,0,57 8 9,1,100,,146281,48,0,57 8 9,1,55,,146282,48,0,57 8 9,1,150,,146283,48,0,57 8 9,1,100,,146286,28,0,7 8 9,1,110,,146288,28,0,7 8 9,1,105,,146290,28,0,7 8 9,1,90,,146292,28,0,7 8 9,1,105,,146295,28,0,7 8 9,1,110,,146298,28,0,7 8 9,1,95,,146302,28,0,7 8 9,1,90,,146306,28,0,7 8 9,1,95,,146310,28,0,7 8 9,1,100,,146313,28,0,7 8 9,1,100,,146316,28,0,7 8 9,1,95,,146319,28,0,7 8 9,1,100,,146322,28,0,7 8 9,1,50,,146323,48,0,57 8 9,1,95,,146324,48,0,57 8 9,1,100,,146325,48,0,57 8 9,1
2101,'20260809',903,,146326,48,0,57 8 9,1,100,,146327,48,0,57 8 9,1,55,,146328,48,0,57 8 9,1,150,,146329,48,0,57 8 9,1,100,,146331,28,0,7 8 9,1,110,,146333,28,0,7 8 9,1,105,,146335,28,0,7 8 9,1,90,,146337,28,0,7 8 9,1,105,,146340,28,0,7 8 9,1,110,,146343,28,0,7 8 9,1,95,,146347,28,0,7 8 9,1,90,,146351,28,0,7 8 9,1,95,,146355,28,0,7 8 9,1,100,,146358,28,0,7 8 9,1,100,,146361,28,0,7 8 9,1,95,,146364,28,0,7 8 9,1,100,,146366,28,0,7 8 9,1,50,,146367,48,0,57 8 9,1,95,,146368,48,0,57 8 9,1,100,,146369,48,0,57 8 9,1
2101,'20260810',728,,146370,49,,,1,120,,146371,49,,,1,155,,146372,49,,,1,55,,146373,49,,,1,100,,146374,49,,,1,55,,146376,28,0,7 8 9,1,100,,146379,28,0,7 8 9,1,25,,146380,28,0,7 8 9,1,70,,146382,28,0,7 8 9,1,35,,146384,28,0,7 8 9,1,70,,146386,28,0,7 8 9,1,120,,146390,28,0,7 8 9,1,415,,146394,28,0,7 8 9,1,70,,146396,28,0,7 8 9,1,25,,146399,28,0,7 8 9,1,70,,146401,28,0,7 8 9,1,30,,146404,28,0,7 8 9,1,100,,146407,28,0,7 8 9,1,95,,146409,28,0,7 8 9,1,121,,146411,49,,,1,90,,146412,49,,,1,95,,146413,49,,,1
2101,'20260811',728,,146414,49,,,1,120,,146415,49,,,1,155,,146416,49,,,1,55,,146417,49,,,1,100,,146418,49,,,1,55,,146420,28,0,7 8 9,1,100,,146423,28,0,7 8 9,1,25,,146424,28,0,7 8 9,1,70,,146426,28,0,7 8 9,1,35,,146428,28,0,7 8 9,1,70,,146430,28,0,7 8 9,1,120,,146434,28,0,7 8 9,1,415,,146438,28,0,7 8 9,1,70,,146440,28,0,7 8 9,1,25,,146443,28,0,7 8 9,1,70,,146445,28,0,7 8 9,1,30,,146448,28,0,7 8 9,1,100,,146451,28,0,7 8 9,1,95,,146453,28,0,7 8 9,1,121,,146455,49,,,1,90,,146456,49,,,1,95,,146457,49,,,1
2101,'20260812',728,,146458,49,,,1,120,,146459,49,,,1,155,,146460,49,,,1,55,,146461,49,,,1,100,,146462,49,,,1,55,,146464,28,0,7 8 9,1,100,,146467,28,0,7 8 9,1,25,,146468,28,0,7 8 9,1,70,,146470,28,0,7 8 9,1,35,,146472,28,0,7 8 9,1,70,,146474,28,0,7 8 9,1,120,,146478,28,0,7 8 9,1,415,,146482,28,0,7 8 9,1,70,,146484,28,0,7 8 9,1,25,,146487,28,0,7 8 9,1,70,,146489,28,0,7 8 9,1,30,,146492,28,0,7 8 9,1,100,,146495,28,0,7 8 9,1,95,,146497,28,0,7 8 9,1,121,,146499,49,,,1,90,,146500,49,,,1,95,,146501,49,,,1
2101,'20260813',728,,146502,49,,,1,120,,146503,49,,,1,155,,146504,49,,,1,55,,146505,49,,,1,100,,146506,49,,,1,55,,146508,28,0,7 8 9,1,100,,146511,28,0,7 8 9,1,25,,146512,28,0,7 8 9,1,70,,146514,28,0,7 8 9,1,35,,146516,28,0,7 8 9,1,70,,146518,28,0,7 8 9,1,120,,146522,28,0,7 8 9,1,415,,146526,28,0,7 8 9,1,70,,146528,28,0,7 8 9,1,25,,146531,28,0,7 8 9,1,70,,146533,28,0,7 8 9,1,30,,146536,28,0,7 8 9,1,100,,146539,28,0,7 8 9,1,95,,146541,28,0,7 8 9,1,121,,146543,49,,,1,90,,146544,49,,,1,95,,146545,49,,,1
2101,'20260814',728,,146546,49,,,1,120,,146547,49,,,1,155,,146548,49,,,1,55,,146549,49,,,1,100,,146550,49,,,1,55,,146552,28,0,7 8 9,1,100,,146555,28,0,7 8 9,1,25,,146556,28,0,7 8 9,1,70,,146558,28,0,7 8 9,1,35,,146560,28,0,7 8 9,1,70,,146562,28,0,7 8 9,1,120,,146566,28,0,7 8 9,1,415,,146570,28,0,7 8 9,1,70,,146572,28,0,7 8 9,1,25,,146575,28,0,7 8 9,1,70,,146577,28,0,7 8 9,1,30,,146580,28,0,7 8 9,1,100,,146583,28,0,7 8 9,1,95,,146585,28,0,7 8 9,1,121,,146587,49,,,1,90,,146588,49,,,1,95,,146589,49,,,1
2101,'20260815',903,,146590,48,0,57 8 9,1,100,,146591,48,0,57 8 9,1,55,,146592,48,0,57 8 9,1,150,,146593,48,0,57 8 9,1,100,,146596,28,0,7 8 9,1,110,,146598,28,0,7 8 9,1,105,,146600,28,0,7 8 9,1,90,,146602,28,0,7 8 9,1,105,,146605,28,0,7 8 9,1,110,,146608,28,0,7 8 9,1,95,,146612,28,0,7 8 9,1,90,,146616,28,0,7 8 9,1,95,,146620,28,0,7 8 9,1,100,,146623,28,0,7 8 9,1,100,,146626,28,0,7 8 9,1,95,,146629,28,0,7 8 9,1,100,,146632,28,0,7 8 9,1,50,,146633,48,0,57 8 9,1,95,,146634,48,0,57 8 9,1,100,,146635,48,0,57 8 9,1
2101,'20260816',903,,146636,48,0,57 8 9,1,100,,146637,48,0,57 8 9,1,55,,146638,48,0,57 8 9,1,150,,146639,48,0,57 8 9,1,100,,146641,28,0,7 8 9,1,110,,146643,28,0,7 8 9,1,105,,146645,28,0,7 8 9,1,90,,146647,28,0,7 8 9,1,105,,146650,28,0,7 8 9,1,110,,146653,28,0,7 8 9,1,95,,146657,28,0,7 8 9,1,90,,146661,28,0,7 8 9,1,95,,146665,28,0,7 8 9,1,100,,146668,28,0,7 8 9,1,100,,146671,28,0,7 8 9,1,95,,146674,28,0,7 8 9,1,100,,146676,28,0,7 8 9,1,50,,146677,48,0,57 8 9,1,95,,146678,48,0,57 8 9,1,100,,146679,48,0,57 8 9,1
2101,'20260817',728,,146680,49,,,1,120,,146681,49,,,1,155,,146682,49,,,1,55,,146683,49,,,1,100,,146684,49,,,1,55,,146686,28,0,7 8 9,1,100,,146689,28,0,7 8 9,1,25,,146690,28,0,7 8 9,1,70,,146692,28,0,7 8 9,1,35,,146694,28,0,7 8 9,1,70,,146696,28,0,7 8 9,1,120,,146700,28,0,7 8 9,1,415,,146704,28,0,7 8 9,1,70,,146706,28,0,7 8 9,1,25,,146709,28,0,7 8 9,1,70,,146711,28,0,7 8 9,1,30,,146714,28,0,7 8 9,1,100,,146717,28,0,7 8 9,1,95,,146719,28,0,7 8 9,1,121,,146721,49,,,1,90,,146722,49,,,1,95,,146723,49,,,1
2101,'20260818',728,,146724,49,,,1,120,,146725,49,,,1,155,,146726,49,,,1,55,,146727,49,,,1,100,,146728,49,,,1,55,,146730,28,0,7 8 9,1,100,,146733,28,0,7 8 9,1,25,,146734,28,0,7 8 9,1,70,,146736,28,0,7 8 9,1,35,,146738,28,0,7 8 9,1,70,,146740,28,0,7 8 9,1,120,,146744,28,0,7 8 9,1,415,,146748,28,0,7 8 9,1,70,,146750,28,0,7 8 9,1,25,,146753,28,0,7 8 9,1,70,,146755,28,0,7 8 9,1,30,,146758,28,0,7 8 9,1,100,,146761,28,0,7 8 9,1,95,,146763,28,0,7 8 9,1,121,,146765,49,,,1,90,,146766,49,,,1,95,,146767,49,,,1
2101,'20260819',728,,146768,49,,,1,120,,146769,49,,,1,155,,146770,49,,,1,55,,146771,49,,,1,100,,146772,49,,,1,55,,146774,28,0,7 8 9,1,100,,146777,28,0,7 8 9,1,25,,146778,28,0,7 8 9,1,70,,146780,28,0,7 8 9,1,35,,146782,28,0,7 8 9,1,70,,146784,28,0,7 8 9,1,120,,146788,28,0,7 8 9,1,415,,146792,28,0,7 8 9,1,70,,146794,28,0,7 8 9,1,25,,146797,28,0,7 8 9,1,70,,146799,28,0,7 8 9,1,30,,146802,28,0,7 8 9,1,100,,146805,28,0,7 8 9,1,95,,146807,28,0,7 8 9,1,121,,146809,49,,,1,90,,146810,49,,,1,95,,146811,49,,,1
2101,'20260820',728,,146812,49,,,1,120,,146813,49,,,1,155,,146814,49,,,1,55,,146815,49,,,1,100,,146816,49,,,1,55,,146818,28,0,7 8 9,1,100,,146821,28,0,7 8 9,1,25,,146822,28,0,7 8 9,1,70,,146824,28,0,7 8 9,1,35,,146826,28,0,7 8 9,1,70,,146828,28,0,7 8 9,1,120,,146832,28,0,7 8 9,1,415,,146836,28,0,7 8 9,1,70,,146838,28,0,7 8 9,1,25,,146841,28,0,7 8 9,1,70,,146843,28,0,7 8 9,1,30,,146846,28,0,7 8 9,1,100,,146849,28,0,7 8 9,1,95,,146851,28,0,7 8 9,1,121,,146853,49,,,1,90,,146854,49,,,1,95,,146855,49,,,1
2101,'20260821',728,,146856,49,,,1,120,,146857,49,,,1,155,,146858,49,,,1,55,,146859,49,,,1,100,,146860,49,,,1,55,,146862,28,0,7 8 9,1,100,,146865,28,0,7 8 9,1,25,,146866,28,0,7 8 9,1,70,,146868,28,0,7 8 9,1,35,,146870,28,0,7 8 9,1,70,,146872,28,0,7 8 9,1,120,,146876,28,0,7 8 9,1,415,,146880,28,0,7 8 9,1,70,,146882,28,0,7 8 9,1,25,,146885,28,0,7 8 9,1,70,,146887,28,0,7 8 9,1,30,,146890,28,0,7 8 9,1,100,,146893,28,0,7 8 9,1,95,,146895,28,0,7 8 9,1,121,,146897,49,,,1,90,,146898,49,,,1,95,,146899,49,,,1
2101,'20260822',903,,146900,48,0,57 8 9,1,100,,146901,48,0,57 8 9,1,55,,146902,48,0,57 8 9,1,150,,146903,48,0,57 8 9,1,100,,146906,28,0,7 8 9,1,110,,146908,28,0,7 8 9,1,105,,146910,28,0,7 8 9,1,90,,146912,28,0,7 8 9,1,105,,146915,28,0,7 8 9,1,110,,146918,28,0,7 8 9,1,95,,146922,28,0,7 8 9,1,90,,146926,28,0,7 8 9,1,95,,146930,28,0,7 8 9,1,100,,146933,28,0,7 8 9,1,100,,146936,28,0,7 8 9,1,95,,146939,28,0,7 8 9,1,100,,146942,28,0,7 8 9,1,50,,146943,48,0,57 8 9,1,95,,146944,48,0,57 8 9,1,100,,146945,48,0,57 8 9,1
2101,'20260823',903,,146946,48,0,57 8 9,1,100,,146947,48,0,57 8 9,1,55,,146948,48,0,57 8 9,1,150,,146949,48,0,57 8 9,1,100,,146951,28,0,7 8 9,1,110,,146953,28,0,7 8 9,1,105,,146955,28,0,7 8 9,1,90,,146957,28,0,7 8 9,1,105,,146960,28,0,7 8 9,1,110,,146963,28,0,7 8 9,1,95,,146967,28,0,7 8 9,1,90,,146971,28,0,7 8 9,1,95,,146975,28,0,7 8 9,1,100,,146978,28,0,7 8 9,1,100,,146981,28,0,7 8 9,1,95,,146984,28,0,7 8 9,1,100,,146986,28,0,7 8 9,1,50,,146987,48,0,57 8 9,1,95,,146988,48,0,57 8 9,1,100,,146989,48,0,57 8 9,1
2101,'20260824',728,,146990,49,,,1,120,,146991,49,,,1,155,,146992,49,,,1,55,,146993,49,,,1,100,,146994,49,,,1,55,,146996,28,0,7 8 9,1,100,,146999,28,0,7 8 9,1,25,,147000,28,0,7 8 9,1,70,,147002,28,0,7 8 9,1,35,,147004,28,0,7 8 9,1,70,,147006,28,0,7 8 9,1,120,,147010,28,0,7 8 9,1,415,,147014,28,0,7 8 9,1,70,,147016,28,0,7 8 9,1,25,,147019,28,0,7 8 9,1,70,,147021,28,0,7 8 9,1,30,,147024,28,0,7 8 9,1,100,,147027,28,0,7 8 9,1,95,,147029,28,0,7 8 9,1,121,,147031,49,,,1,90,,147032,49,,,1,95,,147033,49,,,1
2101,'20260825',728,,147034,49,,,1,120,,147035,49,,,1,155,,147036,49,,,1,55,,147037,49,,,1,100,,147038,49,,,1,55,,147040,28,0,7 8 9,1,100,,147043,28,0,7 8 9,1,25,,147044,28,0,7 8 9,1,70,,147046,28,0,7 8 9,1,35,,147048,28,0,7 8 9,1,70,,147050,28,0,7 8 9,1,120,,147054,28,0,7 8 9,1,415,,147058,28,0,7 8 9,1,70,,147060,28,0,7 8 9,1,25,,147063,28,0,7 8 9,1,70,,147065,28,0,7 8 9,1,30,,147068,28,0,7 8 9,1,100,,147071,28,0,7 8 9,1,95,,147073,28,0,7 8 9,1,121,,147075,49,,,1,90,,147076,49,,,1,95,,147077,49,,,1
2101,'20260826',728,,147078,49,,,1,120,,147079,49,,,1,155,,147080,49,,,1,55,,147081,49,,,1,100,,147082,49,,,1,55,,147084,28,0,7 8 9,1,100,,147087,28,0,7 8 9,1,25,,147088,28,0,7 8 9,1,70,,147090,28,0,7 8 9,1,35,,147092,28,0,7 8 9,1,70,,147094,28,0,7 8 9,1,120,,147098,28,0,7 8 9,1,415,,147102,28,0,7 8 9,1,70,,147104,28,0,7 8 9,1,25,,147107,28,0,7 8 9,1,70,,147109,28,0,7 8 9,1,30,,147112,28,0,7 8 9,1,100,,147115,28,0,7 8 9,1,95,,147117,28,0,7 8 9,1,121,,147119,49,,,1,90,,147120,49,,,1,95,,147121,49,,,1
2101,'20260827',728,,147122,49,,,1,120,,147123,49,,,1,155,,147124,49,,,1,55,,147125,49,,,1,100,,147126,49,,,1,55,,147128,28,0,7 8 9,1,100,,147131,28,0,7 8 9,1,25,,147132,28,0,7 8 9,1,70,,147134,28,0,7 8 9,1,35,,147136,28,0,7 8 9,1,70,,147138,28,0,7 8 9,1,120,,147142,28,0,7 8 9,1,415,,147146,28,0,7 8 9,1,70,,147148,28,0,7 8 9,1,25,,147151,28,0,7 8 9,1,70,,147153,28,0,7 8 9,1,30,,147156,28,0,7 8 9,1,100,,147159,28,0,7 8 9,1,95,,147161,28,0,7 8 9,1,121,,147163,49,,,1,90,,147164,49,,,1,95,,147165,49,,,1
2101,'20260828',728,,147166,49,,,1,120,,147167,49,,,1,155,,147168,49,,,1,55,,147169,49,,,1,100,,147170,49,,,1,55,,147172,28,0,7 8 9,1,100,,147175,28,0,7 8 9,1,25,,147176,28,0,7 8 9,1,70,,147178,28,0,7 8 9,1,35,,147180,28,0,7 8 9,1,70,,147182,28,0,7 8 9,1,120,,147186,28,0,7 8 9,1,415,,147190,28,0,7 8 9,1,70,,147192,28,0,7 8 9,1,25,,147195,28,0,7 8 9,1,70,,147197,28,0,7 8 9,1,30,,147200,28,0,7 8 9,1,100,,147203,28,0,7 8 9,1,95,,147205,28,0,7 8 9,1,121,,147207,49,,,1,90,,147208,49,,,1,95,,147209,49,,,1
2101,'20260829',903,,147210,48,0,57 8 9,1,100,,147211,48,0,57 8 9,1,55,,147212,48,0,57 8 9,1,150,,147213,48,0,57 8 9,1,100,,147216,28,0,7 8 9,1,110,,147218,28,0,7 8 9,1,105,,147220,28,0,7 8 9,1,90,,147222,28,0,7 8 9,1,105,,147225,28,0,7 8 9,1,110,,147228,28,0,7 8 9,1,95,,147232,28,0,7 8 9,1,90,,147236,28,0,7 8 9,1,95,,147240,28,0,7 8 9,1,100,,147243,28,0,7 8 9,1,100,,147246,28,0,7 8 9,1,95,,147249,28,0,7 8 9,1,100,,147252,28,0,7 8 9,1,50,,147253,48,0,57 8 9,1,95,,147254,48,0,57 8 9,1,100,,147255,48,0,57 8 9,1
2101,'20260830',903,,147256,48,0,57 8 9,1,100,,147257,48,0,57 8 9,1,55,,147258,48,0,57 8 9,1,150,,147259,48,0,57 8 9,1,100,,147261,28,0,7 8 9,1,110,,147263,28,0,7 8 9,1,105,,147265,28,0,7 8 9,1,90,,147267,28,0,7 8 9,1,105,,147270,28,0,7 8 9,1,110,,147273,28,0,7 8 9,1,95,,147277,28,0,7 8 9,1,90,,147281,28,0,7 8 9,1,95,,147285,28,0,7 8 9,1,100,,147288,28,0,7 8 9,1,100,,147291,28,0,7 8 9,1,95,,147294,28,0,7 8 9,1,100,,147296,28,0,7 8 9,1,50,,147297,48,0,57 8 9,1,95,,147298,48,0,57 8 9,1,100,,147299,48,0,57 8 9,1
2101,'20260831',728,,147300,49,,,1,120,,147301,49,,,1,155,,147302,49,,,1,55,,147303,49,,,1,100,,147304,49,,,1,55,,147306,28,0,7 8 9,1,100,,147309,28,0,7 8 9,1,25,,147310,28,0,7 8 9,1,70,,147312,28,0,7 8 9,1,35,,147314,28,0,7 8 9,1,70,,147316,28,0,7 8 9,1,120,,147320,28,0,7 8 9,1,415,,147324,28,0,7 8 9,1,70,,147326,28,0,7 8 9,1,25,,147329,28,0,7 8 9,1,70,,147331,28,0,7 8 9,1,30,,147334,28,0,7 8 9,1,100,,147337,28,0,7 8 9,1,95,,147339,28,0,7 8 9,1,121,,147341,49,,,1,90,,147342,49,,,1,95,,147343,49,,,1
2101,'20260901',728,,147344,49,,,1,120,,147345,49,,,1,155,,147346,49,,,1,55,,147347,49,,,1,100,,147348,49,,,1,55,,147350,28,0,7 8 9,1,100,,147353,28,0,7 8 9,1,25,,147354,28,0,7 8 9,1,70,,147356,28,0,7 8 9,1,35,,147358,28,0,7 8 9,1,70,,147360,28,0,7 8 9,1,120,,147364,28,0,7 8 9,1,415,,147368,28,0,7 8 9,1,70,,147370,28,0,7 8 9,1,25,,147373,28,0,7 8 9,1,70,,147375,28,0,7 8 9,1,30,,147378,28,0,7 8 9,1,100,,147381,28,0,7 8 9,1,95,,147383,28,0,7 8 9,1,121,,147385,49,,,1,90,,147386,49,,,1,95,,147387,49,,,1
2101,'20260902',728,,147388,49,,,1,120,,147389,49,,,1,155,,147390,49,,,1,55,,147391,49,,,1,100,,147392,49,,,1,55,,147394,28,0,7 8 9,1,100,,147397,28,0,7 8 9,1,25,,147398,28,0,7 8 9,1,70,,147400,28,0,7 8 9,1,35,,147402,28,0,7 8 9,1,70,,147404,28,0,7 8 9,1,120,,147408,28,0,7 8 9,1,415,,147412,28,0,7 8 9,1,70,,147414,28,0,7 8 9,1,25,,147417,28,0,7 8 9,1,70,,147419,28,0,7 8 9,1,30,,147422,28,0,7 8 9,1,100,,147425,28,0,7 8 9,1,95,,147427,28,0,7 8 9,1,121,,147429,49,,,1,90,,147430,49,,,1,95,,147431,49,,,1
2101,'20260903',728,,147432,49,,,1,120,,147433,49,,,1,155,,147434,49,,,1,55,,147435,49,,,1,100,,147436,49,,,1,55,,147438,28,0,7 8 9,1,100,,147441,28,0,7 8 9,1,25,,147442,28,0,7 8 9,1,70,,147444,28,0,7 8 9,1,35,,147446,28,0,7 8 9,1,70,,147448,28,0,7 8 9,1,120,,147452,28,0,7 8 9,1,415,,147456,28,0,7 8 9,1,70,,147458,28,0,7 8 9,1,25,,147461,28,0,7 8 9,1,70,,147463,28,0,7 8 9,1,30,,147466,28,0,7 8 9,1,100,,147469,28,0,7 8 9,1,95,,147471,28,0,7 8 9,1,121,,147473,49,,,1,90,,147474,49,,,1,95,,147475,49,,,1
2101,'20260904',728,,147476,49,,,1,120,,147477,49,,,1,155,,147478,49,,,1,55,,147479,49,,,1,100,,147480,49,,,1,55,,147482,28,0,7 8 9,1,100,,147485,28,0,7 8 9,1,25,,147486,28,0,7 8 9,1,70,,147488,28,0,7 8 9,1,35,,147490,28,0,7 8 9,1,70,,147492,28,0,7 8 9,1,120,,147496,28,0,7 8 9,1,415,,147500,28,0,7 8 9,1,70,,147502,28,0,7 8 9,1,25,,147505,28,0,7 8 9,1,70,,147507,28,0,7 8 9,1,30,,147510,28,0,7 8 9,1,100,,147513,28,0,7 8 9,1,95,,147515,28,0,7 8 9,1,121,,147517,49,,,1,90,,147518,49,,,1,95,,147519,49,,,1
2200,'20260716',852,,147696,22,,,1,100,,147697,22,,,1,196,,147698,22,,,1,205,,147699,22,,,1,201,,147700,22,,,1,195,,147701,22,,,1,205,,147702,22,,,1,200,,147703,22,,,1
2200,'20260717',852,,147704,22,,,1,100,,147705,22,,,1,196,,147706,22,,,1,205,,147707,22,,,1,201,,147708,22,,,1,195,,147709,22,,,1,205,,147710,22,,,1,200,,147711,22,,,1
2200,'20260720',852,,147712,22,,,1,100,,147713,22,,,1,196,,147714,22,,,1,205,,147715,22,,,1,201,,147716,22,,,1,195,,147717,22,,,1,205,,147718,22,,,1,200,,147719,22,,,1
2200,'20260721',852,,147720,22,,,1,100,,147721,22,,,1,196,,147722,22,,,1,205,,147723,22,,,1,201,,147724,22,,,1,195,,147725,22,,,1,205,,147726,22,,,1,200,,147727,22,,,1
2200,'20260722',852,,147728,22,,,1,100,,147729,22,,,1,196,,147730,22,,,1,205,,147731,22,,,1,201,,147732,22,,,1,195,,147733,22,,,1,205,,147734,22,,,1,200,,147735,22,,,1
2200,'20260723',852,,147736,22,,,1,100,,147737,22,,,1,196,,147738,22,,,1,205,,147739,22,,,1,201,,147740,22,,,1,195,,147741,22,,,1,205,,147742,22,,,1,200,,147743,22,,,1
2200,'20260724',852,,147744,22,,,1,100,,147745,22,,,1,196,,147746,22,,,1,205,,147747,22,,,1,201,,147748,22,,,1,195,,147749,22,,,1,205,,147750,22,,,1,200,,147751,22,,,1
2200,'20260727',852,,147752,22,,,1,100,,147753,22,,,1,196,,147754,22,,,1,205,,147755,22,,,1,201,,147756,22,,,1,195,,147757,22,,,1,205,,147758,22,,,1,200,,147759,22,,,1
2200,'20260728',852,,147760,22,,,1,100,,147761,22,,,1,196,,147762,22,,,1,205,,147763,22,,,1,201,,147764,22,,,1,195,,147765,22,,,1,205,,147766,22,,,1,200,,147767,22,,,1
2200,'20260729',852,,147768,22,,,1,100,,147769,22,,,1,196,,147770,22,,,1,205,,147771,22,,,1,201,,147772,22,,,1,195,,147773,22,,,1,205,,147774,22,,,1,200,,147775,22,,,1
2200,'20260730',852,,147776,22,,,1,100,,147777,22,,,1,196,,147778,22,,,1,205,,147779,22,,,1,201,,147780,22,,,1,195,,147781,22,,,1,205,,147782,22,,,1,200,,147783,22,,,1
2200,'20260731',852,,147784,22,,,1,100,,147785,22,,,1,196,,147786,22,,,1,205,,147787,22,,,1,201,,147788,22,,,1,195,,147789,22,,,1,205,,147790,22,,,1,200,,147791,22,,,1
2200,'20260804',852,,147792,22,,,1,100,,147793,22,,,1,196,,147794,22,,,1,205,,147795,22,,,1,201,,147796,22,,,1,195,,147797,22,,,1,205,,147798,22,,,1,200,,147799,22,,,1
2200,'20260805',852,,147800,22,,,1,100,,147801,22,,,1,196,,147802,22,,,1,205,,147803,22,,,1,201,,147804,22,,,1,195,,147805,22,,,1,205,,147806,22,,,1,200,,147807,22,,,1
2200,'20260806',852,,147808,22,,,1,100,,147809,22,,,1,196,,147810,22,,,1,205,,147811,22,,,1,201,,147812,22,,,1,195,,147813,22,,,1,205,,147814,22,,,1,200,,147815,22,,,1
2200,'20260807',852,,147816,22,,,1,100,,147817,22,,,1,196,,147818,22,,,1,205,,147819,22,,,1,201,,147820,22,,,1,195,,147821,22,,,1,205,,147822,22,,,1,200,,147823,22,,,1
2200,'20260810',852,,147824,22,,,1,100,,147825,22,,,1,196,,147826,22,,,1,205,,147827,22,,,1,201,,147828,22,,,1,195,,147829,22,,,1,205,,147830,22,,,1,200,,147831,22,,,1
2200,'20260811',852,,147832,22,,,1,100,,147833,22,,,1,196,,147834,22,,,1,205,,147835,22,,,1,201,,147836,22,,,1,195,,147837,22,,,1,205,,147838,22,,,1,200,,147839,22,,,1
2200,'20260812',852,,147840,22,,,1,100,,147841,22,,,1,196,,147842,22,,,1,205,,147843,22,,,1,201,,147844,22,,,1,195,,147845,22,,,1,205,,147846,22,,,1,200,,147847,22,,,1
2200,'20260813',852,,147848,22,,,1,100,,147849,22,,,1,196,,147850,22,,,1,205,,147851,22,,,1,201,,147852,22,,,1,195,,147853,22,,,1,205,,147854,22,,,1,200,,147855,22,,,1
2200,'20260814',852,,147856,22,,,1,100,,147857,22,,,1,196,,147858,22,,,1,205,,147859,22,,,1,201,,147860,22,,,1,195,,147861,22,,,1,205,,147862,22,,,1,200,,147863,22,,,1
2200,'20260817',852,,147864,22,,,1,100,,147865,22,,,1,196,,147866,22,,,1,205,,147867,22,,,1,201,,147868,22,,,1,195,,147869,22,,,1,205,,147870,22,,,1,200,,147871,22,,,1
2200,'20260818',852,,147872,22,,,1,100,,147873,22,,,1,196,,147874,22,,,1,205,,147875,22,,,1,201,,147876,22,,,1,195,,147877,22,,,1,205,,147878,22,,,1,200,,147879,22,,,1
2200,'20260819',852,,147880,22,,,1,100,,147881,22,,,1,196,,147882,22,,,1,205,,147883,22,,,1,201,,147884,22,,,1,195,,147885,22,,,1,205,,147886,22,,,1,200,,147887,22,,,1
2200,'20260820',852,,147888,22,,,1,100,,147889,22,,,1,196,,147890,22,,,1,205,,147891,22,,,1,201,,147892,22,,,1,195,,147893,22,,,1,205,,147894,22,,,1,200,,147895,22,,,1
2200,'20260821',852,,147896,22,,,1,100,,147897,22,,,1,196,,147898,22,,,1,205,,147899,22,,,1,201,,147900,22,,,1,195,,147901,22,,,1,205,,147902,22,,,1,200,,147903,22,,,1
2200,'20260824',852,,147904,22,,,1,100,,147905,22,,,1,196,,147906,22,,,1,205,,147907,22,,,1,201,,147908,22,,,1,195,,147909,22,,,1,205,,147910,22,,,1,200,,147911,22,,,1
2200,'20260825',852,,147912,22,,,1,100,,147913,22,,,1,196,,147914,22,,,1,205,,147915,22,,,1,201,,147916,22,,,1,195,,147917,22,,,1,205,,147918,22,,,1,200,,147919,22,,,1
2200,'20260826',852,,147920,22,,,1,100,,147921,22,,,1,196,,147922,22,,,1,205,,147923,22,,,1,201,,147924,22,,,1,195,,147925,22,,,1,205,,147926,22,,,1,200,,147927,22,,,1
2200,'20260827',852,,147928,22,,,1,100,,147929,22,,,1,196,,147930,22,,,1,205,,147931,22,,,1,201,,147932,22,,,1,195,,147933,22,,,1,205,,147934,22,,,1,200,,147935,22,,,1
2200,'20260828',852,,147936,22,,,1,100,,147937,22,,,1,196,,147938,22,,,1,205,,147939,22,,,1,201,,147940,22,,,1,195,,147941,22,,,1,205,,147942,22,,,1,200,,147943,22,,,1
2200,'20260831',852,,147944,22,,,1,100,,147945,22,,,1,196,,147946,22,,,1,205,,147947,22,,,1,201,,147948,22,,,1,195,,147949,22,,,1,205,,147950,22,,,1,200,,147951,22,,,1
2200,'20260901',852,,147952,22,,,1,100,,147953,22,,,1,196,,147954,22,,,1,205,,147955,22,,,1,201,,147956,22,,,1,195,,147957,22,,,1,205,,147958,22,,,1,200,,147959,22,,,1
2200,'20260902',852,,147960,22,,,1,100,,147961,22,,,1,196,,147962,22,,,1,205,,147963,22,,,1,201,,147964,22,,,1,195,,147965,22,,,1,205,,147966,22,,,1,200,,147967,22,,,1
2200,'20260903',852,,147968,22,,,1,100,,147969,22,,,1,196,,147970,22,,,1,205,,147971,22,,,1,201,,147972,22,,,1,195,,147973,22,,,1,205,,147974,22,,,1,200,,147975,22,,,1
2200,'20260904',852,,147976,22,,,1,100,,147977,22,,,1,196,,147978,22,,,1,205,,147979,22,,,1,201,,147980,22,,,1,195,,147981,22,,,1,205,,147982,22,,,1,200,,147983,22,,,1
2701,'20260716',646,,156162,42,0,7 8 9,1,155,,156163,43,0,57 8 9,1,25,,156164,43,0,57 8 9,1,30,,156166,43,0,57 8 9,1,65,,156168,43,0,57 8 9,1,30,,156170,43,0,57 8 9,1,80,,156171,42,0,7 8 9,1,574,,156176,43,0,57 8 9,1,119,,156178,43,0,57 8 9,1,30,,156179,43,0,57 8 9,1,70,,156180,43,0,57 8 9,1,31,,156181,43,0,57 8 9,1,65,,156182,43,0,57 8 9,1,30,,156183,42,0,7 8 9,1,65,,156184,42,0,7 8 9,1
2701,'20260717',646,,156190,42,0,7 8 9,1,155,,156191,43,0,57 8 9,1,25,,156192,43,0,57 8 9,1,30,,156194,43,0,57 8 9,1,65,,156196,43,0,57 8 9,1,30,,156198,43,0,57 8 9,1,80,,156199,42,0,7 8 9,1,574,,156204,43,0,57 8 9,1,119,,156206,43,0,57 8 9,1,30,,156207,43,0,57 8 9,1,70,,156208,43,0,57 8 9,1,31,,156209,43,0,57 8 9,1,65,,156210,43,0,57 8 9,1,30,,156211,42,0,7 8 9,1,65,,156212,42,0,7 8 9,1
2701,'20260718',742,,156218,42,0,7 8 9,1
2701,'20260719',742,,156234,42,0,7 8 9,1
2701,'20260720',646,,156250,42,0,7 8 9,1,155,,156251,43,0,57 8 9,1,25,,156252,43,0,57 8 9,1,30,,156254,43,0,57 8 9,1,65,,156256,43,0,57 8 9,1,30,,156258,43,0,57 8 9,1,80,,156259,42,0,7 8 9,1,574,,156264,43,0,57 8 9,1,119,,156266,43,0,57 8 9,1,30,,156267,43,0,57 8 9,1,70,,156268,43,0,57 8 9,1,31,,156269,43,0,57 8 9,1,65,,156270,43,0,57 8 9,1,30,,156271,42,0,7 8 9,1,65,,156272,42,0,7 8 9,1
2701,'20260721',646,,156278,42,0,7 8 9,1,155,,156279,43,0,57 8 9,1,25,,156280,43,0,57 8 9,1,30,,156282,43,0,57 8 9,1,65,,156284,43,0,57 8 9,1,30,,156286,43,0,57 8 9,1,80,,156287,42,0,7 8 9,1,574,,156292,43,0,57 8 9,1,119,,156294,43,0,57 8 9,1,30,,156295,43,0,57 8 9,1,70,,156296,43,0,57 8 9,1,31,,156297,43,0,57 8 9,1,65,,156298,43,0,57 8 9,1,30,,156299,42,0,7 8 9,1,65,,156300,42,0,7 8 9,1
2701,'20260722',646,,156306,42,0,7 8 9,1,155,,156307,43,0,57 8 9,1,25,,156308,43,0,57 8 9,1,30,,156310,43,0,57 8 9,1,65,,156312,43,0,57 8 9,1,30,,156314,43,0,57 8 9,1,80,,156315,42,0,7 8 9,1,574,,156320,43,0,57 8 9,1,119,,156322,43,0,57 8 9,1,30,,156323,43,0,57 8 9,1,70,,156324,43,0,57 8 9,1,31,,156325,43,0,57 8 9,1,65,,156326,43,0,57 8 9,1,30,,156327,42,0,7 8 9,1,65,,156328,42,0,7 8 9,1
2701,'20260723',646,,156334,42,0,7 8 9,1,155,,156335,43,0,57 8 9,1,25,,156336,43,0,57 8 9,1,30,,156338,43,0,57 8 9,1,65,,156340,43,0,57 8 9,1,30,,156342,43,0,57 8 9,1,80,,156343,42,0,7 8 9,1,574,,156348,43,0,57 8 9,1,119,,156350,43,0,57 8 9,1,30,,156351,43,0,57 8 9,1,70,,156352,43,0,57 8 9,1,31,,156353,43,0,57 8 9,1,65,,156354,43,0,57 8 9,1,30,,156355,42,0,7 8 9,1,65,,156356,42,0,7 8 9,1
2701,'20260724',646,,156362,42,0,7 8 9,1,155,,156363,43,0,57 8 9,1,25,,156364,43,0,57 8 9,1,30,,156366,43,0,57 8 9,1,65,,156368,43,0,57 8 9,1,30,,156370,43,0,57 8 9,1,80,,156371,42,0,7 8 9,1,574,,156376,43,0,57 8 9,1,119,,156378,43,0,57 8 9,1,30,,156379,43,0,57 8 9,1,70,,156380,43,0,57 8 9,1,31,,156381,43,0,57 8 9,1,65,,156382,43,0,57 8 9,1,30,,156383,42,0,7 8 9,1,65,,156384,42,0,7 8 9,1
2701,'20260725',742,,156390,42,0,7 8 9,1
2701,'20260726',742,,156406,42,0,7 8 9,1
2701,'20260727',646,,156422,42,0,7 8 9,1,155,,156423,43,0,57 8 9,1,25,,156424,43,0,57 8 9,1,30,,156426,43,0,57 8 9,1,65,,156428,43,0,57 8 9,1,30,,156430,43,0,57 8 9,1,80,,156431,42,0,7 8 9,1,574,,156436,43,0,57 8 9,1,119,,156438,43,0,57 8 9,1,30,,156439,43,0,57 8 9,1,70,,156440,43,0,57 8 9,1,31,,156441,43,0,57 8 9,1,65,,156442,43,0,57 8 9,1,30,,156443,42,0,7 8 9,1,65,,156444,42,0,7 8 9,1
2701,'20260728',646,,156450,42,0,7 8 9,1,155,,156451,43,0,57 8 9,1,25,,156452,43,0,57 8 9,1,30,,156454,43,0,57 8 9,1,65,,156456,43,0,57 8 9,1,30,,156458,43,0,57 8 9,1,80,,156459,42,0,7 8 9,1,574,,156464,43,0,57 8 9,1,119,,156466,43,0,57 8 9,1,30,,156467,43,0,57 8 9,1,70,,156468,43,0,57 8 9,1,31,,156469,43,0,57 8 9,1,65,,156470,43,0,57 8 9,1,30,,156471,42,0,7 8 9,1,65,,156472,42,0,7 8 9,1
2701,'20260729',646,,156478,42,0,7 8 9,1,155,,156479,43,0,57 8 9,1,25,,156480,43,0,57 8 9,1,30,,156482,43,0,57 8 9,1,65,,156484,43,0,57 8 9,1,30,,156486,43,0,57 8 9,1,80,,156487,42,0,7 8 9,1,574,,156492,43,0,57 8 9,1,119,,156494,43,0,57 8 9,1,30,,156495,43,0,57 8 9,1,70,,156496,43,0,57 8 9,1,31,,156497,43,0,57 8 9,1,65,,156498,43,0,57 8 9,1,30,,156499,42,0,7 8 9,1,65,,156500,42,0,7 8 9,1
2701,'20260730',646,,156506,42,0,7 8 9,1,155,,156507,43,0,57 8 9,1,25,,156508,43,0,57 8 9,1,30,,156510,43,0,57 8 9,1,65,,156512,43,0,57 8 9,1,30,,156514,43,0,57 8 9,1,80,,156515,42,0,7 8 9,1,574,,156520,43,0,57 8 9,1,119,,156522,43,0,57 8 9,1,30,,156523,43,0,57 8 9,1,70,,156524,43,0,57 8 9,1,31,,156525,43,0,57 8 9,1,65,,156526,43,0,57 8 9,1,30,,156527,42,0,7 8 9,1,65,,156528,42,0,7 8 9,1
2701,'20260731',646,,156534,42,0,7 8 9,1,155,,156535,43,0,57 8 9,1,25,,156536,43,0,57 8 9,1,30,,156538,43,0,57 8 9,1,65,,156540,43,0,57 8 9,1,30,,156542,43,0,57 8 9,1,80,,156543,42,0,7 8 9,1,574,,156548,43,0,57 8 9,1,119,,156550,43,0,57 8 9,1,30,,156551,43,0,57 8 9,1,70,,156552,43,0,57 8 9,1,31,,156553,43,0,57 8 9,1,65,,156554,43,0,57 8 9,1,30,,156555,42,0,7 8 9,1,65,,156556,42,0,7 8 9,1
2701,'20260801',742,,156562,42,0,7 8 9,1
2701,'20260802',742,,156578,42,0,7 8 9,1
2701,'20260803',742,,156594,42,0,7 8 9,1
2701,'20260804',646,,156610,42,0,7 8 9,1,155,,156611,43,0,57 8 9,1,25,,156612,43,0,57 8 9,1,30,,156614,43,0,57 8 9,1,65,,156616,43,0,57 8 9,1,30,,156618,43,0,57 8 9,1,80,,156619,42,0,7 8 9,1,574,,156624,43,0,57 8 9,1,119,,156626,43,0,57 8 9,1,30,,156627,43,0,57 8 9,1,70,,156628,43,0,57 8 9,1,31,,156629,43,0,57 8 9,1,65,,156630,43,0,57 8 9,1,30,,156631,42,0,7 8 9,1,65,,156632,42,0,7 8 9,1
2701,'20260805',646,,156638,42,0,7 8 9,1,155,,156639,43,0,57 8 9,1,25,,156640,43,0,57 8 9,1,30,,156642,43,0,57 8 9,1,65,,156644,43,0,57 8 9,1,30,,156646,43,0,57 8 9,1,80,,156647,42,0,7 8 9,1,574,,156652,43,0,57 8 9,1,119,,156654,43,0,57 8 9,1,30,,156655,43,0,57 8 9,1,70,,156656,43,0,57 8 9,1,31,,156657,43,0,57 8 9,1,65,,156658,43,0,57 8 9,1,30,,156659,42,0,7 8 9,1,65,,156660,42,0,7 8 9,1
2701,'20260806',646,,156666,42,0,7 8 9,1,155,,156667,43,0,57 8 9,1,25,,156668,43,0,57 8 9,1,30,,156670,43,0,57 8 9,1,65,,156672,43,0,57 8 9,1,30,,156674,43,0,57 8 9,1,80,,156675,42,0,7 8 9,1,574,,156680,43,0,57 8 9,1,119,,156682,43,0,57 8 9,1,30,,156683,43,0,57 8 9,1,70,,156684,43,0,57 8 9,1,31,,156685,43,0,57 8 9,1,65,,156686,43,0,57 8 9,1,30,,156687,42,0,7 8 9,1,65,,156688,42,0,7 8 9,1
2701,'20260807',646,,156694,42,0,7 8 9,1,155,,156695,43,0,57 8 9,1,25,,156696,43,0,57 8 9,1,30,,156698,43,0,57 8 9,1,65,,156700,43,0,57 8 9,1,30,,156702,43,0,57 8 9,1,80,,156703,42,0,7 8 9,1,574,,156708,43,0,57 8 9,1,119,,156710,43,0,57 8 9,1,30,,156711,43,0,57 8 9,1,70,,156712,43,0,57 8 9,1,31,,156713,43,0,57 8 9,1,65,,156714,43,0,57 8 9,1,30,,156715,42,0,7 8 9,1,65,,156716,42,0,7 8 9,1
2701,'20260808',742,,156722,42,0,7 8 9,1
2701,'20260809',742,,156738,42,0,7 8 9,1
2701,'20260810',646,,156754,42,0,7 8 9,1,155,,156755,43,0,57 8 9,1,25,,156756,43,0,57 8 9,1,30,,156758,43,0,57 8 9,1,65,,156760,43,0,57 8 9,1,30,,156762,43,0,57 8 9,1,80,,156763,42,0,7 8 9,1,574,,156768,43,0,57 8 9,1,119,,156770,43,0,57 8 9,1,30,,156771,43,0,57 8 9,1,70,,156772,43,0,57 8 9,1,31,,156773,43,0,57 8 9,1,65,,156774,43,0,57 8 9,1,30,,156775,42,0,7 8 9,1,65,,156776,42,0,7 8 9,1
2701,'20260811',646,,156782,42,0,7 8 9,1,155,,156783,43,0,57 8 9,1,25,,156784,43,0,57 8 9,1,30,,156786,43,0,57 8 9,1,65,,156788,43,0,57 8 9,1,30,,156790,43,0,57 8 9,1,80,,156791,42,0,7 8 9,1,574,,156796,43,0,57 8 9,1,119,,156798,43,0,57 8 9,1,30,,156799,43,0,57 8 9,1,70,,156800,43,0,57 8 9,1,31,,156801,43,0,57 8 9,1,65,,156802,43,0,57 8 9,1,30,,156803,42,0,7 8 9,1,65,,156804,42,0,7 8 9,1
2701,'20260812',646,,156810,42,0,7 8 9,1,155,,156811,43,0,57 8 9,1,25,,156812,43,0,57 8 9,1,30,,156814,43,0,57 8 9,1,65,,156816,43,0,57 8 9,1,30,,156818,43,0,57 8 9,1,80,,156819,42,0,7 8 9,1,574,,156824,43,0,57 8 9,1,119,,156826,43,0,57 8 9,1,30,,156827,43,0,57 8 9,1,70,,156828,43,0,57 8 9,1,31,,156829,43,0,57 8 9,1,65,,156830,43,0,57 8 9,1,30,,156831,42,0,7 8 9,1,65,,156832,42,0,7 8 9,1
2701,'20260813',646,,156838,42,0,7 8 9,1,155,,156839,43,0,57 8 9,1,25,,156840,43,0,57 8 9,1,30,,156842,43,0,57 8 9,1,65,,156844,43,0,57 8 9,1,30,,156846,43,0,57 8 9,1,80,,156847,42,0,7 8 9,1,574,,156852,43,0,57 8 9,1,119,,156854,43,0,57 8 9,1,30,,156855,43,0,57 8 9,1,70,,156856,43,0,57 8 9,1,31,,156857,43,0,57 8 9,1,65,,156858,43,0,57 8 9,1,30,,156859,42,0,7 8 9,1,65,,156860,42,0,7 8 9,1
2701,'20260814',646,,156866,42,0,7 8 9,1,155,,156867,43,0,57 8 9,1,25,,156868,43,0,57 8 9,1,30,,156870,43,0,57 8 9,1,65,,156872,43,0,57 8 9,1,30,,156874,43,0,57 8 9,1,80,,156875,42,0,7 8 9,1,574,,156880,43,0,57 8 9,1,119,,156882,43,0,57 8 9,1,30,,156883,43,0,57 8 9,1,70,,156884,43,0,57 8 9,1,31,,156885,43,0,57 8 9,1,65,,156886,43,0,57 8 9,1,30,,156887,42,0,7 8 9,1,65,,156888,42,0,7 8 9,1
2701,'20260815',742,,156894,42,0,7 8 9,1
2701,'20260816',742,,156910,42,0,7 8 9,1
2701,'20260817',646,,156926,42,0,7 8 9,1,155,,156927,43,0,57 8 9,1,25,,156928,43,0,57 8 9,1,30,,156930,43,0,57 8 9,1,65,,156932,43,0,57 8 9,1,30,,156934,43,0,57 8 9,1,80,,156935,42,0,7 8 9,1,574,,156940,43,0,57 8 9,1,119,,156942,43,0,57 8 9,1,30,,156943,43,0,57 8 9,1,70,,156944,43,0,57 8 9,1,31,,156945,43,0,57 8 9,1,65,,156946,43,0,57 8 9,1,30,,156947,42,0,7 8 9,1,65,,156948,42,0,7 8 9,1
2701,'20260818',646,,156954,42,0,7 8 9,1,155,,156955,43,0,57 8 9,1,25,,156956,43,0,57 8 9,1,30,,156958,43,0,57 8 9,1,65,,156960,43,0,57 8 9,1,30,,156962,43,0,57 8 9,1,80,,156963,42,0,7 8 9,1,574,,156968,43,0,57 8 9,1,119,,156970,43,0,57 8 9,1,30,,156971,43,0,57 8 9,1,70,,156972,43,0,57 8 9,1,31,,156973,43,0,57 8 9,1,65,,156974,43,0,57 8 9,1,30,,156975,42,0,7 8 9,1,65,,156976,42,0,7 8 9,1
2701,'20260819',646,,156982,42,0,7 8 9,1,155,,156983,43,0,57 8 9,1,25,,156984,43,0,57 8 9,1,30,,156986,43,0,57 8 9,1,65,,156988,43,0,57 8 9,1,30,,156990,43,0,57 8 9,1,80,,156991,42,0,7 8 9,1,574,,156996,43,0,57 8 9,1,119,,156998,43,0,57 8 9,1,30,,156999,43,0,57 8 9,1,70,,157000,43,0,57 8 9,1,31,,157001,43,0,57 8 9,1,65,,157002,43,0,57 8 9,1,30,,157003,42,0,7 8 9,1,65,,157004,42,0,7 8 9,1
2701,'20260820',646,,157010,42,0,7 8 9,1,155,,157011,43,0,57 8 9,1,25,,157012,43,0,57 8 9,1,30,,157014,43,0,57 8 9,1,65,,157016,43,0,57 8 9,1,30,,157018,43,0,57 8 9,1,80,,157019,42,0,7 8 9,1,574,,157024,43,0,57 8 9,1,119,,157026,43,0,57 8 9,1,30,,157027,43,0,57 8 9,1,70,,157028,43,0,57 8 9,1,31,,157029,43,0,57 8 9,1,65,,157030,43,0,57 8 9,1,30,,157031,42,0,7 8 9,1,65,,157032,42,0,7 8 9,1
2701,'20260821',646,,157038,42,0,7 8 9,1,155,,157039,43,0,57 8 9,1,25,,157040,43,0,57 8 9,1,30,,157042,43,0,57 8 9,1,65,,157044,43,0,57 8 9,1,30,,157046,43,0,57 8 9,1,80,,157047,42,0,7 8 9,1,574,,157052,43,0,57 8 9,1,119,,157054,43,0,57 8 9,1,30,,157055,43,0,57 8 9,1,70,,157056,43,0,57 8 9,1,31,,157057,43,0,57 8 9,1,65,,157058,43,0,57 8 9,1,30,,157059,42,0,7 8 9,1,65,,157060,42,0,7 8 9,1
2701,'20260822',742,,157066,42,0,7 8 9,1
2701,'20260823',742,,157082,42,0,7 8 9,1
2701,'20260824',646,,157098,42,0,7 8 9,1,155,,157099,43,0,57 8 9,1,25,,157100,43,0,57 8 9,1,30,,157102,43,0,57 8 9,1,65,,157104,43,0,57 8 9,1,30,,157106,43,0,57 8 9,1,80,,157107,42,0,7 8 9,1,574,,157112,43,0,57 8 9,1,119,,157114,43,0,57 8 9,1,30,,157115,43,0,57 8 9,1,70,,157116,43,0,57 8 9,1,31,,157117,43,0,57 8 9,1,65,,157118,43,0,57 8 9,1,30,,157119,42,0,7 8 9,1,65,,157120,42,0,7 8 9,1
2701,'20260825',646,,157126,42,0,7 8 9,1,155,,157127,43,0,57 8 9,1,25,,157128,43,0,57 8 9,1,30,,157130,43,0,57 8 9,1,65,,157132,43,0,57 8 9,1,30,,157134,43,0,57 8 9,1,80,,157135,42,0,7 8 9,1,574,,157140,43,0,57 8 9,1,119,,157142,43,0,57 8 9,1,30,,157143,43,0,57 8 9,1,70,,157144,43,0,57 8 9,1,31,,157145,43,0,57 8 9,1,65,,157146,43,0,57 8 9,1,30,,157147,42,0,7 8 9,1,65,,157148,42,0,7 8 9,1
2701,'20260826',646,,157154,42,0,7 8 9,1,155,,157155,43,0,57 8 9,1,25,,157156,43,0,57 8 9,1,30,,157158,43,0,57 8 9,1,65,,157160,43,0,57 8 9,1,30,,157162,43,0,57 8 9,1,80,,157163,42,0,7 8 9,1,574,,157168,43,0,57 8 9,1,119,,157170,43,0,57 8 9,1,30,,157171,43,0,57 8 9,1,70,,157172,43,0,57 8 9,1,31,,157173,43,0,57 8 9,1,65,,157174,43,0,57 8 9,1,30,,157175,42,0,7 8 9,1,65,,157176,42,0,7 8 9,1
2701,'20260827',646,,157182,42,0,7 8 9,1,155,,157183,43,0,57 8 9,1,25,,157184,43,0,57 8 9,1,30,,157186,43,0,57 8 9,1,65,,157188,43,0,57 8 9,1,30,,157190,43,0,57 8 9,1,80,,157191,42,0,7 8 9,1,574,,157196,43,0,57 8 9,1,119,,157198,43,0,57 8 9,1,30,,157199,43,0,57 8 9,1,70,,157200,43,0,57 8 9,1,31,,157201,43,0,57 8 9,1,65,,157202,43,0,57 8 9,1,30,,157203,42,0,7 8 9,1,65,,157204,42,0,7 8 9,1
2701,'20260828',646,,157210,42,0,7 8 9,1,155,,157211,43,0,57 8 9,1,25,,157212,43,0,57 8 9,1,30,,157214,43,0,57 8 9,1,65,,157216,43,0,57 8 9,1,30,,157218,43,0,57 8 9,1,80,,157219,42,0,7 8 9,1,574,,157224,43,0,57 8 9,1,119,,157226,43,0,57 8 9,1,30,,157227,43,0,57 8 9,1,70,,157228,43,0,57 8 9,1,31,,157229,43,0,57 8 9,1,65,,157230,43,0,57 8 9,1,30,,157231,42,0,7 8 9,1,65,,157232,42,0,7 8 9,1
2701,'20260829',742,,157238,42,0,7 8 9,1
2701,'20260830',742,,157254,42,0,7 8 9,1
2701,'20260831',646,,157270,42,0,7 8 9,1,155,,157271,43,0,57 8 9,1,25,,157272,43,0,57 8 9,1,30,,157274,43,0,57 8 9,1,65,,157276,43,0,57 8 9,1,30,,157278,43,0,57 8 9,1,80,,157279,42,0,7 8 9,1,574,,157284,43,0,57 8 9,1,119,,157286,43,0,57 8 9,1,30,,157287,43,0,57 8 9,1,70,,157288,43,0,57 8 9,1,31,,157289,43,0,57 8 9,1,65,,157290,43,0,57 8 9,1,30,,157291,42,0,7 8 9,1,65,,157292,42,0,7 8 9,1
2701,'20260901',646,,157298,42,0,7 8 9,1,155,,157299,43,0,57 8 9,1,25,,157300,43,0,57 8 9,1,30,,157302,43,0,57 8 9,1,65,,157304,43,0,57 8 9,1,30,,157306,43,0,57 8 9,1,80,,157307,42,0,7 8 9,1,574,,157312,43,0,57 8 9,1,119,,157314,43,0,57 8 9,1,30,,157315,43,0,57 8 9,1,70,,157316,43,0,57 8 9,1,31,,157317,43,0,57 8 9,1,65,,157318,43,0,57 8 9,1,30,,157319,42,0,7 8 9,1,65,,157320,42,0,7 8 9,1
2701,'20260902',646,,157326,42,0,7 8 9,1,155,,157327,43,0,57 8 9,1,25,,157328,43,0,57 8 9,1,30,,157330,43,0,57 8 9,1,65,,157332,43,0,57 8 9,1,30,,157334,43,0,57 8 9,1,80,,157335,42,0,7 8 9,1,574,,157340,43,0,57 8 9,1,119,,157342,43,0,57 8 9,1,30,,157343,43,0,57 8 9,1,70,,157344,43,0,57 8 9,1,31,,157345,43,0,57 8 9,1,65,,157346,43,0,57 8 9,1,30,,157347,42,0,7 8 9,1,65,,157348,42,0,7 8 9,1
2701,'20260903',646,,157354,42,0,7 8 9,1,155,,157355,43,0,57 8 9,1,25,,157356,43,0,57 8 9,1,30,,157358,43,0,57 8 9,1,65,,157360,43,0,57 8 9,1,30,,157362,43,0,57 8 9,1,80,,157363,42,0,7 8 9,1,574,,157368,43,0,57 8 9,1,119,,157370,43,0,57 8 9,1,30,,157371,43,0,57 8 9,1,70,,157372,43,0,57 8 9,1,31,,157373,43,0,57 8 9,1,65,,157374,43,0,57 8 9,1,30,,157375,42,0,7 8 9,1,65,,157376,42,0,7 8 9,1
2701,'20260904',646,,157382,42,0,7 8 9,1,155,,157383,43,0,57 8 9,1,25,,157384,43,0,57 8 9,1,30,,157386,43,0,57 8 9,1,65,,157388,43,0,57 8 9,1,30,,157390,43,0,57 8 9,1,80,,157391,42,0,7 8 9,1,574,,157396,43,0,57 8 9,1,119,,157398,43,0,57 8 9,1,30,,157399,43,0,57 8 9,1,70,,157400,43,0,57 8 9,1,31,,157401,43,0,57 8 9,1,65,,157402,43,0,57 8 9,1,30,,157403,42,0,7 8 9,1,65,,157404,42,0,7 8 9,1
