9201,'20260528',447,,115667,23,,,1,67,,115668,23,,,1,41,,115670,12,0,7 23,1,56,,115669,23,,,1,31,,115671,12,0,7 23,1,64,,115672,23,,,1,42,,115674,12,0,7 23,1,61,,115673,23,,,1,100,,115675,23,,,1,100,,115676,23,,,1,100,,115677,23,,,1,100,,115678,23,,,1,105,,115679,23,,,1,100,,115680,23,,,1,100,,115681,23,,,1,100,,115682,23,,,1,100,,115683,23,,,1,100,,115684,23,,,1,100,,115685,23,,,1,205,,115686,23,,,1,198,,115687,23,,,1,205,,115688,23,,,1
9201,'20260529',447,,115689,23,,,1,67,,115690,23,,,1,41,,115692,12,0,7 23,1,56,,115691,23,,,1,31,,115693,12,0,7 23,1,64,,115694,23,,,1,42,,115696,12,0,7 23,1,61,,115695,23,,,1,100,,115697,23,,,1,100,,115698,23,,,1,100,,115699,23,,,1,100,,115700,23,,,1,105,,115701,23,,,1,100,,115702,23,,,1,100,,115703,23,,,1,100,,115704,23,,,1,100,,115705,23,,,1,100,,115706,23,,,1,100,,115707,23,,,1,205,,115708,23,,,1,198,,115709,23,,,1,205,,115710,23,,,1
9201,'20260530',602,,115711,23,,,1,102,,115712,23,,,1,102,,115713,23,,,1,95,,115714,23,,,1,99,,115715,23,,,1,55,,115716,23,,,1,96,,115717,23,,,1,100,,115718,23,,,1,100,,115719,23,,,1,100,,115720,23,,,1,105,,115721,23,,,1,145,,115722,23,,,1,99,,115723,23,,,1,100,,115724,23,,,1,108,,115725,23,,,1,205,,115726,23,,,1,195,,115727,23,,,1
9201,'20260531',602,,115728,23,,,1,102,,115729,23,,,1,102,,115730,23,,,1,95,,115731,23,,,1,99,,115732,23,,,1,55,,115733,23,,,1,96,,115734,23,,,1,100,,115735,23,,,1,100,,115736,23,,,1,100,,115737,23,,,1,105,,115738,23,,,1,145,,115739,23,,,1,99,,115740,23,,,1,100,,115741,23,,,1,108,,115742,23,,,1,205,,115743,23,,,1,195,,115744,23,,,1
9201,'20260601',447,,115745,23,,,1,67,,115746,23,,,1,41,,115748,12,0,7 23,1,56,,115747,23,,,1,31,,115749,12,0,7 23,1,64,,115750,23,,,1,42,,115752,12,0,7 23,1,61,,115751,23,,,1,100,,115753,23,,,1,100,,115754,23,,,1,100,,115755,23,,,1,100,,115756,23,,,1,105,,115757,23,,,1,100,,115758,23,,,1,100,,115759,23,,,1,100,,115760,23,,,1,100,,115761,23,,,1,100,,115762,23,,,1,100,,115763,23,,,1,205,,115764,23,,,1,198,,115765,23,,,1,205,,115766,23,,,1
9201,'20260602',447,,115767,23,,,1,67,,115768,23,,,1,41,,115770,12,0,7 23,1,56,,115769,23,,,1,31,,115771,12,0,7 23,1,64,,115772,23,,,1,42,,115774,12,0,7 23,1,61,,115773,23,,,1,100,,115775,23,,,1,100,,115776,23,,,1,100,,115777,23,,,1,100,,115778,23,,,1,105,,115779,23,,,1,100,,115780,23,,,1,100,,115781,23,,,1,100,,115782,23,,,1,100,,115783,23,,,1,100,,115784,23,,,1,100,,115785,23,,,1,205,,115786,23,,,1,198,,115787,23,,,1,205,,115788,23,,,1
9201,'20260603',447,,115789,23,,,1,67,,115790,23,,,1,41,,115792,12,0,7 23,1,56,,115791,23,,,1,31,,115793,12,0,7 23,1,64,,115794,23,,,1,42,,115796,12,0,7 23,1,61,,115795,23,,,1,100,,115797,23,,,1,100,,115798,23,,,1,100,,115799,23,,,1,100,,115800,23,,,1,105,,115801,23,,,1,100,,115802,23,,,1,100,,115803,23,,,1,100,,115804,23,,,1,100,,115805,23,,,1,100,,115806,23,,,1,100,,115807,23,,,1,205,,115808,23,,,1,198,,115809,23,,,1,205,,115810,23,,,1
9201,'20260604',447,,115811,23,,,1,67,,115812,23,,,1,41,,115814,12,0,7 23,1,56,,115813,23,,,1,31,,115815,12,0,7 23,1,64,,115816,23,,,1,42,,115818,12,0,7 23,1,61,,115817,23,,,1,100,,115819,23,,,1,100,,115820,23,,,1,100,,115821,23,,,1,100,,115822,23,,,1,105,,115823,23,,,1,100,,115824,23,,,1,100,,115825,23,,,1,100,,115826,23,,,1,100,,115827,23,,,1,100,,115828,23,,,1,100,,115829,23,,,1,205,,115830,23,,,1,198,,115831,23,,,1,205,,115832,23,,,1
9201,'20260605',447,,115833,23,,,1,67,,115834,23,,,1,41,,115836,12,0,7 23,1,56,,115835,23,,,1,31,,115837,12,0,7 23,1,64,,115838,23,,,1,42,,115840,12,0,7 23,1,61,,115839,23,,,1,100,,115841,23,,,1,100,,115842,23,,,1,100,,115843,23,,,1,100,,115844,23,,,1,105,,115845,23,,,1,100,,115846,23,,,1,100,,115847,23,,,1,100,,115848,23,,,1,100,,115849,23,,,1,100,,115850,23,,,1,100,,115851,23,,,1,205,,115852,23,,,1,198,,115853,23,,,1,205,,115854,23,,,1
9201,'20260606',602,,115855,23,,,1,102,,115856,23,,,1,102,,115857,23,,,1,95,,115858,23,,,1,99,,115859,23,,,1,55,,115860,23,,,1,96,,115861,23,,,1,100,,115862,23,,,1,100,,115863,23,,,1,100,,115864,23,,,1,105,,115865,23,,,1,145,,115866,23,,,1,99,,115867,23,,,1,100,,115868,23,,,1,108,,115869,23,,,1,205,,115870,23,,,1,195,,115871,23,,,1
9201,'20260607',602,,115872,23,,,1,102,,115873,23,,,1,102,,115874,23,,,1,95,,115875,23,,,1,99,,115876,23,,,1,55,,115877,23,,,1,96,,115878,23,,,1,100,,115879,23,,,1,100,,115880,23,,,1,100,,115881,23,,,1,105,,115882,23,,,1,145,,115883,23,,,1,99,,115884,23,,,1,100,,115885,23,,,1,108,,115886,23,,,1,205,,115887,23,,,1,195,,115888,23,,,1
9201,'20260608',447,,115889,23,,,1,67,,115890,23,,,1,41,,115892,12,0,7 23,1,56,,115891,23,,,1,31,,115893,12,0,7 23,1,64,,115894,23,,,1,42,,115896,12,0,7 23,1,61,,115895,23,,,1,100,,115897,23,,,1,100,,115898,23,,,1,100,,115899,23,,,1,100,,115900,23,,,1,105,,115901,23,,,1,100,,115902,23,,,1,100,,115903,23,,,1,100,,115904,23,,,1,100,,115905,23,,,1,100,,115906,23,,,1,100,,115907,23,,,1,205,,115908,23,,,1,198,,115909,23,,,1,205,,115910,23,,,1
9201,'20260609',447,,115911,23,,,1,67,,115912,23,,,1,41,,115914,12,0,7 23,1,56,,115913,23,,,1,31,,115915,12,0,7 23,1,64,,115916,23,,,1,42,,115918,12,0,7 23,1,61,,115917,23,,,1,100,,115919,23,,,1,100,,115920,23,,,1,100,,115921,23,,,1,100,,115922,23,,,1,105,,115923,23,,,1,100,,115924,23,,,1,100,,115925,23,,,1,100,,115926,23,,,1,100,,115927,23,,,1,100,,115928,23,,,1,100,,115929,23,,,1,205,,115930,23,,,1,198,,115931,23,,,1,205,,115932,23,,,1
9201,'20260610',447,,115933,23,,,1,67,,115934,23,,,1,41,,115936,12,0,7 23,1,56,,115935,23,,,1,31,,115937,12,0,7 23,1,64,,115938,23,,,1,42,,115940,12,0,7 23,1,61,,115939,23,,,1,100,,115941,23,,,1,100,,115942,23,,,1,100,,115943,23,,,1,100,,115944,23,,,1,105,,115945,23,,,1,100,,115946,23,,,1,100,,115947,23,,,1,100,,115948,23,,,1,100,,115949,23,,,1,100,,115950,23,,,1,100,,115951,23,,,1,205,,115952,23,,,1,198,,115953,23,,,1,205,,115954,23,,,1
9201,'20260611',447,,115955,23,,,1,67,,115956,23,,,1,41,,115958,12,0,7 23,1,56,,115957,23,,,1,31,,115959,12,0,7 23,1,64,,115960,23,,,1,42,,115962,12,0,7 23,1,61,,115961,23,,,1,100,,115963,23,,,1,100,,115964,23,,,1,100,,115965,23,,,1,100,,115966,23,,,1,105,,115967,23,,,1,100,,115968,23,,,1,100,,115969,23,,,1,100,,115970,23,,,1,100,,115971,23,,,1,100,,115972,23,,,1,100,,115973,23,,,1,205,,115974,23,,,1,198,,115975,23,,,1,205,,115976,23,,,1
9201,'20260612',447,,115977,23,,,1,67,,115978,23,,,1,41,,115980,12,0,7 23,1,56,,115979,23,,,1,31,,115981,12,0,7 23,1,64,,115982,23,,,1,42,,115984,12,0,7 23,1,61,,115983,23,,,1,100,,115985,23,,,1,100,,115986,23,,,1,100,,115987,23,,,1,100,,115988,23,,,1,105,,115989,23,,,1,100,,115990,23,,,1,100,,115991,23,,,1,100,,115992,23,,,1,100,,115993,23,,,1,100,,115994,23,,,1,100,,115995,23,,,1,205,,115996,23,,,1,198,,115997,23,,,1,205,,115998,23,,,1
9201,'20260613',602,,212015,23,,,1,102,,212016,23,,,1,102,,212017,23,,,1,95,,212018,23,,,1,99,,212019,23,,,1,55,,212020,23,,,1,96,,212021,23,,,1,100,,212022,23,,,1,100,,212023,23,,,1,100,,212024,23,,,1,105,,212025,23,,,1,145,,212026,23,,,1,99,,212027,23,,,1,100,,212028,23,,,1,108,,212029,23,,,1,205,,212030,23,,,1,195,,212031,23,,,1
9201,'20260614',602,,212032,23,,,1,102,,212033,23,,,1,102,,212034,23,,,1,95,,212035,23,,,1,99,,212036,23,,,1,55,,212037,23,,,1,96,,212038,23,,,1,100,,212039,23,,,1,100,,212040,23,,,1,100,,212041,23,,,1,105,,212042,23,,,1,145,,212043,23,,,1,99,,212044,23,,,1,100,,212045,23,,,1,108,,212046,23,,,1,205,,212047,23,,,1,195,,212048,23,,,1
9201,'20260615',447,,212049,23,,,1,67,,212050,23,,,1,41,,212052,12,0,7 23,1,56,,212051,23,,,1,31,,212053,12,0,7 23,1,64,,212054,23,,,1,42,,212056,12,0,7 23,1,61,,212055,23,,,1,100,,212057,23,,,1,100,,212058,23,,,1,100,,212059,23,,,1,100,,212060,23,,,1,105,,212061,23,,,1,100,,212062,23,,,1,100,,212063,23,,,1,100,,212064,23,,,1,100,,212065,23,,,1,100,,212066,23,,,1,100,,212067,23,,,1,205,,212068,23,,,1,198,,212069,23,,,1,205,,212070,23,,,1
9201,'20260616',447,,212071,23,,,1,67,,212072,23,,,1,41,,212074,12,0,7 23,1,56,,212073,23,,,1,31,,212075,12,0,7 23,1,64,,212076,23,,,1,42,,212078,12,0,7 23,1,61,,212077,23,,,1,100,,212079,23,,,1,100,,212080,23,,,1,100,,212081,23,,,1,100,,212082,23,,,1,105,,212083,23,,,1,100,,212084,23,,,1,100,,212085,23,,,1,100,,212086,23,,,1,100,,212087,23,,,1,100,,212088,23,,,1,100,,212089,23,,,1,205,,212090,23,,,1,198,,212091,23,,,1,205,,212092,23,,,1
9201,'20260617',447,,212093,23,,,1,67,,212094,23,,,1,41,,212096,12,0,7 23,1,56,,212095,23,,,1,31,,212097,12,0,7 23,1,64,,212098,23,,,1,42,,212100,12,0,7 23,1,61,,212099,23,,,1,100,,212101,23,,,1,100,,212102,23,,,1,100,,212103,23,,,1,100,,212104,23,,,1,105,,212105,23,,,1,100,,212106,23,,,1,100,,212107,23,,,1,100,,212108,23,,,1,100,,212109,23,,,1,100,,212110,23,,,1,100,,212111,23,,,1,205,,212112,23,,,1,198,,212113,23,,,1,205,,212114,23,,,1
9201,'20260618',447,,212115,23,,,1,67,,212116,23,,,1,41,,212118,12,0,7 23,1,56,,212117,23,,,1,31,,212119,12,0,7 23,1,64,,212120,23,,,1,42,,212122,12,0,7 23,1,61,,212121,23,,,1,100,,212123,23,,,1,100,,212124,23,,,1,100,,212125,23,,,1,100,,212126,23,,,1,105,,212127,23,,,1,100,,212128,23,,,1,100,,212129,23,,,1,100,,212130,23,,,1,100,,212131,23,,,1,100,,212132,23,,,1,100,,212133,23,,,1,205,,212134,23,,,1,198,,212135,23,,,1,205,,212136,23,,,1
9201,'20260619',447,,212137,23,,,1,67,,212138,23,,,1,41,,212140,12,0,7 23,1,56,,212139,23,,,1,31,,212141,12,0,7 23,1,64,,212142,23,,,1,42,,212144,12,0,7 23,1,61,,212143,23,,,1,100,,212145,23,,,1,100,,212146,23,,,1,100,,212147,23,,,1,100,,212148,23,,,1,105,,212149,23,,,1,100,,212150,23,,,1,100,,212151,23,,,1,100,,212152,23,,,1,100,,212153,23,,,1,100,,212154,23,,,1,100,,212155,23,,,1,205,,212156,23,,,1,198,,212157,23,,,1,205,,212158,23,,,1
9201,'20260620',602,,212159,23,,,1,102,,212160,23,,,1,102,,212161,23,,,1,95,,212162,23,,,1,99,,212163,23,,,1,55,,212164,23,,,1,96,,212165,23,,,1,100,,212166,23,,,1,100,,212167,23,,,1,100,,212168,23,,,1,105,,212169,23,,,1,145,,212170,23,,,1,99,,212171,23,,,1,100,,212172,23,,,1,108,,212173,23,,,1,205,,212174,23,,,1,195,,212175,23,,,1
9201,'20260621',602,,212176,23,,,1,102,,212177,23,,,1,102,,212178,23,,,1,95,,212179,23,,,1,99,,212180,23,,,1,55,,212181,23,,,1,96,,212182,23,,,1,100,,212183,23,,,1,100,,212184,23,,,1,100,,212185,23,,,1,105,,212186,23,,,1,145,,212187,23,,,1,99,,212188,23,,,1,100,,212189,23,,,1,108,,212190,23,,,1,205,,212191,23,,,1,195,,212192,23,,,1
9201,'20260622',447,,212193,23,,,1,67,,212194,23,,,1,41,,212196,12,0,7 23,1,56,,212195,23,,,1,31,,212197,12,0,7 23,1,64,,212198,23,,,1,42,,212200,12,0,7 23,1,61,,212199,23,,,1,100,,212201,23,,,1,100,,212202,23,,,1,100,,212203,23,,,1,100,,212204,23,,,1,105,,212205,23,,,1,100,,212206,23,,,1,100,,212207,23,,,1,100,,212208,23,,,1,100,,212209,23,,,1,100,,212210,23,,,1,100,,212211,23,,,1,205,,212212,23,,,1,198,,212213,23,,,1,205,,212214,23,,,1
9201,'20260623',447,,212215,23,,,1,67,,212216,23,,,1,41,,212218,12,0,7 23,1,56,,212217,23,,,1,31,,212219,12,0,7 23,1,64,,212220,23,,,1,42,,212222,12,0,7 23,1,61,,212221,23,,,1,100,,212223,23,,,1,100,,212224,23,,,1,100,,212225,23,,,1,100,,212226,23,,,1,105,,212227,23,,,1,100,,212228,23,,,1,100,,212229,23,,,1,100,,212230,23,,,1,100,,212231,23,,,1,100,,212232,23,,,1,100,,212233,23,,,1,205,,212234,23,,,1,198,,212235,23,,,1,205,,212236,23,,,1
9201,'20260624',447,,212237,23,,,1,67,,212238,23,,,1,41,,212240,12,0,7 23,1,56,,212239,23,,,1,31,,212241,12,0,7 23,1,64,,212242,23,,,1,42,,212244,12,0,7 23,1,61,,212243,23,,,1,100,,212245,23,,,1,100,,212246,23,,,1,100,,212247,23,,,1,100,,212248,23,,,1,105,,212249,23,,,1,100,,212250,23,,,1,100,,212251,23,,,1,100,,212252,23,,,1,100,,212253,23,,,1,100,,212254,23,,,1,100,,212255,23,,,1,205,,212256,23,,,1,198,,212257,23,,,1,205,,212258,23,,,1
9201,'20260625',447,,212259,23,,,1,67,,212260,23,,,1,41,,212262,12,0,7 23,1,56,,212261,23,,,1,31,,212263,12,0,7 23,1,64,,212264,23,,,1,42,,212266,12,0,7 23,1,61,,212265,23,,,1,100,,212267,23,,,1,100,,212268,23,,,1,100,,212269,23,,,1,100,,212270,23,,,1,105,,212271,23,,,1,100,,212272,23,,,1,100,,212273,23,,,1,100,,212274,23,,,1,100,,212275,23,,,1,100,,212276,23,,,1,100,,212277,23,,,1,205,,212278,23,,,1,198,,212279,23,,,1,205,,212280,23,,,1
9201,'20260626',447,,212281,23,,,1,67,,212282,23,,,1,41,,212284,12,0,7 23,1,56,,212283,23,,,1,31,,212285,12,0,7 23,1,64,,212286,23,,,1,42,,212288,12,0,7 23,1,61,,212287,23,,,1,100,,212289,23,,,1,100,,212290,23,,,1,100,,212291,23,,,1,100,,212292,23,,,1,105,,212293,23,,,1,100,,212294,23,,,1,100,,212295,23,,,1,100,,212296,23,,,1,100,,212297,23,,,1,100,,212298,23,,,1,100,,212299,23,,,1,205,,212300,23,,,1,198,,212301,23,,,1,205,,212302,23,,,1
9201,'20260627',602,,212303,23,,,1,102,,212304,23,,,1,102,,212305,23,,,1,95,,212306,23,,,1,99,,212307,23,,,1,55,,212308,23,,,1,96,,212309,23,,,1,100,,212310,23,,,1,100,,212311,23,,,1,100,,212312,23,,,1,105,,212313,23,,,1,145,,212314,23,,,1,99,,212315,23,,,1,100,,212316,23,,,1,108,,212317,23,,,1,205,,212318,23,,,1,195,,212319,23,,,1
9201,'20260628',602,,212320,23,,,1,102,,212321,23,,,1,102,,212322,23,,,1,95,,212323,23,,,1,99,,212324,23,,,1,55,,212325,23,,,1,96,,212326,23,,,1,100,,212327,23,,,1,100,,212328,23,,,1,100,,212329,23,,,1,105,,212330,23,,,1,145,,212331,23,,,1,99,,212332,23,,,1,100,,212333,23,,,1,108,,212334,23,,,1,205,,212335,23,,,1,195,,212336,23,,,1
9201,'20260629',447,,212337,23,,,1,67,,212338,23,,,1,41,,212340,12,0,7 23,1,56,,212339,23,,,1,31,,212341,12,0,7 23,1,64,,212342,23,,,1,42,,212344,12,0,7 23,1,61,,212343,23,,,1,100,,212345,23,,,1,100,,212346,23,,,1,100,,212347,23,,,1,100,,212348,23,,,1,105,,212349,23,,,1,100,,212350,23,,,1,100,,212351,23,,,1,100,,212352,23,,,1,100,,212353,23,,,1,100,,212354,23,,,1,100,,212355,23,,,1,205,,212356,23,,,1,198,,212357,23,,,1,205,,212358,23,,,1
9201,'20260630',447,,212359,23,,,1,67,,212360,23,,,1,41,,212362,12,0,7 23,1,56,,212361,23,,,1,31,,212363,12,0,7 23,1,64,,212364,23,,,1,42,,212366,12,0,7 23,1,61,,212365,23,,,1,100,,212367,23,,,1,100,,212368,23,,,1,100,,212369,23,,,1,100,,212370,23,,,1,105,,212371,23,,,1,100,,212372,23,,,1,100,,212373,23,,,1,100,,212374,23,,,1,100,,212375,23,,,1,100,,212376,23,,,1,100,,212377,23,,,1,205,,212378,23,,,1,198,,212379,23,,,1,205,,212380,23,,,1
9201,'20260701',602,,212381,23,,,1,102,,212382,23,,,1,102,,212383,23,,,1,95,,212384,23,,,1,99,,212385,23,,,1,55,,212386,23,,,1,96,,212387,23,,,1,100,,212388,23,,,1,100,,212389,23,,,1,100,,212390,23,,,1,105,,212391,23,,,1,145,,212392,23,,,1,99,,212393,23,,,1,100,,212394,23,,,1,108,,212395,23,,,1,205,,212396,23,,,1,195,,212397,23,,,1
9201,'20260702',447,,212398,23,,,1,67,,212399,23,,,1,41,,212401,12,0,7 23,1,56,,212400,23,,,1,31,,212402,12,0,7 23,1,64,,212403,23,,,1,42,,212405,12,0,7 23,1,61,,212404,23,,,1,100,,212406,23,,,1,100,,212407,23,,,1,100,,212408,23,,,1,100,,212409,23,,,1,105,,212410,23,,,1,100,,212411,23,,,1,100,,212412,23,,,1,100,,212413,23,,,1,100,,212414,23,,,1,100,,212415,23,,,1,100,,212416,23,,,1,205,,212417,23,,,1,198,,212418,23,,,1,205,,212419,23,,,1
9201,'20260703',447,,212420,23,,,1,67,,212421,23,,,1,41,,212423,12,0,7 23,1,56,,212422,23,,,1,31,,212424,12,0,7 23,1,64,,212425,23,,,1,42,,212427,12,0,7 23,1,61,,212426,23,,,1,100,,212428,23,,,1,100,,212429,23,,,1,100,,212430,23,,,1,100,,212431,23,,,1,105,,212432,23,,,1,100,,212433,23,,,1,100,,212434,23,,,1,100,,212435,23,,,1,100,,212436,23,,,1,100,,212437,23,,,1,100,,212438,23,,,1,205,,212439,23,,,1,198,,212440,23,,,1,205,,212441,23,,,1
9201,'20260704',602,,212442,23,,,1,102,,212443,23,,,1,102,,212444,23,,,1,95,,212445,23,,,1,99,,212446,23,,,1,55,,212447,23,,,1,96,,212448,23,,,1,100,,212449,23,,,1,100,,212450,23,,,1,100,,212451,23,,,1,105,,212452,23,,,1,145,,212453,23,,,1,99,,212454,23,,,1,100,,212455,23,,,1,108,,212456,23,,,1,205,,212457,23,,,1,195,,212458,23,,,1
9201,'20260705',602,,212459,23,,,1,102,,212460,23,,,1,102,,212461,23,,,1,95,,212462,23,,,1,99,,212463,23,,,1,55,,212464,23,,,1,96,,212465,23,,,1,100,,212466,23,,,1,100,,212467,23,,,1,100,,212468,23,,,1,105,,212469,23,,,1,145,,212470,23,,,1,99,,212471,23,,,1,100,,212472,23,,,1,108,,212473,23,,,1,205,,212474,23,,,1,195,,212475,23,,,1
9201,'20260706',447,,212476,23,,,1,67,,212477,23,,,1,41,,212479,12,0,7 23,1,56,,212478,23,,,1,31,,212480,12,0,7 23,1,64,,212481,23,,,1,42,,212483,12,0,7 23,1,61,,212482,23,,,1,100,,212484,23,,,1,100,,212485,23,,,1,100,,212486,23,,,1,100,,212487,23,,,1,105,,212488,23,,,1,100,,212489,23,,,1,100,,212490,23,,,1,100,,212491,23,,,1,100,,212492,23,,,1,100,,212493,23,,,1,100,,212494,23,,,1,205,,212495,23,,,1,198,,212496,23,,,1,205,,212497,23,,,1
9201,'20260707',447,,212498,23,,,1,67,,212499,23,,,1,41,,212501,12,0,7 23,1,56,,212500,23,,,1,31,,212502,12,0,7 23,1,64,,212503,23,,,1,42,,212505,12,0,7 23,1,61,,212504,23,,,1,100,,212506,23,,,1,100,,212507,23,,,1,100,,212508,23,,,1,100,,212509,23,,,1,105,,212510,23,,,1,100,,212511,23,,,1,100,,212512,23,,,1,100,,212513,23,,,1,100,,212514,23,,,1,100,,212515,23,,,1,100,,212516,23,,,1,205,,212517,23,,,1,198,,212518,23,,,1,205,,212519,23,,,1
9201,'20260708',447,,212520,23,,,1,67,,212521,23,,,1,41,,212523,12,0,7 23,1,56,,212522,23,,,1,31,,212524,12,0,7 23,1,64,,212525,23,,,1,42,,212527,12,0,7 23,1,61,,212526,23,,,1,100,,212528,23,,,1,100,,212529,23,,,1,100,,212530,23,,,1,100,,212531,23,,,1,105,,212532,23,,,1,100,,212533,23,,,1,100,,212534,23,,,1,100,,212535,23,,,1,100,,212536,23,,,1,100,,212537,23,,,1,100,,212538,23,,,1,205,,212539,23,,,1,198,,212540,23,,,1,205,,212541,23,,,1
9201,'20260709',447,,212542,23,,,1,67,,212543,23,,,1,41,,212545,12,0,7 23,1,56,,212544,23,,,1,31,,212546,12,0,7 23,1,64,,212547,23,,,1,42,,212549,12,0,7 23,1,61,,212548,23,,,1,100,,212550,23,,,1,100,,212551,23,,,1,100,,212552,23,,,1,100,,212553,23,,,1,105,,212554,23,,,1,100,,212555,23,,,1,100,,212556,23,,,1,100,,212557,23,,,1,100,,212558,23,,,1,100,,212559,23,,,1,100,,212560,23,,,1,205,,212561,23,,,1,198,,212562,23,,,1,205,,212563,23,,,1
9201,'20260710',447,,212564,23,,,1,67,,212565,23,,,1,41,,212567,12,0,7 23,1,56,,212566,23,,,1,31,,212568,12,0,7 23,1,64,,212569,23,,,1,42,,212571,12,0,7 23,1,61,,212570,23,,,1,100,,212572,23,,,1,100,,212573,23,,,1,100,,212574,23,,,1,100,,212575,23,,,1,105,,212576,23,,,1,100,,212577,23,,,1,100,,212578,23,,,1,100,,212579,23,,,1,100,,212580,23,,,1,100,,212581,23,,,1,100,,212582,23,,,1,205,,212583,23,,,1,198,,212584,23,,,1,205,,212585,23,,,1
9201,'20260711',602,,212586,23,,,1,102,,212587,23,,,1,102,,212588,23,,,1,95,,212589,23,,,1,99,,212590,23,,,1,55,,212591,23,,,1,96,,212592,23,,,1,100,,212593,23,,,1,100,,212594,23,,,1,100,,212595,23,,,1,105,,212596,23,,,1,145,,212597,23,,,1,99,,212598,23,,,1,100,,212599,23,,,1,108,,212600,23,,,1,205,,212601,23,,,1,195,,212602,23,,,1
9201,'20260712',602,,212603,23,,,1,102,,212604,23,,,1,102,,212605,23,,,1,95,,212606,23,,,1,99,,212607,23,,,1,55,,212608,23,,,1,96,,212609,23,,,1,100,,212610,23,,,1,100,,212611,23,,,1,100,,212612,23,,,1,105,,212613,23,,,1,145,,212614,23,,,1,99,,212615,23,,,1,100,,212616,23,,,1,108,,212617,23,,,1,205,,212618,23,,,1,195,,212619,23,,,1
9201,'20260713',447,,212620,23,,,1,67,,212621,23,,,1,41,,212623,12,0,7 23,1,56,,212622,23,,,1,31,,212624,12,0,7 23,1,64,,212625,23,,,1,42,,212627,12,0,7 23,1,61,,212626,23,,,1,100,,212628,23,,,1,100,,212629,23,,,1,100,,212630,23,,,1,100,,212631,23,,,1,105,,212632,23,,,1,100,,212633,23,,,1,100,,212634,23,,,1,100,,212635,23,,,1,100,,212636,23,,,1,100,,212637,23,,,1,100,,212638,23,,,1,205,,212639,23,,,1,198,,212640,23,,,1,205,,212641,23,,,1
9201,'20260714',447,,212642,23,,,1,67,,212643,23,,,1,41,,212645,12,0,7 23,1,56,,212644,23,,,1,31,,212646,12,0,7 23,1,64,,212647,23,,,1,42,,212649,12,0,7 23,1,61,,212648,23,,,1,100,,212650,23,,,1,100,,212651,23,,,1,100,,212652,23,,,1,100,,212653,23,,,1,105,,212654,23,,,1,100,,212655,23,,,1,100,,212656,23,,,1,100,,212657,23,,,1,100,,212658,23,,,1,100,,212659,23,,,1,100,,212660,23,,,1,205,,212661,23,,,1,198,,212662,23,,,1,205,,212663,23,,,1
9201,'20260715',447,,212664,23,,,1,67,,212665,23,,,1,41,,212667,12,0,7 23,1,56,,212666,23,,,1,31,,212668,12,0,7 23,1,64,,212669,23,,,1,42,,212671,12,0,7 23,1,61,,212670,23,,,1,100,,212672,23,,,1,100,,212673,23,,,1,100,,212674,23,,,1,100,,212675,23,,,1,105,,212676,23,,,1,100,,212677,23,,,1,100,,212678,23,,,1,100,,212679,23,,,1,100,,212680,23,,,1,100,,212681,23,,,1,100,,212682,23,,,1,205,,212683,23,,,1,198,,212684,23,,,1,205,,212685,23,,,1
9201,'20260716',447,,212686,23,,,1,67,,212687,23,,,1,41,,212689,12,0,7 23,1,56,,212688,23,,,1,31,,212690,12,0,7 23,1,64,,212691,23,,,1,42,,212693,12,0,7 23,1,61,,212692,23,,,1,100,,212694,23,,,1,100,,212695,23,,,1,100,,212696,23,,,1,100,,212697,23,,,1,105,,212698,23,,,1,100,,212699,23,,,1,100,,212700,23,,,1,100,,212701,23,,,1,100,,212702,23,,,1,100,,212703,23,,,1,100,,212704,23,,,1,205,,212705,23,,,1,198,,212706,23,,,1,205,,212707,23,,,1
9201,'20260717',447,,212708,23,,,1,67,,212709,23,,,1,41,,212711,12,0,7 23,1,56,,212710,23,,,1,31,,212712,12,0,7 23,1,64,,212713,23,,,1,42,,212715,12,0,7 23,1,61,,212714,23,,,1,100,,212716,23,,,1,100,,212717,23,,,1,100,,212718,23,,,1,100,,212719,23,,,1,105,,212720,23,,,1,100,,212721,23,,,1,100,,212722,23,,,1,100,,212723,23,,,1,100,,212724,23,,,1,100,,212725,23,,,1,100,,212726,23,,,1,205,,212727,23,,,1,198,,212728,23,,,1,205,,212729,23,,,1
9201,'20260718',602,,212730,23,,,1,102,,212731,23,,,1,102,,212732,23,,,1,95,,212733,23,,,1,99,,212734,23,,,1,55,,212735,23,,,1,96,,212736,23,,,1,100,,212737,23,,,1,100,,212738,23,,,1,100,,212739,23,,,1,105,,212740,23,,,1,145,,212741,23,,,1,99,,212742,23,,,1,100,,212743,23,,,1,108,,212744,23,,,1,205,,212745,23,,,1,195,,212746,23,,,1
9201,'20260719',602,,212747,23,,,1,102,,212748,23,,,1,102,,212749,23,,,1,95,,212750,23,,,1,99,,212751,23,,,1,55,,212752,23,,,1,96,,212753,23,,,1,100,,212754,23,,,1,100,,212755,23,,,1,100,,212756,23,,,1,105,,212757,23,,,1,145,,212758,23,,,1,99,,212759,23,,,1,100,,212760,23,,,1,108,,212761,23,,,1,205,,212762,23,,,1,195,,212763,23,,,1
9201,'20260720',447,,212764,23,,,1,67,,212765,23,,,1,41,,212767,12,0,7 23,1,56,,212766,23,,,1,31,,212768,12,0,7 23,1,64,,212769,23,,,1,42,,212771,12,0,7 23,1,61,,212770,23,,,1,100,,212772,23,,,1,100,,212773,23,,,1,100,,212774,23,,,1,100,,212775,23,,,1,105,,212776,23,,,1,100,,212777,23,,,1,100,,212778,23,,,1,100,,212779,23,,,1,100,,212780,23,,,1,100,,212781,23,,,1,100,,212782,23,,,1,205,,212783,23,,,1,198,,212784,23,,,1,205,,212785,23,,,1
9201,'20260721',447,,212786,23,,,1,67,,212787,23,,,1,41,,212789,12,0,7 23,1,56,,212788,23,,,1,31,,212790,12,0,7 23,1,64,,212791,23,,,1,42,,212793,12,0,7 23,1,61,,212792,23,,,1,100,,212794,23,,,1,100,,212795,23,,,1,100,,212796,23,,,1,100,,212797,23,,,1,105,,212798,23,,,1,100,,212799,23,,,1,100,,212800,23,,,1,100,,212801,23,,,1,100,,212802,23,,,1,100,,212803,23,,,1,100,,212804,23,,,1,205,,212805,23,,,1,198,,212806,23,,,1,205,,212807,23,,,1
9201,'20260722',447,,212808,23,,,1,67,,212809,23,,,1,41,,212811,12,0,7 23,1,56,,212810,23,,,1,31,,212812,12,0,7 23,1,64,,212813,23,,,1,42,,212815,12,0,7 23,1,61,,212814,23,,,1,100,,212816,23,,,1,100,,212817,23,,,1,100,,212818,23,,,1,100,,212819,23,,,1,105,,212820,23,,,1,100,,212821,23,,,1,100,,212822,23,,,1,100,,212823,23,,,1,100,,212824,23,,,1,100,,212825,23,,,1,100,,212826,23,,,1,205,,212827,23,,,1,198,,212828,23,,,1,205,,212829,23,,,1
9201,'20260723',447,,212830,23,,,1,67,,212831,23,,,1,41,,212833,12,0,7 23,1,56,,212832,23,,,1,31,,212834,12,0,7 23,1,64,,212835,23,,,1,42,,212837,12,0,7 23,1,61,,212836,23,,,1,100,,212838,23,,,1,100,,212839,23,,,1,100,,212840,23,,,1,100,,212841,23,,,1,105,,212842,23,,,1,100,,212843,23,,,1,100,,212844,23,,,1,100,,212845,23,,,1,100,,212846,23,,,1,100,,212847,23,,,1,100,,212848,23,,,1,205,,212849,23,,,1,198,,212850,23,,,1,205,,212851,23,,,1
9201,'20260724',447,,212852,23,,,1,67,,212853,23,,,1,41,,212855,12,0,7 23,1,56,,212854,23,,,1,31,,212856,12,0,7 23,1,64,,212857,23,,,1,42,,212859,12,0,7 23,1,61,,212858,23,,,1,100,,212860,23,,,1,100,,212861,23,,,1,100,,212862,23,,,1,100,,212863,23,,,1,105,,212864,23,,,1,100,,212865,23,,,1,100,,212866,23,,,1,100,,212867,23,,,1,100,,212868,23,,,1,100,,212869,23,,,1,100,,212870,23,,,1,205,,212871,23,,,1,198,,212872,23,,,1,205,,212873,23,,,1
9201,'20260725',602,,212874,23,,,1,102,,212875,23,,,1,102,,212876,23,,,1,95,,212877,23,,,1,99,,212878,23,,,1,55,,212879,23,,,1,96,,212880,23,,,1,100,,212881,23,,,1,100,,212882,23,,,1,100,,212883,23,,,1,105,,212884,23,,,1,145,,212885,23,,,1,99,,212886,23,,,1,100,,212887,23,,,1,108,,212888,23,,,1,205,,212889,23,,,1,195,,212890,23,,,1
9201,'20260726',602,,212891,23,,,1,102,,212892,23,,,1,102,,212893,23,,,1,95,,212894,23,,,1,99,,212895,23,,,1,55,,212896,23,,,1,96,,212897,23,,,1,100,,212898,23,,,1,100,,212899,23,,,1,100,,212900,23,,,1,105,,212901,23,,,1,145,,212902,23,,,1,99,,212903,23,,,1,100,,212904,23,,,1,108,,212905,23,,,1,205,,212906,23,,,1,195,,212907,23,,,1
9201,'20260727',447,,212908,23,,,1,67,,212909,23,,,1,41,,212911,12,0,7 23,1,56,,212910,23,,,1,31,,212912,12,0,7 23,1,64,,212913,23,,,1,42,,212915,12,0,7 23,1,61,,212914,23,,,1,100,,212916,23,,,1,100,,212917,23,,,1,100,,212918,23,,,1,100,,212919,23,,,1,105,,212920,23,,,1,100,,212921,23,,,1,100,,212922,23,,,1,100,,212923,23,,,1,100,,212924,23,,,1,100,,212925,23,,,1,100,,212926,23,,,1,205,,212927,23,,,1,198,,212928,23,,,1,205,,212929,23,,,1
9201,'20260728',447,,212930,23,,,1,67,,212931,23,,,1,41,,212933,12,0,7 23,1,56,,212932,23,,,1,31,,212934,12,0,7 23,1,64,,212935,23,,,1,42,,212937,12,0,7 23,1,61,,212936,23,,,1,100,,212938,23,,,1,100,,212939,23,,,1,100,,212940,23,,,1,100,,212941,23,,,1,105,,212942,23,,,1,100,,212943,23,,,1,100,,212944,23,,,1,100,,212945,23,,,1,100,,212946,23,,,1,100,,212947,23,,,1,100,,212948,23,,,1,205,,212949,23,,,1,198,,212950,23,,,1,205,,212951,23,,,1
9201,'20260729',447,,212952,23,,,1,67,,212953,23,,,1,41,,212955,12,0,7 23,1,56,,212954,23,,,1,31,,212956,12,0,7 23,1,64,,212957,23,,,1,42,,212959,12,0,7 23,1,61,,212958,23,,,1,100,,212960,23,,,1,100,,212961,23,,,1,100,,212962,23,,,1,100,,212963,23,,,1,105,,212964,23,,,1,100,,212965,23,,,1,100,,212966,23,,,1,100,,212967,23,,,1,100,,212968,23,,,1,100,,212969,23,,,1,100,,212970,23,,,1,205,,212971,23,,,1,198,,212972,23,,,1,205,,212973,23,,,1
9201,'20260730',447,,212974,23,,,1,67,,212975,23,,,1,41,,212977,12,0,7 23,1,56,,212976,23,,,1,31,,212978,12,0,7 23,1,64,,212979,23,,,1,42,,212981,12,0,7 23,1,61,,212980,23,,,1,100,,212982,23,,,1,100,,212983,23,,,1,100,,212984,23,,,1,100,,212985,23,,,1,105,,212986,23,,,1,100,,212987,23,,,1,100,,212988,23,,,1,100,,212989,23,,,1,100,,212990,23,,,1,100,,212991,23,,,1,100,,212992,23,,,1,205,,212993,23,,,1,198,,212994,23,,,1,205,,212995,23,,,1
9201,'20260731',447,,212996,23,,,1,67,,212997,23,,,1,41,,212999,12,0,7 23,1,56,,212998,23,,,1,31,,213000,12,0,7 23,1,64,,213001,23,,,1,42,,213003,12,0,7 23,1,61,,213002,23,,,1,100,,213004,23,,,1,100,,213005,23,,,1,100,,213006,23,,,1,100,,213007,23,,,1,105,,213008,23,,,1,100,,213009,23,,,1,100,,213010,23,,,1,100,,213011,23,,,1,100,,213012,23,,,1,100,,213013,23,,,1,100,,213014,23,,,1,205,,213015,23,,,1,198,,213016,23,,,1,205,,213017,23,,,1
9201,'20260801',602,,213018,23,,,1,102,,213019,23,,,1,102,,213020,23,,,1,95,,213021,23,,,1,99,,213022,23,,,1,55,,213023,23,,,1,96,,213024,23,,,1,100,,213025,23,,,1,100,,213026,23,,,1,100,,213027,23,,,1,105,,213028,23,,,1,145,,213029,23,,,1,99,,213030,23,,,1,100,,213031,23,,,1,108,,213032,23,,,1,205,,213033,23,,,1,195,,213034,23,,,1
9201,'20260802',602,,213035,23,,,1,102,,213036,23,,,1,102,,213037,23,,,1,95,,213038,23,,,1,99,,213039,23,,,1,55,,213040,23,,,1,96,,213041,23,,,1,100,,213042,23,,,1,100,,213043,23,,,1,100,,213044,23,,,1,105,,213045,23,,,1,145,,213046,23,,,1,99,,213047,23,,,1,100,,213048,23,,,1,108,,213049,23,,,1,205,,213050,23,,,1,195,,213051,23,,,1
9201,'20260803',602,,213052,23,,,1,102,,213053,23,,,1,102,,213054,23,,,1,95,,213055,23,,,1,99,,213056,23,,,1,55,,213057,23,,,1,96,,213058,23,,,1,100,,213059,23,,,1,100,,213060,23,,,1,100,,213061,23,,,1,105,,213062,23,,,1,145,,213063,23,,,1,99,,213064,23,,,1,100,,213065,23,,,1,108,,213066,23,,,1,205,,213067,23,,,1,195,,213068,23,,,1
9201,'20260804',447,,213069,23,,,1,67,,213070,23,,,1,41,,213072,12,0,7 23,1,56,,213071,23,,,1,31,,213073,12,0,7 23,1,64,,213074,23,,,1,42,,213076,12,0,7 23,1,61,,213075,23,,,1,100,,213077,23,,,1,100,,213078,23,,,1,100,,213079,23,,,1,100,,213080,23,,,1,105,,213081,23,,,1,100,,213082,23,,,1,100,,213083,23,,,1,100,,213084,23,,,1,100,,213085,23,,,1,100,,213086,23,,,1,100,,213087,23,,,1,205,,213088,23,,,1,198,,213089,23,,,1,205,,213090,23,,,1
9201,'20260805',447,,213091,23,,,1,67,,213092,23,,,1,41,,213094,12,0,7 23,1,56,,213093,23,,,1,31,,213095,12,0,7 23,1,64,,213096,23,,,1,42,,213098,12,0,7 23,1,61,,213097,23,,,1,100,,213099,23,,,1,100,,213100,23,,,1,100,,213101,23,,,1,100,,213102,23,,,1,105,,213103,23,,,1,100,,213104,23,,,1,100,,213105,23,,,1,100,,213106,23,,,1,100,,213107,23,,,1,100,,213108,23,,,1,100,,213109,23,,,1,205,,213110,23,,,1,198,,213111,23,,,1,205,,213112,23,,,1
9201,'20260806',447,,213113,23,,,1,67,,213114,23,,,1,41,,213116,12,0,7 23,1,56,,213115,23,,,1,31,,213117,12,0,7 23,1,64,,213118,23,,,1,42,,213120,12,0,7 23,1,61,,213119,23,,,1,100,,213121,23,,,1,100,,213122,23,,,1,100,,213123,23,,,1,100,,213124,23,,,1,105,,213125,23,,,1,100,,213126,23,,,1,100,,213127,23,,,1,100,,213128,23,,,1,100,,213129,23,,,1,100,,213130,23,,,1,100,,213131,23,,,1,205,,213132,23,,,1,198,,213133,23,,,1,205,,213134,23,,,1
9201,'20260807',447,,213135,23,,,1,67,,213136,23,,,1,41,,213138,12,0,7 23,1,56,,213137,23,,,1,31,,213139,12,0,7 23,1,64,,213140,23,,,1,42,,213142,12,0,7 23,1,61,,213141,23,,,1,100,,213143,23,,,1,100,,213144,23,,,1,100,,213145,23,,,1,100,,213146,23,,,1,105,,213147,23,,,1,100,,213148,23,,,1,100,,213149,23,,,1,100,,213150,23,,,1,100,,213151,23,,,1,100,,213152,23,,,1,100,,213153,23,,,1,205,,213154,23,,,1,198,,213155,23,,,1,205,,213156,23,,,1
9201,'20260808',602,,213157,23,,,1,102,,213158,23,,,1,102,,213159,23,,,1,95,,213160,23,,,1,99,,213161,23,,,1,55,,213162,23,,,1,96,,213163,23,,,1,100,,213164,23,,,1,100,,213165,23,,,1,100,,213166,23,,,1,105,,213167,23,,,1,145,,213168,23,,,1,99,,213169,23,,,1,100,,213170,23,,,1,108,,213171,23,,,1,205,,213172,23,,,1,195,,213173,23,,,1
9201,'20260809',602,,213174,23,,,1,102,,213175,23,,,1,102,,213176,23,,,1,95,,213177,23,,,1,99,,213178,23,,,1,55,,213179,23,,,1,96,,213180,23,,,1,100,,213181,23,,,1,100,,213182,23,,,1,100,,213183,23,,,1,105,,213184,23,,,1,145,,213185,23,,,1,99,,213186,23,,,1,100,,213187,23,,,1,108,,213188,23,,,1,205,,213189,23,,,1,195,,213190,23,,,1
9201,'20260810',447,,213191,23,,,1,67,,213192,23,,,1,41,,213194,12,0,7 23,1,56,,213193,23,,,1,31,,213195,12,0,7 23,1,64,,213196,23,,,1,42,,213198,12,0,7 23,1,61,,213197,23,,,1,100,,213199,23,,,1,100,,213200,23,,,1,100,,213201,23,,,1,100,,213202,23,,,1,105,,213203,23,,,1,100,,213204,23,,,1,100,,213205,23,,,1,100,,213206,23,,,1,100,,213207,23,,,1,100,,213208,23,,,1,100,,213209,23,,,1,205,,213210,23,,,1,198,,213211,23,,,1,205,,213212,23,,,1
9201,'20260811',447,,213213,23,,,1,67,,213214,23,,,1,41,,213216,12,0,7 23,1,56,,213215,23,,,1,31,,213217,12,0,7 23,1,64,,213218,23,,,1,42,,213220,12,0,7 23,1,61,,213219,23,,,1,100,,213221,23,,,1,100,,213222,23,,,1,100,,213223,23,,,1,100,,213224,23,,,1,105,,213225,23,,,1,100,,213226,23,,,1,100,,213227,23,,,1,100,,213228,23,,,1,100,,213229,23,,,1,100,,213230,23,,,1,100,,213231,23,,,1,205,,213232,23,,,1,198,,213233,23,,,1,205,,213234,23,,,1
9201,'20260812',447,,213235,23,,,1,67,,213236,23,,,1,41,,213238,12,0,7 23,1,56,,213237,23,,,1,31,,213239,12,0,7 23,1,64,,213240,23,,,1,42,,213242,12,0,7 23,1,61,,213241,23,,,1,100,,213243,23,,,1,100,,213244,23,,,1,100,,213245,23,,,1,100,,213246,23,,,1,105,,213247,23,,,1,100,,213248,23,,,1,100,,213249,23,,,1,100,,213250,23,,,1,100,,213251,23,,,1,100,,213252,23,,,1,100,,213253,23,,,1,205,,213254,23,,,1,198,,213255,23,,,1,205,,213256,23,,,1
9201,'20260813',447,,213257,23,,,1,67,,213258,23,,,1,41,,213260,12,0,7 23,1,56,,213259,23,,,1,31,,213261,12,0,7 23,1,64,,213262,23,,,1,42,,213264,12,0,7 23,1,61,,213263,23,,,1,100,,213265,23,,,1,100,,213266,23,,,1,100,,213267,23,,,1,100,,213268,23,,,1,105,,213269,23,,,1,100,,213270,23,,,1,100,,213271,23,,,1,100,,213272,23,,,1,100,,213273,23,,,1,100,,213274,23,,,1,100,,213275,23,,,1,205,,213276,23,,,1,198,,213277,23,,,1,205,,213278,23,,,1
9201,'20260814',447,,213279,23,,,1,67,,213280,23,,,1,41,,213282,12,0,7 23,1,56,,213281,23,,,1,31,,213283,12,0,7 23,1,64,,213284,23,,,1,42,,213286,12,0,7 23,1,61,,213285,23,,,1,100,,213287,23,,,1,100,,213288,23,,,1,100,,213289,23,,,1,100,,213290,23,,,1,105,,213291,23,,,1,100,,213292,23,,,1,100,,213293,23,,,1,100,,213294,23,,,1,100,,213295,23,,,1,100,,213296,23,,,1,100,,213297,23,,,1,205,,213298,23,,,1,198,,213299,23,,,1,205,,213300,23,,,1
9201,'20260815',602,,213301,23,,,1,102,,213302,23,,,1,102,,213303,23,,,1,95,,213304,23,,,1,99,,213305,23,,,1,55,,213306,23,,,1,96,,213307,23,,,1,100,,213308,23,,,1,100,,213309,23,,,1,100,,213310,23,,,1,105,,213311,23,,,1,145,,213312,23,,,1,99,,213313,23,,,1,100,,213314,23,,,1,108,,213315,23,,,1,205,,213316,23,,,1,195,,213317,23,,,1
9201,'20260816',602,,213318,23,,,1,102,,213319,23,,,1,102,,213320,23,,,1,95,,213321,23,,,1,99,,213322,23,,,1,55,,213323,23,,,1,96,,213324,23,,,1,100,,213325,23,,,1,100,,213326,23,,,1,100,,213327,23,,,1,105,,213328,23,,,1,145,,213329,23,,,1,99,,213330,23,,,1,100,,213331,23,,,1,108,,213332,23,,,1,205,,213333,23,,,1,195,,213334,23,,,1
9201,'20260817',447,,213335,23,,,1,67,,213336,23,,,1,41,,213338,12,0,7 23,1,56,,213337,23,,,1,31,,213339,12,0,7 23,1,64,,213340,23,,,1,42,,213342,12,0,7 23,1,61,,213341,23,,,1,100,,213343,23,,,1,100,,213344,23,,,1,100,,213345,23,,,1,100,,213346,23,,,1,105,,213347,23,,,1,100,,213348,23,,,1,100,,213349,23,,,1,100,,213350,23,,,1,100,,213351,23,,,1,100,,213352,23,,,1,100,,213353,23,,,1,205,,213354,23,,,1,198,,213355,23,,,1,205,,213356,23,,,1
9201,'20260818',447,,213357,23,,,1,67,,213358,23,,,1,41,,213360,12,0,7 23,1,56,,213359,23,,,1,31,,213361,12,0,7 23,1,64,,213362,23,,,1,42,,213364,12,0,7 23,1,61,,213363,23,,,1,100,,213365,23,,,1,100,,213366,23,,,1,100,,213367,23,,,1,100,,213368,23,,,1,105,,213369,23,,,1,100,,213370,23,,,1,100,,213371,23,,,1,100,,213372,23,,,1,100,,213373,23,,,1,100,,213374,23,,,1,100,,213375,23,,,1,205,,213376,23,,,1,198,,213377,23,,,1,205,,213378,23,,,1
9201,'20260819',447,,213379,23,,,1,67,,213380,23,,,1,41,,213382,12,0,7 23,1,56,,213381,23,,,1,31,,213383,12,0,7 23,1,64,,213384,23,,,1,42,,213386,12,0,7 23,1,61,,213385,23,,,1,100,,213387,23,,,1,100,,213388,23,,,1,100,,213389,23,,,1,100,,213390,23,,,1,105,,213391,23,,,1,100,,213392,23,,,1,100,,213393,23,,,1,100,,213394,23,,,1,100,,213395,23,,,1,100,,213396,23,,,1,100,,213397,23,,,1,205,,213398,23,,,1,198,,213399,23,,,1,205,,213400,23,,,1
9201,'20260820',447,,213401,23,,,1,67,,213402,23,,,1,41,,213404,12,0,7 23,1,56,,213403,23,,,1,31,,213405,12,0,7 23,1,64,,213406,23,,,1,42,,213408,12,0,7 23,1,61,,213407,23,,,1,100,,213409,23,,,1,100,,213410,23,,,1,100,,213411,23,,,1,100,,213412,23,,,1,105,,213413,23,,,1,100,,213414,23,,,1,100,,213415,23,,,1,100,,213416,23,,,1,100,,213417,23,,,1,100,,213418,23,,,1,100,,213419,23,,,1,205,,213420,23,,,1,198,,213421,23,,,1,205,,213422,23,,,1
9201,'20260821',447,,213423,23,,,1,67,,213424,23,,,1,41,,213426,12,0,7 23,1,56,,213425,23,,,1,31,,213427,12,0,7 23,1,64,,213428,23,,,1,42,,213430,12,0,7 23,1,61,,213429,23,,,1,100,,213431,23,,,1,100,,213432,23,,,1,100,,213433,23,,,1,100,,213434,23,,,1,105,,213435,23,,,1,100,,213436,23,,,1,100,,213437,23,,,1,100,,213438,23,,,1,100,,213439,23,,,1,100,,213440,23,,,1,100,,213441,23,,,1,205,,213442,23,,,1,198,,213443,23,,,1,205,,213444,23,,,1
9201,'20260822',602,,213445,23,,,1,102,,213446,23,,,1,102,,213447,23,,,1,95,,213448,23,,,1,99,,213449,23,,,1,55,,213450,23,,,1,96,,213451,23,,,1,100,,213452,23,,,1,100,,213453,23,,,1,100,,213454,23,,,1,105,,213455,23,,,1,145,,213456,23,,,1,99,,213457,23,,,1,100,,213458,23,,,1,108,,213459,23,,,1,205,,213460,23,,,1,195,,213461,23,,,1
9201,'20260823',602,,213462,23,,,1,102,,213463,23,,,1,102,,213464,23,,,1,95,,213465,23,,,1,99,,213466,23,,,1,55,,213467,23,,,1,96,,213468,23,,,1,100,,213469,23,,,1,100,,213470,23,,,1,100,,213471,23,,,1,105,,213472,23,,,1,145,,213473,23,,,1,99,,213474,23,,,1,100,,213475,23,,,1,108,,213476,23,,,1,205,,213477,23,,,1,195,,213478,23,,,1
9201,'20260824',447,,213479,23,,,1,67,,213480,23,,,1,41,,213482,12,0,7 23,1,56,,213481,23,,,1,31,,213483,12,0,7 23,1,64,,213484,23,,,1,42,,213486,12,0,7 23,1,61,,213485,23,,,1,100,,213487,23,,,1,100,,213488,23,,,1,100,,213489,23,,,1,100,,213490,23,,,1,105,,213491,23,,,1,100,,213492,23,,,1,100,,213493,23,,,1,100,,213494,23,,,1,100,,213495,23,,,1,100,,213496,23,,,1,100,,213497,23,,,1,205,,213498,23,,,1,198,,213499,23,,,1,205,,213500,23,,,1
9201,'20260825',447,,213501,23,,,1,67,,213502,23,,,1,41,,213504,12,0,7 23,1,56,,213503,23,,,1,31,,213505,12,0,7 23,1,64,,213506,23,,,1,42,,213508,12,0,7 23,1,61,,213507,23,,,1,100,,213509,23,,,1,100,,213510,23,,,1,100,,213511,23,,,1,100,,213512,23,,,1,105,,213513,23,,,1,100,,213514,23,,,1,100,,213515,23,,,1,100,,213516,23,,,1,100,,213517,23,,,1,100,,213518,23,,,1,100,,213519,23,,,1,205,,213520,23,,,1,198,,213521,23,,,1,205,,213522,23,,,1
9201,'20260826',447,,213523,23,,,1,67,,213524,23,,,1,41,,213526,12,0,7 23,1,56,,213525,23,,,1,31,,213527,12,0,7 23,1,64,,213528,23,,,1,42,,213530,12,0,7 23,1,61,,213529,23,,,1,100,,213531,23,,,1,100,,213532,23,,,1,100,,213533,23,,,1,100,,213534,23,,,1,105,,213535,23,,,1,100,,213536,23,,,1,100,,213537,23,,,1,100,,213538,23,,,1,100,,213539,23,,,1,100,,213540,23,,,1,100,,213541,23,,,1,205,,213542,23,,,1,198,,213543,23,,,1,205,,213544,23,,,1
9201,'20260827',447,,213545,23,,,1,67,,213546,23,,,1,41,,213548,12,0,7 23,1,56,,213547,23,,,1,31,,213549,12,0,7 23,1,64,,213550,23,,,1,42,,213552,12,0,7 23,1,61,,213551,23,,,1,100,,213553,23,,,1,100,,213554,23,,,1,100,,213555,23,,,1,100,,213556,23,,,1,105,,213557,23,,,1,100,,213558,23,,,1,100,,213559,23,,,1,100,,213560,23,,,1,100,,213561,23,,,1,100,,213562,23,,,1,100,,213563,23,,,1,205,,213564,23,,,1,198,,213565,23,,,1,205,,213566,23,,,1
9201,'20260828',447,,213567,23,,,1,67,,213568,23,,,1,41,,213570,12,0,7 23,1,56,,213569,23,,,1,31,,213571,12,0,7 23,1,64,,213572,23,,,1,42,,213574,12,0,7 23,1,61,,213573,23,,,1,100,,213575,23,,,1,100,,213576,23,,,1,100,,213577,23,,,1,100,,213578,23,,,1,105,,213579,23,,,1,100,,213580,23,,,1,100,,213581,23,,,1,100,,213582,23,,,1,100,,213583,23,,,1,100,,213584,23,,,1,100,,213585,23,,,1,205,,213586,23,,,1,198,,213587,23,,,1,205,,213588,23,,,1
9201,'20260829',602,,213589,23,,,1,102,,213590,23,,,1,102,,213591,23,,,1,95,,213592,23,,,1,99,,213593,23,,,1,55,,213594,23,,,1,96,,213595,23,,,1,100,,213596,23,,,1,100,,213597,23,,,1,100,,213598,23,,,1,105,,213599,23,,,1,145,,213600,23,,,1,99,,213601,23,,,1,100,,213602,23,,,1,108,,213603,23,,,1,205,,213604,23,,,1,195,,213605,23,,,1
9201,'20260830',602,,213606,23,,,1,102,,213607,23,,,1,102,,213608,23,,,1,95,,213609,23,,,1,99,,213610,23,,,1,55,,213611,23,,,1,96,,213612,23,,,1,100,,213613,23,,,1,100,,213614,23,,,1,100,,213615,23,,,1,105,,213616,23,,,1,145,,213617,23,,,1,99,,213618,23,,,1,100,,213619,23,,,1,108,,213620,23,,,1,205,,213621,23,,,1,195,,213622,23,,,1
9201,'20260831',447,,213623,23,,,1,67,,213624,23,,,1,41,,213626,12,0,7 23,1,56,,213625,23,,,1,31,,213627,12,0,7 23,1,64,,213628,23,,,1,42,,213630,12,0,7 23,1,61,,213629,23,,,1,100,,213631,23,,,1,100,,213632,23,,,1,100,,213633,23,,,1,100,,213634,23,,,1,105,,213635,23,,,1,100,,213636,23,,,1,100,,213637,23,,,1,100,,213638,23,,,1,100,,213639,23,,,1,100,,213640,23,,,1,100,,213641,23,,,1,205,,213642,23,,,1,198,,213643,23,,,1,205,,213644,23,,,1
9201,'20260901',447,,213645,23,,,1,67,,213646,23,,,1,41,,213648,12,0,7 23,1,56,,213647,23,,,1,31,,213649,12,0,7 23,1,64,,213650,23,,,1,42,,213652,12,0,7 23,1,61,,213651,23,,,1,100,,213653,23,,,1,100,,213654,23,,,1,100,,213655,23,,,1,100,,213656,23,,,1,105,,213657,23,,,1,100,,213658,23,,,1,100,,213659,23,,,1,100,,213660,23,,,1,100,,213661,23,,,1,100,,213662,23,,,1,100,,213663,23,,,1,205,,213664,23,,,1,198,,213665,23,,,1,205,,213666,23,,,1
9201,'20260902',447,,213667,23,,,1,67,,213668,23,,,1,41,,213670,12,0,7 23,1,56,,213669,23,,,1,31,,213671,12,0,7 23,1,64,,213672,23,,,1,42,,213674,12,0,7 23,1,61,,213673,23,,,1,100,,213675,23,,,1,100,,213676,23,,,1,100,,213677,23,,,1,100,,213678,23,,,1,105,,213679,23,,,1,100,,213680,23,,,1,100,,213681,23,,,1,100,,213682,23,,,1,100,,213683,23,,,1,100,,213684,23,,,1,100,,213685,23,,,1,205,,213686,23,,,1,198,,213687,23,,,1,205,,213688,23,,,1
9201,'20260903',447,,213689,23,,,1,67,,213690,23,,,1,41,,213692,12,0,7 23,1,56,,213691,23,,,1,31,,213693,12,0,7 23,1,64,,213694,23,,,1,42,,213696,12,0,7 23,1,61,,213695,23,,,1,100,,213697,23,,,1,100,,213698,23,,,1,100,,213699,23,,,1,100,,213700,23,,,1,105,,213701,23,,,1,100,,213702,23,,,1,100,,213703,23,,,1,100,,213704,23,,,1,100,,213705,23,,,1,100,,213706,23,,,1,100,,213707,23,,,1,205,,213708,23,,,1,198,,213709,23,,,1,205,,213710,23,,,1
9201,'20260904',447,,213711,23,,,1,67,,213712,23,,,1,41,,213714,12,0,7 23,1,56,,213713,23,,,1,31,,213715,12,0,7 23,1,64,,213716,23,,,1,42,,213718,12,0,7 23,1,61,,213717,23,,,1,100,,213719,23,,,1,100,,213720,23,,,1,100,,213721,23,,,1,100,,213722,23,,,1,105,,213723,23,,,1,100,,213724,23,,,1,100,,213725,23,,,1,100,,213726,23,,,1,100,,213727,23,,,1,100,,213728,23,,,1,100,,213729,23,,,1,205,,213730,23,,,1,198,,213731,23,,,1,205,,213732,23,,,1
