3100,'20260707',1524,,164565,18,0,5 18 9,1,100,,164566,18,0,5 18 9,1,33,,164567,18,0,5 18 9,1
3100,'20260708',1524,,164573,18,0,5 18 9,1,100,,164574,18,0,5 18 9,1,33,,164575,18,0,5 18 9,1
3100,'20260709',1524,,164581,18,0,5 18 9,1,100,,164582,18,0,5 18 9,1,33,,164583,18,0,5 18 9,1
3100,'20260710',1524,,164589,18,0,5 18 9,1,100,,164590,18,0,5 18 9,1,33,,164591,18,0,5 18 9,1
3100,'20260713',1524,,164615,18,0,5 18 9,1,100,,164616,18,0,5 18 9,1,33,,164617,18,0,5 18 9,1
3100,'20260714',1524,,164623,18,0,5 18 9,1,100,,164624,18,0,5 18 9,1,33,,164625,18,0,5 18 9,1
3100,'20260715',1524,,164631,18,0,5 18 9,1,100,,164632,18,0,5 18 9,1,33,,164633,18,0,5 18 9,1
3100,'20260716',1524,,164639,18,0,5 18 9,1,100,,164640,18,0,5 18 9,1,33,,164641,18,0,5 18 9,1
3100,'20260717',1524,,164647,18,0,5 18 9,1,100,,164648,18,0,5 18 9,1,33,,164649,18,0,5 18 9,1
3100,'20260720',1524,,164673,18,0,5 18 9,1,100,,164674,18,0,5 18 9,1,33,,164675,18,0,5 18 9,1
3100,'20260721',1524,,164681,18,0,5 18 9,1,100,,164682,18,0,5 18 9,1,33,,164683,18,0,5 18 9,1
3100,'20260722',1524,,164689,18,0,5 18 9,1,100,,164690,18,0,5 18 9,1,33,,164691,18,0,5 18 9,1
3100,'20260723',1524,,164697,18,0,5 18 9,1,100,,164698,18,0,5 18 9,1,33,,164699,18,0,5 18 9,1
3100,'20260724',1524,,164705,18,0,5 18 9,1,100,,164706,18,0,5 18 9,1,33,,164707,18,0,5 18 9,1
3100,'20260725',727,,219535,21,0,71 20 39,1,776,,219536,21,0,71 20 39,1,305,,219537,22,0,61 20 39,1,5,,219538,21,0,71 20 39,1
3100,'20260726',727,,219539,21,0,71 20 39,1,776,,219540,21,0,71 20 39,1,305,,219541,22,0,61 20 39,1,5,,219542,21,0,71 20 39,1
3100,'20260727',1524,,164731,18,0,5 18 9,1,100,,164732,18,0,5 18 9,1,33,,164733,18,0,5 18 9,1
3100,'20260728',1524,,164739,18,0,5 18 9,1,100,,164740,18,0,5 18 9,1,33,,164741,18,0,5 18 9,1
3100,'20260729',1524,,164747,18,0,5 18 9,1,100,,164748,18,0,5 18 9,1,33,,164749,18,0,5 18 9,1
3100,'20260730',1524,,164755,18,0,5 18 9,1,100,,164756,18,0,5 18 9,1,33,,164757,18,0,5 18 9,1
3100,'20260731',1524,,164763,18,0,5 18 9,1,100,,164764,18,0,5 18 9,1,33,,164765,18,0,5 18 9,1
3100,'20260804',1524,,164798,18,0,5 18 9,1,100,,164799,18,0,5 18 9,1,33,,164800,18,0,5 18 9,1
3100,'20260805',1524,,164806,18,0,5 18 9,1,100,,164807,18,0,5 18 9,1,33,,164808,18,0,5 18 9,1
3100,'20260806',1524,,164814,18,0,5 18 9,1,100,,164815,18,0,5 18 9,1,33,,164816,18,0,5 18 9,1
3100,'20260807',1524,,164822,18,0,5 18 9,1,100,,164823,18,0,5 18 9,1,33,,164824,18,0,5 18 9,1
3100,'20260810',1524,,164848,18,0,5 18 9,1,100,,164849,18,0,5 18 9,1,33,,164850,18,0,5 18 9,1
3100,'20260811',1524,,164856,18,0,5 18 9,1,100,,164857,18,0,5 18 9,1,33,,164858,18,0,5 18 9,1
3100,'20260812',1524,,164864,18,0,5 18 9,1,100,,164865,18,0,5 18 9,1,33,,164866,18,0,5 18 9,1
3100,'20260813',1524,,164872,18,0,5 18 9,1,100,,164873,18,0,5 18 9,1,33,,164874,18,0,5 18 9,1
3100,'20260814',1524,,164880,18,0,5 18 9,1,100,,164881,18,0,5 18 9,1,33,,164882,18,0,5 18 9,1
3100,'20260817',1524,,164906,18,0,5 18 9,1,100,,164907,18,0,5 18 9,1,33,,164908,18,0,5 18 9,1
3100,'20260818',1524,,164914,18,0,5 18 9,1,100,,164915,18,0,5 18 9,1,33,,164916,18,0,5 18 9,1
3100,'20260819',1524,,164922,18,0,5 18 9,1,100,,164923,18,0,5 18 9,1,33,,164924,18,0,5 18 9,1
3100,'20260820',1524,,164930,18,0,5 18 9,1,100,,164931,18,0,5 18 9,1,33,,164932,18,0,5 18 9,1
3100,'20260821',1524,,164938,18,0,5 18 9,1,100,,164939,18,0,5 18 9,1,33,,164940,18,0,5 18 9,1
3100,'20260824',1524,,164964,18,0,5 18 9,1,100,,164965,18,0,5 18 9,1,33,,164966,18,0,5 18 9,1
3100,'20260825',1524,,164972,18,0,5 18 9,1,100,,164973,18,0,5 18 9,1,33,,164974,18,0,5 18 9,1
3100,'20260826',1524,,164980,18,0,5 18 9,1,100,,164981,18,0,5 18 9,1,33,,164982,18,0,5 18 9,1
3100,'20260827',1524,,164988,18,0,5 18 9,1,100,,164989,18,0,5 18 9,1,33,,164990,18,0,5 18 9,1
3100,'20260828',1524,,164996,18,0,5 18 9,1,100,,164997,18,0,5 18 9,1,33,,164998,18,0,5 18 9,1
3100,'20260831',1524,,165022,18,0,5 18 9,1,100,,165023,18,0,5 18 9,1,33,,165024,18,0,5 18 9,1
3100,'20260901',1524,,165030,18,0,5 18 9,1,100,,165031,18,0,5 18 9,1,33,,165032,18,0,5 18 9,1
3100,'20260902',1524,,165038,18,0,5 18 9,1,100,,165039,18,0,5 18 9,1,33,,165040,18,0,5 18 9,1
3100,'20260903',1524,,165046,18,0,5 18 9,1,100,,165047,18,0,5 18 9,1,33,,165048,18,0,5 18 9,1
3100,'20260904',1524,,165054,18,0,5 18 9,1,100,,165055,18,0,5 18 9,1,33,,165056,18,0,5 18 9,1
3300,'20260707',615,,168890,18,,,1,185,,168894,18,,,1,146,,168897,18,0,57 14 15 9,1,200,,168900,18,0,57 14 15 9,1,200,,168903,18,0,57 14 15 9,1,95,,168905,18,0,57 14 15 9,1,290,,168910,18,,,1,116,,168911,18,0,57 14 15 9,1,200,,168915,18,0,57 14 15 9,1
3300,'20260708',615,,168925,18,,,1,185,,168929,18,,,1,146,,168932,18,0,57 14 15 9,1,200,,168935,18,0,57 14 15 9,1,200,,168938,18,0,57 14 15 9,1,95,,168940,18,0,57 14 15 9,1,290,,168945,18,,,1,116,,168946,18,0,57 14 15 9,1,200,,168950,18,0,57 14 15 9,1
3300,'20260709',615,,168960,18,,,1,185,,168964,18,,,1,146,,168967,18,0,57 14 15 9,1,200,,168970,18,0,57 14 15 9,1,200,,168973,18,0,57 14 15 9,1,95,,168975,18,0,57 14 15 9,1,290,,168980,18,,,1,116,,168981,18,0,57 14 15 9,1,200,,168985,18,0,57 14 15 9,1
3300,'20260710',615,,168995,18,,,1,185,,168999,18,,,1,146,,169002,18,0,57 14 15 9,1,200,,169005,18,0,57 14 15 9,1,200,,169008,18,0,57 14 15 9,1,95,,169010,18,0,57 14 15 9,1,290,,169015,18,,,1,116,,169016,18,0,57 14 15 9,1,200,,169020,18,0,57 14 15 9,1
3300,'20260711',650,,169023,18,,,1,195,,169024,18,,,1,97,,169025,18,0,57 14 15 9,1,100,,169026,18,,,1,200,,169027,18,,,1,200,,169028,18,,,1,200,,169029,18,,,1,205,,169031,18,,,1,200,,169032,18,,,1
3300,'20260712',650,,169034,18,,,1,195,,169035,18,,,1,97,,169036,18,0,57 14 15 9,1,100,,169037,18,,,1,200,,169038,18,,,1,200,,169039,18,,,1,200,,169040,18,,,1,205,,169042,18,,,1,200,,169043,18,,,1
3300,'20260713',615,,169052,18,,,1,185,,169056,18,,,1,146,,169059,18,0,57 14 15 9,1,200,,169062,18,0,57 14 15 9,1,200,,169065,18,0,57 14 15 9,1,95,,169067,18,0,57 14 15 9,1,290,,169072,18,,,1,116,,169073,18,0,57 14 15 9,1,200,,169077,18,0,57 14 15 9,1
3300,'20260714',615,,169087,18,,,1,185,,169091,18,,,1,146,,169094,18,0,57 14 15 9,1,200,,169097,18,0,57 14 15 9,1,200,,169100,18,0,57 14 15 9,1,95,,169102,18,0,57 14 15 9,1,290,,169107,18,,,1,116,,169108,18,0,57 14 15 9,1,200,,169112,18,0,57 14 15 9,1
3300,'20260715',615,,169122,18,,,1,185,,169126,18,,,1,146,,169129,18,0,57 14 15 9,1,200,,169132,18,0,57 14 15 9,1,200,,169135,18,0,57 14 15 9,1,95,,169137,18,0,57 14 15 9,1,290,,169142,18,,,1,116,,169143,18,0,57 14 15 9,1,200,,169147,18,0,57 14 15 9,1
3300,'20260716',615,,169157,18,,,1,185,,169161,18,,,1,146,,169164,18,0,57 14 15 9,1,200,,169167,18,0,57 14 15 9,1,200,,169170,18,0,57 14 15 9,1,95,,169172,18,0,57 14 15 9,1,290,,169177,18,,,1,116,,169178,18,0,57 14 15 9,1,200,,169182,18,0,57 14 15 9,1
3300,'20260717',615,,169192,18,,,1,185,,169196,18,,,1,146,,169199,18,0,57 14 15 9,1,200,,169202,18,0,57 14 15 9,1,200,,169205,18,0,57 14 15 9,1,95,,169207,18,0,57 14 15 9,1,290,,169212,18,,,1,116,,169213,18,0,57 14 15 9,1,200,,169217,18,0,57 14 15 9,1
3300,'20260718',650,,169220,18,,,1,195,,169221,18,,,1,97,,169222,18,0,57 14 15 9,1,100,,169223,18,,,1,200,,169224,18,,,1,200,,169225,18,,,1,200,,169226,18,,,1,205,,169228,18,,,1,200,,169229,18,,,1
3300,'20260719',650,,169231,18,,,1,195,,169232,18,,,1,97,,169233,18,0,57 14 15 9,1,100,,169234,18,,,1,200,,169235,18,,,1,200,,169236,18,,,1,200,,169237,18,,,1,205,,169239,18,,,1,200,,169240,18,,,1
3300,'20260720',615,,169249,18,,,1,185,,169253,18,,,1,146,,169256,18,0,57 14 15 9,1,200,,169259,18,0,57 14 15 9,1,200,,169262,18,0,57 14 15 9,1,95,,169264,18,0,57 14 15 9,1,290,,169269,18,,,1,116,,169270,18,0,57 14 15 9,1,200,,169274,18,0,57 14 15 9,1
3300,'20260721',615,,169284,18,,,1,185,,169288,18,,,1,146,,169291,18,0,57 14 15 9,1,200,,169294,18,0,57 14 15 9,1,200,,169297,18,0,57 14 15 9,1,95,,169299,18,0,57 14 15 9,1,290,,169304,18,,,1,116,,169305,18,0,57 14 15 9,1,200,,169309,18,0,57 14 15 9,1
3300,'20260722',615,,169319,18,,,1,185,,169323,18,,,1,146,,169326,18,0,57 14 15 9,1,200,,169329,18,0,57 14 15 9,1,200,,169332,18,0,57 14 15 9,1,95,,169334,18,0,57 14 15 9,1,290,,169339,18,,,1,116,,169340,18,0,57 14 15 9,1,200,,169344,18,0,57 14 15 9,1
3300,'20260723',615,,169354,18,,,1,185,,169358,18,,,1,146,,169361,18,0,57 14 15 9,1,200,,169364,18,0,57 14 15 9,1,200,,169367,18,0,57 14 15 9,1,95,,169369,18,0,57 14 15 9,1,290,,169374,18,,,1,116,,169375,18,0,57 14 15 9,1,200,,169379,18,0,57 14 15 9,1
3300,'20260724',615,,169389,18,,,1,185,,169393,18,,,1,146,,169396,18,0,57 14 15 9,1,200,,169399,18,0,57 14 15 9,1,200,,169402,18,0,57 14 15 9,1,95,,169404,18,0,57 14 15 9,1,290,,169409,18,,,1,116,,169410,18,0,57 14 15 9,1,200,,169414,18,0,57 14 15 9,1
3300,'20260725',650,,169417,18,,,1,195,,169418,18,,,1,97,,169419,18,0,57 14 15 9,1,100,,169420,18,,,1,200,,169421,18,,,1,200,,169422,18,,,1,200,,169423,18,,,1,205,,169425,18,,,1,200,,169426,18,,,1
3300,'20260726',650,,169428,18,,,1,195,,169429,18,,,1,97,,169430,18,0,57 14 15 9,1,100,,169431,18,,,1,200,,169432,18,,,1,200,,169433,18,,,1,200,,169434,18,,,1,205,,169436,18,,,1,200,,169437,18,,,1
3300,'20260727',615,,169446,18,,,1,185,,169450,18,,,1,146,,169453,18,0,57 14 15 9,1,200,,169456,18,0,57 14 15 9,1,200,,169459,18,0,57 14 15 9,1,95,,169461,18,0,57 14 15 9,1,290,,169466,18,,,1,116,,169467,18,0,57 14 15 9,1,200,,169471,18,0,57 14 15 9,1
3300,'20260728',615,,169481,18,,,1,185,,169485,18,,,1,146,,169488,18,0,57 14 15 9,1,200,,169491,18,0,57 14 15 9,1,200,,169494,18,0,57 14 15 9,1,95,,169496,18,0,57 14 15 9,1,290,,169501,18,,,1,116,,169502,18,0,57 14 15 9,1,200,,169506,18,0,57 14 15 9,1
3300,'20260729',615,,169516,18,,,1,185,,169520,18,,,1,146,,169523,18,0,57 14 15 9,1,200,,169526,18,0,57 14 15 9,1,200,,169529,18,0,57 14 15 9,1,95,,169531,18,0,57 14 15 9,1,290,,169536,18,,,1,116,,169537,18,0,57 14 15 9,1,200,,169541,18,0,57 14 15 9,1
3300,'20260730',615,,169551,18,,,1,185,,169555,18,,,1,146,,169558,18,0,57 14 15 9,1,200,,169561,18,0,57 14 15 9,1,200,,169564,18,0,57 14 15 9,1,95,,169566,18,0,57 14 15 9,1,290,,169571,18,,,1,116,,169572,18,0,57 14 15 9,1,200,,169576,18,0,57 14 15 9,1
3300,'20260731',615,,169586,18,,,1,185,,169590,18,,,1,146,,169593,18,0,57 14 15 9,1,200,,169596,18,0,57 14 15 9,1,200,,169599,18,0,57 14 15 9,1,95,,169601,18,0,57 14 15 9,1,290,,169606,18,,,1,116,,169607,18,0,57 14 15 9,1,200,,169611,18,0,57 14 15 9,1
3300,'20260801',650,,169614,18,,,1,195,,169615,18,,,1,97,,169616,18,0,57 14 15 9,1,100,,169617,18,,,1,200,,169618,18,,,1,200,,169619,18,,,1,200,,169620,18,,,1,205,,169622,18,,,1,200,,169623,18,,,1
3300,'20260802',650,,169625,18,,,1,195,,169626,18,,,1,97,,169627,18,0,57 14 15 9,1,100,,169628,18,,,1,200,,169629,18,,,1,200,,169630,18,,,1,200,,169631,18,,,1,205,,169633,18,,,1,200,,169634,18,,,1
3300,'20260803',650,,169636,18,,,1,195,,169637,18,,,1,97,,169638,18,0,57 14 15 9,1,100,,169639,18,,,1,200,,169640,18,,,1,200,,169641,18,,,1,200,,169642,18,,,1,205,,169644,18,,,1,200,,169645,18,,,1
3300,'20260804',615,,169654,18,,,1,185,,169658,18,,,1,146,,169661,18,0,57 14 15 9,1,200,,169664,18,0,57 14 15 9,1,200,,169667,18,0,57 14 15 9,1,95,,169669,18,0,57 14 15 9,1,290,,169674,18,,,1,116,,169675,18,0,57 14 15 9,1,200,,169679,18,0,57 14 15 9,1
3300,'20260805',615,,169689,18,,,1,185,,169693,18,,,1,146,,169696,18,0,57 14 15 9,1,200,,169699,18,0,57 14 15 9,1,200,,169702,18,0,57 14 15 9,1,95,,169704,18,0,57 14 15 9,1,290,,169709,18,,,1,116,,169710,18,0,57 14 15 9,1,200,,169714,18,0,57 14 15 9,1
3300,'20260806',615,,169724,18,,,1,185,,169728,18,,,1,146,,169731,18,0,57 14 15 9,1,200,,169734,18,0,57 14 15 9,1,200,,169737,18,0,57 14 15 9,1,95,,169739,18,0,57 14 15 9,1,290,,169744,18,,,1,116,,169745,18,0,57 14 15 9,1,200,,169749,18,0,57 14 15 9,1
3300,'20260807',615,,169759,18,,,1,185,,169763,18,,,1,146,,169766,18,0,57 14 15 9,1,200,,169769,18,0,57 14 15 9,1,200,,169772,18,0,57 14 15 9,1,95,,169774,18,0,57 14 15 9,1,290,,169779,18,,,1,116,,169780,18,0,57 14 15 9,1,200,,169784,18,0,57 14 15 9,1
3300,'20260808',650,,169787,18,,,1,195,,169788,18,,,1,97,,169789,18,0,57 14 15 9,1,100,,169790,18,,,1,200,,169791,18,,,1,200,,169792,18,,,1,200,,169793,18,,,1,205,,169795,18,,,1,200,,169796,18,,,1
3300,'20260809',650,,169798,18,,,1,195,,169799,18,,,1,97,,169800,18,0,57 14 15 9,1,100,,169801,18,,,1,200,,169802,18,,,1,200,,169803,18,,,1,200,,169804,18,,,1,205,,169806,18,,,1,200,,169807,18,,,1
3300,'20260810',615,,169816,18,,,1,185,,169820,18,,,1,146,,169823,18,0,57 14 15 9,1,200,,169826,18,0,57 14 15 9,1,200,,169829,18,0,57 14 15 9,1,95,,169831,18,0,57 14 15 9,1,290,,169836,18,,,1,116,,169837,18,0,57 14 15 9,1,200,,169841,18,0,57 14 15 9,1
3300,'20260811',615,,169851,18,,,1,185,,169855,18,,,1,146,,169858,18,0,57 14 15 9,1,200,,169861,18,0,57 14 15 9,1,200,,169864,18,0,57 14 15 9,1,95,,169866,18,0,57 14 15 9,1,290,,169871,18,,,1,116,,169872,18,0,57 14 15 9,1,200,,169876,18,0,57 14 15 9,1
3300,'20260812',615,,169886,18,,,1,185,,169890,18,,,1,146,,169893,18,0,57 14 15 9,1,200,,169896,18,0,57 14 15 9,1,200,,169899,18,0,57 14 15 9,1,95,,169901,18,0,57 14 15 9,1,290,,169906,18,,,1,116,,169907,18,0,57 14 15 9,1,200,,169911,18,0,57 14 15 9,1
3300,'20260813',615,,169921,18,,,1,185,,169925,18,,,1,146,,169928,18,0,57 14 15 9,1,200,,169931,18,0,57 14 15 9,1,200,,169934,18,0,57 14 15 9,1,95,,169936,18,0,57 14 15 9,1,290,,169941,18,,,1,116,,169942,18,0,57 14 15 9,1,200,,169946,18,0,57 14 15 9,1
3300,'20260814',615,,169956,18,,,1,185,,169960,18,,,1,146,,169963,18,0,57 14 15 9,1,200,,169966,18,0,57 14 15 9,1,200,,169969,18,0,57 14 15 9,1,95,,169971,18,0,57 14 15 9,1,290,,169976,18,,,1,116,,169977,18,0,57 14 15 9,1,200,,169981,18,0,57 14 15 9,1
3300,'20260815',650,,169984,18,,,1,195,,169985,18,,,1,97,,169986,18,0,57 14 15 9,1,100,,169987,18,,,1,200,,169988,18,,,1,200,,169989,18,,,1,200,,169990,18,,,1,205,,169992,18,,,1,200,,169993,18,,,1
3300,'20260816',650,,169995,18,,,1,195,,169996,18,,,1,97,,169997,18,0,57 14 15 9,1,100,,169998,18,,,1,200,,169999,18,,,1,200,,170000,18,,,1,200,,170001,18,,,1,205,,170003,18,,,1,200,,170004,18,,,1
3300,'20260817',615,,170013,18,,,1,185,,170017,18,,,1,146,,170020,18,0,57 14 15 9,1,200,,170023,18,0,57 14 15 9,1,200,,170026,18,0,57 14 15 9,1,95,,170028,18,0,57 14 15 9,1,290,,170033,18,,,1,116,,170034,18,0,57 14 15 9,1,200,,170038,18,0,57 14 15 9,1
3300,'20260818',615,,170048,18,,,1,185,,170052,18,,,1,146,,170055,18,0,57 14 15 9,1,200,,170058,18,0,57 14 15 9,1,200,,170061,18,0,57 14 15 9,1,95,,170063,18,0,57 14 15 9,1,290,,170068,18,,,1,116,,170069,18,0,57 14 15 9,1,200,,170073,18,0,57 14 15 9,1
3300,'20260819',615,,170083,18,,,1,185,,170087,18,,,1,146,,170090,18,0,57 14 15 9,1,200,,170093,18,0,57 14 15 9,1,200,,170096,18,0,57 14 15 9,1,95,,170098,18,0,57 14 15 9,1,290,,170103,18,,,1,116,,170104,18,0,57 14 15 9,1,200,,170108,18,0,57 14 15 9,1
3300,'20260820',615,,170118,18,,,1,185,,170122,18,,,1,146,,170125,18,0,57 14 15 9,1,200,,170128,18,0,57 14 15 9,1,200,,170131,18,0,57 14 15 9,1,95,,170133,18,0,57 14 15 9,1,290,,170138,18,,,1,116,,170139,18,0,57 14 15 9,1,200,,170143,18,0,57 14 15 9,1
3300,'20260821',615,,170153,18,,,1,185,,170157,18,,,1,146,,170160,18,0,57 14 15 9,1,200,,170163,18,0,57 14 15 9,1,200,,170166,18,0,57 14 15 9,1,95,,170168,18,0,57 14 15 9,1,290,,170173,18,,,1,116,,170174,18,0,57 14 15 9,1,200,,170178,18,0,57 14 15 9,1
3300,'20260822',650,,170181,18,,,1,195,,170182,18,,,1,97,,170183,18,0,57 14 15 9,1,100,,170184,18,,,1,200,,170185,18,,,1,200,,170186,18,,,1,200,,170187,18,,,1,205,,170189,18,,,1,200,,170190,18,,,1
3300,'20260823',650,,170192,18,,,1,195,,170193,18,,,1,97,,170194,18,0,57 14 15 9,1,100,,170195,18,,,1,200,,170196,18,,,1,200,,170197,18,,,1,200,,170198,18,,,1,205,,170200,18,,,1,200,,170201,18,,,1
3300,'20260824',615,,170210,18,,,1,185,,170214,18,,,1,146,,170217,18,0,57 14 15 9,1,200,,170220,18,0,57 14 15 9,1,200,,170223,18,0,57 14 15 9,1,95,,170225,18,0,57 14 15 9,1,290,,170230,18,,,1,116,,170231,18,0,57 14 15 9,1,200,,170235,18,0,57 14 15 9,1
3300,'20260825',615,,170245,18,,,1,185,,170249,18,,,1,146,,170252,18,0,57 14 15 9,1,200,,170255,18,0,57 14 15 9,1,200,,170258,18,0,57 14 15 9,1,95,,170260,18,0,57 14 15 9,1,290,,170265,18,,,1,116,,170266,18,0,57 14 15 9,1,200,,170270,18,0,57 14 15 9,1
3300,'20260826',615,,170280,18,,,1,185,,170284,18,,,1,146,,170287,18,0,57 14 15 9,1,200,,170290,18,0,57 14 15 9,1,200,,170293,18,0,57 14 15 9,1,95,,170295,18,0,57 14 15 9,1,290,,170300,18,,,1,116,,170301,18,0,57 14 15 9,1,200,,170305,18,0,57 14 15 9,1
3300,'20260827',615,,170315,18,,,1,185,,170319,18,,,1,146,,170322,18,0,57 14 15 9,1,200,,170325,18,0,57 14 15 9,1,200,,170328,18,0,57 14 15 9,1,95,,170330,18,0,57 14 15 9,1,290,,170335,18,,,1,116,,170336,18,0,57 14 15 9,1,200,,170340,18,0,57 14 15 9,1
3300,'20260828',615,,170350,18,,,1,185,,170354,18,,,1,146,,170357,18,0,57 14 15 9,1,200,,170360,18,0,57 14 15 9,1,200,,170363,18,0,57 14 15 9,1,95,,170365,18,0,57 14 15 9,1,290,,170370,18,,,1,116,,170371,18,0,57 14 15 9,1,200,,170375,18,0,57 14 15 9,1
3300,'20260829',650,,170378,18,,,1,195,,170379,18,,,1,97,,170380,18,0,57 14 15 9,1,100,,170381,18,,,1,200,,170382,18,,,1,200,,170383,18,,,1,200,,170384,18,,,1,205,,170386,18,,,1,200,,170387,18,,,1
3300,'20260830',650,,170389,18,,,1,195,,170390,18,,,1,97,,170391,18,0,57 14 15 9,1,100,,170392,18,,,1,200,,170393,18,,,1,200,,170394,18,,,1,200,,170395,18,,,1,205,,170397,18,,,1,200,,170398,18,,,1
3300,'20260831',615,,170407,18,,,1,185,,170411,18,,,1,146,,170414,18,0,57 14 15 9,1,200,,170417,18,0,57 14 15 9,1,200,,170420,18,0,57 14 15 9,1,95,,170422,18,0,57 14 15 9,1,290,,170427,18,,,1,116,,170428,18,0,57 14 15 9,1,200,,170432,18,0,57 14 15 9,1
3300,'20260901',615,,170442,18,,,1,185,,170446,18,,,1,146,,170449,18,0,57 14 15 9,1,200,,170452,18,0,57 14 15 9,1,200,,170455,18,0,57 14 15 9,1,95,,170457,18,0,57 14 15 9,1,290,,170462,18,,,1,116,,170463,18,0,57 14 15 9,1,200,,170467,18,0,57 14 15 9,1
3300,'20260902',615,,170477,18,,,1,185,,170481,18,,,1,146,,170484,18,0,57 14 15 9,1,200,,170487,18,0,57 14 15 9,1,200,,170490,18,0,57 14 15 9,1,95,,170492,18,0,57 14 15 9,1,290,,170497,18,,,1,116,,170498,18,0,57 14 15 9,1,200,,170502,18,0,57 14 15 9,1
3300,'20260903',615,,170512,18,,,1,185,,170516,18,,,1,146,,170519,18,0,57 14 15 9,1,200,,170522,18,0,57 14 15 9,1,200,,170525,18,0,57 14 15 9,1,95,,170527,18,0,57 14 15 9,1,290,,170532,18,,,1,116,,170533,18,0,57 14 15 9,1,200,,170537,18,0,57 14 15 9,1
3300,'20260904',615,,170547,18,,,1,185,,170551,18,,,1,146,,170554,18,0,57 14 15 9,1,200,,170557,18,0,57 14 15 9,1,200,,170560,18,0,57 14 15 9,1,95,,170562,18,0,57 14 15 9,1,290,,170567,18,,,1,116,,170568,18,0,57 14 15 9,1,200,,170572,18,0,57 14 15 9,1
