1900,'20260305',528,,21575,,,1,96,,21576,,,1,20,,21577,,,1,61,,21578,,,1,15,,21579,,,1,15,,21580,,,1,15,,21581,,,1,60,,21582,,,1,20,,21583,,,1,70,,21584,,,1,29,,21585,,,1,100,,21586,,,1,100,,21587,,,1,100,,21588,,,1,100,,21589,,,1,100,,21590,,,1,71,,21591,,,1,25,,21592,,,1,20,,21593,,,1,60,,21594,,,1,20,,21595,,,1,20,,21596,,,1,55,,21597,,,1,15,,21598,,,1,15,,21599,,,1,15,,21600,,,1,65,,21601,,,1,20,,21602,,,1,99,,21603,,,1,100,,21604,,,1,99,,21605,,,1,100,,21606,,,1,200,,21607,,,1
1900,'20260306',528,,21608,,,1,96,,21609,,,1,20,,21610,,,1,61,,21611,,,1,15,,21612,,,1,15,,21613,,,1,15,,21614,,,1,60,,21615,,,1,20,,21616,,,1,70,,21617,,,1,29,,21618,,,1,100,,21619,,,1,100,,21620,,,1,100,,21621,,,1,100,,21622,,,1,100,,21623,,,1,71,,21624,,,1,25,,21625,,,1,20,,21626,,,1,60,,21627,,,1,20,,21628,,,1,20,,21629,,,1,55,,21630,,,1,15,,21631,,,1,15,,21632,,,1,15,,21633,,,1,65,,21634,,,1,20,,21635,,,1,99,,21636,,,1,100,,21637,,,1,99,,21638,,,1,100,,21639,,,1,200,,21640,,,1
1900,'20260307',628,,21641,,,1,100,,21642,,,1,100,,21643,,,1,100,,21644,,,1,100,,21645,,,1,101,,21646,,,1,101,,21647,,,1,100,,21648,,,1,100,,21649,,,1,100,,21650,,,1,100,,21651,,,1,100,,21652,,,1,100,,21653,,,1,99,,21654,,,1,100,,21655,,,1,99,,21656,,,1,100,,21657,,,1,100,,21658,,,1
1900,'20260308',628,,21659,,,1,100,,21660,,,1,100,,21661,,,1,100,,21662,,,1,100,,21663,,,1,101,,21664,,,1,101,,21665,,,1,100,,21666,,,1,100,,21667,,,1,100,,21668,,,1,100,,21669,,,1,100,,21670,,,1,100,,21671,,,1,99,,21672,,,1,100,,21673,,,1,99,,21674,,,1,100,,21675,,,1,100,,21676,,,1
1900,'20260309',528,,21677,,,1,96,,21678,,,1,20,,21679,,,1,61,,21680,,,1,15,,21681,,,1,15,,21682,,,1,15,,21683,,,1,60,,21684,,,1,20,,21685,,,1,70,,21686,,,1,29,,21687,,,1,100,,21688,,,1,100,,21689,,,1,100,,21690,,,1,100,,21691,,,1,100,,21692,,,1,71,,21693,,,1,25,,21694,,,1,20,,21695,,,1,60,,21696,,,1,20,,21697,,,1,20,,21698,,,1,55,,21699,,,1,15,,21700,,,1,15,,21701,,,1,15,,21702,,,1,65,,21703,,,1,20,,21704,,,1,99,,21705,,,1,100,,21706,,,1,99,,21707,,,1,100,,21708,,,1,200,,21709,,,1
1900,'20260310',528,,21710,,,1,96,,21711,,,1,20,,21712,,,1,61,,21713,,,1,15,,21714,,,1,15,,21715,,,1,15,,21716,,,1,60,,21717,,,1,20,,21718,,,1,70,,21719,,,1,29,,21720,,,1,100,,21721,,,1,100,,21722,,,1,100,,21723,,,1,100,,21724,,,1,100,,21725,,,1,71,,21726,,,1,25,,21727,,,1,20,,21728,,,1,60,,21729,,,1,20,,21730,,,1,20,,21731,,,1,55,,21732,,,1,15,,21733,,,1,15,,21734,,,1,15,,21735,,,1,65,,21736,,,1,20,,21737,,,1,99,,21738,,,1,100,,21739,,,1,99,,21740,,,1,100,,21741,,,1,200,,21742,,,1
1900,'20260311',528,,21743,,,1,96,,21744,,,1,20,,21745,,,1,61,,21746,,,1,15,,21747,,,1,15,,21748,,,1,15,,21749,,,1,60,,21750,,,1,20,,21751,,,1,70,,21752,,,1,29,,21753,,,1,100,,21754,,,1,100,,21755,,,1,100,,21756,,,1,100,,21757,,,1,100,,21758,,,1,71,,21759,,,1,25,,21760,,,1,20,,21761,,,1,60,,21762,,,1,20,,21763,,,1,20,,21764,,,1,55,,21765,,,1,15,,21766,,,1,15,,21767,,,1,15,,21768,,,1,65,,21769,,,1,20,,21770,,,1,99,,21771,,,1,100,,21772,,,1,99,,21773,,,1,100,,21774,,,1,200,,21775,,,1
1900,'20260312',528,,21776,,,1,96,,21777,,,1,20,,21778,,,1,61,,21779,,,1,15,,21780,,,1,15,,21781,,,1,15,,21782,,,1,60,,21783,,,1,20,,21784,,,1,70,,21785,,,1,29,,21786,,,1,100,,21787,,,1,100,,21788,,,1,100,,21789,,,1,100,,21790,,,1,100,,21791,,,1,71,,21792,,,1,25,,21793,,,1,20,,21794,,,1,60,,21795,,,1,20,,21796,,,1,20,,21797,,,1,55,,21798,,,1,15,,21799,,,1,15,,21800,,,1,15,,21801,,,1,65,,21802,,,1,20,,21803,,,1,99,,21804,,,1,100,,21805,,,1,99,,21806,,,1,100,,21807,,,1,200,,21808,,,1
1900,'20260313',528,,21809,,,1,96,,21810,,,1,20,,21811,,,1,61,,21812,,,1,15,,21813,,,1,15,,21814,,,1,15,,21815,,,1,60,,21816,,,1,20,,21817,,,1,70,,21818,,,1,29,,21819,,,1,100,,21820,,,1,100,,21821,,,1,100,,21822,,,1,100,,21823,,,1,100,,21824,,,1,71,,21825,,,1,25,,21826,,,1,20,,21827,,,1,60,,21828,,,1,20,,21829,,,1,20,,21830,,,1,55,,21831,,,1,15,,21832,,,1,15,,21833,,,1,15,,21834,,,1,65,,21835,,,1,20,,21836,,,1,99,,21837,,,1,100,,21838,,,1,99,,21839,,,1,100,,21840,,,1,200,,21841,,,1
1900,'20260314',628,,21842,,,1,100,,21843,,,1,100,,21844,,,1,100,,21845,,,1,100,,21846,,,1,101,,21847,,,1,101,,21848,,,1,100,,21849,,,1,100,,21850,,,1,100,,21851,,,1,100,,21852,,,1,100,,21853,,,1,100,,21854,,,1,99,,21855,,,1,100,,21856,,,1,99,,21857,,,1,100,,21858,,,1,100,,21859,,,1
1900,'20260315',628,,21860,,,1,100,,21861,,,1,100,,21862,,,1,100,,21863,,,1,100,,21864,,,1,101,,21865,,,1,101,,21866,,,1,100,,21867,,,1,100,,21868,,,1,100,,21869,,,1,100,,21870,,,1,100,,21871,,,1,100,,21872,,,1,99,,21873,,,1,100,,21874,,,1,99,,21875,,,1,100,,21876,,,1,100,,21877,,,1
1900,'20260316',528,,21878,,,1,96,,21879,,,1,20,,21880,,,1,61,,21881,,,1,15,,21882,,,1,15,,21883,,,1,15,,21884,,,1,60,,21885,,,1,20,,21886,,,1,70,,21887,,,1,29,,21888,,,1,100,,21889,,,1,100,,21890,,,1,100,,21891,,,1,100,,21892,,,1,100,,21893,,,1,71,,21894,,,1,25,,21895,,,1,20,,21896,,,1,60,,21897,,,1,20,,21898,,,1,20,,21899,,,1,55,,21900,,,1,15,,21901,,,1,15,,21902,,,1,15,,21903,,,1,65,,21904,,,1,20,,21905,,,1,99,,21906,,,1,100,,21907,,,1,99,,21908,,,1,100,,21909,,,1,200,,21910,,,1
1900,'20260317',528,,21911,,,1,96,,21912,,,1,20,,21913,,,1,61,,21914,,,1,15,,21915,,,1,15,,21916,,,1,15,,21917,,,1,60,,21918,,,1,20,,21919,,,1,70,,21920,,,1,29,,21921,,,1,100,,21922,,,1,100,,21923,,,1,100,,21924,,,1,100,,21925,,,1,100,,21926,,,1,71,,21927,,,1,25,,21928,,,1,20,,21929,,,1,60,,21930,,,1,20,,21931,,,1,20,,21932,,,1,55,,21933,,,1,15,,21934,,,1,15,,21935,,,1,15,,21936,,,1,65,,21937,,,1,20,,21938,,,1,99,,21939,,,1,100,,21940,,,1,99,,21941,,,1,100,,21942,,,1,200,,21943,,,1
1900,'20260318',528,,21944,,,1,96,,21945,,,1,20,,21946,,,1,61,,21947,,,1,15,,21948,,,1,15,,21949,,,1,15,,21950,,,1,60,,21951,,,1,20,,21952,,,1,70,,21953,,,1,29,,21954,,,1,100,,21955,,,1,100,,21956,,,1,100,,21957,,,1,100,,21958,,,1,100,,21959,,,1,71,,21960,,,1,25,,21961,,,1,20,,21962,,,1,60,,21963,,,1,20,,21964,,,1,20,,21965,,,1,55,,21966,,,1,15,,21967,,,1,15,,21968,,,1,15,,21969,,,1,65,,21970,,,1,20,,21971,,,1,99,,21972,,,1,100,,21973,,,1,99,,21974,,,1,100,,21975,,,1,200,,21976,,,1
1900,'20260319',528,,21977,,,1,96,,21978,,,1,20,,21979,,,1,61,,21980,,,1,15,,21981,,,1,15,,21982,,,1,15,,21983,,,1,60,,21984,,,1,20,,21985,,,1,70,,21986,,,1,29,,21987,,,1,100,,21988,,,1,100,,21989,,,1,100,,21990,,,1,100,,21991,,,1,100,,21992,,,1,71,,21993,,,1,25,,21994,,,1,20,,21995,,,1,60,,21996,,,1,20,,21997,,,1,20,,21998,,,1,55,,21999,,,1,15,,22000,,,1,15,,22001,,,1,15,,22002,,,1,65,,22003,,,1,20,,22004,,,1,99,,22005,,,1,100,,22006,,,1,99,,22007,,,1,100,,22008,,,1,200,,22009,,,1
1900,'20260320',528,,22010,,,1,96,,22011,,,1,20,,22012,,,1,61,,22013,,,1,15,,22014,,,1,15,,22015,,,1,15,,22016,,,1,60,,22017,,,1,20,,22018,,,1,70,,22019,,,1,29,,22020,,,1,100,,22021,,,1,100,,22022,,,1,100,,22023,,,1,100,,22024,,,1,100,,22025,,,1,71,,22026,,,1,25,,22027,,,1,20,,22028,,,1,60,,22029,,,1,20,,22030,,,1,20,,22031,,,1,55,,22032,,,1,15,,22033,,,1,15,,22034,,,1,15,,22035,,,1,65,,22036,,,1,20,,22037,,,1,99,,22038,,,1,100,,22039,,,1,99,,22040,,,1,100,,22041,,,1,200,,22042,,,1
1900,'20260321',628,,22043,,,1,100,,22044,,,1,100,,22045,,,1,100,,22046,,,1,100,,22047,,,1,101,,22048,,,1,101,,22049,,,1,100,,22050,,,1,100,,22051,,,1,100,,22052,,,1,100,,22053,,,1,100,,22054,,,1,100,,22055,,,1,99,,22056,,,1,100,,22057,,,1,99,,22058,,,1,100,,22059,,,1,100,,22060,,,1
1900,'20260322',628,,22061,,,1,100,,22062,,,1,100,,22063,,,1,100,,22064,,,1,100,,22065,,,1,101,,22066,,,1,101,,22067,,,1,100,,22068,,,1,100,,22069,,,1,100,,22070,,,1,100,,22071,,,1,100,,22072,,,1,100,,22073,,,1,99,,22074,,,1,100,,22075,,,1,99,,22076,,,1,100,,22077,,,1,100,,22078,,,1
1900,'20260323',528,,22079,,,1,96,,22080,,,1,20,,22081,,,1,61,,22082,,,1,15,,22083,,,1,15,,22084,,,1,15,,22085,,,1,60,,22086,,,1,20,,22087,,,1,70,,22088,,,1,29,,22089,,,1,100,,22090,,,1,100,,22091,,,1,100,,22092,,,1,100,,22093,,,1,100,,22094,,,1,71,,22095,,,1,25,,22096,,,1,20,,22097,,,1,60,,22098,,,1,20,,22099,,,1,20,,22100,,,1,55,,22101,,,1,15,,22102,,,1,15,,22103,,,1,15,,22104,,,1,65,,22105,,,1,20,,22106,,,1,99,,22107,,,1,100,,22108,,,1,99,,22109,,,1,100,,22110,,,1,200,,22111,,,1
1900,'20260324',528,,22112,,,1,96,,22113,,,1,20,,22114,,,1,61,,22115,,,1,15,,22116,,,1,15,,22117,,,1,15,,22118,,,1,60,,22119,,,1,20,,22120,,,1,70,,22121,,,1,29,,22122,,,1,100,,22123,,,1,100,,22124,,,1,100,,22125,,,1,100,,22126,,,1,100,,22127,,,1,71,,22128,,,1,25,,22129,,,1,20,,22130,,,1,60,,22131,,,1,20,,22132,,,1,20,,22133,,,1,55,,22134,,,1,15,,22135,,,1,15,,22136,,,1,15,,22137,,,1,65,,22138,,,1,20,,22139,,,1,99,,22140,,,1,100,,22141,,,1,99,,22142,,,1,100,,22143,,,1,200,,22144,,,1
1900,'20260325',528,,22145,,,1,96,,22146,,,1,20,,22147,,,1,61,,22148,,,1,15,,22149,,,1,15,,22150,,,1,15,,22151,,,1,60,,22152,,,1,20,,22153,,,1,70,,22154,,,1,29,,22155,,,1,100,,22156,,,1,100,,22157,,,1,100,,22158,,,1,100,,22159,,,1,100,,22160,,,1,71,,22161,,,1,25,,22162,,,1,20,,22163,,,1,60,,22164,,,1,20,,22165,,,1,20,,22166,,,1,55,,22167,,,1,15,,22168,,,1,15,,22169,,,1,15,,22170,,,1,65,,22171,,,1,20,,22172,,,1,99,,22173,,,1,100,,22174,,,1,99,,22175,,,1,100,,22176,,,1,200,,22177,,,1
1900,'20260326',528,,22178,,,1,96,,22179,,,1,20,,22180,,,1,61,,22181,,,1,15,,22182,,,1,15,,22183,,,1,15,,22184,,,1,60,,22185,,,1,20,,22186,,,1,70,,22187,,,1,29,,22188,,,1,100,,22189,,,1,100,,22190,,,1,100,,22191,,,1,100,,22192,,,1,100,,22193,,,1,71,,22194,,,1,25,,22195,,,1,20,,22196,,,1,60,,22197,,,1,20,,22198,,,1,20,,22199,,,1,55,,22200,,,1,15,,22201,,,1,15,,22202,,,1,15,,22203,,,1,65,,22204,,,1,20,,22205,,,1,99,,22206,,,1,100,,22207,,,1,99,,22208,,,1,100,,22209,,,1,200,,22210,,,1
1900,'20260327',528,,22211,,,1,96,,22212,,,1,20,,22213,,,1,61,,22214,,,1,15,,22215,,,1,15,,22216,,,1,15,,22217,,,1,60,,22218,,,1,20,,22219,,,1,70,,22220,,,1,29,,22221,,,1,100,,22222,,,1,100,,22223,,,1,100,,22224,,,1,100,,22225,,,1,100,,22226,,,1,71,,22227,,,1,25,,22228,,,1,20,,22229,,,1,60,,22230,,,1,20,,22231,,,1,20,,22232,,,1,55,,22233,,,1,15,,22234,,,1,15,,22235,,,1,15,,22236,,,1,65,,22237,,,1,20,,22238,,,1,99,,22239,,,1,100,,22240,,,1,99,,22241,,,1,100,,22242,,,1,200,,22243,,,1
1900,'20260328',628,,22244,,,1,100,,22245,,,1,100,,22246,,,1,100,,22247,,,1,100,,22248,,,1,101,,22249,,,1,101,,22250,,,1,100,,22251,,,1,100,,22252,,,1,100,,22253,,,1,100,,22254,,,1,100,,22255,,,1,100,,22256,,,1,99,,22257,,,1,100,,22258,,,1,99,,22259,,,1,100,,22260,,,1,100,,22261,,,1
1900,'20260329',628,,22262,,,1,100,,22263,,,1,100,,22264,,,1,100,,22265,,,1,100,,22266,,,1,101,,22267,,,1,101,,22268,,,1,100,,22269,,,1,100,,22270,,,1,100,,22271,,,1,100,,22272,,,1,100,,22273,,,1,100,,22274,,,1,99,,22275,,,1,100,,22276,,,1,99,,22277,,,1,100,,22278,,,1,100,,22279,,,1
1900,'20260330',528,,22280,,,1,96,,22281,,,1,20,,22282,,,1,61,,22283,,,1,15,,22284,,,1,15,,22285,,,1,15,,22286,,,1,60,,22287,,,1,20,,22288,,,1,70,,22289,,,1,29,,22290,,,1,100,,22291,,,1,100,,22292,,,1,100,,22293,,,1,100,,22294,,,1,100,,22295,,,1,71,,22296,,,1,25,,22297,,,1,20,,22298,,,1,60,,22299,,,1,20,,22300,,,1,20,,22301,,,1,55,,22302,,,1,15,,22303,,,1,15,,22304,,,1,15,,22305,,,1,65,,22306,,,1,20,,22307,,,1,99,,22308,,,1,100,,22309,,,1,99,,22310,,,1,100,,22311,,,1,200,,22312,,,1
1900,'20260331',528,,22313,,,1,96,,22314,,,1,20,,22315,,,1,61,,22316,,,1,15,,22317,,,1,15,,22318,,,1,15,,22319,,,1,60,,22320,,,1,20,,22321,,,1,70,,22322,,,1,29,,22323,,,1,100,,22324,,,1,100,,22325,,,1,100,,22326,,,1,100,,22327,,,1,100,,22328,,,1,71,,22329,,,1,25,,22330,,,1,20,,22331,,,1,60,,22332,,,1,20,,22333,,,1,20,,22334,,,1,55,,22335,,,1,15,,22336,,,1,15,,22337,,,1,15,,22338,,,1,65,,22339,,,1,20,,22340,,,1,99,,22341,,,1,100,,22342,,,1,99,,22343,,,1,100,,22344,,,1,200,,22345,,,1
1900,'20260401',528,,22346,,,1,96,,22347,,,1,20,,22348,,,1,61,,22349,,,1,15,,22350,,,1,15,,22351,,,1,15,,22352,,,1,60,,22353,,,1,20,,22354,,,1,70,,22355,,,1,29,,22356,,,1,100,,22357,,,1,100,,22358,,,1,100,,22359,,,1,100,,22360,,,1,100,,22361,,,1,71,,22362,,,1,25,,22363,,,1,20,,22364,,,1,60,,22365,,,1,20,,22366,,,1,20,,22367,,,1,55,,22368,,,1,15,,22369,,,1,15,,22370,,,1,15,,22371,,,1,65,,22372,,,1,20,,22373,,,1,99,,22374,,,1,100,,22375,,,1,99,,22376,,,1,100,,22377,,,1,200,,22378,,,1
1900,'20260402',528,,22379,,,1,96,,22380,,,1,20,,22381,,,1,61,,22382,,,1,15,,22383,,,1,15,,22384,,,1,15,,22385,,,1,60,,22386,,,1,20,,22387,,,1,70,,22388,,,1,29,,22389,,,1,100,,22390,,,1,100,,22391,,,1,100,,22392,,,1,100,,22393,,,1,100,,22394,,,1,71,,22395,,,1,25,,22396,,,1,20,,22397,,,1,60,,22398,,,1,20,,22399,,,1,20,,22400,,,1,55,,22401,,,1,15,,22402,,,1,15,,22403,,,1,15,,22404,,,1,65,,22405,,,1,20,,22406,,,1,99,,22407,,,1,100,,22408,,,1,99,,22409,,,1,100,,22410,,,1,200,,22411,,,1
1900,'20260403',628,,22412,,,1,100,,22413,,,1,100,,22414,,,1,100,,22415,,,1,100,,22416,,,1,101,,22417,,,1,101,,22418,,,1,100,,22419,,,1,100,,22420,,,1,100,,22421,,,1,100,,22422,,,1,100,,22423,,,1,100,,22424,,,1,99,,22425,,,1,100,,22426,,,1,99,,22427,,,1,100,,22428,,,1,100,,22429,,,1
1900,'20260404',628,,22430,,,1,100,,22431,,,1,100,,22432,,,1,100,,22433,,,1,100,,22434,,,1,101,,22435,,,1,101,,22436,,,1,100,,22437,,,1,100,,22438,,,1,100,,22439,,,1,100,,22440,,,1,100,,22441,,,1,100,,22442,,,1,99,,22443,,,1,100,,22444,,,1,99,,22445,,,1,100,,22446,,,1,100,,22447,,,1
1900,'20260405',628,,22448,,,1,100,,22449,,,1,100,,22450,,,1,100,,22451,,,1,100,,22452,,,1,101,,22453,,,1,101,,22454,,,1,100,,22455,,,1,100,,22456,,,1,100,,22457,,,1,100,,22458,,,1,100,,22459,,,1,100,,22460,,,1,99,,22461,,,1,100,,22462,,,1,99,,22463,,,1,100,,22464,,,1,100,,22465,,,1
1900,'20260406',528,,22466,,,1,96,,22467,,,1,20,,22468,,,1,61,,22469,,,1,15,,22470,,,1,15,,22471,,,1,15,,22472,,,1,60,,22473,,,1,20,,22474,,,1,70,,22475,,,1,29,,22476,,,1,100,,22477,,,1,100,,22478,,,1,100,,22479,,,1,100,,22480,,,1,100,,22481,,,1,71,,22482,,,1,25,,22483,,,1,20,,22484,,,1,60,,22485,,,1,20,,22486,,,1,20,,22487,,,1,55,,22488,,,1,15,,22489,,,1,15,,22490,,,1,15,,22491,,,1,65,,22492,,,1,20,,22493,,,1,99,,22494,,,1,100,,22495,,,1,99,,22496,,,1,100,,22497,,,1,200,,22498,,,1
1900,'20260407',528,,22499,,,1,96,,22500,,,1,20,,22501,,,1,61,,22502,,,1,15,,22503,,,1,15,,22504,,,1,15,,22505,,,1,60,,22506,,,1,20,,22507,,,1,70,,22508,,,1,29,,22509,,,1,100,,22510,,,1,100,,22511,,,1,100,,22512,,,1,100,,22513,,,1,100,,22514,,,1,71,,22515,,,1,25,,22516,,,1,20,,22517,,,1,60,,22518,,,1,20,,22519,,,1,20,,22520,,,1,55,,22521,,,1,15,,22522,,,1,15,,22523,,,1,15,,22524,,,1,65,,22525,,,1,20,,22526,,,1,99,,22527,,,1,100,,22528,,,1,99,,22529,,,1,100,,22530,,,1,200,,22531,,,1
1900,'20260408',528,,22532,,,1,96,,22533,,,1,20,,22534,,,1,61,,22535,,,1,15,,22536,,,1,15,,22537,,,1,15,,22538,,,1,60,,22539,,,1,20,,22540,,,1,70,,22541,,,1,29,,22542,,,1,100,,22543,,,1,100,,22544,,,1,100,,22545,,,1,100,,22546,,,1,100,,22547,,,1,71,,22548,,,1,25,,22549,,,1,20,,22550,,,1,60,,22551,,,1,20,,22552,,,1,20,,22553,,,1,55,,22554,,,1,15,,22555,,,1,15,,22556,,,1,15,,22557,,,1,65,,22558,,,1,20,,22559,,,1,99,,22560,,,1,100,,22561,,,1,99,,22562,,,1,100,,22563,,,1,200,,22564,,,1
1900,'20260409',528,,22565,,,1,96,,22566,,,1,20,,22567,,,1,61,,22568,,,1,15,,22569,,,1,15,,22570,,,1,15,,22571,,,1,60,,22572,,,1,20,,22573,,,1,70,,22574,,,1,29,,22575,,,1,100,,22576,,,1,100,,22577,,,1,100,,22578,,,1,100,,22579,,,1,100,,22580,,,1,71,,22581,,,1,25,,22582,,,1,20,,22583,,,1,60,,22584,,,1,20,,22585,,,1,20,,22586,,,1,55,,22587,,,1,15,,22588,,,1,15,,22589,,,1,15,,22590,,,1,65,,22591,,,1,20,,22592,,,1,99,,22593,,,1,100,,22594,,,1,99,,22595,,,1,100,,22596,,,1,200,,22597,,,1
1900,'20260410',528,,22598,,,1,96,,22599,,,1,20,,22600,,,1,61,,22601,,,1,15,,22602,,,1,15,,22603,,,1,15,,22604,,,1,60,,22605,,,1,20,,22606,,,1,70,,22607,,,1,29,,22608,,,1,100,,22609,,,1,100,,22610,,,1,100,,22611,,,1,100,,22612,,,1,100,,22613,,,1,71,,22614,,,1,25,,22615,,,1,20,,22616,,,1,60,,22617,,,1,20,,22618,,,1,20,,22619,,,1,55,,22620,,,1,15,,22621,,,1,15,,22622,,,1,15,,22623,,,1,65,,22624,,,1,20,,22625,,,1,99,,22626,,,1,100,,22627,,,1,99,,22628,,,1,100,,22629,,,1,200,,22630,,,1
1900,'20260411',628,,22631,,,1,100,,22632,,,1,100,,22633,,,1,100,,22634,,,1,100,,22635,,,1,101,,22636,,,1,101,,22637,,,1,100,,22638,,,1,100,,22639,,,1,100,,22640,,,1,100,,22641,,,1,100,,22642,,,1,100,,22643,,,1,99,,22644,,,1,100,,22645,,,1,99,,22646,,,1,100,,22647,,,1,100,,22648,,,1
1900,'20260412',628,,22649,,,1,100,,22650,,,1,100,,22651,,,1,100,,22652,,,1,100,,22653,,,1,101,,22654,,,1,101,,22655,,,1,100,,22656,,,1,100,,22657,,,1,100,,22658,,,1,100,,22659,,,1,100,,22660,,,1,100,,22661,,,1,99,,22662,,,1,100,,22663,,,1,99,,22664,,,1,100,,22665,,,1,100,,22666,,,1
1900,'20260413',528,,22667,,,1,96,,22668,,,1,20,,22669,,,1,61,,22670,,,1,15,,22671,,,1,15,,22672,,,1,15,,22673,,,1,60,,22674,,,1,20,,22675,,,1,70,,22676,,,1,29,,22677,,,1,100,,22678,,,1,100,,22679,,,1,100,,22680,,,1,100,,22681,,,1,100,,22682,,,1,71,,22683,,,1,25,,22684,,,1,20,,22685,,,1,60,,22686,,,1,20,,22687,,,1,20,,22688,,,1,55,,22689,,,1,15,,22690,,,1,15,,22691,,,1,15,,22692,,,1,65,,22693,,,1,20,,22694,,,1,99,,22695,,,1,100,,22696,,,1,99,,22697,,,1,100,,22698,,,1,200,,22699,,,1
1900,'20260414',528,,22700,,,1,96,,22701,,,1,20,,22702,,,1,61,,22703,,,1,15,,22704,,,1,15,,22705,,,1,15,,22706,,,1,60,,22707,,,1,20,,22708,,,1,70,,22709,,,1,29,,22710,,,1,100,,22711,,,1,100,,22712,,,1,100,,22713,,,1,100,,22714,,,1,100,,22715,,,1,71,,22716,,,1,25,,22717,,,1,20,,22718,,,1,60,,22719,,,1,20,,22720,,,1,20,,22721,,,1,55,,22722,,,1,15,,22723,,,1,15,,22724,,,1,15,,22725,,,1,65,,22726,,,1,20,,22727,,,1,99,,22728,,,1,100,,22729,,,1,99,,22730,,,1,100,,22731,,,1,200,,22732,,,1
1900,'20260415',528,,22733,,,1,96,,22734,,,1,20,,22735,,,1,61,,22736,,,1,15,,22737,,,1,15,,22738,,,1,15,,22739,,,1,60,,22740,,,1,20,,22741,,,1,70,,22742,,,1,29,,22743,,,1,100,,22744,,,1,100,,22745,,,1,100,,22746,,,1,100,,22747,,,1,100,,22748,,,1,71,,22749,,,1,25,,22750,,,1,20,,22751,,,1,60,,22752,,,1,20,,22753,,,1,20,,22754,,,1,55,,22755,,,1,15,,22756,,,1,15,,22757,,,1,15,,22758,,,1,65,,22759,,,1,20,,22760,,,1,99,,22761,,,1,100,,22762,,,1,99,,22763,,,1,100,,22764,,,1,200,,22765,,,1
1900,'20260416',528,,22766,,,1,96,,22767,,,1,20,,22768,,,1,61,,22769,,,1,15,,22770,,,1,15,,22771,,,1,15,,22772,,,1,60,,22773,,,1,20,,22774,,,1,70,,22775,,,1,29,,22776,,,1,100,,22777,,,1,100,,22778,,,1,100,,22779,,,1,100,,22780,,,1,100,,22781,,,1,71,,22782,,,1,25,,22783,,,1,20,,22784,,,1,60,,22785,,,1,20,,22786,,,1,20,,22787,,,1,55,,22788,,,1,15,,22789,,,1,15,,22790,,,1,15,,22791,,,1,65,,22792,,,1,20,,22793,,,1,99,,22794,,,1,100,,22795,,,1,99,,22796,,,1,100,,22797,,,1,200,,22798,,,1
1900,'20260417',528,,22799,,,1,96,,22800,,,1,20,,22801,,,1,61,,22802,,,1,15,,22803,,,1,15,,22804,,,1,15,,22805,,,1,60,,22806,,,1,20,,22807,,,1,70,,22808,,,1,29,,22809,,,1,100,,22810,,,1,100,,22811,,,1,100,,22812,,,1,100,,22813,,,1,100,,22814,,,1,71,,22815,,,1,25,,22816,,,1,20,,22817,,,1,60,,22818,,,1,20,,22819,,,1,20,,22820,,,1,55,,22821,,,1,15,,22822,,,1,15,,22823,,,1,15,,22824,,,1,65,,22825,,,1,20,,22826,,,1,99,,22827,,,1,100,,22828,,,1,99,,22829,,,1,100,,22830,,,1,200,,22831,,,1
1900,'20260418',628,,22832,,,1,100,,22833,,,1,100,,22834,,,1,100,,22835,,,1,100,,22836,,,1,101,,22837,,,1,101,,22838,,,1,100,,22839,,,1,100,,22840,,,1,100,,22841,,,1,100,,22842,,,1,100,,22843,,,1,100,,22844,,,1,99,,22845,,,1,100,,22846,,,1,99,,22847,,,1,100,,22848,,,1,100,,22849,,,1
1900,'20260419',628,,22850,,,1,100,,22851,,,1,100,,22852,,,1,100,,22853,,,1,100,,22854,,,1,101,,22855,,,1,101,,22856,,,1,100,,22857,,,1,100,,22858,,,1,100,,22859,,,1,100,,22860,,,1,100,,22861,,,1,100,,22862,,,1,99,,22863,,,1,100,,22864,,,1,99,,22865,,,1,100,,22866,,,1,100,,22867,,,1
1900,'20260420',528,,22868,,,1,96,,22869,,,1,20,,22870,,,1,61,,22871,,,1,15,,22872,,,1,15,,22873,,,1,15,,22874,,,1,60,,22875,,,1,20,,22876,,,1,70,,22877,,,1,29,,22878,,,1,100,,22879,,,1,100,,22880,,,1,100,,22881,,,1,100,,22882,,,1,100,,22883,,,1,71,,22884,,,1,25,,22885,,,1,20,,22886,,,1,60,,22887,,,1,20,,22888,,,1,20,,22889,,,1,55,,22890,,,1,15,,22891,,,1,15,,22892,,,1,15,,22893,,,1,65,,22894,,,1,20,,22895,,,1,99,,22896,,,1,100,,22897,,,1,99,,22898,,,1,100,,22899,,,1,200,,22900,,,1
1900,'20260421',528,,22901,,,1,96,,22902,,,1,20,,22903,,,1,61,,22904,,,1,15,,22905,,,1,15,,22906,,,1,15,,22907,,,1,60,,22908,,,1,20,,22909,,,1,70,,22910,,,1,29,,22911,,,1,100,,22912,,,1,100,,22913,,,1,100,,22914,,,1,100,,22915,,,1,100,,22916,,,1,71,,22917,,,1,25,,22918,,,1,20,,22919,,,1,60,,22920,,,1,20,,22921,,,1,20,,22922,,,1,55,,22923,,,1,15,,22924,,,1,15,,22925,,,1,15,,22926,,,1,65,,22927,,,1,20,,22928,,,1,99,,22929,,,1,100,,22930,,,1,99,,22931,,,1,100,,22932,,,1,200,,22933,,,1
1900,'20260422',528,,22934,,,1,96,,22935,,,1,20,,22936,,,1,61,,22937,,,1,15,,22938,,,1,15,,22939,,,1,15,,22940,,,1,60,,22941,,,1,20,,22942,,,1,70,,22943,,,1,29,,22944,,,1,100,,22945,,,1,100,,22946,,,1,100,,22947,,,1,100,,22948,,,1,100,,22949,,,1,71,,22950,,,1,25,,22951,,,1,20,,22952,,,1,60,,22953,,,1,20,,22954,,,1,20,,22955,,,1,55,,22956,,,1,15,,22957,,,1,15,,22958,,,1,15,,22959,,,1,65,,22960,,,1,20,,22961,,,1,99,,22962,,,1,100,,22963,,,1,99,,22964,,,1,100,,22965,,,1,200,,22966,,,1
1900,'20260423',528,,22967,,,1,96,,22968,,,1,20,,22969,,,1,61,,22970,,,1,15,,22971,,,1,15,,22972,,,1,15,,22973,,,1,60,,22974,,,1,20,,22975,,,1,70,,22976,,,1,29,,22977,,,1,100,,22978,,,1,100,,22979,,,1,100,,22980,,,1,100,,22981,,,1,100,,22982,,,1,71,,22983,,,1,25,,22984,,,1,20,,22985,,,1,60,,22986,,,1,20,,22987,,,1,20,,22988,,,1,55,,22989,,,1,15,,22990,,,1,15,,22991,,,1,15,,22992,,,1,65,,22993,,,1,20,,22994,,,1,99,,22995,,,1,100,,22996,,,1,99,,22997,,,1,100,,22998,,,1,200,,22999,,,1
1900,'20260424',528,,23000,,,1,96,,23001,,,1,20,,23002,,,1,61,,23003,,,1,15,,23004,,,1,15,,23005,,,1,15,,23006,,,1,60,,23007,,,1,20,,23008,,,1,70,,23009,,,1,29,,23010,,,1,100,,23011,,,1,100,,23012,,,1,100,,23013,,,1,100,,23014,,,1,100,,23015,,,1,71,,23016,,,1,25,,23017,,,1,20,,23018,,,1,60,,23019,,,1,20,,23020,,,1,20,,23021,,,1,55,,23022,,,1,15,,23023,,,1,15,,23024,,,1,15,,23025,,,1,65,,23026,,,1,20,,23027,,,1,99,,23028,,,1,100,,23029,,,1,99,,23030,,,1,100,,23031,,,1,200,,23032,,,1
4000,'20260305',414,,78430,0,49 50 51,1,100,,78431,0,49 50 51,1,95,,78432,0,49 50 51,1,34,,78433,0,49 50 51,1,60,,78434,0,37 42 9,1,10,,78435,0,49 50 51,1,17,,78436,0,49 50 51,1,15,,78437,0,49 50 51,1,60,,78438,0,37 42 9,1,10,,78439,0,49 50 51,1,15,,78440,0,49 50 51,1,20,,78441,0,49 50 51,1,55,,78442,0,37 42 9,1,20,,78443,0,49 50 51,1,25,,78444,0,49 50 51,1,68,,78445,0,49 50 51,1,25,,78446,0,52 49 50 51,1,75,,78447,0,49 50 51,1,35,,78448,0,49 50 51,1,65,,78449,0,49 50 51,1,25,,78450,0,52 49 50 51,1,75,,78451,0,49 50 51,1,30,,78452,0,49 50 51,1,70,,78453,0,49 50 51,1,33,,78454,0,49 50 51,1,60,,78455,0,37 42 9,1,35,,78456,0,49 50 51,1,60,,78457,0,37 42 9,1,25,,78458,0,49 50 51,1,20,,78459,0,49 50 51,1,55,,78460,0,49 50 51,1,10,,78461,0,37 42 9,1,15,,78462,0,49 50 51,1,15,,78463,0,49 50 51,1,54,,78464,0,49 50 51,1,15,,78465,0,37 42 9,1,20,,78466,0,49 50 51,1,20,,78467,0,49 50 51,1,60,,78468,0,49 50 51,1,25,,78469,0,37 42 9,1,74,,78470,0,49 50 51,1,30,,78471,0,49 50 51,1,65,,78472,0,49 50 51,1,100,,78473,0,49 50 51,1,100,,78474,0,49 50 51,1,105,,78475,0,49 50 51,1,200,,78476,0,49 50 51,1
4000,'20260306',414,,78477,0,49 50 51,1,100,,78478,0,49 50 51,1,95,,78479,0,49 50 51,1,34,,78480,0,49 50 51,1,60,,78481,0,37 42 9,1,10,,78482,0,49 50 51,1,17,,78483,0,49 50 51,1,15,,78484,0,49 50 51,1,60,,78485,0,37 42 9,1,10,,78486,0,49 50 51,1,15,,78487,0,49 50 51,1,20,,78488,0,49 50 51,1,55,,78489,0,37 42 9,1,20,,78490,0,49 50 51,1,25,,78491,0,49 50 51,1,68,,78492,0,49 50 51,1,25,,78493,0,52 49 50 51,1,75,,78494,0,49 50 51,1,35,,78495,0,49 50 51,1,65,,78496,0,49 50 51,1,25,,78497,0,52 49 50 51,1,75,,78498,0,49 50 51,1,30,,78499,0,49 50 51,1,70,,78500,0,49 50 51,1,33,,78501,0,49 50 51,1,60,,78502,0,37 42 9,1,35,,78503,0,49 50 51,1,60,,78504,0,37 42 9,1,25,,78505,0,49 50 51,1,20,,78506,0,49 50 51,1,55,,78507,0,49 50 51,1,10,,78508,0,37 42 9,1,15,,78509,0,49 50 51,1,15,,78510,0,49 50 51,1,54,,78511,0,49 50 51,1,15,,78512,0,37 42 9,1,20,,78513,0,49 50 51,1,20,,78514,0,49 50 51,1,60,,78515,0,49 50 51,1,25,,78516,0,37 42 9,1,74,,78517,0,49 50 51,1,30,,78518,0,49 50 51,1,65,,78519,0,49 50 51,1,100,,78520,0,49 50 51,1,100,,78521,0,49 50 51,1,105,,78522,0,49 50 51,1,200,,78523,0,49 50 51,1
4000,'20260307',414,,78524,0,49 50 51,1,200,,78525,0,49 50 51,1,100,,78526,0,49 50 51,1,100,,78527,0,49 50 51,1,100,,78528,0,49 50 51,1,30,,78529,0,49 50 51,1,70,,78530,0,49 50 51,1,30,,78531,0,49 50 51,1,70,,78532,0,49 50 51,1,30,,78533,0,49 50 51,1,70,,78534,0,49 50 51,1,30,,78535,0,49 50 51,1,70,,78536,0,49 50 51,1,30,,78537,0,49 50 51,1,70,,78538,0,49 50 51,1,30,,78539,0,49 50 51,1,70,,78540,0,49 50 51,1,30,,78541,0,49 50 51,1,60,,78542,0,49 50 51,1,20,,78543,0,49 50 51,1,20,,78544,0,49 50 51,1,60,,78545,0,49 50 51,1,20,,78546,0,49 50 51,1,20,,78547,0,49 50 51,1,70,,78548,0,49 50 51,1,30,,78549,0,49 50 51,1,70,,78550,0,49 50 51,1,30,,78551,0,49 50 51,1,70,,78552,0,49 50 51,1,30,,78553,0,49 50 51,1,70,,78554,0,49 50 51,1,100,,78555,0,49 50 51,1,100,,78556,0,49 50 51,1,100,,78557,0,49 50 51,1,200,,78558,0,49 50 51,1
4000,'20260308',414,,78559,0,49 50 51,1,200,,78560,0,49 50 51,1,100,,78561,0,49 50 51,1,100,,78562,0,49 50 51,1,100,,78563,0,49 50 51,1,30,,78564,0,49 50 51,1,70,,78565,0,49 50 51,1,30,,78566,0,49 50 51,1,70,,78567,0,49 50 51,1,30,,78568,0,49 50 51,1,70,,78569,0,49 50 51,1,30,,78570,0,49 50 51,1,70,,78571,0,49 50 51,1,30,,78572,0,49 50 51,1,70,,78573,0,49 50 51,1,30,,78574,0,49 50 51,1,70,,78575,0,49 50 51,1,30,,78576,0,49 50 51,1,60,,78577,0,49 50 51,1,20,,78578,0,49 50 51,1,20,,78579,0,49 50 51,1,60,,78580,0,49 50 51,1,20,,78581,0,49 50 51,1,20,,78582,0,49 50 51,1,70,,78583,0,49 50 51,1,30,,78584,0,49 50 51,1,70,,78585,0,49 50 51,1,30,,78586,0,49 50 51,1,70,,78587,0,49 50 51,1,30,,78588,0,49 50 51,1,70,,78589,0,49 50 51,1,100,,78590,0,49 50 51,1,100,,78591,0,49 50 51,1,100,,78592,0,49 50 51,1,200,,78593,0,49 50 51,1
4000,'20260309',414,,78594,0,49 50 51,1,100,,78595,0,49 50 51,1,95,,78596,0,49 50 51,1,34,,78597,0,49 50 51,1,60,,78598,0,37 42 9,1,10,,78599,0,49 50 51,1,17,,78600,0,49 50 51,1,15,,78601,0,49 50 51,1,60,,78602,0,37 42 9,1,10,,78603,0,49 50 51,1,15,,78604,0,49 50 51,1,20,,78605,0,49 50 51,1,55,,78606,0,37 42 9,1,20,,78607,0,49 50 51,1,25,,78608,0,49 50 51,1,68,,78609,0,49 50 51,1,25,,78610,0,52 49 50 51,1,75,,78611,0,49 50 51,1,35,,78612,0,49 50 51,1,65,,78613,0,49 50 51,1,25,,78614,0,52 49 50 51,1,75,,78615,0,49 50 51,1,30,,78616,0,49 50 51,1,70,,78617,0,49 50 51,1,33,,78618,0,49 50 51,1,60,,78619,0,37 42 9,1,35,,78620,0,49 50 51,1,60,,78621,0,37 42 9,1,25,,78622,0,49 50 51,1,20,,78623,0,49 50 51,1,55,,78624,0,49 50 51,1,10,,78625,0,37 42 9,1,15,,78626,0,49 50 51,1,15,,78627,0,49 50 51,1,54,,78628,0,49 50 51,1,15,,78629,0,37 42 9,1,20,,78630,0,49 50 51,1,20,,78631,0,49 50 51,1,60,,78632,0,49 50 51,1,25,,78633,0,37 42 9,1,74,,78634,0,49 50 51,1,30,,78635,0,49 50 51,1,65,,78636,0,49 50 51,1,100,,78637,0,49 50 51,1,100,,78638,0,49 50 51,1,105,,78639,0,49 50 51,1,200,,78640,0,49 50 51,1
4000,'20260310',414,,78641,0,49 50 51,1,100,,78642,0,49 50 51,1,95,,78643,0,49 50 51,1,34,,78644,0,49 50 51,1,60,,78645,0,37 42 9,1,10,,78646,0,49 50 51,1,17,,78647,0,49 50 51,1,15,,78648,0,49 50 51,1,60,,78649,0,37 42 9,1,10,,78650,0,49 50 51,1,15,,78651,0,49 50 51,1,20,,78652,0,49 50 51,1,55,,78653,0,37 42 9,1,20,,78654,0,49 50 51,1,25,,78655,0,49 50 51,1,68,,78656,0,49 50 51,1,25,,78657,0,52 49 50 51,1,75,,78658,0,49 50 51,1,35,,78659,0,49 50 51,1,65,,78660,0,49 50 51,1,25,,78661,0,52 49 50 51,1,75,,78662,0,49 50 51,1,30,,78663,0,49 50 51,1,70,,78664,0,49 50 51,1,33,,78665,0,49 50 51,1,60,,78666,0,37 42 9,1,35,,78667,0,49 50 51,1,60,,78668,0,37 42 9,1,25,,78669,0,49 50 51,1,20,,78670,0,49 50 51,1,55,,78671,0,49 50 51,1,10,,78672,0,37 42 9,1,15,,78673,0,49 50 51,1,15,,78674,0,49 50 51,1,54,,78675,0,49 50 51,1,15,,78676,0,37 42 9,1,20,,78677,0,49 50 51,1,20,,78678,0,49 50 51,1,60,,78679,0,49 50 51,1,25,,78680,0,37 42 9,1,74,,78681,0,49 50 51,1,30,,78682,0,49 50 51,1,65,,78683,0,49 50 51,1,100,,78684,0,49 50 51,1,100,,78685,0,49 50 51,1,105,,78686,0,49 50 51,1,200,,78687,0,49 50 51,1
4000,'20260311',414,,78688,0,49 50 51,1,100,,78689,0,49 50 51,1,95,,78690,0,49 50 51,1,34,,78691,0,49 50 51,1,60,,78692,0,37 42 9,1,10,,78693,0,49 50 51,1,17,,78694,0,49 50 51,1,15,,78695,0,49 50 51,1,60,,78696,0,37 42 9,1,10,,78697,0,49 50 51,1,15,,78698,0,49 50 51,1,20,,78699,0,49 50 51,1,55,,78700,0,37 42 9,1,20,,78701,0,49 50 51,1,25,,78702,0,49 50 51,1,68,,78703,0,49 50 51,1,25,,78704,0,52 49 50 51,1,75,,78705,0,49 50 51,1,35,,78706,0,49 50 51,1,65,,78707,0,49 50 51,1,25,,78708,0,52 49 50 51,1,75,,78709,0,49 50 51,1,30,,78710,0,49 50 51,1,70,,78711,0,49 50 51,1,33,,78712,0,49 50 51,1,60,,78713,0,37 42 9,1,35,,78714,0,49 50 51,1,60,,78715,0,37 42 9,1,25,,78716,0,49 50 51,1,20,,78717,0,49 50 51,1,55,,78718,0,49 50 51,1,10,,78719,0,37 42 9,1,15,,78720,0,49 50 51,1,15,,78721,0,49 50 51,1,54,,78722,0,49 50 51,1,15,,78723,0,37 42 9,1,20,,78724,0,49 50 51,1,20,,78725,0,49 50 51,1,60,,78726,0,49 50 51,1,25,,78727,0,37 42 9,1,74,,78728,0,49 50 51,1,30,,78729,0,49 50 51,1,65,,78730,0,49 50 51,1,100,,78731,0,49 50 51,1,100,,78732,0,49 50 51,1,105,,78733,0,49 50 51,1,200,,78734,0,49 50 51,1
4000,'20260312',414,,78735,0,49 50 51,1,100,,78736,0,49 50 51,1,95,,78737,0,49 50 51,1,34,,78738,0,49 50 51,1,60,,78739,0,37 42 9,1,10,,78740,0,49 50 51,1,17,,78741,0,49 50 51,1,15,,78742,0,49 50 51,1,60,,78743,0,37 42 9,1,10,,78744,0,49 50 51,1,15,,78745,0,49 50 51,1,20,,78746,0,49 50 51,1,55,,78747,0,37 42 9,1,20,,78748,0,49 50 51,1,25,,78749,0,49 50 51,1,68,,78750,0,49 50 51,1,25,,78751,0,52 49 50 51,1,75,,78752,0,49 50 51,1,35,,78753,0,49 50 51,1,65,,78754,0,49 50 51,1,25,,78755,0,52 49 50 51,1,75,,78756,0,49 50 51,1,30,,78757,0,49 50 51,1,70,,78758,0,49 50 51,1,33,,78759,0,49 50 51,1,60,,78760,0,37 42 9,1,35,,78761,0,49 50 51,1,60,,78762,0,37 42 9,1,25,,78763,0,49 50 51,1,20,,78764,0,49 50 51,1,55,,78765,0,49 50 51,1,10,,78766,0,37 42 9,1,15,,78767,0,49 50 51,1,15,,78768,0,49 50 51,1,54,,78769,0,49 50 51,1,15,,78770,0,37 42 9,1,20,,78771,0,49 50 51,1,20,,78772,0,49 50 51,1,60,,78773,0,49 50 51,1,25,,78774,0,37 42 9,1,74,,78775,0,49 50 51,1,30,,78776,0,49 50 51,1,65,,78777,0,49 50 51,1,100,,78778,0,49 50 51,1,100,,78779,0,49 50 51,1,105,,78780,0,49 50 51,1,200,,78781,0,49 50 51,1
4000,'20260313',414,,78782,0,49 50 51,1,100,,78783,0,49 50 51,1,95,,78784,0,49 50 51,1,34,,78785,0,49 50 51,1,60,,78786,0,37 42 9,1,10,,78787,0,49 50 51,1,17,,78788,0,49 50 51,1,15,,78789,0,49 50 51,1,60,,78790,0,37 42 9,1,10,,78791,0,49 50 51,1,15,,78792,0,49 50 51,1,20,,78793,0,49 50 51,1,55,,78794,0,37 42 9,1,20,,78795,0,49 50 51,1,25,,78796,0,49 50 51,1,68,,78797,0,49 50 51,1,25,,78798,0,52 49 50 51,1,75,,78799,0,49 50 51,1,35,,78800,0,49 50 51,1,65,,78801,0,49 50 51,1,25,,78802,0,52 49 50 51,1,75,,78803,0,49 50 51,1,30,,78804,0,49 50 51,1,70,,78805,0,49 50 51,1,33,,78806,0,49 50 51,1,60,,78807,0,37 42 9,1,35,,78808,0,49 50 51,1,60,,78809,0,37 42 9,1,25,,78810,0,49 50 51,1,20,,78811,0,49 50 51,1,55,,78812,0,49 50 51,1,10,,78813,0,37 42 9,1,15,,78814,0,49 50 51,1,15,,78815,0,49 50 51,1,54,,78816,0,49 50 51,1,15,,78817,0,37 42 9,1,20,,78818,0,49 50 51,1,20,,78819,0,49 50 51,1,60,,78820,0,49 50 51,1,25,,78821,0,37 42 9,1,74,,78822,0,49 50 51,1,30,,78823,0,49 50 51,1,65,,78824,0,49 50 51,1,100,,78825,0,49 50 51,1,100,,78826,0,49 50 51,1,105,,78827,0,49 50 51,1,200,,78828,0,49 50 51,1
4000,'20260314',414,,78829,0,49 50 51,1,200,,78830,0,49 50 51,1,100,,78831,0,49 50 51,1,100,,78832,0,49 50 51,1,100,,78833,0,49 50 51,1,30,,78834,0,49 50 51,1,70,,78835,0,49 50 51,1,30,,78836,0,49 50 51,1,70,,78837,0,49 50 51,1,30,,78838,0,49 50 51,1,70,,78839,0,49 50 51,1,30,,78840,0,49 50 51,1,70,,78841,0,49 50 51,1,30,,78842,0,49 50 51,1,70,,78843,0,49 50 51,1,30,,78844,0,49 50 51,1,70,,78845,0,49 50 51,1,30,,78846,0,49 50 51,1,60,,78847,0,49 50 51,1,20,,78848,0,49 50 51,1,20,,78849,0,49 50 51,1,60,,78850,0,49 50 51,1,20,,78851,0,49 50 51,1,20,,78852,0,49 50 51,1,70,,78853,0,49 50 51,1,30,,78854,0,49 50 51,1,70,,78855,0,49 50 51,1,30,,78856,0,49 50 51,1,70,,78857,0,49 50 51,1,30,,78858,0,49 50 51,1,70,,78859,0,49 50 51,1,100,,78860,0,49 50 51,1,100,,78861,0,49 50 51,1,100,,78862,0,49 50 51,1,200,,78863,0,49 50 51,1
4000,'20260315',414,,78864,0,49 50 51,1,200,,78865,0,49 50 51,1,100,,78866,0,49 50 51,1,100,,78867,0,49 50 51,1,100,,78868,0,49 50 51,1,30,,78869,0,49 50 51,1,70,,78870,0,49 50 51,1,30,,78871,0,49 50 51,1,70,,78872,0,49 50 51,1,30,,78873,0,49 50 51,1,70,,78874,0,49 50 51,1,30,,78875,0,49 50 51,1,70,,78876,0,49 50 51,1,30,,78877,0,49 50 51,1,70,,78878,0,49 50 51,1,30,,78879,0,49 50 51,1,70,,78880,0,49 50 51,1,30,,78881,0,49 50 51,1,60,,78882,0,49 50 51,1,20,,78883,0,49 50 51,1,20,,78884,0,49 50 51,1,60,,78885,0,49 50 51,1,20,,78886,0,49 50 51,1,20,,78887,0,49 50 51,1,70,,78888,0,49 50 51,1,30,,78889,0,49 50 51,1,70,,78890,0,49 50 51,1,30,,78891,0,49 50 51,1,70,,78892,0,49 50 51,1,30,,78893,0,49 50 51,1,70,,78894,0,49 50 51,1,100,,78895,0,49 50 51,1,100,,78896,0,49 50 51,1,100,,78897,0,49 50 51,1,200,,78898,0,49 50 51,1
4000,'20260316',414,,78899,0,49 50 51,1,100,,78900,0,49 50 51,1,95,,78901,0,49 50 51,1,34,,78902,0,49 50 51,1,60,,78903,0,37 42 9,1,10,,78904,0,49 50 51,1,17,,78905,0,49 50 51,1,15,,78906,0,49 50 51,1,60,,78907,0,37 42 9,1,10,,78908,0,49 50 51,1,15,,78909,0,49 50 51,1,20,,78910,0,49 50 51,1,55,,78911,0,37 42 9,1,20,,78912,0,49 50 51,1,25,,78913,0,49 50 51,1,68,,78914,0,49 50 51,1,25,,78915,0,52 49 50 51,1,75,,78916,0,49 50 51,1,35,,78917,0,49 50 51,1,65,,78918,0,49 50 51,1,25,,78919,0,52 49 50 51,1,75,,78920,0,49 50 51,1,30,,78921,0,49 50 51,1,70,,78922,0,49 50 51,1,33,,78923,0,49 50 51,1,60,,78924,0,37 42 9,1,35,,78925,0,49 50 51,1,60,,78926,0,37 42 9,1,25,,78927,0,49 50 51,1,20,,78928,0,49 50 51,1,55,,78929,0,49 50 51,1,10,,78930,0,37 42 9,1,15,,78931,0,49 50 51,1,15,,78932,0,49 50 51,1,54,,78933,0,49 50 51,1,15,,78934,0,37 42 9,1,20,,78935,0,49 50 51,1,20,,78936,0,49 50 51,1,60,,78937,0,49 50 51,1,25,,78938,0,37 42 9,1,74,,78939,0,49 50 51,1,30,,78940,0,49 50 51,1,65,,78941,0,49 50 51,1,100,,78942,0,49 50 51,1,100,,78943,0,49 50 51,1,105,,78944,0,49 50 51,1,200,,78945,0,49 50 51,1
4000,'20260317',414,,78946,0,49 50 51,1,100,,78947,0,49 50 51,1,95,,78948,0,49 50 51,1,34,,78949,0,49 50 51,1,60,,78950,0,37 42 9,1,10,,78951,0,49 50 51,1,17,,78952,0,49 50 51,1,15,,78953,0,49 50 51,1,60,,78954,0,37 42 9,1,10,,78955,0,49 50 51,1,15,,78956,0,49 50 51,1,20,,78957,0,49 50 51,1,55,,78958,0,37 42 9,1,20,,78959,0,49 50 51,1,25,,78960,0,49 50 51,1,68,,78961,0,49 50 51,1,25,,78962,0,52 49 50 51,1,75,,78963,0,49 50 51,1,35,,78964,0,49 50 51,1,65,,78965,0,49 50 51,1,25,,78966,0,52 49 50 51,1,75,,78967,0,49 50 51,1,30,,78968,0,49 50 51,1,70,,78969,0,49 50 51,1,33,,78970,0,49 50 51,1,60,,78971,0,37 42 9,1,35,,78972,0,49 50 51,1,60,,78973,0,37 42 9,1,25,,78974,0,49 50 51,1,20,,78975,0,49 50 51,1,55,,78976,0,49 50 51,1,10,,78977,0,37 42 9,1,15,,78978,0,49 50 51,1,15,,78979,0,49 50 51,1,54,,78980,0,49 50 51,1,15,,78981,0,37 42 9,1,20,,78982,0,49 50 51,1,20,,78983,0,49 50 51,1,60,,78984,0,49 50 51,1,25,,78985,0,37 42 9,1,74,,78986,0,49 50 51,1,30,,78987,0,49 50 51,1,65,,78988,0,49 50 51,1,100,,78989,0,49 50 51,1,100,,78990,0,49 50 51,1,105,,78991,0,49 50 51,1,200,,78992,0,49 50 51,1
4000,'20260318',414,,78993,0,49 50 51,1,100,,78994,0,49 50 51,1,95,,78995,0,49 50 51,1,34,,78996,0,49 50 51,1,60,,78997,0,37 42 9,1,10,,78998,0,49 50 51,1,17,,78999,0,49 50 51,1,15,,79000,0,49 50 51,1,60,,79001,0,37 42 9,1,10,,79002,0,49 50 51,1,15,,79003,0,49 50 51,1,20,,79004,0,49 50 51,1,55,,79005,0,37 42 9,1,20,,79006,0,49 50 51,1,25,,79007,0,49 50 51,1,68,,79008,0,49 50 51,1,25,,79009,0,52 49 50 51,1,75,,79010,0,49 50 51,1,35,,79011,0,49 50 51,1,65,,79012,0,49 50 51,1,25,,79013,0,52 49 50 51,1,75,,79014,0,49 50 51,1,30,,79015,0,49 50 51,1,70,,79016,0,49 50 51,1,33,,79017,0,49 50 51,1,60,,79018,0,37 42 9,1,35,,79019,0,49 50 51,1,60,,79020,0,37 42 9,1,25,,79021,0,49 50 51,1,20,,79022,0,49 50 51,1,55,,79023,0,49 50 51,1,10,,79024,0,37 42 9,1,15,,79025,0,49 50 51,1,15,,79026,0,49 50 51,1,54,,79027,0,49 50 51,1,15,,79028,0,37 42 9,1,20,,79029,0,49 50 51,1,20,,79030,0,49 50 51,1,60,,79031,0,49 50 51,1,25,,79032,0,37 42 9,1,74,,79033,0,49 50 51,1,30,,79034,0,49 50 51,1,65,,79035,0,49 50 51,1,100,,79036,0,49 50 51,1,100,,79037,0,49 50 51,1,105,,79038,0,49 50 51,1,200,,79039,0,49 50 51,1
4000,'20260319',414,,79040,0,49 50 51,1,100,,79041,0,49 50 51,1,95,,79042,0,49 50 51,1,34,,79043,0,49 50 51,1,60,,79044,0,37 42 9,1,10,,79045,0,49 50 51,1,17,,79046,0,49 50 51,1,15,,79047,0,49 50 51,1,60,,79048,0,37 42 9,1,10,,79049,0,49 50 51,1,15,,79050,0,49 50 51,1,20,,79051,0,49 50 51,1,55,,79052,0,37 42 9,1,20,,79053,0,49 50 51,1,25,,79054,0,49 50 51,1,68,,79055,0,49 50 51,1,25,,79056,0,52 49 50 51,1,75,,79057,0,49 50 51,1,35,,79058,0,49 50 51,1,65,,79059,0,49 50 51,1,25,,79060,0,52 49 50 51,1,75,,79061,0,49 50 51,1,30,,79062,0,49 50 51,1,70,,79063,0,49 50 51,1,33,,79064,0,49 50 51,1,60,,79065,0,37 42 9,1,35,,79066,0,49 50 51,1,60,,79067,0,37 42 9,1,25,,79068,0,49 50 51,1,20,,79069,0,49 50 51,1,55,,79070,0,49 50 51,1,10,,79071,0,37 42 9,1,15,,79072,0,49 50 51,1,15,,79073,0,49 50 51,1,54,,79074,0,49 50 51,1,15,,79075,0,37 42 9,1,20,,79076,0,49 50 51,1,20,,79077,0,49 50 51,1,60,,79078,0,49 50 51,1,25,,79079,0,37 42 9,1,74,,79080,0,49 50 51,1,30,,79081,0,49 50 51,1,65,,79082,0,49 50 51,1,100,,79083,0,49 50 51,1,100,,79084,0,49 50 51,1,105,,79085,0,49 50 51,1,200,,79086,0,49 50 51,1
4000,'20260320',414,,79087,0,49 50 51,1,100,,79088,0,49 50 51,1,95,,79089,0,49 50 51,1,34,,79090,0,49 50 51,1,60,,79091,0,37 42 9,1,10,,79092,0,49 50 51,1,17,,79093,0,49 50 51,1,15,,79094,0,49 50 51,1,60,,79095,0,37 42 9,1,10,,79096,0,49 50 51,1,15,,79097,0,49 50 51,1,20,,79098,0,49 50 51,1,55,,79099,0,37 42 9,1,20,,79100,0,49 50 51,1,25,,79101,0,49 50 51,1,68,,79102,0,49 50 51,1,25,,79103,0,52 49 50 51,1,75,,79104,0,49 50 51,1,35,,79105,0,49 50 51,1,65,,79106,0,49 50 51,1,25,,79107,0,52 49 50 51,1,75,,79108,0,49 50 51,1,30,,79109,0,49 50 51,1,70,,79110,0,49 50 51,1,33,,79111,0,49 50 51,1,60,,79112,0,37 42 9,1,35,,79113,0,49 50 51,1,60,,79114,0,37 42 9,1,25,,79115,0,49 50 51,1,20,,79116,0,49 50 51,1,55,,79117,0,49 50 51,1,10,,79118,0,37 42 9,1,15,,79119,0,49 50 51,1,15,,79120,0,49 50 51,1,54,,79121,0,49 50 51,1,15,,79122,0,37 42 9,1,20,,79123,0,49 50 51,1,20,,79124,0,49 50 51,1,60,,79125,0,49 50 51,1,25,,79126,0,37 42 9,1,74,,79127,0,49 50 51,1,30,,79128,0,49 50 51,1,65,,79129,0,49 50 51,1,100,,79130,0,49 50 51,1,100,,79131,0,49 50 51,1,105,,79132,0,49 50 51,1,200,,79133,0,49 50 51,1
4000,'20260321',414,,79134,0,49 50 51,1,200,,79135,0,49 50 51,1,100,,79136,0,49 50 51,1,100,,79137,0,49 50 51,1,100,,79138,0,49 50 51,1,30,,79139,0,49 50 51,1,70,,79140,0,49 50 51,1,30,,79141,0,49 50 51,1,70,,79142,0,49 50 51,1,30,,79143,0,49 50 51,1,70,,79144,0,49 50 51,1,30,,79145,0,49 50 51,1,70,,79146,0,49 50 51,1,30,,79147,0,49 50 51,1,70,,79148,0,49 50 51,1,30,,79149,0,49 50 51,1,70,,79150,0,49 50 51,1,30,,79151,0,49 50 51,1,60,,79152,0,49 50 51,1,20,,79153,0,49 50 51,1,20,,79154,0,49 50 51,1,60,,79155,0,49 50 51,1,20,,79156,0,49 50 51,1,20,,79157,0,49 50 51,1,70,,79158,0,49 50 51,1,30,,79159,0,49 50 51,1,70,,79160,0,49 50 51,1,30,,79161,0,49 50 51,1,70,,79162,0,49 50 51,1,30,,79163,0,49 50 51,1,70,,79164,0,49 50 51,1,100,,79165,0,49 50 51,1,100,,79166,0,49 50 51,1,100,,79167,0,49 50 51,1,200,,79168,0,49 50 51,1
4000,'20260322',414,,79169,0,49 50 51,1,200,,79170,0,49 50 51,1,100,,79171,0,49 50 51,1,100,,79172,0,49 50 51,1,100,,79173,0,49 50 51,1,30,,79174,0,49 50 51,1,70,,79175,0,49 50 51,1,30,,79176,0,49 50 51,1,70,,79177,0,49 50 51,1,30,,79178,0,49 50 51,1,70,,79179,0,49 50 51,1,30,,79180,0,49 50 51,1,70,,79181,0,49 50 51,1,30,,79182,0,49 50 51,1,70,,79183,0,49 50 51,1,30,,79184,0,49 50 51,1,70,,79185,0,49 50 51,1,30,,79186,0,49 50 51,1,60,,79187,0,49 50 51,1,20,,79188,0,49 50 51,1,20,,79189,0,49 50 51,1,60,,79190,0,49 50 51,1,20,,79191,0,49 50 51,1,20,,79192,0,49 50 51,1,70,,79193,0,49 50 51,1,30,,79194,0,49 50 51,1,70,,79195,0,49 50 51,1,30,,79196,0,49 50 51,1,70,,79197,0,49 50 51,1,30,,79198,0,49 50 51,1,70,,79199,0,49 50 51,1,100,,79200,0,49 50 51,1,100,,79201,0,49 50 51,1,100,,79202,0,49 50 51,1,200,,79203,0,49 50 51,1
4000,'20260323',414,,79204,0,49 50 51,1,100,,79205,0,49 50 51,1,95,,79206,0,49 50 51,1,34,,79207,0,49 50 51,1,60,,79208,0,37 42 9,1,10,,79209,0,49 50 51,1,17,,79210,0,49 50 51,1,15,,79211,0,49 50 51,1,60,,79212,0,37 42 9,1,10,,79213,0,49 50 51,1,15,,79214,0,49 50 51,1,20,,79215,0,49 50 51,1,55,,79216,0,37 42 9,1,20,,79217,0,49 50 51,1,25,,79218,0,49 50 51,1,68,,79219,0,49 50 51,1,25,,79220,0,52 49 50 51,1,75,,79221,0,49 50 51,1,35,,79222,0,49 50 51,1,65,,79223,0,49 50 51,1,25,,79224,0,52 49 50 51,1,75,,79225,0,49 50 51,1,30,,79226,0,49 50 51,1,70,,79227,0,49 50 51,1,33,,79228,0,49 50 51,1,60,,79229,0,37 42 9,1,35,,79230,0,49 50 51,1,60,,79231,0,37 42 9,1,25,,79232,0,49 50 51,1,20,,79233,0,49 50 51,1,55,,79234,0,49 50 51,1,10,,79235,0,37 42 9,1,15,,79236,0,49 50 51,1,15,,79237,0,49 50 51,1,54,,79238,0,49 50 51,1,15,,79239,0,37 42 9,1,20,,79240,0,49 50 51,1,20,,79241,0,49 50 51,1,60,,79242,0,49 50 51,1,25,,79243,0,37 42 9,1,74,,79244,0,49 50 51,1,30,,79245,0,49 50 51,1,65,,79246,0,49 50 51,1,100,,79247,0,49 50 51,1,100,,79248,0,49 50 51,1,105,,79249,0,49 50 51,1,200,,79250,0,49 50 51,1
4000,'20260324',414,,79251,0,49 50 51,1,100,,79252,0,49 50 51,1,95,,79253,0,49 50 51,1,34,,79254,0,49 50 51,1,60,,79255,0,37 42 9,1,10,,79256,0,49 50 51,1,17,,79257,0,49 50 51,1,15,,79258,0,49 50 51,1,60,,79259,0,37 42 9,1,10,,79260,0,49 50 51,1,15,,79261,0,49 50 51,1,20,,79262,0,49 50 51,1,55,,79263,0,37 42 9,1,20,,79264,0,49 50 51,1,25,,79265,0,49 50 51,1,68,,79266,0,49 50 51,1,25,,79267,0,52 49 50 51,1,75,,79268,0,49 50 51,1,35,,79269,0,49 50 51,1,65,,79270,0,49 50 51,1,25,,79271,0,52 49 50 51,1,75,,79272,0,49 50 51,1,30,,79273,0,49 50 51,1,70,,79274,0,49 50 51,1,33,,79275,0,49 50 51,1,60,,79276,0,37 42 9,1,35,,79277,0,49 50 51,1,60,,79278,0,37 42 9,1,25,,79279,0,49 50 51,1,20,,79280,0,49 50 51,1,55,,79281,0,49 50 51,1,10,,79282,0,37 42 9,1,15,,79283,0,49 50 51,1,15,,79284,0,49 50 51,1,54,,79285,0,49 50 51,1,15,,79286,0,37 42 9,1,20,,79287,0,49 50 51,1,20,,79288,0,49 50 51,1,60,,79289,0,49 50 51,1,25,,79290,0,37 42 9,1,74,,79291,0,49 50 51,1,30,,79292,0,49 50 51,1,65,,79293,0,49 50 51,1,100,,79294,0,49 50 51,1,100,,79295,0,49 50 51,1,105,,79296,0,49 50 51,1,200,,79297,0,49 50 51,1
4000,'20260325',414,,79298,0,49 50 51,1,100,,79299,0,49 50 51,1,95,,79300,0,49 50 51,1,34,,79301,0,49 50 51,1,60,,79302,0,37 42 9,1,10,,79303,0,49 50 51,1,17,,79304,0,49 50 51,1,15,,79305,0,49 50 51,1,60,,79306,0,37 42 9,1,10,,79307,0,49 50 51,1,15,,79308,0,49 50 51,1,20,,79309,0,49 50 51,1,55,,79310,0,37 42 9,1,20,,79311,0,49 50 51,1,25,,79312,0,49 50 51,1,68,,79313,0,49 50 51,1,25,,79314,0,52 49 50 51,1,75,,79315,0,49 50 51,1,35,,79316,0,49 50 51,1,65,,79317,0,49 50 51,1,25,,79318,0,52 49 50 51,1,75,,79319,0,49 50 51,1,30,,79320,0,49 50 51,1,70,,79321,0,49 50 51,1,33,,79322,0,49 50 51,1,60,,79323,0,37 42 9,1,35,,79324,0,49 50 51,1,60,,79325,0,37 42 9,1,25,,79326,0,49 50 51,1,20,,79327,0,49 50 51,1,55,,79328,0,49 50 51,1,10,,79329,0,37 42 9,1,15,,79330,0,49 50 51,1,15,,79331,0,49 50 51,1,54,,79332,0,49 50 51,1,15,,79333,0,37 42 9,1,20,,79334,0,49 50 51,1,20,,79335,0,49 50 51,1,60,,79336,0,49 50 51,1,25,,79337,0,37 42 9,1,74,,79338,0,49 50 51,1,30,,79339,0,49 50 51,1,65,,79340,0,49 50 51,1,100,,79341,0,49 50 51,1,100,,79342,0,49 50 51,1,105,,79343,0,49 50 51,1,200,,79344,0,49 50 51,1
4000,'20260326',414,,79345,0,49 50 51,1,100,,79346,0,49 50 51,1,95,,79347,0,49 50 51,1,34,,79348,0,49 50 51,1,60,,79349,0,37 42 9,1,10,,79350,0,49 50 51,1,17,,79351,0,49 50 51,1,15,,79352,0,49 50 51,1,60,,79353,0,37 42 9,1,10,,79354,0,49 50 51,1,15,,79355,0,49 50 51,1,20,,79356,0,49 50 51,1,55,,79357,0,37 42 9,1,20,,79358,0,49 50 51,1,25,,79359,0,49 50 51,1,68,,79360,0,49 50 51,1,25,,79361,0,52 49 50 51,1,75,,79362,0,49 50 51,1,35,,79363,0,49 50 51,1,65,,79364,0,49 50 51,1,25,,79365,0,52 49 50 51,1,75,,79366,0,49 50 51,1,30,,79367,0,49 50 51,1,70,,79368,0,49 50 51,1,33,,79369,0,49 50 51,1,60,,79370,0,37 42 9,1,35,,79371,0,49 50 51,1,60,,79372,0,37 42 9,1,25,,79373,0,49 50 51,1,20,,79374,0,49 50 51,1,55,,79375,0,49 50 51,1,10,,79376,0,37 42 9,1,15,,79377,0,49 50 51,1,15,,79378,0,49 50 51,1,54,,79379,0,49 50 51,1,15,,79380,0,37 42 9,1,20,,79381,0,49 50 51,1,20,,79382,0,49 50 51,1,60,,79383,0,49 50 51,1,25,,79384,0,37 42 9,1,74,,79385,0,49 50 51,1,30,,79386,0,49 50 51,1,65,,79387,0,49 50 51,1,100,,79388,0,49 50 51,1,100,,79389,0,49 50 51,1,105,,79390,0,49 50 51,1,200,,79391,0,49 50 51,1
4000,'20260327',414,,79392,0,49 50 51,1,100,,79393,0,49 50 51,1,95,,79394,0,49 50 51,1,34,,79395,0,49 50 51,1,60,,79396,0,37 42 9,1,10,,79397,0,49 50 51,1,17,,79398,0,49 50 51,1,15,,79399,0,49 50 51,1,60,,79400,0,37 42 9,1,10,,79401,0,49 50 51,1,15,,79402,0,49 50 51,1,20,,79403,0,49 50 51,1,55,,79404,0,37 42 9,1,20,,79405,0,49 50 51,1,25,,79406,0,49 50 51,1,68,,79407,0,49 50 51,1,25,,79408,0,52 49 50 51,1,75,,79409,0,49 50 51,1,35,,79410,0,49 50 51,1,65,,79411,0,49 50 51,1,25,,79412,0,52 49 50 51,1,75,,79413,0,49 50 51,1,30,,79414,0,49 50 51,1,70,,79415,0,49 50 51,1,33,,79416,0,49 50 51,1,60,,79417,0,37 42 9,1,35,,79418,0,49 50 51,1,60,,79419,0,37 42 9,1,25,,79420,0,49 50 51,1,20,,79421,0,49 50 51,1,55,,79422,0,49 50 51,1,10,,79423,0,37 42 9,1,15,,79424,0,49 50 51,1,15,,79425,0,49 50 51,1,54,,79426,0,49 50 51,1,15,,79427,0,37 42 9,1,20,,79428,0,49 50 51,1,20,,79429,0,49 50 51,1,60,,79430,0,49 50 51,1,25,,79431,0,37 42 9,1,74,,79432,0,49 50 51,1,30,,79433,0,49 50 51,1,65,,79434,0,49 50 51,1,100,,79435,0,49 50 51,1,100,,79436,0,49 50 51,1,105,,79437,0,49 50 51,1,200,,79438,0,49 50 51,1
4000,'20260328',414,,79439,0,49 50 51,1,200,,79440,0,49 50 51,1,100,,79441,0,49 50 51,1,100,,79442,0,49 50 51,1,100,,79443,0,49 50 51,1,30,,79444,0,49 50 51,1,70,,79445,0,49 50 51,1,30,,79446,0,49 50 51,1,70,,79447,0,49 50 51,1,30,,79448,0,49 50 51,1,70,,79449,0,49 50 51,1,30,,79450,0,49 50 51,1,70,,79451,0,49 50 51,1,30,,79452,0,49 50 51,1,70,,79453,0,49 50 51,1,30,,79454,0,49 50 51,1,70,,79455,0,49 50 51,1,30,,79456,0,49 50 51,1,60,,79457,0,49 50 51,1,20,,79458,0,49 50 51,1,20,,79459,0,49 50 51,1,60,,79460,0,49 50 51,1,20,,79461,0,49 50 51,1,20,,79462,0,49 50 51,1,70,,79463,0,49 50 51,1,30,,79464,0,49 50 51,1,70,,79465,0,49 50 51,1,30,,79466,0,49 50 51,1,70,,79467,0,49 50 51,1,30,,79468,0,49 50 51,1,70,,79469,0,49 50 51,1,100,,79470,0,49 50 51,1,100,,79471,0,49 50 51,1,100,,79472,0,49 50 51,1,200,,79473,0,49 50 51,1
4000,'20260329',414,,79474,0,49 50 51,1,200,,79475,0,49 50 51,1,100,,79476,0,49 50 51,1,100,,79477,0,49 50 51,1,100,,79478,0,49 50 51,1,30,,79479,0,49 50 51,1,70,,79480,0,49 50 51,1,30,,79481,0,49 50 51,1,70,,79482,0,49 50 51,1,30,,79483,0,49 50 51,1,70,,79484,0,49 50 51,1,30,,79485,0,49 50 51,1,70,,79486,0,49 50 51,1,30,,79487,0,49 50 51,1,70,,79488,0,49 50 51,1,30,,79489,0,49 50 51,1,70,,79490,0,49 50 51,1,30,,79491,0,49 50 51,1,60,,79492,0,49 50 51,1,20,,79493,0,49 50 51,1,20,,79494,0,49 50 51,1,60,,79495,0,49 50 51,1,20,,79496,0,49 50 51,1,20,,79497,0,49 50 51,1,70,,79498,0,49 50 51,1,30,,79499,0,49 50 51,1,70,,79500,0,49 50 51,1,30,,79501,0,49 50 51,1,70,,79502,0,49 50 51,1,30,,79503,0,49 50 51,1,70,,79504,0,49 50 51,1,100,,79505,0,49 50 51,1,100,,79506,0,49 50 51,1,100,,79507,0,49 50 51,1,200,,79508,0,49 50 51,1
4000,'20260330',414,,79509,0,49 50 51,1,100,,79510,0,49 50 51,1,95,,79511,0,49 50 51,1,34,,79512,0,49 50 51,1,60,,79513,0,37 42 9,1,10,,79514,0,49 50 51,1,17,,79515,0,49 50 51,1,15,,79516,0,49 50 51,1,60,,79517,0,37 42 9,1,10,,79518,0,49 50 51,1,15,,79519,0,49 50 51,1,20,,79520,0,49 50 51,1,55,,79521,0,37 42 9,1,20,,79522,0,49 50 51,1,25,,79523,0,49 50 51,1,68,,79524,0,49 50 51,1,25,,79525,0,52 49 50 51,1,75,,79526,0,49 50 51,1,35,,79527,0,49 50 51,1,65,,79528,0,49 50 51,1,25,,79529,0,52 49 50 51,1,75,,79530,0,49 50 51,1,30,,79531,0,49 50 51,1,70,,79532,0,49 50 51,1,33,,79533,0,49 50 51,1,60,,79534,0,37 42 9,1,35,,79535,0,49 50 51,1,60,,79536,0,37 42 9,1,25,,79537,0,49 50 51,1,20,,79538,0,49 50 51,1,55,,79539,0,49 50 51,1,10,,79540,0,37 42 9,1,15,,79541,0,49 50 51,1,15,,79542,0,49 50 51,1,54,,79543,0,49 50 51,1,15,,79544,0,37 42 9,1,20,,79545,0,49 50 51,1,20,,79546,0,49 50 51,1,60,,79547,0,49 50 51,1,25,,79548,0,37 42 9,1,74,,79549,0,49 50 51,1,30,,79550,0,49 50 51,1,65,,79551,0,49 50 51,1,100,,79552,0,49 50 51,1,100,,79553,0,49 50 51,1,105,,79554,0,49 50 51,1,200,,79555,0,49 50 51,1
4000,'20260331',414,,79556,0,49 50 51,1,100,,79557,0,49 50 51,1,95,,79558,0,49 50 51,1,34,,79559,0,49 50 51,1,60,,79560,0,37 42 9,1,10,,79561,0,49 50 51,1,17,,79562,0,49 50 51,1,15,,79563,0,49 50 51,1,60,,79564,0,37 42 9,1,10,,79565,0,49 50 51,1,15,,79566,0,49 50 51,1,20,,79567,0,49 50 51,1,55,,79568,0,37 42 9,1,20,,79569,0,49 50 51,1,25,,79570,0,49 50 51,1,68,,79571,0,49 50 51,1,25,,79572,0,52 49 50 51,1,75,,79573,0,49 50 51,1,35,,79574,0,49 50 51,1,65,,79575,0,49 50 51,1,25,,79576,0,52 49 50 51,1,75,,79577,0,49 50 51,1,30,,79578,0,49 50 51,1,70,,79579,0,49 50 51,1,33,,79580,0,49 50 51,1,60,,79581,0,37 42 9,1,35,,79582,0,49 50 51,1,60,,79583,0,37 42 9,1,25,,79584,0,49 50 51,1,20,,79585,0,49 50 51,1,55,,79586,0,49 50 51,1,10,,79587,0,37 42 9,1,15,,79588,0,49 50 51,1,15,,79589,0,49 50 51,1,54,,79590,0,49 50 51,1,15,,79591,0,37 42 9,1,20,,79592,0,49 50 51,1,20,,79593,0,49 50 51,1,60,,79594,0,49 50 51,1,25,,79595,0,37 42 9,1,74,,79596,0,49 50 51,1,30,,79597,0,49 50 51,1,65,,79598,0,49 50 51,1,100,,79599,0,49 50 51,1,100,,79600,0,49 50 51,1,105,,79601,0,49 50 51,1,200,,79602,0,49 50 51,1
4000,'20260401',414,,79603,0,49 50 51,1,100,,79604,0,49 50 51,1,95,,79605,0,49 50 51,1,34,,79606,0,49 50 51,1,60,,79607,0,37 42 9,1,10,,79608,0,49 50 51,1,17,,79609,0,49 50 51,1,15,,79610,0,49 50 51,1,60,,79611,0,37 42 9,1,10,,79612,0,49 50 51,1,15,,79613,0,49 50 51,1,20,,79614,0,49 50 51,1,55,,79615,0,37 42 9,1,20,,79616,0,49 50 51,1,25,,79617,0,49 50 51,1,68,,79618,0,49 50 51,1,25,,79619,0,52 49 50 51,1,75,,79620,0,49 50 51,1,35,,79621,0,49 50 51,1,65,,79622,0,49 50 51,1,25,,79623,0,52 49 50 51,1,75,,79624,0,49 50 51,1,30,,79625,0,49 50 51,1,70,,79626,0,49 50 51,1,33,,79627,0,49 50 51,1,60,,79628,0,37 42 9,1,35,,79629,0,49 50 51,1,60,,79630,0,37 42 9,1,25,,79631,0,49 50 51,1,20,,79632,0,49 50 51,1,55,,79633,0,49 50 51,1,10,,79634,0,37 42 9,1,15,,79635,0,49 50 51,1,15,,79636,0,49 50 51,1,54,,79637,0,49 50 51,1,15,,79638,0,37 42 9,1,20,,79639,0,49 50 51,1,20,,79640,0,49 50 51,1,60,,79641,0,49 50 51,1,25,,79642,0,37 42 9,1,74,,79643,0,49 50 51,1,30,,79644,0,49 50 51,1,65,,79645,0,49 50 51,1,100,,79646,0,49 50 51,1,100,,79647,0,49 50 51,1,105,,79648,0,49 50 51,1,200,,79649,0,49 50 51,1
4000,'20260402',414,,79650,0,49 50 51,1,100,,79651,0,49 50 51,1,95,,79652,0,49 50 51,1,34,,79653,0,49 50 51,1,60,,79654,0,37 42 9,1,10,,79655,0,49 50 51,1,17,,79656,0,49 50 51,1,15,,79657,0,49 50 51,1,60,,79658,0,37 42 9,1,10,,79659,0,49 50 51,1,15,,79660,0,49 50 51,1,20,,79661,0,49 50 51,1,55,,79662,0,37 42 9,1,20,,79663,0,49 50 51,1,25,,79664,0,49 50 51,1,68,,79665,0,49 50 51,1,25,,79666,0,52 49 50 51,1,75,,79667,0,49 50 51,1,35,,79668,0,49 50 51,1,65,,79669,0,49 50 51,1,25,,79670,0,52 49 50 51,1,75,,79671,0,49 50 51,1,30,,79672,0,49 50 51,1,70,,79673,0,49 50 51,1,33,,79674,0,49 50 51,1,60,,79675,0,37 42 9,1,35,,79676,0,49 50 51,1,60,,79677,0,37 42 9,1,25,,79678,0,49 50 51,1,20,,79679,0,49 50 51,1,55,,79680,0,49 50 51,1,10,,79681,0,37 42 9,1,15,,79682,0,49 50 51,1,15,,79683,0,49 50 51,1,54,,79684,0,49 50 51,1,15,,79685,0,37 42 9,1,20,,79686,0,49 50 51,1,20,,79687,0,49 50 51,1,60,,79688,0,49 50 51,1,25,,79689,0,37 42 9,1,74,,79690,0,49 50 51,1,30,,79691,0,49 50 51,1,65,,79692,0,49 50 51,1,100,,79693,0,49 50 51,1,100,,79694,0,49 50 51,1,105,,79695,0,49 50 51,1,200,,79696,0,49 50 51,1
4000,'20260403',414,,79697,0,49 50 51,1,200,,79698,0,49 50 51,1,100,,79699,0,49 50 51,1,100,,79700,0,49 50 51,1,100,,79701,0,49 50 51,1,30,,79702,0,49 50 51,1,70,,79703,0,49 50 51,1,30,,79704,0,49 50 51,1,70,,79705,0,49 50 51,1,30,,79706,0,49 50 51,1,70,,79707,0,49 50 51,1,30,,79708,0,49 50 51,1,70,,79709,0,49 50 51,1,30,,79710,0,49 50 51,1,70,,79711,0,49 50 51,1,30,,79712,0,49 50 51,1,70,,79713,0,49 50 51,1,30,,79714,0,49 50 51,1,60,,79715,0,49 50 51,1,20,,79716,0,49 50 51,1,20,,79717,0,49 50 51,1,60,,79718,0,49 50 51,1,20,,79719,0,49 50 51,1,20,,79720,0,49 50 51,1,70,,79721,0,49 50 51,1,30,,79722,0,49 50 51,1,70,,79723,0,49 50 51,1,30,,79724,0,49 50 51,1,70,,79725,0,49 50 51,1,30,,79726,0,49 50 51,1,70,,79727,0,49 50 51,1,100,,79728,0,49 50 51,1,100,,79729,0,49 50 51,1,100,,79730,0,49 50 51,1,200,,79731,0,49 50 51,1
4000,'20260404',414,,79732,0,49 50 51,1,200,,79733,0,49 50 51,1,100,,79734,0,49 50 51,1,100,,79735,0,49 50 51,1,100,,79736,0,49 50 51,1,30,,79737,0,49 50 51,1,70,,79738,0,49 50 51,1,30,,79739,0,49 50 51,1,70,,79740,0,49 50 51,1,30,,79741,0,49 50 51,1,70,,79742,0,49 50 51,1,30,,79743,0,49 50 51,1,70,,79744,0,49 50 51,1,30,,79745,0,49 50 51,1,70,,79746,0,49 50 51,1,30,,79747,0,49 50 51,1,70,,79748,0,49 50 51,1,30,,79749,0,49 50 51,1,60,,79750,0,49 50 51,1,20,,79751,0,49 50 51,1,20,,79752,0,49 50 51,1,60,,79753,0,49 50 51,1,20,,79754,0,49 50 51,1,20,,79755,0,49 50 51,1,70,,79756,0,49 50 51,1,30,,79757,0,49 50 51,1,70,,79758,0,49 50 51,1,30,,79759,0,49 50 51,1,70,,79760,0,49 50 51,1,30,,79761,0,49 50 51,1,70,,79762,0,49 50 51,1,100,,79763,0,49 50 51,1,100,,79764,0,49 50 51,1,100,,79765,0,49 50 51,1,200,,79766,0,49 50 51,1
4000,'20260405',414,,79767,0,49 50 51,1,200,,79768,0,49 50 51,1,100,,79769,0,49 50 51,1,100,,79770,0,49 50 51,1,100,,79771,0,49 50 51,1,30,,79772,0,49 50 51,1,70,,79773,0,49 50 51,1,30,,79774,0,49 50 51,1,70,,79775,0,49 50 51,1,30,,79776,0,49 50 51,1,70,,79777,0,49 50 51,1,30,,79778,0,49 50 51,1,70,,79779,0,49 50 51,1,30,,79780,0,49 50 51,1,70,,79781,0,49 50 51,1,30,,79782,0,49 50 51,1,70,,79783,0,49 50 51,1,30,,79784,0,49 50 51,1,60,,79785,0,49 50 51,1,20,,79786,0,49 50 51,1,20,,79787,0,49 50 51,1,60,,79788,0,49 50 51,1,20,,79789,0,49 50 51,1,20,,79790,0,49 50 51,1,70,,79791,0,49 50 51,1,30,,79792,0,49 50 51,1,70,,79793,0,49 50 51,1,30,,79794,0,49 50 51,1,70,,79795,0,49 50 51,1,30,,79796,0,49 50 51,1,70,,79797,0,49 50 51,1,100,,79798,0,49 50 51,1,100,,79799,0,49 50 51,1,100,,79800,0,49 50 51,1,200,,79801,0,49 50 51,1
4000,'20260406',414,,79802,0,49 50 51,1,100,,79803,0,49 50 51,1,95,,79804,0,49 50 51,1,34,,79805,0,49 50 51,1,60,,79806,0,37 42 9,1,10,,79807,0,49 50 51,1,17,,79808,0,49 50 51,1,15,,79809,0,49 50 51,1,60,,79810,0,37 42 9,1,10,,79811,0,49 50 51,1,15,,79812,0,49 50 51,1,20,,79813,0,49 50 51,1,55,,79814,0,37 42 9,1,20,,79815,0,49 50 51,1,25,,79816,0,49 50 51,1,68,,79817,0,49 50 51,1,25,,79818,0,52 49 50 51,1,75,,79819,0,49 50 51,1,35,,79820,0,49 50 51,1,65,,79821,0,49 50 51,1,25,,79822,0,52 49 50 51,1,75,,79823,0,49 50 51,1,30,,79824,0,49 50 51,1,70,,79825,0,49 50 51,1,33,,79826,0,49 50 51,1,60,,79827,0,37 42 9,1,35,,79828,0,49 50 51,1,60,,79829,0,37 42 9,1,25,,79830,0,49 50 51,1,20,,79831,0,49 50 51,1,55,,79832,0,49 50 51,1,10,,79833,0,37 42 9,1,15,,79834,0,49 50 51,1,15,,79835,0,49 50 51,1,54,,79836,0,49 50 51,1,15,,79837,0,37 42 9,1,20,,79838,0,49 50 51,1,20,,79839,0,49 50 51,1,60,,79840,0,49 50 51,1,25,,79841,0,37 42 9,1,74,,79842,0,49 50 51,1,30,,79843,0,49 50 51,1,65,,79844,0,49 50 51,1,100,,79845,0,49 50 51,1,100,,79846,0,49 50 51,1,105,,79847,0,49 50 51,1,200,,79848,0,49 50 51,1
4000,'20260407',414,,79849,0,49 50 51,1,100,,79850,0,49 50 51,1,95,,79851,0,49 50 51,1,34,,79852,0,49 50 51,1,60,,79853,0,37 42 9,1,10,,79854,0,49 50 51,1,17,,79855,0,49 50 51,1,15,,79856,0,49 50 51,1,60,,79857,0,37 42 9,1,10,,79858,0,49 50 51,1,15,,79859,0,49 50 51,1,20,,79860,0,49 50 51,1,55,,79861,0,37 42 9,1,20,,79862,0,49 50 51,1,25,,79863,0,49 50 51,1,68,,79864,0,49 50 51,1,25,,79865,0,52 49 50 51,1,75,,79866,0,49 50 51,1,35,,79867,0,49 50 51,1,65,,79868,0,49 50 51,1,25,,79869,0,52 49 50 51,1,75,,79870,0,49 50 51,1,30,,79871,0,49 50 51,1,70,,79872,0,49 50 51,1,33,,79873,0,49 50 51,1,60,,79874,0,37 42 9,1,35,,79875,0,49 50 51,1,60,,79876,0,37 42 9,1,25,,79877,0,49 50 51,1,20,,79878,0,49 50 51,1,55,,79879,0,49 50 51,1,10,,79880,0,37 42 9,1,15,,79881,0,49 50 51,1,15,,79882,0,49 50 51,1,54,,79883,0,49 50 51,1,15,,79884,0,37 42 9,1,20,,79885,0,49 50 51,1,20,,79886,0,49 50 51,1,60,,79887,0,49 50 51,1,25,,79888,0,37 42 9,1,74,,79889,0,49 50 51,1,30,,79890,0,49 50 51,1,65,,79891,0,49 50 51,1,100,,79892,0,49 50 51,1,100,,79893,0,49 50 51,1,105,,79894,0,49 50 51,1,200,,79895,0,49 50 51,1
4000,'20260408',414,,79896,0,49 50 51,1,100,,79897,0,49 50 51,1,95,,79898,0,49 50 51,1,34,,79899,0,49 50 51,1,60,,79900,0,37 42 9,1,10,,79901,0,49 50 51,1,17,,79902,0,49 50 51,1,15,,79903,0,49 50 51,1,60,,79904,0,37 42 9,1,10,,79905,0,49 50 51,1,15,,79906,0,49 50 51,1,20,,79907,0,49 50 51,1,55,,79908,0,37 42 9,1,20,,79909,0,49 50 51,1,25,,79910,0,49 50 51,1,68,,79911,0,49 50 51,1,25,,79912,0,52 49 50 51,1,75,,79913,0,49 50 51,1,35,,79914,0,49 50 51,1,65,,79915,0,49 50 51,1,25,,79916,0,52 49 50 51,1,75,,79917,0,49 50 51,1,30,,79918,0,49 50 51,1,70,,79919,0,49 50 51,1,33,,79920,0,49 50 51,1,60,,79921,0,37 42 9,1,35,,79922,0,49 50 51,1,60,,79923,0,37 42 9,1,25,,79924,0,49 50 51,1,20,,79925,0,49 50 51,1,55,,79926,0,49 50 51,1,10,,79927,0,37 42 9,1,15,,79928,0,49 50 51,1,15,,79929,0,49 50 51,1,54,,79930,0,49 50 51,1,15,,79931,0,37 42 9,1,20,,79932,0,49 50 51,1,20,,79933,0,49 50 51,1,60,,79934,0,49 50 51,1,25,,79935,0,37 42 9,1,74,,79936,0,49 50 51,1,30,,79937,0,49 50 51,1,65,,79938,0,49 50 51,1,100,,79939,0,49 50 51,1,100,,79940,0,49 50 51,1,105,,79941,0,49 50 51,1,200,,79942,0,49 50 51,1
4000,'20260409',414,,79943,0,49 50 51,1,100,,79944,0,49 50 51,1,95,,79945,0,49 50 51,1,34,,79946,0,49 50 51,1,60,,79947,0,37 42 9,1,10,,79948,0,49 50 51,1,17,,79949,0,49 50 51,1,15,,79950,0,49 50 51,1,60,,79951,0,37 42 9,1,10,,79952,0,49 50 51,1,15,,79953,0,49 50 51,1,20,,79954,0,49 50 51,1,55,,79955,0,37 42 9,1,20,,79956,0,49 50 51,1,25,,79957,0,49 50 51,1,68,,79958,0,49 50 51,1,25,,79959,0,52 49 50 51,1,75,,79960,0,49 50 51,1,35,,79961,0,49 50 51,1,65,,79962,0,49 50 51,1,25,,79963,0,52 49 50 51,1,75,,79964,0,49 50 51,1,30,,79965,0,49 50 51,1,70,,79966,0,49 50 51,1,33,,79967,0,49 50 51,1,60,,79968,0,37 42 9,1,35,,79969,0,49 50 51,1,60,,79970,0,37 42 9,1,25,,79971,0,49 50 51,1,20,,79972,0,49 50 51,1,55,,79973,0,49 50 51,1,10,,79974,0,37 42 9,1,15,,79975,0,49 50 51,1,15,,79976,0,49 50 51,1,54,,79977,0,49 50 51,1,15,,79978,0,37 42 9,1,20,,79979,0,49 50 51,1,20,,79980,0,49 50 51,1,60,,79981,0,49 50 51,1,25,,79982,0,37 42 9,1,74,,79983,0,49 50 51,1,30,,79984,0,49 50 51,1,65,,79985,0,49 50 51,1,100,,79986,0,49 50 51,1,100,,79987,0,49 50 51,1,105,,79988,0,49 50 51,1,200,,79989,0,49 50 51,1
4000,'20260410',414,,79990,0,49 50 51,1,100,,79991,0,49 50 51,1,95,,79992,0,49 50 51,1,34,,79993,0,49 50 51,1,60,,79994,0,37 42 9,1,10,,79995,0,49 50 51,1,17,,79996,0,49 50 51,1,15,,79997,0,49 50 51,1,60,,79998,0,37 42 9,1,10,,79999,0,49 50 51,1,15,,80000,0,49 50 51,1,20,,80001,0,49 50 51,1,55,,80002,0,37 42 9,1,20,,80003,0,49 50 51,1,25,,80004,0,49 50 51,1,68,,80005,0,49 50 51,1,25,,80006,0,52 49 50 51,1,75,,80007,0,49 50 51,1,35,,80008,0,49 50 51,1,65,,80009,0,49 50 51,1,25,,80010,0,52 49 50 51,1,75,,80011,0,49 50 51,1,30,,80012,0,49 50 51,1,70,,80013,0,49 50 51,1,33,,80014,0,49 50 51,1,60,,80015,0,37 42 9,1,35,,80016,0,49 50 51,1,60,,80017,0,37 42 9,1,25,,80018,0,49 50 51,1,20,,80019,0,49 50 51,1,55,,80020,0,49 50 51,1,10,,80021,0,37 42 9,1,15,,80022,0,49 50 51,1,15,,80023,0,49 50 51,1,54,,80024,0,49 50 51,1,15,,80025,0,37 42 9,1,20,,80026,0,49 50 51,1,20,,80027,0,49 50 51,1,60,,80028,0,49 50 51,1,25,,80029,0,37 42 9,1,74,,80030,0,49 50 51,1,30,,80031,0,49 50 51,1,65,,80032,0,49 50 51,1,100,,80033,0,49 50 51,1,100,,80034,0,49 50 51,1,105,,80035,0,49 50 51,1,200,,80036,0,49 50 51,1
4000,'20260411',414,,80037,0,49 50 51,1,200,,80038,0,49 50 51,1,100,,80039,0,49 50 51,1,100,,80040,0,49 50 51,1,100,,80041,0,49 50 51,1,30,,80042,0,49 50 51,1,70,,80043,0,49 50 51,1,30,,80044,0,49 50 51,1,70,,80045,0,49 50 51,1,30,,80046,0,49 50 51,1,70,,80047,0,49 50 51,1,30,,80048,0,49 50 51,1,70,,80049,0,49 50 51,1,30,,80050,0,49 50 51,1,70,,80051,0,49 50 51,1,30,,80052,0,49 50 51,1,70,,80053,0,49 50 51,1,30,,80054,0,49 50 51,1,60,,80055,0,49 50 51,1,20,,80056,0,49 50 51,1,20,,80057,0,49 50 51,1,60,,80058,0,49 50 51,1,20,,80059,0,49 50 51,1,20,,80060,0,49 50 51,1,70,,80061,0,49 50 51,1,30,,80062,0,49 50 51,1,70,,80063,0,49 50 51,1,30,,80064,0,49 50 51,1,70,,80065,0,49 50 51,1,30,,80066,0,49 50 51,1,70,,80067,0,49 50 51,1,100,,80068,0,49 50 51,1,100,,80069,0,49 50 51,1,100,,80070,0,49 50 51,1,200,,80071,0,49 50 51,1
4000,'20260412',414,,80072,0,49 50 51,1,200,,80073,0,49 50 51,1,100,,80074,0,49 50 51,1,100,,80075,0,49 50 51,1,100,,80076,0,49 50 51,1,30,,80077,0,49 50 51,1,70,,80078,0,49 50 51,1,30,,80079,0,49 50 51,1,70,,80080,0,49 50 51,1,30,,80081,0,49 50 51,1,70,,80082,0,49 50 51,1,30,,80083,0,49 50 51,1,70,,80084,0,49 50 51,1,30,,80085,0,49 50 51,1,70,,80086,0,49 50 51,1,30,,80087,0,49 50 51,1,70,,80088,0,49 50 51,1,30,,80089,0,49 50 51,1,60,,80090,0,49 50 51,1,20,,80091,0,49 50 51,1,20,,80092,0,49 50 51,1,60,,80093,0,49 50 51,1,20,,80094,0,49 50 51,1,20,,80095,0,49 50 51,1,70,,80096,0,49 50 51,1,30,,80097,0,49 50 51,1,70,,80098,0,49 50 51,1,30,,80099,0,49 50 51,1,70,,80100,0,49 50 51,1,30,,80101,0,49 50 51,1,70,,80102,0,49 50 51,1,100,,80103,0,49 50 51,1,100,,80104,0,49 50 51,1,100,,80105,0,49 50 51,1,200,,80106,0,49 50 51,1
4000,'20260413',414,,80107,0,49 50 51,1,100,,80108,0,49 50 51,1,95,,80109,0,49 50 51,1,34,,80110,0,49 50 51,1,60,,80111,0,37 42 9,1,10,,80112,0,49 50 51,1,17,,80113,0,49 50 51,1,15,,80114,0,49 50 51,1,60,,80115,0,37 42 9,1,10,,80116,0,49 50 51,1,15,,80117,0,49 50 51,1,20,,80118,0,49 50 51,1,55,,80119,0,37 42 9,1,20,,80120,0,49 50 51,1,25,,80121,0,49 50 51,1,68,,80122,0,49 50 51,1,25,,80123,0,52 49 50 51,1,75,,80124,0,49 50 51,1,35,,80125,0,49 50 51,1,65,,80126,0,49 50 51,1,25,,80127,0,52 49 50 51,1,75,,80128,0,49 50 51,1,30,,80129,0,49 50 51,1,70,,80130,0,49 50 51,1,33,,80131,0,49 50 51,1,60,,80132,0,37 42 9,1,35,,80133,0,49 50 51,1,60,,80134,0,37 42 9,1,25,,80135,0,49 50 51,1,20,,80136,0,49 50 51,1,55,,80137,0,49 50 51,1,10,,80138,0,37 42 9,1,15,,80139,0,49 50 51,1,15,,80140,0,49 50 51,1,54,,80141,0,49 50 51,1,15,,80142,0,37 42 9,1,20,,80143,0,49 50 51,1,20,,80144,0,49 50 51,1,60,,80145,0,49 50 51,1,25,,80146,0,37 42 9,1,74,,80147,0,49 50 51,1,30,,80148,0,49 50 51,1,65,,80149,0,49 50 51,1,100,,80150,0,49 50 51,1,100,,80151,0,49 50 51,1,105,,80152,0,49 50 51,1,200,,80153,0,49 50 51,1
4000,'20260414',414,,80154,0,49 50 51,1,100,,80155,0,49 50 51,1,95,,80156,0,49 50 51,1,34,,80157,0,49 50 51,1,60,,80158,0,37 42 9,1,10,,80159,0,49 50 51,1,17,,80160,0,49 50 51,1,15,,80161,0,49 50 51,1,60,,80162,0,37 42 9,1,10,,80163,0,49 50 51,1,15,,80164,0,49 50 51,1,20,,80165,0,49 50 51,1,55,,80166,0,37 42 9,1,20,,80167,0,49 50 51,1,25,,80168,0,49 50 51,1,68,,80169,0,49 50 51,1,25,,80170,0,52 49 50 51,1,75,,80171,0,49 50 51,1,35,,80172,0,49 50 51,1,65,,80173,0,49 50 51,1,25,,80174,0,52 49 50 51,1,75,,80175,0,49 50 51,1,30,,80176,0,49 50 51,1,70,,80177,0,49 50 51,1,33,,80178,0,49 50 51,1,60,,80179,0,37 42 9,1,35,,80180,0,49 50 51,1,60,,80181,0,37 42 9,1,25,,80182,0,49 50 51,1,20,,80183,0,49 50 51,1,55,,80184,0,49 50 51,1,10,,80185,0,37 42 9,1,15,,80186,0,49 50 51,1,15,,80187,0,49 50 51,1,54,,80188,0,49 50 51,1,15,,80189,0,37 42 9,1,20,,80190,0,49 50 51,1,20,,80191,0,49 50 51,1,60,,80192,0,49 50 51,1,25,,80193,0,37 42 9,1,74,,80194,0,49 50 51,1,30,,80195,0,49 50 51,1,65,,80196,0,49 50 51,1,100,,80197,0,49 50 51,1,100,,80198,0,49 50 51,1,105,,80199,0,49 50 51,1,200,,80200,0,49 50 51,1
4000,'20260415',414,,80201,0,49 50 51,1,100,,80202,0,49 50 51,1,95,,80203,0,49 50 51,1,34,,80204,0,49 50 51,1,60,,80205,0,37 42 9,1,10,,80206,0,49 50 51,1,17,,80207,0,49 50 51,1,15,,80208,0,49 50 51,1,60,,80209,0,37 42 9,1,10,,80210,0,49 50 51,1,15,,80211,0,49 50 51,1,20,,80212,0,49 50 51,1,55,,80213,0,37 42 9,1,20,,80214,0,49 50 51,1,25,,80215,0,49 50 51,1,68,,80216,0,49 50 51,1,25,,80217,0,52 49 50 51,1,75,,80218,0,49 50 51,1,35,,80219,0,49 50 51,1,65,,80220,0,49 50 51,1,25,,80221,0,52 49 50 51,1,75,,80222,0,49 50 51,1,30,,80223,0,49 50 51,1,70,,80224,0,49 50 51,1,33,,80225,0,49 50 51,1,60,,80226,0,37 42 9,1,35,,80227,0,49 50 51,1,60,,80228,0,37 42 9,1,25,,80229,0,49 50 51,1,20,,80230,0,49 50 51,1,55,,80231,0,49 50 51,1,10,,80232,0,37 42 9,1,15,,80233,0,49 50 51,1,15,,80234,0,49 50 51,1,54,,80235,0,49 50 51,1,15,,80236,0,37 42 9,1,20,,80237,0,49 50 51,1,20,,80238,0,49 50 51,1,60,,80239,0,49 50 51,1,25,,80240,0,37 42 9,1,74,,80241,0,49 50 51,1,30,,80242,0,49 50 51,1,65,,80243,0,49 50 51,1,100,,80244,0,49 50 51,1,100,,80245,0,49 50 51,1,105,,80246,0,49 50 51,1,200,,80247,0,49 50 51,1
4000,'20260416',414,,80248,0,49 50 51,1,100,,80249,0,49 50 51,1,95,,80250,0,49 50 51,1,34,,80251,0,49 50 51,1,60,,80252,0,37 42 9,1,10,,80253,0,49 50 51,1,17,,80254,0,49 50 51,1,15,,80255,0,49 50 51,1,60,,80256,0,37 42 9,1,10,,80257,0,49 50 51,1,15,,80258,0,49 50 51,1,20,,80259,0,49 50 51,1,55,,80260,0,37 42 9,1,20,,80261,0,49 50 51,1,25,,80262,0,49 50 51,1,68,,80263,0,49 50 51,1,25,,80264,0,52 49 50 51,1,75,,80265,0,49 50 51,1,35,,80266,0,49 50 51,1,65,,80267,0,49 50 51,1,25,,80268,0,52 49 50 51,1,75,,80269,0,49 50 51,1,30,,80270,0,49 50 51,1,70,,80271,0,49 50 51,1,33,,80272,0,49 50 51,1,60,,80273,0,37 42 9,1,35,,80274,0,49 50 51,1,60,,80275,0,37 42 9,1,25,,80276,0,49 50 51,1,20,,80277,0,49 50 51,1,55,,80278,0,49 50 51,1,10,,80279,0,37 42 9,1,15,,80280,0,49 50 51,1,15,,80281,0,49 50 51,1,54,,80282,0,49 50 51,1,15,,80283,0,37 42 9,1,20,,80284,0,49 50 51,1,20,,80285,0,49 50 51,1,60,,80286,0,49 50 51,1,25,,80287,0,37 42 9,1,74,,80288,0,49 50 51,1,30,,80289,0,49 50 51,1,65,,80290,0,49 50 51,1,100,,80291,0,49 50 51,1,100,,80292,0,49 50 51,1,105,,80293,0,49 50 51,1,200,,80294,0,49 50 51,1
4000,'20260417',414,,80295,0,49 50 51,1,100,,80296,0,49 50 51,1,95,,80297,0,49 50 51,1,34,,80298,0,49 50 51,1,60,,80299,0,37 42 9,1,10,,80300,0,49 50 51,1,17,,80301,0,49 50 51,1,15,,80302,0,49 50 51,1,60,,80303,0,37 42 9,1,10,,80304,0,49 50 51,1,15,,80305,0,49 50 51,1,20,,80306,0,49 50 51,1,55,,80307,0,37 42 9,1,20,,80308,0,49 50 51,1,25,,80309,0,49 50 51,1,68,,80310,0,49 50 51,1,25,,80311,0,52 49 50 51,1,75,,80312,0,49 50 51,1,35,,80313,0,49 50 51,1,65,,80314,0,49 50 51,1,25,,80315,0,52 49 50 51,1,75,,80316,0,49 50 51,1,30,,80317,0,49 50 51,1,70,,80318,0,49 50 51,1,33,,80319,0,49 50 51,1,60,,80320,0,37 42 9,1,35,,80321,0,49 50 51,1,60,,80322,0,37 42 9,1,25,,80323,0,49 50 51,1,20,,80324,0,49 50 51,1,55,,80325,0,49 50 51,1,10,,80326,0,37 42 9,1,15,,80327,0,49 50 51,1,15,,80328,0,49 50 51,1,54,,80329,0,49 50 51,1,15,,80330,0,37 42 9,1,20,,80331,0,49 50 51,1,20,,80332,0,49 50 51,1,60,,80333,0,49 50 51,1,25,,80334,0,37 42 9,1,74,,80335,0,49 50 51,1,30,,80336,0,49 50 51,1,65,,80337,0,49 50 51,1,100,,80338,0,49 50 51,1,100,,80339,0,49 50 51,1,105,,80340,0,49 50 51,1,200,,80341,0,49 50 51,1
4000,'20260418',414,,80342,0,49 50 51,1,200,,80343,0,49 50 51,1,100,,80344,0,49 50 51,1,100,,80345,0,49 50 51,1,100,,80346,0,49 50 51,1,30,,80347,0,49 50 51,1,70,,80348,0,49 50 51,1,30,,80349,0,49 50 51,1,70,,80350,0,49 50 51,1,30,,80351,0,49 50 51,1,70,,80352,0,49 50 51,1,30,,80353,0,49 50 51,1,70,,80354,0,49 50 51,1,30,,80355,0,49 50 51,1,70,,80356,0,49 50 51,1,30,,80357,0,49 50 51,1,70,,80358,0,49 50 51,1,30,,80359,0,49 50 51,1,60,,80360,0,49 50 51,1,20,,80361,0,49 50 51,1,20,,80362,0,49 50 51,1,60,,80363,0,49 50 51,1,20,,80364,0,49 50 51,1,20,,80365,0,49 50 51,1,70,,80366,0,49 50 51,1,30,,80367,0,49 50 51,1,70,,80368,0,49 50 51,1,30,,80369,0,49 50 51,1,70,,80370,0,49 50 51,1,30,,80371,0,49 50 51,1,70,,80372,0,49 50 51,1,100,,80373,0,49 50 51,1,100,,80374,0,49 50 51,1,100,,80375,0,49 50 51,1,200,,80376,0,49 50 51,1
4000,'20260419',414,,80377,0,49 50 51,1,200,,80378,0,49 50 51,1,100,,80379,0,49 50 51,1,100,,80380,0,49 50 51,1,100,,80381,0,49 50 51,1,30,,80382,0,49 50 51,1,70,,80383,0,49 50 51,1,30,,80384,0,49 50 51,1,70,,80385,0,49 50 51,1,30,,80386,0,49 50 51,1,70,,80387,0,49 50 51,1,30,,80388,0,49 50 51,1,70,,80389,0,49 50 51,1,30,,80390,0,49 50 51,1,70,,80391,0,49 50 51,1,30,,80392,0,49 50 51,1,70,,80393,0,49 50 51,1,30,,80394,0,49 50 51,1,60,,80395,0,49 50 51,1,20,,80396,0,49 50 51,1,20,,80397,0,49 50 51,1,60,,80398,0,49 50 51,1,20,,80399,0,49 50 51,1,20,,80400,0,49 50 51,1,70,,80401,0,49 50 51,1,30,,80402,0,49 50 51,1,70,,80403,0,49 50 51,1,30,,80404,0,49 50 51,1,70,,80405,0,49 50 51,1,30,,80406,0,49 50 51,1,70,,80407,0,49 50 51,1,100,,80408,0,49 50 51,1,100,,80409,0,49 50 51,1,100,,80410,0,49 50 51,1,200,,80411,0,49 50 51,1
4000,'20260420',414,,80412,0,49 50 51,1,100,,80413,0,49 50 51,1,95,,80414,0,49 50 51,1,34,,80415,0,49 50 51,1,60,,80416,0,37 42 9,1,10,,80417,0,49 50 51,1,17,,80418,0,49 50 51,1,15,,80419,0,49 50 51,1,60,,80420,0,37 42 9,1,10,,80421,0,49 50 51,1,15,,80422,0,49 50 51,1,20,,80423,0,49 50 51,1,55,,80424,0,37 42 9,1,20,,80425,0,49 50 51,1,25,,80426,0,49 50 51,1,68,,80427,0,49 50 51,1,25,,80428,0,52 49 50 51,1,75,,80429,0,49 50 51,1,35,,80430,0,49 50 51,1,65,,80431,0,49 50 51,1,25,,80432,0,52 49 50 51,1,75,,80433,0,49 50 51,1,30,,80434,0,49 50 51,1,70,,80435,0,49 50 51,1,33,,80436,0,49 50 51,1,60,,80437,0,37 42 9,1,35,,80438,0,49 50 51,1,60,,80439,0,37 42 9,1,25,,80440,0,49 50 51,1,20,,80441,0,49 50 51,1,55,,80442,0,49 50 51,1,10,,80443,0,37 42 9,1,15,,80444,0,49 50 51,1,15,,80445,0,49 50 51,1,54,,80446,0,49 50 51,1,15,,80447,0,37 42 9,1,20,,80448,0,49 50 51,1,20,,80449,0,49 50 51,1,60,,80450,0,49 50 51,1,25,,80451,0,37 42 9,1,74,,80452,0,49 50 51,1,30,,80453,0,49 50 51,1,65,,80454,0,49 50 51,1,100,,80455,0,49 50 51,1,100,,80456,0,49 50 51,1,105,,80457,0,49 50 51,1,200,,80458,0,49 50 51,1
4000,'20260421',414,,80459,0,49 50 51,1,100,,80460,0,49 50 51,1,95,,80461,0,49 50 51,1,34,,80462,0,49 50 51,1,60,,80463,0,37 42 9,1,10,,80464,0,49 50 51,1,17,,80465,0,49 50 51,1,15,,80466,0,49 50 51,1,60,,80467,0,37 42 9,1,10,,80468,0,49 50 51,1,15,,80469,0,49 50 51,1,20,,80470,0,49 50 51,1,55,,80471,0,37 42 9,1,20,,80472,0,49 50 51,1,25,,80473,0,49 50 51,1,68,,80474,0,49 50 51,1,25,,80475,0,52 49 50 51,1,75,,80476,0,49 50 51,1,35,,80477,0,49 50 51,1,65,,80478,0,49 50 51,1,25,,80479,0,52 49 50 51,1,75,,80480,0,49 50 51,1,30,,80481,0,49 50 51,1,70,,80482,0,49 50 51,1,33,,80483,0,49 50 51,1,60,,80484,0,37 42 9,1,35,,80485,0,49 50 51,1,60,,80486,0,37 42 9,1,25,,80487,0,49 50 51,1,20,,80488,0,49 50 51,1,55,,80489,0,49 50 51,1,10,,80490,0,37 42 9,1,15,,80491,0,49 50 51,1,15,,80492,0,49 50 51,1,54,,80493,0,49 50 51,1,15,,80494,0,37 42 9,1,20,,80495,0,49 50 51,1,20,,80496,0,49 50 51,1,60,,80497,0,49 50 51,1,25,,80498,0,37 42 9,1,74,,80499,0,49 50 51,1,30,,80500,0,49 50 51,1,65,,80501,0,49 50 51,1,100,,80502,0,49 50 51,1,100,,80503,0,49 50 51,1,105,,80504,0,49 50 51,1,200,,80505,0,49 50 51,1
4000,'20260422',414,,80506,0,49 50 51,1,100,,80507,0,49 50 51,1,95,,80508,0,49 50 51,1,34,,80509,0,49 50 51,1,60,,80510,0,37 42 9,1,10,,80511,0,49 50 51,1,17,,80512,0,49 50 51,1,15,,80513,0,49 50 51,1,60,,80514,0,37 42 9,1,10,,80515,0,49 50 51,1,15,,80516,0,49 50 51,1,20,,80517,0,49 50 51,1,55,,80518,0,37 42 9,1,20,,80519,0,49 50 51,1,25,,80520,0,49 50 51,1,68,,80521,0,49 50 51,1,25,,80522,0,52 49 50 51,1,75,,80523,0,49 50 51,1,35,,80524,0,49 50 51,1,65,,80525,0,49 50 51,1,25,,80526,0,52 49 50 51,1,75,,80527,0,49 50 51,1,30,,80528,0,49 50 51,1,70,,80529,0,49 50 51,1,33,,80530,0,49 50 51,1,60,,80531,0,37 42 9,1,35,,80532,0,49 50 51,1,60,,80533,0,37 42 9,1,25,,80534,0,49 50 51,1,20,,80535,0,49 50 51,1,55,,80536,0,49 50 51,1,10,,80537,0,37 42 9,1,15,,80538,0,49 50 51,1,15,,80539,0,49 50 51,1,54,,80540,0,49 50 51,1,15,,80541,0,37 42 9,1,20,,80542,0,49 50 51,1,20,,80543,0,49 50 51,1,60,,80544,0,49 50 51,1,25,,80545,0,37 42 9,1,74,,80546,0,49 50 51,1,30,,80547,0,49 50 51,1,65,,80548,0,49 50 51,1,100,,80549,0,49 50 51,1,100,,80550,0,49 50 51,1,105,,80551,0,49 50 51,1,200,,80552,0,49 50 51,1
4000,'20260423',414,,80553,0,49 50 51,1,100,,80554,0,49 50 51,1,95,,80555,0,49 50 51,1,34,,80556,0,49 50 51,1,60,,80557,0,37 42 9,1,10,,80558,0,49 50 51,1,17,,80559,0,49 50 51,1,15,,80560,0,49 50 51,1,60,,80561,0,37 42 9,1,10,,80562,0,49 50 51,1,15,,80563,0,49 50 51,1,20,,80564,0,49 50 51,1,55,,80565,0,37 42 9,1,20,,80566,0,49 50 51,1,25,,80567,0,49 50 51,1,68,,80568,0,49 50 51,1,25,,80569,0,52 49 50 51,1,75,,80570,0,49 50 51,1,35,,80571,0,49 50 51,1,65,,80572,0,49 50 51,1,25,,80573,0,52 49 50 51,1,75,,80574,0,49 50 51,1,30,,80575,0,49 50 51,1,70,,80576,0,49 50 51,1,33,,80577,0,49 50 51,1,60,,80578,0,37 42 9,1,35,,80579,0,49 50 51,1,60,,80580,0,37 42 9,1,25,,80581,0,49 50 51,1,20,,80582,0,49 50 51,1,55,,80583,0,49 50 51,1,10,,80584,0,37 42 9,1,15,,80585,0,49 50 51,1,15,,80586,0,49 50 51,1,54,,80587,0,49 50 51,1,15,,80588,0,37 42 9,1,20,,80589,0,49 50 51,1,20,,80590,0,49 50 51,1,60,,80591,0,49 50 51,1,25,,80592,0,37 42 9,1,74,,80593,0,49 50 51,1,30,,80594,0,49 50 51,1,65,,80595,0,49 50 51,1,100,,80596,0,49 50 51,1,100,,80597,0,49 50 51,1,105,,80598,0,49 50 51,1,200,,80599,0,49 50 51,1
4000,'20260424',414,,80600,0,49 50 51,1,100,,80601,0,49 50 51,1,95,,80602,0,49 50 51,1,34,,80603,0,49 50 51,1,60,,80604,0,37 42 9,1,10,,80605,0,49 50 51,1,17,,80606,0,49 50 51,1,15,,80607,0,49 50 51,1,60,,80608,0,37 42 9,1,10,,80609,0,49 50 51,1,15,,80610,0,49 50 51,1,20,,80611,0,49 50 51,1,55,,80612,0,37 42 9,1,20,,80613,0,49 50 51,1,25,,80614,0,49 50 51,1,68,,80615,0,49 50 51,1,25,,80616,0,52 49 50 51,1,75,,80617,0,49 50 51,1,35,,80618,0,49 50 51,1,65,,80619,0,49 50 51,1,25,,80620,0,52 49 50 51,1,75,,80621,0,49 50 51,1,30,,80622,0,49 50 51,1,70,,80623,0,49 50 51,1,33,,80624,0,49 50 51,1,60,,80625,0,37 42 9,1,35,,80626,0,49 50 51,1,60,,80627,0,37 42 9,1,25,,80628,0,49 50 51,1,20,,80629,0,49 50 51,1,55,,80630,0,49 50 51,1,10,,80631,0,37 42 9,1,15,,80632,0,49 50 51,1,15,,80633,0,49 50 51,1,54,,80634,0,49 50 51,1,15,,80635,0,37 42 9,1,20,,80636,0,49 50 51,1,20,,80637,0,49 50 51,1,60,,80638,0,49 50 51,1,25,,80639,0,37 42 9,1,74,,80640,0,49 50 51,1,30,,80641,0,49 50 51,1,65,,80642,0,49 50 51,1,100,,80643,0,49 50 51,1,100,,80644,0,49 50 51,1,105,,80645,0,49 50 51,1,200,,80646,0,49 50 51,1
9400,'20260305',334,,131897,,,1,200,,131898,,,1,196,,131899,,,1,210,,131900,,,1,200,,131901,,,1,100,,131902,,,1,95,,131903,,,1,95,,131904,,,1,111,,131905,,,1,100,,131906,,,1,100,,131907,,,1,104,,131908,,,1,94,,131909,,,1,95,,131910,,,1,100,,131911,,,1,100,,131912,,,1,100,,131913,,,1,200,,131914,,,1
9400,'20260306',334,,131915,,,1,200,,131916,,,1,196,,131917,,,1,210,,131918,,,1,200,,131919,,,1,100,,131920,,,1,95,,131921,,,1,95,,131922,,,1,111,,131923,,,1,100,,131924,,,1,100,,131925,,,1,104,,131926,,,1,94,,131927,,,1,95,,131928,,,1,100,,131929,,,1,100,,131930,,,1,100,,131931,,,1,200,,131932,,,1
9400,'20260307',334,,131933,,,1,200,,131934,,,1,100,,131935,,,1,100,,131936,,,1,100,,131937,,,1,100,,131938,,,1,100,,131939,,,1,100,,131940,,,1,100,,131941,,,1,95,,131942,,,1,100,,131943,,,1,105,,131944,,,1,100,,131945,,,1,95,,131946,,,1,100,,131947,,,1,105,,131948,,,1,100,,131949,,,1,100,,131950,,,1,100,,131951,,,1,100,,131952,,,1,200,,131953,,,1
9400,'20260308',334,,131954,,,1,200,,131955,,,1,100,,131956,,,1,100,,131957,,,1,100,,131958,,,1,100,,131959,,,1,100,,131960,,,1,100,,131961,,,1,100,,131962,,,1,95,,131963,,,1,100,,131964,,,1,105,,131965,,,1,100,,131966,,,1,95,,131967,,,1,100,,131968,,,1,105,,131969,,,1,100,,131970,,,1,100,,131971,,,1,100,,131972,,,1,100,,131973,,,1,200,,131974,,,1
9400,'20260309',334,,131975,,,1,200,,131976,,,1,196,,131977,,,1,210,,131978,,,1,200,,131979,,,1,100,,131980,,,1,95,,131981,,,1,95,,131982,,,1,111,,131983,,,1,100,,131984,,,1,100,,131985,,,1,104,,131986,,,1,94,,131987,,,1,95,,131988,,,1,100,,131989,,,1,100,,131990,,,1,100,,131991,,,1,200,,131992,,,1
9400,'20260310',334,,131993,,,1,200,,131994,,,1,196,,131995,,,1,210,,131996,,,1,200,,131997,,,1,100,,131998,,,1,95,,131999,,,1,95,,132000,,,1,111,,132001,,,1,100,,132002,,,1,100,,132003,,,1,104,,132004,,,1,94,,132005,,,1,95,,132006,,,1,100,,132007,,,1,100,,132008,,,1,100,,132009,,,1,200,,132010,,,1
9400,'20260311',334,,132011,,,1,200,,132012,,,1,196,,132013,,,1,210,,132014,,,1,200,,132015,,,1,100,,132016,,,1,95,,132017,,,1,95,,132018,,,1,111,,132019,,,1,100,,132020,,,1,100,,132021,,,1,104,,132022,,,1,94,,132023,,,1,95,,132024,,,1,100,,132025,,,1,100,,132026,,,1,100,,132027,,,1,200,,132028,,,1
9400,'20260312',334,,132029,,,1,200,,132030,,,1,196,,132031,,,1,210,,132032,,,1,200,,132033,,,1,100,,132034,,,1,95,,132035,,,1,95,,132036,,,1,111,,132037,,,1,100,,132038,,,1,100,,132039,,,1,104,,132040,,,1,94,,132041,,,1,95,,132042,,,1,100,,132043,,,1,100,,132044,,,1,100,,132045,,,1,200,,132046,,,1
9400,'20260313',334,,132047,,,1,200,,132048,,,1,196,,132049,,,1,210,,132050,,,1,200,,132051,,,1,100,,132052,,,1,95,,132053,,,1,95,,132054,,,1,111,,132055,,,1,100,,132056,,,1,100,,132057,,,1,104,,132058,,,1,94,,132059,,,1,95,,132060,,,1,100,,132061,,,1,100,,132062,,,1,100,,132063,,,1,200,,132064,,,1
9400,'20260314',334,,132065,,,1,200,,132066,,,1,100,,132067,,,1,100,,132068,,,1,100,,132069,,,1,100,,132070,,,1,100,,132071,,,1,100,,132072,,,1,100,,132073,,,1,95,,132074,,,1,100,,132075,,,1,105,,132076,,,1,100,,132077,,,1,95,,132078,,,1,100,,132079,,,1,105,,132080,,,1,100,,132081,,,1,100,,132082,,,1,100,,132083,,,1,100,,132084,,,1,200,,132085,,,1
9400,'20260315',334,,132086,,,1,200,,132087,,,1,100,,132088,,,1,100,,132089,,,1,100,,132090,,,1,100,,132091,,,1,100,,132092,,,1,100,,132093,,,1,100,,132094,,,1,95,,132095,,,1,100,,132096,,,1,105,,132097,,,1,100,,132098,,,1,95,,132099,,,1,100,,132100,,,1,105,,132101,,,1,100,,132102,,,1,100,,132103,,,1,100,,132104,,,1,100,,132105,,,1,200,,132106,,,1
9400,'20260316',334,,132107,,,1,200,,132108,,,1,196,,132109,,,1,210,,132110,,,1,200,,132111,,,1,100,,132112,,,1,95,,132113,,,1,95,,132114,,,1,111,,132115,,,1,100,,132116,,,1,100,,132117,,,1,104,,132118,,,1,94,,132119,,,1,95,,132120,,,1,100,,132121,,,1,100,,132122,,,1,100,,132123,,,1,200,,132124,,,1
9400,'20260317',334,,132125,,,1,200,,132126,,,1,196,,132127,,,1,210,,132128,,,1,200,,132129,,,1,100,,132130,,,1,95,,132131,,,1,95,,132132,,,1,111,,132133,,,1,100,,132134,,,1,100,,132135,,,1,104,,132136,,,1,94,,132137,,,1,95,,132138,,,1,100,,132139,,,1,100,,132140,,,1,100,,132141,,,1,200,,132142,,,1
9400,'20260318',334,,132143,,,1,200,,132144,,,1,196,,132145,,,1,210,,132146,,,1,200,,132147,,,1,100,,132148,,,1,95,,132149,,,1,95,,132150,,,1,111,,132151,,,1,100,,132152,,,1,100,,132153,,,1,104,,132154,,,1,94,,132155,,,1,95,,132156,,,1,100,,132157,,,1,100,,132158,,,1,100,,132159,,,1,200,,132160,,,1
9400,'20260319',334,,132161,,,1,200,,132162,,,1,196,,132163,,,1,210,,132164,,,1,200,,132165,,,1,100,,132166,,,1,95,,132167,,,1,95,,132168,,,1,111,,132169,,,1,100,,132170,,,1,100,,132171,,,1,104,,132172,,,1,94,,132173,,,1,95,,132174,,,1,100,,132175,,,1,100,,132176,,,1,100,,132177,,,1,200,,132178,,,1
9400,'20260320',334,,132179,,,1,200,,132180,,,1,196,,132181,,,1,210,,132182,,,1,200,,132183,,,1,100,,132184,,,1,95,,132185,,,1,95,,132186,,,1,111,,132187,,,1,100,,132188,,,1,100,,132189,,,1,104,,132190,,,1,94,,132191,,,1,95,,132192,,,1,100,,132193,,,1,100,,132194,,,1,100,,132195,,,1,200,,132196,,,1
9400,'20260321',334,,132197,,,1,200,,132198,,,1,100,,132199,,,1,100,,132200,,,1,100,,132201,,,1,100,,132202,,,1,100,,132203,,,1,100,,132204,,,1,100,,132205,,,1,95,,132206,,,1,100,,132207,,,1,105,,132208,,,1,100,,132209,,,1,95,,132210,,,1,100,,132211,,,1,105,,132212,,,1,100,,132213,,,1,100,,132214,,,1,100,,132215,,,1,100,,132216,,,1,200,,132217,,,1
9400,'20260322',334,,132218,,,1,200,,132219,,,1,100,,132220,,,1,100,,132221,,,1,100,,132222,,,1,100,,132223,,,1,100,,132224,,,1,100,,132225,,,1,100,,132226,,,1,95,,132227,,,1,100,,132228,,,1,105,,132229,,,1,100,,132230,,,1,95,,132231,,,1,100,,132232,,,1,105,,132233,,,1,100,,132234,,,1,100,,132235,,,1,100,,132236,,,1,100,,132237,,,1,200,,132238,,,1
9400,'20260323',334,,132239,,,1,200,,132240,,,1,196,,132241,,,1,210,,132242,,,1,200,,132243,,,1,100,,132244,,,1,95,,132245,,,1,95,,132246,,,1,111,,132247,,,1,100,,132248,,,1,100,,132249,,,1,104,,132250,,,1,94,,132251,,,1,95,,132252,,,1,100,,132253,,,1,100,,132254,,,1,100,,132255,,,1,200,,132256,,,1
9400,'20260324',334,,132257,,,1,200,,132258,,,1,196,,132259,,,1,210,,132260,,,1,200,,132261,,,1,100,,132262,,,1,95,,132263,,,1,95,,132264,,,1,111,,132265,,,1,100,,132266,,,1,100,,132267,,,1,104,,132268,,,1,94,,132269,,,1,95,,132270,,,1,100,,132271,,,1,100,,132272,,,1,100,,132273,,,1,200,,132274,,,1
9400,'20260325',334,,132275,,,1,200,,132276,,,1,196,,132277,,,1,210,,132278,,,1,200,,132279,,,1,100,,132280,,,1,95,,132281,,,1,95,,132282,,,1,111,,132283,,,1,100,,132284,,,1,100,,132285,,,1,104,,132286,,,1,94,,132287,,,1,95,,132288,,,1,100,,132289,,,1,100,,132290,,,1,100,,132291,,,1,200,,132292,,,1
9400,'20260326',334,,132293,,,1,200,,132294,,,1,196,,132295,,,1,210,,132296,,,1,200,,132297,,,1,100,,132298,,,1,95,,132299,,,1,95,,132300,,,1,111,,132301,,,1,100,,132302,,,1,100,,132303,,,1,104,,132304,,,1,94,,132305,,,1,95,,132306,,,1,100,,132307,,,1,100,,132308,,,1,100,,132309,,,1,200,,132310,,,1
9400,'20260327',334,,132311,,,1,200,,132312,,,1,196,,132313,,,1,210,,132314,,,1,200,,132315,,,1,100,,132316,,,1,95,,132317,,,1,95,,132318,,,1,111,,132319,,,1,100,,132320,,,1,100,,132321,,,1,104,,132322,,,1,94,,132323,,,1,95,,132324,,,1,100,,132325,,,1,100,,132326,,,1,100,,132327,,,1,200,,132328,,,1
9400,'20260328',334,,132329,,,1,200,,132330,,,1,100,,132331,,,1,100,,132332,,,1,100,,132333,,,1,100,,132334,,,1,100,,132335,,,1,100,,132336,,,1,100,,132337,,,1,95,,132338,,,1,100,,132339,,,1,105,,132340,,,1,100,,132341,,,1,95,,132342,,,1,100,,132343,,,1,105,,132344,,,1,100,,132345,,,1,100,,132346,,,1,100,,132347,,,1,100,,132348,,,1,200,,132349,,,1
9400,'20260329',334,,132350,,,1,200,,132351,,,1,100,,132352,,,1,100,,132353,,,1,100,,132354,,,1,100,,132355,,,1,100,,132356,,,1,100,,132357,,,1,100,,132358,,,1,95,,132359,,,1,100,,132360,,,1,105,,132361,,,1,100,,132362,,,1,95,,132363,,,1,100,,132364,,,1,105,,132365,,,1,100,,132366,,,1,100,,132367,,,1,100,,132368,,,1,100,,132369,,,1,200,,132370,,,1
9400,'20260330',334,,132371,,,1,200,,132372,,,1,196,,132373,,,1,210,,132374,,,1,200,,132375,,,1,100,,132376,,,1,95,,132377,,,1,95,,132378,,,1,111,,132379,,,1,100,,132380,,,1,100,,132381,,,1,104,,132382,,,1,94,,132383,,,1,95,,132384,,,1,100,,132385,,,1,100,,132386,,,1,100,,132387,,,1,200,,132388,,,1
9400,'20260331',334,,132389,,,1,200,,132390,,,1,196,,132391,,,1,210,,132392,,,1,200,,132393,,,1,100,,132394,,,1,95,,132395,,,1,95,,132396,,,1,111,,132397,,,1,100,,132398,,,1,100,,132399,,,1,104,,132400,,,1,94,,132401,,,1,95,,132402,,,1,100,,132403,,,1,100,,132404,,,1,100,,132405,,,1,200,,132406,,,1
9400,'20260401',334,,132407,,,1,200,,132408,,,1,196,,132409,,,1,210,,132410,,,1,200,,132411,,,1,100,,132412,,,1,95,,132413,,,1,95,,132414,,,1,111,,132415,,,1,100,,132416,,,1,100,,132417,,,1,104,,132418,,,1,94,,132419,,,1,95,,132420,,,1,100,,132421,,,1,100,,132422,,,1,100,,132423,,,1,200,,132424,,,1
9400,'20260402',334,,132425,,,1,200,,132426,,,1,196,,132427,,,1,210,,132428,,,1,200,,132429,,,1,100,,132430,,,1,95,,132431,,,1,95,,132432,,,1,111,,132433,,,1,100,,132434,,,1,100,,132435,,,1,104,,132436,,,1,94,,132437,,,1,95,,132438,,,1,100,,132439,,,1,100,,132440,,,1,100,,132441,,,1,200,,132442,,,1
9400,'20260403',334,,132443,,,1,200,,132444,,,1,100,,132445,,,1,100,,132446,,,1,100,,132447,,,1,100,,132448,,,1,100,,132449,,,1,100,,132450,,,1,100,,132451,,,1,95,,132452,,,1,100,,132453,,,1,105,,132454,,,1,100,,132455,,,1,95,,132456,,,1,100,,132457,,,1,105,,132458,,,1,100,,132459,,,1,100,,132460,,,1,100,,132461,,,1,100,,132462,,,1,200,,132463,,,1
9400,'20260404',334,,132464,,,1,200,,132465,,,1,100,,132466,,,1,100,,132467,,,1,100,,132468,,,1,100,,132469,,,1,100,,132470,,,1,100,,132471,,,1,100,,132472,,,1,95,,132473,,,1,100,,132474,,,1,105,,132475,,,1,100,,132476,,,1,95,,132477,,,1,100,,132478,,,1,105,,132479,,,1,100,,132480,,,1,100,,132481,,,1,100,,132482,,,1,100,,132483,,,1,200,,132484,,,1
9400,'20260405',334,,132485,,,1,200,,132486,,,1,100,,132487,,,1,100,,132488,,,1,100,,132489,,,1,100,,132490,,,1,100,,132491,,,1,100,,132492,,,1,100,,132493,,,1,95,,132494,,,1,100,,132495,,,1,105,,132496,,,1,100,,132497,,,1,95,,132498,,,1,100,,132499,,,1,105,,132500,,,1,100,,132501,,,1,100,,132502,,,1,100,,132503,,,1,100,,132504,,,1,200,,132505,,,1
9400,'20260406',334,,132506,,,1,200,,132507,,,1,196,,132508,,,1,210,,132509,,,1,200,,132510,,,1,100,,132511,,,1,95,,132512,,,1,95,,132513,,,1,111,,132514,,,1,100,,132515,,,1,100,,132516,,,1,104,,132517,,,1,94,,132518,,,1,95,,132519,,,1,100,,132520,,,1,100,,132521,,,1,100,,132522,,,1,200,,132523,,,1
9400,'20260407',334,,132524,,,1,200,,132525,,,1,196,,132526,,,1,210,,132527,,,1,200,,132528,,,1,100,,132529,,,1,95,,132530,,,1,95,,132531,,,1,111,,132532,,,1,100,,132533,,,1,100,,132534,,,1,104,,132535,,,1,94,,132536,,,1,95,,132537,,,1,100,,132538,,,1,100,,132539,,,1,100,,132540,,,1,200,,132541,,,1
9400,'20260408',334,,132542,,,1,200,,132543,,,1,196,,132544,,,1,210,,132545,,,1,200,,132546,,,1,100,,132547,,,1,95,,132548,,,1,95,,132549,,,1,111,,132550,,,1,100,,132551,,,1,100,,132552,,,1,104,,132553,,,1,94,,132554,,,1,95,,132555,,,1,100,,132556,,,1,100,,132557,,,1,100,,132558,,,1,200,,132559,,,1
9400,'20260409',334,,132560,,,1,200,,132561,,,1,196,,132562,,,1,210,,132563,,,1,200,,132564,,,1,100,,132565,,,1,95,,132566,,,1,95,,132567,,,1,111,,132568,,,1,100,,132569,,,1,100,,132570,,,1,104,,132571,,,1,94,,132572,,,1,95,,132573,,,1,100,,132574,,,1,100,,132575,,,1,100,,132576,,,1,200,,132577,,,1
9400,'20260410',334,,132578,,,1,200,,132579,,,1,196,,132580,,,1,210,,132581,,,1,200,,132582,,,1,100,,132583,,,1,95,,132584,,,1,95,,132585,,,1,111,,132586,,,1,100,,132587,,,1,100,,132588,,,1,104,,132589,,,1,94,,132590,,,1,95,,132591,,,1,100,,132592,,,1,100,,132593,,,1,100,,132594,,,1,200,,132595,,,1
9400,'20260411',334,,132596,,,1,200,,132597,,,1,100,,132598,,,1,100,,132599,,,1,100,,132600,,,1,100,,132601,,,1,100,,132602,,,1,100,,132603,,,1,100,,132604,,,1,95,,132605,,,1,100,,132606,,,1,105,,132607,,,1,100,,132608,,,1,95,,132609,,,1,100,,132610,,,1,105,,132611,,,1,100,,132612,,,1,100,,132613,,,1,100,,132614,,,1,100,,132615,,,1,200,,132616,,,1
9400,'20260412',334,,132617,,,1,200,,132618,,,1,100,,132619,,,1,100,,132620,,,1,100,,132621,,,1,100,,132622,,,1,100,,132623,,,1,100,,132624,,,1,100,,132625,,,1,95,,132626,,,1,100,,132627,,,1,105,,132628,,,1,100,,132629,,,1,95,,132630,,,1,100,,132631,,,1,105,,132632,,,1,100,,132633,,,1,100,,132634,,,1,100,,132635,,,1,100,,132636,,,1,200,,132637,,,1
9400,'20260413',334,,132638,,,1,200,,132639,,,1,196,,132640,,,1,210,,132641,,,1,200,,132642,,,1,100,,132643,,,1,95,,132644,,,1,95,,132645,,,1,111,,132646,,,1,100,,132647,,,1,100,,132648,,,1,104,,132649,,,1,94,,132650,,,1,95,,132651,,,1,100,,132652,,,1,100,,132653,,,1,100,,132654,,,1,200,,132655,,,1
9400,'20260414',334,,132656,,,1,200,,132657,,,1,196,,132658,,,1,210,,132659,,,1,200,,132660,,,1,100,,132661,,,1,95,,132662,,,1,95,,132663,,,1,111,,132664,,,1,100,,132665,,,1,100,,132666,,,1,104,,132667,,,1,94,,132668,,,1,95,,132669,,,1,100,,132670,,,1,100,,132671,,,1,100,,132672,,,1,200,,132673,,,1
9400,'20260415',334,,132674,,,1,200,,132675,,,1,196,,132676,,,1,210,,132677,,,1,200,,132678,,,1,100,,132679,,,1,95,,132680,,,1,95,,132681,,,1,111,,132682,,,1,100,,132683,,,1,100,,132684,,,1,104,,132685,,,1,94,,132686,,,1,95,,132687,,,1,100,,132688,,,1,100,,132689,,,1,100,,132690,,,1,200,,132691,,,1
9400,'20260416',334,,132692,,,1,200,,132693,,,1,196,,132694,,,1,210,,132695,,,1,200,,132696,,,1,100,,132697,,,1,95,,132698,,,1,95,,132699,,,1,111,,132700,,,1,100,,132701,,,1,100,,132702,,,1,104,,132703,,,1,94,,132704,,,1,95,,132705,,,1,100,,132706,,,1,100,,132707,,,1,100,,132708,,,1,200,,132709,,,1
9400,'20260417',334,,132710,,,1,200,,132711,,,1,196,,132712,,,1,210,,132713,,,1,200,,132714,,,1,100,,132715,,,1,95,,132716,,,1,95,,132717,,,1,111,,132718,,,1,100,,132719,,,1,100,,132720,,,1,104,,132721,,,1,94,,132722,,,1,95,,132723,,,1,100,,132724,,,1,100,,132725,,,1,100,,132726,,,1,200,,132727,,,1
9400,'20260418',334,,132728,,,1,200,,132729,,,1,100,,132730,,,1,100,,132731,,,1,100,,132732,,,1,100,,132733,,,1,100,,132734,,,1,100,,132735,,,1,100,,132736,,,1,95,,132737,,,1,100,,132738,,,1,105,,132739,,,1,100,,132740,,,1,95,,132741,,,1,100,,132742,,,1,105,,132743,,,1,100,,132744,,,1,100,,132745,,,1,100,,132746,,,1,100,,132747,,,1,200,,132748,,,1
9400,'20260419',334,,132749,,,1,200,,132750,,,1,100,,132751,,,1,100,,132752,,,1,100,,132753,,,1,100,,132754,,,1,100,,132755,,,1,100,,132756,,,1,100,,132757,,,1,95,,132758,,,1,100,,132759,,,1,105,,132760,,,1,100,,132761,,,1,95,,132762,,,1,100,,132763,,,1,105,,132764,,,1,100,,132765,,,1,100,,132766,,,1,100,,132767,,,1,100,,132768,,,1,200,,132769,,,1
9400,'20260420',334,,132770,,,1,200,,132771,,,1,196,,132772,,,1,210,,132773,,,1,200,,132774,,,1,100,,132775,,,1,95,,132776,,,1,95,,132777,,,1,111,,132778,,,1,100,,132779,,,1,100,,132780,,,1,104,,132781,,,1,94,,132782,,,1,95,,132783,,,1,100,,132784,,,1,100,,132785,,,1,100,,132786,,,1,200,,132787,,,1
9400,'20260421',334,,132788,,,1,200,,132789,,,1,196,,132790,,,1,210,,132791,,,1,200,,132792,,,1,100,,132793,,,1,95,,132794,,,1,95,,132795,,,1,111,,132796,,,1,100,,132797,,,1,100,,132798,,,1,104,,132799,,,1,94,,132800,,,1,95,,132801,,,1,100,,132802,,,1,100,,132803,,,1,100,,132804,,,1,200,,132805,,,1
9400,'20260422',334,,132806,,,1,200,,132807,,,1,196,,132808,,,1,210,,132809,,,1,200,,132810,,,1,100,,132811,,,1,95,,132812,,,1,95,,132813,,,1,111,,132814,,,1,100,,132815,,,1,100,,132816,,,1,104,,132817,,,1,94,,132818,,,1,95,,132819,,,1,100,,132820,,,1,100,,132821,,,1,100,,132822,,,1,200,,132823,,,1
9400,'20260423',334,,132824,,,1,200,,132825,,,1,196,,132826,,,1,210,,132827,,,1,200,,132828,,,1,100,,132829,,,1,95,,132830,,,1,95,,132831,,,1,111,,132832,,,1,100,,132833,,,1,100,,132834,,,1,104,,132835,,,1,94,,132836,,,1,95,,132837,,,1,100,,132838,,,1,100,,132839,,,1,100,,132840,,,1,200,,132841,,,1
9400,'20260424',334,,132842,,,1,200,,132843,,,1,196,,132844,,,1,210,,132845,,,1,200,,132846,,,1,100,,132847,,,1,95,,132848,,,1,95,,132849,,,1,111,,132850,,,1,100,,132851,,,1,100,,132852,,,1,104,,132853,,,1,94,,132854,,,1,95,,132855,,,1,100,,132856,,,1,100,,132857,,,1,100,,132858,,,1,200,,132859,,,1
