4000,'20260611',725,,96439,15,0,37 42 9,1,97,,96443,15,0,37 42 9,1,105,,96447,15,0,37 42 9,1,178,,96452,15,0,52 49 50 51,1,200,,96456,15,0,52 49 50 51,1,231,,96462,15,0,37 42 9,1,97,,96465,15,0,37 42 9,1,110,,96469,15,0,37 42 9,1,94,,96473,15,0,37 42 9,1,165,,96477,15,0,37 42 9,1
4000,'20260612',725,,96489,15,0,37 42 9,1,97,,96493,15,0,37 42 9,1,105,,96497,15,0,37 42 9,1,178,,96502,15,0,52 49 50 51,1,200,,96506,15,0,52 49 50 51,1,231,,96512,15,0,37 42 9,1,97,,96515,15,0,37 42 9,1,110,,96519,15,0,37 42 9,1,94,,96523,15,0,37 42 9,1,165,,96527,15,0,37 42 9,1
4000,'20260615',725,,176849,15,0,37 42 9,1,97,,176853,15,0,37 42 9,1,105,,176857,15,0,37 42 9,1,178,,176862,15,0,52 49 50 51,1,200,,176866,15,0,52 49 50 51,1,231,,176872,15,0,37 42 9,1,97,,176875,15,0,37 42 9,1,110,,176879,15,0,37 42 9,1,94,,176883,15,0,37 42 9,1,165,,176887,15,0,37 42 9,1
4000,'20260616',725,,176899,15,0,37 42 9,1,97,,176903,15,0,37 42 9,1,105,,176907,15,0,37 42 9,1,178,,176912,15,0,52 49 50 51,1,200,,176916,15,0,52 49 50 51,1,231,,176922,15,0,37 42 9,1,97,,176925,15,0,37 42 9,1,110,,176929,15,0,37 42 9,1,94,,176933,15,0,37 42 9,1,165,,176937,15,0,37 42 9,1
4000,'20260617',725,,176949,15,0,37 42 9,1,97,,176953,15,0,37 42 9,1,105,,176957,15,0,37 42 9,1,178,,176962,15,0,52 49 50 51,1,200,,176966,15,0,52 49 50 51,1,231,,176972,15,0,37 42 9,1,97,,176975,15,0,37 42 9,1,110,,176979,15,0,37 42 9,1,94,,176983,15,0,37 42 9,1,165,,176987,15,0,37 42 9,1
4000,'20260618',725,,176999,15,0,37 42 9,1,97,,177003,15,0,37 42 9,1,105,,177007,15,0,37 42 9,1,178,,177012,15,0,52 49 50 51,1,200,,177016,15,0,52 49 50 51,1,231,,177022,15,0,37 42 9,1,97,,177025,15,0,37 42 9,1,110,,177029,15,0,37 42 9,1,94,,177033,15,0,37 42 9,1,165,,177037,15,0,37 42 9,1
4000,'20260619',725,,177049,15,0,37 42 9,1,97,,177053,15,0,37 42 9,1,105,,177057,15,0,37 42 9,1,178,,177062,15,0,52 49 50 51,1,200,,177066,15,0,52 49 50 51,1,231,,177072,15,0,37 42 9,1,97,,177075,15,0,37 42 9,1,110,,177079,15,0,37 42 9,1,94,,177083,15,0,37 42 9,1,165,,177087,15,0,37 42 9,1
4000,'20260622',725,,177177,15,0,37 42 9,1,97,,177181,15,0,37 42 9,1,105,,177185,15,0,37 42 9,1,178,,177190,15,0,52 49 50 51,1,200,,177194,15,0,52 49 50 51,1,231,,177200,15,0,37 42 9,1,97,,177203,15,0,37 42 9,1,110,,177207,15,0,37 42 9,1,94,,177211,15,0,37 42 9,1,165,,177215,15,0,37 42 9,1
4000,'20260623',725,,177227,15,0,37 42 9,1,97,,177231,15,0,37 42 9,1,105,,177235,15,0,37 42 9,1,178,,177240,15,0,52 49 50 51,1,200,,177244,15,0,52 49 50 51,1,231,,177250,15,0,37 42 9,1,97,,177253,15,0,37 42 9,1,110,,177257,15,0,37 42 9,1,94,,177261,15,0,37 42 9,1,165,,177265,15,0,37 42 9,1
4000,'20260624',725,,177277,15,0,37 42 9,1,97,,177281,15,0,37 42 9,1,105,,177285,15,0,37 42 9,1,178,,177290,15,0,52 49 50 51,1,200,,177294,15,0,52 49 50 51,1,231,,177300,15,0,37 42 9,1,97,,177303,15,0,37 42 9,1,110,,177307,15,0,37 42 9,1,94,,177311,15,0,37 42 9,1,165,,177315,15,0,37 42 9,1
4000,'20260625',725,,177327,15,0,37 42 9,1,97,,177331,15,0,37 42 9,1,105,,177335,15,0,37 42 9,1,178,,177340,15,0,52 49 50 51,1,200,,177344,15,0,52 49 50 51,1,231,,177350,15,0,37 42 9,1,97,,177353,15,0,37 42 9,1,110,,177357,15,0,37 42 9,1,94,,177361,15,0,37 42 9,1,165,,177365,15,0,37 42 9,1
4000,'20260626',725,,177377,15,0,37 42 9,1,97,,177381,15,0,37 42 9,1,105,,177385,15,0,37 42 9,1,178,,177390,15,0,52 49 50 51,1,200,,177394,15,0,52 49 50 51,1,231,,177400,15,0,37 42 9,1,97,,177403,15,0,37 42 9,1,110,,177407,15,0,37 42 9,1,94,,177411,15,0,37 42 9,1,165,,177415,15,0,37 42 9,1
4000,'20260629',725,,177505,15,0,37 42 9,1,97,,177509,15,0,37 42 9,1,105,,177513,15,0,37 42 9,1,178,,177518,15,0,52 49 50 51,1,200,,177522,15,0,52 49 50 51,1,231,,177528,15,0,37 42 9,1,97,,177531,15,0,37 42 9,1,110,,177535,15,0,37 42 9,1,94,,177539,15,0,37 42 9,1,165,,177543,15,0,37 42 9,1
4000,'20260630',725,,177555,15,0,37 42 9,1,97,,177559,15,0,37 42 9,1,105,,177563,15,0,37 42 9,1,178,,177568,15,0,52 49 50 51,1,200,,177572,15,0,52 49 50 51,1,231,,177578,15,0,37 42 9,1,97,,177581,15,0,37 42 9,1,110,,177585,15,0,37 42 9,1,94,,177589,15,0,37 42 9,1,165,,177593,15,0,37 42 9,1
4000,'20260702',725,,177644,15,0,37 42 9,1,97,,177648,15,0,37 42 9,1,105,,177652,15,0,37 42 9,1,178,,177657,15,0,52 49 50 51,1,200,,177661,15,0,52 49 50 51,1,231,,177667,15,0,37 42 9,1,97,,177670,15,0,37 42 9,1,110,,177674,15,0,37 42 9,1,94,,177678,15,0,37 42 9,1,165,,177682,15,0,37 42 9,1
4000,'20260703',725,,177694,15,0,37 42 9,1,97,,177698,15,0,37 42 9,1,105,,177702,15,0,37 42 9,1,178,,177707,15,0,52 49 50 51,1,200,,177711,15,0,52 49 50 51,1,231,,177717,15,0,37 42 9,1,97,,177720,15,0,37 42 9,1,110,,177724,15,0,37 42 9,1,94,,177728,15,0,37 42 9,1,165,,177732,15,0,37 42 9,1
4000,'20260706',725,,177822,15,0,37 42 9,1,97,,177826,15,0,37 42 9,1,105,,177830,15,0,37 42 9,1,178,,177835,15,0,52 49 50 51,1,200,,177839,15,0,52 49 50 51,1,231,,177845,15,0,37 42 9,1,97,,177848,15,0,37 42 9,1,110,,177852,15,0,37 42 9,1,94,,177856,15,0,37 42 9,1,165,,177860,15,0,37 42 9,1
4000,'20260707',725,,177872,15,0,37 42 9,1,97,,177876,15,0,37 42 9,1,105,,177880,15,0,37 42 9,1,178,,177885,15,0,52 49 50 51,1,200,,177889,15,0,52 49 50 51,1,231,,177895,15,0,37 42 9,1,97,,177898,15,0,37 42 9,1,110,,177902,15,0,37 42 9,1,94,,177906,15,0,37 42 9,1,165,,177910,15,0,37 42 9,1
4000,'20260708',725,,177922,15,0,37 42 9,1,97,,177926,15,0,37 42 9,1,105,,177930,15,0,37 42 9,1,178,,177935,15,0,52 49 50 51,1,200,,177939,15,0,52 49 50 51,1,231,,177945,15,0,37 42 9,1,97,,177948,15,0,37 42 9,1,110,,177952,15,0,37 42 9,1,94,,177956,15,0,37 42 9,1,165,,177960,15,0,37 42 9,1
4000,'20260709',725,,177972,15,0,37 42 9,1,97,,177976,15,0,37 42 9,1,105,,177980,15,0,37 42 9,1,178,,177985,15,0,52 49 50 51,1,200,,177989,15,0,52 49 50 51,1,231,,177995,15,0,37 42 9,1,97,,177998,15,0,37 42 9,1,110,,178002,15,0,37 42 9,1,94,,178006,15,0,37 42 9,1,165,,178010,15,0,37 42 9,1
4000,'20260710',725,,178022,15,0,37 42 9,1,97,,178026,15,0,37 42 9,1,105,,178030,15,0,37 42 9,1,178,,178035,15,0,52 49 50 51,1,200,,178039,15,0,52 49 50 51,1,231,,178045,15,0,37 42 9,1,97,,178048,15,0,37 42 9,1,110,,178052,15,0,37 42 9,1,94,,178056,15,0,37 42 9,1,165,,178060,15,0,37 42 9,1
4000,'20260713',725,,178150,15,0,37 42 9,1,97,,178154,15,0,37 42 9,1,105,,178158,15,0,37 42 9,1,178,,178163,15,0,52 49 50 51,1,200,,178167,15,0,52 49 50 51,1,231,,178173,15,0,37 42 9,1,97,,178176,15,0,37 42 9,1,110,,178180,15,0,37 42 9,1,94,,178184,15,0,37 42 9,1,165,,178188,15,0,37 42 9,1
4000,'20260714',725,,178200,15,0,37 42 9,1,97,,178204,15,0,37 42 9,1,105,,178208,15,0,37 42 9,1,178,,178213,15,0,52 49 50 51,1,200,,178217,15,0,52 49 50 51,1,231,,178223,15,0,37 42 9,1,97,,178226,15,0,37 42 9,1,110,,178230,15,0,37 42 9,1,94,,178234,15,0,37 42 9,1,165,,178238,15,0,37 42 9,1
4000,'20260715',725,,178250,15,0,37 42 9,1,97,,178254,15,0,37 42 9,1,105,,178258,15,0,37 42 9,1,178,,178263,15,0,52 49 50 51,1,200,,178267,15,0,52 49 50 51,1,231,,178273,15,0,37 42 9,1,97,,178276,15,0,37 42 9,1,110,,178280,15,0,37 42 9,1,94,,178284,15,0,37 42 9,1,165,,178288,15,0,37 42 9,1
4000,'20260716',725,,178300,15,0,37 42 9,1,97,,178304,15,0,37 42 9,1,105,,178308,15,0,37 42 9,1,178,,178313,15,0,52 49 50 51,1,200,,178317,15,0,52 49 50 51,1,231,,178323,15,0,37 42 9,1,97,,178326,15,0,37 42 9,1,110,,178330,15,0,37 42 9,1,94,,178334,15,0,37 42 9,1,165,,178338,15,0,37 42 9,1
4000,'20260717',725,,178350,15,0,37 42 9,1,97,,178354,15,0,37 42 9,1,105,,178358,15,0,37 42 9,1,178,,178363,15,0,52 49 50 51,1,200,,178367,15,0,52 49 50 51,1,231,,178373,15,0,37 42 9,1,97,,178376,15,0,37 42 9,1,110,,178380,15,0,37 42 9,1,94,,178384,15,0,37 42 9,1,165,,178388,15,0,37 42 9,1
4000,'20260720',725,,178478,15,0,37 42 9,1,97,,178482,15,0,37 42 9,1,105,,178486,15,0,37 42 9,1,178,,178491,15,0,52 49 50 51,1,200,,178495,15,0,52 49 50 51,1,231,,178501,15,0,37 42 9,1,97,,178504,15,0,37 42 9,1,110,,178508,15,0,37 42 9,1,94,,178512,15,0,37 42 9,1,165,,178516,15,0,37 42 9,1
4000,'20260721',725,,178528,15,0,37 42 9,1,97,,178532,15,0,37 42 9,1,105,,178536,15,0,37 42 9,1,178,,178541,15,0,52 49 50 51,1,200,,178545,15,0,52 49 50 51,1,231,,178551,15,0,37 42 9,1,97,,178554,15,0,37 42 9,1,110,,178558,15,0,37 42 9,1,94,,178562,15,0,37 42 9,1,165,,178566,15,0,37 42 9,1
4000,'20260722',725,,178578,15,0,37 42 9,1,97,,178582,15,0,37 42 9,1,105,,178586,15,0,37 42 9,1,178,,178591,15,0,52 49 50 51,1,200,,178595,15,0,52 49 50 51,1,231,,178601,15,0,37 42 9,1,97,,178604,15,0,37 42 9,1,110,,178608,15,0,37 42 9,1,94,,178612,15,0,37 42 9,1,165,,178616,15,0,37 42 9,1
4000,'20260723',725,,178628,15,0,37 42 9,1,97,,178632,15,0,37 42 9,1,105,,178636,15,0,37 42 9,1,178,,178641,15,0,52 49 50 51,1,200,,178645,15,0,52 49 50 51,1,231,,178651,15,0,37 42 9,1,97,,178654,15,0,37 42 9,1,110,,178658,15,0,37 42 9,1,94,,178662,15,0,37 42 9,1,165,,178666,15,0,37 42 9,1
4000,'20260724',725,,178678,15,0,37 42 9,1,97,,178682,15,0,37 42 9,1,105,,178686,15,0,37 42 9,1,178,,178691,15,0,52 49 50 51,1,200,,178695,15,0,52 49 50 51,1,231,,178701,15,0,37 42 9,1,97,,178704,15,0,37 42 9,1,110,,178708,15,0,37 42 9,1,94,,178712,15,0,37 42 9,1,165,,178716,15,0,37 42 9,1
4000,'20260727',725,,178806,15,0,37 42 9,1,97,,178810,15,0,37 42 9,1,105,,178814,15,0,37 42 9,1,178,,178819,15,0,52 49 50 51,1,200,,178823,15,0,52 49 50 51,1,231,,178829,15,0,37 42 9,1,97,,178832,15,0,37 42 9,1,110,,178836,15,0,37 42 9,1,94,,178840,15,0,37 42 9,1,165,,178844,15,0,37 42 9,1
4000,'20260728',725,,178856,15,0,37 42 9,1,97,,178860,15,0,37 42 9,1,105,,178864,15,0,37 42 9,1,178,,178869,15,0,52 49 50 51,1,200,,178873,15,0,52 49 50 51,1,231,,178879,15,0,37 42 9,1,97,,178882,15,0,37 42 9,1,110,,178886,15,0,37 42 9,1,94,,178890,15,0,37 42 9,1,165,,178894,15,0,37 42 9,1
4000,'20260729',725,,178906,15,0,37 42 9,1,97,,178910,15,0,37 42 9,1,105,,178914,15,0,37 42 9,1,178,,178919,15,0,52 49 50 51,1,200,,178923,15,0,52 49 50 51,1,231,,178929,15,0,37 42 9,1,97,,178932,15,0,37 42 9,1,110,,178936,15,0,37 42 9,1,94,,178940,15,0,37 42 9,1,165,,178944,15,0,37 42 9,1
4000,'20260730',725,,178956,15,0,37 42 9,1,97,,178960,15,0,37 42 9,1,105,,178964,15,0,37 42 9,1,178,,178969,15,0,52 49 50 51,1,200,,178973,15,0,52 49 50 51,1,231,,178979,15,0,37 42 9,1,97,,178982,15,0,37 42 9,1,110,,178986,15,0,37 42 9,1,94,,178990,15,0,37 42 9,1,165,,178994,15,0,37 42 9,1
4000,'20260731',725,,179006,15,0,37 42 9,1,97,,179010,15,0,37 42 9,1,105,,179014,15,0,37 42 9,1,178,,179019,15,0,52 49 50 51,1,200,,179023,15,0,52 49 50 51,1,231,,179029,15,0,37 42 9,1,97,,179032,15,0,37 42 9,1,110,,179036,15,0,37 42 9,1,94,,179040,15,0,37 42 9,1,165,,179044,15,0,37 42 9,1
4000,'20260804',725,,179173,15,0,37 42 9,1,97,,179177,15,0,37 42 9,1,105,,179181,15,0,37 42 9,1,178,,179186,15,0,52 49 50 51,1,200,,179190,15,0,52 49 50 51,1,231,,179196,15,0,37 42 9,1,97,,179199,15,0,37 42 9,1,110,,179203,15,0,37 42 9,1,94,,179207,15,0,37 42 9,1,165,,179211,15,0,37 42 9,1
4000,'20260805',725,,179223,15,0,37 42 9,1,97,,179227,15,0,37 42 9,1,105,,179231,15,0,37 42 9,1,178,,179236,15,0,52 49 50 51,1,200,,179240,15,0,52 49 50 51,1,231,,179246,15,0,37 42 9,1,97,,179249,15,0,37 42 9,1,110,,179253,15,0,37 42 9,1,94,,179257,15,0,37 42 9,1,165,,179261,15,0,37 42 9,1
4000,'20260806',725,,179273,15,0,37 42 9,1,97,,179277,15,0,37 42 9,1,105,,179281,15,0,37 42 9,1,178,,179286,15,0,52 49 50 51,1,200,,179290,15,0,52 49 50 51,1,231,,179296,15,0,37 42 9,1,97,,179299,15,0,37 42 9,1,110,,179303,15,0,37 42 9,1,94,,179307,15,0,37 42 9,1,165,,179311,15,0,37 42 9,1
4000,'20260807',725,,179323,15,0,37 42 9,1,97,,179327,15,0,37 42 9,1,105,,179331,15,0,37 42 9,1,178,,179336,15,0,52 49 50 51,1,200,,179340,15,0,52 49 50 51,1,231,,179346,15,0,37 42 9,1,97,,179349,15,0,37 42 9,1,110,,179353,15,0,37 42 9,1,94,,179357,15,0,37 42 9,1,165,,179361,15,0,37 42 9,1
4000,'20260810',725,,179451,15,0,37 42 9,1,97,,179455,15,0,37 42 9,1,105,,179459,15,0,37 42 9,1,178,,179464,15,0,52 49 50 51,1,200,,179468,15,0,52 49 50 51,1,231,,179474,15,0,37 42 9,1,97,,179477,15,0,37 42 9,1,110,,179481,15,0,37 42 9,1,94,,179485,15,0,37 42 9,1,165,,179489,15,0,37 42 9,1
4000,'20260811',725,,179501,15,0,37 42 9,1,97,,179505,15,0,37 42 9,1,105,,179509,15,0,37 42 9,1,178,,179514,15,0,52 49 50 51,1,200,,179518,15,0,52 49 50 51,1,231,,179524,15,0,37 42 9,1,97,,179527,15,0,37 42 9,1,110,,179531,15,0,37 42 9,1,94,,179535,15,0,37 42 9,1,165,,179539,15,0,37 42 9,1
4000,'20260812',725,,179551,15,0,37 42 9,1,97,,179555,15,0,37 42 9,1,105,,179559,15,0,37 42 9,1,178,,179564,15,0,52 49 50 51,1,200,,179568,15,0,52 49 50 51,1,231,,179574,15,0,37 42 9,1,97,,179577,15,0,37 42 9,1,110,,179581,15,0,37 42 9,1,94,,179585,15,0,37 42 9,1,165,,179589,15,0,37 42 9,1
4000,'20260813',725,,179601,15,0,37 42 9,1,97,,179605,15,0,37 42 9,1,105,,179609,15,0,37 42 9,1,178,,179614,15,0,52 49 50 51,1,200,,179618,15,0,52 49 50 51,1,231,,179624,15,0,37 42 9,1,97,,179627,15,0,37 42 9,1,110,,179631,15,0,37 42 9,1,94,,179635,15,0,37 42 9,1,165,,179639,15,0,37 42 9,1
4000,'20260814',725,,179651,15,0,37 42 9,1,97,,179655,15,0,37 42 9,1,105,,179659,15,0,37 42 9,1,178,,179664,15,0,52 49 50 51,1,200,,179668,15,0,52 49 50 51,1,231,,179674,15,0,37 42 9,1,97,,179677,15,0,37 42 9,1,110,,179681,15,0,37 42 9,1,94,,179685,15,0,37 42 9,1,165,,179689,15,0,37 42 9,1
4000,'20260817',725,,179779,15,0,37 42 9,1,97,,179783,15,0,37 42 9,1,105,,179787,15,0,37 42 9,1,178,,179792,15,0,52 49 50 51,1,200,,179796,15,0,52 49 50 51,1,231,,179802,15,0,37 42 9,1,97,,179805,15,0,37 42 9,1,110,,179809,15,0,37 42 9,1,94,,179813,15,0,37 42 9,1,165,,179817,15,0,37 42 9,1
4000,'20260818',725,,179829,15,0,37 42 9,1,97,,179833,15,0,37 42 9,1,105,,179837,15,0,37 42 9,1,178,,179842,15,0,52 49 50 51,1,200,,179846,15,0,52 49 50 51,1,231,,179852,15,0,37 42 9,1,97,,179855,15,0,37 42 9,1,110,,179859,15,0,37 42 9,1,94,,179863,15,0,37 42 9,1,165,,179867,15,0,37 42 9,1
4000,'20260819',725,,179879,15,0,37 42 9,1,97,,179883,15,0,37 42 9,1,105,,179887,15,0,37 42 9,1,178,,179892,15,0,52 49 50 51,1,200,,179896,15,0,52 49 50 51,1,231,,179902,15,0,37 42 9,1,97,,179905,15,0,37 42 9,1,110,,179909,15,0,37 42 9,1,94,,179913,15,0,37 42 9,1,165,,179917,15,0,37 42 9,1
4000,'20260820',725,,179929,15,0,37 42 9,1,97,,179933,15,0,37 42 9,1,105,,179937,15,0,37 42 9,1,178,,179942,15,0,52 49 50 51,1,200,,179946,15,0,52 49 50 51,1,231,,179952,15,0,37 42 9,1,97,,179955,15,0,37 42 9,1,110,,179959,15,0,37 42 9,1,94,,179963,15,0,37 42 9,1,165,,179967,15,0,37 42 9,1
4000,'20260821',725,,179979,15,0,37 42 9,1,97,,179983,15,0,37 42 9,1,105,,179987,15,0,37 42 9,1,178,,179992,15,0,52 49 50 51,1,200,,179996,15,0,52 49 50 51,1,231,,180002,15,0,37 42 9,1,97,,180005,15,0,37 42 9,1,110,,180009,15,0,37 42 9,1,94,,180013,15,0,37 42 9,1,165,,180017,15,0,37 42 9,1
4000,'20260824',725,,180107,15,0,37 42 9,1,97,,180111,15,0,37 42 9,1,105,,180115,15,0,37 42 9,1,178,,180120,15,0,52 49 50 51,1,200,,180124,15,0,52 49 50 51,1,231,,180130,15,0,37 42 9,1,97,,180133,15,0,37 42 9,1,110,,180137,15,0,37 42 9,1,94,,180141,15,0,37 42 9,1,165,,180145,15,0,37 42 9,1
4000,'20260825',725,,180157,15,0,37 42 9,1,97,,180161,15,0,37 42 9,1,105,,180165,15,0,37 42 9,1,178,,180170,15,0,52 49 50 51,1,200,,180174,15,0,52 49 50 51,1,231,,180180,15,0,37 42 9,1,97,,180183,15,0,37 42 9,1,110,,180187,15,0,37 42 9,1,94,,180191,15,0,37 42 9,1,165,,180195,15,0,37 42 9,1
4000,'20260826',725,,180207,15,0,37 42 9,1,97,,180211,15,0,37 42 9,1,105,,180215,15,0,37 42 9,1,178,,180220,15,0,52 49 50 51,1,200,,180224,15,0,52 49 50 51,1,231,,180230,15,0,37 42 9,1,97,,180233,15,0,37 42 9,1,110,,180237,15,0,37 42 9,1,94,,180241,15,0,37 42 9,1,165,,180245,15,0,37 42 9,1
4000,'20260827',725,,180257,15,0,37 42 9,1,97,,180261,15,0,37 42 9,1,105,,180265,15,0,37 42 9,1,178,,180270,15,0,52 49 50 51,1,200,,180274,15,0,52 49 50 51,1,231,,180280,15,0,37 42 9,1,97,,180283,15,0,37 42 9,1,110,,180287,15,0,37 42 9,1,94,,180291,15,0,37 42 9,1,165,,180295,15,0,37 42 9,1
4000,'20260828',725,,180307,15,0,37 42 9,1,97,,180311,15,0,37 42 9,1,105,,180315,15,0,37 42 9,1,178,,180320,15,0,52 49 50 51,1,200,,180324,15,0,52 49 50 51,1,231,,180330,15,0,37 42 9,1,97,,180333,15,0,37 42 9,1,110,,180337,15,0,37 42 9,1,94,,180341,15,0,37 42 9,1,165,,180345,15,0,37 42 9,1
4000,'20260831',725,,180435,15,0,37 42 9,1,97,,180439,15,0,37 42 9,1,105,,180443,15,0,37 42 9,1,178,,180448,15,0,52 49 50 51,1,200,,180452,15,0,52 49 50 51,1,231,,180458,15,0,37 42 9,1,97,,180461,15,0,37 42 9,1,110,,180465,15,0,37 42 9,1,94,,180469,15,0,37 42 9,1,165,,180473,15,0,37 42 9,1
4000,'20260901',725,,180485,15,0,37 42 9,1,97,,180489,15,0,37 42 9,1,105,,180493,15,0,37 42 9,1,178,,180498,15,0,52 49 50 51,1,200,,180502,15,0,52 49 50 51,1,231,,180508,15,0,37 42 9,1,97,,180511,15,0,37 42 9,1,110,,180515,15,0,37 42 9,1,94,,180519,15,0,37 42 9,1,165,,180523,15,0,37 42 9,1
4000,'20260902',725,,180535,15,0,37 42 9,1,97,,180539,15,0,37 42 9,1,105,,180543,15,0,37 42 9,1,178,,180548,15,0,52 49 50 51,1,200,,180552,15,0,52 49 50 51,1,231,,180558,15,0,37 42 9,1,97,,180561,15,0,37 42 9,1,110,,180565,15,0,37 42 9,1,94,,180569,15,0,37 42 9,1,165,,180573,15,0,37 42 9,1
4000,'20260903',725,,180585,15,0,37 42 9,1,97,,180589,15,0,37 42 9,1,105,,180593,15,0,37 42 9,1,178,,180598,15,0,52 49 50 51,1,200,,180602,15,0,52 49 50 51,1,231,,180608,15,0,37 42 9,1,97,,180611,15,0,37 42 9,1,110,,180615,15,0,37 42 9,1,94,,180619,15,0,37 42 9,1,165,,180623,15,0,37 42 9,1
4000,'20260904',725,,180635,15,0,37 42 9,1,97,,180639,15,0,37 42 9,1,105,,180643,15,0,37 42 9,1,178,,180648,15,0,52 49 50 51,1,200,,180652,15,0,52 49 50 51,1,231,,180658,15,0,37 42 9,1,97,,180661,15,0,37 42 9,1,110,,180665,15,0,37 42 9,1,94,,180669,15,0,37 42 9,1,165,,180673,15,0,37 42 9,1
