8801,'20260529',552,,113436,23,0,5 11 12 9,1,180,,113437,23,,,1,121,,113438,23,0,5 11 12 9,1,249,,113439,23,,,1,100,,113440,23,,,1,200,,113441,23,,,1,200,,113442,23,,,1,200,,113443,23,,,1,205,,113444,23,,,1,105,,113445,23,,,1,195,,113446,23,,,1
8801,'20260530',707,,113447,23,,,1,200,,113448,23,,,1,195,,113449,23,,,1,230,,113451,23,,,1,302,,113453,23,,,1,300,,113455,23,,,1,170,,113456,23,,,1,203,,113457,23,,,1
8801,'20260531',707,,113458,23,,,1,200,,113459,23,,,1,195,,113460,23,,,1,230,,113462,23,,,1,302,,113464,23,,,1,300,,113466,23,,,1,170,,113467,23,,,1,203,,113468,23,,,1
8801,'20260601',552,,113469,23,0,5 11 12 9,1,180,,113470,23,,,1,121,,113471,23,0,5 11 12 9,1,249,,113472,23,,,1,100,,113473,23,,,1,200,,113474,23,,,1,200,,113475,23,,,1,200,,113476,23,,,1,205,,113477,23,,,1,105,,113478,23,,,1,195,,113479,23,,,1
8801,'20260602',552,,113480,23,0,5 11 12 9,1,180,,113481,23,,,1,121,,113482,23,0,5 11 12 9,1,249,,113483,23,,,1,100,,113484,23,,,1,200,,113485,23,,,1,200,,113486,23,,,1,200,,113487,23,,,1,205,,113488,23,,,1,105,,113489,23,,,1,195,,113490,23,,,1
8801,'20260603',552,,113491,23,0,5 11 12 9,1,180,,113492,23,,,1,121,,113493,23,0,5 11 12 9,1,249,,113494,23,,,1,100,,113495,23,,,1,200,,113496,23,,,1,200,,113497,23,,,1,200,,113498,23,,,1,205,,113499,23,,,1,105,,113500,23,,,1,195,,113501,23,,,1
8801,'20260604',552,,113502,23,0,5 11 12 9,1,180,,113503,23,,,1,121,,113504,23,0,5 11 12 9,1,249,,113505,23,,,1,100,,113506,23,,,1,200,,113507,23,,,1,200,,113508,23,,,1,200,,113509,23,,,1,205,,113510,23,,,1,105,,113511,23,,,1,195,,113512,23,,,1
8801,'20260605',552,,113513,23,0,5 11 12 9,1,180,,113514,23,,,1,121,,113515,23,0,5 11 12 9,1,249,,113516,23,,,1,100,,113517,23,,,1,200,,113518,23,,,1,200,,113519,23,,,1,200,,113520,23,,,1,205,,113521,23,,,1,105,,113522,23,,,1,195,,113523,23,,,1
8801,'20260606',707,,113524,23,,,1,200,,113525,23,,,1,195,,113526,23,,,1,230,,113528,23,,,1,302,,113530,23,,,1,300,,113532,23,,,1,170,,113533,23,,,1,203,,113534,23,,,1
8801,'20260607',707,,113535,23,,,1,200,,113536,23,,,1,195,,113537,23,,,1,230,,113539,23,,,1,302,,113541,23,,,1,300,,113543,23,,,1,170,,113544,23,,,1,203,,113545,23,,,1
8801,'20260608',552,,113546,23,0,5 11 12 9,1,180,,113547,23,,,1,121,,113548,23,0,5 11 12 9,1,249,,113549,23,,,1,100,,113550,23,,,1,200,,113551,23,,,1,200,,113552,23,,,1,200,,113553,23,,,1,205,,113554,23,,,1,105,,113555,23,,,1,195,,113556,23,,,1
8801,'20260609',552,,113557,23,0,5 11 12 9,1,180,,113558,23,,,1,121,,113559,23,0,5 11 12 9,1,249,,113560,23,,,1,100,,113561,23,,,1,200,,113562,23,,,1,200,,113563,23,,,1,200,,113564,23,,,1,205,,113565,23,,,1,105,,113566,23,,,1,195,,113567,23,,,1
8801,'20260610',552,,113568,23,0,5 11 12 9,1,180,,113569,23,,,1,121,,113570,23,0,5 11 12 9,1,249,,113571,23,,,1,100,,113572,23,,,1,200,,113573,23,,,1,200,,113574,23,,,1,200,,113575,23,,,1,205,,113576,23,,,1,105,,113577,23,,,1,195,,113578,23,,,1
8801,'20260611',552,,113579,23,0,5 11 12 9,1,180,,113580,23,,,1,121,,113581,23,0,5 11 12 9,1,249,,113582,23,,,1,100,,113583,23,,,1,200,,113584,23,,,1,200,,113585,23,,,1,200,,113586,23,,,1,205,,113587,23,,,1,105,,113588,23,,,1,195,,113589,23,,,1
8801,'20260612',552,,113590,23,0,5 11 12 9,1,180,,113591,23,,,1,121,,113592,23,0,5 11 12 9,1,249,,113593,23,,,1,100,,113594,23,,,1,200,,113595,23,,,1,200,,113596,23,,,1,200,,113597,23,,,1,205,,113598,23,,,1,105,,113599,23,,,1,195,,113600,23,,,1
8801,'20260613',707,,208699,23,,,1,200,,208700,23,,,1,195,,208701,23,,,1,230,,208703,23,,,1,302,,208705,23,,,1,300,,208707,23,,,1,170,,208708,23,,,1,203,,208709,23,,,1
8801,'20260614',707,,208710,23,,,1,200,,208711,23,,,1,195,,208712,23,,,1,230,,208714,23,,,1,302,,208716,23,,,1,300,,208718,23,,,1,170,,208719,23,,,1,203,,208720,23,,,1
8801,'20260615',552,,208721,23,0,5 11 12 9,1,180,,208722,23,,,1,121,,208723,23,0,5 11 12 9,1,249,,208724,23,,,1,100,,208725,23,,,1,200,,208726,23,,,1,200,,208727,23,,,1,200,,208728,23,,,1,205,,208729,23,,,1,105,,208730,23,,,1,195,,208731,23,,,1
8801,'20260616',552,,208732,23,0,5 11 12 9,1,180,,208733,23,,,1,121,,208734,23,0,5 11 12 9,1,249,,208735,23,,,1,100,,208736,23,,,1,200,,208737,23,,,1,200,,208738,23,,,1,200,,208739,23,,,1,205,,208740,23,,,1,105,,208741,23,,,1,195,,208742,23,,,1
8801,'20260617',552,,208743,23,0,5 11 12 9,1,180,,208744,23,,,1,121,,208745,23,0,5 11 12 9,1,249,,208746,23,,,1,100,,208747,23,,,1,200,,208748,23,,,1,200,,208749,23,,,1,200,,208750,23,,,1,205,,208751,23,,,1,105,,208752,23,,,1,195,,208753,23,,,1
8801,'20260618',552,,208754,23,0,5 11 12 9,1,180,,208755,23,,,1,121,,208756,23,0,5 11 12 9,1,249,,208757,23,,,1,100,,208758,23,,,1,200,,208759,23,,,1,200,,208760,23,,,1,200,,208761,23,,,1,205,,208762,23,,,1,105,,208763,23,,,1,195,,208764,23,,,1
8801,'20260619',552,,208765,23,0,5 11 12 9,1,180,,208766,23,,,1,121,,208767,23,0,5 11 12 9,1,249,,208768,23,,,1,100,,208769,23,,,1,200,,208770,23,,,1,200,,208771,23,,,1,200,,208772,23,,,1,205,,208773,23,,,1,105,,208774,23,,,1,195,,208775,23,,,1
8801,'20260620',707,,208776,23,,,1,200,,208777,23,,,1,195,,208778,23,,,1,230,,208780,23,,,1,302,,208782,23,,,1,300,,208784,23,,,1,170,,208785,23,,,1,203,,208786,23,,,1
8801,'20260621',707,,208787,23,,,1,200,,208788,23,,,1,195,,208789,23,,,1,230,,208791,23,,,1,302,,208793,23,,,1,300,,208795,23,,,1,170,,208796,23,,,1,203,,208797,23,,,1
8801,'20260622',552,,208798,23,0,5 11 12 9,1,180,,208799,23,,,1,121,,208800,23,0,5 11 12 9,1,249,,208801,23,,,1,100,,208802,23,,,1,200,,208803,23,,,1,200,,208804,23,,,1,200,,208805,23,,,1,205,,208806,23,,,1,105,,208807,23,,,1,195,,208808,23,,,1
8801,'20260623',552,,208809,23,0,5 11 12 9,1,180,,208810,23,,,1,121,,208811,23,0,5 11 12 9,1,249,,208812,23,,,1,100,,208813,23,,,1,200,,208814,23,,,1,200,,208815,23,,,1,200,,208816,23,,,1,205,,208817,23,,,1,105,,208818,23,,,1,195,,208819,23,,,1
8801,'20260624',552,,208820,23,0,5 11 12 9,1,180,,208821,23,,,1,121,,208822,23,0,5 11 12 9,1,249,,208823,23,,,1,100,,208824,23,,,1,200,,208825,23,,,1,200,,208826,23,,,1,200,,208827,23,,,1,205,,208828,23,,,1,105,,208829,23,,,1,195,,208830,23,,,1
8801,'20260625',552,,208831,23,0,5 11 12 9,1,180,,208832,23,,,1,121,,208833,23,0,5 11 12 9,1,249,,208834,23,,,1,100,,208835,23,,,1,200,,208836,23,,,1,200,,208837,23,,,1,200,,208838,23,,,1,205,,208839,23,,,1,105,,208840,23,,,1,195,,208841,23,,,1
8801,'20260626',552,,208842,23,0,5 11 12 9,1,180,,208843,23,,,1,121,,208844,23,0,5 11 12 9,1,249,,208845,23,,,1,100,,208846,23,,,1,200,,208847,23,,,1,200,,208848,23,,,1,200,,208849,23,,,1,205,,208850,23,,,1,105,,208851,23,,,1,195,,208852,23,,,1
8801,'20260627',707,,208853,23,,,1,200,,208854,23,,,1,195,,208855,23,,,1,230,,208857,23,,,1,302,,208859,23,,,1,300,,208861,23,,,1,170,,208862,23,,,1,203,,208863,23,,,1
8801,'20260628',707,,208864,23,,,1,200,,208865,23,,,1,195,,208866,23,,,1,230,,208868,23,,,1,302,,208870,23,,,1,300,,208872,23,,,1,170,,208873,23,,,1,203,,208874,23,,,1
8801,'20260629',552,,208875,23,0,5 11 12 9,1,180,,208876,23,,,1,121,,208877,23,0,5 11 12 9,1,249,,208878,23,,,1,100,,208879,23,,,1,200,,208880,23,,,1,200,,208881,23,,,1,200,,208882,23,,,1,205,,208883,23,,,1,105,,208884,23,,,1,195,,208885,23,,,1
8801,'20260630',552,,208886,23,0,5 11 12 9,1,180,,208887,23,,,1,121,,208888,23,0,5 11 12 9,1,249,,208889,23,,,1,100,,208890,23,,,1,200,,208891,23,,,1,200,,208892,23,,,1,200,,208893,23,,,1,205,,208894,23,,,1,105,,208895,23,,,1,195,,208896,23,,,1
8801,'20260701',707,,208897,23,,,1,200,,208898,23,,,1,195,,208899,23,,,1,230,,208901,23,,,1,302,,208903,23,,,1,300,,208905,23,,,1,170,,208906,23,,,1,203,,208907,23,,,1
8801,'20260702',552,,208908,23,0,5 11 12 9,1,180,,208909,23,,,1,121,,208910,23,0,5 11 12 9,1,249,,208911,23,,,1,100,,208912,23,,,1,200,,208913,23,,,1,200,,208914,23,,,1,200,,208915,23,,,1,205,,208916,23,,,1,105,,208917,23,,,1,195,,208918,23,,,1
8801,'20260703',552,,208919,23,0,5 11 12 9,1,180,,208920,23,,,1,121,,208921,23,0,5 11 12 9,1,249,,208922,23,,,1,100,,208923,23,,,1,200,,208924,23,,,1,200,,208925,23,,,1,200,,208926,23,,,1,205,,208927,23,,,1,105,,208928,23,,,1,195,,208929,23,,,1
8801,'20260704',707,,208930,23,,,1,200,,208931,23,,,1,195,,208932,23,,,1,230,,208934,23,,,1,302,,208936,23,,,1,300,,208938,23,,,1,170,,208939,23,,,1,203,,208940,23,,,1
8801,'20260705',707,,208941,23,,,1,200,,208942,23,,,1,195,,208943,23,,,1,230,,208945,23,,,1,302,,208947,23,,,1,300,,208949,23,,,1,170,,208950,23,,,1,203,,208951,23,,,1
8801,'20260706',552,,208952,23,0,5 11 12 9,1,180,,208953,23,,,1,121,,208954,23,0,5 11 12 9,1,249,,208955,23,,,1,100,,208956,23,,,1,200,,208957,23,,,1,200,,208958,23,,,1,200,,208959,23,,,1,205,,208960,23,,,1,105,,208961,23,,,1,195,,208962,23,,,1
8801,'20260707',552,,208963,23,0,5 11 12 9,1,180,,208964,23,,,1,121,,208965,23,0,5 11 12 9,1,249,,208966,23,,,1,100,,208967,23,,,1,200,,208968,23,,,1,200,,208969,23,,,1,200,,208970,23,,,1,205,,208971,23,,,1,105,,208972,23,,,1,195,,208973,23,,,1
8801,'20260708',552,,208974,23,0,5 11 12 9,1,180,,208975,23,,,1,121,,208976,23,0,5 11 12 9,1,249,,208977,23,,,1,100,,208978,23,,,1,200,,208979,23,,,1,200,,208980,23,,,1,200,,208981,23,,,1,205,,208982,23,,,1,105,,208983,23,,,1,195,,208984,23,,,1
8801,'20260709',552,,208985,23,0,5 11 12 9,1,180,,208986,23,,,1,121,,208987,23,0,5 11 12 9,1,249,,208988,23,,,1,100,,208989,23,,,1,200,,208990,23,,,1,200,,208991,23,,,1,200,,208992,23,,,1,205,,208993,23,,,1,105,,208994,23,,,1,195,,208995,23,,,1
8801,'20260710',552,,208996,23,0,5 11 12 9,1,180,,208997,23,,,1,121,,208998,23,0,5 11 12 9,1,249,,208999,23,,,1,100,,209000,23,,,1,200,,209001,23,,,1,200,,209002,23,,,1,200,,209003,23,,,1,205,,209004,23,,,1,105,,209005,23,,,1,195,,209006,23,,,1
8801,'20260711',707,,209007,23,,,1,200,,209008,23,,,1,195,,209009,23,,,1,230,,209011,23,,,1,302,,209013,23,,,1,300,,209015,23,,,1,170,,209016,23,,,1,203,,209017,23,,,1
8801,'20260712',707,,209018,23,,,1,200,,209019,23,,,1,195,,209020,23,,,1,230,,209022,23,,,1,302,,209024,23,,,1,300,,209026,23,,,1,170,,209027,23,,,1,203,,209028,23,,,1
8801,'20260713',552,,209029,23,0,5 11 12 9,1,180,,209030,23,,,1,121,,209031,23,0,5 11 12 9,1,249,,209032,23,,,1,100,,209033,23,,,1,200,,209034,23,,,1,200,,209035,23,,,1,200,,209036,23,,,1,205,,209037,23,,,1,105,,209038,23,,,1,195,,209039,23,,,1
8801,'20260714',552,,209040,23,0,5 11 12 9,1,180,,209041,23,,,1,121,,209042,23,0,5 11 12 9,1,249,,209043,23,,,1,100,,209044,23,,,1,200,,209045,23,,,1,200,,209046,23,,,1,200,,209047,23,,,1,205,,209048,23,,,1,105,,209049,23,,,1,195,,209050,23,,,1
8801,'20260715',552,,209051,23,0,5 11 12 9,1,180,,209052,23,,,1,121,,209053,23,0,5 11 12 9,1,249,,209054,23,,,1,100,,209055,23,,,1,200,,209056,23,,,1,200,,209057,23,,,1,200,,209058,23,,,1,205,,209059,23,,,1,105,,209060,23,,,1,195,,209061,23,,,1
8801,'20260716',552,,209062,23,0,5 11 12 9,1,180,,209063,23,,,1,121,,209064,23,0,5 11 12 9,1,249,,209065,23,,,1,100,,209066,23,,,1,200,,209067,23,,,1,200,,209068,23,,,1,200,,209069,23,,,1,205,,209070,23,,,1,105,,209071,23,,,1,195,,209072,23,,,1
8801,'20260717',552,,209073,23,0,5 11 12 9,1,180,,209074,23,,,1,121,,209075,23,0,5 11 12 9,1,249,,209076,23,,,1,100,,209077,23,,,1,200,,209078,23,,,1,200,,209079,23,,,1,200,,209080,23,,,1,205,,209081,23,,,1,105,,209082,23,,,1,195,,209083,23,,,1
8801,'20260718',707,,209084,23,,,1,200,,209085,23,,,1,195,,209086,23,,,1,230,,209088,23,,,1,302,,209090,23,,,1,300,,209092,23,,,1,170,,209093,23,,,1,203,,209094,23,,,1
8801,'20260719',707,,209095,23,,,1,200,,209096,23,,,1,195,,209097,23,,,1,230,,209099,23,,,1,302,,209101,23,,,1,300,,209103,23,,,1,170,,209104,23,,,1,203,,209105,23,,,1
8801,'20260720',552,,209106,23,0,5 11 12 9,1,180,,209107,23,,,1,121,,209108,23,0,5 11 12 9,1,249,,209109,23,,,1,100,,209110,23,,,1,200,,209111,23,,,1,200,,209112,23,,,1,200,,209113,23,,,1,205,,209114,23,,,1,105,,209115,23,,,1,195,,209116,23,,,1
8801,'20260721',552,,209117,23,0,5 11 12 9,1,180,,209118,23,,,1,121,,209119,23,0,5 11 12 9,1,249,,209120,23,,,1,100,,209121,23,,,1,200,,209122,23,,,1,200,,209123,23,,,1,200,,209124,23,,,1,205,,209125,23,,,1,105,,209126,23,,,1,195,,209127,23,,,1
8801,'20260722',552,,209128,23,0,5 11 12 9,1,180,,209129,23,,,1,121,,209130,23,0,5 11 12 9,1,249,,209131,23,,,1,100,,209132,23,,,1,200,,209133,23,,,1,200,,209134,23,,,1,200,,209135,23,,,1,205,,209136,23,,,1,105,,209137,23,,,1,195,,209138,23,,,1
8801,'20260723',552,,209139,23,0,5 11 12 9,1,180,,209140,23,,,1,121,,209141,23,0,5 11 12 9,1,249,,209142,23,,,1,100,,209143,23,,,1,200,,209144,23,,,1,200,,209145,23,,,1,200,,209146,23,,,1,205,,209147,23,,,1,105,,209148,23,,,1,195,,209149,23,,,1
8801,'20260724',552,,209150,23,0,5 11 12 9,1,180,,209151,23,,,1,121,,209152,23,0,5 11 12 9,1,249,,209153,23,,,1,100,,209154,23,,,1,200,,209155,23,,,1,200,,209156,23,,,1,200,,209157,23,,,1,205,,209158,23,,,1,105,,209159,23,,,1,195,,209160,23,,,1
8801,'20260725',707,,209161,23,,,1,200,,209162,23,,,1,195,,209163,23,,,1,230,,209165,23,,,1,302,,209167,23,,,1,300,,209169,23,,,1,170,,209170,23,,,1,203,,209171,23,,,1
8801,'20260726',707,,209172,23,,,1,200,,209173,23,,,1,195,,209174,23,,,1,230,,209176,23,,,1,302,,209178,23,,,1,300,,209180,23,,,1,170,,209181,23,,,1,203,,209182,23,,,1
8801,'20260727',552,,209183,23,0,5 11 12 9,1,180,,209184,23,,,1,121,,209185,23,0,5 11 12 9,1,249,,209186,23,,,1,100,,209187,23,,,1,200,,209188,23,,,1,200,,209189,23,,,1,200,,209190,23,,,1,205,,209191,23,,,1,105,,209192,23,,,1,195,,209193,23,,,1
8801,'20260728',552,,209194,23,0,5 11 12 9,1,180,,209195,23,,,1,121,,209196,23,0,5 11 12 9,1,249,,209197,23,,,1,100,,209198,23,,,1,200,,209199,23,,,1,200,,209200,23,,,1,200,,209201,23,,,1,205,,209202,23,,,1,105,,209203,23,,,1,195,,209204,23,,,1
8801,'20260729',552,,209205,23,0,5 11 12 9,1,180,,209206,23,,,1,121,,209207,23,0,5 11 12 9,1,249,,209208,23,,,1,100,,209209,23,,,1,200,,209210,23,,,1,200,,209211,23,,,1,200,,209212,23,,,1,205,,209213,23,,,1,105,,209214,23,,,1,195,,209215,23,,,1
8801,'20260730',552,,209216,23,0,5 11 12 9,1,180,,209217,23,,,1,121,,209218,23,0,5 11 12 9,1,249,,209219,23,,,1,100,,209220,23,,,1,200,,209221,23,,,1,200,,209222,23,,,1,200,,209223,23,,,1,205,,209224,23,,,1,105,,209225,23,,,1,195,,209226,23,,,1
8801,'20260731',552,,209227,23,0,5 11 12 9,1,180,,209228,23,,,1,121,,209229,23,0,5 11 12 9,1,249,,209230,23,,,1,100,,209231,23,,,1,200,,209232,23,,,1,200,,209233,23,,,1,200,,209234,23,,,1,205,,209235,23,,,1,105,,209236,23,,,1,195,,209237,23,,,1
8801,'20260801',707,,209238,23,,,1,200,,209239,23,,,1,195,,209240,23,,,1,230,,209242,23,,,1,302,,209244,23,,,1,300,,209246,23,,,1,170,,209247,23,,,1,203,,209248,23,,,1
8801,'20260802',707,,209249,23,,,1,200,,209250,23,,,1,195,,209251,23,,,1,230,,209253,23,,,1,302,,209255,23,,,1,300,,209257,23,,,1,170,,209258,23,,,1,203,,209259,23,,,1
8801,'20260803',707,,209260,23,,,1,200,,209261,23,,,1,195,,209262,23,,,1,230,,209264,23,,,1,302,,209266,23,,,1,300,,209268,23,,,1,170,,209269,23,,,1,203,,209270,23,,,1
8801,'20260804',552,,209271,23,0,5 11 12 9,1,180,,209272,23,,,1,121,,209273,23,0,5 11 12 9,1,249,,209274,23,,,1,100,,209275,23,,,1,200,,209276,23,,,1,200,,209277,23,,,1,200,,209278,23,,,1,205,,209279,23,,,1,105,,209280,23,,,1,195,,209281,23,,,1
8801,'20260805',552,,209282,23,0,5 11 12 9,1,180,,209283,23,,,1,121,,209284,23,0,5 11 12 9,1,249,,209285,23,,,1,100,,209286,23,,,1,200,,209287,23,,,1,200,,209288,23,,,1,200,,209289,23,,,1,205,,209290,23,,,1,105,,209291,23,,,1,195,,209292,23,,,1
8801,'20260806',552,,209293,23,0,5 11 12 9,1,180,,209294,23,,,1,121,,209295,23,0,5 11 12 9,1,249,,209296,23,,,1,100,,209297,23,,,1,200,,209298,23,,,1,200,,209299,23,,,1,200,,209300,23,,,1,205,,209301,23,,,1,105,,209302,23,,,1,195,,209303,23,,,1
8801,'20260807',552,,209304,23,0,5 11 12 9,1,180,,209305,23,,,1,121,,209306,23,0,5 11 12 9,1,249,,209307,23,,,1,100,,209308,23,,,1,200,,209309,23,,,1,200,,209310,23,,,1,200,,209311,23,,,1,205,,209312,23,,,1,105,,209313,23,,,1,195,,209314,23,,,1
8801,'20260808',707,,209315,23,,,1,200,,209316,23,,,1,195,,209317,23,,,1,230,,209319,23,,,1,302,,209321,23,,,1,300,,209323,23,,,1,170,,209324,23,,,1,203,,209325,23,,,1
8801,'20260809',707,,209326,23,,,1,200,,209327,23,,,1,195,,209328,23,,,1,230,,209330,23,,,1,302,,209332,23,,,1,300,,209334,23,,,1,170,,209335,23,,,1,203,,209336,23,,,1
8801,'20260810',552,,209337,23,0,5 11 12 9,1,180,,209338,23,,,1,121,,209339,23,0,5 11 12 9,1,249,,209340,23,,,1,100,,209341,23,,,1,200,,209342,23,,,1,200,,209343,23,,,1,200,,209344,23,,,1,205,,209345,23,,,1,105,,209346,23,,,1,195,,209347,23,,,1
8801,'20260811',552,,209348,23,0,5 11 12 9,1,180,,209349,23,,,1,121,,209350,23,0,5 11 12 9,1,249,,209351,23,,,1,100,,209352,23,,,1,200,,209353,23,,,1,200,,209354,23,,,1,200,,209355,23,,,1,205,,209356,23,,,1,105,,209357,23,,,1,195,,209358,23,,,1
8801,'20260812',552,,209359,23,0,5 11 12 9,1,180,,209360,23,,,1,121,,209361,23,0,5 11 12 9,1,249,,209362,23,,,1,100,,209363,23,,,1,200,,209364,23,,,1,200,,209365,23,,,1,200,,209366,23,,,1,205,,209367,23,,,1,105,,209368,23,,,1,195,,209369,23,,,1
8801,'20260813',552,,209370,23,0,5 11 12 9,1,180,,209371,23,,,1,121,,209372,23,0,5 11 12 9,1,249,,209373,23,,,1,100,,209374,23,,,1,200,,209375,23,,,1,200,,209376,23,,,1,200,,209377,23,,,1,205,,209378,23,,,1,105,,209379,23,,,1,195,,209380,23,,,1
8801,'20260814',552,,209381,23,0,5 11 12 9,1,180,,209382,23,,,1,121,,209383,23,0,5 11 12 9,1,249,,209384,23,,,1,100,,209385,23,,,1,200,,209386,23,,,1,200,,209387,23,,,1,200,,209388,23,,,1,205,,209389,23,,,1,105,,209390,23,,,1,195,,209391,23,,,1
8801,'20260815',707,,209392,23,,,1,200,,209393,23,,,1,195,,209394,23,,,1,230,,209396,23,,,1,302,,209398,23,,,1,300,,209400,23,,,1,170,,209401,23,,,1,203,,209402,23,,,1
8801,'20260816',707,,209403,23,,,1,200,,209404,23,,,1,195,,209405,23,,,1,230,,209407,23,,,1,302,,209409,23,,,1,300,,209411,23,,,1,170,,209412,23,,,1,203,,209413,23,,,1
8801,'20260817',552,,209414,23,0,5 11 12 9,1,180,,209415,23,,,1,121,,209416,23,0,5 11 12 9,1,249,,209417,23,,,1,100,,209418,23,,,1,200,,209419,23,,,1,200,,209420,23,,,1,200,,209421,23,,,1,205,,209422,23,,,1,105,,209423,23,,,1,195,,209424,23,,,1
8801,'20260818',552,,209425,23,0,5 11 12 9,1,180,,209426,23,,,1,121,,209427,23,0,5 11 12 9,1,249,,209428,23,,,1,100,,209429,23,,,1,200,,209430,23,,,1,200,,209431,23,,,1,200,,209432,23,,,1,205,,209433,23,,,1,105,,209434,23,,,1,195,,209435,23,,,1
8801,'20260819',552,,209436,23,0,5 11 12 9,1,180,,209437,23,,,1,121,,209438,23,0,5 11 12 9,1,249,,209439,23,,,1,100,,209440,23,,,1,200,,209441,23,,,1,200,,209442,23,,,1,200,,209443,23,,,1,205,,209444,23,,,1,105,,209445,23,,,1,195,,209446,23,,,1
8801,'20260820',552,,209447,23,0,5 11 12 9,1,180,,209448,23,,,1,121,,209449,23,0,5 11 12 9,1,249,,209450,23,,,1,100,,209451,23,,,1,200,,209452,23,,,1,200,,209453,23,,,1,200,,209454,23,,,1,205,,209455,23,,,1,105,,209456,23,,,1,195,,209457,23,,,1
8801,'20260821',552,,209458,23,0,5 11 12 9,1,180,,209459,23,,,1,121,,209460,23,0,5 11 12 9,1,249,,209461,23,,,1,100,,209462,23,,,1,200,,209463,23,,,1,200,,209464,23,,,1,200,,209465,23,,,1,205,,209466,23,,,1,105,,209467,23,,,1,195,,209468,23,,,1
8801,'20260822',707,,209469,23,,,1,200,,209470,23,,,1,195,,209471,23,,,1,230,,209473,23,,,1,302,,209475,23,,,1,300,,209477,23,,,1,170,,209478,23,,,1,203,,209479,23,,,1
8801,'20260823',707,,209480,23,,,1,200,,209481,23,,,1,195,,209482,23,,,1,230,,209484,23,,,1,302,,209486,23,,,1,300,,209488,23,,,1,170,,209489,23,,,1,203,,209490,23,,,1
8801,'20260824',552,,209491,23,0,5 11 12 9,1,180,,209492,23,,,1,121,,209493,23,0,5 11 12 9,1,249,,209494,23,,,1,100,,209495,23,,,1,200,,209496,23,,,1,200,,209497,23,,,1,200,,209498,23,,,1,205,,209499,23,,,1,105,,209500,23,,,1,195,,209501,23,,,1
8801,'20260825',552,,209502,23,0,5 11 12 9,1,180,,209503,23,,,1,121,,209504,23,0,5 11 12 9,1,249,,209505,23,,,1,100,,209506,23,,,1,200,,209507,23,,,1,200,,209508,23,,,1,200,,209509,23,,,1,205,,209510,23,,,1,105,,209511,23,,,1,195,,209512,23,,,1
8801,'20260826',552,,209513,23,0,5 11 12 9,1,180,,209514,23,,,1,121,,209515,23,0,5 11 12 9,1,249,,209516,23,,,1,100,,209517,23,,,1,200,,209518,23,,,1,200,,209519,23,,,1,200,,209520,23,,,1,205,,209521,23,,,1,105,,209522,23,,,1,195,,209523,23,,,1
8801,'20260827',552,,209524,23,0,5 11 12 9,1,180,,209525,23,,,1,121,,209526,23,0,5 11 12 9,1,249,,209527,23,,,1,100,,209528,23,,,1,200,,209529,23,,,1,200,,209530,23,,,1,200,,209531,23,,,1,205,,209532,23,,,1,105,,209533,23,,,1,195,,209534,23,,,1
8801,'20260828',552,,209535,23,0,5 11 12 9,1,180,,209536,23,,,1,121,,209537,23,0,5 11 12 9,1,249,,209538,23,,,1,100,,209539,23,,,1,200,,209540,23,,,1,200,,209541,23,,,1,200,,209542,23,,,1,205,,209543,23,,,1,105,,209544,23,,,1,195,,209545,23,,,1
8801,'20260829',707,,209546,23,,,1,200,,209547,23,,,1,195,,209548,23,,,1,230,,209550,23,,,1,302,,209552,23,,,1,300,,209554,23,,,1,170,,209555,23,,,1,203,,209556,23,,,1
8801,'20260830',707,,209557,23,,,1,200,,209558,23,,,1,195,,209559,23,,,1,230,,209561,23,,,1,302,,209563,23,,,1,300,,209565,23,,,1,170,,209566,23,,,1,203,,209567,23,,,1
8801,'20260831',552,,209568,23,0,5 11 12 9,1,180,,209569,23,,,1,121,,209570,23,0,5 11 12 9,1,249,,209571,23,,,1,100,,209572,23,,,1,200,,209573,23,,,1,200,,209574,23,,,1,200,,209575,23,,,1,205,,209576,23,,,1,105,,209577,23,,,1,195,,209578,23,,,1
8801,'20260901',552,,209579,23,0,5 11 12 9,1,180,,209580,23,,,1,121,,209581,23,0,5 11 12 9,1,249,,209582,23,,,1,100,,209583,23,,,1,200,,209584,23,,,1,200,,209585,23,,,1,200,,209586,23,,,1,205,,209587,23,,,1,105,,209588,23,,,1,195,,209589,23,,,1
8801,'20260902',552,,209590,23,0,5 11 12 9,1,180,,209591,23,,,1,121,,209592,23,0,5 11 12 9,1,249,,209593,23,,,1,100,,209594,23,,,1,200,,209595,23,,,1,200,,209596,23,,,1,200,,209597,23,,,1,205,,209598,23,,,1,105,,209599,23,,,1,195,,209600,23,,,1
8801,'20260903',552,,209601,23,0,5 11 12 9,1,180,,209602,23,,,1,121,,209603,23,0,5 11 12 9,1,249,,209604,23,,,1,100,,209605,23,,,1,200,,209606,23,,,1,200,,209607,23,,,1,200,,209608,23,,,1,205,,209609,23,,,1,105,,209610,23,,,1,195,,209611,23,,,1
8801,'20260904',552,,209612,23,0,5 11 12 9,1,180,,209613,23,,,1,121,,209614,23,0,5 11 12 9,1,249,,209615,23,,,1,100,,209616,23,,,1,200,,209617,23,,,1,200,,209618,23,,,1,200,,209619,23,,,1,205,,209620,23,,,1,105,,209621,23,,,1,195,,209622,23,,,1
