3201,'20260528',1233,,88642,6,,,1,100,,88643,6,,,1,102,,88644,6,,,1,85,,88645,6,,,1,20,,88646,6,,,1,15,,88647,6,,,1,55,,88648,6,,,1,15,,88649,6,0,5 18,1,17,,88650,6,,,1,15,,88651,6,,,1,55,,88652,6,,,1,15,,88653,6,0,5 18,1,15,,88654,6,,,1,60,,88655,6,,,1,20,,88656,6,,,1,18,,88657,6,,,1,68,,88658,6,,,1,35,,88659,6,,,1
3201,'20260529',1233,,88660,6,,,1,100,,88661,6,,,1,102,,88662,6,,,1,85,,88663,6,,,1,20,,88664,6,,,1,15,,88665,6,,,1,55,,88666,6,,,1,15,,88667,6,0,5 18,1,17,,88668,6,,,1,15,,88669,6,,,1,55,,88670,6,,,1,15,,88671,6,0,5 18,1,15,,88672,6,,,1,60,,88673,6,,,1,20,,88674,6,,,1,18,,88675,6,,,1,68,,88676,6,,,1,35,,88677,6,,,1
3201,'20260601',1233,,88678,6,,,1,100,,88679,6,,,1,102,,88680,6,,,1,85,,88681,6,,,1,20,,88682,6,,,1,15,,88683,6,,,1,55,,88684,6,,,1,15,,88685,6,0,5 18,1,17,,88686,6,,,1,15,,88687,6,,,1,55,,88688,6,,,1,15,,88689,6,0,5 18,1,15,,88690,6,,,1,60,,88691,6,,,1,20,,88692,6,,,1,18,,88693,6,,,1,68,,88694,6,,,1,35,,88695,6,,,1
3201,'20260602',1233,,88696,6,,,1,100,,88697,6,,,1,102,,88698,6,,,1,85,,88699,6,,,1,20,,88700,6,,,1,15,,88701,6,,,1,55,,88702,6,,,1,15,,88703,6,0,5 18,1,17,,88704,6,,,1,15,,88705,6,,,1,55,,88706,6,,,1,15,,88707,6,0,5 18,1,15,,88708,6,,,1,60,,88709,6,,,1,20,,88710,6,,,1,18,,88711,6,,,1,68,,88712,6,,,1,35,,88713,6,,,1
3201,'20260603',1233,,88714,6,,,1,100,,88715,6,,,1,102,,88716,6,,,1,85,,88717,6,,,1,20,,88718,6,,,1,15,,88719,6,,,1,55,,88720,6,,,1,15,,88721,6,0,5 18,1,17,,88722,6,,,1,15,,88723,6,,,1,55,,88724,6,,,1,15,,88725,6,0,5 18,1,15,,88726,6,,,1,60,,88727,6,,,1,20,,88728,6,,,1,18,,88729,6,,,1,68,,88730,6,,,1,35,,88731,6,,,1
3201,'20260604',1233,,88732,6,,,1,100,,88733,6,,,1,102,,88734,6,,,1,85,,88735,6,,,1,20,,88736,6,,,1,15,,88737,6,,,1,55,,88738,6,,,1,15,,88739,6,0,5 18,1,17,,88740,6,,,1,15,,88741,6,,,1,55,,88742,6,,,1,15,,88743,6,0,5 18,1,15,,88744,6,,,1,60,,88745,6,,,1,20,,88746,6,,,1,18,,88747,6,,,1,68,,88748,6,,,1,35,,88749,6,,,1
3201,'20260605',1233,,88750,6,,,1,100,,88751,6,,,1,102,,88752,6,,,1,85,,88753,6,,,1,20,,88754,6,,,1,15,,88755,6,,,1,55,,88756,6,,,1,15,,88757,6,0,5 18,1,17,,88758,6,,,1,15,,88759,6,,,1,55,,88760,6,,,1,15,,88761,6,0,5 18,1,15,,88762,6,,,1,60,,88763,6,,,1,20,,88764,6,,,1,18,,88765,6,,,1,68,,88766,6,,,1,35,,88767,6,,,1
3201,'20260608',1233,,88768,6,,,1,100,,88769,6,,,1,102,,88770,6,,,1,85,,88771,6,,,1,20,,88772,6,,,1,15,,88773,6,,,1,55,,88774,6,,,1,15,,88775,6,0,5 18,1,17,,88776,6,,,1,15,,88777,6,,,1,55,,88778,6,,,1,15,,88779,6,0,5 18,1,15,,88780,6,,,1,60,,88781,6,,,1,20,,88782,6,,,1,18,,88783,6,,,1,68,,88784,6,,,1,35,,88785,6,,,1
3201,'20260609',1233,,88786,6,,,1,100,,88787,6,,,1,102,,88788,6,,,1,85,,88789,6,,,1,20,,88790,6,,,1,15,,88791,6,,,1,55,,88792,6,,,1,15,,88793,6,0,5 18,1,17,,88794,6,,,1,15,,88795,6,,,1,55,,88796,6,,,1,15,,88797,6,0,5 18,1,15,,88798,6,,,1,60,,88799,6,,,1,20,,88800,6,,,1,18,,88801,6,,,1,68,,88802,6,,,1,35,,88803,6,,,1
3201,'20260610',1233,,88804,6,,,1,100,,88805,6,,,1,102,,88806,6,,,1,85,,88807,6,,,1,20,,88808,6,,,1,15,,88809,6,,,1,55,,88810,6,,,1,15,,88811,6,0,5 18,1,17,,88812,6,,,1,15,,88813,6,,,1,55,,88814,6,,,1,15,,88815,6,0,5 18,1,15,,88816,6,,,1,60,,88817,6,,,1,20,,88818,6,,,1,18,,88819,6,,,1,68,,88820,6,,,1,35,,88821,6,,,1
3201,'20260611',1233,,88822,6,,,1,100,,88823,6,,,1,102,,88824,6,,,1,85,,88825,6,,,1,20,,88826,6,,,1,15,,88827,6,,,1,55,,88828,6,,,1,15,,88829,6,0,5 18,1,17,,88830,6,,,1,15,,88831,6,,,1,55,,88832,6,,,1,15,,88833,6,0,5 18,1,15,,88834,6,,,1,60,,88835,6,,,1,20,,88836,6,,,1,18,,88837,6,,,1,68,,88838,6,,,1,35,,88839,6,,,1
3201,'20260612',1233,,88840,6,,,1,100,,88841,6,,,1,102,,88842,6,,,1,85,,88843,6,,,1,20,,88844,6,,,1,15,,88845,6,,,1,55,,88846,6,,,1,15,,88847,6,0,5 18,1,17,,88848,6,,,1,15,,88849,6,,,1,55,,88850,6,,,1,15,,88851,6,0,5 18,1,15,,88852,6,,,1,60,,88853,6,,,1,20,,88854,6,,,1,18,,88855,6,,,1,68,,88856,6,,,1,35,,88857,6,,,1
3201,'20260615',1233,,167215,6,,,1,100,,167216,6,,,1,102,,167217,6,,,1,85,,167218,6,,,1,20,,167219,6,,,1,15,,167220,6,,,1,55,,167221,6,,,1,15,,167222,6,0,5 18,1,17,,167223,6,,,1,15,,167224,6,,,1,55,,167225,6,,,1,15,,167226,6,0,5 18,1,15,,167227,6,,,1,60,,167228,6,,,1,20,,167229,6,,,1,18,,167230,6,,,1,68,,167231,6,,,1,35,,167232,6,,,1
3201,'20260616',1233,,167233,6,,,1,100,,167234,6,,,1,102,,167235,6,,,1,85,,167236,6,,,1,20,,167237,6,,,1,15,,167238,6,,,1,55,,167239,6,,,1,15,,167240,6,0,5 18,1,17,,167241,6,,,1,15,,167242,6,,,1,55,,167243,6,,,1,15,,167244,6,0,5 18,1,15,,167245,6,,,1,60,,167246,6,,,1,20,,167247,6,,,1,18,,167248,6,,,1,68,,167249,6,,,1,35,,167250,6,,,1
3201,'20260617',1233,,167251,6,,,1,100,,167252,6,,,1,102,,167253,6,,,1,85,,167254,6,,,1,20,,167255,6,,,1,15,,167256,6,,,1,55,,167257,6,,,1,15,,167258,6,0,5 18,1,17,,167259,6,,,1,15,,167260,6,,,1,55,,167261,6,,,1,15,,167262,6,0,5 18,1,15,,167263,6,,,1,60,,167264,6,,,1,20,,167265,6,,,1,18,,167266,6,,,1,68,,167267,6,,,1,35,,167268,6,,,1
3201,'20260618',1233,,167269,6,,,1,100,,167270,6,,,1,102,,167271,6,,,1,85,,167272,6,,,1,20,,167273,6,,,1,15,,167274,6,,,1,55,,167275,6,,,1,15,,167276,6,0,5 18,1,17,,167277,6,,,1,15,,167278,6,,,1,55,,167279,6,,,1,15,,167280,6,0,5 18,1,15,,167281,6,,,1,60,,167282,6,,,1,20,,167283,6,,,1,18,,167284,6,,,1,68,,167285,6,,,1,35,,167286,6,,,1
3201,'20260619',1233,,167287,6,,,1,100,,167288,6,,,1,102,,167289,6,,,1,85,,167290,6,,,1,20,,167291,6,,,1,15,,167292,6,,,1,55,,167293,6,,,1,15,,167294,6,0,5 18,1,17,,167295,6,,,1,15,,167296,6,,,1,55,,167297,6,,,1,15,,167298,6,0,5 18,1,15,,167299,6,,,1,60,,167300,6,,,1,20,,167301,6,,,1,18,,167302,6,,,1,68,,167303,6,,,1,35,,167304,6,,,1
3201,'20260622',1233,,167305,6,,,1,100,,167306,6,,,1,102,,167307,6,,,1,85,,167308,6,,,1,20,,167309,6,,,1,15,,167310,6,,,1,55,,167311,6,,,1,15,,167312,6,0,5 18,1,17,,167313,6,,,1,15,,167314,6,,,1,55,,167315,6,,,1,15,,167316,6,0,5 18,1,15,,167317,6,,,1,60,,167318,6,,,1,20,,167319,6,,,1,18,,167320,6,,,1,68,,167321,6,,,1,35,,167322,6,,,1
3201,'20260623',1233,,167323,6,,,1,100,,167324,6,,,1,102,,167325,6,,,1,85,,167326,6,,,1,20,,167327,6,,,1,15,,167328,6,,,1,55,,167329,6,,,1,15,,167330,6,0,5 18,1,17,,167331,6,,,1,15,,167332,6,,,1,55,,167333,6,,,1,15,,167334,6,0,5 18,1,15,,167335,6,,,1,60,,167336,6,,,1,20,,167337,6,,,1,18,,167338,6,,,1,68,,167339,6,,,1,35,,167340,6,,,1
3201,'20260624',1233,,167341,6,,,1,100,,167342,6,,,1,102,,167343,6,,,1,85,,167344,6,,,1,20,,167345,6,,,1,15,,167346,6,,,1,55,,167347,6,,,1,15,,167348,6,0,5 18,1,17,,167349,6,,,1,15,,167350,6,,,1,55,,167351,6,,,1,15,,167352,6,0,5 18,1,15,,167353,6,,,1,60,,167354,6,,,1,20,,167355,6,,,1,18,,167356,6,,,1,68,,167357,6,,,1,35,,167358,6,,,1
3201,'20260625',1233,,167359,6,,,1,100,,167360,6,,,1,102,,167361,6,,,1,85,,167362,6,,,1,20,,167363,6,,,1,15,,167364,6,,,1,55,,167365,6,,,1,15,,167366,6,0,5 18,1,17,,167367,6,,,1,15,,167368,6,,,1,55,,167369,6,,,1,15,,167370,6,0,5 18,1,15,,167371,6,,,1,60,,167372,6,,,1,20,,167373,6,,,1,18,,167374,6,,,1,68,,167375,6,,,1,35,,167376,6,,,1
3201,'20260626',1233,,167377,6,,,1,100,,167378,6,,,1,102,,167379,6,,,1,85,,167380,6,,,1,20,,167381,6,,,1,15,,167382,6,,,1,55,,167383,6,,,1,15,,167384,6,0,5 18,1,17,,167385,6,,,1,15,,167386,6,,,1,55,,167387,6,,,1,15,,167388,6,0,5 18,1,15,,167389,6,,,1,60,,167390,6,,,1,20,,167391,6,,,1,18,,167392,6,,,1,68,,167393,6,,,1,35,,167394,6,,,1
3201,'20260629',1233,,167395,6,,,1,100,,167396,6,,,1,102,,167397,6,,,1,85,,167398,6,,,1,20,,167399,6,,,1,15,,167400,6,,,1,55,,167401,6,,,1,15,,167402,6,0,5 18,1,17,,167403,6,,,1,15,,167404,6,,,1,55,,167405,6,,,1,15,,167406,6,0,5 18,1,15,,167407,6,,,1,60,,167408,6,,,1,20,,167409,6,,,1,18,,167410,6,,,1,68,,167411,6,,,1,35,,167412,6,,,1
3201,'20260630',1233,,167413,6,,,1,100,,167414,6,,,1,102,,167415,6,,,1,85,,167416,6,,,1,20,,167417,6,,,1,15,,167418,6,,,1,55,,167419,6,,,1,15,,167420,6,0,5 18,1,17,,167421,6,,,1,15,,167422,6,,,1,55,,167423,6,,,1,15,,167424,6,0,5 18,1,15,,167425,6,,,1,60,,167426,6,,,1,20,,167427,6,,,1,18,,167428,6,,,1,68,,167429,6,,,1,35,,167430,6,,,1
3201,'20260702',1233,,167431,6,,,1,100,,167432,6,,,1,102,,167433,6,,,1,85,,167434,6,,,1,20,,167435,6,,,1,15,,167436,6,,,1,55,,167437,6,,,1,15,,167438,6,0,5 18,1,17,,167439,6,,,1,15,,167440,6,,,1,55,,167441,6,,,1,15,,167442,6,0,5 18,1,15,,167443,6,,,1,60,,167444,6,,,1,20,,167445,6,,,1,18,,167446,6,,,1,68,,167447,6,,,1,35,,167448,6,,,1
3201,'20260703',1233,,167449,6,,,1,100,,167450,6,,,1,102,,167451,6,,,1,85,,167452,6,,,1,20,,167453,6,,,1,15,,167454,6,,,1,55,,167455,6,,,1,15,,167456,6,0,5 18,1,17,,167457,6,,,1,15,,167458,6,,,1,55,,167459,6,,,1,15,,167460,6,0,5 18,1,15,,167461,6,,,1,60,,167462,6,,,1,20,,167463,6,,,1,18,,167464,6,,,1,68,,167465,6,,,1,35,,167466,6,,,1
3201,'20260706',1233,,167467,6,,,1,100,,167468,6,,,1,102,,167469,6,,,1,85,,167470,6,,,1,20,,167471,6,,,1,15,,167472,6,,,1,55,,167473,6,,,1,15,,167474,6,0,5 18,1,17,,167475,6,,,1,15,,167476,6,,,1,55,,167477,6,,,1,15,,167478,6,0,5 18,1,15,,167479,6,,,1,60,,167480,6,,,1,20,,167481,6,,,1,18,,167482,6,,,1,68,,167483,6,,,1,35,,167484,6,,,1
3201,'20260707',1233,,167485,6,,,1,100,,167486,6,,,1,102,,167487,6,,,1,85,,167488,6,,,1,20,,167489,6,,,1,15,,167490,6,,,1,55,,167491,6,,,1,15,,167492,6,0,5 18,1,17,,167493,6,,,1,15,,167494,6,,,1,55,,167495,6,,,1,15,,167496,6,0,5 18,1,15,,167497,6,,,1,60,,167498,6,,,1,20,,167499,6,,,1,18,,167500,6,,,1,68,,167501,6,,,1,35,,167502,6,,,1
3201,'20260708',1233,,167503,6,,,1,100,,167504,6,,,1,102,,167505,6,,,1,85,,167506,6,,,1,20,,167507,6,,,1,15,,167508,6,,,1,55,,167509,6,,,1,15,,167510,6,0,5 18,1,17,,167511,6,,,1,15,,167512,6,,,1,55,,167513,6,,,1,15,,167514,6,0,5 18,1,15,,167515,6,,,1,60,,167516,6,,,1,20,,167517,6,,,1,18,,167518,6,,,1,68,,167519,6,,,1,35,,167520,6,,,1
3201,'20260709',1233,,167521,6,,,1,100,,167522,6,,,1,102,,167523,6,,,1,85,,167524,6,,,1,20,,167525,6,,,1,15,,167526,6,,,1,55,,167527,6,,,1,15,,167528,6,0,5 18,1,17,,167529,6,,,1,15,,167530,6,,,1,55,,167531,6,,,1,15,,167532,6,0,5 18,1,15,,167533,6,,,1,60,,167534,6,,,1,20,,167535,6,,,1,18,,167536,6,,,1,68,,167537,6,,,1,35,,167538,6,,,1
3201,'20260710',1233,,167539,6,,,1,100,,167540,6,,,1,102,,167541,6,,,1,85,,167542,6,,,1,20,,167543,6,,,1,15,,167544,6,,,1,55,,167545,6,,,1,15,,167546,6,0,5 18,1,17,,167547,6,,,1,15,,167548,6,,,1,55,,167549,6,,,1,15,,167550,6,0,5 18,1,15,,167551,6,,,1,60,,167552,6,,,1,20,,167553,6,,,1,18,,167554,6,,,1,68,,167555,6,,,1,35,,167556,6,,,1
3201,'20260713',1233,,167557,6,,,1,100,,167558,6,,,1,102,,167559,6,,,1,85,,167560,6,,,1,20,,167561,6,,,1,15,,167562,6,,,1,55,,167563,6,,,1,15,,167564,6,0,5 18,1,17,,167565,6,,,1,15,,167566,6,,,1,55,,167567,6,,,1,15,,167568,6,0,5 18,1,15,,167569,6,,,1,60,,167570,6,,,1,20,,167571,6,,,1,18,,167572,6,,,1,68,,167573,6,,,1,35,,167574,6,,,1
3201,'20260714',1233,,167575,6,,,1,100,,167576,6,,,1,102,,167577,6,,,1,85,,167578,6,,,1,20,,167579,6,,,1,15,,167580,6,,,1,55,,167581,6,,,1,15,,167582,6,0,5 18,1,17,,167583,6,,,1,15,,167584,6,,,1,55,,167585,6,,,1,15,,167586,6,0,5 18,1,15,,167587,6,,,1,60,,167588,6,,,1,20,,167589,6,,,1,18,,167590,6,,,1,68,,167591,6,,,1,35,,167592,6,,,1
3201,'20260715',1233,,167593,6,,,1,100,,167594,6,,,1,102,,167595,6,,,1,85,,167596,6,,,1,20,,167597,6,,,1,15,,167598,6,,,1,55,,167599,6,,,1,15,,167600,6,0,5 18,1,17,,167601,6,,,1,15,,167602,6,,,1,55,,167603,6,,,1,15,,167604,6,0,5 18,1,15,,167605,6,,,1,60,,167606,6,,,1,20,,167607,6,,,1,18,,167608,6,,,1,68,,167609,6,,,1,35,,167610,6,,,1
3201,'20260716',1233,,167611,6,,,1,100,,167612,6,,,1,102,,167613,6,,,1,85,,167614,6,,,1,20,,167615,6,,,1,15,,167616,6,,,1,55,,167617,6,,,1,15,,167618,6,0,5 18,1,17,,167619,6,,,1,15,,167620,6,,,1,55,,167621,6,,,1,15,,167622,6,0,5 18,1,15,,167623,6,,,1,60,,167624,6,,,1,20,,167625,6,,,1,18,,167626,6,,,1,68,,167627,6,,,1,35,,167628,6,,,1
3201,'20260717',1233,,167629,6,,,1,100,,167630,6,,,1,102,,167631,6,,,1,85,,167632,6,,,1,20,,167633,6,,,1,15,,167634,6,,,1,55,,167635,6,,,1,15,,167636,6,0,5 18,1,17,,167637,6,,,1,15,,167638,6,,,1,55,,167639,6,,,1,15,,167640,6,0,5 18,1,15,,167641,6,,,1,60,,167642,6,,,1,20,,167643,6,,,1,18,,167644,6,,,1,68,,167645,6,,,1,35,,167646,6,,,1
3201,'20260720',1233,,167647,6,,,1,100,,167648,6,,,1,102,,167649,6,,,1,85,,167650,6,,,1,20,,167651,6,,,1,15,,167652,6,,,1,55,,167653,6,,,1,15,,167654,6,0,5 18,1,17,,167655,6,,,1,15,,167656,6,,,1,55,,167657,6,,,1,15,,167658,6,0,5 18,1,15,,167659,6,,,1,60,,167660,6,,,1,20,,167661,6,,,1,18,,167662,6,,,1,68,,167663,6,,,1,35,,167664,6,,,1
3201,'20260721',1233,,167665,6,,,1,100,,167666,6,,,1,102,,167667,6,,,1,85,,167668,6,,,1,20,,167669,6,,,1,15,,167670,6,,,1,55,,167671,6,,,1,15,,167672,6,0,5 18,1,17,,167673,6,,,1,15,,167674,6,,,1,55,,167675,6,,,1,15,,167676,6,0,5 18,1,15,,167677,6,,,1,60,,167678,6,,,1,20,,167679,6,,,1,18,,167680,6,,,1,68,,167681,6,,,1,35,,167682,6,,,1
3201,'20260722',1233,,167683,6,,,1,100,,167684,6,,,1,102,,167685,6,,,1,85,,167686,6,,,1,20,,167687,6,,,1,15,,167688,6,,,1,55,,167689,6,,,1,15,,167690,6,0,5 18,1,17,,167691,6,,,1,15,,167692,6,,,1,55,,167693,6,,,1,15,,167694,6,0,5 18,1,15,,167695,6,,,1,60,,167696,6,,,1,20,,167697,6,,,1,18,,167698,6,,,1,68,,167699,6,,,1,35,,167700,6,,,1
3201,'20260723',1233,,167701,6,,,1,100,,167702,6,,,1,102,,167703,6,,,1,85,,167704,6,,,1,20,,167705,6,,,1,15,,167706,6,,,1,55,,167707,6,,,1,15,,167708,6,0,5 18,1,17,,167709,6,,,1,15,,167710,6,,,1,55,,167711,6,,,1,15,,167712,6,0,5 18,1,15,,167713,6,,,1,60,,167714,6,,,1,20,,167715,6,,,1,18,,167716,6,,,1,68,,167717,6,,,1,35,,167718,6,,,1
3201,'20260724',1233,,167719,6,,,1,100,,167720,6,,,1,102,,167721,6,,,1,85,,167722,6,,,1,20,,167723,6,,,1,15,,167724,6,,,1,55,,167725,6,,,1,15,,167726,6,0,5 18,1,17,,167727,6,,,1,15,,167728,6,,,1,55,,167729,6,,,1,15,,167730,6,0,5 18,1,15,,167731,6,,,1,60,,167732,6,,,1,20,,167733,6,,,1,18,,167734,6,,,1,68,,167735,6,,,1,35,,167736,6,,,1
3201,'20260727',1233,,167737,6,,,1,100,,167738,6,,,1,102,,167739,6,,,1,85,,167740,6,,,1,20,,167741,6,,,1,15,,167742,6,,,1,55,,167743,6,,,1,15,,167744,6,0,5 18,1,17,,167745,6,,,1,15,,167746,6,,,1,55,,167747,6,,,1,15,,167748,6,0,5 18,1,15,,167749,6,,,1,60,,167750,6,,,1,20,,167751,6,,,1,18,,167752,6,,,1,68,,167753,6,,,1,35,,167754,6,,,1
3201,'20260728',1233,,167755,6,,,1,100,,167756,6,,,1,102,,167757,6,,,1,85,,167758,6,,,1,20,,167759,6,,,1,15,,167760,6,,,1,55,,167761,6,,,1,15,,167762,6,0,5 18,1,17,,167763,6,,,1,15,,167764,6,,,1,55,,167765,6,,,1,15,,167766,6,0,5 18,1,15,,167767,6,,,1,60,,167768,6,,,1,20,,167769,6,,,1,18,,167770,6,,,1,68,,167771,6,,,1,35,,167772,6,,,1
3201,'20260729',1233,,167773,6,,,1,100,,167774,6,,,1,102,,167775,6,,,1,85,,167776,6,,,1,20,,167777,6,,,1,15,,167778,6,,,1,55,,167779,6,,,1,15,,167780,6,0,5 18,1,17,,167781,6,,,1,15,,167782,6,,,1,55,,167783,6,,,1,15,,167784,6,0,5 18,1,15,,167785,6,,,1,60,,167786,6,,,1,20,,167787,6,,,1,18,,167788,6,,,1,68,,167789,6,,,1,35,,167790,6,,,1
3201,'20260730',1233,,167791,6,,,1,100,,167792,6,,,1,102,,167793,6,,,1,85,,167794,6,,,1,20,,167795,6,,,1,15,,167796,6,,,1,55,,167797,6,,,1,15,,167798,6,0,5 18,1,17,,167799,6,,,1,15,,167800,6,,,1,55,,167801,6,,,1,15,,167802,6,0,5 18,1,15,,167803,6,,,1,60,,167804,6,,,1,20,,167805,6,,,1,18,,167806,6,,,1,68,,167807,6,,,1,35,,167808,6,,,1
3201,'20260731',1233,,167809,6,,,1,100,,167810,6,,,1,102,,167811,6,,,1,85,,167812,6,,,1,20,,167813,6,,,1,15,,167814,6,,,1,55,,167815,6,,,1,15,,167816,6,0,5 18,1,17,,167817,6,,,1,15,,167818,6,,,1,55,,167819,6,,,1,15,,167820,6,0,5 18,1,15,,167821,6,,,1,60,,167822,6,,,1,20,,167823,6,,,1,18,,167824,6,,,1,68,,167825,6,,,1,35,,167826,6,,,1
3201,'20260804',1233,,167827,6,,,1,100,,167828,6,,,1,102,,167829,6,,,1,85,,167830,6,,,1,20,,167831,6,,,1,15,,167832,6,,,1,55,,167833,6,,,1,15,,167834,6,0,5 18,1,17,,167835,6,,,1,15,,167836,6,,,1,55,,167837,6,,,1,15,,167838,6,0,5 18,1,15,,167839,6,,,1,60,,167840,6,,,1,20,,167841,6,,,1,18,,167842,6,,,1,68,,167843,6,,,1,35,,167844,6,,,1
3201,'20260805',1233,,167845,6,,,1,100,,167846,6,,,1,102,,167847,6,,,1,85,,167848,6,,,1,20,,167849,6,,,1,15,,167850,6,,,1,55,,167851,6,,,1,15,,167852,6,0,5 18,1,17,,167853,6,,,1,15,,167854,6,,,1,55,,167855,6,,,1,15,,167856,6,0,5 18,1,15,,167857,6,,,1,60,,167858,6,,,1,20,,167859,6,,,1,18,,167860,6,,,1,68,,167861,6,,,1,35,,167862,6,,,1
3201,'20260806',1233,,167863,6,,,1,100,,167864,6,,,1,102,,167865,6,,,1,85,,167866,6,,,1,20,,167867,6,,,1,15,,167868,6,,,1,55,,167869,6,,,1,15,,167870,6,0,5 18,1,17,,167871,6,,,1,15,,167872,6,,,1,55,,167873,6,,,1,15,,167874,6,0,5 18,1,15,,167875,6,,,1,60,,167876,6,,,1,20,,167877,6,,,1,18,,167878,6,,,1,68,,167879,6,,,1,35,,167880,6,,,1
3201,'20260807',1233,,167881,6,,,1,100,,167882,6,,,1,102,,167883,6,,,1,85,,167884,6,,,1,20,,167885,6,,,1,15,,167886,6,,,1,55,,167887,6,,,1,15,,167888,6,0,5 18,1,17,,167889,6,,,1,15,,167890,6,,,1,55,,167891,6,,,1,15,,167892,6,0,5 18,1,15,,167893,6,,,1,60,,167894,6,,,1,20,,167895,6,,,1,18,,167896,6,,,1,68,,167897,6,,,1,35,,167898,6,,,1
3201,'20260810',1233,,167899,6,,,1,100,,167900,6,,,1,102,,167901,6,,,1,85,,167902,6,,,1,20,,167903,6,,,1,15,,167904,6,,,1,55,,167905,6,,,1,15,,167906,6,0,5 18,1,17,,167907,6,,,1,15,,167908,6,,,1,55,,167909,6,,,1,15,,167910,6,0,5 18,1,15,,167911,6,,,1,60,,167912,6,,,1,20,,167913,6,,,1,18,,167914,6,,,1,68,,167915,6,,,1,35,,167916,6,,,1
3201,'20260811',1233,,167917,6,,,1,100,,167918,6,,,1,102,,167919,6,,,1,85,,167920,6,,,1,20,,167921,6,,,1,15,,167922,6,,,1,55,,167923,6,,,1,15,,167924,6,0,5 18,1,17,,167925,6,,,1,15,,167926,6,,,1,55,,167927,6,,,1,15,,167928,6,0,5 18,1,15,,167929,6,,,1,60,,167930,6,,,1,20,,167931,6,,,1,18,,167932,6,,,1,68,,167933,6,,,1,35,,167934,6,,,1
3201,'20260812',1233,,167935,6,,,1,100,,167936,6,,,1,102,,167937,6,,,1,85,,167938,6,,,1,20,,167939,6,,,1,15,,167940,6,,,1,55,,167941,6,,,1,15,,167942,6,0,5 18,1,17,,167943,6,,,1,15,,167944,6,,,1,55,,167945,6,,,1,15,,167946,6,0,5 18,1,15,,167947,6,,,1,60,,167948,6,,,1,20,,167949,6,,,1,18,,167950,6,,,1,68,,167951,6,,,1,35,,167952,6,,,1
3201,'20260813',1233,,167953,6,,,1,100,,167954,6,,,1,102,,167955,6,,,1,85,,167956,6,,,1,20,,167957,6,,,1,15,,167958,6,,,1,55,,167959,6,,,1,15,,167960,6,0,5 18,1,17,,167961,6,,,1,15,,167962,6,,,1,55,,167963,6,,,1,15,,167964,6,0,5 18,1,15,,167965,6,,,1,60,,167966,6,,,1,20,,167967,6,,,1,18,,167968,6,,,1,68,,167969,6,,,1,35,,167970,6,,,1
3201,'20260814',1233,,167971,6,,,1,100,,167972,6,,,1,102,,167973,6,,,1,85,,167974,6,,,1,20,,167975,6,,,1,15,,167976,6,,,1,55,,167977,6,,,1,15,,167978,6,0,5 18,1,17,,167979,6,,,1,15,,167980,6,,,1,55,,167981,6,,,1,15,,167982,6,0,5 18,1,15,,167983,6,,,1,60,,167984,6,,,1,20,,167985,6,,,1,18,,167986,6,,,1,68,,167987,6,,,1,35,,167988,6,,,1
3201,'20260817',1233,,167989,6,,,1,100,,167990,6,,,1,102,,167991,6,,,1,85,,167992,6,,,1,20,,167993,6,,,1,15,,167994,6,,,1,55,,167995,6,,,1,15,,167996,6,0,5 18,1,17,,167997,6,,,1,15,,167998,6,,,1,55,,167999,6,,,1,15,,168000,6,0,5 18,1,15,,168001,6,,,1,60,,168002,6,,,1,20,,168003,6,,,1,18,,168004,6,,,1,68,,168005,6,,,1,35,,168006,6,,,1
3201,'20260818',1233,,168007,6,,,1,100,,168008,6,,,1,102,,168009,6,,,1,85,,168010,6,,,1,20,,168011,6,,,1,15,,168012,6,,,1,55,,168013,6,,,1,15,,168014,6,0,5 18,1,17,,168015,6,,,1,15,,168016,6,,,1,55,,168017,6,,,1,15,,168018,6,0,5 18,1,15,,168019,6,,,1,60,,168020,6,,,1,20,,168021,6,,,1,18,,168022,6,,,1,68,,168023,6,,,1,35,,168024,6,,,1
3201,'20260819',1233,,168025,6,,,1,100,,168026,6,,,1,102,,168027,6,,,1,85,,168028,6,,,1,20,,168029,6,,,1,15,,168030,6,,,1,55,,168031,6,,,1,15,,168032,6,0,5 18,1,17,,168033,6,,,1,15,,168034,6,,,1,55,,168035,6,,,1,15,,168036,6,0,5 18,1,15,,168037,6,,,1,60,,168038,6,,,1,20,,168039,6,,,1,18,,168040,6,,,1,68,,168041,6,,,1,35,,168042,6,,,1
3201,'20260820',1233,,168043,6,,,1,100,,168044,6,,,1,102,,168045,6,,,1,85,,168046,6,,,1,20,,168047,6,,,1,15,,168048,6,,,1,55,,168049,6,,,1,15,,168050,6,0,5 18,1,17,,168051,6,,,1,15,,168052,6,,,1,55,,168053,6,,,1,15,,168054,6,0,5 18,1,15,,168055,6,,,1,60,,168056,6,,,1,20,,168057,6,,,1,18,,168058,6,,,1,68,,168059,6,,,1,35,,168060,6,,,1
3201,'20260821',1233,,168061,6,,,1,100,,168062,6,,,1,102,,168063,6,,,1,85,,168064,6,,,1,20,,168065,6,,,1,15,,168066,6,,,1,55,,168067,6,,,1,15,,168068,6,0,5 18,1,17,,168069,6,,,1,15,,168070,6,,,1,55,,168071,6,,,1,15,,168072,6,0,5 18,1,15,,168073,6,,,1,60,,168074,6,,,1,20,,168075,6,,,1,18,,168076,6,,,1,68,,168077,6,,,1,35,,168078,6,,,1
3201,'20260824',1233,,168079,6,,,1,100,,168080,6,,,1,102,,168081,6,,,1,85,,168082,6,,,1,20,,168083,6,,,1,15,,168084,6,,,1,55,,168085,6,,,1,15,,168086,6,0,5 18,1,17,,168087,6,,,1,15,,168088,6,,,1,55,,168089,6,,,1,15,,168090,6,0,5 18,1,15,,168091,6,,,1,60,,168092,6,,,1,20,,168093,6,,,1,18,,168094,6,,,1,68,,168095,6,,,1,35,,168096,6,,,1
3201,'20260825',1233,,168097,6,,,1,100,,168098,6,,,1,102,,168099,6,,,1,85,,168100,6,,,1,20,,168101,6,,,1,15,,168102,6,,,1,55,,168103,6,,,1,15,,168104,6,0,5 18,1,17,,168105,6,,,1,15,,168106,6,,,1,55,,168107,6,,,1,15,,168108,6,0,5 18,1,15,,168109,6,,,1,60,,168110,6,,,1,20,,168111,6,,,1,18,,168112,6,,,1,68,,168113,6,,,1,35,,168114,6,,,1
3201,'20260826',1233,,168115,6,,,1,100,,168116,6,,,1,102,,168117,6,,,1,85,,168118,6,,,1,20,,168119,6,,,1,15,,168120,6,,,1,55,,168121,6,,,1,15,,168122,6,0,5 18,1,17,,168123,6,,,1,15,,168124,6,,,1,55,,168125,6,,,1,15,,168126,6,0,5 18,1,15,,168127,6,,,1,60,,168128,6,,,1,20,,168129,6,,,1,18,,168130,6,,,1,68,,168131,6,,,1,35,,168132,6,,,1
3201,'20260827',1233,,168133,6,,,1,100,,168134,6,,,1,102,,168135,6,,,1,85,,168136,6,,,1,20,,168137,6,,,1,15,,168138,6,,,1,55,,168139,6,,,1,15,,168140,6,0,5 18,1,17,,168141,6,,,1,15,,168142,6,,,1,55,,168143,6,,,1,15,,168144,6,0,5 18,1,15,,168145,6,,,1,60,,168146,6,,,1,20,,168147,6,,,1,18,,168148,6,,,1,68,,168149,6,,,1,35,,168150,6,,,1
3201,'20260828',1233,,168151,6,,,1,100,,168152,6,,,1,102,,168153,6,,,1,85,,168154,6,,,1,20,,168155,6,,,1,15,,168156,6,,,1,55,,168157,6,,,1,15,,168158,6,0,5 18,1,17,,168159,6,,,1,15,,168160,6,,,1,55,,168161,6,,,1,15,,168162,6,0,5 18,1,15,,168163,6,,,1,60,,168164,6,,,1,20,,168165,6,,,1,18,,168166,6,,,1,68,,168167,6,,,1,35,,168168,6,,,1
3201,'20260831',1233,,168169,6,,,1,100,,168170,6,,,1,102,,168171,6,,,1,85,,168172,6,,,1,20,,168173,6,,,1,15,,168174,6,,,1,55,,168175,6,,,1,15,,168176,6,0,5 18,1,17,,168177,6,,,1,15,,168178,6,,,1,55,,168179,6,,,1,15,,168180,6,0,5 18,1,15,,168181,6,,,1,60,,168182,6,,,1,20,,168183,6,,,1,18,,168184,6,,,1,68,,168185,6,,,1,35,,168186,6,,,1
3201,'20260901',1233,,168187,6,,,1,100,,168188,6,,,1,102,,168189,6,,,1,85,,168190,6,,,1,20,,168191,6,,,1,15,,168192,6,,,1,55,,168193,6,,,1,15,,168194,6,0,5 18,1,17,,168195,6,,,1,15,,168196,6,,,1,55,,168197,6,,,1,15,,168198,6,0,5 18,1,15,,168199,6,,,1,60,,168200,6,,,1,20,,168201,6,,,1,18,,168202,6,,,1,68,,168203,6,,,1,35,,168204,6,,,1
3201,'20260902',1233,,168205,6,,,1,100,,168206,6,,,1,102,,168207,6,,,1,85,,168208,6,,,1,20,,168209,6,,,1,15,,168210,6,,,1,55,,168211,6,,,1,15,,168212,6,0,5 18,1,17,,168213,6,,,1,15,,168214,6,,,1,55,,168215,6,,,1,15,,168216,6,0,5 18,1,15,,168217,6,,,1,60,,168218,6,,,1,20,,168219,6,,,1,18,,168220,6,,,1,68,,168221,6,,,1,35,,168222,6,,,1
3201,'20260903',1233,,168223,6,,,1,100,,168224,6,,,1,102,,168225,6,,,1,85,,168226,6,,,1,20,,168227,6,,,1,15,,168228,6,,,1,55,,168229,6,,,1,15,,168230,6,0,5 18,1,17,,168231,6,,,1,15,,168232,6,,,1,55,,168233,6,,,1,15,,168234,6,0,5 18,1,15,,168235,6,,,1,60,,168236,6,,,1,20,,168237,6,,,1,18,,168238,6,,,1,68,,168239,6,,,1,35,,168240,6,,,1
3201,'20260904',1233,,168241,6,,,1,100,,168242,6,,,1,102,,168243,6,,,1,85,,168244,6,,,1,20,,168245,6,,,1,15,,168246,6,,,1,55,,168247,6,,,1,15,,168248,6,0,5 18,1,17,,168249,6,,,1,15,,168250,6,,,1,55,,168251,6,,,1,15,,168252,6,0,5 18,1,15,,168253,6,,,1,60,,168254,6,,,1,20,,168255,6,,,1,18,,168256,6,,,1,68,,168257,6,,,1,35,,168258,6,,,1
