6801,'20260629',456,,205127,25,0,5 16 26 9,1,598,,205128,25,,,1,100,,205129,25,,,1,384,,205130,25,0,5 16 26 9,1,200,,205131,25,0,5 16 26 9,1,116,,205132,25,,,1,146,,205133,25,,,1,345,,205134,25,0,5 16 26 9,1
6801,'20260630',456,,205135,25,0,5 16 26 9,1,598,,205136,25,,,1,100,,205137,25,,,1,384,,205138,25,0,5 16 26 9,1,200,,205139,25,0,5 16 26 9,1,116,,205140,25,,,1,146,,205141,25,,,1,345,,205142,25,0,5 16 26 9,1
6801,'20260701',1001,,205143,25,,,1,300,,205144,25,,,1,300,,205145,25,,,1,300,,205146,25,,,1,505,,205147,25,0,5 16 26 9,1
6801,'20260702',456,,205148,25,0,5 16 26 9,1,598,,205149,25,,,1,100,,205150,25,,,1,384,,205151,25,0,5 16 26 9,1,200,,205152,25,0,5 16 26 9,1,116,,205153,25,,,1,146,,205154,25,,,1,345,,205155,25,0,5 16 26 9,1
6801,'20260703',456,,205156,25,0,5 16 26 9,1,598,,205157,25,,,1,100,,205158,25,,,1,384,,205159,25,0,5 16 26 9,1,200,,205160,25,0,5 16 26 9,1,116,,205161,25,,,1,146,,205162,25,,,1,345,,205163,25,0,5 16 26 9,1
6801,'20260704',1001,,205164,25,,,1,300,,205165,25,,,1,300,,205166,25,,,1,300,,205167,25,,,1,505,,205168,25,0,5 16 26 9,1
6801,'20260705',1001,,205169,25,,,1,300,,205170,25,,,1,300,,205171,25,,,1,300,,205172,25,,,1,505,,205173,25,0,5 16 26 9,1
6801,'20260706',456,,205174,25,0,5 16 26 9,1,598,,205175,25,,,1,100,,205176,25,,,1,384,,205177,25,0,5 16 26 9,1,200,,205178,25,0,5 16 26 9,1,116,,205179,25,,,1,146,,205180,25,,,1,345,,205181,25,0,5 16 26 9,1
6801,'20260707',456,,205182,25,0,5 16 26 9,1,598,,205183,25,,,1,100,,205184,25,,,1,384,,205185,25,0,5 16 26 9,1,200,,205186,25,0,5 16 26 9,1,116,,205187,25,,,1,146,,205188,25,,,1,345,,205189,25,0,5 16 26 9,1
6801,'20260708',456,,205190,25,0,5 16 26 9,1,598,,205191,25,,,1,100,,205192,25,,,1,384,,205193,25,0,5 16 26 9,1,200,,205194,25,0,5 16 26 9,1,116,,205195,25,,,1,146,,205196,25,,,1,345,,205197,25,0,5 16 26 9,1
6801,'20260709',456,,205198,25,0,5 16 26 9,1,598,,205199,25,,,1,100,,205200,25,,,1,384,,205201,25,0,5 16 26 9,1,200,,205202,25,0,5 16 26 9,1,116,,205203,25,,,1,146,,205204,25,,,1,345,,205205,25,0,5 16 26 9,1
6801,'20260710',456,,205206,25,0,5 16 26 9,1,598,,205207,25,,,1,100,,205208,25,,,1,384,,205209,25,0,5 16 26 9,1,200,,205210,25,0,5 16 26 9,1,116,,205211,25,,,1,146,,205212,25,,,1,345,,205213,25,0,5 16 26 9,1
6801,'20260711',1001,,205214,25,,,1,300,,205215,25,,,1,300,,205216,25,,,1,300,,205217,25,,,1,505,,205218,25,0,5 16 26 9,1
6801,'20260712',1001,,205219,25,,,1,300,,205220,25,,,1,300,,205221,25,,,1,300,,205222,25,,,1,505,,205223,25,0,5 16 26 9,1
6801,'20260713',456,,205224,25,0,5 16 26 9,1,598,,205225,25,,,1,100,,205226,25,,,1,384,,205227,25,0,5 16 26 9,1,200,,205228,25,0,5 16 26 9,1,116,,205229,25,,,1,146,,205230,25,,,1,345,,205231,25,0,5 16 26 9,1
6801,'20260714',456,,205232,25,0,5 16 26 9,1,598,,205233,25,,,1,100,,205234,25,,,1,384,,205235,25,0,5 16 26 9,1,200,,205236,25,0,5 16 26 9,1,116,,205237,25,,,1,146,,205238,25,,,1,345,,205239,25,0,5 16 26 9,1
6801,'20260715',456,,205240,25,0,5 16 26 9,1,598,,205241,25,,,1,100,,205242,25,,,1,384,,205243,25,0,5 16 26 9,1,200,,205244,25,0,5 16 26 9,1,116,,205245,25,,,1,146,,205246,25,,,1,345,,205247,25,0,5 16 26 9,1
6801,'20260716',456,,205248,25,0,5 16 26 9,1,598,,205249,25,,,1,100,,205250,25,,,1,384,,205251,25,0,5 16 26 9,1,200,,205252,25,0,5 16 26 9,1,116,,205253,25,,,1,146,,205254,25,,,1,345,,205255,25,0,5 16 26 9,1
6801,'20260717',456,,205256,25,0,5 16 26 9,1,598,,205257,25,,,1,100,,205258,25,,,1,384,,205259,25,0,5 16 26 9,1,200,,205260,25,0,5 16 26 9,1,116,,205261,25,,,1,146,,205262,25,,,1,345,,205263,25,0,5 16 26 9,1
6801,'20260718',1001,,205264,25,,,1,300,,205265,25,,,1,300,,205266,25,,,1,300,,205267,25,,,1,505,,205268,25,0,5 16 26 9,1
6801,'20260719',1001,,205269,25,,,1,300,,205270,25,,,1,300,,205271,25,,,1,300,,205272,25,,,1,505,,205273,25,0,5 16 26 9,1
6801,'20260720',456,,205274,25,0,5 16 26 9,1,598,,205275,25,,,1,100,,205276,25,,,1,384,,205277,25,0,5 16 26 9,1,200,,205278,25,0,5 16 26 9,1,116,,205279,25,,,1,146,,205280,25,,,1,345,,205281,25,0,5 16 26 9,1
6801,'20260721',456,,205282,25,0,5 16 26 9,1,598,,205283,25,,,1,100,,205284,25,,,1,384,,205285,25,0,5 16 26 9,1,200,,205286,25,0,5 16 26 9,1,116,,205287,25,,,1,146,,205288,25,,,1,345,,205289,25,0,5 16 26 9,1
6801,'20260722',456,,205290,25,0,5 16 26 9,1,598,,205291,25,,,1,100,,205292,25,,,1,384,,205293,25,0,5 16 26 9,1,200,,205294,25,0,5 16 26 9,1,116,,205295,25,,,1,146,,205296,25,,,1,345,,205297,25,0,5 16 26 9,1
6801,'20260723',456,,205298,25,0,5 16 26 9,1,598,,205299,25,,,1,100,,205300,25,,,1,384,,205301,25,0,5 16 26 9,1,200,,205302,25,0,5 16 26 9,1,116,,205303,25,,,1,146,,205304,25,,,1,345,,205305,25,0,5 16 26 9,1
6801,'20260724',456,,205306,25,0,5 16 26 9,1,598,,205307,25,,,1,100,,205308,25,,,1,384,,205309,25,0,5 16 26 9,1,200,,205310,25,0,5 16 26 9,1,116,,205311,25,,,1,146,,205312,25,,,1,345,,205313,25,0,5 16 26 9,1
6801,'20260725',1001,,205314,25,,,1,300,,205315,25,,,1,300,,205316,25,,,1,300,,205317,25,,,1,505,,205318,25,0,5 16 26 9,1
6801,'20260726',1001,,205319,25,,,1,300,,205320,25,,,1,300,,205321,25,,,1,300,,205322,25,,,1,505,,205323,25,0,5 16 26 9,1
6801,'20260727',456,,205324,25,0,5 16 26 9,1,598,,205325,25,,,1,100,,205326,25,,,1,384,,205327,25,0,5 16 26 9,1,200,,205328,25,0,5 16 26 9,1,116,,205329,25,,,1,146,,205330,25,,,1,345,,205331,25,0,5 16 26 9,1
6801,'20260728',456,,205332,25,0,5 16 26 9,1,598,,205333,25,,,1,100,,205334,25,,,1,384,,205335,25,0,5 16 26 9,1,200,,205336,25,0,5 16 26 9,1,116,,205337,25,,,1,146,,205338,25,,,1,345,,205339,25,0,5 16 26 9,1
6801,'20260729',456,,205340,25,0,5 16 26 9,1,598,,205341,25,,,1,100,,205342,25,,,1,384,,205343,25,0,5 16 26 9,1,200,,205344,25,0,5 16 26 9,1,116,,205345,25,,,1,146,,205346,25,,,1,345,,205347,25,0,5 16 26 9,1
6801,'20260730',456,,205348,25,0,5 16 26 9,1,598,,205349,25,,,1,100,,205350,25,,,1,384,,205351,25,0,5 16 26 9,1,200,,205352,25,0,5 16 26 9,1,116,,205353,25,,,1,146,,205354,25,,,1,345,,205355,25,0,5 16 26 9,1
6801,'20260731',456,,205356,25,0,5 16 26 9,1,598,,205357,25,,,1,100,,205358,25,,,1,384,,205359,25,0,5 16 26 9,1,200,,205360,25,0,5 16 26 9,1,116,,205361,25,,,1,146,,205362,25,,,1,345,,205363,25,0,5 16 26 9,1
6801,'20260801',1001,,205364,25,,,1,300,,205365,25,,,1,300,,205366,25,,,1,300,,205367,25,,,1,505,,205368,25,0,5 16 26 9,1
6801,'20260802',1001,,205369,25,,,1,300,,205370,25,,,1,300,,205371,25,,,1,300,,205372,25,,,1,505,,205373,25,0,5 16 26 9,1
6801,'20260803',1001,,205374,25,,,1,300,,205375,25,,,1,300,,205376,25,,,1,300,,205377,25,,,1,505,,205378,25,0,5 16 26 9,1
6801,'20260804',456,,205379,25,0,5 16 26 9,1,598,,205380,25,,,1,100,,205381,25,,,1,384,,205382,25,0,5 16 26 9,1,200,,205383,25,0,5 16 26 9,1,116,,205384,25,,,1,146,,205385,25,,,1,345,,205386,25,0,5 16 26 9,1
6801,'20260805',456,,205387,25,0,5 16 26 9,1,598,,205388,25,,,1,100,,205389,25,,,1,384,,205390,25,0,5 16 26 9,1,200,,205391,25,0,5 16 26 9,1,116,,205392,25,,,1,146,,205393,25,,,1,345,,205394,25,0,5 16 26 9,1
6801,'20260806',456,,205395,25,0,5 16 26 9,1,598,,205396,25,,,1,100,,205397,25,,,1,384,,205398,25,0,5 16 26 9,1,200,,205399,25,0,5 16 26 9,1,116,,205400,25,,,1,146,,205401,25,,,1,345,,205402,25,0,5 16 26 9,1
6801,'20260807',456,,205403,25,0,5 16 26 9,1,598,,205404,25,,,1,100,,205405,25,,,1,384,,205406,25,0,5 16 26 9,1,200,,205407,25,0,5 16 26 9,1,116,,205408,25,,,1,146,,205409,25,,,1,345,,205410,25,0,5 16 26 9,1
6801,'20260808',1001,,205411,25,,,1,300,,205412,25,,,1,300,,205413,25,,,1,300,,205414,25,,,1,505,,205415,25,0,5 16 26 9,1
6801,'20260809',1001,,205416,25,,,1,300,,205417,25,,,1,300,,205418,25,,,1,300,,205419,25,,,1,505,,205420,25,0,5 16 26 9,1
6801,'20260810',456,,205421,25,0,5 16 26 9,1,598,,205422,25,,,1,100,,205423,25,,,1,384,,205424,25,0,5 16 26 9,1,200,,205425,25,0,5 16 26 9,1,116,,205426,25,,,1,146,,205427,25,,,1,345,,205428,25,0,5 16 26 9,1
6801,'20260811',456,,205429,25,0,5 16 26 9,1,598,,205430,25,,,1,100,,205431,25,,,1,384,,205432,25,0,5 16 26 9,1,200,,205433,25,0,5 16 26 9,1,116,,205434,25,,,1,146,,205435,25,,,1,345,,205436,25,0,5 16 26 9,1
6801,'20260812',456,,205437,25,0,5 16 26 9,1,598,,205438,25,,,1,100,,205439,25,,,1,384,,205440,25,0,5 16 26 9,1,200,,205441,25,0,5 16 26 9,1,116,,205442,25,,,1,146,,205443,25,,,1,345,,205444,25,0,5 16 26 9,1
6801,'20260813',456,,205445,25,0,5 16 26 9,1,598,,205446,25,,,1,100,,205447,25,,,1,384,,205448,25,0,5 16 26 9,1,200,,205449,25,0,5 16 26 9,1,116,,205450,25,,,1,146,,205451,25,,,1,345,,205452,25,0,5 16 26 9,1
6801,'20260814',456,,205453,25,0,5 16 26 9,1,598,,205454,25,,,1,100,,205455,25,,,1,384,,205456,25,0,5 16 26 9,1,200,,205457,25,0,5 16 26 9,1,116,,205458,25,,,1,146,,205459,25,,,1,345,,205460,25,0,5 16 26 9,1
6801,'20260815',1001,,205461,25,,,1,300,,205462,25,,,1,300,,205463,25,,,1,300,,205464,25,,,1,505,,205465,25,0,5 16 26 9,1
6801,'20260816',1001,,205466,25,,,1,300,,205467,25,,,1,300,,205468,25,,,1,300,,205469,25,,,1,505,,205470,25,0,5 16 26 9,1
6801,'20260817',456,,205471,25,0,5 16 26 9,1,598,,205472,25,,,1,100,,205473,25,,,1,384,,205474,25,0,5 16 26 9,1,200,,205475,25,0,5 16 26 9,1,116,,205476,25,,,1,146,,205477,25,,,1,345,,205478,25,0,5 16 26 9,1
6801,'20260818',456,,205479,25,0,5 16 26 9,1,598,,205480,25,,,1,100,,205481,25,,,1,384,,205482,25,0,5 16 26 9,1,200,,205483,25,0,5 16 26 9,1,116,,205484,25,,,1,146,,205485,25,,,1,345,,205486,25,0,5 16 26 9,1
6801,'20260819',456,,205487,25,0,5 16 26 9,1,598,,205488,25,,,1,100,,205489,25,,,1,384,,205490,25,0,5 16 26 9,1,200,,205491,25,0,5 16 26 9,1,116,,205492,25,,,1,146,,205493,25,,,1,345,,205494,25,0,5 16 26 9,1
6801,'20260820',456,,205495,25,0,5 16 26 9,1,598,,205496,25,,,1,100,,205497,25,,,1,384,,205498,25,0,5 16 26 9,1,200,,205499,25,0,5 16 26 9,1,116,,205500,25,,,1,146,,205501,25,,,1,345,,205502,25,0,5 16 26 9,1
6801,'20260821',456,,205503,25,0,5 16 26 9,1,598,,205504,25,,,1,100,,205505,25,,,1,384,,205506,25,0,5 16 26 9,1,200,,205507,25,0,5 16 26 9,1,116,,205508,25,,,1,146,,205509,25,,,1,345,,205510,25,0,5 16 26 9,1
6801,'20260822',1001,,205511,25,,,1,300,,205512,25,,,1,300,,205513,25,,,1,300,,205514,25,,,1,505,,205515,25,0,5 16 26 9,1
6801,'20260823',1001,,205516,25,,,1,300,,205517,25,,,1,300,,205518,25,,,1,300,,205519,25,,,1,505,,205520,25,0,5 16 26 9,1
6801,'20260824',456,,205521,25,0,5 16 26 9,1,598,,205522,25,,,1,100,,205523,25,,,1,384,,205524,25,0,5 16 26 9,1,200,,205525,25,0,5 16 26 9,1,116,,205526,25,,,1,146,,205527,25,,,1,345,,205528,25,0,5 16 26 9,1
6801,'20260825',456,,205529,25,0,5 16 26 9,1,598,,205530,25,,,1,100,,205531,25,,,1,384,,205532,25,0,5 16 26 9,1,200,,205533,25,0,5 16 26 9,1,116,,205534,25,,,1,146,,205535,25,,,1,345,,205536,25,0,5 16 26 9,1
6801,'20260826',456,,205537,25,0,5 16 26 9,1,598,,205538,25,,,1,100,,205539,25,,,1,384,,205540,25,0,5 16 26 9,1,200,,205541,25,0,5 16 26 9,1,116,,205542,25,,,1,146,,205543,25,,,1,345,,205544,25,0,5 16 26 9,1
6801,'20260827',456,,205545,25,0,5 16 26 9,1,598,,205546,25,,,1,100,,205547,25,,,1,384,,205548,25,0,5 16 26 9,1,200,,205549,25,0,5 16 26 9,1,116,,205550,25,,,1,146,,205551,25,,,1,345,,205552,25,0,5 16 26 9,1
6801,'20260828',456,,205553,25,0,5 16 26 9,1,598,,205554,25,,,1,100,,205555,25,,,1,384,,205556,25,0,5 16 26 9,1,200,,205557,25,0,5 16 26 9,1,116,,205558,25,,,1,146,,205559,25,,,1,345,,205560,25,0,5 16 26 9,1
6801,'20260829',1001,,205561,25,,,1,300,,205562,25,,,1,300,,205563,25,,,1,300,,205564,25,,,1,505,,205565,25,0,5 16 26 9,1
6801,'20260830',1001,,205566,25,,,1,300,,205567,25,,,1,300,,205568,25,,,1,300,,205569,25,,,1,505,,205570,25,0,5 16 26 9,1
6801,'20260831',456,,205571,25,0,5 16 26 9,1,598,,205572,25,,,1,100,,205573,25,,,1,384,,205574,25,0,5 16 26 9,1,200,,205575,25,0,5 16 26 9,1,116,,205576,25,,,1,146,,205577,25,,,1,345,,205578,25,0,5 16 26 9,1
6801,'20260901',456,,205579,25,0,5 16 26 9,1,598,,205580,25,,,1,100,,205581,25,,,1,384,,205582,25,0,5 16 26 9,1,200,,205583,25,0,5 16 26 9,1,116,,205584,25,,,1,146,,205585,25,,,1,345,,205586,25,0,5 16 26 9,1
6801,'20260902',456,,205587,25,0,5 16 26 9,1,598,,205588,25,,,1,100,,205589,25,,,1,384,,205590,25,0,5 16 26 9,1,200,,205591,25,0,5 16 26 9,1,116,,205592,25,,,1,146,,205593,25,,,1,345,,205594,25,0,5 16 26 9,1
6801,'20260903',456,,205595,25,0,5 16 26 9,1,598,,205596,25,,,1,100,,205597,25,,,1,384,,205598,25,0,5 16 26 9,1,200,,205599,25,0,5 16 26 9,1,116,,205600,25,,,1,146,,205601,25,,,1,345,,205602,25,0,5 16 26 9,1
6801,'20260904',456,,205603,25,0,5 16 26 9,1,598,,205604,25,,,1,100,,205605,25,,,1,384,,205606,25,0,5 16 26 9,1,200,,205607,25,0,5 16 26 9,1,116,,205608,25,,,1,146,,205609,25,,,1,345,,205610,25,0,5 16 26 9,1
