3800,'20260625',1636,,176551,6,,,1,270,,176552,6,,,1
3800,'20260626',1636,,176553,6,,,1,270,,176554,6,,,1
3800,'20260629',1636,,176555,6,,,1,270,,176556,6,,,1
3800,'20260630',1636,,176557,6,,,1,270,,176558,6,,,1
3800,'20260702',1636,,176559,6,,,1,270,,176560,6,,,1
3800,'20260703',1636,,176561,6,,,1,270,,176562,6,,,1
3800,'20260706',1636,,176563,6,,,1,270,,176564,6,,,1
3800,'20260707',1636,,176565,6,,,1,270,,176566,6,,,1
3800,'20260708',1636,,176567,6,,,1,270,,176568,6,,,1
3800,'20260709',1636,,176569,6,,,1,270,,176570,6,,,1
3800,'20260710',1636,,176571,6,,,1,270,,176572,6,,,1
3800,'20260713',1636,,176573,6,,,1,270,,176574,6,,,1
3800,'20260714',1636,,176575,6,,,1,270,,176576,6,,,1
3800,'20260715',1636,,176577,6,,,1,270,,176578,6,,,1
3800,'20260716',1636,,176579,6,,,1,270,,176580,6,,,1
3800,'20260717',1636,,176581,6,,,1,270,,176582,6,,,1
3800,'20260720',1636,,176583,6,,,1,270,,176584,6,,,1
3800,'20260721',1636,,176585,6,,,1,270,,176586,6,,,1
3800,'20260722',1636,,176587,6,,,1,270,,176588,6,,,1
3800,'20260723',1636,,176589,6,,,1,270,,176590,6,,,1
3800,'20260724',1636,,176591,6,,,1,270,,176592,6,,,1
3800,'20260727',1636,,176593,6,,,1,270,,176594,6,,,1
3800,'20260728',1636,,176595,6,,,1,270,,176596,6,,,1
3800,'20260729',1636,,176597,6,,,1,270,,176598,6,,,1
3800,'20260730',1636,,176599,6,,,1,270,,176600,6,,,1
3800,'20260731',1636,,176601,6,,,1,270,,176602,6,,,1
3800,'20260804',1636,,176603,6,,,1,270,,176604,6,,,1
3800,'20260805',1636,,176605,6,,,1,270,,176606,6,,,1
3800,'20260806',1636,,176607,6,,,1,270,,176608,6,,,1
3800,'20260807',1636,,176609,6,,,1,270,,176610,6,,,1
3800,'20260810',1636,,176611,6,,,1,270,,176612,6,,,1
3800,'20260811',1636,,176613,6,,,1,270,,176614,6,,,1
3800,'20260812',1636,,176615,6,,,1,270,,176616,6,,,1
3800,'20260813',1636,,176617,6,,,1,270,,176618,6,,,1
3800,'20260814',1636,,176619,6,,,1,270,,176620,6,,,1
3800,'20260817',1636,,176621,6,,,1,270,,176622,6,,,1
3800,'20260818',1636,,176623,6,,,1,270,,176624,6,,,1
3800,'20260819',1636,,176625,6,,,1,270,,176626,6,,,1
3800,'20260820',1636,,176627,6,,,1,270,,176628,6,,,1
3800,'20260821',1636,,176629,6,,,1,270,,176630,6,,,1
3800,'20260824',1636,,176631,6,,,1,270,,176632,6,,,1
3800,'20260825',1636,,176633,6,,,1,270,,176634,6,,,1
3800,'20260826',1636,,176635,6,,,1,270,,176636,6,,,1
3800,'20260827',1636,,176637,6,,,1,270,,176638,6,,,1
3800,'20260828',1636,,176639,6,,,1,270,,176640,6,,,1
3800,'20260831',1636,,176641,6,,,1,270,,176642,6,,,1
3800,'20260901',1636,,176643,6,,,1,270,,176644,6,,,1
3800,'20260902',1636,,176645,6,,,1,270,,176646,6,,,1
3800,'20260903',1636,,176647,6,,,1,270,,176648,6,,,1
3800,'20260904',1636,,176649,6,,,1,270,,176650,6,,,1
