3701,'20260722',459,,176311,19,,,1,187,,176312,19,,,1,96,,176313,19,,,1,884,,176314,19,0,31 18 9,1,230,,176315,4,0,5 13,1,144,,176316,4,0,5 13,1,234,,176317,4,0,34 18 9,1
3701,'20260723',459,,176318,19,,,1,187,,176319,19,,,1,96,,176320,19,,,1,884,,176321,19,0,31 18 9,1,230,,176322,4,0,5 13,1,144,,176323,4,0,5 13,1,234,,176324,4,0,34 18 9,1
3701,'20260724',459,,176325,19,,,1,187,,176326,19,,,1,96,,176327,19,,,1,884,,176328,19,0,31 18 9,1,230,,176329,4,0,5 13,1,144,,176330,4,0,5 13,1,234,,176331,4,0,34 18 9,1
3701,'20260727',459,,176332,19,,,1,187,,176333,19,,,1,96,,176334,19,,,1,884,,176335,19,0,31 18 9,1,230,,176336,4,0,5 13,1,144,,176337,4,0,5 13,1,234,,176338,4,0,34 18 9,1
3701,'20260728',459,,176339,19,,,1,187,,176340,19,,,1,96,,176341,19,,,1,884,,176342,19,0,31 18 9,1,230,,176343,4,0,5 13,1,144,,176344,4,0,5 13,1,234,,176345,4,0,34 18 9,1
3701,'20260729',459,,176346,19,,,1,187,,176347,19,,,1,96,,176348,19,,,1,884,,176349,19,0,31 18 9,1,230,,176350,4,0,5 13,1,144,,176351,4,0,5 13,1,234,,176352,4,0,34 18 9,1
3701,'20260730',459,,176353,19,,,1,187,,176354,19,,,1,96,,176355,19,,,1,884,,176356,19,0,31 18 9,1,230,,176357,4,0,5 13,1,144,,176358,4,0,5 13,1,234,,176359,4,0,34 18 9,1
3701,'20260731',459,,176360,19,,,1,187,,176361,19,,,1,96,,176362,19,,,1,884,,176363,19,0,31 18 9,1,230,,176364,4,0,5 13,1,144,,176365,4,0,5 13,1,234,,176366,4,0,34 18 9,1
3701,'20260804',459,,176367,19,,,1,187,,176368,19,,,1,96,,176369,19,,,1,884,,176370,19,0,31 18 9,1,230,,176371,4,0,5 13,1,144,,176372,4,0,5 13,1,234,,176373,4,0,34 18 9,1
3701,'20260805',459,,176374,19,,,1,187,,176375,19,,,1,96,,176376,19,,,1,884,,176377,19,0,31 18 9,1,230,,176378,4,0,5 13,1,144,,176379,4,0,5 13,1,234,,176380,4,0,34 18 9,1
3701,'20260806',459,,176381,19,,,1,187,,176382,19,,,1,96,,176383,19,,,1,884,,176384,19,0,31 18 9,1,230,,176385,4,0,5 13,1,144,,176386,4,0,5 13,1,234,,176387,4,0,34 18 9,1
3701,'20260807',459,,176388,19,,,1,187,,176389,19,,,1,96,,176390,19,,,1,884,,176391,19,0,31 18 9,1,230,,176392,4,0,5 13,1,144,,176393,4,0,5 13,1,234,,176394,4,0,34 18 9,1
3701,'20260810',459,,176395,19,,,1,187,,176396,19,,,1,96,,176397,19,,,1,884,,176398,19,0,31 18 9,1,230,,176399,4,0,5 13,1,144,,176400,4,0,5 13,1,234,,176401,4,0,34 18 9,1
3701,'20260811',459,,176402,19,,,1,187,,176403,19,,,1,96,,176404,19,,,1,884,,176405,19,0,31 18 9,1,230,,176406,4,0,5 13,1,144,,176407,4,0,5 13,1,234,,176408,4,0,34 18 9,1
3701,'20260812',459,,176409,19,,,1,187,,176410,19,,,1,96,,176411,19,,,1,884,,176412,19,0,31 18 9,1,230,,176413,4,0,5 13,1,144,,176414,4,0,5 13,1,234,,176415,4,0,34 18 9,1
3701,'20260813',459,,176416,19,,,1,187,,176417,19,,,1,96,,176418,19,,,1,884,,176419,19,0,31 18 9,1,230,,176420,4,0,5 13,1,144,,176421,4,0,5 13,1,234,,176422,4,0,34 18 9,1
3701,'20260814',459,,176423,19,,,1,187,,176424,19,,,1,96,,176425,19,,,1,884,,176426,19,0,31 18 9,1,230,,176427,4,0,5 13,1,144,,176428,4,0,5 13,1,234,,176429,4,0,34 18 9,1
3701,'20260817',459,,176430,19,,,1,187,,176431,19,,,1,96,,176432,19,,,1,884,,176433,19,0,31 18 9,1,230,,176434,4,0,5 13,1,144,,176435,4,0,5 13,1,234,,176436,4,0,34 18 9,1
3701,'20260818',459,,176437,19,,,1,187,,176438,19,,,1,96,,176439,19,,,1,884,,176440,19,0,31 18 9,1,230,,176441,4,0,5 13,1,144,,176442,4,0,5 13,1,234,,176443,4,0,34 18 9,1
3701,'20260819',459,,176444,19,,,1,187,,176445,19,,,1,96,,176446,19,,,1,884,,176447,19,0,31 18 9,1,230,,176448,4,0,5 13,1,144,,176449,4,0,5 13,1,234,,176450,4,0,34 18 9,1
3701,'20260820',459,,176451,19,,,1,187,,176452,19,,,1,96,,176453,19,,,1,884,,176454,19,0,31 18 9,1,230,,176455,4,0,5 13,1,144,,176456,4,0,5 13,1,234,,176457,4,0,34 18 9,1
3701,'20260821',459,,176458,19,,,1,187,,176459,19,,,1,96,,176460,19,,,1,884,,176461,19,0,31 18 9,1,230,,176462,4,0,5 13,1,144,,176463,4,0,5 13,1,234,,176464,4,0,34 18 9,1
3701,'20260824',459,,176465,19,,,1,187,,176466,19,,,1,96,,176467,19,,,1,884,,176468,19,0,31 18 9,1,230,,176469,4,0,5 13,1,144,,176470,4,0,5 13,1,234,,176471,4,0,34 18 9,1
3701,'20260825',459,,176472,19,,,1,187,,176473,19,,,1,96,,176474,19,,,1,884,,176475,19,0,31 18 9,1,230,,176476,4,0,5 13,1,144,,176477,4,0,5 13,1,234,,176478,4,0,34 18 9,1
3701,'20260826',459,,176479,19,,,1,187,,176480,19,,,1,96,,176481,19,,,1,884,,176482,19,0,31 18 9,1,230,,176483,4,0,5 13,1,144,,176484,4,0,5 13,1,234,,176485,4,0,34 18 9,1
3701,'20260827',459,,176486,19,,,1,187,,176487,19,,,1,96,,176488,19,,,1,884,,176489,19,0,31 18 9,1,230,,176490,4,0,5 13,1,144,,176491,4,0,5 13,1,234,,176492,4,0,34 18 9,1
3701,'20260828',459,,176493,19,,,1,187,,176494,19,,,1,96,,176495,19,,,1,884,,176496,19,0,31 18 9,1,230,,176497,4,0,5 13,1,144,,176498,4,0,5 13,1,234,,176499,4,0,34 18 9,1
3701,'20260831',459,,176500,19,,,1,187,,176501,19,,,1,96,,176502,19,,,1,884,,176503,19,0,31 18 9,1,230,,176504,4,0,5 13,1,144,,176505,4,0,5 13,1,234,,176506,4,0,34 18 9,1
3701,'20260901',459,,176507,19,,,1,187,,176508,19,,,1,96,,176509,19,,,1,884,,176510,19,0,31 18 9,1,230,,176511,4,0,5 13,1,144,,176512,4,0,5 13,1,234,,176513,4,0,34 18 9,1
3701,'20260902',459,,176514,19,,,1,187,,176515,19,,,1,96,,176516,19,,,1,884,,176517,19,0,31 18 9,1,230,,176518,4,0,5 13,1,144,,176519,4,0,5 13,1,234,,176520,4,0,34 18 9,1
3701,'20260903',459,,176521,19,,,1,187,,176522,19,,,1,96,,176523,19,,,1,884,,176524,19,0,31 18 9,1,230,,176525,4,0,5 13,1,144,,176526,4,0,5 13,1,234,,176527,4,0,34 18 9,1
3701,'20260904',459,,176528,19,,,1,187,,176529,19,,,1,96,,176530,19,,,1,884,,176531,19,0,31 18 9,1,230,,176532,4,0,5 13,1,144,,176533,4,0,5 13,1,234,,176534,4,0,34 18 9,1
