2201,'20260722',734,,148192,15,,,1,97,,148193,15,,,1,202,,148194,15,,,1,200,,148195,15,,,1,200,,148196,15,,,1,204,,148197,15,,,1,195,,148198,15,,,1,200,,148199,15,,,1
2201,'20260723',734,,148200,15,,,1,97,,148201,15,,,1,202,,148202,15,,,1,200,,148203,15,,,1,200,,148204,15,,,1,204,,148205,15,,,1,195,,148206,15,,,1,200,,148207,15,,,1
2201,'20260724',734,,148208,15,,,1,97,,148209,15,,,1,202,,148210,15,,,1,200,,148211,15,,,1,200,,148212,15,,,1,204,,148213,15,,,1,195,,148214,15,,,1,200,,148215,15,,,1
2201,'20260727',734,,148216,15,,,1,97,,148217,15,,,1,202,,148218,15,,,1,200,,148219,15,,,1,200,,148220,15,,,1,204,,148221,15,,,1,195,,148222,15,,,1,200,,148223,15,,,1
2201,'20260728',734,,148224,15,,,1,97,,148225,15,,,1,202,,148226,15,,,1,200,,148227,15,,,1,200,,148228,15,,,1,204,,148229,15,,,1,195,,148230,15,,,1,200,,148231,15,,,1
2201,'20260729',734,,148232,15,,,1,97,,148233,15,,,1,202,,148234,15,,,1,200,,148235,15,,,1,200,,148236,15,,,1,204,,148237,15,,,1,195,,148238,15,,,1,200,,148239,15,,,1
2201,'20260730',734,,148240,15,,,1,97,,148241,15,,,1,202,,148242,15,,,1,200,,148243,15,,,1,200,,148244,15,,,1,204,,148245,15,,,1,195,,148246,15,,,1,200,,148247,15,,,1
2201,'20260731',734,,148248,15,,,1,97,,148249,15,,,1,202,,148250,15,,,1,200,,148251,15,,,1,200,,148252,15,,,1,204,,148253,15,,,1,195,,148254,15,,,1,200,,148255,15,,,1
2201,'20260804',734,,148256,15,,,1,97,,148257,15,,,1,202,,148258,15,,,1,200,,148259,15,,,1,200,,148260,15,,,1,204,,148261,15,,,1,195,,148262,15,,,1,200,,148263,15,,,1
2201,'20260805',734,,148264,15,,,1,97,,148265,15,,,1,202,,148266,15,,,1,200,,148267,15,,,1,200,,148268,15,,,1,204,,148269,15,,,1,195,,148270,15,,,1,200,,148271,15,,,1
2201,'20260806',734,,148272,15,,,1,97,,148273,15,,,1,202,,148274,15,,,1,200,,148275,15,,,1,200,,148276,15,,,1,204,,148277,15,,,1,195,,148278,15,,,1,200,,148279,15,,,1
2201,'20260807',734,,148280,15,,,1,97,,148281,15,,,1,202,,148282,15,,,1,200,,148283,15,,,1,200,,148284,15,,,1,204,,148285,15,,,1,195,,148286,15,,,1,200,,148287,15,,,1
2201,'20260810',734,,148288,15,,,1,97,,148289,15,,,1,202,,148290,15,,,1,200,,148291,15,,,1,200,,148292,15,,,1,204,,148293,15,,,1,195,,148294,15,,,1,200,,148295,15,,,1
2201,'20260811',734,,148296,15,,,1,97,,148297,15,,,1,202,,148298,15,,,1,200,,148299,15,,,1,200,,148300,15,,,1,204,,148301,15,,,1,195,,148302,15,,,1,200,,148303,15,,,1
2201,'20260812',734,,148304,15,,,1,97,,148305,15,,,1,202,,148306,15,,,1,200,,148307,15,,,1,200,,148308,15,,,1,204,,148309,15,,,1,195,,148310,15,,,1,200,,148311,15,,,1
2201,'20260813',734,,148312,15,,,1,97,,148313,15,,,1,202,,148314,15,,,1,200,,148315,15,,,1,200,,148316,15,,,1,204,,148317,15,,,1,195,,148318,15,,,1,200,,148319,15,,,1
2201,'20260814',734,,148320,15,,,1,97,,148321,15,,,1,202,,148322,15,,,1,200,,148323,15,,,1,200,,148324,15,,,1,204,,148325,15,,,1,195,,148326,15,,,1,200,,148327,15,,,1
2201,'20260817',734,,148328,15,,,1,97,,148329,15,,,1,202,,148330,15,,,1,200,,148331,15,,,1,200,,148332,15,,,1,204,,148333,15,,,1,195,,148334,15,,,1,200,,148335,15,,,1
2201,'20260818',734,,148336,15,,,1,97,,148337,15,,,1,202,,148338,15,,,1,200,,148339,15,,,1,200,,148340,15,,,1,204,,148341,15,,,1,195,,148342,15,,,1,200,,148343,15,,,1
2201,'20260819',734,,148344,15,,,1,97,,148345,15,,,1,202,,148346,15,,,1,200,,148347,15,,,1,200,,148348,15,,,1,204,,148349,15,,,1,195,,148350,15,,,1,200,,148351,15,,,1
2201,'20260820',734,,148352,15,,,1,97,,148353,15,,,1,202,,148354,15,,,1,200,,148355,15,,,1,200,,148356,15,,,1,204,,148357,15,,,1,195,,148358,15,,,1,200,,148359,15,,,1
2201,'20260821',734,,148360,15,,,1,97,,148361,15,,,1,202,,148362,15,,,1,200,,148363,15,,,1,200,,148364,15,,,1,204,,148365,15,,,1,195,,148366,15,,,1,200,,148367,15,,,1
2201,'20260824',734,,148368,15,,,1,97,,148369,15,,,1,202,,148370,15,,,1,200,,148371,15,,,1,200,,148372,15,,,1,204,,148373,15,,,1,195,,148374,15,,,1,200,,148375,15,,,1
2201,'20260825',734,,148376,15,,,1,97,,148377,15,,,1,202,,148378,15,,,1,200,,148379,15,,,1,200,,148380,15,,,1,204,,148381,15,,,1,195,,148382,15,,,1,200,,148383,15,,,1
2201,'20260826',734,,148384,15,,,1,97,,148385,15,,,1,202,,148386,15,,,1,200,,148387,15,,,1,200,,148388,15,,,1,204,,148389,15,,,1,195,,148390,15,,,1,200,,148391,15,,,1
2201,'20260827',734,,148392,15,,,1,97,,148393,15,,,1,202,,148394,15,,,1,200,,148395,15,,,1,200,,148396,15,,,1,204,,148397,15,,,1,195,,148398,15,,,1,200,,148399,15,,,1
2201,'20260828',734,,148400,15,,,1,97,,148401,15,,,1,202,,148402,15,,,1,200,,148403,15,,,1,200,,148404,15,,,1,204,,148405,15,,,1,195,,148406,15,,,1,200,,148407,15,,,1
2201,'20260831',734,,148408,15,,,1,97,,148409,15,,,1,202,,148410,15,,,1,200,,148411,15,,,1,200,,148412,15,,,1,204,,148413,15,,,1,195,,148414,15,,,1,200,,148415,15,,,1
2201,'20260901',734,,148416,15,,,1,97,,148417,15,,,1,202,,148418,15,,,1,200,,148419,15,,,1,200,,148420,15,,,1,204,,148421,15,,,1,195,,148422,15,,,1,200,,148423,15,,,1
2201,'20260902',734,,148424,15,,,1,97,,148425,15,,,1,202,,148426,15,,,1,200,,148427,15,,,1,200,,148428,15,,,1,204,,148429,15,,,1,195,,148430,15,,,1,200,,148431,15,,,1
2201,'20260903',734,,148432,15,,,1,97,,148433,15,,,1,202,,148434,15,,,1,200,,148435,15,,,1,200,,148436,15,,,1,204,,148437,15,,,1,195,,148438,15,,,1,200,,148439,15,,,1
2201,'20260904',734,,148440,15,,,1,97,,148441,15,,,1,202,,148442,15,,,1,200,,148443,15,,,1,200,,148444,15,,,1,204,,148445,15,,,1,195,,148446,15,,,1,200,,148447,15,,,1
5601,'20260722',612,,200839,24,,,1,45,,200840,7,0,5 56 9,1,55,,200841,24,,,1,15,,200842,7,0,5 56 9,1,17,,200843,24,,,1,15,,200844,7,0,5 56 9,1,55,,200845,24,,,1,30,,200846,24,,,1,70,,200847,24,,,1,35,,200848,24,,,1,68,,200849,24,,,1,30,,200850,24,,,1,75,,200851,24,,,1,30,,200852,24,,,1,70,,200853,24,,,1,30,,200854,24,,,1,70,,200855,24,,,1,25,,200856,24,,,1,70,,200857,24,,,1,30,,200858,24,,,1,70,,200859,24,,,1,30,,200860,24,,,1,70,,200861,24,,,1,42,,200862,24,,,1,60,,200863,24,,,1,35,,200864,24,,,1,70,,200865,24,,,1,30,,200867,24,,,1,65,,200868,24,,,1,30,,200870,24,,,1,65,,200871,24,,,1,30,,200872,24,,,1,83,,200873,24,,,1,85,,200874,24,,,1,100,,200875,24,,,1,200,,200876,24,,,1
5601,'20260723',612,,200877,24,,,1,45,,200878,7,0,5 56 9,1,55,,200879,24,,,1,15,,200880,7,0,5 56 9,1,17,,200881,24,,,1,15,,200882,7,0,5 56 9,1,55,,200883,24,,,1,30,,200884,24,,,1,70,,200885,24,,,1,35,,200886,24,,,1,68,,200887,24,,,1,30,,200888,24,,,1,75,,200889,24,,,1,30,,200890,24,,,1,70,,200891,24,,,1,30,,200892,24,,,1,70,,200893,24,,,1,25,,200894,24,,,1,70,,200895,24,,,1,30,,200896,24,,,1,70,,200897,24,,,1,30,,200898,24,,,1,70,,200899,24,,,1,42,,200900,24,,,1,60,,200901,24,,,1,35,,200902,24,,,1,70,,200903,24,,,1,30,,200905,24,,,1,65,,200906,24,,,1,30,,200908,24,,,1,65,,200909,24,,,1,30,,200910,24,,,1,83,,200911,24,,,1,85,,200912,24,,,1,100,,200913,24,,,1,200,,200914,24,,,1
5601,'20260724',612,,200915,24,,,1,45,,200916,7,0,5 56 9,1,55,,200917,24,,,1,15,,200918,7,0,5 56 9,1,17,,200919,24,,,1,15,,200920,7,0,5 56 9,1,55,,200921,24,,,1,30,,200922,24,,,1,70,,200923,24,,,1,35,,200924,24,,,1,68,,200925,24,,,1,30,,200926,24,,,1,75,,200927,24,,,1,30,,200928,24,,,1,70,,200929,24,,,1,30,,200930,24,,,1,70,,200931,24,,,1,25,,200932,24,,,1,70,,200933,24,,,1,30,,200934,24,,,1,70,,200935,24,,,1,30,,200936,24,,,1,70,,200937,24,,,1,42,,200938,24,,,1,60,,200939,24,,,1,35,,200940,24,,,1,70,,200941,24,,,1,30,,200943,24,,,1,65,,200944,24,,,1,30,,200946,24,,,1,65,,200947,24,,,1,30,,200948,24,,,1,83,,200949,24,,,1,85,,200950,24,,,1,100,,200951,24,,,1,200,,200952,24,,,1
5601,'20260727',612,,200953,24,,,1,45,,200954,7,0,5 56 9,1,55,,200955,24,,,1,15,,200956,7,0,5 56 9,1,17,,200957,24,,,1,15,,200958,7,0,5 56 9,1,55,,200959,24,,,1,30,,200960,24,,,1,70,,200961,24,,,1,35,,200962,24,,,1,68,,200963,24,,,1,30,,200964,24,,,1,75,,200965,24,,,1,30,,200966,24,,,1,70,,200967,24,,,1,30,,200968,24,,,1,70,,200969,24,,,1,25,,200970,24,,,1,70,,200971,24,,,1,30,,200972,24,,,1,70,,200973,24,,,1,30,,200974,24,,,1,70,,200975,24,,,1,42,,200976,24,,,1,60,,200977,24,,,1,35,,200978,24,,,1,70,,200979,24,,,1,30,,200981,24,,,1,65,,200982,24,,,1,30,,200984,24,,,1,65,,200985,24,,,1,30,,200986,24,,,1,83,,200987,24,,,1,85,,200988,24,,,1,100,,200989,24,,,1,200,,200990,24,,,1
5601,'20260728',612,,200991,24,,,1,45,,200992,7,0,5 56 9,1,55,,200993,24,,,1,15,,200994,7,0,5 56 9,1,17,,200995,24,,,1,15,,200996,7,0,5 56 9,1,55,,200997,24,,,1,30,,200998,24,,,1,70,,200999,24,,,1,35,,201000,24,,,1,68,,201001,24,,,1,30,,201002,24,,,1,75,,201003,24,,,1,30,,201004,24,,,1,70,,201005,24,,,1,30,,201006,24,,,1,70,,201007,24,,,1,25,,201008,24,,,1,70,,201009,24,,,1,30,,201010,24,,,1,70,,201011,24,,,1,30,,201012,24,,,1,70,,201013,24,,,1,42,,201014,24,,,1,60,,201015,24,,,1,35,,201016,24,,,1,70,,201017,24,,,1,30,,201019,24,,,1,65,,201020,24,,,1,30,,201022,24,,,1,65,,201023,24,,,1,30,,201024,24,,,1,83,,201025,24,,,1,85,,201026,24,,,1,100,,201027,24,,,1,200,,201028,24,,,1
5601,'20260729',612,,201029,24,,,1,45,,201030,7,0,5 56 9,1,55,,201031,24,,,1,15,,201032,7,0,5 56 9,1,17,,201033,24,,,1,15,,201034,7,0,5 56 9,1,55,,201035,24,,,1,30,,201036,24,,,1,70,,201037,24,,,1,35,,201038,24,,,1,68,,201039,24,,,1,30,,201040,24,,,1,75,,201041,24,,,1,30,,201042,24,,,1,70,,201043,24,,,1,30,,201044,24,,,1,70,,201045,24,,,1,25,,201046,24,,,1,70,,201047,24,,,1,30,,201048,24,,,1,70,,201049,24,,,1,30,,201050,24,,,1,70,,201051,24,,,1,42,,201052,24,,,1,60,,201053,24,,,1,35,,201054,24,,,1,70,,201055,24,,,1,30,,201057,24,,,1,65,,201058,24,,,1,30,,201060,24,,,1,65,,201061,24,,,1,30,,201062,24,,,1,83,,201063,24,,,1,85,,201064,24,,,1,100,,201065,24,,,1,200,,201066,24,,,1
5601,'20260730',612,,201067,24,,,1,45,,201068,7,0,5 56 9,1,55,,201069,24,,,1,15,,201070,7,0,5 56 9,1,17,,201071,24,,,1,15,,201072,7,0,5 56 9,1,55,,201073,24,,,1,30,,201074,24,,,1,70,,201075,24,,,1,35,,201076,24,,,1,68,,201077,24,,,1,30,,201078,24,,,1,75,,201079,24,,,1,30,,201080,24,,,1,70,,201081,24,,,1,30,,201082,24,,,1,70,,201083,24,,,1,25,,201084,24,,,1,70,,201085,24,,,1,30,,201086,24,,,1,70,,201087,24,,,1,30,,201088,24,,,1,70,,201089,24,,,1,42,,201090,24,,,1,60,,201091,24,,,1,35,,201092,24,,,1,70,,201093,24,,,1,30,,201095,24,,,1,65,,201096,24,,,1,30,,201098,24,,,1,65,,201099,24,,,1,30,,201100,24,,,1,83,,201101,24,,,1,85,,201102,24,,,1,100,,201103,24,,,1,200,,201104,24,,,1
5601,'20260731',612,,201105,24,,,1,45,,201106,7,0,5 56 9,1,55,,201107,24,,,1,15,,201108,7,0,5 56 9,1,17,,201109,24,,,1,15,,201110,7,0,5 56 9,1,55,,201111,24,,,1,30,,201112,24,,,1,70,,201113,24,,,1,35,,201114,24,,,1,68,,201115,24,,,1,30,,201116,24,,,1,75,,201117,24,,,1,30,,201118,24,,,1,70,,201119,24,,,1,30,,201120,24,,,1,70,,201121,24,,,1,25,,201122,24,,,1,70,,201123,24,,,1,30,,201124,24,,,1,70,,201125,24,,,1,30,,201126,24,,,1,70,,201127,24,,,1,42,,201128,24,,,1,60,,201129,24,,,1,35,,201130,24,,,1,70,,201131,24,,,1,30,,201133,24,,,1,65,,201134,24,,,1,30,,201136,24,,,1,65,,201137,24,,,1,30,,201138,24,,,1,83,,201139,24,,,1,85,,201140,24,,,1,100,,201141,24,,,1,200,,201142,24,,,1
5601,'20260804',612,,201143,24,,,1,45,,201144,7,0,5 56 9,1,55,,201145,24,,,1,15,,201146,7,0,5 56 9,1,17,,201147,24,,,1,15,,201148,7,0,5 56 9,1,55,,201149,24,,,1,30,,201150,24,,,1,70,,201151,24,,,1,35,,201152,24,,,1,68,,201153,24,,,1,30,,201154,24,,,1,75,,201155,24,,,1,30,,201156,24,,,1,70,,201157,24,,,1,30,,201158,24,,,1,70,,201159,24,,,1,25,,201160,24,,,1,70,,201161,24,,,1,30,,201162,24,,,1,70,,201163,24,,,1,30,,201164,24,,,1,70,,201165,24,,,1,42,,201166,24,,,1,60,,201167,24,,,1,35,,201168,24,,,1,70,,201169,24,,,1,30,,201171,24,,,1,65,,201172,24,,,1,30,,201174,24,,,1,65,,201175,24,,,1,30,,201176,24,,,1,83,,201177,24,,,1,85,,201178,24,,,1,100,,201179,24,,,1,200,,201180,24,,,1
5601,'20260805',612,,201181,24,,,1,45,,201182,7,0,5 56 9,1,55,,201183,24,,,1,15,,201184,7,0,5 56 9,1,17,,201185,24,,,1,15,,201186,7,0,5 56 9,1,55,,201187,24,,,1,30,,201188,24,,,1,70,,201189,24,,,1,35,,201190,24,,,1,68,,201191,24,,,1,30,,201192,24,,,1,75,,201193,24,,,1,30,,201194,24,,,1,70,,201195,24,,,1,30,,201196,24,,,1,70,,201197,24,,,1,25,,201198,24,,,1,70,,201199,24,,,1,30,,201200,24,,,1,70,,201201,24,,,1,30,,201202,24,,,1,70,,201203,24,,,1,42,,201204,24,,,1,60,,201205,24,,,1,35,,201206,24,,,1,70,,201207,24,,,1,30,,201209,24,,,1,65,,201210,24,,,1,30,,201212,24,,,1,65,,201213,24,,,1,30,,201214,24,,,1,83,,201215,24,,,1,85,,201216,24,,,1,100,,201217,24,,,1,200,,201218,24,,,1
5601,'20260806',612,,201219,24,,,1,45,,201220,7,0,5 56 9,1,55,,201221,24,,,1,15,,201222,7,0,5 56 9,1,17,,201223,24,,,1,15,,201224,7,0,5 56 9,1,55,,201225,24,,,1,30,,201226,24,,,1,70,,201227,24,,,1,35,,201228,24,,,1,68,,201229,24,,,1,30,,201230,24,,,1,75,,201231,24,,,1,30,,201232,24,,,1,70,,201233,24,,,1,30,,201234,24,,,1,70,,201235,24,,,1,25,,201236,24,,,1,70,,201237,24,,,1,30,,201238,24,,,1,70,,201239,24,,,1,30,,201240,24,,,1,70,,201241,24,,,1,42,,201242,24,,,1,60,,201243,24,,,1,35,,201244,24,,,1,70,,201245,24,,,1,30,,201247,24,,,1,65,,201248,24,,,1,30,,201250,24,,,1,65,,201251,24,,,1,30,,201252,24,,,1,83,,201253,24,,,1,85,,201254,24,,,1,100,,201255,24,,,1,200,,201256,24,,,1
5601,'20260807',612,,201257,24,,,1,45,,201258,7,0,5 56 9,1,55,,201259,24,,,1,15,,201260,7,0,5 56 9,1,17,,201261,24,,,1,15,,201262,7,0,5 56 9,1,55,,201263,24,,,1,30,,201264,24,,,1,70,,201265,24,,,1,35,,201266,24,,,1,68,,201267,24,,,1,30,,201268,24,,,1,75,,201269,24,,,1,30,,201270,24,,,1,70,,201271,24,,,1,30,,201272,24,,,1,70,,201273,24,,,1,25,,201274,24,,,1,70,,201275,24,,,1,30,,201276,24,,,1,70,,201277,24,,,1,30,,201278,24,,,1,70,,201279,24,,,1,42,,201280,24,,,1,60,,201281,24,,,1,35,,201282,24,,,1,70,,201283,24,,,1,30,,201285,24,,,1,65,,201286,24,,,1,30,,201288,24,,,1,65,,201289,24,,,1,30,,201290,24,,,1,83,,201291,24,,,1,85,,201292,24,,,1,100,,201293,24,,,1,200,,201294,24,,,1
5601,'20260810',612,,201295,24,,,1,45,,201296,7,0,5 56 9,1,55,,201297,24,,,1,15,,201298,7,0,5 56 9,1,17,,201299,24,,,1,15,,201300,7,0,5 56 9,1,55,,201301,24,,,1,30,,201302,24,,,1,70,,201303,24,,,1,35,,201304,24,,,1,68,,201305,24,,,1,30,,201306,24,,,1,75,,201307,24,,,1,30,,201308,24,,,1,70,,201309,24,,,1,30,,201310,24,,,1,70,,201311,24,,,1,25,,201312,24,,,1,70,,201313,24,,,1,30,,201314,24,,,1,70,,201315,24,,,1,30,,201316,24,,,1,70,,201317,24,,,1,42,,201318,24,,,1,60,,201319,24,,,1,35,,201320,24,,,1,70,,201321,24,,,1,30,,201323,24,,,1,65,,201324,24,,,1,30,,201326,24,,,1,65,,201327,24,,,1,30,,201328,24,,,1,83,,201329,24,,,1,85,,201330,24,,,1,100,,201331,24,,,1,200,,201332,24,,,1
5601,'20260811',612,,201333,24,,,1,45,,201334,7,0,5 56 9,1,55,,201335,24,,,1,15,,201336,7,0,5 56 9,1,17,,201337,24,,,1,15,,201338,7,0,5 56 9,1,55,,201339,24,,,1,30,,201340,24,,,1,70,,201341,24,,,1,35,,201342,24,,,1,68,,201343,24,,,1,30,,201344,24,,,1,75,,201345,24,,,1,30,,201346,24,,,1,70,,201347,24,,,1,30,,201348,24,,,1,70,,201349,24,,,1,25,,201350,24,,,1,70,,201351,24,,,1,30,,201352,24,,,1,70,,201353,24,,,1,30,,201354,24,,,1,70,,201355,24,,,1,42,,201356,24,,,1,60,,201357,24,,,1,35,,201358,24,,,1,70,,201359,24,,,1,30,,201361,24,,,1,65,,201362,24,,,1,30,,201364,24,,,1,65,,201365,24,,,1,30,,201366,24,,,1,83,,201367,24,,,1,85,,201368,24,,,1,100,,201369,24,,,1,200,,201370,24,,,1
5601,'20260812',612,,201371,24,,,1,45,,201372,7,0,5 56 9,1,55,,201373,24,,,1,15,,201374,7,0,5 56 9,1,17,,201375,24,,,1,15,,201376,7,0,5 56 9,1,55,,201377,24,,,1,30,,201378,24,,,1,70,,201379,24,,,1,35,,201380,24,,,1,68,,201381,24,,,1,30,,201382,24,,,1,75,,201383,24,,,1,30,,201384,24,,,1,70,,201385,24,,,1,30,,201386,24,,,1,70,,201387,24,,,1,25,,201388,24,,,1,70,,201389,24,,,1,30,,201390,24,,,1,70,,201391,24,,,1,30,,201392,24,,,1,70,,201393,24,,,1,42,,201394,24,,,1,60,,201395,24,,,1,35,,201396,24,,,1,70,,201397,24,,,1,30,,201399,24,,,1,65,,201400,24,,,1,30,,201402,24,,,1,65,,201403,24,,,1,30,,201404,24,,,1,83,,201405,24,,,1,85,,201406,24,,,1,100,,201407,24,,,1,200,,201408,24,,,1
5601,'20260813',612,,201409,24,,,1,45,,201410,7,0,5 56 9,1,55,,201411,24,,,1,15,,201412,7,0,5 56 9,1,17,,201413,24,,,1,15,,201414,7,0,5 56 9,1,55,,201415,24,,,1,30,,201416,24,,,1,70,,201417,24,,,1,35,,201418,24,,,1,68,,201419,24,,,1,30,,201420,24,,,1,75,,201421,24,,,1,30,,201422,24,,,1,70,,201423,24,,,1,30,,201424,24,,,1,70,,201425,24,,,1,25,,201426,24,,,1,70,,201427,24,,,1,30,,201428,24,,,1,70,,201429,24,,,1,30,,201430,24,,,1,70,,201431,24,,,1,42,,201432,24,,,1,60,,201433,24,,,1,35,,201434,24,,,1,70,,201435,24,,,1,30,,201437,24,,,1,65,,201438,24,,,1,30,,201440,24,,,1,65,,201441,24,,,1,30,,201442,24,,,1,83,,201443,24,,,1,85,,201444,24,,,1,100,,201445,24,,,1,200,,201446,24,,,1
5601,'20260814',612,,201447,24,,,1,45,,201448,7,0,5 56 9,1,55,,201449,24,,,1,15,,201450,7,0,5 56 9,1,17,,201451,24,,,1,15,,201452,7,0,5 56 9,1,55,,201453,24,,,1,30,,201454,24,,,1,70,,201455,24,,,1,35,,201456,24,,,1,68,,201457,24,,,1,30,,201458,24,,,1,75,,201459,24,,,1,30,,201460,24,,,1,70,,201461,24,,,1,30,,201462,24,,,1,70,,201463,24,,,1,25,,201464,24,,,1,70,,201465,24,,,1,30,,201466,24,,,1,70,,201467,24,,,1,30,,201468,24,,,1,70,,201469,24,,,1,42,,201470,24,,,1,60,,201471,24,,,1,35,,201472,24,,,1,70,,201473,24,,,1,30,,201475,24,,,1,65,,201476,24,,,1,30,,201478,24,,,1,65,,201479,24,,,1,30,,201480,24,,,1,83,,201481,24,,,1,85,,201482,24,,,1,100,,201483,24,,,1,200,,201484,24,,,1
5601,'20260817',612,,201485,24,,,1,45,,201486,7,0,5 56 9,1,55,,201487,24,,,1,15,,201488,7,0,5 56 9,1,17,,201489,24,,,1,15,,201490,7,0,5 56 9,1,55,,201491,24,,,1,30,,201492,24,,,1,70,,201493,24,,,1,35,,201494,24,,,1,68,,201495,24,,,1,30,,201496,24,,,1,75,,201497,24,,,1,30,,201498,24,,,1,70,,201499,24,,,1,30,,201500,24,,,1,70,,201501,24,,,1,25,,201502,24,,,1,70,,201503,24,,,1,30,,201504,24,,,1,70,,201505,24,,,1,30,,201506,24,,,1,70,,201507,24,,,1,42,,201508,24,,,1,60,,201509,24,,,1,35,,201510,24,,,1,70,,201511,24,,,1,30,,201513,24,,,1,65,,201514,24,,,1,30,,201516,24,,,1,65,,201517,24,,,1,30,,201518,24,,,1,83,,201519,24,,,1,85,,201520,24,,,1,100,,201521,24,,,1,200,,201522,24,,,1
5601,'20260818',612,,201523,24,,,1,45,,201524,7,0,5 56 9,1,55,,201525,24,,,1,15,,201526,7,0,5 56 9,1,17,,201527,24,,,1,15,,201528,7,0,5 56 9,1,55,,201529,24,,,1,30,,201530,24,,,1,70,,201531,24,,,1,35,,201532,24,,,1,68,,201533,24,,,1,30,,201534,24,,,1,75,,201535,24,,,1,30,,201536,24,,,1,70,,201537,24,,,1,30,,201538,24,,,1,70,,201539,24,,,1,25,,201540,24,,,1,70,,201541,24,,,1,30,,201542,24,,,1,70,,201543,24,,,1,30,,201544,24,,,1,70,,201545,24,,,1,42,,201546,24,,,1,60,,201547,24,,,1,35,,201548,24,,,1,70,,201549,24,,,1,30,,201551,24,,,1,65,,201552,24,,,1,30,,201554,24,,,1,65,,201555,24,,,1,30,,201556,24,,,1,83,,201557,24,,,1,85,,201558,24,,,1,100,,201559,24,,,1,200,,201560,24,,,1
5601,'20260819',612,,201561,24,,,1,45,,201562,7,0,5 56 9,1,55,,201563,24,,,1,15,,201564,7,0,5 56 9,1,17,,201565,24,,,1,15,,201566,7,0,5 56 9,1,55,,201567,24,,,1,30,,201568,24,,,1,70,,201569,24,,,1,35,,201570,24,,,1,68,,201571,24,,,1,30,,201572,24,,,1,75,,201573,24,,,1,30,,201574,24,,,1,70,,201575,24,,,1,30,,201576,24,,,1,70,,201577,24,,,1,25,,201578,24,,,1,70,,201579,24,,,1,30,,201580,24,,,1,70,,201581,24,,,1,30,,201582,24,,,1,70,,201583,24,,,1,42,,201584,24,,,1,60,,201585,24,,,1,35,,201586,24,,,1,70,,201587,24,,,1,30,,201589,24,,,1,65,,201590,24,,,1,30,,201592,24,,,1,65,,201593,24,,,1,30,,201594,24,,,1,83,,201595,24,,,1,85,,201596,24,,,1,100,,201597,24,,,1,200,,201598,24,,,1
5601,'20260820',612,,201599,24,,,1,45,,201600,7,0,5 56 9,1,55,,201601,24,,,1,15,,201602,7,0,5 56 9,1,17,,201603,24,,,1,15,,201604,7,0,5 56 9,1,55,,201605,24,,,1,30,,201606,24,,,1,70,,201607,24,,,1,35,,201608,24,,,1,68,,201609,24,,,1,30,,201610,24,,,1,75,,201611,24,,,1,30,,201612,24,,,1,70,,201613,24,,,1,30,,201614,24,,,1,70,,201615,24,,,1,25,,201616,24,,,1,70,,201617,24,,,1,30,,201618,24,,,1,70,,201619,24,,,1,30,,201620,24,,,1,70,,201621,24,,,1,42,,201622,24,,,1,60,,201623,24,,,1,35,,201624,24,,,1,70,,201625,24,,,1,30,,201627,24,,,1,65,,201628,24,,,1,30,,201630,24,,,1,65,,201631,24,,,1,30,,201632,24,,,1,83,,201633,24,,,1,85,,201634,24,,,1,100,,201635,24,,,1,200,,201636,24,,,1
5601,'20260821',612,,201637,24,,,1,45,,201638,7,0,5 56 9,1,55,,201639,24,,,1,15,,201640,7,0,5 56 9,1,17,,201641,24,,,1,15,,201642,7,0,5 56 9,1,55,,201643,24,,,1,30,,201644,24,,,1,70,,201645,24,,,1,35,,201646,24,,,1,68,,201647,24,,,1,30,,201648,24,,,1,75,,201649,24,,,1,30,,201650,24,,,1,70,,201651,24,,,1,30,,201652,24,,,1,70,,201653,24,,,1,25,,201654,24,,,1,70,,201655,24,,,1,30,,201656,24,,,1,70,,201657,24,,,1,30,,201658,24,,,1,70,,201659,24,,,1,42,,201660,24,,,1,60,,201661,24,,,1,35,,201662,24,,,1,70,,201663,24,,,1,30,,201665,24,,,1,65,,201666,24,,,1,30,,201668,24,,,1,65,,201669,24,,,1,30,,201670,24,,,1,83,,201671,24,,,1,85,,201672,24,,,1,100,,201673,24,,,1,200,,201674,24,,,1
5601,'20260824',612,,201675,24,,,1,45,,201676,7,0,5 56 9,1,55,,201677,24,,,1,15,,201678,7,0,5 56 9,1,17,,201679,24,,,1,15,,201680,7,0,5 56 9,1,55,,201681,24,,,1,30,,201682,24,,,1,70,,201683,24,,,1,35,,201684,24,,,1,68,,201685,24,,,1,30,,201686,24,,,1,75,,201687,24,,,1,30,,201688,24,,,1,70,,201689,24,,,1,30,,201690,24,,,1,70,,201691,24,,,1,25,,201692,24,,,1,70,,201693,24,,,1,30,,201694,24,,,1,70,,201695,24,,,1,30,,201696,24,,,1,70,,201697,24,,,1,42,,201698,24,,,1,60,,201699,24,,,1,35,,201700,24,,,1,70,,201701,24,,,1,30,,201703,24,,,1,65,,201704,24,,,1,30,,201706,24,,,1,65,,201707,24,,,1,30,,201708,24,,,1,83,,201709,24,,,1,85,,201710,24,,,1,100,,201711,24,,,1,200,,201712,24,,,1
5601,'20260825',612,,201713,24,,,1,45,,201714,7,0,5 56 9,1,55,,201715,24,,,1,15,,201716,7,0,5 56 9,1,17,,201717,24,,,1,15,,201718,7,0,5 56 9,1,55,,201719,24,,,1,30,,201720,24,,,1,70,,201721,24,,,1,35,,201722,24,,,1,68,,201723,24,,,1,30,,201724,24,,,1,75,,201725,24,,,1,30,,201726,24,,,1,70,,201727,24,,,1,30,,201728,24,,,1,70,,201729,24,,,1,25,,201730,24,,,1,70,,201731,24,,,1,30,,201732,24,,,1,70,,201733,24,,,1,30,,201734,24,,,1,70,,201735,24,,,1,42,,201736,24,,,1,60,,201737,24,,,1,35,,201738,24,,,1,70,,201739,24,,,1,30,,201741,24,,,1,65,,201742,24,,,1,30,,201744,24,,,1,65,,201745,24,,,1,30,,201746,24,,,1,83,,201747,24,,,1,85,,201748,24,,,1,100,,201749,24,,,1,200,,201750,24,,,1
5601,'20260826',612,,201751,24,,,1,45,,201752,7,0,5 56 9,1,55,,201753,24,,,1,15,,201754,7,0,5 56 9,1,17,,201755,24,,,1,15,,201756,7,0,5 56 9,1,55,,201757,24,,,1,30,,201758,24,,,1,70,,201759,24,,,1,35,,201760,24,,,1,68,,201761,24,,,1,30,,201762,24,,,1,75,,201763,24,,,1,30,,201764,24,,,1,70,,201765,24,,,1,30,,201766,24,,,1,70,,201767,24,,,1,25,,201768,24,,,1,70,,201769,24,,,1,30,,201770,24,,,1,70,,201771,24,,,1,30,,201772,24,,,1,70,,201773,24,,,1,42,,201774,24,,,1,60,,201775,24,,,1,35,,201776,24,,,1,70,,201777,24,,,1,30,,201779,24,,,1,65,,201780,24,,,1,30,,201782,24,,,1,65,,201783,24,,,1,30,,201784,24,,,1,83,,201785,24,,,1,85,,201786,24,,,1,100,,201787,24,,,1,200,,201788,24,,,1
5601,'20260827',612,,201789,24,,,1,45,,201790,7,0,5 56 9,1,55,,201791,24,,,1,15,,201792,7,0,5 56 9,1,17,,201793,24,,,1,15,,201794,7,0,5 56 9,1,55,,201795,24,,,1,30,,201796,24,,,1,70,,201797,24,,,1,35,,201798,24,,,1,68,,201799,24,,,1,30,,201800,24,,,1,75,,201801,24,,,1,30,,201802,24,,,1,70,,201803,24,,,1,30,,201804,24,,,1,70,,201805,24,,,1,25,,201806,24,,,1,70,,201807,24,,,1,30,,201808,24,,,1,70,,201809,24,,,1,30,,201810,24,,,1,70,,201811,24,,,1,42,,201812,24,,,1,60,,201813,24,,,1,35,,201814,24,,,1,70,,201815,24,,,1,30,,201817,24,,,1,65,,201818,24,,,1,30,,201820,24,,,1,65,,201821,24,,,1,30,,201822,24,,,1,83,,201823,24,,,1,85,,201824,24,,,1,100,,201825,24,,,1,200,,201826,24,,,1
5601,'20260828',612,,201827,24,,,1,45,,201828,7,0,5 56 9,1,55,,201829,24,,,1,15,,201830,7,0,5 56 9,1,17,,201831,24,,,1,15,,201832,7,0,5 56 9,1,55,,201833,24,,,1,30,,201834,24,,,1,70,,201835,24,,,1,35,,201836,24,,,1,68,,201837,24,,,1,30,,201838,24,,,1,75,,201839,24,,,1,30,,201840,24,,,1,70,,201841,24,,,1,30,,201842,24,,,1,70,,201843,24,,,1,25,,201844,24,,,1,70,,201845,24,,,1,30,,201846,24,,,1,70,,201847,24,,,1,30,,201848,24,,,1,70,,201849,24,,,1,42,,201850,24,,,1,60,,201851,24,,,1,35,,201852,24,,,1,70,,201853,24,,,1,30,,201855,24,,,1,65,,201856,24,,,1,30,,201858,24,,,1,65,,201859,24,,,1,30,,201860,24,,,1,83,,201861,24,,,1,85,,201862,24,,,1,100,,201863,24,,,1,200,,201864,24,,,1
5601,'20260831',612,,201865,24,,,1,45,,201866,7,0,5 56 9,1,55,,201867,24,,,1,15,,201868,7,0,5 56 9,1,17,,201869,24,,,1,15,,201870,7,0,5 56 9,1,55,,201871,24,,,1,30,,201872,24,,,1,70,,201873,24,,,1,35,,201874,24,,,1,68,,201875,24,,,1,30,,201876,24,,,1,75,,201877,24,,,1,30,,201878,24,,,1,70,,201879,24,,,1,30,,201880,24,,,1,70,,201881,24,,,1,25,,201882,24,,,1,70,,201883,24,,,1,30,,201884,24,,,1,70,,201885,24,,,1,30,,201886,24,,,1,70,,201887,24,,,1,42,,201888,24,,,1,60,,201889,24,,,1,35,,201890,24,,,1,70,,201891,24,,,1,30,,201893,24,,,1,65,,201894,24,,,1,30,,201896,24,,,1,65,,201897,24,,,1,30,,201898,24,,,1,83,,201899,24,,,1,85,,201900,24,,,1,100,,201901,24,,,1,200,,201902,24,,,1
5601,'20260901',612,,201903,24,,,1,45,,201904,7,0,5 56 9,1,55,,201905,24,,,1,15,,201906,7,0,5 56 9,1,17,,201907,24,,,1,15,,201908,7,0,5 56 9,1,55,,201909,24,,,1,30,,201910,24,,,1,70,,201911,24,,,1,35,,201912,24,,,1,68,,201913,24,,,1,30,,201914,24,,,1,75,,201915,24,,,1,30,,201916,24,,,1,70,,201917,24,,,1,30,,201918,24,,,1,70,,201919,24,,,1,25,,201920,24,,,1,70,,201921,24,,,1,30,,201922,24,,,1,70,,201923,24,,,1,30,,201924,24,,,1,70,,201925,24,,,1,42,,201926,24,,,1,60,,201927,24,,,1,35,,201928,24,,,1,70,,201929,24,,,1,30,,201931,24,,,1,65,,201932,24,,,1,30,,201934,24,,,1,65,,201935,24,,,1,30,,201936,24,,,1,83,,201937,24,,,1,85,,201938,24,,,1,100,,201939,24,,,1,200,,201940,24,,,1
5601,'20260902',612,,201941,24,,,1,45,,201942,7,0,5 56 9,1,55,,201943,24,,,1,15,,201944,7,0,5 56 9,1,17,,201945,24,,,1,15,,201946,7,0,5 56 9,1,55,,201947,24,,,1,30,,201948,24,,,1,70,,201949,24,,,1,35,,201950,24,,,1,68,,201951,24,,,1,30,,201952,24,,,1,75,,201953,24,,,1,30,,201954,24,,,1,70,,201955,24,,,1,30,,201956,24,,,1,70,,201957,24,,,1,25,,201958,24,,,1,70,,201959,24,,,1,30,,201960,24,,,1,70,,201961,24,,,1,30,,201962,24,,,1,70,,201963,24,,,1,42,,201964,24,,,1,60,,201965,24,,,1,35,,201966,24,,,1,70,,201967,24,,,1,30,,201969,24,,,1,65,,201970,24,,,1,30,,201972,24,,,1,65,,201973,24,,,1,30,,201974,24,,,1,83,,201975,24,,,1,85,,201976,24,,,1,100,,201977,24,,,1,200,,201978,24,,,1
5601,'20260903',612,,201979,24,,,1,45,,201980,7,0,5 56 9,1,55,,201981,24,,,1,15,,201982,7,0,5 56 9,1,17,,201983,24,,,1,15,,201984,7,0,5 56 9,1,55,,201985,24,,,1,30,,201986,24,,,1,70,,201987,24,,,1,35,,201988,24,,,1,68,,201989,24,,,1,30,,201990,24,,,1,75,,201991,24,,,1,30,,201992,24,,,1,70,,201993,24,,,1,30,,201994,24,,,1,70,,201995,24,,,1,25,,201996,24,,,1,70,,201997,24,,,1,30,,201998,24,,,1,70,,201999,24,,,1,30,,202000,24,,,1,70,,202001,24,,,1,42,,202002,24,,,1,60,,202003,24,,,1,35,,202004,24,,,1,70,,202005,24,,,1,30,,202007,24,,,1,65,,202008,24,,,1,30,,202010,24,,,1,65,,202011,24,,,1,30,,202012,24,,,1,83,,202013,24,,,1,85,,202014,24,,,1,100,,202015,24,,,1,200,,202016,24,,,1
5601,'20260904',612,,202017,24,,,1,45,,202018,7,0,5 56 9,1,55,,202019,24,,,1,15,,202020,7,0,5 56 9,1,17,,202021,24,,,1,15,,202022,7,0,5 56 9,1,55,,202023,24,,,1,30,,202024,24,,,1,70,,202025,24,,,1,35,,202026,24,,,1,68,,202027,24,,,1,30,,202028,24,,,1,75,,202029,24,,,1,30,,202030,24,,,1,70,,202031,24,,,1,30,,202032,24,,,1,70,,202033,24,,,1,25,,202034,24,,,1,70,,202035,24,,,1,30,,202036,24,,,1,70,,202037,24,,,1,30,,202038,24,,,1,70,,202039,24,,,1,42,,202040,24,,,1,60,,202041,24,,,1,35,,202042,24,,,1,70,,202043,24,,,1,30,,202045,24,,,1,65,,202046,24,,,1,30,,202048,24,,,1,65,,202049,24,,,1,30,,202050,24,,,1,83,,202051,24,,,1,85,,202052,24,,,1,100,,202053,24,,,1,200,,202054,24,,,1
