6500,'20260506',2442,,109672,2,0,16 16 26 9,1,200,,109673,2,0,16 16 26 9,1
6500,'20260507',2442,,109676,2,0,16 16 26 9,1,200,,109677,2,0,16 16 26 9,1
6500,'20260508',2442,,109680,2,0,16 16 26 9,1,200,,109681,2,0,16 16 26 9,1
6500,'20260509',2402,,109683,2,0,16 16 26 9,1,45,,109684,2,0,16 16 26 9,1,100,,109685,2,0,16 16 26 9,1,95,,109686,2,0,16 16 26 9,1
6500,'20260510',2402,,109688,2,0,16 16 26 9,1,45,,109689,2,0,16 16 26 9,1,195,,109690,2,0,16 16 26 9,1
6500,'20260511',2442,,109693,2,0,16 16 26 9,1,200,,109694,2,0,16 16 26 9,1
6500,'20260512',2442,,109697,2,0,16 16 26 9,1,200,,109698,2,0,16 16 26 9,1
6500,'20260513',2442,,109701,2,0,16 16 26 9,1,200,,109702,2,0,16 16 26 9,1
6500,'20260514',2442,,109705,2,0,16 16 26 9,1,200,,109706,2,0,16 16 26 9,1
6500,'20260515',2442,,109709,2,0,16 16 26 9,1,200,,109710,2,0,16 16 26 9,1
6500,'20260516',2402,,109712,2,0,16 16 26 9,1,45,,109713,2,0,16 16 26 9,1,100,,109714,2,0,16 16 26 9,1,95,,109715,2,0,16 16 26 9,1
6500,'20260517',2402,,109717,2,0,16 16 26 9,1,45,,109718,2,0,16 16 26 9,1,195,,109719,2,0,16 16 26 9,1
6500,'20260518',2402,,109721,2,0,16 16 26 9,1,45,,109722,2,0,16 16 26 9,1,100,,109723,2,0,16 16 26 9,1,95,,109724,2,0,16 16 26 9,1
6500,'20260519',2442,,109727,2,0,16 16 26 9,1,200,,109728,2,0,16 16 26 9,1
6500,'20260520',2442,,109731,2,0,16 16 26 9,1,200,,109732,2,0,16 16 26 9,1
6500,'20260521',2442,,109735,2,0,16 16 26 9,1,200,,109736,2,0,16 16 26 9,1
6500,'20260522',2442,,109739,2,0,16 16 26 9,1,200,,109740,2,0,16 16 26 9,1
6500,'20260523',850,,119821,2,0,68 16 26 9,1,155,,119822,2,0,53 88 9,1,95,,119824,2,0,53 88 9,1,50,,119826,2,0,68 16 26 9,1,155,,119827,2,0,53 88 9,1,95,,119829,2,0,53 88 9,1,50,,119831,2,0,68 16 26 9,1,150,,119832,2,0,53 88 9,1,105,,119834,2,0,53 88 9,1,40,,119836,2,0,68 16 26 9,1,160,,119837,2,0,53 88 9,1,95,,119839,2,0,53 88 9,1,50,,119841,2,0,68 16 26 9,1,170,,119842,2,0,53 88 9,1,30,,119843,2,0,68 16 26 9,1,152,,109742,2,0,16 16 26 9,1,45,,109743,2,0,16 16 26 9,1,100,,109744,2,0,16 16 26 9,1,95,,109745,2,0,16 16 26 9,1
6500,'20260524',850,,119844,2,0,68 16 26 9,1,155,,119845,2,0,53 88 9,1,95,,119847,2,0,53 88 9,1,50,,119849,2,0,68 16 26 9,1,155,,119850,2,0,53 88 9,1,95,,119852,2,0,53 88 9,1,50,,119854,2,0,68 16 26 9,1,150,,119855,2,0,53 88 9,1,105,,119857,2,0,53 88 9,1,40,,119859,2,0,68 16 26 9,1,160,,119860,2,0,53 88 9,1,95,,119862,2,0,53 88 9,1,50,,119864,2,0,68 16 26 9,1,170,,119865,2,0,53 88 9,1,30,,119866,2,0,68 16 26 9,1,152,,109747,2,0,16 16 26 9,1,45,,109748,2,0,16 16 26 9,1,195,,109749,2,0,16 16 26 9,1
6500,'20260525',2105,,119868,2,0,57 88 9,1,337,,109752,2,0,16 16 26 9,1,200,,109753,2,0,16 16 26 9,1
6500,'20260526',2442,,109756,2,0,16 16 26 9,1,200,,109757,2,0,16 16 26 9,1
6500,'20260527',2442,,109760,2,0,16 16 26 9,1,200,,109761,2,0,16 16 26 9,1
6500,'20260528',2442,,109764,2,0,16 16 26 9,1,200,,109765,2,0,16 16 26 9,1
6500,'20260529',2442,,109768,2,0,16 16 26 9,1,200,,109769,2,0,16 16 26 9,1
6500,'20260530',2402,,109771,2,0,16 16 26 9,1,45,,109772,2,0,16 16 26 9,1,100,,109773,2,0,16 16 26 9,1,95,,109774,2,0,16 16 26 9,1
6500,'20260531',2402,,109776,2,0,16 16 26 9,1,45,,109777,2,0,16 16 26 9,1,195,,109778,2,0,16 16 26 9,1
6500,'20260601',2442,,109781,2,0,16 16 26 9,1,200,,109782,2,0,16 16 26 9,1
6500,'20260602',2442,,109785,2,0,16 16 26 9,1,200,,109786,2,0,16 16 26 9,1
6500,'20260603',2442,,109789,2,0,16 16 26 9,1,200,,109790,2,0,16 16 26 9,1
6500,'20260604',2442,,109793,2,0,16 16 26 9,1,200,,109794,2,0,16 16 26 9,1
6500,'20260605',2442,,109797,2,0,16 16 26 9,1,200,,109798,2,0,16 16 26 9,1
6500,'20260606',2402,,109800,2,0,16 16 26 9,1,45,,109801,2,0,16 16 26 9,1,100,,109802,2,0,16 16 26 9,1,95,,109803,2,0,16 16 26 9,1
6500,'20260607',2402,,109805,2,0,16 16 26 9,1,45,,109806,2,0,16 16 26 9,1,195,,109807,2,0,16 16 26 9,1
6500,'20260608',2442,,109810,2,0,16 16 26 9,1,200,,109811,2,0,16 16 26 9,1
6500,'20260609',2442,,109814,2,0,16 16 26 9,1,200,,109815,2,0,16 16 26 9,1
6500,'20260610',2442,,109818,2,0,16 16 26 9,1,200,,109819,2,0,16 16 26 9,1
6500,'20260611',2442,,109822,2,0,16 16 26 9,1,200,,109823,2,0,16 16 26 9,1
6500,'20260612',2442,,109826,2,0,16 16 26 9,1,200,,109827,2,0,16 16 26 9,1
6501,'20260506',515,,109945,8,0,7 29 30,1,1992,,109951,17,0,16 29 30,1
6501,'20260507',515,,109953,8,0,7 29 30,1,1992,,109959,17,0,16 29 30,1
6501,'20260508',515,,109961,8,0,7 29 30,1,1992,,109967,17,0,16 29 30,1
6501,'20260509',606,,109968,17,0,16 29 30,1,105,,109969,17,0,16 29 30,1
6501,'20260510',606,,109971,17,0,16 29 30,1,105,,109972,17,0,16 29 30,1
6501,'20260511',515,,109975,8,0,7 29 30,1,1992,,109981,17,0,16 29 30,1
6501,'20260512',515,,109983,8,0,7 29 30,1,1992,,109989,17,0,16 29 30,1
6501,'20260513',515,,109991,8,0,7 29 30,1,1992,,109997,17,0,16 29 30,1
6501,'20260514',515,,109999,8,0,7 29 30,1,1992,,110005,17,0,16 29 30,1
6501,'20260515',515,,110007,8,0,7 29 30,1,1992,,110013,17,0,16 29 30,1
6501,'20260516',606,,110014,17,0,16 29 30,1,105,,110015,17,0,16 29 30,1
6501,'20260517',606,,110017,17,0,16 29 30,1,105,,110018,17,0,16 29 30,1
6501,'20260518',606,,110020,17,0,16 29 30,1,105,,110021,17,0,16 29 30,1
6501,'20260519',515,,110024,8,0,7 29 30,1,1992,,110030,17,0,16 29 30,1
6501,'20260520',515,,110032,8,0,7 29 30,1,1992,,110038,17,0,16 29 30,1
6501,'20260521',515,,110040,8,0,7 29 30,1,1992,,110046,17,0,16 29 30,1
6501,'20260522',515,,110048,8,0,7 29 30,1,1992,,110054,17,0,16 29 30,1
6501,'20260523',606,,110055,17,0,16 29 30,1,105,,110056,17,0,16 29 30,1,134,,119869,17,0,68 20 39,1,100,,119870,17,0,68 20 39,1,100,,119872,9,0,53 20 39,1,95,,119874,9,0,53 20 39,1,110,,119875,17,0,68 20 39,1,95,,119877,9,0,53 20 39,1,95,,119879,9,0,53 20 39,1,110,,119880,17,0,68 20 39,1,95,,119882,9,0,53 20 39,1,90,,119884,9,0,53 20 39,1,115,,119885,17,0,68 20 39,1,95,,119887,9,0,53 20 39,1,95,,119889,9,0,53 20 39,1,110,,119890,17,0,68 20 39,1,90,,119891,9,0,53 20 39,1
6501,'20260524',606,,110058,17,0,16 29 30,1,105,,110059,17,0,16 29 30,1,134,,119892,17,0,68 20 39,1,100,,119893,17,0,68 20 39,1,100,,119895,9,0,53 20 39,1,95,,119897,9,0,53 20 39,1,110,,119898,17,0,68 20 39,1,95,,119900,9,0,53 20 39,1,95,,119902,9,0,53 20 39,1,110,,119903,17,0,68 20 39,1,95,,119905,9,0,53 20 39,1,90,,119907,9,0,53 20 39,1,115,,119908,17,0,68 20 39,1,95,,119910,9,0,53 20 39,1,95,,119912,9,0,53 20 39,1,110,,119913,17,0,68 20 39,1,90,,119914,9,0,53 20 39,1
6501,'20260525',515,,110062,8,0,7 29 30,1,1992,,110068,17,0,16 29 30,1
6501,'20260526',515,,110070,8,0,7 29 30,1,1992,,110076,17,0,16 29 30,1
6501,'20260527',515,,110078,8,0,7 29 30,1,1992,,110084,17,0,16 29 30,1
6501,'20260528',515,,110086,8,0,7 29 30,1,1992,,110092,17,0,16 29 30,1
6501,'20260529',515,,110094,8,0,7 29 30,1,1992,,110100,17,0,16 29 30,1
6501,'20260530',606,,110101,17,0,16 29 30,1,105,,110102,17,0,16 29 30,1
6501,'20260531',606,,110104,17,0,16 29 30,1,105,,110105,17,0,16 29 30,1
6501,'20260601',515,,110108,8,0,7 29 30,1,1992,,110114,17,0,16 29 30,1
6501,'20260602',515,,110116,8,0,7 29 30,1,1992,,110122,17,0,16 29 30,1
6501,'20260603',515,,110124,8,0,7 29 30,1,1992,,110130,17,0,16 29 30,1
6501,'20260604',515,,110132,8,0,7 29 30,1,1992,,110138,17,0,16 29 30,1
6501,'20260605',515,,110140,8,0,7 29 30,1,1992,,110146,17,0,16 29 30,1
6501,'20260606',606,,110147,17,0,16 29 30,1,105,,110148,17,0,16 29 30,1
6501,'20260607',606,,110150,17,0,16 29 30,1,105,,110151,17,0,16 29 30,1
6501,'20260608',515,,110154,8,0,7 29 30,1,1992,,110160,17,0,16 29 30,1
6501,'20260609',515,,110162,8,0,7 29 30,1,1992,,110168,17,0,16 29 30,1
6501,'20260610',515,,110170,8,0,7 29 30,1,1992,,110176,17,0,16 29 30,1
6501,'20260611',515,,110178,8,0,7 29 30,1,1992,,110184,17,0,16 29 30,1
6501,'20260612',515,,110186,8,0,7 29 30,1,1992,,110192,17,0,16 29 30,1
6800,'20260523',935,,119918,2,0,53 27 28 9,1,305,,119920,2,0,53 27 28 9,1,300,,119922,2,0,53 27 28 9,1,300,,119924,2,0,53 27 28 9,1,295,,119926,2,0,53 27 28 9,1,200,,119928,2,0,53 27 28 9,1
6800,'20260524',935,,119931,2,0,53 27 28 9,1,305,,119933,2,0,53 27 28 9,1,300,,119935,2,0,53 27 28 9,1,300,,119937,2,0,53 27 28 9,1,295,,119939,2,0,53 27 28 9,1,200,,119941,2,0,53 27 28 9,1
6801,'20260523',745,,119943,47,0,53 20 39,1,170,,119945,47,0,53 20 39,1,100,,119947,47,0,53 20 39,1,305,,119949,47,0,53 20 39,1,300,,119951,47,0,53 20 39,1,300,,119953,47,0,53 20 39,1,300,,119955,47,0,53 20 39,1
6801,'20260524',745,,119956,47,0,53 20 39,1,170,,119958,47,0,53 20 39,1,100,,119960,47,0,53 20 39,1,305,,119962,47,0,53 20 39,1,300,,119964,47,0,53 20 39,1,300,,119966,47,0,53 20 39,1,300,,119968,47,0,53 20 39,1
