6100,'20260716',1231,,202275,14,,,1,105,,202276,14,,,1,103,,202277,14,,,1,113,,202278,14,,,1,476,,202279,14,,,1,98,,202280,14,,,1,98,,202281,14,,,1,100,,202282,14,,,1,95,,202283,14,,,1,196,,202284,14,,,1
6100,'20260717',1231,,202285,14,,,1,105,,202286,14,,,1,103,,202287,14,,,1,113,,202288,14,,,1,476,,202289,14,,,1,98,,202290,14,,,1,98,,202291,14,,,1,100,,202292,14,,,1,95,,202293,14,,,1,196,,202294,14,,,1
6100,'20260720',1231,,202295,14,,,1,105,,202296,14,,,1,103,,202297,14,,,1,113,,202298,14,,,1,476,,202299,14,,,1,98,,202300,14,,,1,98,,202301,14,,,1,100,,202302,14,,,1,95,,202303,14,,,1,196,,202304,14,,,1
6100,'20260721',1231,,202305,14,,,1,105,,202306,14,,,1,103,,202307,14,,,1,113,,202308,14,,,1,476,,202309,14,,,1,98,,202310,14,,,1,98,,202311,14,,,1,100,,202312,14,,,1,95,,202313,14,,,1,196,,202314,14,,,1
6100,'20260722',1231,,202315,14,,,1,105,,202316,14,,,1,103,,202317,14,,,1,113,,202318,14,,,1,476,,202319,14,,,1,98,,202320,14,,,1,98,,202321,14,,,1,100,,202322,14,,,1,95,,202323,14,,,1,196,,202324,14,,,1
6100,'20260723',1231,,202325,14,,,1,105,,202326,14,,,1,103,,202327,14,,,1,113,,202328,14,,,1,476,,202329,14,,,1,98,,202330,14,,,1,98,,202331,14,,,1,100,,202332,14,,,1,95,,202333,14,,,1,196,,202334,14,,,1
6100,'20260724',1231,,202335,14,,,1,105,,202336,14,,,1,103,,202337,14,,,1,113,,202338,14,,,1,476,,202339,14,,,1,98,,202340,14,,,1,98,,202341,14,,,1,100,,202342,14,,,1,95,,202343,14,,,1,196,,202344,14,,,1
6100,'20260727',1231,,202345,14,,,1,105,,202346,14,,,1,103,,202347,14,,,1,113,,202348,14,,,1,476,,202349,14,,,1,98,,202350,14,,,1,98,,202351,14,,,1,100,,202352,14,,,1,95,,202353,14,,,1,196,,202354,14,,,1
6100,'20260728',1231,,202355,14,,,1,105,,202356,14,,,1,103,,202357,14,,,1,113,,202358,14,,,1,476,,202359,14,,,1,98,,202360,14,,,1,98,,202361,14,,,1,100,,202362,14,,,1,95,,202363,14,,,1,196,,202364,14,,,1
6100,'20260729',1231,,202365,14,,,1,105,,202366,14,,,1,103,,202367,14,,,1,113,,202368,14,,,1,476,,202369,14,,,1,98,,202370,14,,,1,98,,202371,14,,,1,100,,202372,14,,,1,95,,202373,14,,,1,196,,202374,14,,,1
6100,'20260730',1231,,202375,14,,,1,105,,202376,14,,,1,103,,202377,14,,,1,113,,202378,14,,,1,476,,202379,14,,,1,98,,202380,14,,,1,98,,202381,14,,,1,100,,202382,14,,,1,95,,202383,14,,,1,196,,202384,14,,,1
6100,'20260731',1231,,202385,14,,,1,105,,202386,14,,,1,103,,202387,14,,,1,113,,202388,14,,,1,476,,202389,14,,,1,98,,202390,14,,,1,98,,202391,14,,,1,100,,202392,14,,,1,95,,202393,14,,,1,196,,202394,14,,,1
6100,'20260804',1231,,202395,14,,,1,105,,202396,14,,,1,103,,202397,14,,,1,113,,202398,14,,,1,476,,202399,14,,,1,98,,202400,14,,,1,98,,202401,14,,,1,100,,202402,14,,,1,95,,202403,14,,,1,196,,202404,14,,,1
6100,'20260805',1231,,202405,14,,,1,105,,202406,14,,,1,103,,202407,14,,,1,113,,202408,14,,,1,476,,202409,14,,,1,98,,202410,14,,,1,98,,202411,14,,,1,100,,202412,14,,,1,95,,202413,14,,,1,196,,202414,14,,,1
6100,'20260806',1231,,202415,14,,,1,105,,202416,14,,,1,103,,202417,14,,,1,113,,202418,14,,,1,476,,202419,14,,,1,98,,202420,14,,,1,98,,202421,14,,,1,100,,202422,14,,,1,95,,202423,14,,,1,196,,202424,14,,,1
6100,'20260807',1231,,202425,14,,,1,105,,202426,14,,,1,103,,202427,14,,,1,113,,202428,14,,,1,476,,202429,14,,,1,98,,202430,14,,,1,98,,202431,14,,,1,100,,202432,14,,,1,95,,202433,14,,,1,196,,202434,14,,,1
6100,'20260810',1231,,202435,14,,,1,105,,202436,14,,,1,103,,202437,14,,,1,113,,202438,14,,,1,476,,202439,14,,,1,98,,202440,14,,,1,98,,202441,14,,,1,100,,202442,14,,,1,95,,202443,14,,,1,196,,202444,14,,,1
6100,'20260811',1231,,202445,14,,,1,105,,202446,14,,,1,103,,202447,14,,,1,113,,202448,14,,,1,476,,202449,14,,,1,98,,202450,14,,,1,98,,202451,14,,,1,100,,202452,14,,,1,95,,202453,14,,,1,196,,202454,14,,,1
6100,'20260812',1231,,202455,14,,,1,105,,202456,14,,,1,103,,202457,14,,,1,113,,202458,14,,,1,476,,202459,14,,,1,98,,202460,14,,,1,98,,202461,14,,,1,100,,202462,14,,,1,95,,202463,14,,,1,196,,202464,14,,,1
6100,'20260813',1231,,202465,14,,,1,105,,202466,14,,,1,103,,202467,14,,,1,113,,202468,14,,,1,476,,202469,14,,,1,98,,202470,14,,,1,98,,202471,14,,,1,100,,202472,14,,,1,95,,202473,14,,,1,196,,202474,14,,,1
6100,'20260814',1231,,202475,14,,,1,105,,202476,14,,,1,103,,202477,14,,,1,113,,202478,14,,,1,476,,202479,14,,,1,98,,202480,14,,,1,98,,202481,14,,,1,100,,202482,14,,,1,95,,202483,14,,,1,196,,202484,14,,,1
6100,'20260817',1231,,202485,14,,,1,105,,202486,14,,,1,103,,202487,14,,,1,113,,202488,14,,,1,476,,202489,14,,,1,98,,202490,14,,,1,98,,202491,14,,,1,100,,202492,14,,,1,95,,202493,14,,,1,196,,202494,14,,,1
6100,'20260818',1231,,202495,14,,,1,105,,202496,14,,,1,103,,202497,14,,,1,113,,202498,14,,,1,476,,202499,14,,,1,98,,202500,14,,,1,98,,202501,14,,,1,100,,202502,14,,,1,95,,202503,14,,,1,196,,202504,14,,,1
6100,'20260819',1231,,202505,14,,,1,105,,202506,14,,,1,103,,202507,14,,,1,113,,202508,14,,,1,476,,202509,14,,,1,98,,202510,14,,,1,98,,202511,14,,,1,100,,202512,14,,,1,95,,202513,14,,,1,196,,202514,14,,,1
6100,'20260820',1231,,202515,14,,,1,105,,202516,14,,,1,103,,202517,14,,,1,113,,202518,14,,,1,476,,202519,14,,,1,98,,202520,14,,,1,98,,202521,14,,,1,100,,202522,14,,,1,95,,202523,14,,,1,196,,202524,14,,,1
6100,'20260821',1231,,202525,14,,,1,105,,202526,14,,,1,103,,202527,14,,,1,113,,202528,14,,,1,476,,202529,14,,,1,98,,202530,14,,,1,98,,202531,14,,,1,100,,202532,14,,,1,95,,202533,14,,,1,196,,202534,14,,,1
6100,'20260824',1231,,202535,14,,,1,105,,202536,14,,,1,103,,202537,14,,,1,113,,202538,14,,,1,476,,202539,14,,,1,98,,202540,14,,,1,98,,202541,14,,,1,100,,202542,14,,,1,95,,202543,14,,,1,196,,202544,14,,,1
6100,'20260825',1231,,202545,14,,,1,105,,202546,14,,,1,103,,202547,14,,,1,113,,202548,14,,,1,476,,202549,14,,,1,98,,202550,14,,,1,98,,202551,14,,,1,100,,202552,14,,,1,95,,202553,14,,,1,196,,202554,14,,,1
6100,'20260826',1231,,202555,14,,,1,105,,202556,14,,,1,103,,202557,14,,,1,113,,202558,14,,,1,476,,202559,14,,,1,98,,202560,14,,,1,98,,202561,14,,,1,100,,202562,14,,,1,95,,202563,14,,,1,196,,202564,14,,,1
6100,'20260827',1231,,202565,14,,,1,105,,202566,14,,,1,103,,202567,14,,,1,113,,202568,14,,,1,476,,202569,14,,,1,98,,202570,14,,,1,98,,202571,14,,,1,100,,202572,14,,,1,95,,202573,14,,,1,196,,202574,14,,,1
6100,'20260828',1231,,202575,14,,,1,105,,202576,14,,,1,103,,202577,14,,,1,113,,202578,14,,,1,476,,202579,14,,,1,98,,202580,14,,,1,98,,202581,14,,,1,100,,202582,14,,,1,95,,202583,14,,,1,196,,202584,14,,,1
6100,'20260831',1231,,202585,14,,,1,105,,202586,14,,,1,103,,202587,14,,,1,113,,202588,14,,,1,476,,202589,14,,,1,98,,202590,14,,,1,98,,202591,14,,,1,100,,202592,14,,,1,95,,202593,14,,,1,196,,202594,14,,,1
6100,'20260901',1231,,202595,14,,,1,105,,202596,14,,,1,103,,202597,14,,,1,113,,202598,14,,,1,476,,202599,14,,,1,98,,202600,14,,,1,98,,202601,14,,,1,100,,202602,14,,,1,95,,202603,14,,,1,196,,202604,14,,,1
6100,'20260902',1231,,202605,14,,,1,105,,202606,14,,,1,103,,202607,14,,,1,113,,202608,14,,,1,476,,202609,14,,,1,98,,202610,14,,,1,98,,202611,14,,,1,100,,202612,14,,,1,95,,202613,14,,,1,196,,202614,14,,,1
6100,'20260903',1231,,202615,14,,,1,105,,202616,14,,,1,103,,202617,14,,,1,113,,202618,14,,,1,476,,202619,14,,,1,98,,202620,14,,,1,98,,202621,14,,,1,100,,202622,14,,,1,95,,202623,14,,,1,196,,202624,14,,,1
6100,'20260904',1231,,202625,14,,,1,105,,202626,14,,,1,103,,202627,14,,,1,113,,202628,14,,,1,476,,202629,14,,,1,98,,202630,14,,,1,98,,202631,14,,,1,100,,202632,14,,,1,95,,202633,14,,,1,196,,202634,14,,,1
