1800,'20260409',432,,7533,11,0,53 29 30,1,1795,,7538,5,0,16 29 30,1,100,,7539,5,0,16 29 30,1
1800,'20260410',432,,7540,11,0,53 29 30,1
1800,'20260411',447,,7545,11,0,5 29 30,1,81,,7546,12,0,68 29 30,1,28,,7547,12,0,68 29 30,1,65,,7548,12,0,68 29 30,1,30,,7549,12,0,7 29 30,1
1800,'20260412',447,,7557,11,0,5 29 30,1,81,,7558,12,0,68 29 30,1,28,,7559,12,0,68 29 30,1,65,,7560,12,0,68 29 30,1,30,,7561,12,0,7 29 30,1,1665,,7569,5,0,16 29 30,1
1800,'20260413',432,,7570,11,0,53 29 30,1,1795,,7575,5,0,16 29 30,1,100,,7576,5,0,16 29 30,1
1800,'20260414',432,,7577,11,0,53 29 30,1,1795,,7582,5,0,16 29 30,1,100,,7583,5,0,16 29 30,1
1800,'20260415',432,,7584,11,0,53 29 30,1,1795,,7589,5,0,16 29 30,1,100,,7590,5,0,16 29 30,1
1800,'20260416',432,,7591,11,0,53 29 30,1,1795,,7596,5,0,16 29 30,1,100,,7597,5,0,16 29 30,1
1800,'20260417',432,,7598,11,0,53 29 30,1
1800,'20260418',447,,7603,11,0,5 29 30,1,81,,7604,12,0,68 29 30,1,28,,7605,12,0,68 29 30,1,65,,7606,12,0,68 29 30,1,30,,7607,12,0,7 29 30,1
1800,'20260419',447,,7615,11,0,5 29 30,1,81,,7616,12,0,68 29 30,1,28,,7617,12,0,68 29 30,1,65,,7618,12,0,68 29 30,1,30,,7619,12,0,7 29 30,1,1665,,7627,5,0,16 29 30,1
1800,'20260420',432,,7628,11,0,53 29 30,1,1795,,7633,5,0,16 29 30,1,100,,7634,5,0,16 29 30,1
1800,'20260421',432,,7635,11,0,53 29 30,1,1795,,7640,5,0,16 29 30,1,100,,7641,5,0,16 29 30,1
1800,'20260422',432,,7642,11,0,53 29 30,1,1795,,7647,5,0,16 29 30,1,100,,7648,5,0,16 29 30,1
1800,'20260423',432,,7649,11,0,53 29 30,1,1795,,7654,5,0,16 29 30,1,100,,7655,5,0,16 29 30,1
1800,'20260424',432,,7656,11,0,53 29 30,1
