7001,'20260611',1053,,112015,19,0,34 14 36 9,1,200,,112016,19,0,34 14 36 9,1,200,,112017,19,0,34 14 36 9,1,179,,112018,19,,,1,221,,112019,19,0,34 14 36 9,1,203,,112020,19,0,34 14 36 9,1
7001,'20260612',1053,,112023,19,0,34 14 36 9,1,200,,112024,19,0,34 14 36 9,1,200,,112025,19,0,34 14 36 9,1,179,,112026,19,,,1,221,,112027,19,0,34 14 36 9,1,203,,112028,19,0,34 14 36 9,1
7001,'20260613',953,,206284,19,0,34 14 36 9,1,200,,206285,19,0,34 14 36 9,1,200,,206286,19,0,34 14 36 9,1,200,,206287,19,0,34 14 36 9,1,200,,206288,19,0,34 14 36 9,1,203,,206289,19,0,34 14 36 9,1
7001,'20260614',953,,206291,19,0,34 14 36 9,1,200,,206292,19,0,34 14 36 9,1,200,,206293,19,0,34 14 36 9,1,200,,206294,19,0,34 14 36 9,1,200,,206295,19,0,34 14 36 9,1,203,,206296,19,0,34 14 36 9,1
7001,'20260615',1053,,206299,19,0,34 14 36 9,1,200,,206300,19,0,34 14 36 9,1,200,,206301,19,0,34 14 36 9,1,179,,206302,19,,,1,221,,206303,19,0,34 14 36 9,1,203,,206304,19,0,34 14 36 9,1
7001,'20260616',1053,,206307,19,0,34 14 36 9,1,200,,206308,19,0,34 14 36 9,1,200,,206309,19,0,34 14 36 9,1,179,,206310,19,,,1,221,,206311,19,0,34 14 36 9,1,203,,206312,19,0,34 14 36 9,1
7001,'20260617',1053,,206315,19,0,34 14 36 9,1,200,,206316,19,0,34 14 36 9,1,200,,206317,19,0,34 14 36 9,1,179,,206318,19,,,1,221,,206319,19,0,34 14 36 9,1,203,,206320,19,0,34 14 36 9,1
7001,'20260618',1053,,206323,19,0,34 14 36 9,1,200,,206324,19,0,34 14 36 9,1,200,,206325,19,0,34 14 36 9,1,179,,206326,19,,,1,221,,206327,19,0,34 14 36 9,1,203,,206328,19,0,34 14 36 9,1
7001,'20260619',1053,,206331,19,0,34 14 36 9,1,200,,206332,19,0,34 14 36 9,1,200,,206333,19,0,34 14 36 9,1,179,,206334,19,,,1,221,,206335,19,0,34 14 36 9,1,203,,206336,19,0,34 14 36 9,1
7001,'20260620',953,,206338,19,0,34 14 36 9,1,200,,206339,19,0,34 14 36 9,1,200,,206340,19,0,34 14 36 9,1,200,,206341,19,0,34 14 36 9,1,200,,206342,19,0,34 14 36 9,1,203,,206343,19,0,34 14 36 9,1
7001,'20260621',953,,206345,19,0,34 14 36 9,1,200,,206346,19,0,34 14 36 9,1,200,,206347,19,0,34 14 36 9,1,200,,206348,19,0,34 14 36 9,1,200,,206349,19,0,34 14 36 9,1,203,,206350,19,0,34 14 36 9,1
7001,'20260622',1053,,206353,19,0,34 14 36 9,1,200,,206354,19,0,34 14 36 9,1,200,,206355,19,0,34 14 36 9,1,179,,206356,19,,,1,221,,206357,19,0,34 14 36 9,1,203,,206358,19,0,34 14 36 9,1
7001,'20260623',1053,,206361,19,0,34 14 36 9,1,200,,206362,19,0,34 14 36 9,1,200,,206363,19,0,34 14 36 9,1,179,,206364,19,,,1,221,,206365,19,0,34 14 36 9,1,203,,206366,19,0,34 14 36 9,1
7001,'20260624',1053,,206369,19,0,34 14 36 9,1,200,,206370,19,0,34 14 36 9,1,200,,206371,19,0,34 14 36 9,1,179,,206372,19,,,1,221,,206373,19,0,34 14 36 9,1,203,,206374,19,0,34 14 36 9,1
7001,'20260625',1053,,206377,19,0,34 14 36 9,1,200,,206378,19,0,34 14 36 9,1,200,,206379,19,0,34 14 36 9,1,179,,206380,19,,,1,221,,206381,19,0,34 14 36 9,1,203,,206382,19,0,34 14 36 9,1
7001,'20260626',1053,,206385,19,0,34 14 36 9,1,200,,206386,19,0,34 14 36 9,1,200,,206387,19,0,34 14 36 9,1,179,,206388,19,,,1,221,,206389,19,0,34 14 36 9,1,203,,206390,19,0,34 14 36 9,1
7001,'20260627',953,,206392,19,0,34 14 36 9,1,200,,206393,19,0,34 14 36 9,1,200,,206394,19,0,34 14 36 9,1,200,,206395,19,0,34 14 36 9,1,200,,206396,19,0,34 14 36 9,1,203,,206397,19,0,34 14 36 9,1
7001,'20260628',953,,206399,19,0,34 14 36 9,1,200,,206400,19,0,34 14 36 9,1,200,,206401,19,0,34 14 36 9,1,200,,206402,19,0,34 14 36 9,1,200,,206403,19,0,34 14 36 9,1,203,,206404,19,0,34 14 36 9,1
7001,'20260629',1053,,206407,19,0,34 14 36 9,1,200,,206408,19,0,34 14 36 9,1,200,,206409,19,0,34 14 36 9,1,179,,206410,19,,,1,221,,206411,19,0,34 14 36 9,1,203,,206412,19,0,34 14 36 9,1
7001,'20260630',1053,,206415,19,0,34 14 36 9,1,200,,206416,19,0,34 14 36 9,1,200,,206417,19,0,34 14 36 9,1,179,,206418,19,,,1,221,,206419,19,0,34 14 36 9,1,203,,206420,19,0,34 14 36 9,1
7001,'20260701',953,,206422,19,0,34 14 36 9,1,200,,206423,19,0,34 14 36 9,1,200,,206424,19,0,34 14 36 9,1,200,,206425,19,0,34 14 36 9,1,200,,206426,19,0,34 14 36 9,1,203,,206427,19,0,34 14 36 9,1
7001,'20260702',1053,,206430,19,0,34 14 36 9,1,200,,206431,19,0,34 14 36 9,1,200,,206432,19,0,34 14 36 9,1,179,,206433,19,,,1,221,,206434,19,0,34 14 36 9,1,203,,206435,19,0,34 14 36 9,1
7001,'20260703',1053,,206438,19,0,34 14 36 9,1,200,,206439,19,0,34 14 36 9,1,200,,206440,19,0,34 14 36 9,1,179,,206441,19,,,1,221,,206442,19,0,34 14 36 9,1,203,,206443,19,0,34 14 36 9,1
7001,'20260704',953,,206445,19,0,34 14 36 9,1,200,,206446,19,0,34 14 36 9,1,200,,206447,19,0,34 14 36 9,1,200,,206448,19,0,34 14 36 9,1,200,,206449,19,0,34 14 36 9,1,203,,206450,19,0,34 14 36 9,1
7001,'20260705',953,,206452,19,0,34 14 36 9,1,200,,206453,19,0,34 14 36 9,1,200,,206454,19,0,34 14 36 9,1,200,,206455,19,0,34 14 36 9,1,200,,206456,19,0,34 14 36 9,1,203,,206457,19,0,34 14 36 9,1
7001,'20260706',1053,,206460,19,0,34 14 36 9,1,200,,206461,19,0,34 14 36 9,1,200,,206462,19,0,34 14 36 9,1,179,,206463,19,,,1,221,,206464,19,0,34 14 36 9,1,203,,206465,19,0,34 14 36 9,1
7001,'20260707',1053,,206468,19,0,34 14 36 9,1,200,,206469,19,0,34 14 36 9,1,200,,206470,19,0,34 14 36 9,1,179,,206471,19,,,1,221,,206472,19,0,34 14 36 9,1,203,,206473,19,0,34 14 36 9,1
7001,'20260708',1053,,206476,19,0,34 14 36 9,1,200,,206477,19,0,34 14 36 9,1,200,,206478,19,0,34 14 36 9,1,179,,206479,19,,,1,221,,206480,19,0,34 14 36 9,1,203,,206481,19,0,34 14 36 9,1
7001,'20260709',1053,,206484,19,0,34 14 36 9,1,200,,206485,19,0,34 14 36 9,1,200,,206486,19,0,34 14 36 9,1,179,,206487,19,,,1,221,,206488,19,0,34 14 36 9,1,203,,206489,19,0,34 14 36 9,1
7001,'20260710',1053,,206492,19,0,34 14 36 9,1,200,,206493,19,0,34 14 36 9,1,200,,206494,19,0,34 14 36 9,1,179,,206495,19,,,1,221,,206496,19,0,34 14 36 9,1,203,,206497,19,0,34 14 36 9,1
7001,'20260711',953,,206499,19,0,34 14 36 9,1,200,,206500,19,0,34 14 36 9,1,200,,206501,19,0,34 14 36 9,1,200,,206502,19,0,34 14 36 9,1,200,,206503,19,0,34 14 36 9,1,203,,206504,19,0,34 14 36 9,1
7001,'20260712',953,,206506,19,0,34 14 36 9,1,200,,206507,19,0,34 14 36 9,1,200,,206508,19,0,34 14 36 9,1,200,,206509,19,0,34 14 36 9,1,200,,206510,19,0,34 14 36 9,1,203,,206511,19,0,34 14 36 9,1
7001,'20260713',1053,,206514,19,0,34 14 36 9,1,200,,206515,19,0,34 14 36 9,1,200,,206516,19,0,34 14 36 9,1,179,,206517,19,,,1,221,,206518,19,0,34 14 36 9,1,203,,206519,19,0,34 14 36 9,1
7001,'20260714',1053,,206522,19,0,34 14 36 9,1,200,,206523,19,0,34 14 36 9,1,200,,206524,19,0,34 14 36 9,1,179,,206525,19,,,1,221,,206526,19,0,34 14 36 9,1,203,,206527,19,0,34 14 36 9,1
7001,'20260715',1053,,206530,19,0,34 14 36 9,1,200,,206531,19,0,34 14 36 9,1,200,,206532,19,0,34 14 36 9,1,179,,206533,19,,,1,221,,206534,19,0,34 14 36 9,1,203,,206535,19,0,34 14 36 9,1
7001,'20260716',1053,,206538,19,0,34 14 36 9,1,200,,206539,19,0,34 14 36 9,1,200,,206540,19,0,34 14 36 9,1,179,,206541,19,,,1,221,,206542,19,0,34 14 36 9,1,203,,206543,19,0,34 14 36 9,1
7001,'20260717',1053,,206546,19,0,34 14 36 9,1,200,,206547,19,0,34 14 36 9,1,200,,206548,19,0,34 14 36 9,1,179,,206549,19,,,1,221,,206550,19,0,34 14 36 9,1,203,,206551,19,0,34 14 36 9,1
7001,'20260718',953,,206553,19,0,34 14 36 9,1,200,,206554,19,0,34 14 36 9,1,200,,206555,19,0,34 14 36 9,1,200,,206556,19,0,34 14 36 9,1,200,,206557,19,0,34 14 36 9,1,203,,206558,19,0,34 14 36 9,1
7001,'20260719',953,,206560,19,0,34 14 36 9,1,200,,206561,19,0,34 14 36 9,1,200,,206562,19,0,34 14 36 9,1,200,,206563,19,0,34 14 36 9,1,200,,206564,19,0,34 14 36 9,1,203,,206565,19,0,34 14 36 9,1
7001,'20260720',1053,,206568,19,0,34 14 36 9,1,200,,206569,19,0,34 14 36 9,1,200,,206570,19,0,34 14 36 9,1,179,,206571,19,,,1,221,,206572,19,0,34 14 36 9,1,203,,206573,19,0,34 14 36 9,1
7001,'20260721',1053,,206576,19,0,34 14 36 9,1,200,,206577,19,0,34 14 36 9,1,200,,206578,19,0,34 14 36 9,1,179,,206579,19,,,1,221,,206580,19,0,34 14 36 9,1,203,,206581,19,0,34 14 36 9,1
7001,'20260722',1053,,206584,19,0,34 14 36 9,1,200,,206585,19,0,34 14 36 9,1,200,,206586,19,0,34 14 36 9,1,179,,206587,19,,,1,221,,206588,19,0,34 14 36 9,1,203,,206589,19,0,34 14 36 9,1
7001,'20260723',1053,,206592,19,0,34 14 36 9,1,200,,206593,19,0,34 14 36 9,1,200,,206594,19,0,34 14 36 9,1,179,,206595,19,,,1,221,,206596,19,0,34 14 36 9,1,203,,206597,19,0,34 14 36 9,1
7001,'20260724',1053,,206600,19,0,34 14 36 9,1,200,,206601,19,0,34 14 36 9,1,200,,206602,19,0,34 14 36 9,1,179,,206603,19,,,1,221,,206604,19,0,34 14 36 9,1,203,,206605,19,0,34 14 36 9,1
7001,'20260725',953,,206607,19,0,34 14 36 9,1,200,,206608,19,0,34 14 36 9,1,200,,206609,19,0,34 14 36 9,1,200,,206610,19,0,34 14 36 9,1,200,,206611,19,0,34 14 36 9,1,203,,206612,19,0,34 14 36 9,1
7001,'20260726',953,,206614,19,0,34 14 36 9,1,200,,206615,19,0,34 14 36 9,1,200,,206616,19,0,34 14 36 9,1,200,,206617,19,0,34 14 36 9,1,200,,206618,19,0,34 14 36 9,1,203,,206619,19,0,34 14 36 9,1
7001,'20260727',1053,,206622,19,0,34 14 36 9,1,200,,206623,19,0,34 14 36 9,1,200,,206624,19,0,34 14 36 9,1,179,,206625,19,,,1,221,,206626,19,0,34 14 36 9,1,203,,206627,19,0,34 14 36 9,1
7001,'20260728',1053,,206630,19,0,34 14 36 9,1,200,,206631,19,0,34 14 36 9,1,200,,206632,19,0,34 14 36 9,1,179,,206633,19,,,1,221,,206634,19,0,34 14 36 9,1,203,,206635,19,0,34 14 36 9,1
7001,'20260729',1053,,206638,19,0,34 14 36 9,1,200,,206639,19,0,34 14 36 9,1,200,,206640,19,0,34 14 36 9,1,179,,206641,19,,,1,221,,206642,19,0,34 14 36 9,1,203,,206643,19,0,34 14 36 9,1
7001,'20260730',1053,,206646,19,0,34 14 36 9,1,200,,206647,19,0,34 14 36 9,1,200,,206648,19,0,34 14 36 9,1,179,,206649,19,,,1,221,,206650,19,0,34 14 36 9,1,203,,206651,19,0,34 14 36 9,1
7001,'20260731',1053,,206654,19,0,34 14 36 9,1,200,,206655,19,0,34 14 36 9,1,200,,206656,19,0,34 14 36 9,1,179,,206657,19,,,1,221,,206658,19,0,34 14 36 9,1,203,,206659,19,0,34 14 36 9,1
7001,'20260801',953,,206661,19,0,34 14 36 9,1,200,,206662,19,0,34 14 36 9,1,200,,206663,19,0,34 14 36 9,1,200,,206664,19,0,34 14 36 9,1,200,,206665,19,0,34 14 36 9,1,203,,206666,19,0,34 14 36 9,1
7001,'20260802',953,,206668,19,0,34 14 36 9,1,200,,206669,19,0,34 14 36 9,1,200,,206670,19,0,34 14 36 9,1,200,,206671,19,0,34 14 36 9,1,200,,206672,19,0,34 14 36 9,1,203,,206673,19,0,34 14 36 9,1
7001,'20260803',953,,206675,19,0,34 14 36 9,1,200,,206676,19,0,34 14 36 9,1,200,,206677,19,0,34 14 36 9,1,200,,206678,19,0,34 14 36 9,1,200,,206679,19,0,34 14 36 9,1,203,,206680,19,0,34 14 36 9,1
7001,'20260804',1053,,206683,19,0,34 14 36 9,1,200,,206684,19,0,34 14 36 9,1,200,,206685,19,0,34 14 36 9,1,179,,206686,19,,,1,221,,206687,19,0,34 14 36 9,1,203,,206688,19,0,34 14 36 9,1
7001,'20260805',1053,,206691,19,0,34 14 36 9,1,200,,206692,19,0,34 14 36 9,1,200,,206693,19,0,34 14 36 9,1,179,,206694,19,,,1,221,,206695,19,0,34 14 36 9,1,203,,206696,19,0,34 14 36 9,1
7001,'20260806',1053,,206699,19,0,34 14 36 9,1,200,,206700,19,0,34 14 36 9,1,200,,206701,19,0,34 14 36 9,1,179,,206702,19,,,1,221,,206703,19,0,34 14 36 9,1,203,,206704,19,0,34 14 36 9,1
7001,'20260807',1053,,206707,19,0,34 14 36 9,1,200,,206708,19,0,34 14 36 9,1,200,,206709,19,0,34 14 36 9,1,179,,206710,19,,,1,221,,206711,19,0,34 14 36 9,1,203,,206712,19,0,34 14 36 9,1
7001,'20260808',953,,206714,19,0,34 14 36 9,1,200,,206715,19,0,34 14 36 9,1,200,,206716,19,0,34 14 36 9,1,200,,206717,19,0,34 14 36 9,1,200,,206718,19,0,34 14 36 9,1,203,,206719,19,0,34 14 36 9,1
7001,'20260809',953,,206721,19,0,34 14 36 9,1,200,,206722,19,0,34 14 36 9,1,200,,206723,19,0,34 14 36 9,1,200,,206724,19,0,34 14 36 9,1,200,,206725,19,0,34 14 36 9,1,203,,206726,19,0,34 14 36 9,1
7001,'20260810',1053,,206729,19,0,34 14 36 9,1,200,,206730,19,0,34 14 36 9,1,200,,206731,19,0,34 14 36 9,1,179,,206732,19,,,1,221,,206733,19,0,34 14 36 9,1,203,,206734,19,0,34 14 36 9,1
7001,'20260811',1053,,206737,19,0,34 14 36 9,1,200,,206738,19,0,34 14 36 9,1,200,,206739,19,0,34 14 36 9,1,179,,206740,19,,,1,221,,206741,19,0,34 14 36 9,1,203,,206742,19,0,34 14 36 9,1
7001,'20260812',1053,,206745,19,0,34 14 36 9,1,200,,206746,19,0,34 14 36 9,1,200,,206747,19,0,34 14 36 9,1,179,,206748,19,,,1,221,,206749,19,0,34 14 36 9,1,203,,206750,19,0,34 14 36 9,1
7001,'20260813',1053,,206753,19,0,34 14 36 9,1,200,,206754,19,0,34 14 36 9,1,200,,206755,19,0,34 14 36 9,1,179,,206756,19,,,1,221,,206757,19,0,34 14 36 9,1,203,,206758,19,0,34 14 36 9,1
7001,'20260814',1053,,206761,19,0,34 14 36 9,1,200,,206762,19,0,34 14 36 9,1,200,,206763,19,0,34 14 36 9,1,179,,206764,19,,,1,221,,206765,19,0,34 14 36 9,1,203,,206766,19,0,34 14 36 9,1
7001,'20260815',953,,206768,19,0,34 14 36 9,1,200,,206769,19,0,34 14 36 9,1,200,,206770,19,0,34 14 36 9,1,200,,206771,19,0,34 14 36 9,1,200,,206772,19,0,34 14 36 9,1,203,,206773,19,0,34 14 36 9,1
7001,'20260816',953,,206775,19,0,34 14 36 9,1,200,,206776,19,0,34 14 36 9,1,200,,206777,19,0,34 14 36 9,1,200,,206778,19,0,34 14 36 9,1,200,,206779,19,0,34 14 36 9,1,203,,206780,19,0,34 14 36 9,1
7001,'20260817',1053,,206783,19,0,34 14 36 9,1,200,,206784,19,0,34 14 36 9,1,200,,206785,19,0,34 14 36 9,1,179,,206786,19,,,1,221,,206787,19,0,34 14 36 9,1,203,,206788,19,0,34 14 36 9,1
7001,'20260818',1053,,206791,19,0,34 14 36 9,1,200,,206792,19,0,34 14 36 9,1,200,,206793,19,0,34 14 36 9,1,179,,206794,19,,,1,221,,206795,19,0,34 14 36 9,1,203,,206796,19,0,34 14 36 9,1
7001,'20260819',1053,,206799,19,0,34 14 36 9,1,200,,206800,19,0,34 14 36 9,1,200,,206801,19,0,34 14 36 9,1,179,,206802,19,,,1,221,,206803,19,0,34 14 36 9,1,203,,206804,19,0,34 14 36 9,1
7001,'20260820',1053,,206807,19,0,34 14 36 9,1,200,,206808,19,0,34 14 36 9,1,200,,206809,19,0,34 14 36 9,1,179,,206810,19,,,1,221,,206811,19,0,34 14 36 9,1,203,,206812,19,0,34 14 36 9,1
7001,'20260821',1053,,206815,19,0,34 14 36 9,1,200,,206816,19,0,34 14 36 9,1,200,,206817,19,0,34 14 36 9,1,179,,206818,19,,,1,221,,206819,19,0,34 14 36 9,1,203,,206820,19,0,34 14 36 9,1
7001,'20260822',953,,206822,19,0,34 14 36 9,1,200,,206823,19,0,34 14 36 9,1,200,,206824,19,0,34 14 36 9,1,200,,206825,19,0,34 14 36 9,1,200,,206826,19,0,34 14 36 9,1,203,,206827,19,0,34 14 36 9,1
7001,'20260823',953,,206829,19,0,34 14 36 9,1,200,,206830,19,0,34 14 36 9,1,200,,206831,19,0,34 14 36 9,1,200,,206832,19,0,34 14 36 9,1,200,,206833,19,0,34 14 36 9,1,203,,206834,19,0,34 14 36 9,1
7001,'20260824',1053,,206837,19,0,34 14 36 9,1,200,,206838,19,0,34 14 36 9,1,200,,206839,19,0,34 14 36 9,1,179,,206840,19,,,1,221,,206841,19,0,34 14 36 9,1,203,,206842,19,0,34 14 36 9,1
7001,'20260825',1053,,206845,19,0,34 14 36 9,1,200,,206846,19,0,34 14 36 9,1,200,,206847,19,0,34 14 36 9,1,179,,206848,19,,,1,221,,206849,19,0,34 14 36 9,1,203,,206850,19,0,34 14 36 9,1
7001,'20260826',1053,,206853,19,0,34 14 36 9,1,200,,206854,19,0,34 14 36 9,1,200,,206855,19,0,34 14 36 9,1,179,,206856,19,,,1,221,,206857,19,0,34 14 36 9,1,203,,206858,19,0,34 14 36 9,1
7001,'20260827',1053,,206861,19,0,34 14 36 9,1,200,,206862,19,0,34 14 36 9,1,200,,206863,19,0,34 14 36 9,1,179,,206864,19,,,1,221,,206865,19,0,34 14 36 9,1,203,,206866,19,0,34 14 36 9,1
7001,'20260828',1053,,206869,19,0,34 14 36 9,1,200,,206870,19,0,34 14 36 9,1,200,,206871,19,0,34 14 36 9,1,179,,206872,19,,,1,221,,206873,19,0,34 14 36 9,1,203,,206874,19,0,34 14 36 9,1
7001,'20260829',953,,206876,19,0,34 14 36 9,1,200,,206877,19,0,34 14 36 9,1,200,,206878,19,0,34 14 36 9,1,200,,206879,19,0,34 14 36 9,1,200,,206880,19,0,34 14 36 9,1,203,,206881,19,0,34 14 36 9,1
7001,'20260830',953,,206883,19,0,34 14 36 9,1,200,,206884,19,0,34 14 36 9,1,200,,206885,19,0,34 14 36 9,1,200,,206886,19,0,34 14 36 9,1,200,,206887,19,0,34 14 36 9,1,203,,206888,19,0,34 14 36 9,1
7001,'20260831',1053,,206891,19,0,34 14 36 9,1,200,,206892,19,0,34 14 36 9,1,200,,206893,19,0,34 14 36 9,1,179,,206894,19,,,1,221,,206895,19,0,34 14 36 9,1,203,,206896,19,0,34 14 36 9,1
7001,'20260901',1053,,206899,19,0,34 14 36 9,1,200,,206900,19,0,34 14 36 9,1,200,,206901,19,0,34 14 36 9,1,179,,206902,19,,,1,221,,206903,19,0,34 14 36 9,1,203,,206904,19,0,34 14 36 9,1
7001,'20260902',1053,,206907,19,0,34 14 36 9,1,200,,206908,19,0,34 14 36 9,1,200,,206909,19,0,34 14 36 9,1,179,,206910,19,,,1,221,,206911,19,0,34 14 36 9,1,203,,206912,19,0,34 14 36 9,1
7001,'20260903',1053,,206915,19,0,34 14 36 9,1,200,,206916,19,0,34 14 36 9,1,200,,206917,19,0,34 14 36 9,1,179,,206918,19,,,1,221,,206919,19,0,34 14 36 9,1,203,,206920,19,0,34 14 36 9,1
7001,'20260904',1053,,206923,19,0,34 14 36 9,1,200,,206924,19,0,34 14 36 9,1,200,,206925,19,0,34 14 36 9,1,179,,206926,19,,,1,221,,206927,19,0,34 14 36 9,1,203,,206928,19,0,34 14 36 9,1
7101,'20260611',445,,112477,19,,,1,1100,,112479,7,0,31 29 30,1,265,,112480,19,,,1,500,,112481,19,,,1,205,,112482,7,0,31 29 30,1
7101,'20260612',445,,112483,19,,,1,1100,,112485,7,0,31 29 30,1,265,,112486,19,,,1,500,,112487,19,,,1,205,,112488,7,0,31 29 30,1
7101,'20260613',612,,207265,19,,,1,1547,,207266,19,,,1,156,,207267,7,0,31 29 30,1,200,,207268,7,0,31 29 30,1
7101,'20260614',612,,207269,19,,,1,1547,,207270,19,,,1,156,,207271,7,0,31 29 30,1,200,,207272,7,0,31 29 30,1
7101,'20260615',445,,207273,19,,,1,1100,,207275,7,0,31 29 30,1,265,,207276,19,,,1,500,,207277,19,,,1,205,,207278,7,0,31 29 30,1
7101,'20260616',445,,207279,19,,,1,1100,,207281,7,0,31 29 30,1,265,,207282,19,,,1,500,,207283,19,,,1,205,,207284,7,0,31 29 30,1
7101,'20260617',445,,207285,19,,,1,1100,,207287,7,0,31 29 30,1,265,,207288,19,,,1,500,,207289,19,,,1,205,,207290,7,0,31 29 30,1
7101,'20260618',445,,207291,19,,,1,1100,,207293,7,0,31 29 30,1,265,,207294,19,,,1,500,,207295,19,,,1,205,,207296,7,0,31 29 30,1
7101,'20260619',445,,207297,19,,,1,1100,,207299,7,0,31 29 30,1,265,,207300,19,,,1,500,,207301,19,,,1,205,,207302,7,0,31 29 30,1
7101,'20260620',612,,207303,19,,,1,1547,,207304,19,,,1,156,,207305,7,0,31 29 30,1,200,,207306,7,0,31 29 30,1
7101,'20260621',612,,207307,19,,,1,1547,,207308,19,,,1,156,,207309,7,0,31 29 30,1,200,,207310,7,0,31 29 30,1
7101,'20260622',445,,207311,19,,,1,1100,,207313,7,0,31 29 30,1,265,,207314,19,,,1,500,,207315,19,,,1,205,,207316,7,0,31 29 30,1
7101,'20260623',445,,207317,19,,,1,1100,,207319,7,0,31 29 30,1,265,,207320,19,,,1,500,,207321,19,,,1,205,,207322,7,0,31 29 30,1
7101,'20260624',445,,207323,19,,,1,1100,,207325,7,0,31 29 30,1,265,,207326,19,,,1,500,,207327,19,,,1,205,,207328,7,0,31 29 30,1
7101,'20260625',445,,207329,19,,,1,1100,,207331,7,0,31 29 30,1,265,,207332,19,,,1,500,,207333,19,,,1,205,,207334,7,0,31 29 30,1
7101,'20260626',445,,207335,19,,,1,1100,,207337,7,0,31 29 30,1,265,,207338,19,,,1,500,,207339,19,,,1,205,,207340,7,0,31 29 30,1
7101,'20260627',612,,207341,19,,,1,1547,,207342,19,,,1,156,,207343,7,0,31 29 30,1,200,,207344,7,0,31 29 30,1
7101,'20260628',612,,207345,19,,,1,1547,,207346,19,,,1,156,,207347,7,0,31 29 30,1,200,,207348,7,0,31 29 30,1
7101,'20260629',445,,207349,19,,,1,1100,,207351,7,0,31 29 30,1,265,,207352,19,,,1,500,,207353,19,,,1,205,,207354,7,0,31 29 30,1
7101,'20260630',445,,207355,19,,,1,1100,,207357,7,0,31 29 30,1,265,,207358,19,,,1,500,,207359,19,,,1,205,,207360,7,0,31 29 30,1
7101,'20260701',612,,207361,19,,,1,1547,,207362,19,,,1,156,,207363,7,0,31 29 30,1,200,,207364,7,0,31 29 30,1
7101,'20260702',445,,207365,19,,,1,1100,,207367,7,0,31 29 30,1,265,,207368,19,,,1,500,,207369,19,,,1,205,,207370,7,0,31 29 30,1
7101,'20260703',445,,207371,19,,,1,1100,,207373,7,0,31 29 30,1,265,,207374,19,,,1,500,,207375,19,,,1,205,,207376,7,0,31 29 30,1
7101,'20260704',612,,207377,19,,,1,1547,,207378,19,,,1,156,,207379,7,0,31 29 30,1,200,,207380,7,0,31 29 30,1
7101,'20260705',612,,207381,19,,,1,1547,,207382,19,,,1,156,,207383,7,0,31 29 30,1,200,,207384,7,0,31 29 30,1
7101,'20260706',445,,207385,19,,,1,1100,,207387,7,0,31 29 30,1,265,,207388,19,,,1,500,,207389,19,,,1,205,,207390,7,0,31 29 30,1
7101,'20260707',445,,207391,19,,,1,1100,,207393,7,0,31 29 30,1,265,,207394,19,,,1,500,,207395,19,,,1,205,,207396,7,0,31 29 30,1
7101,'20260708',445,,207397,19,,,1,1100,,207399,7,0,31 29 30,1,265,,207400,19,,,1,500,,207401,19,,,1,205,,207402,7,0,31 29 30,1
7101,'20260709',445,,207403,19,,,1,1100,,207405,7,0,31 29 30,1,265,,207406,19,,,1,500,,207407,19,,,1,205,,207408,7,0,31 29 30,1
7101,'20260710',445,,207409,19,,,1,1100,,207411,7,0,31 29 30,1,265,,207412,19,,,1,500,,207413,19,,,1,205,,207414,7,0,31 29 30,1
7101,'20260711',612,,207415,19,,,1,1547,,207416,19,,,1,156,,207417,7,0,31 29 30,1,200,,207418,7,0,31 29 30,1
7101,'20260712',612,,207419,19,,,1,1547,,207420,19,,,1,156,,207421,7,0,31 29 30,1,200,,207422,7,0,31 29 30,1
7101,'20260713',445,,207423,19,,,1,1100,,207425,7,0,31 29 30,1,265,,207426,19,,,1,500,,207427,19,,,1,205,,207428,7,0,31 29 30,1
7101,'20260714',445,,207429,19,,,1,1100,,207431,7,0,31 29 30,1,265,,207432,19,,,1,500,,207433,19,,,1,205,,207434,7,0,31 29 30,1
7101,'20260715',445,,207435,19,,,1,1100,,207437,7,0,31 29 30,1,265,,207438,19,,,1,500,,207439,19,,,1,205,,207440,7,0,31 29 30,1
7101,'20260716',445,,207441,19,,,1,1100,,207443,7,0,31 29 30,1,265,,207444,19,,,1,500,,207445,19,,,1,205,,207446,7,0,31 29 30,1
7101,'20260717',445,,207447,19,,,1,1100,,207449,7,0,31 29 30,1,265,,207450,19,,,1,500,,207451,19,,,1,205,,207452,7,0,31 29 30,1
7101,'20260718',612,,207453,19,,,1,1547,,207454,19,,,1,156,,207455,7,0,31 29 30,1,200,,207456,7,0,31 29 30,1
7101,'20260719',612,,207457,19,,,1,1547,,207458,19,,,1,156,,207459,7,0,31 29 30,1,200,,207460,7,0,31 29 30,1
7101,'20260720',445,,207461,19,,,1,1100,,207463,7,0,31 29 30,1,265,,207464,19,,,1,500,,207465,19,,,1,205,,207466,7,0,31 29 30,1
7101,'20260721',445,,207467,19,,,1,1100,,207469,7,0,31 29 30,1,265,,207470,19,,,1,500,,207471,19,,,1,205,,207472,7,0,31 29 30,1
7101,'20260722',445,,207473,19,,,1,1100,,207475,7,0,31 29 30,1,265,,207476,19,,,1,500,,207477,19,,,1,205,,207478,7,0,31 29 30,1
7101,'20260723',445,,207479,19,,,1,1100,,207481,7,0,31 29 30,1,265,,207482,19,,,1,500,,207483,19,,,1,205,,207484,7,0,31 29 30,1
7101,'20260724',445,,207485,19,,,1,1100,,207487,7,0,31 29 30,1,265,,207488,19,,,1,500,,207489,19,,,1,205,,207490,7,0,31 29 30,1
7101,'20260725',612,,207491,19,,,1,1547,,207492,19,,,1,156,,207493,7,0,31 29 30,1,200,,207494,7,0,31 29 30,1
7101,'20260726',612,,207495,19,,,1,1547,,207496,19,,,1,156,,207497,7,0,31 29 30,1,200,,207498,7,0,31 29 30,1
7101,'20260727',445,,207499,19,,,1,1100,,207501,7,0,31 29 30,1,265,,207502,19,,,1,500,,207503,19,,,1,205,,207504,7,0,31 29 30,1
7101,'20260728',445,,207505,19,,,1,1100,,207507,7,0,31 29 30,1,265,,207508,19,,,1,500,,207509,19,,,1,205,,207510,7,0,31 29 30,1
7101,'20260729',445,,207511,19,,,1,1100,,207513,7,0,31 29 30,1,265,,207514,19,,,1,500,,207515,19,,,1,205,,207516,7,0,31 29 30,1
7101,'20260730',445,,207517,19,,,1,1100,,207519,7,0,31 29 30,1,265,,207520,19,,,1,500,,207521,19,,,1,205,,207522,7,0,31 29 30,1
7101,'20260731',445,,207523,19,,,1,1100,,207525,7,0,31 29 30,1,265,,207526,19,,,1,500,,207527,19,,,1,205,,207528,7,0,31 29 30,1
7101,'20260801',612,,207529,19,,,1,1547,,207530,19,,,1,156,,207531,7,0,31 29 30,1,200,,207532,7,0,31 29 30,1
7101,'20260802',612,,207533,19,,,1,1547,,207534,19,,,1,156,,207535,7,0,31 29 30,1,200,,207536,7,0,31 29 30,1
7101,'20260803',612,,207537,19,,,1,1547,,207538,19,,,1,156,,207539,7,0,31 29 30,1,200,,207540,7,0,31 29 30,1
7101,'20260804',445,,207541,19,,,1,1100,,207543,7,0,31 29 30,1,265,,207544,19,,,1,500,,207545,19,,,1,205,,207546,7,0,31 29 30,1
7101,'20260805',445,,207547,19,,,1,1100,,207549,7,0,31 29 30,1,265,,207550,19,,,1,500,,207551,19,,,1,205,,207552,7,0,31 29 30,1
7101,'20260806',445,,207553,19,,,1,1100,,207555,7,0,31 29 30,1,265,,207556,19,,,1,500,,207557,19,,,1,205,,207558,7,0,31 29 30,1
7101,'20260807',445,,207559,19,,,1,1100,,207561,7,0,31 29 30,1,265,,207562,19,,,1,500,,207563,19,,,1,205,,207564,7,0,31 29 30,1
7101,'20260808',612,,207565,19,,,1,1547,,207566,19,,,1,156,,207567,7,0,31 29 30,1,200,,207568,7,0,31 29 30,1
7101,'20260809',612,,207569,19,,,1,1547,,207570,19,,,1,156,,207571,7,0,31 29 30,1,200,,207572,7,0,31 29 30,1
7101,'20260810',445,,207573,19,,,1,1100,,207575,7,0,31 29 30,1,265,,207576,19,,,1,500,,207577,19,,,1,205,,207578,7,0,31 29 30,1
7101,'20260811',445,,207579,19,,,1,1100,,207581,7,0,31 29 30,1,265,,207582,19,,,1,500,,207583,19,,,1,205,,207584,7,0,31 29 30,1
7101,'20260812',445,,207585,19,,,1,1100,,207587,7,0,31 29 30,1,265,,207588,19,,,1,500,,207589,19,,,1,205,,207590,7,0,31 29 30,1
7101,'20260813',445,,207591,19,,,1,1100,,207593,7,0,31 29 30,1,265,,207594,19,,,1,500,,207595,19,,,1,205,,207596,7,0,31 29 30,1
7101,'20260814',445,,207597,19,,,1,1100,,207599,7,0,31 29 30,1,265,,207600,19,,,1,500,,207601,19,,,1,205,,207602,7,0,31 29 30,1
7101,'20260815',612,,207603,19,,,1,1547,,207604,19,,,1,156,,207605,7,0,31 29 30,1,200,,207606,7,0,31 29 30,1
7101,'20260816',612,,207607,19,,,1,1547,,207608,19,,,1,156,,207609,7,0,31 29 30,1,200,,207610,7,0,31 29 30,1
7101,'20260817',445,,207611,19,,,1,1100,,207613,7,0,31 29 30,1,265,,207614,19,,,1,500,,207615,19,,,1,205,,207616,7,0,31 29 30,1
7101,'20260818',445,,207617,19,,,1,1100,,207619,7,0,31 29 30,1,265,,207620,19,,,1,500,,207621,19,,,1,205,,207622,7,0,31 29 30,1
7101,'20260819',445,,207623,19,,,1,1100,,207625,7,0,31 29 30,1,265,,207626,19,,,1,500,,207627,19,,,1,205,,207628,7,0,31 29 30,1
7101,'20260820',445,,207629,19,,,1,1100,,207631,7,0,31 29 30,1,265,,207632,19,,,1,500,,207633,19,,,1,205,,207634,7,0,31 29 30,1
7101,'20260821',445,,207635,19,,,1,1100,,207637,7,0,31 29 30,1,265,,207638,19,,,1,500,,207639,19,,,1,205,,207640,7,0,31 29 30,1
7101,'20260822',612,,207641,19,,,1,1547,,207642,19,,,1,156,,207643,7,0,31 29 30,1,200,,207644,7,0,31 29 30,1
7101,'20260823',612,,207645,19,,,1,1547,,207646,19,,,1,156,,207647,7,0,31 29 30,1,200,,207648,7,0,31 29 30,1
7101,'20260824',445,,207649,19,,,1,1100,,207651,7,0,31 29 30,1,265,,207652,19,,,1,500,,207653,19,,,1,205,,207654,7,0,31 29 30,1
7101,'20260825',445,,207655,19,,,1,1100,,207657,7,0,31 29 30,1,265,,207658,19,,,1,500,,207659,19,,,1,205,,207660,7,0,31 29 30,1
7101,'20260826',445,,207661,19,,,1,1100,,207663,7,0,31 29 30,1,265,,207664,19,,,1,500,,207665,19,,,1,205,,207666,7,0,31 29 30,1
7101,'20260827',445,,207667,19,,,1,1100,,207669,7,0,31 29 30,1,265,,207670,19,,,1,500,,207671,19,,,1,205,,207672,7,0,31 29 30,1
7101,'20260828',445,,207673,19,,,1,1100,,207675,7,0,31 29 30,1,265,,207676,19,,,1,500,,207677,19,,,1,205,,207678,7,0,31 29 30,1
7101,'20260829',612,,207679,19,,,1,1547,,207680,19,,,1,156,,207681,7,0,31 29 30,1,200,,207682,7,0,31 29 30,1
7101,'20260830',612,,207683,19,,,1,1547,,207684,19,,,1,156,,207685,7,0,31 29 30,1,200,,207686,7,0,31 29 30,1
7101,'20260831',445,,207687,19,,,1,1100,,207689,7,0,31 29 30,1,265,,207690,19,,,1,500,,207691,19,,,1,205,,207692,7,0,31 29 30,1
7101,'20260901',445,,207693,19,,,1,1100,,207695,7,0,31 29 30,1,265,,207696,19,,,1,500,,207697,19,,,1,205,,207698,7,0,31 29 30,1
7101,'20260902',445,,207699,19,,,1,1100,,207701,7,0,31 29 30,1,265,,207702,19,,,1,500,,207703,19,,,1,205,,207704,7,0,31 29 30,1
7101,'20260903',445,,207705,19,,,1,1100,,207707,7,0,31 29 30,1,265,,207708,19,,,1,500,,207709,19,,,1,205,,207710,7,0,31 29 30,1
7101,'20260904',445,,207711,19,,,1,1100,,207713,7,0,31 29 30,1,265,,207714,19,,,1,500,,207715,19,,,1,205,,207716,7,0,31 29 30,1
