2701,'20260310',610,,19394,14,0,7 8 9,1,107,,19395,14,0,7 8 9,1,33,,19396,14,0,7 8 9,1,63,,19397,14,0,7 8 9,1,10,,19398,14,0,5 10 9,1,12,,19399,14,0,7 8 9,1,72,,19400,14,0,7 8 9,1,43,,19401,14,0,7 8 9,1,157,,19402,14,0,5 10 9,1,100,,19403,14,0,5 10 9,1,98,,19404,14,0,5 10 9,1,105,,19405,14,0,5 10 9,1,108,,19406,14,0,7 8 9,1,110,,19407,14,0,7 8 9,1,30,,19408,14,0,7 8 9,1,75,,19409,14,0,7 8 9,1,75,,19410,14,0,7 8 9,1,25,,19411,14,0,7 8 9,1,75,,19412,14,0,7 8 9,1,10,,19413,14,0,5 10 9,1,12,,19414,14,0,7 8 9,1,70,,19415,14,0,5 10 9,1,100,,19416,14,0,5 10 9,1,100,,19417,14,0,5 10 9,1,100,,19418,14,0,5 10 9,1,155,,19419,14,0,5 10 9,1
2701,'20260311',610,,19420,14,0,7 8 9,1,107,,19421,14,0,7 8 9,1,33,,19422,14,0,7 8 9,1,63,,19423,14,0,7 8 9,1,10,,19424,14,0,5 10 9,1,12,,19425,14,0,7 8 9,1,72,,19426,14,0,7 8 9,1,43,,19427,14,0,7 8 9,1,157,,19428,14,0,5 10 9,1,100,,19429,14,0,5 10 9,1,98,,19430,14,0,5 10 9,1,105,,19431,14,0,5 10 9,1,108,,19432,14,0,7 8 9,1,110,,19433,14,0,7 8 9,1,30,,19434,14,0,7 8 9,1,75,,19435,14,0,7 8 9,1,75,,19436,14,0,7 8 9,1,25,,19437,14,0,7 8 9,1,75,,19438,14,0,7 8 9,1,10,,19439,14,0,5 10 9,1,12,,19440,14,0,7 8 9,1,70,,19441,14,0,5 10 9,1,100,,19442,14,0,5 10 9,1,100,,19443,14,0,5 10 9,1,100,,19444,14,0,5 10 9,1,155,,19445,14,0,5 10 9,1
2701,'20260312',610,,19446,14,0,7 8 9,1,107,,19447,14,0,7 8 9,1,33,,19448,14,0,7 8 9,1,63,,19449,14,0,7 8 9,1,10,,19450,14,0,5 10 9,1,12,,19451,14,0,7 8 9,1,72,,19452,14,0,7 8 9,1,43,,19453,14,0,7 8 9,1,157,,19454,14,0,5 10 9,1,100,,19455,14,0,5 10 9,1,98,,19456,14,0,5 10 9,1,105,,19457,14,0,5 10 9,1,108,,19458,14,0,7 8 9,1,110,,19459,14,0,7 8 9,1,30,,19460,14,0,7 8 9,1,75,,19461,14,0,7 8 9,1,75,,19462,14,0,7 8 9,1,25,,19463,14,0,7 8 9,1,75,,19464,14,0,7 8 9,1,10,,19465,14,0,5 10 9,1,12,,19466,14,0,7 8 9,1,70,,19467,14,0,5 10 9,1,100,,19468,14,0,5 10 9,1,100,,19469,14,0,5 10 9,1,100,,19470,14,0,5 10 9,1,155,,19471,14,0,5 10 9,1
2701,'20260313',610,,19472,14,0,7 8 9,1,107,,19473,14,0,7 8 9,1,33,,19474,14,0,7 8 9,1,63,,19475,14,0,7 8 9,1,22,,19476,14,0,7 8 9,1,72,,19477,14,0,7 8 9,1,43,,19478,14,0,7 8 9,1,157,,19479,14,0,5 10 9,1,100,,19480,14,0,5 10 9,1,98,,19481,14,0,5 10 9,1,105,,19482,14,0,5 10 9,1,108,,19483,14,0,7 8 9,1,110,,19484,14,0,7 8 9,1,30,,19485,14,0,7 8 9,1,75,,19486,14,0,7 8 9,1,75,,19487,14,0,7 8 9,1,25,,19488,14,0,7 8 9,1,75,,19489,14,0,7 8 9,1,22,,19490,14,0,7 8 9,1,70,,19491,14,0,5 10 9,1,100,,19492,14,0,5 10 9,1,100,,19493,14,0,5 10 9,1,100,,19494,14,0,5 10 9,1,155,,19495,14,0,5 10 9,1
2701,'20260314',710,,19496,14,0,7 8 9,1,105,,19497,14,0,5 10 9,1,100,,19498,14,0,5 10 9,1,95,,19499,14,0,5 10 9,1,105,,19500,14,0,5 10 9,1,100,,19501,14,0,5 10 9,1,110,,19502,14,0,5 10 9,1,97,,19503,14,0,5 10 9,1,103,,19504,14,0,5 10 9,1,100,,19505,14,0,5 10 9,1,95,,19506,14,0,5 10 9,1,100,,19507,14,0,5 10 9,1,100,,19508,14,0,5 10 9,1,95,,19509,14,0,5 10 9,1,197,,19510,14,0,5 10 9,1,198,,19511,14,0,5 10 9,1
2701,'20260315',710,,19512,14,0,7 8 9,1,105,,19513,14,0,5 10 9,1,100,,19514,14,0,5 10 9,1,95,,19515,14,0,5 10 9,1,105,,19516,14,0,5 10 9,1,100,,19517,14,0,5 10 9,1,110,,19518,14,0,5 10 9,1,97,,19519,14,0,5 10 9,1,103,,19520,14,0,5 10 9,1,100,,19521,14,0,5 10 9,1,95,,19522,14,0,5 10 9,1,100,,19523,14,0,5 10 9,1,100,,19524,14,0,5 10 9,1,95,,19525,14,0,5 10 9,1,197,,19526,14,0,5 10 9,1,198,,19527,14,0,5 10 9,1
2701,'20260316',610,,19528,14,0,7 8 9,1,107,,19529,14,0,7 8 9,1,33,,19530,14,0,7 8 9,1,63,,19531,14,0,7 8 9,1,10,,19532,14,0,5 10 9,1,12,,19533,14,0,7 8 9,1,72,,19534,14,0,7 8 9,1,43,,19535,14,0,7 8 9,1,157,,19536,14,0,5 10 9,1,100,,19537,14,0,5 10 9,1,98,,19538,14,0,5 10 9,1,105,,19539,14,0,5 10 9,1,108,,19540,14,0,7 8 9,1,110,,19541,14,0,7 8 9,1,30,,19542,14,0,7 8 9,1,75,,19543,14,0,7 8 9,1,75,,19544,14,0,7 8 9,1,25,,19545,14,0,7 8 9,1,75,,19546,14,0,7 8 9,1,10,,19547,14,0,5 10 9,1,12,,19548,14,0,7 8 9,1,70,,19549,14,0,5 10 9,1,100,,19550,14,0,5 10 9,1,100,,19551,14,0,5 10 9,1,100,,19552,14,0,5 10 9,1,155,,19553,14,0,5 10 9,1
2701,'20260317',610,,19554,14,0,7 8 9,1,107,,19555,14,0,7 8 9,1,33,,19556,14,0,7 8 9,1,63,,19557,14,0,7 8 9,1,10,,19558,14,0,5 10 9,1,12,,19559,14,0,7 8 9,1,72,,19560,14,0,7 8 9,1,43,,19561,14,0,7 8 9,1,157,,19562,14,0,5 10 9,1,100,,19563,14,0,5 10 9,1,98,,19564,14,0,5 10 9,1,105,,19565,14,0,5 10 9,1,108,,19566,14,0,7 8 9,1,110,,19567,14,0,7 8 9,1,30,,19568,14,0,7 8 9,1,75,,19569,14,0,7 8 9,1,75,,19570,14,0,7 8 9,1,25,,19571,14,0,7 8 9,1,75,,19572,14,0,7 8 9,1,10,,19573,14,0,5 10 9,1,12,,19574,14,0,7 8 9,1,70,,19575,14,0,5 10 9,1,100,,19576,14,0,5 10 9,1,100,,19577,14,0,5 10 9,1,100,,19578,14,0,5 10 9,1,155,,19579,14,0,5 10 9,1
2701,'20260318',610,,19580,14,0,7 8 9,1,107,,19581,14,0,7 8 9,1,33,,19582,14,0,7 8 9,1,63,,19583,14,0,7 8 9,1,10,,19584,14,0,5 10 9,1,12,,19585,14,0,7 8 9,1,72,,19586,14,0,7 8 9,1,43,,19587,14,0,7 8 9,1,157,,19588,14,0,5 10 9,1,100,,19589,14,0,5 10 9,1,98,,19590,14,0,5 10 9,1,105,,19591,14,0,5 10 9,1,108,,19592,14,0,7 8 9,1,110,,19593,14,0,7 8 9,1,30,,19594,14,0,7 8 9,1,75,,19595,14,0,7 8 9,1,75,,19596,14,0,7 8 9,1,25,,19597,14,0,7 8 9,1,75,,19598,14,0,7 8 9,1,10,,19599,14,0,5 10 9,1,12,,19600,14,0,7 8 9,1,70,,19601,14,0,5 10 9,1,100,,19602,14,0,5 10 9,1,100,,19603,14,0,5 10 9,1,100,,19604,14,0,5 10 9,1,155,,19605,14,0,5 10 9,1
2701,'20260319',610,,19606,14,0,7 8 9,1,107,,19607,14,0,7 8 9,1,33,,19608,14,0,7 8 9,1,63,,19609,14,0,7 8 9,1,10,,19610,14,0,5 10 9,1,12,,19611,14,0,7 8 9,1,72,,19612,14,0,7 8 9,1,43,,19613,14,0,7 8 9,1,157,,19614,14,0,5 10 9,1,100,,19615,14,0,5 10 9,1,98,,19616,14,0,5 10 9,1,105,,19617,14,0,5 10 9,1,108,,19618,14,0,7 8 9,1,110,,19619,14,0,7 8 9,1,30,,19620,14,0,7 8 9,1,75,,19621,14,0,7 8 9,1,75,,19622,14,0,7 8 9,1,25,,19623,14,0,7 8 9,1,75,,19624,14,0,7 8 9,1,10,,19625,14,0,5 10 9,1,12,,19626,14,0,7 8 9,1,70,,19627,14,0,5 10 9,1,100,,19628,14,0,5 10 9,1,100,,19629,14,0,5 10 9,1,100,,19630,14,0,5 10 9,1,155,,19631,14,0,5 10 9,1
2701,'20260320',610,,19632,14,0,7 8 9,1,107,,19633,14,0,7 8 9,1,33,,19634,14,0,7 8 9,1,63,,19635,14,0,7 8 9,1,22,,19636,14,0,7 8 9,1,72,,19637,14,0,7 8 9,1,43,,19638,14,0,7 8 9,1,157,,19639,14,0,5 10 9,1,100,,19640,14,0,5 10 9,1,98,,19641,14,0,5 10 9,1,105,,19642,14,0,5 10 9,1,108,,19643,14,0,7 8 9,1,110,,19644,14,0,7 8 9,1,30,,19645,14,0,7 8 9,1,75,,19646,14,0,7 8 9,1,75,,19647,14,0,7 8 9,1,25,,19648,14,0,7 8 9,1,75,,19649,14,0,7 8 9,1,22,,19650,14,0,7 8 9,1,70,,19651,14,0,5 10 9,1,100,,19652,14,0,5 10 9,1,100,,19653,14,0,5 10 9,1,100,,19654,14,0,5 10 9,1,155,,19655,14,0,5 10 9,1
2701,'20260321',710,,19656,14,0,7 8 9,1,105,,19657,14,0,5 10 9,1,100,,19658,14,0,5 10 9,1,95,,19659,14,0,5 10 9,1,105,,19660,14,0,5 10 9,1,100,,19661,14,0,5 10 9,1,110,,19662,14,0,5 10 9,1,97,,19663,14,0,5 10 9,1,103,,19664,14,0,5 10 9,1,100,,19665,14,0,5 10 9,1,95,,19666,14,0,5 10 9,1,100,,19667,14,0,5 10 9,1,100,,19668,14,0,5 10 9,1,95,,19669,14,0,5 10 9,1,197,,19670,14,0,5 10 9,1,198,,19671,14,0,5 10 9,1
2701,'20260322',710,,19672,14,0,7 8 9,1,105,,19673,14,0,5 10 9,1,100,,19674,14,0,5 10 9,1,95,,19675,14,0,5 10 9,1,105,,19676,14,0,5 10 9,1,100,,19677,14,0,5 10 9,1,110,,19678,14,0,5 10 9,1,97,,19679,14,0,5 10 9,1,103,,19680,14,0,5 10 9,1,100,,19681,14,0,5 10 9,1,95,,19682,14,0,5 10 9,1,100,,19683,14,0,5 10 9,1,100,,19684,14,0,5 10 9,1,95,,19685,14,0,5 10 9,1,197,,19686,14,0,5 10 9,1,198,,19687,14,0,5 10 9,1
2701,'20260323',610,,19688,14,0,7 8 9,1,107,,19689,14,0,7 8 9,1,33,,19690,14,0,7 8 9,1,63,,19691,14,0,7 8 9,1,10,,19692,14,0,5 10 9,1,12,,19693,14,0,7 8 9,1,72,,19694,14,0,7 8 9,1,43,,19695,14,0,7 8 9,1,157,,19696,14,0,5 10 9,1,100,,19697,14,0,5 10 9,1,98,,19698,14,0,5 10 9,1,105,,19699,14,0,5 10 9,1,108,,19700,14,0,7 8 9,1,110,,19701,14,0,7 8 9,1,30,,19702,14,0,7 8 9,1,75,,19703,14,0,7 8 9,1,75,,19704,14,0,7 8 9,1,25,,19705,14,0,7 8 9,1,75,,19706,14,0,7 8 9,1,10,,19707,14,0,5 10 9,1,12,,19708,14,0,7 8 9,1,70,,19709,14,0,5 10 9,1,100,,19710,14,0,5 10 9,1,100,,19711,14,0,5 10 9,1,100,,19712,14,0,5 10 9,1,155,,19713,14,0,5 10 9,1
2701,'20260324',610,,19714,14,0,7 8 9,1,107,,19715,14,0,7 8 9,1,33,,19716,14,0,7 8 9,1,63,,19717,14,0,7 8 9,1,10,,19718,14,0,5 10 9,1,12,,19719,14,0,7 8 9,1,72,,19720,14,0,7 8 9,1,43,,19721,14,0,7 8 9,1,157,,19722,14,0,5 10 9,1,100,,19723,14,0,5 10 9,1,98,,19724,14,0,5 10 9,1,105,,19725,14,0,5 10 9,1,108,,19726,14,0,7 8 9,1,110,,19727,14,0,7 8 9,1,30,,19728,14,0,7 8 9,1,75,,19729,14,0,7 8 9,1,75,,19730,14,0,7 8 9,1,25,,19731,14,0,7 8 9,1,75,,19732,14,0,7 8 9,1,10,,19733,14,0,5 10 9,1,12,,19734,14,0,7 8 9,1,70,,19735,14,0,5 10 9,1,100,,19736,14,0,5 10 9,1,100,,19737,14,0,5 10 9,1,100,,19738,14,0,5 10 9,1,155,,19739,14,0,5 10 9,1
2701,'20260325',610,,19740,14,0,7 8 9,1,107,,19741,14,0,7 8 9,1,33,,19742,14,0,7 8 9,1,63,,19743,14,0,7 8 9,1,10,,19744,14,0,5 10 9,1,12,,19745,14,0,7 8 9,1,72,,19746,14,0,7 8 9,1,43,,19747,14,0,7 8 9,1,157,,19748,14,0,5 10 9,1,100,,19749,14,0,5 10 9,1,98,,19750,14,0,5 10 9,1,105,,19751,14,0,5 10 9,1,108,,19752,14,0,7 8 9,1,110,,19753,14,0,7 8 9,1,30,,19754,14,0,7 8 9,1,75,,19755,14,0,7 8 9,1,75,,19756,14,0,7 8 9,1,25,,19757,14,0,7 8 9,1,75,,19758,14,0,7 8 9,1,10,,19759,14,0,5 10 9,1,12,,19760,14,0,7 8 9,1,70,,19761,14,0,5 10 9,1,100,,19762,14,0,5 10 9,1,100,,19763,14,0,5 10 9,1,100,,19764,14,0,5 10 9,1,155,,19765,14,0,5 10 9,1
2701,'20260326',610,,19766,14,0,7 8 9,1,107,,19767,14,0,7 8 9,1,33,,19768,14,0,7 8 9,1,63,,19769,14,0,7 8 9,1,10,,19770,14,0,5 10 9,1,12,,19771,14,0,7 8 9,1,72,,19772,14,0,7 8 9,1,43,,19773,14,0,7 8 9,1,157,,19774,14,0,5 10 9,1,100,,19775,14,0,5 10 9,1,98,,19776,14,0,5 10 9,1,105,,19777,14,0,5 10 9,1,108,,19778,14,0,7 8 9,1,110,,19779,14,0,7 8 9,1,30,,19780,14,0,7 8 9,1,75,,19781,14,0,7 8 9,1,75,,19782,14,0,7 8 9,1,25,,19783,14,0,7 8 9,1,75,,19784,14,0,7 8 9,1,10,,19785,14,0,5 10 9,1,12,,19786,14,0,7 8 9,1,70,,19787,14,0,5 10 9,1,100,,19788,14,0,5 10 9,1,100,,19789,14,0,5 10 9,1,100,,19790,14,0,5 10 9,1,155,,19791,14,0,5 10 9,1
2701,'20260327',610,,19792,14,0,7 8 9,1,107,,19793,14,0,7 8 9,1,33,,19794,14,0,7 8 9,1,63,,19795,14,0,7 8 9,1,22,,19796,14,0,7 8 9,1,72,,19797,14,0,7 8 9,1,43,,19798,14,0,7 8 9,1,157,,19799,14,0,5 10 9,1,100,,19800,14,0,5 10 9,1,98,,19801,14,0,5 10 9,1,105,,19802,14,0,5 10 9,1,108,,19803,14,0,7 8 9,1,110,,19804,14,0,7 8 9,1,30,,19805,14,0,7 8 9,1,75,,19806,14,0,7 8 9,1,75,,19807,14,0,7 8 9,1,25,,19808,14,0,7 8 9,1,75,,19809,14,0,7 8 9,1,22,,19810,14,0,7 8 9,1,70,,19811,14,0,5 10 9,1,100,,19812,14,0,5 10 9,1,100,,19813,14,0,5 10 9,1,100,,19814,14,0,5 10 9,1,155,,19815,14,0,5 10 9,1
2701,'20260328',710,,19816,14,0,7 8 9,1,105,,19817,14,0,5 10 9,1,100,,19818,14,0,5 10 9,1,95,,19819,14,0,5 10 9,1,105,,19820,14,0,5 10 9,1,100,,19821,14,0,5 10 9,1,110,,19822,14,0,5 10 9,1,97,,19823,14,0,5 10 9,1,103,,19824,14,0,5 10 9,1,100,,19825,14,0,5 10 9,1,95,,19826,14,0,5 10 9,1,100,,19827,14,0,5 10 9,1,100,,19828,14,0,5 10 9,1,95,,19829,14,0,5 10 9,1,197,,19830,14,0,5 10 9,1,198,,19831,14,0,5 10 9,1
2701,'20260329',710,,19832,14,0,7 8 9,1,105,,19833,14,0,5 10 9,1,100,,19834,14,0,5 10 9,1,95,,19835,14,0,5 10 9,1,105,,19836,14,0,5 10 9,1,100,,19837,14,0,5 10 9,1,110,,19838,14,0,5 10 9,1,97,,19839,14,0,5 10 9,1,103,,19840,14,0,5 10 9,1,100,,19841,14,0,5 10 9,1,95,,19842,14,0,5 10 9,1,100,,19843,14,0,5 10 9,1,100,,19844,14,0,5 10 9,1,95,,19845,14,0,5 10 9,1,197,,19846,14,0,5 10 9,1,198,,19847,14,0,5 10 9,1
2701,'20260330',610,,19848,14,0,7 8 9,1,107,,19849,14,0,7 8 9,1,33,,19850,14,0,7 8 9,1,63,,19851,14,0,7 8 9,1,10,,19852,14,0,5 10 9,1,12,,19853,14,0,7 8 9,1,72,,19854,14,0,7 8 9,1,43,,19855,14,0,7 8 9,1,157,,19856,14,0,5 10 9,1,100,,19857,14,0,5 10 9,1,98,,19858,14,0,5 10 9,1,105,,19859,14,0,5 10 9,1,108,,19860,14,0,7 8 9,1,110,,19861,14,0,7 8 9,1,30,,19862,14,0,7 8 9,1,75,,19863,14,0,7 8 9,1,75,,19864,14,0,7 8 9,1,25,,19865,14,0,7 8 9,1,75,,19866,14,0,7 8 9,1,10,,19867,14,0,5 10 9,1,12,,19868,14,0,7 8 9,1,70,,19869,14,0,5 10 9,1,100,,19870,14,0,5 10 9,1,100,,19871,14,0,5 10 9,1,100,,19872,14,0,5 10 9,1,155,,19873,14,0,5 10 9,1
2701,'20260331',610,,19874,14,0,7 8 9,1,107,,19875,14,0,7 8 9,1,33,,19876,14,0,7 8 9,1,63,,19877,14,0,7 8 9,1,10,,19878,14,0,5 10 9,1,12,,19879,14,0,7 8 9,1,72,,19880,14,0,7 8 9,1,43,,19881,14,0,7 8 9,1,157,,19882,14,0,5 10 9,1,100,,19883,14,0,5 10 9,1,98,,19884,14,0,5 10 9,1,105,,19885,14,0,5 10 9,1,108,,19886,14,0,7 8 9,1,110,,19887,14,0,7 8 9,1,30,,19888,14,0,7 8 9,1,75,,19889,14,0,7 8 9,1,75,,19890,14,0,7 8 9,1,25,,19891,14,0,7 8 9,1,75,,19892,14,0,7 8 9,1,10,,19893,14,0,5 10 9,1,12,,19894,14,0,7 8 9,1,70,,19895,14,0,5 10 9,1,100,,19896,14,0,5 10 9,1,100,,19897,14,0,5 10 9,1,100,,19898,14,0,5 10 9,1,155,,19899,14,0,5 10 9,1
2701,'20260401',610,,19900,14,0,7 8 9,1,107,,19901,14,0,7 8 9,1,33,,19902,14,0,7 8 9,1,63,,19903,14,0,7 8 9,1,10,,19904,14,0,5 10 9,1,12,,19905,14,0,7 8 9,1,72,,19906,14,0,7 8 9,1,43,,19907,14,0,7 8 9,1,157,,19908,14,0,5 10 9,1,100,,19909,14,0,5 10 9,1,98,,19910,14,0,5 10 9,1,105,,19911,14,0,5 10 9,1,108,,19912,14,0,7 8 9,1,110,,19913,14,0,7 8 9,1,30,,19914,14,0,7 8 9,1,75,,19915,14,0,7 8 9,1,75,,19916,14,0,7 8 9,1,25,,19917,14,0,7 8 9,1,75,,19918,14,0,7 8 9,1,10,,19919,14,0,5 10 9,1,12,,19920,14,0,7 8 9,1,70,,19921,14,0,5 10 9,1,100,,19922,14,0,5 10 9,1,100,,19923,14,0,5 10 9,1,100,,19924,14,0,5 10 9,1,155,,19925,14,0,5 10 9,1
2701,'20260402',610,,19926,14,0,7 8 9,1,107,,19927,14,0,7 8 9,1,33,,19928,14,0,7 8 9,1,63,,19929,14,0,7 8 9,1,10,,19930,14,0,5 10 9,1,12,,19931,14,0,7 8 9,1,72,,19932,14,0,7 8 9,1,43,,19933,14,0,7 8 9,1,157,,19934,14,0,5 10 9,1,100,,19935,14,0,5 10 9,1,98,,19936,14,0,5 10 9,1,105,,19937,14,0,5 10 9,1,108,,19938,14,0,7 8 9,1,110,,19939,14,0,7 8 9,1,30,,19940,14,0,7 8 9,1,75,,19941,14,0,7 8 9,1,75,,19942,14,0,7 8 9,1,25,,19943,14,0,7 8 9,1,75,,19944,14,0,7 8 9,1,10,,19945,14,0,5 10 9,1,12,,19946,14,0,7 8 9,1,70,,19947,14,0,5 10 9,1,100,,19948,14,0,5 10 9,1,100,,19949,14,0,5 10 9,1,100,,19950,14,0,5 10 9,1,155,,19951,14,0,5 10 9,1
2701,'20260403',710,,19952,14,0,7 8 9,1,105,,19953,14,0,5 10 9,1,100,,19954,14,0,5 10 9,1,95,,19955,14,0,5 10 9,1,105,,19956,14,0,5 10 9,1,100,,19957,14,0,5 10 9,1,110,,19958,14,0,5 10 9,1,97,,19959,14,0,5 10 9,1,103,,19960,14,0,5 10 9,1,100,,19961,14,0,5 10 9,1,95,,19962,14,0,5 10 9,1,100,,19963,14,0,5 10 9,1,100,,19964,14,0,5 10 9,1,95,,19965,14,0,5 10 9,1,197,,19966,14,0,5 10 9,1,198,,19967,14,0,5 10 9,1
2701,'20260404',710,,19968,14,0,7 8 9,1,105,,19969,14,0,5 10 9,1,100,,19970,14,0,5 10 9,1,95,,19971,14,0,5 10 9,1,105,,19972,14,0,5 10 9,1,100,,19973,14,0,5 10 9,1,110,,19974,14,0,5 10 9,1,97,,19975,14,0,5 10 9,1,103,,19976,14,0,5 10 9,1,100,,19977,14,0,5 10 9,1,95,,19978,14,0,5 10 9,1,100,,19979,14,0,5 10 9,1,100,,19980,14,0,5 10 9,1,95,,19981,14,0,5 10 9,1,197,,19982,14,0,5 10 9,1,198,,19983,14,0,5 10 9,1
2701,'20260405',710,,19984,14,0,7 8 9,1,105,,19985,14,0,5 10 9,1,100,,19986,14,0,5 10 9,1,95,,19987,14,0,5 10 9,1,105,,19988,14,0,5 10 9,1,100,,19989,14,0,5 10 9,1,110,,19990,14,0,5 10 9,1,97,,19991,14,0,5 10 9,1,103,,19992,14,0,5 10 9,1,100,,19993,14,0,5 10 9,1,95,,19994,14,0,5 10 9,1,100,,19995,14,0,5 10 9,1,100,,19996,14,0,5 10 9,1,95,,19997,14,0,5 10 9,1,197,,19998,14,0,5 10 9,1,198,,19999,14,0,5 10 9,1
2701,'20260406',610,,20000,14,0,7 8 9,1,107,,20001,14,0,7 8 9,1,33,,20002,14,0,7 8 9,1,63,,20003,14,0,7 8 9,1,10,,20004,14,0,5 10 9,1,12,,20005,14,0,7 8 9,1,72,,20006,14,0,7 8 9,1,43,,20007,14,0,7 8 9,1,157,,20008,14,0,5 10 9,1,100,,20009,14,0,5 10 9,1,98,,20010,14,0,5 10 9,1,105,,20011,14,0,5 10 9,1,108,,20012,14,0,7 8 9,1,110,,20013,14,0,7 8 9,1,30,,20014,14,0,7 8 9,1,75,,20015,14,0,7 8 9,1,75,,20016,14,0,7 8 9,1,25,,20017,14,0,7 8 9,1,75,,20018,14,0,7 8 9,1,10,,20019,14,0,5 10 9,1,12,,20020,14,0,7 8 9,1,70,,20021,14,0,5 10 9,1,100,,20022,14,0,5 10 9,1,100,,20023,14,0,5 10 9,1,100,,20024,14,0,5 10 9,1,155,,20025,14,0,5 10 9,1
2701,'20260407',610,,20026,14,0,7 8 9,1,107,,20027,14,0,7 8 9,1,33,,20028,14,0,7 8 9,1,63,,20029,14,0,7 8 9,1,10,,20030,14,0,5 10 9,1,12,,20031,14,0,7 8 9,1,72,,20032,14,0,7 8 9,1,43,,20033,14,0,7 8 9,1,157,,20034,14,0,5 10 9,1,100,,20035,14,0,5 10 9,1,98,,20036,14,0,5 10 9,1,105,,20037,14,0,5 10 9,1,108,,20038,14,0,7 8 9,1,110,,20039,14,0,7 8 9,1,30,,20040,14,0,7 8 9,1,75,,20041,14,0,7 8 9,1,75,,20042,14,0,7 8 9,1,25,,20043,14,0,7 8 9,1,75,,20044,14,0,7 8 9,1,10,,20045,14,0,5 10 9,1,12,,20046,14,0,7 8 9,1,70,,20047,14,0,5 10 9,1,100,,20048,14,0,5 10 9,1,100,,20049,14,0,5 10 9,1,100,,20050,14,0,5 10 9,1,155,,20051,14,0,5 10 9,1
2701,'20260408',610,,20052,14,0,7 8 9,1,107,,20053,14,0,7 8 9,1,33,,20054,14,0,7 8 9,1,63,,20055,14,0,7 8 9,1,10,,20056,14,0,5 10 9,1,12,,20057,14,0,7 8 9,1,72,,20058,14,0,7 8 9,1,43,,20059,14,0,7 8 9,1,157,,20060,14,0,5 10 9,1,100,,20061,14,0,5 10 9,1,98,,20062,14,0,5 10 9,1,105,,20063,14,0,5 10 9,1,108,,20064,14,0,7 8 9,1,110,,20065,14,0,7 8 9,1,30,,20066,14,0,7 8 9,1,75,,20067,14,0,7 8 9,1,75,,20068,14,0,7 8 9,1,25,,20069,14,0,7 8 9,1,75,,20070,14,0,7 8 9,1,10,,20071,14,0,5 10 9,1,12,,20072,14,0,7 8 9,1,70,,20073,14,0,5 10 9,1,100,,20074,14,0,5 10 9,1,100,,20075,14,0,5 10 9,1,100,,20076,14,0,5 10 9,1,155,,20077,14,0,5 10 9,1
2701,'20260409',610,,20078,14,0,7 8 9,1,107,,20079,14,0,7 8 9,1,33,,20080,14,0,7 8 9,1,63,,20081,14,0,7 8 9,1,10,,20082,14,0,5 10 9,1,12,,20083,14,0,7 8 9,1,72,,20084,14,0,7 8 9,1,43,,20085,14,0,7 8 9,1,157,,20086,14,0,5 10 9,1,100,,20087,14,0,5 10 9,1,98,,20088,14,0,5 10 9,1,105,,20089,14,0,5 10 9,1,108,,20090,14,0,7 8 9,1,110,,20091,14,0,7 8 9,1,30,,20092,14,0,7 8 9,1,75,,20093,14,0,7 8 9,1,75,,20094,14,0,7 8 9,1,25,,20095,14,0,7 8 9,1,75,,20096,14,0,7 8 9,1,10,,20097,14,0,5 10 9,1,12,,20098,14,0,7 8 9,1,70,,20099,14,0,5 10 9,1,100,,20100,14,0,5 10 9,1,100,,20101,14,0,5 10 9,1,100,,20102,14,0,5 10 9,1,155,,20103,14,0,5 10 9,1
2701,'20260410',610,,20104,14,0,7 8 9,1,107,,20105,14,0,7 8 9,1,33,,20106,14,0,7 8 9,1,63,,20107,14,0,7 8 9,1,22,,20108,14,0,7 8 9,1,72,,20109,14,0,7 8 9,1,43,,20110,14,0,7 8 9,1,157,,20111,14,0,5 10 9,1,100,,20112,14,0,5 10 9,1,98,,20113,14,0,5 10 9,1,105,,20114,14,0,5 10 9,1,108,,20115,14,0,7 8 9,1,110,,20116,14,0,7 8 9,1,30,,20117,14,0,7 8 9,1,75,,20118,14,0,7 8 9,1,75,,20119,14,0,7 8 9,1,25,,20120,14,0,7 8 9,1,75,,20121,14,0,7 8 9,1,22,,20122,14,0,7 8 9,1,70,,20123,14,0,5 10 9,1,100,,20124,14,0,5 10 9,1,100,,20125,14,0,5 10 9,1,100,,20126,14,0,5 10 9,1,155,,20127,14,0,5 10 9,1
2701,'20260411',710,,20128,14,0,7 8 9,1,105,,20129,14,0,5 10 9,1,100,,20130,14,0,5 10 9,1,95,,20131,14,0,5 10 9,1,105,,20132,14,0,5 10 9,1,100,,20133,14,0,5 10 9,1,110,,20134,14,0,5 10 9,1,97,,20135,14,0,5 10 9,1,103,,20136,14,0,5 10 9,1,100,,20137,14,0,5 10 9,1,95,,20138,14,0,5 10 9,1,100,,20139,14,0,5 10 9,1,100,,20140,14,0,5 10 9,1,95,,20141,14,0,5 10 9,1,197,,20142,14,0,5 10 9,1,198,,20143,14,0,5 10 9,1
2701,'20260412',710,,20144,14,0,7 8 9,1,105,,20145,14,0,5 10 9,1,100,,20146,14,0,5 10 9,1,95,,20147,14,0,5 10 9,1,105,,20148,14,0,5 10 9,1,100,,20149,14,0,5 10 9,1,110,,20150,14,0,5 10 9,1,97,,20151,14,0,5 10 9,1,103,,20152,14,0,5 10 9,1,100,,20153,14,0,5 10 9,1,95,,20154,14,0,5 10 9,1,100,,20155,14,0,5 10 9,1,100,,20156,14,0,5 10 9,1,95,,20157,14,0,5 10 9,1,197,,20158,14,0,5 10 9,1,198,,20159,14,0,5 10 9,1
2701,'20260413',610,,20160,14,0,7 8 9,1,107,,20161,14,0,7 8 9,1,33,,20162,14,0,7 8 9,1,63,,20163,14,0,7 8 9,1,10,,20164,14,0,5 10 9,1,12,,20165,14,0,7 8 9,1,72,,20166,14,0,7 8 9,1,43,,20167,14,0,7 8 9,1,157,,20168,14,0,5 10 9,1,100,,20169,14,0,5 10 9,1,98,,20170,14,0,5 10 9,1,105,,20171,14,0,5 10 9,1,108,,20172,14,0,7 8 9,1,110,,20173,14,0,7 8 9,1,30,,20174,14,0,7 8 9,1,75,,20175,14,0,7 8 9,1,75,,20176,14,0,7 8 9,1,25,,20177,14,0,7 8 9,1,75,,20178,14,0,7 8 9,1,10,,20179,14,0,5 10 9,1,12,,20180,14,0,7 8 9,1,70,,20181,14,0,5 10 9,1,100,,20182,14,0,5 10 9,1,100,,20183,14,0,5 10 9,1,100,,20184,14,0,5 10 9,1,155,,20185,14,0,5 10 9,1
2701,'20260414',610,,20186,14,0,7 8 9,1,107,,20187,14,0,7 8 9,1,33,,20188,14,0,7 8 9,1,63,,20189,14,0,7 8 9,1,10,,20190,14,0,5 10 9,1,12,,20191,14,0,7 8 9,1,72,,20192,14,0,7 8 9,1,43,,20193,14,0,7 8 9,1,157,,20194,14,0,5 10 9,1,100,,20195,14,0,5 10 9,1,98,,20196,14,0,5 10 9,1,105,,20197,14,0,5 10 9,1,108,,20198,14,0,7 8 9,1,110,,20199,14,0,7 8 9,1,30,,20200,14,0,7 8 9,1,75,,20201,14,0,7 8 9,1,75,,20202,14,0,7 8 9,1,25,,20203,14,0,7 8 9,1,75,,20204,14,0,7 8 9,1,10,,20205,14,0,5 10 9,1,12,,20206,14,0,7 8 9,1,70,,20207,14,0,5 10 9,1,100,,20208,14,0,5 10 9,1,100,,20209,14,0,5 10 9,1,100,,20210,14,0,5 10 9,1,155,,20211,14,0,5 10 9,1
2701,'20260415',610,,20212,14,0,7 8 9,1,107,,20213,14,0,7 8 9,1,33,,20214,14,0,7 8 9,1,63,,20215,14,0,7 8 9,1,10,,20216,14,0,5 10 9,1,12,,20217,14,0,7 8 9,1,72,,20218,14,0,7 8 9,1,43,,20219,14,0,7 8 9,1,157,,20220,14,0,5 10 9,1,100,,20221,14,0,5 10 9,1,98,,20222,14,0,5 10 9,1,105,,20223,14,0,5 10 9,1,108,,20224,14,0,7 8 9,1,110,,20225,14,0,7 8 9,1,30,,20226,14,0,7 8 9,1,75,,20227,14,0,7 8 9,1,75,,20228,14,0,7 8 9,1,25,,20229,14,0,7 8 9,1,75,,20230,14,0,7 8 9,1,10,,20231,14,0,5 10 9,1,12,,20232,14,0,7 8 9,1,70,,20233,14,0,5 10 9,1,100,,20234,14,0,5 10 9,1,100,,20235,14,0,5 10 9,1,100,,20236,14,0,5 10 9,1,155,,20237,14,0,5 10 9,1
2701,'20260416',610,,20238,14,0,7 8 9,1,107,,20239,14,0,7 8 9,1,33,,20240,14,0,7 8 9,1,63,,20241,14,0,7 8 9,1,10,,20242,14,0,5 10 9,1,12,,20243,14,0,7 8 9,1,72,,20244,14,0,7 8 9,1,43,,20245,14,0,7 8 9,1,157,,20246,14,0,5 10 9,1,100,,20247,14,0,5 10 9,1,98,,20248,14,0,5 10 9,1,105,,20249,14,0,5 10 9,1,108,,20250,14,0,7 8 9,1,110,,20251,14,0,7 8 9,1,30,,20252,14,0,7 8 9,1,75,,20253,14,0,7 8 9,1,75,,20254,14,0,7 8 9,1,25,,20255,14,0,7 8 9,1,75,,20256,14,0,7 8 9,1,10,,20257,14,0,5 10 9,1,12,,20258,14,0,7 8 9,1,70,,20259,14,0,5 10 9,1,100,,20260,14,0,5 10 9,1,100,,20261,14,0,5 10 9,1,100,,20262,14,0,5 10 9,1,155,,20263,14,0,5 10 9,1
2701,'20260417',610,,20264,14,0,7 8 9,1,107,,20265,14,0,7 8 9,1,33,,20266,14,0,7 8 9,1,63,,20267,14,0,7 8 9,1,22,,20268,14,0,7 8 9,1,72,,20269,14,0,7 8 9,1,43,,20270,14,0,7 8 9,1,157,,20271,14,0,5 10 9,1,100,,20272,14,0,5 10 9,1,98,,20273,14,0,5 10 9,1,105,,20274,14,0,5 10 9,1,108,,20275,14,0,7 8 9,1,110,,20276,14,0,7 8 9,1,30,,20277,14,0,7 8 9,1,75,,20278,14,0,7 8 9,1,75,,20279,14,0,7 8 9,1,25,,20280,14,0,7 8 9,1,75,,20281,14,0,7 8 9,1,22,,20282,14,0,7 8 9,1,70,,20283,14,0,5 10 9,1,100,,20284,14,0,5 10 9,1,100,,20285,14,0,5 10 9,1,100,,20286,14,0,5 10 9,1,155,,20287,14,0,5 10 9,1
2701,'20260418',710,,20288,14,0,7 8 9,1,105,,20289,14,0,5 10 9,1,100,,20290,14,0,5 10 9,1,95,,20291,14,0,5 10 9,1,105,,20292,14,0,5 10 9,1,100,,20293,14,0,5 10 9,1,110,,20294,14,0,5 10 9,1,97,,20295,14,0,5 10 9,1,103,,20296,14,0,5 10 9,1,100,,20297,14,0,5 10 9,1,95,,20298,14,0,5 10 9,1,100,,20299,14,0,5 10 9,1,100,,20300,14,0,5 10 9,1,95,,20301,14,0,5 10 9,1,197,,20302,14,0,5 10 9,1,198,,20303,14,0,5 10 9,1
2701,'20260419',710,,20304,14,0,7 8 9,1,105,,20305,14,0,5 10 9,1,100,,20306,14,0,5 10 9,1,95,,20307,14,0,5 10 9,1,105,,20308,14,0,5 10 9,1,100,,20309,14,0,5 10 9,1,110,,20310,14,0,5 10 9,1,97,,20311,14,0,5 10 9,1,103,,20312,14,0,5 10 9,1,100,,20313,14,0,5 10 9,1,95,,20314,14,0,5 10 9,1,100,,20315,14,0,5 10 9,1,100,,20316,14,0,5 10 9,1,95,,20317,14,0,5 10 9,1,197,,20318,14,0,5 10 9,1,198,,20319,14,0,5 10 9,1
2701,'20260420',610,,20320,14,0,7 8 9,1,107,,20321,14,0,7 8 9,1,33,,20322,14,0,7 8 9,1,63,,20323,14,0,7 8 9,1,10,,20324,14,0,5 10 9,1,12,,20325,14,0,7 8 9,1,72,,20326,14,0,7 8 9,1,43,,20327,14,0,7 8 9,1,157,,20328,14,0,5 10 9,1,100,,20329,14,0,5 10 9,1,98,,20330,14,0,5 10 9,1,105,,20331,14,0,5 10 9,1,108,,20332,14,0,7 8 9,1,110,,20333,14,0,7 8 9,1,30,,20334,14,0,7 8 9,1,75,,20335,14,0,7 8 9,1,75,,20336,14,0,7 8 9,1,25,,20337,14,0,7 8 9,1,75,,20338,14,0,7 8 9,1,10,,20339,14,0,5 10 9,1,12,,20340,14,0,7 8 9,1,70,,20341,14,0,5 10 9,1,100,,20342,14,0,5 10 9,1,100,,20343,14,0,5 10 9,1,100,,20344,14,0,5 10 9,1,155,,20345,14,0,5 10 9,1
2701,'20260421',610,,20346,14,0,7 8 9,1,107,,20347,14,0,7 8 9,1,33,,20348,14,0,7 8 9,1,63,,20349,14,0,7 8 9,1,10,,20350,14,0,5 10 9,1,12,,20351,14,0,7 8 9,1,72,,20352,14,0,7 8 9,1,43,,20353,14,0,7 8 9,1,157,,20354,14,0,5 10 9,1,100,,20355,14,0,5 10 9,1,98,,20356,14,0,5 10 9,1,105,,20357,14,0,5 10 9,1,108,,20358,14,0,7 8 9,1,110,,20359,14,0,7 8 9,1,30,,20360,14,0,7 8 9,1,75,,20361,14,0,7 8 9,1,75,,20362,14,0,7 8 9,1,25,,20363,14,0,7 8 9,1,75,,20364,14,0,7 8 9,1,10,,20365,14,0,5 10 9,1,12,,20366,14,0,7 8 9,1,70,,20367,14,0,5 10 9,1,100,,20368,14,0,5 10 9,1,100,,20369,14,0,5 10 9,1,100,,20370,14,0,5 10 9,1,155,,20371,14,0,5 10 9,1
2701,'20260422',610,,20372,14,0,7 8 9,1,107,,20373,14,0,7 8 9,1,33,,20374,14,0,7 8 9,1,63,,20375,14,0,7 8 9,1,10,,20376,14,0,5 10 9,1,12,,20377,14,0,7 8 9,1,72,,20378,14,0,7 8 9,1,43,,20379,14,0,7 8 9,1,157,,20380,14,0,5 10 9,1,100,,20381,14,0,5 10 9,1,98,,20382,14,0,5 10 9,1,105,,20383,14,0,5 10 9,1,108,,20384,14,0,7 8 9,1,110,,20385,14,0,7 8 9,1,30,,20386,14,0,7 8 9,1,75,,20387,14,0,7 8 9,1,75,,20388,14,0,7 8 9,1,25,,20389,14,0,7 8 9,1,75,,20390,14,0,7 8 9,1,10,,20391,14,0,5 10 9,1,12,,20392,14,0,7 8 9,1,70,,20393,14,0,5 10 9,1,100,,20394,14,0,5 10 9,1,100,,20395,14,0,5 10 9,1,100,,20396,14,0,5 10 9,1,155,,20397,14,0,5 10 9,1
2701,'20260423',610,,20398,14,0,7 8 9,1,107,,20399,14,0,7 8 9,1,33,,20400,14,0,7 8 9,1,63,,20401,14,0,7 8 9,1,10,,20402,14,0,5 10 9,1,12,,20403,14,0,7 8 9,1,72,,20404,14,0,7 8 9,1,43,,20405,14,0,7 8 9,1,157,,20406,14,0,5 10 9,1,100,,20407,14,0,5 10 9,1,98,,20408,14,0,5 10 9,1,105,,20409,14,0,5 10 9,1,108,,20410,14,0,7 8 9,1,110,,20411,14,0,7 8 9,1,30,,20412,14,0,7 8 9,1,75,,20413,14,0,7 8 9,1,75,,20414,14,0,7 8 9,1,25,,20415,14,0,7 8 9,1,75,,20416,14,0,7 8 9,1,10,,20417,14,0,5 10 9,1,12,,20418,14,0,7 8 9,1,70,,20419,14,0,5 10 9,1,100,,20420,14,0,5 10 9,1,100,,20421,14,0,5 10 9,1,100,,20422,14,0,5 10 9,1,155,,20423,14,0,5 10 9,1
2701,'20260424',610,,20424,14,0,7 8 9,1,107,,20425,14,0,7 8 9,1,33,,20426,14,0,7 8 9,1,63,,20427,14,0,7 8 9,1,22,,20428,14,0,7 8 9,1,72,,20429,14,0,7 8 9,1,43,,20430,14,0,7 8 9,1,157,,20431,14,0,5 10 9,1,100,,20432,14,0,5 10 9,1,98,,20433,14,0,5 10 9,1,105,,20434,14,0,5 10 9,1,108,,20435,14,0,7 8 9,1,110,,20436,14,0,7 8 9,1,30,,20437,14,0,7 8 9,1,75,,20438,14,0,7 8 9,1,75,,20439,14,0,7 8 9,1,25,,20440,14,0,7 8 9,1,75,,20441,14,0,7 8 9,1,22,,20442,14,0,7 8 9,1,70,,20443,14,0,5 10 9,1,100,,20444,14,0,5 10 9,1,100,,20445,14,0,5 10 9,1,100,,20446,14,0,5 10 9,1,155,,20447,14,0,5 10 9,1
3001,'20260310',653,,23585,3,0,43 44 45,1,89,,23587,3,0,43 44 45,1,100,,23589,3,0,43 44 45,1,68,,23590,3,0,43 44 45,1,27,,23591,3,0,43 44 45,1,101,,23593,3,0,43 44 45,1,100,,23595,3,0,43 44 45,1,100,,23597,3,0,43 44 45,1,105,,23598,3,0,43 44 45,1,96,,23599,3,0,43 44 45,1,100,,23600,3,0,43 44 45,1,100,,23601,3,0,43 44 45,1,114,,23602,3,0,43 44 45,1,96,,23603,3,0,43 44 45,1,87,,23604,3,0,43 44 45,1,105,,23606,3,0,43 44 45,1,95,,23607,3,0,43 44 45,1,198,,23608,3,0,43 44 45,1,102,,23609,3,0,43 44 45,1
3001,'20260311',653,,23611,3,0,43 44 45,1,89,,23613,3,0,43 44 45,1,100,,23615,3,0,43 44 45,1,68,,23616,3,0,43 44 45,1,27,,23617,3,0,43 44 45,1,101,,23619,3,0,43 44 45,1,100,,23621,3,0,43 44 45,1,100,,23623,3,0,43 44 45,1,105,,23624,3,0,43 44 45,1,96,,23625,3,0,43 44 45,1,100,,23626,3,0,43 44 45,1,100,,23627,3,0,43 44 45,1,114,,23628,3,0,43 44 45,1,96,,23629,3,0,43 44 45,1,87,,23630,3,0,43 44 45,1,105,,23632,3,0,43 44 45,1,95,,23633,3,0,43 44 45,1,198,,23634,3,0,43 44 45,1,102,,23635,3,0,43 44 45,1
3001,'20260312',653,,23637,3,0,43 44 45,1,89,,23639,3,0,43 44 45,1,100,,23641,3,0,43 44 45,1,68,,23642,3,0,43 44 45,1,27,,23643,3,0,43 44 45,1,101,,23645,3,0,43 44 45,1,100,,23647,3,0,43 44 45,1,100,,23649,3,0,43 44 45,1,105,,23650,3,0,43 44 45,1,96,,23652,3,0,43 44 45,1,100,,23654,3,0,43 44 45,1,100,,23655,3,0,43 44 45,1,114,,23656,3,0,43 44 45,1,96,,23657,3,0,43 44 45,1,87,,23658,3,0,43 44 45,1,105,,23660,3,0,43 44 45,1,95,,23661,3,0,43 44 45,1,198,,23662,3,0,43 44 45,1,102,,23663,3,0,43 44 45,1
3001,'20260313',653,,23665,3,0,43 44 45,1,89,,23667,3,0,43 44 45,1,100,,23669,3,0,43 44 45,1,68,,23670,3,0,43 44 45,1,27,,23671,3,0,43 44 45,1,101,,23673,3,0,43 44 45,1,100,,23675,3,0,43 44 45,1,100,,23677,3,0,43 44 45,1,105,,23680,3,0,43 44 45,1,96,,23683,3,0,43 44 45,1,100,,23686,3,0,43 44 45,1,100,,23688,3,0,43 44 45,1,114,,23691,3,0,43 44 45,1,96,,23692,3,0,43 44 45,1,87,,23693,3,0,43 44 45,1,105,,23695,3,0,43 44 45,1,95,,23696,3,0,43 44 45,1,198,,23697,3,0,43 44 45,1,102,,23698,3,0,43 44 45,1
3001,'20260314',851,,23699,3,0,43 44 45,1,97,,23700,3,0,43 44 45,1,105,,23702,3,0,43 44 45,1,100,,23704,3,0,43 44 45,1,100,,23706,3,0,43 44 45,1,100,,23708,3,0,43 44 45,1,100,,23710,3,0,43 44 45,1,100,,23712,3,0,43 44 45,1,100,,23714,3,0,43 44 45,1,205,,23717,3,0,43 44 45,1,100,,23720,3,0,43 44 45,1,100,,23723,3,0,43 44 45,1,95,,23725,3,0,43 44 45,1,100,,23727,3,0,43 44 45,1,195,,23728,3,0,43 44 45,1
3001,'20260315',851,,23729,3,0,43 44 45,1,97,,23730,3,0,43 44 45,1,105,,23732,3,0,43 44 45,1,100,,23734,3,0,43 44 45,1,100,,23736,3,0,43 44 45,1,100,,23738,3,0,43 44 45,1,100,,23740,3,0,43 44 45,1,100,,23742,3,0,43 44 45,1,100,,23744,3,0,43 44 45,1,205,,23747,3,0,43 44 45,1,100,,23750,3,0,43 44 45,1,100,,23753,3,0,43 44 45,1,95,,23755,3,0,43 44 45,1,100,,23757,3,0,43 44 45,1,195,,23758,3,0,43 44 45,1
3001,'20260316',653,,23760,3,0,43 44 45,1,89,,23762,3,0,43 44 45,1,100,,23764,3,0,43 44 45,1,68,,23765,3,0,43 44 45,1,27,,23766,3,0,43 44 45,1,101,,23768,3,0,43 44 45,1,100,,23770,3,0,43 44 45,1,100,,23772,3,0,43 44 45,1,105,,23773,3,0,43 44 45,1,96,,23774,3,0,43 44 45,1,100,,23775,3,0,43 44 45,1,100,,23776,3,0,43 44 45,1,114,,23777,3,0,43 44 45,1,96,,23778,3,0,43 44 45,1,87,,23779,3,0,43 44 45,1,105,,23781,3,0,43 44 45,1,95,,23782,3,0,43 44 45,1,198,,23783,3,0,43 44 45,1,102,,23784,3,0,43 44 45,1
3001,'20260317',653,,23786,3,0,43 44 45,1,89,,23788,3,0,43 44 45,1,100,,23790,3,0,43 44 45,1,68,,23791,3,0,43 44 45,1,27,,23792,3,0,43 44 45,1,101,,23794,3,0,43 44 45,1,100,,23796,3,0,43 44 45,1,100,,23798,3,0,43 44 45,1,105,,23799,3,0,43 44 45,1,96,,23800,3,0,43 44 45,1,100,,23801,3,0,43 44 45,1,100,,23802,3,0,43 44 45,1,114,,23803,3,0,43 44 45,1,96,,23804,3,0,43 44 45,1,87,,23805,3,0,43 44 45,1,105,,23807,3,0,43 44 45,1,95,,23808,3,0,43 44 45,1,198,,23809,3,0,43 44 45,1,102,,23810,3,0,43 44 45,1
3001,'20260318',653,,23812,3,0,43 44 45,1,89,,23814,3,0,43 44 45,1,100,,23816,3,0,43 44 45,1,68,,23817,3,0,43 44 45,1,27,,23818,3,0,43 44 45,1,101,,23820,3,0,43 44 45,1,100,,23822,3,0,43 44 45,1,100,,23824,3,0,43 44 45,1,105,,23825,3,0,43 44 45,1,96,,23826,3,0,43 44 45,1,100,,23827,3,0,43 44 45,1,100,,23828,3,0,43 44 45,1,114,,23829,3,0,43 44 45,1,96,,23830,3,0,43 44 45,1,87,,23831,3,0,43 44 45,1,105,,23833,3,0,43 44 45,1,95,,23834,3,0,43 44 45,1,198,,23835,3,0,43 44 45,1,102,,23836,3,0,43 44 45,1
3001,'20260319',653,,23838,3,0,43 44 45,1,89,,23840,3,0,43 44 45,1,100,,23842,3,0,43 44 45,1,68,,23843,3,0,43 44 45,1,27,,23844,3,0,43 44 45,1,101,,23846,3,0,43 44 45,1,100,,23848,3,0,43 44 45,1,100,,23850,3,0,43 44 45,1,105,,23851,3,0,43 44 45,1,96,,23853,3,0,43 44 45,1,100,,23855,3,0,43 44 45,1,100,,23856,3,0,43 44 45,1,114,,23857,3,0,43 44 45,1,96,,23858,3,0,43 44 45,1,87,,23859,3,0,43 44 45,1,105,,23861,3,0,43 44 45,1,95,,23862,3,0,43 44 45,1,198,,23863,3,0,43 44 45,1,102,,23864,3,0,43 44 45,1
3001,'20260320',653,,23866,3,0,43 44 45,1,89,,23868,3,0,43 44 45,1,100,,23870,3,0,43 44 45,1,68,,23871,3,0,43 44 45,1,27,,23872,3,0,43 44 45,1,101,,23874,3,0,43 44 45,1,100,,23876,3,0,43 44 45,1,100,,23878,3,0,43 44 45,1,105,,23881,3,0,43 44 45,1,96,,23884,3,0,43 44 45,1,100,,23887,3,0,43 44 45,1,100,,23889,3,0,43 44 45,1,114,,23892,3,0,43 44 45,1,96,,23893,3,0,43 44 45,1,87,,23894,3,0,43 44 45,1,105,,23896,3,0,43 44 45,1,95,,23897,3,0,43 44 45,1,198,,23898,3,0,43 44 45,1,102,,23899,3,0,43 44 45,1
3001,'20260321',851,,23900,3,0,43 44 45,1,97,,23901,3,0,43 44 45,1,105,,23903,3,0,43 44 45,1,100,,23905,3,0,43 44 45,1,100,,23907,3,0,43 44 45,1,100,,23909,3,0,43 44 45,1,100,,23911,3,0,43 44 45,1,100,,23913,3,0,43 44 45,1,100,,23915,3,0,43 44 45,1,205,,23918,3,0,43 44 45,1,100,,23921,3,0,43 44 45,1,100,,23924,3,0,43 44 45,1,95,,23926,3,0,43 44 45,1,100,,23928,3,0,43 44 45,1,195,,23929,3,0,43 44 45,1
3001,'20260322',851,,23930,3,0,43 44 45,1,97,,23931,3,0,43 44 45,1,105,,23933,3,0,43 44 45,1,100,,23935,3,0,43 44 45,1,100,,23937,3,0,43 44 45,1,100,,23939,3,0,43 44 45,1,100,,23941,3,0,43 44 45,1,100,,23943,3,0,43 44 45,1,100,,23945,3,0,43 44 45,1,205,,23948,3,0,43 44 45,1,100,,23951,3,0,43 44 45,1,100,,23954,3,0,43 44 45,1,95,,23956,3,0,43 44 45,1,100,,23958,3,0,43 44 45,1,195,,23959,3,0,43 44 45,1
3001,'20260323',653,,23961,3,0,43 44 45,1,89,,23963,3,0,43 44 45,1,100,,23965,3,0,43 44 45,1,68,,23966,3,0,43 44 45,1,27,,23967,3,0,43 44 45,1,101,,23969,3,0,43 44 45,1,100,,23971,3,0,43 44 45,1,100,,23973,3,0,43 44 45,1,105,,23974,3,0,43 44 45,1,96,,23975,3,0,43 44 45,1,100,,23976,3,0,43 44 45,1,100,,23977,3,0,43 44 45,1,114,,23978,3,0,43 44 45,1,96,,23979,3,0,43 44 45,1,87,,23980,3,0,43 44 45,1,105,,23982,3,0,43 44 45,1,95,,23983,3,0,43 44 45,1,198,,23984,3,0,43 44 45,1,102,,23985,3,0,43 44 45,1
3001,'20260324',653,,23987,3,0,43 44 45,1,89,,23989,3,0,43 44 45,1,100,,23991,3,0,43 44 45,1,68,,23992,3,0,43 44 45,1,27,,23993,3,0,43 44 45,1,101,,23995,3,0,43 44 45,1,100,,23997,3,0,43 44 45,1,100,,23999,3,0,43 44 45,1,105,,24000,3,0,43 44 45,1,96,,24001,3,0,43 44 45,1,100,,24002,3,0,43 44 45,1,100,,24003,3,0,43 44 45,1,114,,24004,3,0,43 44 45,1,96,,24005,3,0,43 44 45,1,87,,24006,3,0,43 44 45,1,105,,24008,3,0,43 44 45,1,95,,24009,3,0,43 44 45,1,198,,24010,3,0,43 44 45,1,102,,24011,3,0,43 44 45,1
3001,'20260325',653,,24013,3,0,43 44 45,1,89,,24015,3,0,43 44 45,1,100,,24017,3,0,43 44 45,1,68,,24018,3,0,43 44 45,1,27,,24019,3,0,43 44 45,1,101,,24021,3,0,43 44 45,1,100,,24023,3,0,43 44 45,1,100,,24025,3,0,43 44 45,1,105,,24026,3,0,43 44 45,1,96,,24027,3,0,43 44 45,1,100,,24028,3,0,43 44 45,1,100,,24029,3,0,43 44 45,1,114,,24030,3,0,43 44 45,1,96,,24031,3,0,43 44 45,1,87,,24032,3,0,43 44 45,1,105,,24034,3,0,43 44 45,1,95,,24035,3,0,43 44 45,1,198,,24036,3,0,43 44 45,1,102,,24037,3,0,43 44 45,1
3001,'20260326',653,,24039,3,0,43 44 45,1,89,,24041,3,0,43 44 45,1,100,,24043,3,0,43 44 45,1,68,,24044,3,0,43 44 45,1,27,,24045,3,0,43 44 45,1,101,,24047,3,0,43 44 45,1,100,,24049,3,0,43 44 45,1,100,,24051,3,0,43 44 45,1,105,,24052,3,0,43 44 45,1,96,,24054,3,0,43 44 45,1,100,,24056,3,0,43 44 45,1,100,,24057,3,0,43 44 45,1,114,,24058,3,0,43 44 45,1,96,,24059,3,0,43 44 45,1,87,,24060,3,0,43 44 45,1,105,,24062,3,0,43 44 45,1,95,,24063,3,0,43 44 45,1,198,,24064,3,0,43 44 45,1,102,,24065,3,0,43 44 45,1
3001,'20260327',653,,24067,3,0,43 44 45,1,89,,24069,3,0,43 44 45,1,100,,24071,3,0,43 44 45,1,68,,24072,3,0,43 44 45,1,27,,24073,3,0,43 44 45,1,101,,24075,3,0,43 44 45,1,100,,24077,3,0,43 44 45,1,100,,24079,3,0,43 44 45,1,105,,24082,3,0,43 44 45,1,96,,24085,3,0,43 44 45,1,100,,24088,3,0,43 44 45,1,100,,24090,3,0,43 44 45,1,114,,24093,3,0,43 44 45,1,96,,24094,3,0,43 44 45,1,87,,24095,3,0,43 44 45,1,105,,24097,3,0,43 44 45,1,95,,24098,3,0,43 44 45,1,198,,24099,3,0,43 44 45,1,102,,24100,3,0,43 44 45,1
3001,'20260328',851,,24101,3,0,43 44 45,1,97,,24106,3,0,43 44 45,1,105,,24114,3,0,43 44 45,1,100,,24122,3,0,43 44 45,1,100,,24130,3,0,43 44 45,1,100,,24138,3,0,43 44 45,1,100,,24145,3,0,43 44 45,1,100,,24152,3,0,43 44 45,1,100,,24159,3,0,43 44 45,1,205,,24174,3,0,43 44 45,1,100,,24183,3,0,43 44 45,1,100,,24192,3,0,43 44 45,1,95,,24199,3,0,43 44 45,1,100,,24206,3,0,43 44 45,1,195,,24214,3,0,43 44 45,1
3001,'20260329',851,,24217,3,0,43 44 45,1,97,,24222,3,0,43 44 45,1,105,,24230,3,0,43 44 45,1,100,,24238,3,0,43 44 45,1,100,,24246,3,0,43 44 45,1,100,,24254,3,0,43 44 45,1,100,,24261,3,0,43 44 45,1,100,,24268,3,0,43 44 45,1,100,,24275,3,0,43 44 45,1,205,,24290,3,0,43 44 45,1,100,,24299,3,0,43 44 45,1,100,,24308,3,0,43 44 45,1,95,,24315,3,0,43 44 45,1,100,,24322,3,0,43 44 45,1,195,,24330,3,0,43 44 45,1
3001,'20260330',653,,24334,3,0,43 44 45,1,89,,24336,3,0,43 44 45,1,100,,24338,3,0,43 44 45,1,68,,24339,3,0,43 44 45,1,27,,24340,3,0,43 44 45,1,101,,24342,3,0,43 44 45,1,100,,24344,3,0,43 44 45,1,100,,24346,3,0,43 44 45,1,105,,24347,3,0,43 44 45,1,96,,24348,3,0,43 44 45,1,100,,24349,3,0,43 44 45,1,100,,24350,3,0,43 44 45,1,114,,24351,3,0,43 44 45,1,96,,24352,3,0,43 44 45,1,87,,24353,3,0,43 44 45,1,105,,24355,3,0,43 44 45,1,95,,24356,3,0,43 44 45,1,198,,24357,3,0,43 44 45,1,102,,24358,3,0,43 44 45,1
3001,'20260331',653,,24360,3,0,43 44 45,1,89,,24362,3,0,43 44 45,1,100,,24364,3,0,43 44 45,1,68,,24365,3,0,43 44 45,1,27,,24366,3,0,43 44 45,1,101,,24368,3,0,43 44 45,1,100,,24370,3,0,43 44 45,1,100,,24372,3,0,43 44 45,1,105,,24373,3,0,43 44 45,1,96,,24374,3,0,43 44 45,1,100,,24375,3,0,43 44 45,1,100,,24376,3,0,43 44 45,1,114,,24377,3,0,43 44 45,1,96,,24378,3,0,43 44 45,1,87,,24379,3,0,43 44 45,1,105,,24381,3,0,43 44 45,1,95,,24382,3,0,43 44 45,1,198,,24383,3,0,43 44 45,1,102,,24384,3,0,43 44 45,1
3001,'20260401',653,,24386,3,0,43 44 45,1,89,,24388,3,0,43 44 45,1,100,,24390,3,0,43 44 45,1,68,,24391,3,0,43 44 45,1,27,,24392,3,0,43 44 45,1,101,,24394,3,0,43 44 45,1,100,,24396,3,0,43 44 45,1,100,,24398,3,0,43 44 45,1,105,,24399,3,0,43 44 45,1,96,,24400,3,0,43 44 45,1,100,,24401,3,0,43 44 45,1,100,,24402,3,0,43 44 45,1,114,,24403,3,0,43 44 45,1,96,,24404,3,0,43 44 45,1,87,,24405,3,0,43 44 45,1,105,,24407,3,0,43 44 45,1,95,,24408,3,0,43 44 45,1,198,,24409,3,0,43 44 45,1,102,,24410,3,0,43 44 45,1
3001,'20260402',653,,24412,3,0,43 44 45,1,89,,24414,3,0,43 44 45,1,100,,24416,3,0,43 44 45,1,68,,24417,3,0,43 44 45,1,27,,24418,3,0,43 44 45,1,101,,24420,3,0,43 44 45,1,100,,24422,3,0,43 44 45,1,100,,24424,3,0,43 44 45,1,105,,24425,3,0,43 44 45,1,96,,24427,3,0,43 44 45,1,100,,24429,3,0,43 44 45,1,100,,24430,3,0,43 44 45,1,114,,24431,3,0,43 44 45,1,96,,24432,3,0,43 44 45,1,87,,24433,3,0,43 44 45,1,105,,24435,3,0,43 44 45,1,95,,24436,3,0,43 44 45,1,198,,24437,3,0,43 44 45,1,102,,24438,3,0,43 44 45,1
3001,'20260403',851,,24439,3,0,43 44 45,1,97,,24440,3,0,43 44 45,1,105,,24442,3,0,43 44 45,1,100,,24444,3,0,43 44 45,1,100,,24446,3,0,43 44 45,1,100,,24448,3,0,43 44 45,1,100,,24450,3,0,43 44 45,1,100,,24452,3,0,43 44 45,1,100,,24454,3,0,43 44 45,1,205,,24457,3,0,43 44 45,1,100,,24460,3,0,43 44 45,1,100,,24463,3,0,43 44 45,1,95,,24465,3,0,43 44 45,1,100,,24467,3,0,43 44 45,1,195,,24468,3,0,43 44 45,1
3001,'20260404',851,,24469,3,0,43 44 45,1,97,,24470,3,0,43 44 45,1,105,,24472,3,0,43 44 45,1,100,,24474,3,0,43 44 45,1,100,,24476,3,0,43 44 45,1,100,,24478,3,0,43 44 45,1,100,,24480,3,0,43 44 45,1,100,,24482,3,0,43 44 45,1,100,,24484,3,0,43 44 45,1,205,,24487,3,0,43 44 45,1,100,,24490,3,0,43 44 45,1,100,,24493,3,0,43 44 45,1,95,,24495,3,0,43 44 45,1,100,,24497,3,0,43 44 45,1,195,,24498,3,0,43 44 45,1
3001,'20260405',851,,24499,3,0,43 44 45,1,97,,24500,3,0,43 44 45,1,105,,24502,3,0,43 44 45,1,100,,24504,3,0,43 44 45,1,100,,24506,3,0,43 44 45,1,100,,24508,3,0,43 44 45,1,100,,24510,3,0,43 44 45,1,100,,24512,3,0,43 44 45,1,100,,24514,3,0,43 44 45,1,205,,24517,3,0,43 44 45,1,100,,24520,3,0,43 44 45,1,100,,24523,3,0,43 44 45,1,95,,24525,3,0,43 44 45,1,100,,24527,3,0,43 44 45,1,195,,24528,3,0,43 44 45,1
3001,'20260406',653,,24530,3,0,43 44 45,1,89,,24532,3,0,43 44 45,1,100,,24534,3,0,43 44 45,1,68,,24535,3,0,43 44 45,1,27,,24536,3,0,43 44 45,1,101,,24538,3,0,43 44 45,1,100,,24540,3,0,43 44 45,1,100,,24542,3,0,43 44 45,1,105,,24543,3,0,43 44 45,1,96,,24544,3,0,43 44 45,1,100,,24545,3,0,43 44 45,1,100,,24546,3,0,43 44 45,1,114,,24547,3,0,43 44 45,1,96,,24548,3,0,43 44 45,1,87,,24549,3,0,43 44 45,1,105,,24551,3,0,43 44 45,1,95,,24552,3,0,43 44 45,1,198,,24553,3,0,43 44 45,1,102,,24554,3,0,43 44 45,1
3001,'20260407',653,,24556,3,0,43 44 45,1,89,,24558,3,0,43 44 45,1,100,,24560,3,0,43 44 45,1,68,,24561,3,0,43 44 45,1,27,,24562,3,0,43 44 45,1,101,,24564,3,0,43 44 45,1,100,,24566,3,0,43 44 45,1,100,,24568,3,0,43 44 45,1,105,,24569,3,0,43 44 45,1,96,,24570,3,0,43 44 45,1,100,,24571,3,0,43 44 45,1,100,,24572,3,0,43 44 45,1,114,,24573,3,0,43 44 45,1,96,,24574,3,0,43 44 45,1,87,,24575,3,0,43 44 45,1,105,,24577,3,0,43 44 45,1,95,,24578,3,0,43 44 45,1,198,,24579,3,0,43 44 45,1,102,,24580,3,0,43 44 45,1
3001,'20260408',653,,24582,3,0,43 44 45,1,89,,24584,3,0,43 44 45,1,100,,24586,3,0,43 44 45,1,68,,24587,3,0,43 44 45,1,27,,24588,3,0,43 44 45,1,101,,24590,3,0,43 44 45,1,100,,24592,3,0,43 44 45,1,100,,24594,3,0,43 44 45,1,105,,24595,3,0,43 44 45,1,96,,24596,3,0,43 44 45,1,100,,24597,3,0,43 44 45,1,100,,24598,3,0,43 44 45,1,114,,24599,3,0,43 44 45,1,96,,24600,3,0,43 44 45,1,87,,24601,3,0,43 44 45,1,105,,24603,3,0,43 44 45,1,95,,24604,3,0,43 44 45,1,198,,24605,3,0,43 44 45,1,102,,24606,3,0,43 44 45,1
3001,'20260409',653,,24608,3,0,43 44 45,1,89,,24610,3,0,43 44 45,1,100,,24612,3,0,43 44 45,1,68,,24613,3,0,43 44 45,1,27,,24614,3,0,43 44 45,1,101,,24616,3,0,43 44 45,1,100,,24618,3,0,43 44 45,1,100,,24620,3,0,43 44 45,1,105,,24621,3,0,43 44 45,1,96,,24623,3,0,43 44 45,1,100,,24625,3,0,43 44 45,1,100,,24626,3,0,43 44 45,1,114,,24627,3,0,43 44 45,1,96,,24628,3,0,43 44 45,1,87,,24629,3,0,43 44 45,1,105,,24631,3,0,43 44 45,1,95,,24632,3,0,43 44 45,1,198,,24633,3,0,43 44 45,1,102,,24634,3,0,43 44 45,1
3001,'20260410',653,,24636,3,0,43 44 45,1,89,,24638,3,0,43 44 45,1,100,,24640,3,0,43 44 45,1,68,,24641,3,0,43 44 45,1,27,,24642,3,0,43 44 45,1,101,,24644,3,0,43 44 45,1,100,,24646,3,0,43 44 45,1,100,,24648,3,0,43 44 45,1,105,,24651,3,0,43 44 45,1,96,,24654,3,0,43 44 45,1,100,,24657,3,0,43 44 45,1,100,,24659,3,0,43 44 45,1,114,,24662,3,0,43 44 45,1,96,,24663,3,0,43 44 45,1,87,,24664,3,0,43 44 45,1,105,,24666,3,0,43 44 45,1,95,,24667,3,0,43 44 45,1,198,,24668,3,0,43 44 45,1,102,,24669,3,0,43 44 45,1
3001,'20260411',851,,24670,3,0,43 44 45,1,97,,24671,3,0,43 44 45,1,105,,24673,3,0,43 44 45,1,100,,24675,3,0,43 44 45,1,100,,24677,3,0,43 44 45,1,100,,24679,3,0,43 44 45,1,100,,24681,3,0,43 44 45,1,100,,24683,3,0,43 44 45,1,100,,24685,3,0,43 44 45,1,205,,24688,3,0,43 44 45,1,100,,24691,3,0,43 44 45,1,100,,24694,3,0,43 44 45,1,95,,24696,3,0,43 44 45,1,100,,24698,3,0,43 44 45,1,195,,24699,3,0,43 44 45,1
3001,'20260412',851,,24700,3,0,43 44 45,1,97,,24701,3,0,43 44 45,1,105,,24703,3,0,43 44 45,1,100,,24705,3,0,43 44 45,1,100,,24707,3,0,43 44 45,1,100,,24709,3,0,43 44 45,1,100,,24711,3,0,43 44 45,1,100,,24713,3,0,43 44 45,1,100,,24715,3,0,43 44 45,1,205,,24718,3,0,43 44 45,1,100,,24721,3,0,43 44 45,1,100,,24724,3,0,43 44 45,1,95,,24726,3,0,43 44 45,1,100,,24728,3,0,43 44 45,1,195,,24729,3,0,43 44 45,1
3001,'20260413',653,,24731,3,0,43 44 45,1,89,,24733,3,0,43 44 45,1,100,,24735,3,0,43 44 45,1,68,,24736,3,0,43 44 45,1,27,,24737,3,0,43 44 45,1,101,,24739,3,0,43 44 45,1,100,,24741,3,0,43 44 45,1,100,,24743,3,0,43 44 45,1,105,,24744,3,0,43 44 45,1,96,,24745,3,0,43 44 45,1,100,,24746,3,0,43 44 45,1,100,,24747,3,0,43 44 45,1,114,,24748,3,0,43 44 45,1,96,,24749,3,0,43 44 45,1,87,,24750,3,0,43 44 45,1,105,,24752,3,0,43 44 45,1,95,,24753,3,0,43 44 45,1,198,,24754,3,0,43 44 45,1,102,,24755,3,0,43 44 45,1
3001,'20260414',653,,24757,3,0,43 44 45,1,89,,24759,3,0,43 44 45,1,100,,24761,3,0,43 44 45,1,68,,24762,3,0,43 44 45,1,27,,24763,3,0,43 44 45,1,101,,24765,3,0,43 44 45,1,100,,24767,3,0,43 44 45,1,100,,24769,3,0,43 44 45,1,105,,24770,3,0,43 44 45,1,96,,24771,3,0,43 44 45,1,100,,24772,3,0,43 44 45,1,100,,24773,3,0,43 44 45,1,114,,24774,3,0,43 44 45,1,96,,24775,3,0,43 44 45,1,87,,24776,3,0,43 44 45,1,105,,24778,3,0,43 44 45,1,95,,24779,3,0,43 44 45,1,198,,24780,3,0,43 44 45,1,102,,24781,3,0,43 44 45,1
3001,'20260415',653,,24783,3,0,43 44 45,1,89,,24785,3,0,43 44 45,1,100,,24787,3,0,43 44 45,1,68,,24788,3,0,43 44 45,1,27,,24789,3,0,43 44 45,1,101,,24791,3,0,43 44 45,1,100,,24793,3,0,43 44 45,1,100,,24795,3,0,43 44 45,1,105,,24796,3,0,43 44 45,1,96,,24797,3,0,43 44 45,1,100,,24798,3,0,43 44 45,1,100,,24799,3,0,43 44 45,1,114,,24800,3,0,43 44 45,1,96,,24801,3,0,43 44 45,1,87,,24802,3,0,43 44 45,1,105,,24804,3,0,43 44 45,1,95,,24805,3,0,43 44 45,1,198,,24806,3,0,43 44 45,1,102,,24807,3,0,43 44 45,1
3001,'20260416',653,,24809,3,0,43 44 45,1,89,,24811,3,0,43 44 45,1,100,,24813,3,0,43 44 45,1,68,,24814,3,0,43 44 45,1,27,,24815,3,0,43 44 45,1,101,,24817,3,0,43 44 45,1,100,,24819,3,0,43 44 45,1,100,,24821,3,0,43 44 45,1,105,,24822,3,0,43 44 45,1,96,,24824,3,0,43 44 45,1,100,,24826,3,0,43 44 45,1,100,,24827,3,0,43 44 45,1,114,,24828,3,0,43 44 45,1,96,,24829,3,0,43 44 45,1,87,,24830,3,0,43 44 45,1,105,,24832,3,0,43 44 45,1,95,,24833,3,0,43 44 45,1,198,,24834,3,0,43 44 45,1,102,,24835,3,0,43 44 45,1
3001,'20260417',653,,24837,3,0,43 44 45,1,89,,24839,3,0,43 44 45,1,100,,24841,3,0,43 44 45,1,68,,24842,3,0,43 44 45,1,27,,24843,3,0,43 44 45,1,101,,24845,3,0,43 44 45,1,100,,24847,3,0,43 44 45,1,100,,24849,3,0,43 44 45,1,105,,24852,3,0,43 44 45,1,96,,24855,3,0,43 44 45,1,100,,24858,3,0,43 44 45,1,100,,24860,3,0,43 44 45,1,114,,24863,3,0,43 44 45,1,96,,24864,3,0,43 44 45,1,87,,24865,3,0,43 44 45,1,105,,24867,3,0,43 44 45,1,95,,24868,3,0,43 44 45,1,198,,24869,3,0,43 44 45,1,102,,24870,3,0,43 44 45,1
3001,'20260418',851,,24871,3,0,43 44 45,1,97,,24872,3,0,43 44 45,1,105,,24874,3,0,43 44 45,1,100,,24876,3,0,43 44 45,1,100,,24878,3,0,43 44 45,1,100,,24880,3,0,43 44 45,1,100,,24882,3,0,43 44 45,1,100,,24884,3,0,43 44 45,1,100,,24886,3,0,43 44 45,1,205,,24889,3,0,43 44 45,1,100,,24892,3,0,43 44 45,1,100,,24895,3,0,43 44 45,1,95,,24897,3,0,43 44 45,1,100,,24899,3,0,43 44 45,1,195,,24900,3,0,43 44 45,1
3001,'20260419',851,,24901,3,0,43 44 45,1,97,,24902,3,0,43 44 45,1,105,,24904,3,0,43 44 45,1,100,,24906,3,0,43 44 45,1,100,,24908,3,0,43 44 45,1,100,,24910,3,0,43 44 45,1,100,,24912,3,0,43 44 45,1,100,,24914,3,0,43 44 45,1,100,,24916,3,0,43 44 45,1,205,,24919,3,0,43 44 45,1,100,,24922,3,0,43 44 45,1,100,,24925,3,0,43 44 45,1,95,,24927,3,0,43 44 45,1,100,,24929,3,0,43 44 45,1,195,,24930,3,0,43 44 45,1
3001,'20260420',653,,24932,3,0,43 44 45,1,89,,24934,3,0,43 44 45,1,100,,24936,3,0,43 44 45,1,68,,24937,3,0,43 44 45,1,27,,24938,3,0,43 44 45,1,101,,24940,3,0,43 44 45,1,100,,24942,3,0,43 44 45,1,100,,24944,3,0,43 44 45,1,105,,24945,3,0,43 44 45,1,96,,24946,3,0,43 44 45,1,100,,24947,3,0,43 44 45,1,100,,24948,3,0,43 44 45,1,114,,24949,3,0,43 44 45,1,96,,24950,3,0,43 44 45,1,87,,24951,3,0,43 44 45,1,105,,24953,3,0,43 44 45,1,95,,24954,3,0,43 44 45,1,198,,24955,3,0,43 44 45,1,102,,24956,3,0,43 44 45,1
3001,'20260421',653,,24958,3,0,43 44 45,1,89,,24960,3,0,43 44 45,1,100,,24962,3,0,43 44 45,1,68,,24963,3,0,43 44 45,1,27,,24964,3,0,43 44 45,1,101,,24966,3,0,43 44 45,1,100,,24968,3,0,43 44 45,1,100,,24970,3,0,43 44 45,1,105,,24971,3,0,43 44 45,1,96,,24972,3,0,43 44 45,1,100,,24973,3,0,43 44 45,1,100,,24974,3,0,43 44 45,1,114,,24975,3,0,43 44 45,1,96,,24976,3,0,43 44 45,1,87,,24977,3,0,43 44 45,1,105,,24979,3,0,43 44 45,1,95,,24980,3,0,43 44 45,1,198,,24981,3,0,43 44 45,1,102,,24982,3,0,43 44 45,1
3001,'20260422',653,,24984,3,0,43 44 45,1,89,,24986,3,0,43 44 45,1,100,,24988,3,0,43 44 45,1,68,,24989,3,0,43 44 45,1,27,,24990,3,0,43 44 45,1,101,,24992,3,0,43 44 45,1,100,,24994,3,0,43 44 45,1,100,,24996,3,0,43 44 45,1,105,,24997,3,0,43 44 45,1,96,,24998,3,0,43 44 45,1,100,,24999,3,0,43 44 45,1,100,,25000,3,0,43 44 45,1,114,,25001,3,0,43 44 45,1,96,,25002,3,0,43 44 45,1,87,,25003,3,0,43 44 45,1,105,,25005,3,0,43 44 45,1,95,,25006,3,0,43 44 45,1,198,,25007,3,0,43 44 45,1,102,,25008,3,0,43 44 45,1
3001,'20260423',653,,25010,3,0,43 44 45,1,89,,25012,3,0,43 44 45,1,100,,25014,3,0,43 44 45,1,68,,25015,3,0,43 44 45,1,27,,25016,3,0,43 44 45,1,101,,25018,3,0,43 44 45,1,100,,25020,3,0,43 44 45,1,100,,25022,3,0,43 44 45,1,105,,25023,3,0,43 44 45,1,96,,25025,3,0,43 44 45,1,100,,25027,3,0,43 44 45,1,100,,25028,3,0,43 44 45,1,114,,25029,3,0,43 44 45,1,96,,25030,3,0,43 44 45,1,87,,25031,3,0,43 44 45,1,105,,25033,3,0,43 44 45,1,95,,25034,3,0,43 44 45,1,198,,25035,3,0,43 44 45,1,102,,25036,3,0,43 44 45,1
3001,'20260424',653,,25038,3,0,43 44 45,1,89,,25040,3,0,43 44 45,1,100,,25042,3,0,43 44 45,1,68,,25043,3,0,43 44 45,1,27,,25044,3,0,43 44 45,1,101,,25046,3,0,43 44 45,1,100,,25048,3,0,43 44 45,1,100,,25050,3,0,43 44 45,1,105,,25053,3,0,43 44 45,1,96,,25056,3,0,43 44 45,1,100,,25059,3,0,43 44 45,1,100,,25061,3,0,43 44 45,1,114,,25064,3,0,43 44 45,1,96,,25065,3,0,43 44 45,1,87,,25066,3,0,43 44 45,1,105,,25068,3,0,43 44 45,1,95,,25069,3,0,43 44 45,1,198,,25070,3,0,43 44 45,1,102,,25071,3,0,43 44 45,1
