3800,'20260722',1705,,176587,15,,,1,225,,176588,15,,,1
3800,'20260723',1705,,176589,15,,,1,225,,176590,15,,,1
3800,'20260724',1705,,176591,15,,,1,225,,176592,15,,,1
3800,'20260727',1705,,176593,15,,,1,225,,176594,15,,,1
3800,'20260728',1705,,176595,15,,,1,225,,176596,15,,,1
3800,'20260729',1705,,176597,15,,,1,225,,176598,15,,,1
3800,'20260730',1705,,176599,15,,,1,225,,176600,15,,,1
3800,'20260731',1705,,176601,15,,,1,225,,176602,15,,,1
3800,'20260804',1705,,176603,15,,,1,225,,176604,15,,,1
3800,'20260805',1705,,176605,15,,,1,225,,176606,15,,,1
3800,'20260806',1705,,176607,15,,,1,225,,176608,15,,,1
3800,'20260807',1705,,176609,15,,,1,225,,176610,15,,,1
3800,'20260810',1705,,176611,15,,,1,225,,176612,15,,,1
3800,'20260811',1705,,176613,15,,,1,225,,176614,15,,,1
3800,'20260812',1705,,176615,15,,,1,225,,176616,15,,,1
3800,'20260813',1705,,176617,15,,,1,225,,176618,15,,,1
3800,'20260814',1705,,176619,15,,,1,225,,176620,15,,,1
3800,'20260817',1705,,176621,15,,,1,225,,176622,15,,,1
3800,'20260818',1705,,176623,15,,,1,225,,176624,15,,,1
3800,'20260819',1705,,176625,15,,,1,225,,176626,15,,,1
3800,'20260820',1705,,176627,15,,,1,225,,176628,15,,,1
3800,'20260821',1705,,176629,15,,,1,225,,176630,15,,,1
3800,'20260824',1705,,176631,15,,,1,225,,176632,15,,,1
3800,'20260825',1705,,176633,15,,,1,225,,176634,15,,,1
3800,'20260826',1705,,176635,15,,,1,225,,176636,15,,,1
3800,'20260827',1705,,176637,15,,,1,225,,176638,15,,,1
3800,'20260828',1705,,176639,15,,,1,225,,176640,15,,,1
3800,'20260831',1705,,176641,15,,,1,225,,176642,15,,,1
3800,'20260901',1705,,176643,15,,,1,225,,176644,15,,,1
3800,'20260902',1705,,176645,15,,,1,225,,176646,15,,,1
3800,'20260903',1705,,176647,15,,,1,225,,176648,15,,,1
3800,'20260904',1705,,176649,15,,,1,225,,176650,15,,,1
