2100,'20260310',345,,11117,1,,,1,75,,11118,1,,,1,25,,11119,1,,,1,465,,11122,1,0,7 29 30,1,30,,11124,1,0,7 29 30,1,75,,11127,1,0,7 29 30,1,30,,11129,1,0,7 29 30,1,75,,11132,1,0,7 29 30,1,100,,11135,1,0,7 29 30,1,100,,11138,1,0,7 29 30,1,95,,11141,1,0,7 29 30,1,100,,11144,1,0,7 29 30,1,95,,11148,1,,,1,100,,11149,1,,,1,100,,11150,1,,,1,100,,11151,1,,,1,100,,11152,1,,,1,105,,11153,1,,,1,100,,11154,1,,,1,105,,11155,1,,,1,105,,11156,1,,,1
2100,'20260311',345,,11157,1,,,1,75,,11158,1,,,1,25,,11159,1,,,1,465,,11162,1,0,7 29 30,1,30,,11164,1,0,7 29 30,1,75,,11167,1,0,7 29 30,1,30,,11169,1,0,7 29 30,1,75,,11172,1,0,7 29 30,1,100,,11175,1,0,7 29 30,1,100,,11178,1,0,7 29 30,1,95,,11181,1,0,7 29 30,1,100,,11184,1,0,7 29 30,1,95,,11188,1,,,1,100,,11189,1,,,1,100,,11190,1,,,1,100,,11191,1,,,1,100,,11192,1,,,1,105,,11193,1,,,1,100,,11194,1,,,1,105,,11195,1,,,1,105,,11196,1,,,1
2100,'20260312',345,,11197,1,,,1,75,,11198,1,,,1,25,,11199,1,,,1,465,,11202,1,0,7 29 30,1,30,,11204,1,0,7 29 30,1,75,,11207,1,0,7 29 30,1,30,,11209,1,0,7 29 30,1,75,,11212,1,0,7 29 30,1,100,,11215,1,0,7 29 30,1,100,,11218,1,0,7 29 30,1,95,,11221,1,0,7 29 30,1,100,,11224,1,0,7 29 30,1,95,,11228,1,,,1,100,,11229,1,,,1,100,,11230,1,,,1,100,,11231,1,,,1,100,,11232,1,,,1,105,,11233,1,,,1,100,,11234,1,,,1,105,,11235,1,,,1,105,,11236,1,,,1
2100,'20260313',345,,11237,1,,,1,75,,11238,1,,,1,25,,11239,1,,,1,465,,11242,1,0,7 29 30,1,30,,11244,1,0,7 29 30,1,75,,11247,1,0,7 29 30,1,30,,11249,1,0,7 29 30,1,75,,11252,1,0,7 29 30,1,100,,11255,1,0,7 29 30,1,100,,11258,1,0,7 29 30,1,95,,11261,1,0,7 29 30,1,100,,11264,1,0,7 29 30,1,95,,11268,1,,,1,100,,11269,1,,,1,100,,11270,1,,,1,100,,11271,1,,,1,100,,11272,1,,,1,105,,11273,1,,,1,100,,11274,1,,,1,105,,11275,1,,,1,105,,11276,1,,,1
2100,'20260314',455,,11277,1,0,57 29 30,1,100,,11278,1,0,57 29 30,1,70,,11279,1,0,57 29 30,1,105,,11280,1,0,7 29 30,1,100,,11283,1,0,7 29 30,1,100,,11287,1,0,7 29 30,1,95,,11291,1,0,7 29 30,1,100,,11295,1,0,7 29 30,1,100,,11298,1,0,7 29 30,1,100,,11301,1,0,7 29 30,1,100,,11304,1,0,7 29 30,1,100,,11307,1,0,7 29 30,1,95,,11310,1,0,7 29 30,1,100,,11313,1,0,7 29 30,1,105,,11315,1,0,7 29 30,1,100,,11317,1,0,57 29 30,1,95,,11318,1,0,57 29 30,1,105,,11319,1,0,57 29 30,1,100,,11320,1,0,57 29 30,1,105,,11321,1,0,57 29 30,1,100,,11322,1,0,57 29 30,1
2100,'20260315',455,,11323,1,0,57 29 30,1,100,,11324,1,0,57 29 30,1,70,,11325,1,0,57 29 30,1,105,,11326,1,0,7 29 30,1,100,,11329,1,0,7 29 30,1,100,,11333,1,0,7 29 30,1,95,,11337,1,0,7 29 30,1,100,,11341,1,0,7 29 30,1,100,,11344,1,0,7 29 30,1,100,,11347,1,0,7 29 30,1,100,,11350,1,0,7 29 30,1,100,,11353,1,0,7 29 30,1,95,,11356,1,0,7 29 30,1,100,,11359,1,0,7 29 30,1,105,,11361,1,0,7 29 30,1,100,,11363,1,0,57 29 30,1,95,,11364,1,0,57 29 30,1,105,,11365,1,0,57 29 30,1,100,,11366,1,0,57 29 30,1,105,,11367,1,0,57 29 30,1,100,,11368,1,0,57 29 30,1
2100,'20260316',345,,11369,1,,,1,75,,11370,1,,,1,25,,11371,1,,,1,465,,11374,1,0,7 29 30,1,30,,11376,1,0,7 29 30,1,75,,11379,1,0,7 29 30,1,30,,11381,1,0,7 29 30,1,75,,11384,1,0,7 29 30,1,100,,11387,1,0,7 29 30,1,100,,11390,1,0,7 29 30,1,95,,11393,1,0,7 29 30,1,100,,11396,1,0,7 29 30,1,95,,11400,1,,,1,100,,11401,1,,,1,100,,11402,1,,,1,100,,11403,1,,,1,100,,11404,1,,,1,105,,11405,1,,,1,100,,11406,1,,,1,105,,11407,1,,,1,105,,11408,1,,,1
2100,'20260317',345,,11409,1,,,1,75,,11410,1,,,1,25,,11411,1,,,1,465,,11414,1,0,7 29 30,1,30,,11416,1,0,7 29 30,1,75,,11419,1,0,7 29 30,1,30,,11421,1,0,7 29 30,1,75,,11424,1,0,7 29 30,1,100,,11427,1,0,7 29 30,1,100,,11430,1,0,7 29 30,1,95,,11433,1,0,7 29 30,1,100,,11436,1,0,7 29 30,1,95,,11440,1,,,1,100,,11441,1,,,1,100,,11442,1,,,1,100,,11443,1,,,1,100,,11444,1,,,1,105,,11445,1,,,1,100,,11446,1,,,1,105,,11447,1,,,1,105,,11448,1,,,1
2100,'20260318',345,,11449,1,,,1,75,,11450,1,,,1,25,,11451,1,,,1,465,,11454,1,0,7 29 30,1,30,,11456,1,0,7 29 30,1,75,,11459,1,0,7 29 30,1,30,,11461,1,0,7 29 30,1,75,,11464,1,0,7 29 30,1,100,,11467,1,0,7 29 30,1,100,,11470,1,0,7 29 30,1,95,,11473,1,0,7 29 30,1,100,,11476,1,0,7 29 30,1,95,,11480,1,,,1,100,,11481,1,,,1,100,,11482,1,,,1,100,,11483,1,,,1,100,,11484,1,,,1,105,,11485,1,,,1,100,,11486,1,,,1,105,,11487,1,,,1,105,,11488,1,,,1
2100,'20260319',345,,11489,1,,,1,75,,11490,1,,,1,25,,11491,1,,,1,465,,11494,1,0,7 29 30,1,30,,11496,1,0,7 29 30,1,75,,11499,1,0,7 29 30,1,30,,11501,1,0,7 29 30,1,75,,11504,1,0,7 29 30,1,100,,11507,1,0,7 29 30,1,100,,11510,1,0,7 29 30,1,95,,11513,1,0,7 29 30,1,100,,11516,1,0,7 29 30,1,95,,11520,1,,,1,100,,11521,1,,,1,100,,11522,1,,,1,100,,11523,1,,,1,100,,11524,1,,,1,105,,11525,1,,,1,100,,11526,1,,,1,105,,11527,1,,,1,105,,11528,1,,,1
2100,'20260320',345,,11529,1,,,1,75,,11530,1,,,1,25,,11531,1,,,1,465,,11534,1,0,7 29 30,1,30,,11536,1,0,7 29 30,1,75,,11539,1,0,7 29 30,1,30,,11541,1,0,7 29 30,1,75,,11544,1,0,7 29 30,1,100,,11547,1,0,7 29 30,1,100,,11550,1,0,7 29 30,1,95,,11553,1,0,7 29 30,1,100,,11556,1,0,7 29 30,1,95,,11560,1,,,1,100,,11561,1,,,1,100,,11562,1,,,1,100,,11563,1,,,1,100,,11564,1,,,1,105,,11565,1,,,1,100,,11566,1,,,1,105,,11567,1,,,1,105,,11568,1,,,1
2100,'20260321',455,,11569,1,0,57 29 30,1,100,,11570,1,0,57 29 30,1,70,,11571,1,0,57 29 30,1,105,,11572,1,0,7 29 30,1,100,,11575,1,0,7 29 30,1,100,,11579,1,0,7 29 30,1,95,,11583,1,0,7 29 30,1,100,,11587,1,0,7 29 30,1,100,,11590,1,0,7 29 30,1,100,,11593,1,0,7 29 30,1,100,,11596,1,0,7 29 30,1,100,,11599,1,0,7 29 30,1,95,,11602,1,0,7 29 30,1,100,,11605,1,0,7 29 30,1,105,,11607,1,0,7 29 30,1,100,,11609,1,0,57 29 30,1,95,,11610,1,0,57 29 30,1,105,,11611,1,0,57 29 30,1,100,,11612,1,0,57 29 30,1,105,,11613,1,0,57 29 30,1,100,,11614,1,0,57 29 30,1
2100,'20260322',455,,11615,1,0,57 29 30,1,100,,11616,1,0,57 29 30,1,70,,11617,1,0,57 29 30,1,105,,11618,1,0,7 29 30,1,100,,11621,1,0,7 29 30,1,100,,11625,1,0,7 29 30,1,95,,11629,1,0,7 29 30,1,100,,11633,1,0,7 29 30,1,100,,11636,1,0,7 29 30,1,100,,11639,1,0,7 29 30,1,100,,11642,1,0,7 29 30,1,100,,11645,1,0,7 29 30,1,95,,11648,1,0,7 29 30,1,100,,11651,1,0,7 29 30,1,105,,11653,1,0,7 29 30,1,100,,11655,1,0,57 29 30,1,95,,11656,1,0,57 29 30,1,105,,11657,1,0,57 29 30,1,100,,11658,1,0,57 29 30,1,105,,11659,1,0,57 29 30,1,100,,11660,1,0,57 29 30,1
2100,'20260323',345,,11661,1,,,1,75,,11662,1,,,1,25,,11663,1,,,1,465,,11666,1,0,7 29 30,1,30,,11668,1,0,7 29 30,1,75,,11671,1,0,7 29 30,1,30,,11673,1,0,7 29 30,1,75,,11676,1,0,7 29 30,1,100,,11679,1,0,7 29 30,1,100,,11682,1,0,7 29 30,1,95,,11685,1,0,7 29 30,1,100,,11688,1,0,7 29 30,1,95,,11692,1,,,1,100,,11693,1,,,1,100,,11694,1,,,1,100,,11695,1,,,1,100,,11696,1,,,1,105,,11697,1,,,1,100,,11698,1,,,1,105,,11699,1,,,1,105,,11700,1,,,1
2100,'20260324',345,,11701,1,,,1,75,,11702,1,,,1,25,,11703,1,,,1,465,,11706,1,0,7 29 30,1,30,,11708,1,0,7 29 30,1,75,,11711,1,0,7 29 30,1,30,,11713,1,0,7 29 30,1,75,,11716,1,0,7 29 30,1,100,,11719,1,0,7 29 30,1,100,,11722,1,0,7 29 30,1,95,,11725,1,0,7 29 30,1,100,,11728,1,0,7 29 30,1,95,,11732,1,,,1,100,,11733,1,,,1,100,,11734,1,,,1,100,,11735,1,,,1,100,,11736,1,,,1,105,,11737,1,,,1,100,,11738,1,,,1,105,,11739,1,,,1,105,,11740,1,,,1
2100,'20260325',345,,11741,1,,,1,75,,11742,1,,,1,25,,11743,1,,,1,465,,11746,1,0,7 29 30,1,30,,11748,1,0,7 29 30,1,75,,11751,1,0,7 29 30,1,30,,11753,1,0,7 29 30,1,75,,11756,1,0,7 29 30,1,100,,11759,1,0,7 29 30,1,100,,11762,1,0,7 29 30,1,95,,11765,1,0,7 29 30,1,100,,11768,1,0,7 29 30,1,95,,11772,1,,,1,100,,11773,1,,,1,100,,11774,1,,,1,100,,11775,1,,,1,100,,11776,1,,,1,105,,11777,1,,,1,100,,11778,1,,,1,105,,11779,1,,,1,105,,11780,1,,,1
2100,'20260326',345,,11781,1,,,1,75,,11782,1,,,1,25,,11783,1,,,1,465,,11786,1,0,7 29 30,1,30,,11788,1,0,7 29 30,1,75,,11791,1,0,7 29 30,1,30,,11793,1,0,7 29 30,1,75,,11796,1,0,7 29 30,1,100,,11799,1,0,7 29 30,1,100,,11802,1,0,7 29 30,1,95,,11805,1,0,7 29 30,1,100,,11808,1,0,7 29 30,1,95,,11812,1,,,1,100,,11813,1,,,1,100,,11814,1,,,1,100,,11815,1,,,1,100,,11816,1,,,1,105,,11817,1,,,1,100,,11818,1,,,1,105,,11819,1,,,1,105,,11820,1,,,1
2100,'20260327',345,,11821,1,,,1,75,,11822,1,,,1,25,,11823,1,,,1,465,,11826,1,0,7 29 30,1,30,,11828,1,0,7 29 30,1,75,,11831,1,0,7 29 30,1,30,,11833,1,0,7 29 30,1,75,,11836,1,0,7 29 30,1,100,,11839,1,0,7 29 30,1,100,,11842,1,0,7 29 30,1,95,,11845,1,0,7 29 30,1,100,,11848,1,0,7 29 30,1,95,,11852,1,,,1,100,,11853,1,,,1,100,,11854,1,,,1,100,,11855,1,,,1,100,,11856,1,,,1,105,,11857,1,,,1,100,,11858,1,,,1,105,,11859,1,,,1,105,,11860,1,,,1
2100,'20260328',455,,11861,1,0,57 29 30,1,100,,11862,1,0,57 29 30,1,70,,11863,1,0,57 29 30,1,105,,11864,1,0,7 29 30,1,100,,11867,1,0,7 29 30,1,100,,11871,1,0,7 29 30,1,95,,11875,1,0,7 29 30,1,100,,11879,1,0,7 29 30,1,100,,11882,1,0,7 29 30,1,100,,11885,1,0,7 29 30,1,100,,11888,1,0,7 29 30,1,100,,11891,1,0,7 29 30,1,95,,11894,1,0,7 29 30,1,100,,11897,1,0,7 29 30,1,105,,11899,1,0,7 29 30,1,100,,11901,1,0,57 29 30,1,95,,11902,1,0,57 29 30,1,105,,11903,1,0,57 29 30,1,100,,11904,1,0,57 29 30,1,105,,11905,1,0,57 29 30,1,100,,11906,1,0,57 29 30,1
2100,'20260329',455,,11907,1,0,57 29 30,1,100,,11908,1,0,57 29 30,1,70,,11909,1,0,57 29 30,1,105,,11910,1,0,7 29 30,1,100,,11913,1,0,7 29 30,1,100,,11917,1,0,7 29 30,1,95,,11921,1,0,7 29 30,1,100,,11925,1,0,7 29 30,1,100,,11928,1,0,7 29 30,1,100,,11931,1,0,7 29 30,1,100,,11934,1,0,7 29 30,1,100,,11937,1,0,7 29 30,1,95,,11940,1,0,7 29 30,1,100,,11943,1,0,7 29 30,1,105,,11945,1,0,7 29 30,1,100,,11947,1,0,57 29 30,1,95,,11948,1,0,57 29 30,1,105,,11949,1,0,57 29 30,1,100,,11950,1,0,57 29 30,1,105,,11951,1,0,57 29 30,1,100,,11952,1,0,57 29 30,1
2100,'20260330',345,,11953,1,,,1,75,,11954,1,,,1,25,,11955,1,,,1,465,,11958,1,0,7 29 30,1,30,,11960,1,0,7 29 30,1,75,,11963,1,0,7 29 30,1,30,,11965,1,0,7 29 30,1,75,,11968,1,0,7 29 30,1,100,,11971,1,0,7 29 30,1,100,,11974,1,0,7 29 30,1,95,,11977,1,0,7 29 30,1,100,,11980,1,0,7 29 30,1,95,,11984,1,,,1,100,,11985,1,,,1,100,,11986,1,,,1,100,,11987,1,,,1,100,,11988,1,,,1,105,,11989,1,,,1,100,,11990,1,,,1,105,,11991,1,,,1,105,,11992,1,,,1
2100,'20260331',345,,11993,1,,,1,75,,11994,1,,,1,25,,11995,1,,,1,465,,11998,1,0,7 29 30,1,30,,12000,1,0,7 29 30,1,75,,12003,1,0,7 29 30,1,30,,12005,1,0,7 29 30,1,75,,12008,1,0,7 29 30,1,100,,12011,1,0,7 29 30,1,100,,12014,1,0,7 29 30,1,95,,12017,1,0,7 29 30,1,100,,12020,1,0,7 29 30,1,95,,12024,1,,,1,100,,12025,1,,,1,100,,12026,1,,,1,100,,12027,1,,,1,100,,12028,1,,,1,105,,12029,1,,,1,100,,12030,1,,,1,105,,12031,1,,,1,105,,12032,1,,,1
2100,'20260401',345,,12033,1,,,1,75,,12034,1,,,1,25,,12035,1,,,1,465,,12038,1,0,7 29 30,1,30,,12040,1,0,7 29 30,1,75,,12043,1,0,7 29 30,1,30,,12045,1,0,7 29 30,1,75,,12048,1,0,7 29 30,1,100,,12051,1,0,7 29 30,1,100,,12054,1,0,7 29 30,1,95,,12057,1,0,7 29 30,1,100,,12060,1,0,7 29 30,1,95,,12064,1,,,1,100,,12065,1,,,1,100,,12066,1,,,1,100,,12067,1,,,1,100,,12068,1,,,1,105,,12069,1,,,1,100,,12070,1,,,1,105,,12071,1,,,1,105,,12072,1,,,1
2100,'20260402',345,,12073,1,,,1,75,,12074,1,,,1,25,,12075,1,,,1,465,,12078,1,0,7 29 30,1,30,,12080,1,0,7 29 30,1,75,,12083,1,0,7 29 30,1,30,,12085,1,0,7 29 30,1,75,,12088,1,0,7 29 30,1,100,,12091,1,0,7 29 30,1,100,,12094,1,0,7 29 30,1,95,,12097,1,0,7 29 30,1,100,,12100,1,0,7 29 30,1,95,,12104,1,,,1,100,,12105,1,,,1,100,,12106,1,,,1,100,,12107,1,,,1,100,,12108,1,,,1,105,,12109,1,,,1,100,,12110,1,,,1,105,,12111,1,,,1,105,,12112,1,,,1
2100,'20260403',455,,12113,1,0,57 29 30,1,100,,12114,1,0,57 29 30,1,70,,12115,1,0,57 29 30,1,105,,12116,1,0,7 29 30,1,100,,12119,1,0,7 29 30,1,100,,12123,1,0,7 29 30,1,95,,12127,1,0,7 29 30,1,100,,12131,1,0,7 29 30,1,100,,12134,1,0,7 29 30,1,100,,12137,1,0,7 29 30,1,100,,12140,1,0,7 29 30,1,100,,12143,1,0,7 29 30,1,95,,12146,1,0,7 29 30,1,100,,12149,1,0,7 29 30,1,105,,12151,1,0,7 29 30,1,100,,12153,1,0,57 29 30,1,95,,12154,1,0,57 29 30,1,105,,12155,1,0,57 29 30,1,100,,12156,1,0,57 29 30,1,105,,12157,1,0,57 29 30,1,100,,12158,1,0,57 29 30,1
2100,'20260404',455,,12159,1,0,57 29 30,1,100,,12160,1,0,57 29 30,1,70,,12161,1,0,57 29 30,1,105,,12162,1,0,7 29 30,1,100,,12165,1,0,7 29 30,1,100,,12169,1,0,7 29 30,1,95,,12173,1,0,7 29 30,1,100,,12177,1,0,7 29 30,1,100,,12180,1,0,7 29 30,1,100,,12183,1,0,7 29 30,1,100,,12186,1,0,7 29 30,1,100,,12189,1,0,7 29 30,1,95,,12192,1,0,7 29 30,1,100,,12195,1,0,7 29 30,1,105,,12197,1,0,7 29 30,1,100,,12199,1,0,57 29 30,1,95,,12200,1,0,57 29 30,1,105,,12201,1,0,57 29 30,1,100,,12202,1,0,57 29 30,1,105,,12203,1,0,57 29 30,1,100,,12204,1,0,57 29 30,1
2100,'20260405',455,,12205,1,0,57 29 30,1,100,,12206,1,0,57 29 30,1,70,,12207,1,0,57 29 30,1,105,,12208,1,0,7 29 30,1,100,,12211,1,0,7 29 30,1,100,,12215,1,0,7 29 30,1,95,,12219,1,0,7 29 30,1,100,,12223,1,0,7 29 30,1,100,,12226,1,0,7 29 30,1,100,,12229,1,0,7 29 30,1,100,,12232,1,0,7 29 30,1,100,,12235,1,0,7 29 30,1,95,,12238,1,0,7 29 30,1,100,,12241,1,0,7 29 30,1,105,,12243,1,0,7 29 30,1,100,,12245,1,0,57 29 30,1,95,,12246,1,0,57 29 30,1,105,,12247,1,0,57 29 30,1,100,,12248,1,0,57 29 30,1,105,,12249,1,0,57 29 30,1,100,,12250,1,0,57 29 30,1
2100,'20260406',345,,12251,1,,,1,75,,12252,1,,,1,25,,12253,1,,,1,465,,12256,1,0,7 29 30,1,30,,12258,1,0,7 29 30,1,75,,12261,1,0,7 29 30,1,30,,12263,1,0,7 29 30,1,75,,12266,1,0,7 29 30,1,100,,12269,1,0,7 29 30,1,100,,12272,1,0,7 29 30,1,95,,12275,1,0,7 29 30,1,100,,12278,1,0,7 29 30,1,95,,12282,1,,,1,100,,12283,1,,,1,100,,12284,1,,,1,100,,12285,1,,,1,100,,12286,1,,,1,105,,12287,1,,,1,100,,12288,1,,,1,105,,12289,1,,,1,105,,12290,1,,,1
2100,'20260407',345,,12291,1,,,1,75,,12292,1,,,1,25,,12293,1,,,1,465,,12296,1,0,7 29 30,1,30,,12298,1,0,7 29 30,1,75,,12301,1,0,7 29 30,1,30,,12303,1,0,7 29 30,1,75,,12306,1,0,7 29 30,1,100,,12309,1,0,7 29 30,1,100,,12312,1,0,7 29 30,1,95,,12315,1,0,7 29 30,1,100,,12318,1,0,7 29 30,1,95,,12322,1,,,1,100,,12323,1,,,1,100,,12324,1,,,1,100,,12325,1,,,1,100,,12326,1,,,1,105,,12327,1,,,1,100,,12328,1,,,1,105,,12329,1,,,1,105,,12330,1,,,1
2100,'20260408',345,,12331,1,,,1,75,,12332,1,,,1,25,,12333,1,,,1,465,,12336,1,0,7 29 30,1,30,,12338,1,0,7 29 30,1,75,,12341,1,0,7 29 30,1,30,,12343,1,0,7 29 30,1,75,,12346,1,0,7 29 30,1,100,,12349,1,0,7 29 30,1,100,,12352,1,0,7 29 30,1,95,,12355,1,0,7 29 30,1,100,,12358,1,0,7 29 30,1,95,,12362,1,,,1,100,,12363,1,,,1,100,,12364,1,,,1,100,,12365,1,,,1,100,,12366,1,,,1,105,,12367,1,,,1,100,,12368,1,,,1,105,,12369,1,,,1,105,,12370,1,,,1
2100,'20260409',345,,12371,1,,,1,75,,12372,1,,,1,25,,12373,1,,,1,465,,12376,1,0,7 29 30,1,30,,12378,1,0,7 29 30,1,75,,12381,1,0,7 29 30,1,30,,12383,1,0,7 29 30,1,75,,12386,1,0,7 29 30,1,100,,12389,1,0,7 29 30,1,100,,12392,1,0,7 29 30,1,95,,12395,1,0,7 29 30,1,100,,12398,1,0,7 29 30,1,95,,12402,1,,,1,100,,12403,1,,,1,100,,12404,1,,,1,100,,12405,1,,,1,100,,12406,1,,,1,105,,12407,1,,,1,100,,12408,1,,,1,105,,12409,1,,,1,105,,12410,1,,,1
2100,'20260410',345,,12411,1,,,1,75,,12412,1,,,1,25,,12413,1,,,1,465,,12416,1,0,7 29 30,1,30,,12418,1,0,7 29 30,1,75,,12421,1,0,7 29 30,1,30,,12423,1,0,7 29 30,1,75,,12426,1,0,7 29 30,1,100,,12429,1,0,7 29 30,1,100,,12432,1,0,7 29 30,1,95,,12435,1,0,7 29 30,1,100,,12438,1,0,7 29 30,1,95,,12442,1,,,1,100,,12443,1,,,1,100,,12444,1,,,1,100,,12445,1,,,1,100,,12446,1,,,1,105,,12447,1,,,1,100,,12448,1,,,1,105,,12449,1,,,1,105,,12450,1,,,1
2100,'20260411',455,,12451,1,0,57 29 30,1,100,,12452,1,0,57 29 30,1,70,,12453,1,0,57 29 30,1,105,,12454,1,0,7 29 30,1,100,,12457,1,0,7 29 30,1,100,,12461,1,0,7 29 30,1,95,,12465,1,0,7 29 30,1,100,,12469,1,0,7 29 30,1,100,,12472,1,0,7 29 30,1,100,,12475,1,0,7 29 30,1,100,,12478,1,0,7 29 30,1,100,,12481,1,0,7 29 30,1,95,,12484,1,0,7 29 30,1,100,,12487,1,0,7 29 30,1,105,,12489,1,0,7 29 30,1,100,,12491,1,0,57 29 30,1,95,,12492,1,0,57 29 30,1,105,,12493,1,0,57 29 30,1,100,,12494,1,0,57 29 30,1,105,,12495,1,0,57 29 30,1,100,,12496,1,0,57 29 30,1
2100,'20260412',455,,12497,1,0,57 29 30,1,100,,12498,1,0,57 29 30,1,70,,12499,1,0,57 29 30,1,105,,12500,1,0,7 29 30,1,100,,12503,1,0,7 29 30,1,100,,12507,1,0,7 29 30,1,95,,12511,1,0,7 29 30,1,100,,12515,1,0,7 29 30,1,100,,12518,1,0,7 29 30,1,100,,12521,1,0,7 29 30,1,100,,12524,1,0,7 29 30,1,100,,12527,1,0,7 29 30,1,95,,12530,1,0,7 29 30,1,100,,12533,1,0,7 29 30,1,105,,12535,1,0,7 29 30,1,100,,12537,1,0,57 29 30,1,95,,12538,1,0,57 29 30,1,105,,12539,1,0,57 29 30,1,100,,12540,1,0,57 29 30,1,105,,12541,1,0,57 29 30,1,100,,12542,1,0,57 29 30,1
2100,'20260413',345,,12543,1,,,1,75,,12544,1,,,1,25,,12545,1,,,1,465,,12548,1,0,7 29 30,1,30,,12550,1,0,7 29 30,1,75,,12553,1,0,7 29 30,1,30,,12555,1,0,7 29 30,1,75,,12558,1,0,7 29 30,1,100,,12561,1,0,7 29 30,1,100,,12564,1,0,7 29 30,1,95,,12567,1,0,7 29 30,1,100,,12570,1,0,7 29 30,1,95,,12574,1,,,1,100,,12575,1,,,1,100,,12576,1,,,1,100,,12577,1,,,1,100,,12578,1,,,1,105,,12579,1,,,1,100,,12580,1,,,1,105,,12581,1,,,1,105,,12582,1,,,1
2100,'20260414',345,,12583,1,,,1,75,,12584,1,,,1,25,,12585,1,,,1,465,,12588,1,0,7 29 30,1,30,,12590,1,0,7 29 30,1,75,,12593,1,0,7 29 30,1,30,,12595,1,0,7 29 30,1,75,,12598,1,0,7 29 30,1,100,,12601,1,0,7 29 30,1,100,,12604,1,0,7 29 30,1,95,,12607,1,0,7 29 30,1,100,,12610,1,0,7 29 30,1,95,,12614,1,,,1,100,,12615,1,,,1,100,,12616,1,,,1,100,,12617,1,,,1,100,,12618,1,,,1,105,,12619,1,,,1,100,,12620,1,,,1,105,,12621,1,,,1,105,,12622,1,,,1
2100,'20260415',345,,12623,1,,,1,75,,12624,1,,,1,25,,12625,1,,,1,465,,12628,1,0,7 29 30,1,30,,12630,1,0,7 29 30,1,75,,12633,1,0,7 29 30,1,30,,12635,1,0,7 29 30,1,75,,12638,1,0,7 29 30,1,100,,12641,1,0,7 29 30,1,100,,12644,1,0,7 29 30,1,95,,12647,1,0,7 29 30,1,100,,12650,1,0,7 29 30,1,95,,12654,1,,,1,100,,12655,1,,,1,100,,12656,1,,,1,100,,12657,1,,,1,100,,12658,1,,,1,105,,12659,1,,,1,100,,12660,1,,,1,105,,12661,1,,,1,105,,12662,1,,,1
2100,'20260416',345,,12663,1,,,1,75,,12664,1,,,1,25,,12665,1,,,1,465,,12668,1,0,7 29 30,1,30,,12670,1,0,7 29 30,1,75,,12673,1,0,7 29 30,1,30,,12675,1,0,7 29 30,1,75,,12678,1,0,7 29 30,1,100,,12681,1,0,7 29 30,1,100,,12684,1,0,7 29 30,1,95,,12687,1,0,7 29 30,1,100,,12690,1,0,7 29 30,1,95,,12694,1,,,1,100,,12695,1,,,1,100,,12696,1,,,1,100,,12697,1,,,1,100,,12698,1,,,1,105,,12699,1,,,1,100,,12700,1,,,1,105,,12701,1,,,1,105,,12702,1,,,1
2100,'20260417',345,,12703,1,,,1,75,,12704,1,,,1,25,,12705,1,,,1,465,,12708,1,0,7 29 30,1,30,,12710,1,0,7 29 30,1,75,,12713,1,0,7 29 30,1,30,,12715,1,0,7 29 30,1,75,,12718,1,0,7 29 30,1,100,,12721,1,0,7 29 30,1,100,,12724,1,0,7 29 30,1,95,,12727,1,0,7 29 30,1,100,,12730,1,0,7 29 30,1,95,,12734,1,,,1,100,,12735,1,,,1,100,,12736,1,,,1,100,,12737,1,,,1,100,,12738,1,,,1,105,,12739,1,,,1,100,,12740,1,,,1,105,,12741,1,,,1,105,,12742,1,,,1
2100,'20260418',455,,12743,1,0,57 29 30,1,100,,12744,1,0,57 29 30,1,70,,12745,1,0,57 29 30,1,105,,12746,1,0,7 29 30,1,100,,12749,1,0,7 29 30,1,100,,12753,1,0,7 29 30,1,95,,12757,1,0,7 29 30,1,100,,12761,1,0,7 29 30,1,100,,12764,1,0,7 29 30,1,100,,12767,1,0,7 29 30,1,100,,12770,1,0,7 29 30,1,100,,12773,1,0,7 29 30,1,95,,12776,1,0,7 29 30,1,100,,12779,1,0,7 29 30,1,105,,12781,1,0,7 29 30,1,100,,12783,1,0,57 29 30,1,95,,12784,1,0,57 29 30,1,105,,12785,1,0,57 29 30,1,100,,12786,1,0,57 29 30,1,105,,12787,1,0,57 29 30,1,100,,12788,1,0,57 29 30,1
2100,'20260419',455,,12789,1,0,57 29 30,1,100,,12790,1,0,57 29 30,1,70,,12791,1,0,57 29 30,1,105,,12792,1,0,7 29 30,1,100,,12795,1,0,7 29 30,1,100,,12799,1,0,7 29 30,1,95,,12803,1,0,7 29 30,1,100,,12807,1,0,7 29 30,1,100,,12810,1,0,7 29 30,1,100,,12813,1,0,7 29 30,1,100,,12816,1,0,7 29 30,1,100,,12819,1,0,7 29 30,1,95,,12822,1,0,7 29 30,1,100,,12825,1,0,7 29 30,1,105,,12827,1,0,7 29 30,1,100,,12829,1,0,57 29 30,1,95,,12830,1,0,57 29 30,1,105,,12831,1,0,57 29 30,1,100,,12832,1,0,57 29 30,1,105,,12833,1,0,57 29 30,1,100,,12834,1,0,57 29 30,1
2100,'20260420',345,,12835,1,,,1,75,,12836,1,,,1,25,,12837,1,,,1,465,,12840,1,0,7 29 30,1,30,,12842,1,0,7 29 30,1,75,,12845,1,0,7 29 30,1,30,,12847,1,0,7 29 30,1,75,,12850,1,0,7 29 30,1,100,,12853,1,0,7 29 30,1,100,,12856,1,0,7 29 30,1,95,,12859,1,0,7 29 30,1,100,,12862,1,0,7 29 30,1,95,,12866,1,,,1,100,,12867,1,,,1,100,,12868,1,,,1,100,,12869,1,,,1,100,,12870,1,,,1,105,,12871,1,,,1,100,,12872,1,,,1,105,,12873,1,,,1,105,,12874,1,,,1
2100,'20260421',345,,12875,1,,,1,75,,12876,1,,,1,25,,12877,1,,,1,465,,12880,1,0,7 29 30,1,30,,12882,1,0,7 29 30,1,75,,12885,1,0,7 29 30,1,30,,12887,1,0,7 29 30,1,75,,12890,1,0,7 29 30,1,100,,12893,1,0,7 29 30,1,100,,12896,1,0,7 29 30,1,95,,12899,1,0,7 29 30,1,100,,12902,1,0,7 29 30,1,95,,12906,1,,,1,100,,12907,1,,,1,100,,12908,1,,,1,100,,12909,1,,,1,100,,12910,1,,,1,105,,12911,1,,,1,100,,12912,1,,,1,105,,12913,1,,,1,105,,12914,1,,,1
2100,'20260422',345,,12915,1,,,1,75,,12916,1,,,1,25,,12917,1,,,1,465,,12920,1,0,7 29 30,1,30,,12922,1,0,7 29 30,1,75,,12925,1,0,7 29 30,1,30,,12927,1,0,7 29 30,1,75,,12930,1,0,7 29 30,1,100,,12933,1,0,7 29 30,1,100,,12936,1,0,7 29 30,1,95,,12939,1,0,7 29 30,1,100,,12942,1,0,7 29 30,1,95,,12946,1,,,1,100,,12947,1,,,1,100,,12948,1,,,1,100,,12949,1,,,1,100,,12950,1,,,1,105,,12951,1,,,1,100,,12952,1,,,1,105,,12953,1,,,1,105,,12954,1,,,1
2100,'20260423',345,,12955,1,,,1,75,,12956,1,,,1,25,,12957,1,,,1,465,,12960,1,0,7 29 30,1,30,,12962,1,0,7 29 30,1,75,,12965,1,0,7 29 30,1,30,,12967,1,0,7 29 30,1,75,,12970,1,0,7 29 30,1,100,,12973,1,0,7 29 30,1,100,,12976,1,0,7 29 30,1,95,,12979,1,0,7 29 30,1,100,,12982,1,0,7 29 30,1,95,,12986,1,,,1,100,,12987,1,,,1,100,,12988,1,,,1,100,,12989,1,,,1,100,,12990,1,,,1,105,,12991,1,,,1,100,,12992,1,,,1,105,,12993,1,,,1,105,,12994,1,,,1
2100,'20260424',345,,12995,1,,,1,75,,12996,1,,,1,25,,12997,1,,,1,465,,13000,1,0,7 29 30,1,30,,13002,1,0,7 29 30,1,75,,13005,1,0,7 29 30,1,30,,13007,1,0,7 29 30,1,75,,13010,1,0,7 29 30,1,100,,13013,1,0,7 29 30,1,100,,13016,1,0,7 29 30,1,95,,13019,1,0,7 29 30,1,100,,13022,1,0,7 29 30,1,95,,13026,1,,,1,100,,13027,1,,,1,100,,13028,1,,,1,100,,13029,1,,,1,100,,13030,1,,,1,105,,13031,1,,,1,100,,13032,1,,,1,105,,13033,1,,,1,105,,13034,1,,,1
2101,'20260310',730,,13035,51,4,,1,120,,13036,51,4,,1,150,,13037,51,4,,1,100,,13038,51,4,,1,105,,13039,51,4,,1,100,,13040,51,4,,1,100,,13041,51,4,,1,5,,13043,30,4,,1,105,,13046,30,4,,1,115,,13050,30,4,,1,420,,13055,30,4,,1,70,,13057,30,4,,1,25,,13060,30,4,,1,100,,13064,30,4,,1,100,,13067,30,4,,1,95,,13069,30,4,,1,160,,13070,51,4,,1,50,,13071,51,4,,1,95,,13072,51,4,,1
2101,'20260311',730,,13073,51,4,,1,120,,13074,51,4,,1,150,,13075,51,4,,1,100,,13076,51,4,,1,105,,13077,51,4,,1,100,,13078,51,4,,1,100,,13079,51,4,,1,5,,13081,30,4,,1,105,,13084,30,4,,1,115,,13088,30,4,,1,420,,13093,30,4,,1,70,,13095,30,4,,1,25,,13098,30,4,,1,100,,13102,30,4,,1,100,,13105,30,4,,1,95,,13107,30,4,,1,160,,13108,51,4,,1,50,,13109,51,4,,1,95,,13110,51,4,,1
2101,'20260312',730,,13111,51,4,,1,120,,13112,51,4,,1,150,,13113,51,4,,1,100,,13114,51,4,,1,105,,13115,51,4,,1,100,,13116,51,4,,1,100,,13117,51,4,,1,5,,13119,30,4,,1,105,,13122,30,4,,1,115,,13126,30,4,,1,420,,13131,30,4,,1,70,,13133,30,4,,1,25,,13136,30,4,,1,100,,13140,30,4,,1,100,,13143,30,4,,1,95,,13145,30,4,,1,160,,13146,51,4,,1,50,,13147,51,4,,1,95,,13148,51,4,,1
2101,'20260313',730,,13149,51,4,,1,120,,13150,51,4,,1,150,,13151,51,4,,1,100,,13152,51,4,,1,105,,13153,51,4,,1,100,,13154,51,4,,1,100,,13155,51,4,,1,5,,13157,30,4,,1,105,,13160,30,4,,1,115,,13164,30,4,,1,420,,13169,30,4,,1,70,,13171,30,4,,1,25,,13174,30,4,,1,100,,13178,30,4,,1,100,,13181,30,4,,1,95,,13183,30,4,,1,160,,13184,51,4,,1,50,,13185,51,4,,1,95,,13186,51,4,,1
2101,'20260314',900,,13187,50,4,,1,105,,13188,50,4,,1,95,,13189,50,4,,1,110,,13190,50,4,,1,100,,13192,30,4,,1,110,,13194,30,4,,1,105,,13196,30,4,,1,95,,13198,30,4,,1,100,,13201,30,4,,1,105,,13204,30,4,,1,100,,13208,30,4,,1,90,,13212,30,4,,1,95,,13216,30,4,,1,100,,13219,30,4,,1,100,,13222,30,4,,1,95,,13225,30,4,,1,95,,13227,30,4,,1,55,,13228,50,4,,1,95,,13229,50,4,,1,100,,13230,50,4,,1
2101,'20260315',900,,13231,50,4,,1,105,,13232,50,4,,1,95,,13233,50,4,,1,110,,13234,50,4,,1,100,,13236,30,4,,1,110,,13238,30,4,,1,105,,13240,30,4,,1,95,,13242,30,4,,1,100,,13245,30,4,,1,105,,13248,30,4,,1,100,,13252,30,4,,1,90,,13256,30,4,,1,95,,13260,30,4,,1,100,,13263,30,4,,1,100,,13266,30,4,,1,95,,13269,30,4,,1,100,,13271,30,4,,1,50,,13272,50,4,,1,95,,13273,50,4,,1,100,,13274,50,4,,1
2101,'20260316',730,,13275,51,4,,1,120,,13276,51,4,,1,150,,13277,51,4,,1,100,,13278,51,4,,1,105,,13279,51,4,,1,100,,13280,51,4,,1,100,,13281,51,4,,1,5,,13283,30,4,,1,105,,13286,30,4,,1,115,,13290,30,4,,1,420,,13295,30,4,,1,70,,13297,30,4,,1,25,,13300,30,4,,1,100,,13304,30,4,,1,100,,13307,30,4,,1,95,,13309,30,4,,1,160,,13310,51,4,,1,50,,13311,51,4,,1,95,,13312,51,4,,1
2101,'20260317',730,,13313,51,4,,1,120,,13314,51,4,,1,150,,13315,51,4,,1,100,,13316,51,4,,1,105,,13317,51,4,,1,100,,13318,51,4,,1,100,,13319,51,4,,1,5,,13321,30,4,,1,105,,13324,30,4,,1,115,,13328,30,4,,1,420,,13333,30,4,,1,70,,13335,30,4,,1,25,,13338,30,4,,1,100,,13342,30,4,,1,100,,13345,30,4,,1,95,,13347,30,4,,1,160,,13348,51,4,,1,50,,13349,51,4,,1,95,,13350,51,4,,1
2101,'20260318',730,,13351,51,4,,1,120,,13352,51,4,,1,150,,13353,51,4,,1,100,,13354,51,4,,1,105,,13355,51,4,,1,100,,13356,51,4,,1,100,,13357,51,4,,1,5,,13359,30,4,,1,105,,13362,30,4,,1,115,,13366,30,4,,1,420,,13371,30,4,,1,70,,13373,30,4,,1,25,,13376,30,4,,1,100,,13380,30,4,,1,100,,13383,30,4,,1,95,,13385,30,4,,1,160,,13386,51,4,,1,50,,13387,51,4,,1,95,,13388,51,4,,1
2101,'20260319',730,,13389,51,4,,1,120,,13390,51,4,,1,150,,13391,51,4,,1,100,,13392,51,4,,1,105,,13393,51,4,,1,100,,13394,51,4,,1,100,,13395,51,4,,1,5,,13397,30,4,,1,105,,13400,30,4,,1,115,,13404,30,4,,1,420,,13409,30,4,,1,70,,13411,30,4,,1,25,,13414,30,4,,1,100,,13418,30,4,,1,100,,13421,30,4,,1,95,,13423,30,4,,1,160,,13424,51,4,,1,50,,13425,51,4,,1,95,,13426,51,4,,1
2101,'20260320',730,,13427,51,4,,1,120,,13428,51,4,,1,150,,13429,51,4,,1,100,,13430,51,4,,1,105,,13431,51,4,,1,100,,13432,51,4,,1,100,,13433,51,4,,1,5,,13435,30,4,,1,105,,13438,30,4,,1,115,,13442,30,4,,1,420,,13447,30,4,,1,70,,13449,30,4,,1,25,,13452,30,4,,1,100,,13456,30,4,,1,100,,13459,30,4,,1,95,,13461,30,4,,1,160,,13462,51,4,,1,50,,13463,51,4,,1,95,,13464,51,4,,1
2101,'20260321',900,,13465,50,4,,1,105,,13466,50,4,,1,95,,13467,50,4,,1,110,,13468,50,4,,1,100,,13470,30,4,,1,110,,13472,30,4,,1,105,,13474,30,4,,1,95,,13476,30,4,,1,100,,13479,30,4,,1,105,,13482,30,4,,1,100,,13486,30,4,,1,90,,13490,30,4,,1,95,,13494,30,4,,1,100,,13497,30,4,,1,100,,13500,30,4,,1,95,,13503,30,4,,1,95,,13505,30,4,,1,55,,13506,50,4,,1,95,,13507,50,4,,1,100,,13508,50,4,,1
2101,'20260322',900,,13509,50,4,,1,105,,13510,50,4,,1,95,,13511,50,4,,1,110,,13512,50,4,,1,100,,13514,30,4,,1,110,,13516,30,4,,1,105,,13518,30,4,,1,95,,13520,30,4,,1,100,,13523,30,4,,1,105,,13526,30,4,,1,100,,13530,30,4,,1,90,,13534,30,4,,1,95,,13538,30,4,,1,100,,13541,30,4,,1,100,,13544,30,4,,1,95,,13547,30,4,,1,100,,13549,30,4,,1,50,,13550,50,4,,1,95,,13551,50,4,,1,100,,13552,50,4,,1
2101,'20260323',730,,13553,51,4,,1,120,,13554,51,4,,1,150,,13555,51,4,,1,100,,13556,51,4,,1,105,,13557,51,4,,1,100,,13558,51,4,,1,100,,13559,51,4,,1,5,,13561,30,4,,1,105,,13564,30,4,,1,115,,13568,30,4,,1,420,,13573,30,4,,1,70,,13575,30,4,,1,25,,13578,30,4,,1,100,,13582,30,4,,1,100,,13585,30,4,,1,95,,13587,30,4,,1,160,,13588,51,4,,1,50,,13589,51,4,,1,95,,13590,51,4,,1
2101,'20260324',730,,13591,51,4,,1,120,,13592,51,4,,1,150,,13593,51,4,,1,100,,13594,51,4,,1,105,,13595,51,4,,1,100,,13596,51,4,,1,100,,13597,51,4,,1,5,,13599,30,4,,1,105,,13602,30,4,,1,115,,13606,30,4,,1,420,,13611,30,4,,1,70,,13613,30,4,,1,25,,13616,30,4,,1,100,,13620,30,4,,1,100,,13623,30,4,,1,95,,13625,30,4,,1,160,,13626,51,4,,1,50,,13627,51,4,,1,95,,13628,51,4,,1
2101,'20260325',730,,13629,51,4,,1,120,,13630,51,4,,1,150,,13631,51,4,,1,100,,13632,51,4,,1,105,,13633,51,4,,1,100,,13634,51,4,,1,100,,13635,51,4,,1,5,,13637,30,4,,1,105,,13640,30,4,,1,115,,13644,30,4,,1,420,,13649,30,4,,1,70,,13651,30,4,,1,25,,13654,30,4,,1,100,,13658,30,4,,1,100,,13661,30,4,,1,95,,13663,30,4,,1,160,,13664,51,4,,1,50,,13665,51,4,,1,95,,13666,51,4,,1
2101,'20260326',730,,13667,51,4,,1,120,,13668,51,4,,1,150,,13669,51,4,,1,100,,13670,51,4,,1,105,,13671,51,4,,1,100,,13672,51,4,,1,100,,13673,51,4,,1,5,,13675,30,4,,1,105,,13678,30,4,,1,115,,13682,30,4,,1,420,,13687,30,4,,1,70,,13689,30,4,,1,25,,13692,30,4,,1,100,,13696,30,4,,1,100,,13699,30,4,,1,95,,13701,30,4,,1,160,,13702,51,4,,1,50,,13703,51,4,,1,95,,13704,51,4,,1
2101,'20260327',730,,13705,51,4,,1,120,,13706,51,4,,1,150,,13707,51,4,,1,100,,13708,51,4,,1,105,,13709,51,4,,1,100,,13710,51,4,,1,100,,13711,51,4,,1,5,,13713,30,4,,1,105,,13716,30,4,,1,115,,13720,30,4,,1,420,,13725,30,4,,1,70,,13727,30,4,,1,25,,13730,30,4,,1,100,,13734,30,4,,1,100,,13737,30,4,,1,95,,13739,30,4,,1,160,,13740,51,4,,1,50,,13741,51,4,,1,95,,13742,51,4,,1
2101,'20260328',900,,13743,50,4,,1,105,,13744,50,4,,1,95,,13745,50,4,,1,110,,13746,50,4,,1,100,,13748,30,4,,1,110,,13750,30,4,,1,105,,13752,30,4,,1,95,,13754,30,4,,1,100,,13757,30,4,,1,105,,13760,30,4,,1,100,,13764,30,4,,1,90,,13768,30,4,,1,95,,13772,30,4,,1,100,,13775,30,4,,1,100,,13778,30,4,,1,95,,13781,30,4,,1,95,,13783,30,4,,1,55,,13784,50,4,,1,95,,13785,50,4,,1,100,,13786,50,4,,1
2101,'20260329',900,,13787,50,4,,1,105,,13788,50,4,,1,95,,13789,50,4,,1,110,,13790,50,4,,1,100,,13792,30,4,,1,110,,13794,30,4,,1,105,,13796,30,4,,1,95,,13798,30,4,,1,100,,13801,30,4,,1,105,,13804,30,4,,1,100,,13808,30,4,,1,90,,13812,30,4,,1,95,,13816,30,4,,1,100,,13819,30,4,,1,100,,13822,30,4,,1,95,,13825,30,4,,1,100,,13827,30,4,,1,50,,13828,50,4,,1,95,,13829,50,4,,1,100,,13830,50,4,,1
2101,'20260330',730,,13831,51,4,,1,120,,13832,51,4,,1,150,,13833,51,4,,1,100,,13834,51,4,,1,105,,13835,51,4,,1,100,,13836,51,4,,1,100,,13837,51,4,,1,5,,13839,30,4,,1,105,,13842,30,4,,1,115,,13846,30,4,,1,420,,13851,30,4,,1,70,,13853,30,4,,1,25,,13856,30,4,,1,100,,13860,30,4,,1,100,,13863,30,4,,1,95,,13865,30,4,,1,160,,13866,51,4,,1,50,,13867,51,4,,1,95,,13868,51,4,,1
2101,'20260331',730,,13869,51,4,,1,120,,13870,51,4,,1,150,,13871,51,4,,1,100,,13872,51,4,,1,105,,13873,51,4,,1,100,,13874,51,4,,1,100,,13875,51,4,,1,5,,13877,30,4,,1,105,,13880,30,4,,1,115,,13884,30,4,,1,420,,13889,30,4,,1,70,,13891,30,4,,1,25,,13894,30,4,,1,100,,13898,30,4,,1,100,,13901,30,4,,1,95,,13903,30,4,,1,160,,13904,51,4,,1,50,,13905,51,4,,1,95,,13906,51,4,,1
2101,'20260401',730,,13907,51,4,,1,120,,13908,51,4,,1,150,,13909,51,4,,1,100,,13910,51,4,,1,105,,13911,51,4,,1,100,,13912,51,4,,1,100,,13913,51,4,,1,5,,13915,30,4,,1,105,,13918,30,4,,1,115,,13922,30,4,,1,420,,13927,30,4,,1,70,,13929,30,4,,1,25,,13932,30,4,,1,100,,13936,30,4,,1,100,,13939,30,4,,1,95,,13941,30,4,,1,160,,13942,51,4,,1,50,,13943,51,4,,1,95,,13944,51,4,,1
2101,'20260402',730,,13945,51,4,,1,120,,13946,51,4,,1,150,,13947,51,4,,1,100,,13948,51,4,,1,105,,13949,51,4,,1,100,,13950,51,4,,1,100,,13951,51,4,,1,5,,13953,30,4,,1,105,,13956,30,4,,1,115,,13960,30,4,,1,420,,13965,30,4,,1,70,,13967,30,4,,1,25,,13970,30,4,,1,100,,13974,30,4,,1,100,,13977,30,4,,1,95,,13979,30,4,,1,160,,13980,51,4,,1,50,,13981,51,4,,1,95,,13982,51,4,,1
2101,'20260403',900,,13983,50,4,,1,105,,13984,50,4,,1,95,,13985,50,4,,1,110,,13986,50,4,,1,100,,13988,30,4,,1,110,,13990,30,4,,1,105,,13992,30,4,,1,95,,13994,30,4,,1,100,,13997,30,4,,1,105,,14000,30,4,,1,100,,14004,30,4,,1,90,,14008,30,4,,1,95,,14012,30,4,,1,100,,14015,30,4,,1,100,,14018,30,4,,1,95,,14021,30,4,,1,95,,14023,30,4,,1,55,,14024,50,4,,1,95,,14025,50,4,,1,100,,14026,50,4,,1
2101,'20260404',900,,14027,50,4,,1,105,,14028,50,4,,1,95,,14029,50,4,,1,110,,14030,50,4,,1,100,,14032,30,4,,1,110,,14034,30,4,,1,105,,14036,30,4,,1,95,,14038,30,4,,1,100,,14041,30,4,,1,105,,14044,30,4,,1,100,,14048,30,4,,1,90,,14052,30,4,,1,95,,14056,30,4,,1,100,,14059,30,4,,1,100,,14062,30,4,,1,95,,14065,30,4,,1,95,,14067,30,4,,1,55,,14068,50,4,,1,95,,14069,50,4,,1,100,,14070,50,4,,1
2101,'20260405',900,,14071,50,4,,1,105,,14072,50,4,,1,95,,14073,50,4,,1,110,,14074,50,4,,1,100,,14076,30,4,,1,110,,14078,30,4,,1,105,,14080,30,4,,1,95,,14082,30,4,,1,100,,14085,30,4,,1,105,,14088,30,4,,1,100,,14092,30,4,,1,90,,14096,30,4,,1,95,,14100,30,4,,1,100,,14103,30,4,,1,100,,14106,30,4,,1,95,,14109,30,4,,1,100,,14111,30,4,,1,50,,14112,50,4,,1,95,,14113,50,4,,1,100,,14114,50,4,,1
2101,'20260406',730,,14115,51,4,,1,120,,14116,51,4,,1,150,,14117,51,4,,1,100,,14118,51,4,,1,105,,14119,51,4,,1,100,,14120,51,4,,1,100,,14121,51,4,,1,5,,14123,30,4,,1,105,,14126,30,4,,1,115,,14130,30,4,,1,420,,14135,30,4,,1,70,,14137,30,4,,1,25,,14140,30,4,,1,100,,14144,30,4,,1,100,,14147,30,4,,1,95,,14149,30,4,,1,160,,14150,51,4,,1,50,,14151,51,4,,1,95,,14152,51,4,,1
2101,'20260407',730,,14153,51,4,,1,120,,14154,51,4,,1,150,,14155,51,4,,1,100,,14156,51,4,,1,105,,14157,51,4,,1,100,,14158,51,4,,1,100,,14159,51,4,,1,5,,14161,30,4,,1,105,,14164,30,4,,1,115,,14168,30,4,,1,420,,14173,30,4,,1,70,,14175,30,4,,1,25,,14178,30,4,,1,100,,14182,30,4,,1,100,,14185,30,4,,1,95,,14187,30,4,,1,160,,14188,51,4,,1,50,,14189,51,4,,1,95,,14190,51,4,,1
2101,'20260408',730,,14191,51,4,,1,120,,14192,51,4,,1,150,,14193,51,4,,1,100,,14194,51,4,,1,105,,14195,51,4,,1,100,,14196,51,4,,1,100,,14197,51,4,,1,5,,14199,30,4,,1,105,,14202,30,4,,1,115,,14206,30,4,,1,420,,14211,30,4,,1,70,,14213,30,4,,1,25,,14216,30,4,,1,100,,14220,30,4,,1,100,,14223,30,4,,1,95,,14225,30,4,,1,160,,14226,51,4,,1,50,,14227,51,4,,1,95,,14228,51,4,,1
2101,'20260409',730,,14229,51,4,,1,120,,14230,51,4,,1,150,,14231,51,4,,1,100,,14232,51,4,,1,105,,14233,51,4,,1,100,,14234,51,4,,1,100,,14235,51,4,,1,5,,14237,30,4,,1,105,,14240,30,4,,1,115,,14244,30,4,,1,420,,14249,30,4,,1,70,,14251,30,4,,1,25,,14254,30,4,,1,100,,14258,30,4,,1,100,,14261,30,4,,1,95,,14263,30,4,,1,160,,14264,51,4,,1,50,,14265,51,4,,1,95,,14266,51,4,,1
2101,'20260410',730,,14267,51,4,,1,120,,14268,51,4,,1,150,,14269,51,4,,1,100,,14270,51,4,,1,105,,14271,51,4,,1,100,,14272,51,4,,1,100,,14273,51,4,,1,5,,14275,30,4,,1,105,,14278,30,4,,1,115,,14282,30,4,,1,420,,14287,30,4,,1,70,,14289,30,4,,1,25,,14292,30,4,,1,100,,14296,30,4,,1,100,,14299,30,4,,1,95,,14301,30,4,,1,160,,14302,51,4,,1,50,,14303,51,4,,1,95,,14304,51,4,,1
2101,'20260411',900,,14305,50,4,,1,105,,14306,50,4,,1,95,,14307,50,4,,1,110,,14308,50,4,,1,100,,14310,30,4,,1,110,,14312,30,4,,1,105,,14314,30,4,,1,95,,14316,30,4,,1,100,,14319,30,4,,1,105,,14322,30,4,,1,100,,14326,30,4,,1,90,,14330,30,4,,1,95,,14334,30,4,,1,100,,14337,30,4,,1,100,,14340,30,4,,1,95,,14343,30,4,,1,95,,14345,30,4,,1,55,,14346,50,4,,1,95,,14347,50,4,,1,100,,14348,50,4,,1
2101,'20260412',900,,14349,50,4,,1,105,,14350,50,4,,1,95,,14351,50,4,,1,110,,14352,50,4,,1,100,,14354,30,4,,1,110,,14356,30,4,,1,105,,14358,30,4,,1,95,,14360,30,4,,1,100,,14363,30,4,,1,105,,14366,30,4,,1,100,,14370,30,4,,1,90,,14374,30,4,,1,95,,14378,30,4,,1,100,,14381,30,4,,1,100,,14384,30,4,,1,95,,14387,30,4,,1,100,,14389,30,4,,1,50,,14390,50,4,,1,95,,14391,50,4,,1,100,,14392,50,4,,1
2101,'20260413',730,,14393,51,4,,1,120,,14394,51,4,,1,150,,14395,51,4,,1,100,,14396,51,4,,1,105,,14397,51,4,,1,100,,14398,51,4,,1,100,,14399,51,4,,1,5,,14401,30,4,,1,105,,14404,30,4,,1,115,,14408,30,4,,1,420,,14413,30,4,,1,70,,14415,30,4,,1,25,,14418,30,4,,1,100,,14422,30,4,,1,100,,14425,30,4,,1,95,,14427,30,4,,1,160,,14428,51,4,,1,50,,14429,51,4,,1,95,,14430,51,4,,1
2101,'20260414',730,,14431,51,4,,1,120,,14432,51,4,,1,150,,14433,51,4,,1,100,,14434,51,4,,1,105,,14435,51,4,,1,100,,14436,51,4,,1,100,,14437,51,4,,1,5,,14439,30,4,,1,105,,14442,30,4,,1,115,,14446,30,4,,1,420,,14451,30,4,,1,70,,14453,30,4,,1,25,,14456,30,4,,1,100,,14460,30,4,,1,100,,14463,30,4,,1,95,,14465,30,4,,1,160,,14466,51,4,,1,50,,14467,51,4,,1,95,,14468,51,4,,1
2101,'20260415',730,,14469,51,4,,1,120,,14470,51,4,,1,150,,14471,51,4,,1,100,,14472,51,4,,1,105,,14473,51,4,,1,100,,14474,51,4,,1,100,,14475,51,4,,1,5,,14477,30,4,,1,105,,14480,30,4,,1,115,,14484,30,4,,1,420,,14489,30,4,,1,70,,14491,30,4,,1,25,,14494,30,4,,1,100,,14498,30,4,,1,100,,14501,30,4,,1,95,,14503,30,4,,1,160,,14504,51,4,,1,50,,14505,51,4,,1,95,,14506,51,4,,1
2101,'20260416',730,,14507,51,4,,1,120,,14508,51,4,,1,150,,14509,51,4,,1,100,,14510,51,4,,1,105,,14511,51,4,,1,100,,14512,51,4,,1,100,,14513,51,4,,1,5,,14515,30,4,,1,105,,14518,30,4,,1,115,,14522,30,4,,1,420,,14527,30,4,,1,70,,14529,30,4,,1,25,,14532,30,4,,1,100,,14536,30,4,,1,100,,14539,30,4,,1,95,,14541,30,4,,1,160,,14542,51,4,,1,50,,14543,51,4,,1,95,,14544,51,4,,1
2101,'20260417',730,,14545,51,4,,1,120,,14546,51,4,,1,150,,14547,51,4,,1,100,,14548,51,4,,1,105,,14549,51,4,,1,100,,14550,51,4,,1,100,,14551,51,4,,1,5,,14553,30,4,,1,105,,14556,30,4,,1,115,,14560,30,4,,1,420,,14565,30,4,,1,70,,14567,30,4,,1,25,,14570,30,4,,1,100,,14574,30,4,,1,100,,14577,30,4,,1,95,,14579,30,4,,1,160,,14580,51,4,,1,50,,14581,51,4,,1,95,,14582,51,4,,1
2101,'20260418',900,,14583,50,4,,1,105,,14584,50,4,,1,95,,14585,50,4,,1,110,,14586,50,4,,1,100,,14588,30,4,,1,110,,14590,30,4,,1,105,,14592,30,4,,1,95,,14594,30,4,,1,100,,14597,30,4,,1,105,,14600,30,4,,1,100,,14604,30,4,,1,90,,14608,30,4,,1,95,,14612,30,4,,1,100,,14615,30,4,,1,100,,14618,30,4,,1,95,,14621,30,4,,1,95,,14623,30,4,,1,55,,14624,50,4,,1,95,,14625,50,4,,1,100,,14626,50,4,,1
2101,'20260419',900,,14627,50,4,,1,105,,14628,50,4,,1,95,,14629,50,4,,1,110,,14630,50,4,,1,100,,14632,30,4,,1,110,,14634,30,4,,1,105,,14636,30,4,,1,95,,14638,30,4,,1,100,,14641,30,4,,1,105,,14644,30,4,,1,100,,14648,30,4,,1,90,,14652,30,4,,1,95,,14656,30,4,,1,100,,14659,30,4,,1,100,,14662,30,4,,1,95,,14665,30,4,,1,100,,14667,30,4,,1,50,,14668,50,4,,1,95,,14669,50,4,,1,100,,14670,50,4,,1
2101,'20260420',730,,14671,51,4,,1,120,,14672,51,4,,1,150,,14673,51,4,,1,100,,14674,51,4,,1,105,,14675,51,4,,1,100,,14676,51,4,,1,100,,14677,51,4,,1,5,,14679,30,4,,1,105,,14682,30,4,,1,115,,14686,30,4,,1,420,,14691,30,4,,1,70,,14693,30,4,,1,25,,14696,30,4,,1,100,,14700,30,4,,1,100,,14703,30,4,,1,95,,14705,30,4,,1,160,,14706,51,4,,1,50,,14707,51,4,,1,95,,14708,51,4,,1
2101,'20260421',730,,14709,51,4,,1,120,,14710,51,4,,1,150,,14711,51,4,,1,100,,14712,51,4,,1,105,,14713,51,4,,1,100,,14714,51,4,,1,100,,14715,51,4,,1,5,,14717,30,4,,1,105,,14720,30,4,,1,115,,14724,30,4,,1,420,,14729,30,4,,1,70,,14731,30,4,,1,25,,14734,30,4,,1,100,,14738,30,4,,1,100,,14741,30,4,,1,95,,14743,30,4,,1,160,,14744,51,4,,1,50,,14745,51,4,,1,95,,14746,51,4,,1
2101,'20260422',730,,14747,51,4,,1,120,,14748,51,4,,1,150,,14749,51,4,,1,100,,14750,51,4,,1,105,,14751,51,4,,1,100,,14752,51,4,,1,100,,14753,51,4,,1,5,,14755,30,4,,1,105,,14758,30,4,,1,115,,14762,30,4,,1,420,,14767,30,4,,1,70,,14769,30,4,,1,25,,14772,30,4,,1,100,,14776,30,4,,1,100,,14779,30,4,,1,95,,14781,30,4,,1,160,,14782,51,4,,1,50,,14783,51,4,,1,95,,14784,51,4,,1
2101,'20260423',730,,14785,51,4,,1,120,,14786,51,4,,1,150,,14787,51,4,,1,100,,14788,51,4,,1,105,,14789,51,4,,1,100,,14790,51,4,,1,100,,14791,51,4,,1,5,,14793,30,4,,1,105,,14796,30,4,,1,115,,14800,30,4,,1,420,,14805,30,4,,1,70,,14807,30,4,,1,25,,14810,30,4,,1,100,,14814,30,4,,1,100,,14817,30,4,,1,95,,14819,30,4,,1,160,,14820,51,4,,1,50,,14821,51,4,,1,95,,14822,51,4,,1
2101,'20260424',730,,14823,51,4,,1,120,,14824,51,4,,1,150,,14825,51,4,,1,100,,14826,51,4,,1,105,,14827,51,4,,1,100,,14828,51,4,,1,100,,14829,51,4,,1,5,,14831,30,4,,1,105,,14834,30,4,,1,115,,14838,30,4,,1,420,,14843,30,4,,1,70,,14845,30,4,,1,25,,14848,30,4,,1,100,,14852,30,4,,1,100,,14855,30,4,,1,95,,14857,30,4,,1,160,,14858,51,4,,1,50,,14859,51,4,,1,95,,14860,51,4,,1
2200,'20260310',853,,14861,24,4,,1,100,,14862,24,4,,1,196,,14863,24,4,,1,205,,14864,24,4,,1,202,,14865,24,4,,1,195,,14866,24,4,,1,204,,14867,24,4,,1
2200,'20260311',853,,14868,24,4,,1,100,,14869,24,4,,1,196,,14870,24,4,,1,205,,14871,24,4,,1,202,,14872,24,4,,1,195,,14873,24,4,,1,204,,14874,24,4,,1
2200,'20260312',853,,14875,24,4,,1,100,,14876,24,4,,1,196,,14877,24,4,,1,205,,14878,24,4,,1,202,,14879,24,4,,1,195,,14880,24,4,,1,204,,14881,24,4,,1
2200,'20260313',853,,14882,24,4,,1,100,,14883,24,4,,1,196,,14884,24,4,,1,205,,14885,24,4,,1,202,,14886,24,4,,1,195,,14887,24,4,,1,204,,14888,24,4,,1
2200,'20260316',853,,14889,24,4,,1,100,,14890,24,4,,1,196,,14891,24,4,,1,205,,14892,24,4,,1,202,,14893,24,4,,1,195,,14894,24,4,,1,204,,14895,24,4,,1
2200,'20260317',853,,14896,24,4,,1,100,,14897,24,4,,1,196,,14898,24,4,,1,205,,14899,24,4,,1,202,,14900,24,4,,1,195,,14901,24,4,,1,204,,14902,24,4,,1
2200,'20260318',853,,14903,24,4,,1,100,,14904,24,4,,1,196,,14905,24,4,,1,205,,14906,24,4,,1,202,,14907,24,4,,1,195,,14908,24,4,,1,204,,14909,24,4,,1
2200,'20260319',853,,14910,24,4,,1,100,,14911,24,4,,1,196,,14912,24,4,,1,205,,14913,24,4,,1,202,,14914,24,4,,1,195,,14915,24,4,,1,204,,14916,24,4,,1
2200,'20260320',853,,14917,24,4,,1,100,,14918,24,4,,1,196,,14919,24,4,,1,205,,14920,24,4,,1,202,,14921,24,4,,1,195,,14922,24,4,,1,204,,14923,24,4,,1
2200,'20260323',853,,14924,24,4,,1,100,,14925,24,4,,1,196,,14926,24,4,,1,205,,14927,24,4,,1,202,,14928,24,4,,1,195,,14929,24,4,,1,204,,14930,24,4,,1
2200,'20260324',853,,14931,24,4,,1,100,,14932,24,4,,1,196,,14933,24,4,,1,205,,14934,24,4,,1,202,,14935,24,4,,1,195,,14936,24,4,,1,204,,14937,24,4,,1
2200,'20260325',853,,14938,24,4,,1,100,,14939,24,4,,1,196,,14940,24,4,,1,205,,14941,24,4,,1,202,,14942,24,4,,1,195,,14943,24,4,,1,204,,14944,24,4,,1
2200,'20260326',853,,14945,24,4,,1,100,,14946,24,4,,1,196,,14947,24,4,,1,205,,14948,24,4,,1,202,,14949,24,4,,1,195,,14950,24,4,,1,204,,14951,24,4,,1
2200,'20260327',853,,14952,24,4,,1,100,,14953,24,4,,1,196,,14954,24,4,,1,205,,14955,24,4,,1,202,,14956,24,4,,1,195,,14957,24,4,,1,204,,14958,24,4,,1
2200,'20260330',853,,14959,24,4,,1,100,,14960,24,4,,1,196,,14961,24,4,,1,205,,14962,24,4,,1,202,,14963,24,4,,1,195,,14964,24,4,,1,204,,14965,24,4,,1
2200,'20260331',853,,14966,24,4,,1,100,,14967,24,4,,1,196,,14968,24,4,,1,205,,14969,24,4,,1,202,,14970,24,4,,1,195,,14971,24,4,,1,204,,14972,24,4,,1
2200,'20260401',853,,14973,24,4,,1,100,,14974,24,4,,1,196,,14975,24,4,,1,205,,14976,24,4,,1,202,,14977,24,4,,1,195,,14978,24,4,,1,204,,14979,24,4,,1
2200,'20260402',853,,14980,24,4,,1,100,,14981,24,4,,1,196,,14982,24,4,,1,205,,14983,24,4,,1,202,,14984,24,4,,1,195,,14985,24,4,,1,204,,14986,24,4,,1
2200,'20260406',853,,14987,24,4,,1,100,,14988,24,4,,1,196,,14989,24,4,,1,205,,14990,24,4,,1,202,,14991,24,4,,1,195,,14992,24,4,,1,204,,14993,24,4,,1
2200,'20260407',853,,14994,24,4,,1,100,,14995,24,4,,1,196,,14996,24,4,,1,205,,14997,24,4,,1,202,,14998,24,4,,1,195,,14999,24,4,,1,204,,15000,24,4,,1
2200,'20260408',853,,15001,24,4,,1,100,,15002,24,4,,1,196,,15003,24,4,,1,205,,15004,24,4,,1,202,,15005,24,4,,1,195,,15006,24,4,,1,204,,15007,24,4,,1
2200,'20260409',853,,15008,24,4,,1,100,,15009,24,4,,1,196,,15010,24,4,,1,205,,15011,24,4,,1,202,,15012,24,4,,1,195,,15013,24,4,,1,204,,15014,24,4,,1
2200,'20260410',853,,15015,24,4,,1,100,,15016,24,4,,1,196,,15017,24,4,,1,205,,15018,24,4,,1,202,,15019,24,4,,1,195,,15020,24,4,,1,204,,15021,24,4,,1
2200,'20260413',853,,15022,24,4,,1,100,,15023,24,4,,1,196,,15024,24,4,,1,205,,15025,24,4,,1,202,,15026,24,4,,1,195,,15027,24,4,,1,204,,15028,24,4,,1
2200,'20260414',853,,15029,24,4,,1,100,,15030,24,4,,1,196,,15031,24,4,,1,205,,15032,24,4,,1,202,,15033,24,4,,1,195,,15034,24,4,,1,204,,15035,24,4,,1
2200,'20260415',853,,15036,24,4,,1,100,,15037,24,4,,1,196,,15038,24,4,,1,205,,15039,24,4,,1,202,,15040,24,4,,1,195,,15041,24,4,,1,204,,15042,24,4,,1
2200,'20260416',853,,15043,24,4,,1,100,,15044,24,4,,1,196,,15045,24,4,,1,205,,15046,24,4,,1,202,,15047,24,4,,1,195,,15048,24,4,,1,204,,15049,24,4,,1
2200,'20260417',853,,15050,24,4,,1,100,,15051,24,4,,1,196,,15052,24,4,,1,205,,15053,24,4,,1,202,,15054,24,4,,1,195,,15055,24,4,,1,204,,15056,24,4,,1
2200,'20260420',853,,15057,24,4,,1,100,,15058,24,4,,1,196,,15059,24,4,,1,205,,15060,24,4,,1,202,,15061,24,4,,1,195,,15062,24,4,,1,204,,15063,24,4,,1
2200,'20260421',853,,15064,24,4,,1,100,,15065,24,4,,1,196,,15066,24,4,,1,205,,15067,24,4,,1,202,,15068,24,4,,1,195,,15069,24,4,,1,204,,15070,24,4,,1
2200,'20260422',853,,15071,24,4,,1,100,,15072,24,4,,1,196,,15073,24,4,,1,205,,15074,24,4,,1,202,,15075,24,4,,1,195,,15076,24,4,,1,204,,15077,24,4,,1
2200,'20260423',853,,15078,24,4,,1,100,,15079,24,4,,1,196,,15080,24,4,,1,205,,15081,24,4,,1,202,,15082,24,4,,1,195,,15083,24,4,,1,204,,15084,24,4,,1
2200,'20260424',853,,15085,24,4,,1,100,,15086,24,4,,1,196,,15087,24,4,,1,205,,15088,24,4,,1,202,,15089,24,4,,1,195,,15090,24,4,,1,204,,15091,24,4,,1
2201,'20260310',704,,15092,1,,,1,97,,15093,1,,,1,205,,15094,1,,,1,200,,15095,1,,,1,200,,15096,1,,,1,200,,15097,1,,,1,199,,15098,1,,,1
2201,'20260311',704,,15099,1,,,1,97,,15100,1,,,1,205,,15101,1,,,1,200,,15102,1,,,1,200,,15103,1,,,1,200,,15104,1,,,1,199,,15105,1,,,1
2201,'20260312',704,,15106,1,,,1,97,,15107,1,,,1,205,,15108,1,,,1,200,,15109,1,,,1,200,,15110,1,,,1,200,,15111,1,,,1,199,,15112,1,,,1
2201,'20260313',704,,15113,1,,,1,97,,15114,1,,,1,205,,15115,1,,,1,200,,15116,1,,,1,200,,15117,1,,,1,200,,15118,1,,,1,199,,15119,1,,,1
2201,'20260316',704,,15120,1,,,1,97,,15121,1,,,1,205,,15122,1,,,1,200,,15123,1,,,1,200,,15124,1,,,1,200,,15125,1,,,1,199,,15126,1,,,1
2201,'20260317',704,,15127,1,,,1,97,,15128,1,,,1,205,,15129,1,,,1,200,,15130,1,,,1,200,,15131,1,,,1,200,,15132,1,,,1,199,,15133,1,,,1
2201,'20260318',704,,15134,1,,,1,97,,15135,1,,,1,205,,15136,1,,,1,200,,15137,1,,,1,200,,15138,1,,,1,200,,15139,1,,,1,199,,15140,1,,,1
2201,'20260319',704,,15141,1,,,1,97,,15142,1,,,1,205,,15143,1,,,1,200,,15144,1,,,1,200,,15145,1,,,1,200,,15146,1,,,1,199,,15147,1,,,1
2201,'20260320',704,,15148,1,,,1,97,,15149,1,,,1,205,,15150,1,,,1,200,,15151,1,,,1,200,,15152,1,,,1,200,,15153,1,,,1,199,,15154,1,,,1
2201,'20260323',704,,15155,1,,,1,97,,15156,1,,,1,205,,15157,1,,,1,200,,15158,1,,,1,200,,15159,1,,,1,200,,15160,1,,,1,199,,15161,1,,,1
2201,'20260324',704,,15162,1,,,1,97,,15163,1,,,1,205,,15164,1,,,1,200,,15165,1,,,1,200,,15166,1,,,1,200,,15167,1,,,1,199,,15168,1,,,1
2201,'20260325',704,,15169,1,,,1,97,,15170,1,,,1,205,,15171,1,,,1,200,,15172,1,,,1,200,,15173,1,,,1,200,,15174,1,,,1,199,,15175,1,,,1
2201,'20260326',704,,15176,1,,,1,97,,15177,1,,,1,205,,15178,1,,,1,200,,15179,1,,,1,200,,15180,1,,,1,200,,15181,1,,,1,199,,15182,1,,,1
2201,'20260327',704,,15183,1,,,1,97,,15184,1,,,1,205,,15185,1,,,1,200,,15186,1,,,1,200,,15187,1,,,1,200,,15188,1,,,1,199,,15189,1,,,1
2201,'20260330',704,,15190,1,,,1,97,,15191,1,,,1,205,,15192,1,,,1,200,,15193,1,,,1,200,,15194,1,,,1,200,,15195,1,,,1,199,,15196,1,,,1
2201,'20260331',704,,15197,1,,,1,97,,15198,1,,,1,205,,15199,1,,,1,200,,15200,1,,,1,200,,15201,1,,,1,200,,15202,1,,,1,199,,15203,1,,,1
2201,'20260401',704,,15204,1,,,1,97,,15205,1,,,1,205,,15206,1,,,1,200,,15207,1,,,1,200,,15208,1,,,1,200,,15209,1,,,1,199,,15210,1,,,1
2201,'20260402',704,,15211,1,,,1,97,,15212,1,,,1,205,,15213,1,,,1,200,,15214,1,,,1,200,,15215,1,,,1,200,,15216,1,,,1,199,,15217,1,,,1
2201,'20260406',704,,15218,1,,,1,97,,15219,1,,,1,205,,15220,1,,,1,200,,15221,1,,,1,200,,15222,1,,,1,200,,15223,1,,,1,199,,15224,1,,,1
2201,'20260407',704,,15225,1,,,1,97,,15226,1,,,1,205,,15227,1,,,1,200,,15228,1,,,1,200,,15229,1,,,1,200,,15230,1,,,1,199,,15231,1,,,1
2201,'20260408',704,,15232,1,,,1,97,,15233,1,,,1,205,,15234,1,,,1,200,,15235,1,,,1,200,,15236,1,,,1,200,,15237,1,,,1,199,,15238,1,,,1
2201,'20260409',704,,15239,1,,,1,97,,15240,1,,,1,205,,15241,1,,,1,200,,15242,1,,,1,200,,15243,1,,,1,200,,15244,1,,,1,199,,15245,1,,,1
2201,'20260410',704,,15246,1,,,1,97,,15247,1,,,1,205,,15248,1,,,1,200,,15249,1,,,1,200,,15250,1,,,1,200,,15251,1,,,1,199,,15252,1,,,1
2201,'20260413',704,,15253,1,,,1,97,,15254,1,,,1,205,,15255,1,,,1,200,,15256,1,,,1,200,,15257,1,,,1,200,,15258,1,,,1,199,,15259,1,,,1
2201,'20260414',704,,15260,1,,,1,97,,15261,1,,,1,205,,15262,1,,,1,200,,15263,1,,,1,200,,15264,1,,,1,200,,15265,1,,,1,199,,15266,1,,,1
2201,'20260415',704,,15267,1,,,1,97,,15268,1,,,1,205,,15269,1,,,1,200,,15270,1,,,1,200,,15271,1,,,1,200,,15272,1,,,1,199,,15273,1,,,1
2201,'20260416',704,,15274,1,,,1,97,,15275,1,,,1,205,,15276,1,,,1,200,,15277,1,,,1,200,,15278,1,,,1,200,,15279,1,,,1,199,,15280,1,,,1
2201,'20260417',704,,15281,1,,,1,97,,15282,1,,,1,205,,15283,1,,,1,200,,15284,1,,,1,200,,15285,1,,,1,200,,15286,1,,,1,199,,15287,1,,,1
2201,'20260420',704,,15288,1,,,1,97,,15289,1,,,1,205,,15290,1,,,1,200,,15291,1,,,1,200,,15292,1,,,1,200,,15293,1,,,1,199,,15294,1,,,1
2201,'20260421',704,,15295,1,,,1,97,,15296,1,,,1,205,,15297,1,,,1,200,,15298,1,,,1,200,,15299,1,,,1,200,,15300,1,,,1,199,,15301,1,,,1
2201,'20260422',704,,15302,1,,,1,97,,15303,1,,,1,205,,15304,1,,,1,200,,15305,1,,,1,200,,15306,1,,,1,200,,15307,1,,,1,199,,15308,1,,,1
2201,'20260423',704,,15309,1,,,1,97,,15310,1,,,1,205,,15311,1,,,1,200,,15312,1,,,1,200,,15313,1,,,1,200,,15314,1,,,1,199,,15315,1,,,1
2201,'20260424',704,,15316,1,,,1,97,,15317,1,,,1,205,,15318,1,,,1,200,,15319,1,,,1,200,,15320,1,,,1,200,,15321,1,,,1,199,,15322,1,,,1
2700,'20260310',505,,18327,1,0,7 6,1,45,,18329,1,0,7 6,1,60,,18330,1,0,7 6,1,15,,18331,1,0,7 6,1,25,,18332,1,0,7 6,1,65,,18333,1,0,7 6,1,30,,18334,1,0,7 6,1,75,,18335,1,0,7 6,1,105,,18336,1,0,7 6,1,100,,18337,1,0,7 6,1,420,,18342,1,0,7 6,1,75,,18343,1,0,7 6,1,25,,18344,1,0,7 6,1,75,,18346,1,0,7 6,1,35,,18347,1,0,7 6,1,80,,18348,1,0,7 6,1,90,,18349,1,0,7 6,1
2700,'20260311',505,,18353,1,0,7 6,1,45,,18355,1,0,7 6,1,60,,18356,1,0,7 6,1,15,,18357,1,0,7 6,1,25,,18358,1,0,7 6,1,65,,18359,1,0,7 6,1,30,,18360,1,0,7 6,1,75,,18361,1,0,7 6,1,105,,18362,1,0,7 6,1,100,,18363,1,0,7 6,1,420,,18368,1,0,7 6,1,75,,18369,1,0,7 6,1,25,,18370,1,0,7 6,1,75,,18372,1,0,7 6,1,35,,18373,1,0,7 6,1,80,,18374,1,0,7 6,1,90,,18375,1,0,7 6,1
2700,'20260312',505,,18379,1,0,7 6,1,45,,18381,1,0,7 6,1,60,,18382,1,0,7 6,1,15,,18383,1,0,7 6,1,25,,18384,1,0,7 6,1,65,,18385,1,0,7 6,1,30,,18386,1,0,7 6,1,75,,18387,1,0,7 6,1,105,,18388,1,0,7 6,1,100,,18389,1,0,7 6,1,420,,18394,1,0,7 6,1,75,,18395,1,0,7 6,1,25,,18396,1,0,7 6,1,75,,18398,1,0,7 6,1,35,,18399,1,0,7 6,1,80,,18400,1,0,7 6,1,90,,18401,1,0,7 6,1
2700,'20260313',505,,18405,1,0,7 6,1,45,,18406,1,0,7 6,1,60,,18407,1,0,7 6,1,15,,18408,1,0,7 6,1,25,,18409,1,0,7 6,1,65,,18410,1,0,7 6,1,30,,18411,1,0,7 6,1,75,,18412,1,0,7 6,1,105,,18413,1,0,7 6,1,100,,18414,1,0,7 6,1,420,,18419,1,0,7 6,1,75,,18420,1,0,7 6,1,25,,18421,1,0,7 6,1,75,,18422,1,0,7 6,1,35,,18423,1,0,7 6,1,80,,18424,1,0,7 6,1,90,,18425,1,0,7 6,1
2700,'20260314',535,,18429,1,0,7 6,1
2700,'20260315',535,,18446,1,0,7 6,1
2700,'20260316',505,,18463,1,0,7 6,1,45,,18465,1,0,7 6,1,60,,18466,1,0,7 6,1,15,,18467,1,0,7 6,1,25,,18468,1,0,7 6,1,65,,18469,1,0,7 6,1,30,,18470,1,0,7 6,1,75,,18471,1,0,7 6,1,105,,18472,1,0,7 6,1,100,,18473,1,0,7 6,1,420,,18478,1,0,7 6,1,75,,18479,1,0,7 6,1,25,,18480,1,0,7 6,1,75,,18482,1,0,7 6,1,35,,18483,1,0,7 6,1,80,,18484,1,0,7 6,1,90,,18485,1,0,7 6,1
2700,'20260317',505,,18489,1,0,7 6,1,45,,18491,1,0,7 6,1,60,,18492,1,0,7 6,1,15,,18493,1,0,7 6,1,25,,18494,1,0,7 6,1,65,,18495,1,0,7 6,1,30,,18496,1,0,7 6,1,75,,18497,1,0,7 6,1,105,,18498,1,0,7 6,1,100,,18499,1,0,7 6,1,420,,18504,1,0,7 6,1,75,,18505,1,0,7 6,1,25,,18506,1,0,7 6,1,75,,18508,1,0,7 6,1,35,,18509,1,0,7 6,1,80,,18510,1,0,7 6,1,90,,18511,1,0,7 6,1
2700,'20260318',505,,18515,1,0,7 6,1,45,,18517,1,0,7 6,1,60,,18518,1,0,7 6,1,15,,18519,1,0,7 6,1,25,,18520,1,0,7 6,1,65,,18521,1,0,7 6,1,30,,18522,1,0,7 6,1,75,,18523,1,0,7 6,1,105,,18524,1,0,7 6,1,100,,18525,1,0,7 6,1,420,,18530,1,0,7 6,1,75,,18531,1,0,7 6,1,25,,18532,1,0,7 6,1,75,,18534,1,0,7 6,1,35,,18535,1,0,7 6,1,80,,18536,1,0,7 6,1,90,,18537,1,0,7 6,1
2700,'20260319',505,,18541,1,0,7 6,1,45,,18543,1,0,7 6,1,60,,18544,1,0,7 6,1,15,,18545,1,0,7 6,1,25,,18546,1,0,7 6,1,65,,18547,1,0,7 6,1,30,,18548,1,0,7 6,1,75,,18549,1,0,7 6,1,105,,18550,1,0,7 6,1,100,,18551,1,0,7 6,1,420,,18556,1,0,7 6,1,75,,18557,1,0,7 6,1,25,,18558,1,0,7 6,1,75,,18560,1,0,7 6,1,35,,18561,1,0,7 6,1,80,,18562,1,0,7 6,1,90,,18563,1,0,7 6,1
2700,'20260320',505,,18567,1,0,7 6,1,45,,18568,1,0,7 6,1,60,,18569,1,0,7 6,1,15,,18570,1,0,7 6,1,25,,18571,1,0,7 6,1,65,,18572,1,0,7 6,1,30,,18573,1,0,7 6,1,75,,18574,1,0,7 6,1,105,,18575,1,0,7 6,1,100,,18576,1,0,7 6,1,420,,18581,1,0,7 6,1,75,,18582,1,0,7 6,1,25,,18583,1,0,7 6,1,75,,18584,1,0,7 6,1,35,,18585,1,0,7 6,1,80,,18586,1,0,7 6,1,90,,18587,1,0,7 6,1
2700,'20260321',535,,18591,1,0,7 6,1
2700,'20260322',535,,18608,1,0,7 6,1
2700,'20260323',505,,18625,1,0,7 6,1,45,,18627,1,0,7 6,1,60,,18628,1,0,7 6,1,15,,18629,1,0,7 6,1,25,,18630,1,0,7 6,1,65,,18631,1,0,7 6,1,30,,18632,1,0,7 6,1,75,,18633,1,0,7 6,1,105,,18634,1,0,7 6,1,100,,18635,1,0,7 6,1,420,,18640,1,0,7 6,1,75,,18641,1,0,7 6,1,25,,18642,1,0,7 6,1,75,,18644,1,0,7 6,1,35,,18645,1,0,7 6,1,80,,18646,1,0,7 6,1,90,,18647,1,0,7 6,1
2700,'20260324',505,,18651,1,0,7 6,1,45,,18653,1,0,7 6,1,60,,18654,1,0,7 6,1,15,,18655,1,0,7 6,1,25,,18656,1,0,7 6,1,65,,18657,1,0,7 6,1,30,,18658,1,0,7 6,1,75,,18659,1,0,7 6,1,105,,18660,1,0,7 6,1,100,,18661,1,0,7 6,1,420,,18666,1,0,7 6,1,75,,18667,1,0,7 6,1,25,,18668,1,0,7 6,1,75,,18670,1,0,7 6,1,35,,18671,1,0,7 6,1,80,,18672,1,0,7 6,1,90,,18673,1,0,7 6,1
2700,'20260325',505,,18677,1,0,7 6,1,45,,18679,1,0,7 6,1,60,,18680,1,0,7 6,1,15,,18681,1,0,7 6,1,25,,18682,1,0,7 6,1,65,,18683,1,0,7 6,1,30,,18684,1,0,7 6,1,75,,18685,1,0,7 6,1,105,,18686,1,0,7 6,1,100,,18687,1,0,7 6,1,420,,18692,1,0,7 6,1,75,,18693,1,0,7 6,1,25,,18694,1,0,7 6,1,75,,18696,1,0,7 6,1,35,,18697,1,0,7 6,1,80,,18698,1,0,7 6,1,90,,18699,1,0,7 6,1
2700,'20260326',505,,18703,1,0,7 6,1,45,,18705,1,0,7 6,1,60,,18706,1,0,7 6,1,15,,18707,1,0,7 6,1,25,,18708,1,0,7 6,1,65,,18709,1,0,7 6,1,30,,18710,1,0,7 6,1,75,,18711,1,0,7 6,1,105,,18712,1,0,7 6,1,100,,18713,1,0,7 6,1,420,,18718,1,0,7 6,1,75,,18719,1,0,7 6,1,25,,18720,1,0,7 6,1,75,,18722,1,0,7 6,1,35,,18723,1,0,7 6,1,80,,18724,1,0,7 6,1,90,,18725,1,0,7 6,1
2700,'20260327',505,,18729,1,0,7 6,1,45,,18730,1,0,7 6,1,60,,18731,1,0,7 6,1,15,,18732,1,0,7 6,1,25,,18733,1,0,7 6,1,65,,18734,1,0,7 6,1,30,,18735,1,0,7 6,1,75,,18736,1,0,7 6,1,105,,18737,1,0,7 6,1,100,,18738,1,0,7 6,1,420,,18743,1,0,7 6,1,75,,18744,1,0,7 6,1,25,,18745,1,0,7 6,1,75,,18746,1,0,7 6,1,35,,18747,1,0,7 6,1,80,,18748,1,0,7 6,1,90,,18749,1,0,7 6,1
2700,'20260328',535,,18753,1,0,7 6,1
2700,'20260329',535,,18770,1,0,7 6,1
2700,'20260330',505,,18787,1,0,7 6,1,45,,18789,1,0,7 6,1,60,,18790,1,0,7 6,1,15,,18791,1,0,7 6,1,25,,18792,1,0,7 6,1,65,,18793,1,0,7 6,1,30,,18794,1,0,7 6,1,75,,18795,1,0,7 6,1,105,,18796,1,0,7 6,1,100,,18797,1,0,7 6,1,420,,18802,1,0,7 6,1,75,,18803,1,0,7 6,1,25,,18804,1,0,7 6,1,75,,18806,1,0,7 6,1,35,,18807,1,0,7 6,1,80,,18808,1,0,7 6,1,90,,18809,1,0,7 6,1
2700,'20260331',505,,18813,1,0,7 6,1,45,,18815,1,0,7 6,1,60,,18816,1,0,7 6,1,15,,18817,1,0,7 6,1,25,,18818,1,0,7 6,1,65,,18819,1,0,7 6,1,30,,18820,1,0,7 6,1,75,,18821,1,0,7 6,1,105,,18822,1,0,7 6,1,100,,18823,1,0,7 6,1,420,,18828,1,0,7 6,1,75,,18829,1,0,7 6,1,25,,18830,1,0,7 6,1,75,,18832,1,0,7 6,1,35,,18833,1,0,7 6,1,80,,18834,1,0,7 6,1,90,,18835,1,0,7 6,1
2700,'20260401',505,,18839,1,0,7 6,1,45,,18841,1,0,7 6,1,60,,18842,1,0,7 6,1,15,,18843,1,0,7 6,1,25,,18844,1,0,7 6,1,65,,18845,1,0,7 6,1,30,,18846,1,0,7 6,1,75,,18847,1,0,7 6,1,105,,18848,1,0,7 6,1,100,,18849,1,0,7 6,1,420,,18854,1,0,7 6,1,75,,18855,1,0,7 6,1,25,,18856,1,0,7 6,1,75,,18858,1,0,7 6,1,35,,18859,1,0,7 6,1,80,,18860,1,0,7 6,1,90,,18861,1,0,7 6,1
2700,'20260402',505,,18865,1,0,7 6,1,45,,18867,1,0,7 6,1,60,,18868,1,0,7 6,1,15,,18869,1,0,7 6,1,25,,18870,1,0,7 6,1,65,,18871,1,0,7 6,1,30,,18872,1,0,7 6,1,75,,18873,1,0,7 6,1,105,,18874,1,0,7 6,1,100,,18875,1,0,7 6,1,420,,18880,1,0,7 6,1,75,,18881,1,0,7 6,1,25,,18882,1,0,7 6,1,75,,18884,1,0,7 6,1,35,,18885,1,0,7 6,1,80,,18886,1,0,7 6,1,90,,18887,1,0,7 6,1
2700,'20260403',535,,18891,1,0,7 6,1
2700,'20260404',535,,18908,1,0,7 6,1
2700,'20260405',535,,18925,1,0,7 6,1
2700,'20260406',505,,18942,1,0,7 6,1,45,,18944,1,0,7 6,1,60,,18945,1,0,7 6,1,15,,18946,1,0,7 6,1,25,,18947,1,0,7 6,1,65,,18948,1,0,7 6,1,30,,18949,1,0,7 6,1,75,,18950,1,0,7 6,1,105,,18951,1,0,7 6,1,100,,18952,1,0,7 6,1,420,,18957,1,0,7 6,1,75,,18958,1,0,7 6,1,25,,18959,1,0,7 6,1,75,,18961,1,0,7 6,1,35,,18962,1,0,7 6,1,80,,18963,1,0,7 6,1,90,,18964,1,0,7 6,1
2700,'20260407',505,,18968,1,0,7 6,1,45,,18970,1,0,7 6,1,60,,18971,1,0,7 6,1,15,,18972,1,0,7 6,1,25,,18973,1,0,7 6,1,65,,18974,1,0,7 6,1,30,,18975,1,0,7 6,1,75,,18976,1,0,7 6,1,105,,18977,1,0,7 6,1,100,,18978,1,0,7 6,1,420,,18983,1,0,7 6,1,75,,18984,1,0,7 6,1,25,,18985,1,0,7 6,1,75,,18987,1,0,7 6,1,35,,18988,1,0,7 6,1,80,,18989,1,0,7 6,1,90,,18990,1,0,7 6,1
2700,'20260408',505,,18994,1,0,7 6,1,45,,18996,1,0,7 6,1,60,,18997,1,0,7 6,1,15,,18998,1,0,7 6,1,25,,18999,1,0,7 6,1,65,,19000,1,0,7 6,1,30,,19001,1,0,7 6,1,75,,19002,1,0,7 6,1,105,,19003,1,0,7 6,1,100,,19004,1,0,7 6,1,420,,19009,1,0,7 6,1,75,,19010,1,0,7 6,1,25,,19011,1,0,7 6,1,75,,19013,1,0,7 6,1,35,,19014,1,0,7 6,1,80,,19015,1,0,7 6,1,90,,19016,1,0,7 6,1
2700,'20260409',505,,19020,1,0,7 6,1,45,,19022,1,0,7 6,1,60,,19023,1,0,7 6,1,15,,19024,1,0,7 6,1,25,,19025,1,0,7 6,1,65,,19026,1,0,7 6,1,30,,19027,1,0,7 6,1,75,,19028,1,0,7 6,1,105,,19029,1,0,7 6,1,100,,19030,1,0,7 6,1,420,,19035,1,0,7 6,1,75,,19036,1,0,7 6,1,25,,19037,1,0,7 6,1,75,,19039,1,0,7 6,1,35,,19040,1,0,7 6,1,80,,19041,1,0,7 6,1,90,,19042,1,0,7 6,1
2700,'20260410',505,,19046,1,0,7 6,1,45,,19047,1,0,7 6,1,60,,19048,1,0,7 6,1,15,,19049,1,0,7 6,1,25,,19050,1,0,7 6,1,65,,19051,1,0,7 6,1,30,,19052,1,0,7 6,1,75,,19053,1,0,7 6,1,105,,19054,1,0,7 6,1,100,,19055,1,0,7 6,1,420,,19060,1,0,7 6,1,75,,19061,1,0,7 6,1,25,,19062,1,0,7 6,1,75,,19063,1,0,7 6,1,35,,19064,1,0,7 6,1,80,,19065,1,0,7 6,1,90,,19066,1,0,7 6,1
2700,'20260411',535,,19070,1,0,7 6,1
2700,'20260412',535,,19087,1,0,7 6,1
2700,'20260413',505,,19104,1,0,7 6,1,45,,19106,1,0,7 6,1,60,,19107,1,0,7 6,1,15,,19108,1,0,7 6,1,25,,19109,1,0,7 6,1,65,,19110,1,0,7 6,1,30,,19111,1,0,7 6,1,75,,19112,1,0,7 6,1,105,,19113,1,0,7 6,1,100,,19114,1,0,7 6,1,420,,19119,1,0,7 6,1,75,,19120,1,0,7 6,1,25,,19121,1,0,7 6,1,75,,19123,1,0,7 6,1,35,,19124,1,0,7 6,1,80,,19125,1,0,7 6,1,90,,19126,1,0,7 6,1
2700,'20260414',505,,19130,1,0,7 6,1,45,,19132,1,0,7 6,1,60,,19133,1,0,7 6,1,15,,19134,1,0,7 6,1,25,,19135,1,0,7 6,1,65,,19136,1,0,7 6,1,30,,19137,1,0,7 6,1,75,,19138,1,0,7 6,1,105,,19139,1,0,7 6,1,100,,19140,1,0,7 6,1,420,,19145,1,0,7 6,1,75,,19146,1,0,7 6,1,25,,19147,1,0,7 6,1,75,,19149,1,0,7 6,1,35,,19150,1,0,7 6,1,80,,19151,1,0,7 6,1,90,,19152,1,0,7 6,1
2700,'20260415',505,,19156,1,0,7 6,1,45,,19158,1,0,7 6,1,60,,19159,1,0,7 6,1,15,,19160,1,0,7 6,1,25,,19161,1,0,7 6,1,65,,19162,1,0,7 6,1,30,,19163,1,0,7 6,1,75,,19164,1,0,7 6,1,105,,19165,1,0,7 6,1,100,,19166,1,0,7 6,1,420,,19171,1,0,7 6,1,75,,19172,1,0,7 6,1,25,,19173,1,0,7 6,1,75,,19175,1,0,7 6,1,35,,19176,1,0,7 6,1,80,,19177,1,0,7 6,1,90,,19178,1,0,7 6,1
2700,'20260416',505,,19182,1,0,7 6,1,45,,19184,1,0,7 6,1,60,,19185,1,0,7 6,1,15,,19186,1,0,7 6,1,25,,19187,1,0,7 6,1,65,,19188,1,0,7 6,1,30,,19189,1,0,7 6,1,75,,19190,1,0,7 6,1,105,,19191,1,0,7 6,1,100,,19192,1,0,7 6,1,420,,19197,1,0,7 6,1,75,,19198,1,0,7 6,1,25,,19199,1,0,7 6,1,75,,19201,1,0,7 6,1,35,,19202,1,0,7 6,1,80,,19203,1,0,7 6,1,90,,19204,1,0,7 6,1
2700,'20260417',505,,19208,1,0,7 6,1,45,,19209,1,0,7 6,1,60,,19210,1,0,7 6,1,15,,19211,1,0,7 6,1,25,,19212,1,0,7 6,1,65,,19213,1,0,7 6,1,30,,19214,1,0,7 6,1,75,,19215,1,0,7 6,1,105,,19216,1,0,7 6,1,100,,19217,1,0,7 6,1,420,,19222,1,0,7 6,1,75,,19223,1,0,7 6,1,25,,19224,1,0,7 6,1,75,,19225,1,0,7 6,1,35,,19226,1,0,7 6,1,80,,19227,1,0,7 6,1,90,,19228,1,0,7 6,1
2700,'20260418',535,,19232,1,0,7 6,1
2700,'20260419',535,,19249,1,0,7 6,1
2700,'20260420',505,,19266,1,0,7 6,1,45,,19268,1,0,7 6,1,60,,19269,1,0,7 6,1,15,,19270,1,0,7 6,1,25,,19271,1,0,7 6,1,65,,19272,1,0,7 6,1,30,,19273,1,0,7 6,1,75,,19274,1,0,7 6,1,105,,19275,1,0,7 6,1,100,,19276,1,0,7 6,1,420,,19281,1,0,7 6,1,75,,19282,1,0,7 6,1,25,,19283,1,0,7 6,1,75,,19285,1,0,7 6,1,35,,19286,1,0,7 6,1,80,,19287,1,0,7 6,1,90,,19288,1,0,7 6,1
2700,'20260421',505,,19292,1,0,7 6,1,45,,19294,1,0,7 6,1,60,,19295,1,0,7 6,1,15,,19296,1,0,7 6,1,25,,19297,1,0,7 6,1,65,,19298,1,0,7 6,1,30,,19299,1,0,7 6,1,75,,19300,1,0,7 6,1,105,,19301,1,0,7 6,1,100,,19302,1,0,7 6,1,420,,19307,1,0,7 6,1,75,,19308,1,0,7 6,1,25,,19309,1,0,7 6,1,75,,19311,1,0,7 6,1,35,,19312,1,0,7 6,1,80,,19313,1,0,7 6,1,90,,19314,1,0,7 6,1
2700,'20260422',505,,19318,1,0,7 6,1,45,,19320,1,0,7 6,1,60,,19321,1,0,7 6,1,15,,19322,1,0,7 6,1,25,,19323,1,0,7 6,1,65,,19324,1,0,7 6,1,30,,19325,1,0,7 6,1,75,,19326,1,0,7 6,1,105,,19327,1,0,7 6,1,100,,19328,1,0,7 6,1,420,,19333,1,0,7 6,1,75,,19334,1,0,7 6,1,25,,19335,1,0,7 6,1,75,,19337,1,0,7 6,1,35,,19338,1,0,7 6,1,80,,19339,1,0,7 6,1,90,,19340,1,0,7 6,1
2700,'20260423',505,,19344,1,0,7 6,1,45,,19346,1,0,7 6,1,60,,19347,1,0,7 6,1,15,,19348,1,0,7 6,1,25,,19349,1,0,7 6,1,65,,19350,1,0,7 6,1,30,,19351,1,0,7 6,1,75,,19352,1,0,7 6,1,105,,19353,1,0,7 6,1,100,,19354,1,0,7 6,1,420,,19359,1,0,7 6,1,75,,19360,1,0,7 6,1,25,,19361,1,0,7 6,1,75,,19363,1,0,7 6,1,35,,19364,1,0,7 6,1,80,,19365,1,0,7 6,1,90,,19366,1,0,7 6,1
2700,'20260424',505,,19370,1,0,7 6,1,45,,19371,1,0,7 6,1,60,,19372,1,0,7 6,1,15,,19373,1,0,7 6,1,25,,19374,1,0,7 6,1,65,,19375,1,0,7 6,1,30,,19376,1,0,7 6,1,75,,19377,1,0,7 6,1,105,,19378,1,0,7 6,1,100,,19379,1,0,7 6,1,420,,19384,1,0,7 6,1,75,,19385,1,0,7 6,1,25,,19386,1,0,7 6,1,75,,19387,1,0,7 6,1,35,,19388,1,0,7 6,1,80,,19389,1,0,7 6,1,90,,19390,1,0,7 6,1
2701,'20260310',650,,19394,44,4,,1,150,,19395,44,4,,1,35,,19396,44,4,,1,65,,19397,44,4,,1,20,,19399,44,4,,1,35,,19400,44,4,,1,80,,19401,44,4,,1,575,,19406,44,4,,1,115,,19407,44,4,,1,30,,19408,44,4,,1,75,,19409,44,4,,1,70,,19410,44,4,,1,25,,19411,44,4,,1,30,,19412,44,4,,1,60,,19414,44,4,,1
2701,'20260311',650,,19420,44,4,,1,150,,19421,44,4,,1,35,,19422,44,4,,1,65,,19423,44,4,,1,20,,19425,44,4,,1,35,,19426,44,4,,1,80,,19427,44,4,,1,575,,19432,44,4,,1,115,,19433,44,4,,1,30,,19434,44,4,,1,75,,19435,44,4,,1,70,,19436,44,4,,1,25,,19437,44,4,,1,30,,19438,44,4,,1,60,,19440,44,4,,1
2701,'20260312',650,,19446,44,4,,1,150,,19447,44,4,,1,35,,19448,44,4,,1,65,,19449,44,4,,1,20,,19451,44,4,,1,35,,19452,44,4,,1,80,,19453,44,4,,1,575,,19458,44,4,,1,115,,19459,44,4,,1,30,,19460,44,4,,1,75,,19461,44,4,,1,70,,19462,44,4,,1,25,,19463,44,4,,1,30,,19464,44,4,,1,60,,19466,44,4,,1
2701,'20260313',650,,19472,44,4,,1,150,,19473,44,4,,1,35,,19474,44,4,,1,65,,19475,44,4,,1,20,,19476,44,4,,1,35,,19477,44,4,,1,80,,19478,44,4,,1,575,,19483,44,4,,1,115,,19484,44,4,,1,30,,19485,44,4,,1,75,,19486,44,4,,1,70,,19487,44,4,,1,25,,19488,44,4,,1,30,,19489,44,4,,1,60,,19490,44,4,,1
2701,'20260314',745,,19496,44,4,,1
2701,'20260315',745,,19512,44,4,,1
2701,'20260316',650,,19528,44,4,,1,150,,19529,44,4,,1,35,,19530,44,4,,1,65,,19531,44,4,,1,20,,19533,44,4,,1,35,,19534,44,4,,1,80,,19535,44,4,,1,575,,19540,44,4,,1,115,,19541,44,4,,1,30,,19542,44,4,,1,75,,19543,44,4,,1,70,,19544,44,4,,1,25,,19545,44,4,,1,30,,19546,44,4,,1,60,,19548,44,4,,1
2701,'20260317',650,,19554,44,4,,1,150,,19555,44,4,,1,35,,19556,44,4,,1,65,,19557,44,4,,1,20,,19559,44,4,,1,35,,19560,44,4,,1,80,,19561,44,4,,1,575,,19566,44,4,,1,115,,19567,44,4,,1,30,,19568,44,4,,1,75,,19569,44,4,,1,70,,19570,44,4,,1,25,,19571,44,4,,1,30,,19572,44,4,,1,60,,19574,44,4,,1
2701,'20260318',650,,19580,44,4,,1,150,,19581,44,4,,1,35,,19582,44,4,,1,65,,19583,44,4,,1,20,,19585,44,4,,1,35,,19586,44,4,,1,80,,19587,44,4,,1,575,,19592,44,4,,1,115,,19593,44,4,,1,30,,19594,44,4,,1,75,,19595,44,4,,1,70,,19596,44,4,,1,25,,19597,44,4,,1,30,,19598,44,4,,1,60,,19600,44,4,,1
2701,'20260319',650,,19606,44,4,,1,150,,19607,44,4,,1,35,,19608,44,4,,1,65,,19609,44,4,,1,20,,19611,44,4,,1,35,,19612,44,4,,1,80,,19613,44,4,,1,575,,19618,44,4,,1,115,,19619,44,4,,1,30,,19620,44,4,,1,75,,19621,44,4,,1,70,,19622,44,4,,1,25,,19623,44,4,,1,30,,19624,44,4,,1,60,,19626,44,4,,1
2701,'20260320',650,,19632,44,4,,1,150,,19633,44,4,,1,35,,19634,44,4,,1,65,,19635,44,4,,1,20,,19636,44,4,,1,35,,19637,44,4,,1,80,,19638,44,4,,1,575,,19643,44,4,,1,115,,19644,44,4,,1,30,,19645,44,4,,1,75,,19646,44,4,,1,70,,19647,44,4,,1,25,,19648,44,4,,1,30,,19649,44,4,,1,60,,19650,44,4,,1
2701,'20260321',745,,19656,44,4,,1
2701,'20260322',745,,19672,44,4,,1
2701,'20260323',650,,19688,44,4,,1,150,,19689,44,4,,1,35,,19690,44,4,,1,65,,19691,44,4,,1,20,,19693,44,4,,1,35,,19694,44,4,,1,80,,19695,44,4,,1,575,,19700,44,4,,1,115,,19701,44,4,,1,30,,19702,44,4,,1,75,,19703,44,4,,1,70,,19704,44,4,,1,25,,19705,44,4,,1,30,,19706,44,4,,1,60,,19708,44,4,,1
2701,'20260324',650,,19714,44,4,,1,150,,19715,44,4,,1,35,,19716,44,4,,1,65,,19717,44,4,,1,20,,19719,44,4,,1,35,,19720,44,4,,1,80,,19721,44,4,,1,575,,19726,44,4,,1,115,,19727,44,4,,1,30,,19728,44,4,,1,75,,19729,44,4,,1,70,,19730,44,4,,1,25,,19731,44,4,,1,30,,19732,44,4,,1,60,,19734,44,4,,1
2701,'20260325',650,,19740,44,4,,1,150,,19741,44,4,,1,35,,19742,44,4,,1,65,,19743,44,4,,1,20,,19745,44,4,,1,35,,19746,44,4,,1,80,,19747,44,4,,1,575,,19752,44,4,,1,115,,19753,44,4,,1,30,,19754,44,4,,1,75,,19755,44,4,,1,70,,19756,44,4,,1,25,,19757,44,4,,1,30,,19758,44,4,,1,60,,19760,44,4,,1
2701,'20260326',650,,19766,44,4,,1,150,,19767,44,4,,1,35,,19768,44,4,,1,65,,19769,44,4,,1,20,,19771,44,4,,1,35,,19772,44,4,,1,80,,19773,44,4,,1,575,,19778,44,4,,1,115,,19779,44,4,,1,30,,19780,44,4,,1,75,,19781,44,4,,1,70,,19782,44,4,,1,25,,19783,44,4,,1,30,,19784,44,4,,1,60,,19786,44,4,,1
2701,'20260327',650,,19792,44,4,,1,150,,19793,44,4,,1,35,,19794,44,4,,1,65,,19795,44,4,,1,20,,19796,44,4,,1,35,,19797,44,4,,1,80,,19798,44,4,,1,575,,19803,44,4,,1,115,,19804,44,4,,1,30,,19805,44,4,,1,75,,19806,44,4,,1,70,,19807,44,4,,1,25,,19808,44,4,,1,30,,19809,44,4,,1,60,,19810,44,4,,1
2701,'20260328',745,,19816,44,4,,1
2701,'20260329',745,,19832,44,4,,1
2701,'20260330',650,,19848,44,4,,1,150,,19849,44,4,,1,35,,19850,44,4,,1,65,,19851,44,4,,1,20,,19853,44,4,,1,35,,19854,44,4,,1,80,,19855,44,4,,1,575,,19860,44,4,,1,115,,19861,44,4,,1,30,,19862,44,4,,1,75,,19863,44,4,,1,70,,19864,44,4,,1,25,,19865,44,4,,1,30,,19866,44,4,,1,60,,19868,44,4,,1
2701,'20260331',650,,19874,44,4,,1,150,,19875,44,4,,1,35,,19876,44,4,,1,65,,19877,44,4,,1,20,,19879,44,4,,1,35,,19880,44,4,,1,80,,19881,44,4,,1,575,,19886,44,4,,1,115,,19887,44,4,,1,30,,19888,44,4,,1,75,,19889,44,4,,1,70,,19890,44,4,,1,25,,19891,44,4,,1,30,,19892,44,4,,1,60,,19894,44,4,,1
2701,'20260401',650,,19900,44,4,,1,150,,19901,44,4,,1,35,,19902,44,4,,1,65,,19903,44,4,,1,20,,19905,44,4,,1,35,,19906,44,4,,1,80,,19907,44,4,,1,575,,19912,44,4,,1,115,,19913,44,4,,1,30,,19914,44,4,,1,75,,19915,44,4,,1,70,,19916,44,4,,1,25,,19917,44,4,,1,30,,19918,44,4,,1,60,,19920,44,4,,1
2701,'20260402',650,,19926,44,4,,1,150,,19927,44,4,,1,35,,19928,44,4,,1,65,,19929,44,4,,1,20,,19931,44,4,,1,35,,19932,44,4,,1,80,,19933,44,4,,1,575,,19938,44,4,,1,115,,19939,44,4,,1,30,,19940,44,4,,1,75,,19941,44,4,,1,70,,19942,44,4,,1,25,,19943,44,4,,1,30,,19944,44,4,,1,60,,19946,44,4,,1
2701,'20260403',745,,19952,44,4,,1
2701,'20260404',745,,19968,44,4,,1
2701,'20260405',745,,19984,44,4,,1
2701,'20260406',650,,20000,44,4,,1,150,,20001,44,4,,1,35,,20002,44,4,,1,65,,20003,44,4,,1,20,,20005,44,4,,1,35,,20006,44,4,,1,80,,20007,44,4,,1,575,,20012,44,4,,1,115,,20013,44,4,,1,30,,20014,44,4,,1,75,,20015,44,4,,1,70,,20016,44,4,,1,25,,20017,44,4,,1,30,,20018,44,4,,1,60,,20020,44,4,,1
2701,'20260407',650,,20026,44,4,,1,150,,20027,44,4,,1,35,,20028,44,4,,1,65,,20029,44,4,,1,20,,20031,44,4,,1,35,,20032,44,4,,1,80,,20033,44,4,,1,575,,20038,44,4,,1,115,,20039,44,4,,1,30,,20040,44,4,,1,75,,20041,44,4,,1,70,,20042,44,4,,1,25,,20043,44,4,,1,30,,20044,44,4,,1,60,,20046,44,4,,1
2701,'20260408',650,,20052,44,4,,1,150,,20053,44,4,,1,35,,20054,44,4,,1,65,,20055,44,4,,1,20,,20057,44,4,,1,35,,20058,44,4,,1,80,,20059,44,4,,1,575,,20064,44,4,,1,115,,20065,44,4,,1,30,,20066,44,4,,1,75,,20067,44,4,,1,70,,20068,44,4,,1,25,,20069,44,4,,1,30,,20070,44,4,,1,60,,20072,44,4,,1
2701,'20260409',650,,20078,44,4,,1,150,,20079,44,4,,1,35,,20080,44,4,,1,65,,20081,44,4,,1,20,,20083,44,4,,1,35,,20084,44,4,,1,80,,20085,44,4,,1,575,,20090,44,4,,1,115,,20091,44,4,,1,30,,20092,44,4,,1,75,,20093,44,4,,1,70,,20094,44,4,,1,25,,20095,44,4,,1,30,,20096,44,4,,1,60,,20098,44,4,,1
2701,'20260410',650,,20104,44,4,,1,150,,20105,44,4,,1,35,,20106,44,4,,1,65,,20107,44,4,,1,20,,20108,44,4,,1,35,,20109,44,4,,1,80,,20110,44,4,,1,575,,20115,44,4,,1,115,,20116,44,4,,1,30,,20117,44,4,,1,75,,20118,44,4,,1,70,,20119,44,4,,1,25,,20120,44,4,,1,30,,20121,44,4,,1,60,,20122,44,4,,1
2701,'20260411',745,,20128,44,4,,1
2701,'20260412',745,,20144,44,4,,1
2701,'20260413',650,,20160,44,4,,1,150,,20161,44,4,,1,35,,20162,44,4,,1,65,,20163,44,4,,1,20,,20165,44,4,,1,35,,20166,44,4,,1,80,,20167,44,4,,1,575,,20172,44,4,,1,115,,20173,44,4,,1,30,,20174,44,4,,1,75,,20175,44,4,,1,70,,20176,44,4,,1,25,,20177,44,4,,1,30,,20178,44,4,,1,60,,20180,44,4,,1
2701,'20260414',650,,20186,44,4,,1,150,,20187,44,4,,1,35,,20188,44,4,,1,65,,20189,44,4,,1,20,,20191,44,4,,1,35,,20192,44,4,,1,80,,20193,44,4,,1,575,,20198,44,4,,1,115,,20199,44,4,,1,30,,20200,44,4,,1,75,,20201,44,4,,1,70,,20202,44,4,,1,25,,20203,44,4,,1,30,,20204,44,4,,1,60,,20206,44,4,,1
2701,'20260415',650,,20212,44,4,,1,150,,20213,44,4,,1,35,,20214,44,4,,1,65,,20215,44,4,,1,20,,20217,44,4,,1,35,,20218,44,4,,1,80,,20219,44,4,,1,575,,20224,44,4,,1,115,,20225,44,4,,1,30,,20226,44,4,,1,75,,20227,44,4,,1,70,,20228,44,4,,1,25,,20229,44,4,,1,30,,20230,44,4,,1,60,,20232,44,4,,1
2701,'20260416',650,,20238,44,4,,1,150,,20239,44,4,,1,35,,20240,44,4,,1,65,,20241,44,4,,1,20,,20243,44,4,,1,35,,20244,44,4,,1,80,,20245,44,4,,1,575,,20250,44,4,,1,115,,20251,44,4,,1,30,,20252,44,4,,1,75,,20253,44,4,,1,70,,20254,44,4,,1,25,,20255,44,4,,1,30,,20256,44,4,,1,60,,20258,44,4,,1
2701,'20260417',650,,20264,44,4,,1,150,,20265,44,4,,1,35,,20266,44,4,,1,65,,20267,44,4,,1,20,,20268,44,4,,1,35,,20269,44,4,,1,80,,20270,44,4,,1,575,,20275,44,4,,1,115,,20276,44,4,,1,30,,20277,44,4,,1,75,,20278,44,4,,1,70,,20279,44,4,,1,25,,20280,44,4,,1,30,,20281,44,4,,1,60,,20282,44,4,,1
2701,'20260418',745,,20288,44,4,,1
2701,'20260419',745,,20304,44,4,,1
2701,'20260420',650,,20320,44,4,,1,150,,20321,44,4,,1,35,,20322,44,4,,1,65,,20323,44,4,,1,20,,20325,44,4,,1,35,,20326,44,4,,1,80,,20327,44,4,,1,575,,20332,44,4,,1,115,,20333,44,4,,1,30,,20334,44,4,,1,75,,20335,44,4,,1,70,,20336,44,4,,1,25,,20337,44,4,,1,30,,20338,44,4,,1,60,,20340,44,4,,1
2701,'20260421',650,,20346,44,4,,1,150,,20347,44,4,,1,35,,20348,44,4,,1,65,,20349,44,4,,1,20,,20351,44,4,,1,35,,20352,44,4,,1,80,,20353,44,4,,1,575,,20358,44,4,,1,115,,20359,44,4,,1,30,,20360,44,4,,1,75,,20361,44,4,,1,70,,20362,44,4,,1,25,,20363,44,4,,1,30,,20364,44,4,,1,60,,20366,44,4,,1
2701,'20260422',650,,20372,44,4,,1,150,,20373,44,4,,1,35,,20374,44,4,,1,65,,20375,44,4,,1,20,,20377,44,4,,1,35,,20378,44,4,,1,80,,20379,44,4,,1,575,,20384,44,4,,1,115,,20385,44,4,,1,30,,20386,44,4,,1,75,,20387,44,4,,1,70,,20388,44,4,,1,25,,20389,44,4,,1,30,,20390,44,4,,1,60,,20392,44,4,,1
2701,'20260423',650,,20398,44,4,,1,150,,20399,44,4,,1,35,,20400,44,4,,1,65,,20401,44,4,,1,20,,20403,44,4,,1,35,,20404,44,4,,1,80,,20405,44,4,,1,575,,20410,44,4,,1,115,,20411,44,4,,1,30,,20412,44,4,,1,75,,20413,44,4,,1,70,,20414,44,4,,1,25,,20415,44,4,,1,30,,20416,44,4,,1,60,,20418,44,4,,1
2701,'20260424',650,,20424,44,4,,1,150,,20425,44,4,,1,35,,20426,44,4,,1,65,,20427,44,4,,1,20,,20428,44,4,,1,35,,20429,44,4,,1,80,,20430,44,4,,1,575,,20435,44,4,,1,115,,20436,44,4,,1,30,,20437,44,4,,1,75,,20438,44,4,,1,70,,20439,44,4,,1,25,,20440,44,4,,1,30,,20441,44,4,,1,60,,20442,44,4,,1
