1501,'20260528',813,,65069,12,0,5 65 1 66,1,630,,65074,12,0,5 65 1 66,1,206,,65076,12,0,5 65 1 66,1
1501,'20260529',813,,65083,12,0,5 65 1 66,1,630,,65088,12,0,5 65 1 66,1,206,,65090,12,0,5 65 1 66,1
1501,'20260530',926,,65097,12,0,5 65 1 66,1,588,,65100,12,0,5 65 1 66,1,601,,65105,12,0,5 65 1 66,1
1501,'20260531',926,,65109,12,0,5 65 1 66,1,588,,65112,12,0,5 65 1 66,1,601,,65117,12,0,5 65 1 66,1
1501,'20260601',813,,65121,12,0,5 65 1 66,1,630,,65126,12,0,5 65 1 66,1,206,,65128,12,0,5 65 1 66,1
1501,'20260602',813,,65135,12,0,5 65 1 66,1,630,,65140,12,0,5 65 1 66,1,206,,65142,12,0,5 65 1 66,1
1501,'20260603',813,,65149,12,0,5 65 1 66,1,630,,65154,12,0,5 65 1 66,1,206,,65156,12,0,5 65 1 66,1
1501,'20260604',813,,65163,12,0,5 65 1 66,1,630,,65168,12,0,5 65 1 66,1,206,,65170,12,0,5 65 1 66,1
1501,'20260605',813,,65177,12,0,5 65 1 66,1,630,,65182,12,0,5 65 1 66,1,206,,65184,12,0,5 65 1 66,1
1501,'20260606',926,,65191,12,0,5 65 1 66,1,530,,65194,12,0,5 65 1 66,1,644,,65199,12,0,5 65 1 66,1
1501,'20260607',926,,65203,12,0,5 65 1 66,1,530,,65206,12,0,5 65 1 66,1,644,,65211,12,0,5 65 1 66,1
1501,'20260608',813,,65215,12,0,5 65 1 66,1,630,,65220,12,0,5 65 1 66,1,206,,65222,12,0,5 65 1 66,1
1501,'20260609',813,,65229,12,0,5 65 1 66,1,630,,65234,12,0,5 65 1 66,1,206,,65236,12,0,5 65 1 66,1
1501,'20260610',813,,65243,12,0,5 65 1 66,1,630,,65248,12,0,5 65 1 66,1,206,,65250,12,0,5 65 1 66,1
1501,'20260611',813,,65257,12,0,5 65 1 66,1,630,,65262,12,0,5 65 1 66,1,206,,65264,12,0,5 65 1 66,1
1501,'20260612',813,,65271,12,0,5 65 1 66,1,630,,65276,12,0,5 65 1 66,1,206,,65278,12,0,5 65 1 66,1
1501,'20260613',926,,127576,12,0,5 65 1 66,1,588,,127579,12,0,5 65 1 66,1,601,,127584,12,0,5 65 1 66,1
1501,'20260614',926,,127588,12,0,5 65 1 66,1,588,,127591,12,0,5 65 1 66,1,601,,127596,12,0,5 65 1 66,1
1501,'20260615',813,,127600,12,0,5 65 1 66,1,630,,127605,12,0,5 65 1 66,1,206,,127607,12,0,5 65 1 66,1
1501,'20260616',813,,127614,12,0,5 65 1 66,1,630,,127619,12,0,5 65 1 66,1,206,,127621,12,0,5 65 1 66,1
1501,'20260617',813,,127628,12,0,5 65 1 66,1,630,,127633,12,0,5 65 1 66,1,206,,127635,12,0,5 65 1 66,1
1501,'20260618',813,,127642,12,0,5 65 1 66,1,630,,127647,12,0,5 65 1 66,1,206,,127649,12,0,5 65 1 66,1
1501,'20260619',813,,127656,12,0,5 65 1 66,1,630,,127661,12,0,5 65 1 66,1,206,,127663,12,0,5 65 1 66,1
1501,'20260620',926,,127670,12,0,5 65 1 66,1,588,,127673,12,0,5 65 1 66,1,601,,127678,12,0,5 65 1 66,1
1501,'20260621',926,,127682,12,0,5 65 1 66,1,588,,127685,12,0,5 65 1 66,1,601,,127690,12,0,5 65 1 66,1
1501,'20260622',813,,127694,12,0,5 65 1 66,1,630,,127699,12,0,5 65 1 66,1,206,,127701,12,0,5 65 1 66,1
1501,'20260623',813,,127708,12,0,5 65 1 66,1,630,,127713,12,0,5 65 1 66,1,206,,127715,12,0,5 65 1 66,1
1501,'20260624',813,,127722,12,0,5 65 1 66,1,630,,127727,12,0,5 65 1 66,1,206,,127729,12,0,5 65 1 66,1
1501,'20260625',813,,127736,12,0,5 65 1 66,1,630,,127741,12,0,5 65 1 66,1,206,,127743,12,0,5 65 1 66,1
1501,'20260626',813,,127750,12,0,5 65 1 66,1,630,,127755,12,0,5 65 1 66,1,206,,127757,12,0,5 65 1 66,1
1501,'20260627',926,,127764,12,0,5 65 1 66,1,588,,127767,12,0,5 65 1 66,1,601,,127772,12,0,5 65 1 66,1
1501,'20260628',926,,127776,12,0,5 65 1 66,1,588,,127779,12,0,5 65 1 66,1,601,,127784,12,0,5 65 1 66,1
1501,'20260629',813,,127788,12,0,5 65 1 66,1,630,,127793,12,0,5 65 1 66,1,206,,127795,12,0,5 65 1 66,1
1501,'20260630',813,,127802,12,0,5 65 1 66,1,630,,127807,12,0,5 65 1 66,1,206,,127809,12,0,5 65 1 66,1
1501,'20260701',926,,127816,12,0,5 65 1 66,1,588,,127819,12,0,5 65 1 66,1,601,,127824,12,0,5 65 1 66,1
1501,'20260702',813,,127828,12,0,5 65 1 66,1,630,,127833,12,0,5 65 1 66,1,206,,127835,12,0,5 65 1 66,1
1501,'20260703',813,,127842,12,0,5 65 1 66,1,630,,127847,12,0,5 65 1 66,1,206,,127849,12,0,5 65 1 66,1
1501,'20260704',926,,127856,12,0,5 65 1 66,1,588,,127859,12,0,5 65 1 66,1,601,,127864,12,0,5 65 1 66,1
1501,'20260705',926,,127868,12,0,5 65 1 66,1,588,,127871,12,0,5 65 1 66,1,601,,127876,12,0,5 65 1 66,1
1501,'20260706',813,,127880,12,0,5 65 1 66,1,630,,127885,12,0,5 65 1 66,1,206,,127887,12,0,5 65 1 66,1
1501,'20260707',813,,127894,12,0,5 65 1 66,1,630,,127899,12,0,5 65 1 66,1,206,,127901,12,0,5 65 1 66,1
1501,'20260708',813,,127908,12,0,5 65 1 66,1,630,,127913,12,0,5 65 1 66,1,206,,127915,12,0,5 65 1 66,1
1501,'20260709',813,,127922,12,0,5 65 1 66,1,630,,127927,12,0,5 65 1 66,1,206,,127929,12,0,5 65 1 66,1
1501,'20260710',813,,127936,12,0,5 65 1 66,1,630,,127941,12,0,5 65 1 66,1,206,,127943,12,0,5 65 1 66,1
1501,'20260711',926,,127950,12,0,5 65 1 66,1,588,,127953,12,0,5 65 1 66,1,601,,127958,12,0,5 65 1 66,1
1501,'20260712',926,,127962,12,0,5 65 1 66,1,588,,127965,12,0,5 65 1 66,1,601,,127970,12,0,5 65 1 66,1
1501,'20260713',813,,127974,12,0,5 65 1 66,1,630,,127979,12,0,5 65 1 66,1,206,,127981,12,0,5 65 1 66,1
1501,'20260714',813,,127988,12,0,5 65 1 66,1,630,,127993,12,0,5 65 1 66,1,206,,127995,12,0,5 65 1 66,1
1501,'20260715',813,,128002,12,0,5 65 1 66,1,630,,128007,12,0,5 65 1 66,1,206,,128009,12,0,5 65 1 66,1
1501,'20260716',813,,128016,12,0,5 65 1 66,1,630,,128021,12,0,5 65 1 66,1,206,,128023,12,0,5 65 1 66,1
1501,'20260717',813,,128030,12,0,5 65 1 66,1,630,,128035,12,0,5 65 1 66,1,206,,128037,12,0,5 65 1 66,1
1501,'20260718',926,,128044,12,0,5 65 1 66,1,588,,128047,12,0,5 65 1 66,1,601,,128052,12,0,5 65 1 66,1
1501,'20260719',926,,128056,12,0,5 65 1 66,1,588,,128059,12,0,5 65 1 66,1,601,,128064,12,0,5 65 1 66,1
1501,'20260720',813,,128068,12,0,5 65 1 66,1,630,,128073,12,0,5 65 1 66,1,206,,128075,12,0,5 65 1 66,1
1501,'20260721',813,,128082,12,0,5 65 1 66,1,630,,128087,12,0,5 65 1 66,1,206,,128089,12,0,5 65 1 66,1
1501,'20260722',813,,128096,12,0,5 65 1 66,1,630,,128101,12,0,5 65 1 66,1,206,,128103,12,0,5 65 1 66,1
1501,'20260723',813,,128110,12,0,5 65 1 66,1,630,,128115,12,0,5 65 1 66,1,206,,128117,12,0,5 65 1 66,1
1501,'20260724',813,,128124,12,0,5 65 1 66,1,630,,128129,12,0,5 65 1 66,1,206,,128131,12,0,5 65 1 66,1
1501,'20260725',926,,128138,12,0,5 65 1 66,1,588,,128141,12,0,5 65 1 66,1,601,,128146,12,0,5 65 1 66,1
1501,'20260726',926,,128150,12,0,5 65 1 66,1,588,,128153,12,0,5 65 1 66,1,601,,128158,12,0,5 65 1 66,1
1501,'20260727',813,,128162,12,0,5 65 1 66,1,630,,128167,12,0,5 65 1 66,1,206,,128169,12,0,5 65 1 66,1
1501,'20260728',813,,128176,12,0,5 65 1 66,1,630,,128181,12,0,5 65 1 66,1,206,,128183,12,0,5 65 1 66,1
1501,'20260729',813,,128190,12,0,5 65 1 66,1,630,,128195,12,0,5 65 1 66,1,206,,128197,12,0,5 65 1 66,1
1501,'20260730',813,,128204,12,0,5 65 1 66,1,630,,128209,12,0,5 65 1 66,1,206,,128211,12,0,5 65 1 66,1
1501,'20260731',813,,128218,12,0,5 65 1 66,1,630,,128223,12,0,5 65 1 66,1,206,,128225,12,0,5 65 1 66,1
1501,'20260801',926,,128232,12,0,5 65 1 66,1,588,,128235,12,0,5 65 1 66,1,601,,128240,12,0,5 65 1 66,1
1501,'20260802',926,,128244,12,0,5 65 1 66,1,588,,128247,12,0,5 65 1 66,1,601,,128252,12,0,5 65 1 66,1
1501,'20260803',926,,128256,12,0,5 65 1 66,1,588,,128259,12,0,5 65 1 66,1,601,,128264,12,0,5 65 1 66,1
1501,'20260804',813,,128268,12,0,5 65 1 66,1,630,,128273,12,0,5 65 1 66,1,206,,128275,12,0,5 65 1 66,1
1501,'20260805',813,,128282,12,0,5 65 1 66,1,630,,128287,12,0,5 65 1 66,1,206,,128289,12,0,5 65 1 66,1
1501,'20260806',813,,128296,12,0,5 65 1 66,1,630,,128301,12,0,5 65 1 66,1,206,,128303,12,0,5 65 1 66,1
1501,'20260807',813,,128310,12,0,5 65 1 66,1,630,,128315,12,0,5 65 1 66,1,206,,128317,12,0,5 65 1 66,1
1501,'20260808',926,,128324,12,0,5 65 1 66,1,588,,128327,12,0,5 65 1 66,1,601,,128332,12,0,5 65 1 66,1
1501,'20260809',926,,128336,12,0,5 65 1 66,1,588,,128339,12,0,5 65 1 66,1,601,,128344,12,0,5 65 1 66,1
1501,'20260810',813,,128348,12,0,5 65 1 66,1,630,,128353,12,0,5 65 1 66,1,206,,128355,12,0,5 65 1 66,1
1501,'20260811',813,,128362,12,0,5 65 1 66,1,630,,128367,12,0,5 65 1 66,1,206,,128369,12,0,5 65 1 66,1
1501,'20260812',813,,128376,12,0,5 65 1 66,1,630,,128381,12,0,5 65 1 66,1,206,,128383,12,0,5 65 1 66,1
1501,'20260813',813,,128390,12,0,5 65 1 66,1,630,,128395,12,0,5 65 1 66,1,206,,128397,12,0,5 65 1 66,1
1501,'20260814',813,,128404,12,0,5 65 1 66,1,630,,128409,12,0,5 65 1 66,1,206,,128411,12,0,5 65 1 66,1
1501,'20260815',926,,128418,12,0,5 65 1 66,1,588,,128421,12,0,5 65 1 66,1,601,,128426,12,0,5 65 1 66,1
1501,'20260816',926,,128430,12,0,5 65 1 66,1,588,,128433,12,0,5 65 1 66,1,601,,128438,12,0,5 65 1 66,1
1501,'20260817',813,,128442,12,0,5 65 1 66,1,630,,128447,12,0,5 65 1 66,1,206,,128449,12,0,5 65 1 66,1
1501,'20260818',813,,128456,12,0,5 65 1 66,1,630,,128461,12,0,5 65 1 66,1,206,,128463,12,0,5 65 1 66,1
1501,'20260819',813,,128470,12,0,5 65 1 66,1,630,,128475,12,0,5 65 1 66,1,206,,128477,12,0,5 65 1 66,1
1501,'20260820',813,,128484,12,0,5 65 1 66,1,630,,128489,12,0,5 65 1 66,1,206,,128491,12,0,5 65 1 66,1
1501,'20260821',813,,128498,12,0,5 65 1 66,1,630,,128503,12,0,5 65 1 66,1,206,,128505,12,0,5 65 1 66,1
1501,'20260822',926,,128512,12,0,5 65 1 66,1,588,,128515,12,0,5 65 1 66,1,601,,128520,12,0,5 65 1 66,1
1501,'20260823',926,,128524,12,0,5 65 1 66,1,588,,128527,12,0,5 65 1 66,1,601,,128532,12,0,5 65 1 66,1
1501,'20260824',813,,128536,12,0,5 65 1 66,1,630,,128541,12,0,5 65 1 66,1,206,,128543,12,0,5 65 1 66,1
1501,'20260825',813,,128550,12,0,5 65 1 66,1,630,,128555,12,0,5 65 1 66,1,206,,128557,12,0,5 65 1 66,1
1501,'20260826',813,,128564,12,0,5 65 1 66,1,630,,128569,12,0,5 65 1 66,1,206,,128571,12,0,5 65 1 66,1
1501,'20260827',813,,128578,12,0,5 65 1 66,1,630,,128583,12,0,5 65 1 66,1,206,,128585,12,0,5 65 1 66,1
1501,'20260828',813,,128592,12,0,5 65 1 66,1,630,,128597,12,0,5 65 1 66,1,206,,128599,12,0,5 65 1 66,1
1501,'20260829',926,,128606,12,0,5 65 1 66,1,588,,128609,12,0,5 65 1 66,1,601,,128614,12,0,5 65 1 66,1
1501,'20260830',926,,128618,12,0,5 65 1 66,1,588,,128621,12,0,5 65 1 66,1,601,,128626,12,0,5 65 1 66,1
1501,'20260831',813,,128630,12,0,5 65 1 66,1,630,,128635,12,0,5 65 1 66,1,206,,128637,12,0,5 65 1 66,1
1501,'20260901',813,,128644,12,0,5 65 1 66,1,630,,128649,12,0,5 65 1 66,1,206,,128651,12,0,5 65 1 66,1
1501,'20260902',813,,128658,12,0,5 65 1 66,1,630,,128663,12,0,5 65 1 66,1,206,,128665,12,0,5 65 1 66,1
1501,'20260903',813,,128672,12,0,5 65 1 66,1,630,,128677,12,0,5 65 1 66,1,206,,128679,12,0,5 65 1 66,1
1501,'20260904',813,,128686,12,0,5 65 1 66,1,630,,128691,12,0,5 65 1 66,1,206,,128693,12,0,5 65 1 66,1
