3201,'20260716',1653,,167618,9,0,5 18,1,103,,167622,9,0,5 18,1
3201,'20260717',1653,,167636,9,0,5 18,1,103,,167640,9,0,5 18,1
3201,'20260720',1653,,167654,9,0,5 18,1,103,,167658,9,0,5 18,1
3201,'20260721',1653,,167672,9,0,5 18,1,103,,167676,9,0,5 18,1
3201,'20260722',1653,,167690,9,0,5 18,1,103,,167694,9,0,5 18,1
3201,'20260723',1653,,167708,9,0,5 18,1,103,,167712,9,0,5 18,1
3201,'20260724',1653,,167726,9,0,5 18,1,103,,167730,9,0,5 18,1
3201,'20260727',1653,,167744,9,0,5 18,1,103,,167748,9,0,5 18,1
3201,'20260728',1653,,167762,9,0,5 18,1,103,,167766,9,0,5 18,1
3201,'20260729',1653,,167780,9,0,5 18,1,103,,167784,9,0,5 18,1
3201,'20260730',1653,,167798,9,0,5 18,1,103,,167802,9,0,5 18,1
3201,'20260731',1653,,167816,9,0,5 18,1,103,,167820,9,0,5 18,1
3201,'20260804',1653,,167834,9,0,5 18,1,103,,167838,9,0,5 18,1
3201,'20260805',1653,,167852,9,0,5 18,1,103,,167856,9,0,5 18,1
3201,'20260806',1653,,167870,9,0,5 18,1,103,,167874,9,0,5 18,1
3201,'20260807',1653,,167888,9,0,5 18,1,103,,167892,9,0,5 18,1
3201,'20260810',1653,,167906,9,0,5 18,1,103,,167910,9,0,5 18,1
3201,'20260811',1653,,167924,9,0,5 18,1,103,,167928,9,0,5 18,1
3201,'20260812',1653,,167942,9,0,5 18,1,103,,167946,9,0,5 18,1
3201,'20260813',1653,,167960,9,0,5 18,1,103,,167964,9,0,5 18,1
3201,'20260814',1653,,167978,9,0,5 18,1,103,,167982,9,0,5 18,1
3201,'20260817',1653,,167996,9,0,5 18,1,103,,168000,9,0,5 18,1
3201,'20260818',1653,,168014,9,0,5 18,1,103,,168018,9,0,5 18,1
3201,'20260819',1653,,168032,9,0,5 18,1,103,,168036,9,0,5 18,1
3201,'20260820',1653,,168050,9,0,5 18,1,103,,168054,9,0,5 18,1
3201,'20260821',1653,,168068,9,0,5 18,1,103,,168072,9,0,5 18,1
3201,'20260824',1653,,168086,9,0,5 18,1,103,,168090,9,0,5 18,1
3201,'20260825',1653,,168104,9,0,5 18,1,103,,168108,9,0,5 18,1
3201,'20260826',1653,,168122,9,0,5 18,1,103,,168126,9,0,5 18,1
3201,'20260827',1653,,168140,9,0,5 18,1,103,,168144,9,0,5 18,1
3201,'20260828',1653,,168158,9,0,5 18,1,103,,168162,9,0,5 18,1
3201,'20260831',1653,,168176,9,0,5 18,1,103,,168180,9,0,5 18,1
3201,'20260901',1653,,168194,9,0,5 18,1,103,,168198,9,0,5 18,1
3201,'20260902',1653,,168212,9,0,5 18,1,103,,168216,9,0,5 18,1
3201,'20260903',1653,,168230,9,0,5 18,1,103,,168234,9,0,5 18,1
3201,'20260904',1653,,168248,9,0,5 18,1,103,,168252,9,0,5 18,1
3601,'20260716',627,,174859,5,0,5 18,1,105,,174860,5,0,5 18,1,100,,174861,5,0,5 18,1,200,,174862,5,0,5 18,1,200,,174863,5,0,5 18,1,200,,174864,5,0,5 18,1,108,,174865,5,0,5 18,1,105,,174866,5,0,5 18,1,100,,174867,5,0,5 18,1,95,,174868,5,0,5 18,1,97,,174869,5,0,5 18,1,95,,174870,5,0,5 18,1,100,,174871,5,0,5 18,1,195,,174872,5,0,5 18,1,200,,174873,5,0,5 18,1
3601,'20260717',627,,174874,5,0,5 18,1,105,,174875,5,0,5 18,1,100,,174876,5,0,5 18,1,200,,174877,5,0,5 18,1,200,,174878,5,0,5 18,1,200,,174879,5,0,5 18,1,108,,174880,5,0,5 18,1,105,,174881,5,0,5 18,1,100,,174882,5,0,5 18,1,95,,174883,5,0,5 18,1,97,,174884,5,0,5 18,1,95,,174885,5,0,5 18,1,100,,174886,5,0,5 18,1,195,,174887,5,0,5 18,1,200,,174888,5,0,5 18,1
3601,'20260718',745,,174889,5,0,5 18,1,70,,174890,5,0,5 18,1,30,,174891,5,0,5 18,1,105,,174892,5,0,5 18,1,100,,174893,5,0,5 18,1,100,,174894,5,0,5 18,1,108,,174895,5,0,5 18,1,100,,174896,5,0,5 18,1,145,,174897,5,0,5 18,1,100,,174898,5,0,5 18,1,30,,174899,5,0,5 18,1,70,,174900,5,0,5 18,1,30,,174901,5,0,5 18,1,70,,174902,5,0,5 18,1,30,,174903,5,0,5 18,1,70,,174904,5,0,5 18,1,30,,174905,5,0,5 18,1,67,,174906,5,0,5 18,1,55,,174907,5,0,5 18,1,100,,174908,5,0,5 18,1,95,,174909,5,0,5 18,1,95,,174910,5,0,5 18,1,200,,174911,5,0,5 18,1
3601,'20260719',745,,174912,5,0,5 18,1,70,,174913,5,0,5 18,1,30,,174914,5,0,5 18,1,105,,174915,5,0,5 18,1,100,,174916,5,0,5 18,1,100,,174917,5,0,5 18,1,108,,174918,5,0,5 18,1,100,,174919,5,0,5 18,1,145,,174920,5,0,5 18,1,100,,174921,5,0,5 18,1,100,,174922,5,0,5 18,1,30,,174923,5,0,5 18,1,70,,174924,5,0,5 18,1,100,,174925,5,0,5 18,1,97,,174926,5,0,5 18,1,55,,174927,5,0,5 18,1,100,,174928,5,0,5 18,1,95,,174929,5,0,5 18,1,95,,174930,5,0,5 18,1,200,,174931,5,0,5 18,1
3601,'20260720',627,,174932,5,0,5 18,1,105,,174933,5,0,5 18,1,100,,174934,5,0,5 18,1,200,,174935,5,0,5 18,1,200,,174936,5,0,5 18,1,200,,174937,5,0,5 18,1,108,,174938,5,0,5 18,1,105,,174939,5,0,5 18,1,100,,174940,5,0,5 18,1,95,,174941,5,0,5 18,1,97,,174942,5,0,5 18,1,95,,174943,5,0,5 18,1,100,,174944,5,0,5 18,1,195,,174945,5,0,5 18,1,200,,174946,5,0,5 18,1
3601,'20260721',627,,174947,5,0,5 18,1,105,,174948,5,0,5 18,1,100,,174949,5,0,5 18,1,200,,174950,5,0,5 18,1,200,,174951,5,0,5 18,1,200,,174952,5,0,5 18,1,108,,174953,5,0,5 18,1,105,,174954,5,0,5 18,1,100,,174955,5,0,5 18,1,95,,174956,5,0,5 18,1,97,,174957,5,0,5 18,1,95,,174958,5,0,5 18,1,100,,174959,5,0,5 18,1,195,,174960,5,0,5 18,1,200,,174961,5,0,5 18,1
3601,'20260722',627,,174962,5,0,5 18,1,105,,174963,5,0,5 18,1,100,,174964,5,0,5 18,1,200,,174965,5,0,5 18,1,200,,174966,5,0,5 18,1,200,,174967,5,0,5 18,1,108,,174968,5,0,5 18,1,105,,174969,5,0,5 18,1,100,,174970,5,0,5 18,1,95,,174971,5,0,5 18,1,97,,174972,5,0,5 18,1,95,,174973,5,0,5 18,1,100,,174974,5,0,5 18,1,195,,174975,5,0,5 18,1,200,,174976,5,0,5 18,1
3601,'20260723',627,,174977,5,0,5 18,1,105,,174978,5,0,5 18,1,100,,174979,5,0,5 18,1,200,,174980,5,0,5 18,1,200,,174981,5,0,5 18,1,200,,174982,5,0,5 18,1,108,,174983,5,0,5 18,1,105,,174984,5,0,5 18,1,100,,174985,5,0,5 18,1,95,,174986,5,0,5 18,1,97,,174987,5,0,5 18,1,95,,174988,5,0,5 18,1,100,,174989,5,0,5 18,1,195,,174990,5,0,5 18,1,200,,174991,5,0,5 18,1
3601,'20260724',627,,174992,5,0,5 18,1,105,,174993,5,0,5 18,1,100,,174994,5,0,5 18,1,200,,174995,5,0,5 18,1,200,,174996,5,0,5 18,1,200,,174997,5,0,5 18,1,108,,174998,5,0,5 18,1,105,,174999,5,0,5 18,1,100,,175000,5,0,5 18,1,95,,175001,5,0,5 18,1,97,,175002,5,0,5 18,1,95,,175003,5,0,5 18,1,100,,175004,5,0,5 18,1,195,,175005,5,0,5 18,1,200,,175006,5,0,5 18,1
3601,'20260725',745,,175007,5,0,5 18,1,70,,175008,5,0,5 18,1,30,,175009,5,0,5 18,1,105,,175010,5,0,5 18,1,100,,175011,5,0,5 18,1,100,,175012,5,0,5 18,1,108,,175013,5,0,5 18,1,100,,175014,5,0,5 18,1,145,,175015,5,0,5 18,1,100,,175016,5,0,5 18,1,30,,175017,5,0,5 18,1,70,,175018,5,0,5 18,1,30,,175019,5,0,5 18,1,70,,175020,5,0,5 18,1,30,,175021,5,0,5 18,1,70,,175022,5,0,5 18,1,30,,175023,5,0,5 18,1,67,,175024,5,0,5 18,1,55,,175025,5,0,5 18,1,100,,175026,5,0,5 18,1,95,,175027,5,0,5 18,1,95,,175028,5,0,5 18,1,200,,175029,5,0,5 18,1
3601,'20260726',745,,175030,5,0,5 18,1,70,,175031,5,0,5 18,1,30,,175032,5,0,5 18,1,105,,175033,5,0,5 18,1,100,,175034,5,0,5 18,1,100,,175035,5,0,5 18,1,108,,175036,5,0,5 18,1,100,,175037,5,0,5 18,1,145,,175038,5,0,5 18,1,100,,175039,5,0,5 18,1,100,,175040,5,0,5 18,1,30,,175041,5,0,5 18,1,70,,175042,5,0,5 18,1,100,,175043,5,0,5 18,1,97,,175044,5,0,5 18,1,55,,175045,5,0,5 18,1,100,,175046,5,0,5 18,1,95,,175047,5,0,5 18,1,95,,175048,5,0,5 18,1,200,,175049,5,0,5 18,1
3601,'20260727',627,,175050,5,0,5 18,1,105,,175051,5,0,5 18,1,100,,175052,5,0,5 18,1,200,,175053,5,0,5 18,1,200,,175054,5,0,5 18,1,200,,175055,5,0,5 18,1,108,,175056,5,0,5 18,1,105,,175057,5,0,5 18,1,100,,175058,5,0,5 18,1,95,,175059,5,0,5 18,1,97,,175060,5,0,5 18,1,95,,175061,5,0,5 18,1,100,,175062,5,0,5 18,1,195,,175063,5,0,5 18,1,200,,175064,5,0,5 18,1
3601,'20260728',627,,175065,5,0,5 18,1,105,,175066,5,0,5 18,1,100,,175067,5,0,5 18,1,200,,175068,5,0,5 18,1,200,,175069,5,0,5 18,1,200,,175070,5,0,5 18,1,108,,175071,5,0,5 18,1,105,,175072,5,0,5 18,1,100,,175073,5,0,5 18,1,95,,175074,5,0,5 18,1,97,,175075,5,0,5 18,1,95,,175076,5,0,5 18,1,100,,175077,5,0,5 18,1,195,,175078,5,0,5 18,1,200,,175079,5,0,5 18,1
3601,'20260729',627,,175080,5,0,5 18,1,105,,175081,5,0,5 18,1,100,,175082,5,0,5 18,1,200,,175083,5,0,5 18,1,200,,175084,5,0,5 18,1,200,,175085,5,0,5 18,1,108,,175086,5,0,5 18,1,105,,175087,5,0,5 18,1,100,,175088,5,0,5 18,1,95,,175089,5,0,5 18,1,97,,175090,5,0,5 18,1,95,,175091,5,0,5 18,1,100,,175092,5,0,5 18,1,195,,175093,5,0,5 18,1,200,,175094,5,0,5 18,1
3601,'20260730',627,,175095,5,0,5 18,1,105,,175096,5,0,5 18,1,100,,175097,5,0,5 18,1,200,,175098,5,0,5 18,1,200,,175099,5,0,5 18,1,200,,175100,5,0,5 18,1,108,,175101,5,0,5 18,1,105,,175102,5,0,5 18,1,100,,175103,5,0,5 18,1,95,,175104,5,0,5 18,1,97,,175105,5,0,5 18,1,95,,175106,5,0,5 18,1,100,,175107,5,0,5 18,1,195,,175108,5,0,5 18,1,200,,175109,5,0,5 18,1
3601,'20260731',627,,175110,5,0,5 18,1,105,,175111,5,0,5 18,1,100,,175112,5,0,5 18,1,200,,175113,5,0,5 18,1,200,,175114,5,0,5 18,1,200,,175115,5,0,5 18,1,108,,175116,5,0,5 18,1,105,,175117,5,0,5 18,1,100,,175118,5,0,5 18,1,95,,175119,5,0,5 18,1,97,,175120,5,0,5 18,1,95,,175121,5,0,5 18,1,100,,175122,5,0,5 18,1,195,,175123,5,0,5 18,1,200,,175124,5,0,5 18,1
3601,'20260801',745,,175125,5,0,5 18,1,70,,175126,5,0,5 18,1,30,,175127,5,0,5 18,1,105,,175128,5,0,5 18,1,100,,175129,5,0,5 18,1,100,,175130,5,0,5 18,1,108,,175131,5,0,5 18,1,100,,175132,5,0,5 18,1,145,,175133,5,0,5 18,1,100,,175134,5,0,5 18,1,30,,175135,5,0,5 18,1,70,,175136,5,0,5 18,1,30,,175137,5,0,5 18,1,70,,175138,5,0,5 18,1,30,,175139,5,0,5 18,1,70,,175140,5,0,5 18,1,30,,175141,5,0,5 18,1,67,,175142,5,0,5 18,1,55,,175143,5,0,5 18,1,100,,175144,5,0,5 18,1,95,,175145,5,0,5 18,1,95,,175146,5,0,5 18,1,200,,175147,5,0,5 18,1
3601,'20260802',745,,175148,5,0,5 18,1,70,,175149,5,0,5 18,1,30,,175150,5,0,5 18,1,105,,175151,5,0,5 18,1,100,,175152,5,0,5 18,1,100,,175153,5,0,5 18,1,108,,175154,5,0,5 18,1,100,,175155,5,0,5 18,1,145,,175156,5,0,5 18,1,100,,175157,5,0,5 18,1,100,,175158,5,0,5 18,1,30,,175159,5,0,5 18,1,70,,175160,5,0,5 18,1,100,,175161,5,0,5 18,1,97,,175162,5,0,5 18,1,55,,175163,5,0,5 18,1,100,,175164,5,0,5 18,1,95,,175165,5,0,5 18,1,95,,175166,5,0,5 18,1,200,,175167,5,0,5 18,1
3601,'20260803',745,,175168,5,0,5 18,1,70,,175169,5,0,5 18,1,30,,175170,5,0,5 18,1,105,,175171,5,0,5 18,1,100,,175172,5,0,5 18,1,100,,175173,5,0,5 18,1,108,,175174,5,0,5 18,1,100,,175175,5,0,5 18,1,145,,175176,5,0,5 18,1,100,,175177,5,0,5 18,1,30,,175178,5,0,5 18,1,70,,175179,5,0,5 18,1,30,,175180,5,0,5 18,1,70,,175181,5,0,5 18,1,30,,175182,5,0,5 18,1,70,,175183,5,0,5 18,1,30,,175184,5,0,5 18,1,67,,175185,5,0,5 18,1,55,,175186,5,0,5 18,1,100,,175187,5,0,5 18,1,95,,175188,5,0,5 18,1,95,,175189,5,0,5 18,1,200,,175190,5,0,5 18,1
3601,'20260804',627,,175191,5,0,5 18,1,105,,175192,5,0,5 18,1,100,,175193,5,0,5 18,1,200,,175194,5,0,5 18,1,200,,175195,5,0,5 18,1,200,,175196,5,0,5 18,1,108,,175197,5,0,5 18,1,105,,175198,5,0,5 18,1,100,,175199,5,0,5 18,1,95,,175200,5,0,5 18,1,97,,175201,5,0,5 18,1,95,,175202,5,0,5 18,1,100,,175203,5,0,5 18,1,195,,175204,5,0,5 18,1,200,,175205,5,0,5 18,1
3601,'20260805',627,,175206,5,0,5 18,1,105,,175207,5,0,5 18,1,100,,175208,5,0,5 18,1,200,,175209,5,0,5 18,1,200,,175210,5,0,5 18,1,200,,175211,5,0,5 18,1,108,,175212,5,0,5 18,1,105,,175213,5,0,5 18,1,100,,175214,5,0,5 18,1,95,,175215,5,0,5 18,1,97,,175216,5,0,5 18,1,95,,175217,5,0,5 18,1,100,,175218,5,0,5 18,1,195,,175219,5,0,5 18,1,200,,175220,5,0,5 18,1
3601,'20260806',627,,175221,5,0,5 18,1,105,,175222,5,0,5 18,1,100,,175223,5,0,5 18,1,200,,175224,5,0,5 18,1,200,,175225,5,0,5 18,1,200,,175226,5,0,5 18,1,108,,175227,5,0,5 18,1,105,,175228,5,0,5 18,1,100,,175229,5,0,5 18,1,95,,175230,5,0,5 18,1,97,,175231,5,0,5 18,1,95,,175232,5,0,5 18,1,100,,175233,5,0,5 18,1,195,,175234,5,0,5 18,1,200,,175235,5,0,5 18,1
3601,'20260807',627,,175236,5,0,5 18,1,105,,175237,5,0,5 18,1,100,,175238,5,0,5 18,1,200,,175239,5,0,5 18,1,200,,175240,5,0,5 18,1,200,,175241,5,0,5 18,1,108,,175242,5,0,5 18,1,105,,175243,5,0,5 18,1,100,,175244,5,0,5 18,1,95,,175245,5,0,5 18,1,97,,175246,5,0,5 18,1,95,,175247,5,0,5 18,1,100,,175248,5,0,5 18,1,195,,175249,5,0,5 18,1,200,,175250,5,0,5 18,1
3601,'20260808',745,,175251,5,0,5 18,1,70,,175252,5,0,5 18,1,30,,175253,5,0,5 18,1,105,,175254,5,0,5 18,1,100,,175255,5,0,5 18,1,100,,175256,5,0,5 18,1,108,,175257,5,0,5 18,1,100,,175258,5,0,5 18,1,145,,175259,5,0,5 18,1,100,,175260,5,0,5 18,1,30,,175261,5,0,5 18,1,70,,175262,5,0,5 18,1,30,,175263,5,0,5 18,1,70,,175264,5,0,5 18,1,30,,175265,5,0,5 18,1,70,,175266,5,0,5 18,1,30,,175267,5,0,5 18,1,67,,175268,5,0,5 18,1,55,,175269,5,0,5 18,1,100,,175270,5,0,5 18,1,95,,175271,5,0,5 18,1,95,,175272,5,0,5 18,1,200,,175273,5,0,5 18,1
3601,'20260809',745,,175274,5,0,5 18,1,70,,175275,5,0,5 18,1,30,,175276,5,0,5 18,1,105,,175277,5,0,5 18,1,100,,175278,5,0,5 18,1,100,,175279,5,0,5 18,1,108,,175280,5,0,5 18,1,100,,175281,5,0,5 18,1,145,,175282,5,0,5 18,1,100,,175283,5,0,5 18,1,100,,175284,5,0,5 18,1,30,,175285,5,0,5 18,1,70,,175286,5,0,5 18,1,100,,175287,5,0,5 18,1,97,,175288,5,0,5 18,1,55,,175289,5,0,5 18,1,100,,175290,5,0,5 18,1,95,,175291,5,0,5 18,1,95,,175292,5,0,5 18,1,200,,175293,5,0,5 18,1
3601,'20260810',627,,175294,5,0,5 18,1,105,,175295,5,0,5 18,1,100,,175296,5,0,5 18,1,200,,175297,5,0,5 18,1,200,,175298,5,0,5 18,1,200,,175299,5,0,5 18,1,108,,175300,5,0,5 18,1,105,,175301,5,0,5 18,1,100,,175302,5,0,5 18,1,95,,175303,5,0,5 18,1,97,,175304,5,0,5 18,1,95,,175305,5,0,5 18,1,100,,175306,5,0,5 18,1,195,,175307,5,0,5 18,1,200,,175308,5,0,5 18,1
3601,'20260811',627,,175309,5,0,5 18,1,105,,175310,5,0,5 18,1,100,,175311,5,0,5 18,1,200,,175312,5,0,5 18,1,200,,175313,5,0,5 18,1,200,,175314,5,0,5 18,1,108,,175315,5,0,5 18,1,105,,175316,5,0,5 18,1,100,,175317,5,0,5 18,1,95,,175318,5,0,5 18,1,97,,175319,5,0,5 18,1,95,,175320,5,0,5 18,1,100,,175321,5,0,5 18,1,195,,175322,5,0,5 18,1,200,,175323,5,0,5 18,1
3601,'20260812',627,,175324,5,0,5 18,1,105,,175325,5,0,5 18,1,100,,175326,5,0,5 18,1,200,,175327,5,0,5 18,1,200,,175328,5,0,5 18,1,200,,175329,5,0,5 18,1,108,,175330,5,0,5 18,1,105,,175331,5,0,5 18,1,100,,175332,5,0,5 18,1,95,,175333,5,0,5 18,1,97,,175334,5,0,5 18,1,95,,175335,5,0,5 18,1,100,,175336,5,0,5 18,1,195,,175337,5,0,5 18,1,200,,175338,5,0,5 18,1
3601,'20260813',627,,175339,5,0,5 18,1,105,,175340,5,0,5 18,1,100,,175341,5,0,5 18,1,200,,175342,5,0,5 18,1,200,,175343,5,0,5 18,1,200,,175344,5,0,5 18,1,108,,175345,5,0,5 18,1,105,,175346,5,0,5 18,1,100,,175347,5,0,5 18,1,95,,175348,5,0,5 18,1,97,,175349,5,0,5 18,1,95,,175350,5,0,5 18,1,100,,175351,5,0,5 18,1,195,,175352,5,0,5 18,1,200,,175353,5,0,5 18,1
3601,'20260814',627,,175354,5,0,5 18,1,105,,175355,5,0,5 18,1,100,,175356,5,0,5 18,1,200,,175357,5,0,5 18,1,200,,175358,5,0,5 18,1,200,,175359,5,0,5 18,1,108,,175360,5,0,5 18,1,105,,175361,5,0,5 18,1,100,,175362,5,0,5 18,1,95,,175363,5,0,5 18,1,97,,175364,5,0,5 18,1,95,,175365,5,0,5 18,1,100,,175366,5,0,5 18,1,195,,175367,5,0,5 18,1,200,,175368,5,0,5 18,1
3601,'20260815',745,,175369,5,0,5 18,1,70,,175370,5,0,5 18,1,30,,175371,5,0,5 18,1,105,,175372,5,0,5 18,1,100,,175373,5,0,5 18,1,100,,175374,5,0,5 18,1,108,,175375,5,0,5 18,1,100,,175376,5,0,5 18,1,145,,175377,5,0,5 18,1,100,,175378,5,0,5 18,1,30,,175379,5,0,5 18,1,70,,175380,5,0,5 18,1,30,,175381,5,0,5 18,1,70,,175382,5,0,5 18,1,30,,175383,5,0,5 18,1,70,,175384,5,0,5 18,1,30,,175385,5,0,5 18,1,67,,175386,5,0,5 18,1,55,,175387,5,0,5 18,1,100,,175388,5,0,5 18,1,95,,175389,5,0,5 18,1,95,,175390,5,0,5 18,1,200,,175391,5,0,5 18,1
3601,'20260816',745,,175392,5,0,5 18,1,70,,175393,5,0,5 18,1,30,,175394,5,0,5 18,1,105,,175395,5,0,5 18,1,100,,175396,5,0,5 18,1,100,,175397,5,0,5 18,1,108,,175398,5,0,5 18,1,100,,175399,5,0,5 18,1,145,,175400,5,0,5 18,1,100,,175401,5,0,5 18,1,100,,175402,5,0,5 18,1,30,,175403,5,0,5 18,1,70,,175404,5,0,5 18,1,100,,175405,5,0,5 18,1,97,,175406,5,0,5 18,1,55,,175407,5,0,5 18,1,100,,175408,5,0,5 18,1,95,,175409,5,0,5 18,1,95,,175410,5,0,5 18,1,200,,175411,5,0,5 18,1
3601,'20260817',627,,175412,5,0,5 18,1,105,,175413,5,0,5 18,1,100,,175414,5,0,5 18,1,200,,175415,5,0,5 18,1,200,,175416,5,0,5 18,1,200,,175417,5,0,5 18,1,108,,175418,5,0,5 18,1,105,,175419,5,0,5 18,1,100,,175420,5,0,5 18,1,95,,175421,5,0,5 18,1,97,,175422,5,0,5 18,1,95,,175423,5,0,5 18,1,100,,175424,5,0,5 18,1,195,,175425,5,0,5 18,1,200,,175426,5,0,5 18,1
3601,'20260818',627,,175427,5,0,5 18,1,105,,175428,5,0,5 18,1,100,,175429,5,0,5 18,1,200,,175430,5,0,5 18,1,200,,175431,5,0,5 18,1,200,,175432,5,0,5 18,1,108,,175433,5,0,5 18,1,105,,175434,5,0,5 18,1,100,,175435,5,0,5 18,1,95,,175436,5,0,5 18,1,97,,175437,5,0,5 18,1,95,,175438,5,0,5 18,1,100,,175439,5,0,5 18,1,195,,175440,5,0,5 18,1,200,,175441,5,0,5 18,1
3601,'20260819',627,,175442,5,0,5 18,1,105,,175443,5,0,5 18,1,100,,175444,5,0,5 18,1,200,,175445,5,0,5 18,1,200,,175446,5,0,5 18,1,200,,175447,5,0,5 18,1,108,,175448,5,0,5 18,1,105,,175449,5,0,5 18,1,100,,175450,5,0,5 18,1,95,,175451,5,0,5 18,1,97,,175452,5,0,5 18,1,95,,175453,5,0,5 18,1,100,,175454,5,0,5 18,1,195,,175455,5,0,5 18,1,200,,175456,5,0,5 18,1
3601,'20260820',627,,175457,5,0,5 18,1,105,,175458,5,0,5 18,1,100,,175459,5,0,5 18,1,200,,175460,5,0,5 18,1,200,,175461,5,0,5 18,1,200,,175462,5,0,5 18,1,108,,175463,5,0,5 18,1,105,,175464,5,0,5 18,1,100,,175465,5,0,5 18,1,95,,175466,5,0,5 18,1,97,,175467,5,0,5 18,1,95,,175468,5,0,5 18,1,100,,175469,5,0,5 18,1,195,,175470,5,0,5 18,1,200,,175471,5,0,5 18,1
3601,'20260821',627,,175472,5,0,5 18,1,105,,175473,5,0,5 18,1,100,,175474,5,0,5 18,1,200,,175475,5,0,5 18,1,200,,175476,5,0,5 18,1,200,,175477,5,0,5 18,1,108,,175478,5,0,5 18,1,105,,175479,5,0,5 18,1,100,,175480,5,0,5 18,1,95,,175481,5,0,5 18,1,97,,175482,5,0,5 18,1,95,,175483,5,0,5 18,1,100,,175484,5,0,5 18,1,195,,175485,5,0,5 18,1,200,,175486,5,0,5 18,1
3601,'20260822',745,,175487,5,0,5 18,1,70,,175488,5,0,5 18,1,30,,175489,5,0,5 18,1,105,,175490,5,0,5 18,1,100,,175491,5,0,5 18,1,100,,175492,5,0,5 18,1,108,,175493,5,0,5 18,1,100,,175494,5,0,5 18,1,145,,175495,5,0,5 18,1,100,,175496,5,0,5 18,1,30,,175497,5,0,5 18,1,70,,175498,5,0,5 18,1,30,,175499,5,0,5 18,1,70,,175500,5,0,5 18,1,30,,175501,5,0,5 18,1,70,,175502,5,0,5 18,1,30,,175503,5,0,5 18,1,67,,175504,5,0,5 18,1,55,,175505,5,0,5 18,1,100,,175506,5,0,5 18,1,95,,175507,5,0,5 18,1,95,,175508,5,0,5 18,1,200,,175509,5,0,5 18,1
3601,'20260823',745,,175510,5,0,5 18,1,70,,175511,5,0,5 18,1,30,,175512,5,0,5 18,1,105,,175513,5,0,5 18,1,100,,175514,5,0,5 18,1,100,,175515,5,0,5 18,1,108,,175516,5,0,5 18,1,100,,175517,5,0,5 18,1,145,,175518,5,0,5 18,1,100,,175519,5,0,5 18,1,100,,175520,5,0,5 18,1,30,,175521,5,0,5 18,1,70,,175522,5,0,5 18,1,100,,175523,5,0,5 18,1,97,,175524,5,0,5 18,1,55,,175525,5,0,5 18,1,100,,175526,5,0,5 18,1,95,,175527,5,0,5 18,1,95,,175528,5,0,5 18,1,200,,175529,5,0,5 18,1
3601,'20260824',627,,175530,5,0,5 18,1,105,,175531,5,0,5 18,1,100,,175532,5,0,5 18,1,200,,175533,5,0,5 18,1,200,,175534,5,0,5 18,1,200,,175535,5,0,5 18,1,108,,175536,5,0,5 18,1,105,,175537,5,0,5 18,1,100,,175538,5,0,5 18,1,95,,175539,5,0,5 18,1,97,,175540,5,0,5 18,1,95,,175541,5,0,5 18,1,100,,175542,5,0,5 18,1,195,,175543,5,0,5 18,1,200,,175544,5,0,5 18,1
3601,'20260825',627,,175545,5,0,5 18,1,105,,175546,5,0,5 18,1,100,,175547,5,0,5 18,1,200,,175548,5,0,5 18,1,200,,175549,5,0,5 18,1,200,,175550,5,0,5 18,1,108,,175551,5,0,5 18,1,105,,175552,5,0,5 18,1,100,,175553,5,0,5 18,1,95,,175554,5,0,5 18,1,97,,175555,5,0,5 18,1,95,,175556,5,0,5 18,1,100,,175557,5,0,5 18,1,195,,175558,5,0,5 18,1,200,,175559,5,0,5 18,1
3601,'20260826',627,,175560,5,0,5 18,1,105,,175561,5,0,5 18,1,100,,175562,5,0,5 18,1,200,,175563,5,0,5 18,1,200,,175564,5,0,5 18,1,200,,175565,5,0,5 18,1,108,,175566,5,0,5 18,1,105,,175567,5,0,5 18,1,100,,175568,5,0,5 18,1,95,,175569,5,0,5 18,1,97,,175570,5,0,5 18,1,95,,175571,5,0,5 18,1,100,,175572,5,0,5 18,1,195,,175573,5,0,5 18,1,200,,175574,5,0,5 18,1
3601,'20260827',627,,175575,5,0,5 18,1,105,,175576,5,0,5 18,1,100,,175577,5,0,5 18,1,200,,175578,5,0,5 18,1,200,,175579,5,0,5 18,1,200,,175580,5,0,5 18,1,108,,175581,5,0,5 18,1,105,,175582,5,0,5 18,1,100,,175583,5,0,5 18,1,95,,175584,5,0,5 18,1,97,,175585,5,0,5 18,1,95,,175586,5,0,5 18,1,100,,175587,5,0,5 18,1,195,,175588,5,0,5 18,1,200,,175589,5,0,5 18,1
3601,'20260828',627,,175590,5,0,5 18,1,105,,175591,5,0,5 18,1,100,,175592,5,0,5 18,1,200,,175593,5,0,5 18,1,200,,175594,5,0,5 18,1,200,,175595,5,0,5 18,1,108,,175596,5,0,5 18,1,105,,175597,5,0,5 18,1,100,,175598,5,0,5 18,1,95,,175599,5,0,5 18,1,97,,175600,5,0,5 18,1,95,,175601,5,0,5 18,1,100,,175602,5,0,5 18,1,195,,175603,5,0,5 18,1,200,,175604,5,0,5 18,1
3601,'20260829',745,,175605,5,0,5 18,1,70,,175606,5,0,5 18,1,30,,175607,5,0,5 18,1,105,,175608,5,0,5 18,1,100,,175609,5,0,5 18,1,100,,175610,5,0,5 18,1,108,,175611,5,0,5 18,1,100,,175612,5,0,5 18,1,145,,175613,5,0,5 18,1,100,,175614,5,0,5 18,1,30,,175615,5,0,5 18,1,70,,175616,5,0,5 18,1,30,,175617,5,0,5 18,1,70,,175618,5,0,5 18,1,30,,175619,5,0,5 18,1,70,,175620,5,0,5 18,1,30,,175621,5,0,5 18,1,67,,175622,5,0,5 18,1,55,,175623,5,0,5 18,1,100,,175624,5,0,5 18,1,95,,175625,5,0,5 18,1,95,,175626,5,0,5 18,1,200,,175627,5,0,5 18,1
3601,'20260830',745,,175628,5,0,5 18,1,70,,175629,5,0,5 18,1,30,,175630,5,0,5 18,1,105,,175631,5,0,5 18,1,100,,175632,5,0,5 18,1,100,,175633,5,0,5 18,1,108,,175634,5,0,5 18,1,100,,175635,5,0,5 18,1,145,,175636,5,0,5 18,1,100,,175637,5,0,5 18,1,100,,175638,5,0,5 18,1,30,,175639,5,0,5 18,1,70,,175640,5,0,5 18,1,100,,175641,5,0,5 18,1,97,,175642,5,0,5 18,1,55,,175643,5,0,5 18,1,100,,175644,5,0,5 18,1,95,,175645,5,0,5 18,1,95,,175646,5,0,5 18,1,200,,175647,5,0,5 18,1
3601,'20260831',627,,175648,5,0,5 18,1,105,,175649,5,0,5 18,1,100,,175650,5,0,5 18,1,200,,175651,5,0,5 18,1,200,,175652,5,0,5 18,1,200,,175653,5,0,5 18,1,108,,175654,5,0,5 18,1,105,,175655,5,0,5 18,1,100,,175656,5,0,5 18,1,95,,175657,5,0,5 18,1,97,,175658,5,0,5 18,1,95,,175659,5,0,5 18,1,100,,175660,5,0,5 18,1,195,,175661,5,0,5 18,1,200,,175662,5,0,5 18,1
3601,'20260901',627,,175663,5,0,5 18,1,105,,175664,5,0,5 18,1,100,,175665,5,0,5 18,1,200,,175666,5,0,5 18,1,200,,175667,5,0,5 18,1,200,,175668,5,0,5 18,1,108,,175669,5,0,5 18,1,105,,175670,5,0,5 18,1,100,,175671,5,0,5 18,1,95,,175672,5,0,5 18,1,97,,175673,5,0,5 18,1,95,,175674,5,0,5 18,1,100,,175675,5,0,5 18,1,195,,175676,5,0,5 18,1,200,,175677,5,0,5 18,1
3601,'20260902',627,,175678,5,0,5 18,1,105,,175679,5,0,5 18,1,100,,175680,5,0,5 18,1,200,,175681,5,0,5 18,1,200,,175682,5,0,5 18,1,200,,175683,5,0,5 18,1,108,,175684,5,0,5 18,1,105,,175685,5,0,5 18,1,100,,175686,5,0,5 18,1,95,,175687,5,0,5 18,1,97,,175688,5,0,5 18,1,95,,175689,5,0,5 18,1,100,,175690,5,0,5 18,1,195,,175691,5,0,5 18,1,200,,175692,5,0,5 18,1
3601,'20260903',627,,175693,5,0,5 18,1,105,,175694,5,0,5 18,1,100,,175695,5,0,5 18,1,200,,175696,5,0,5 18,1,200,,175697,5,0,5 18,1,200,,175698,5,0,5 18,1,108,,175699,5,0,5 18,1,105,,175700,5,0,5 18,1,100,,175701,5,0,5 18,1,95,,175702,5,0,5 18,1,97,,175703,5,0,5 18,1,95,,175704,5,0,5 18,1,100,,175705,5,0,5 18,1,195,,175706,5,0,5 18,1,200,,175707,5,0,5 18,1
3601,'20260904',627,,175708,5,0,5 18,1,105,,175709,5,0,5 18,1,100,,175710,5,0,5 18,1,200,,175711,5,0,5 18,1,200,,175712,5,0,5 18,1,200,,175713,5,0,5 18,1,108,,175714,5,0,5 18,1,105,,175715,5,0,5 18,1,100,,175716,5,0,5 18,1,95,,175717,5,0,5 18,1,97,,175718,5,0,5 18,1,95,,175719,5,0,5 18,1,100,,175720,5,0,5 18,1,195,,175721,5,0,5 18,1,200,,175722,5,0,5 18,1
