8801,'20260528',544,,113425,17,0,5 11 12 9,1,178,,113426,17,,,1,120,,113427,17,0,5 11 12 9,1,210,,113428,17,,,1,100,,113429,17,,,1,200,,113430,17,,,1,200,,113431,17,,,1,200,,113432,17,,,1,205,,113433,17,,,1,145,,113434,17,,,1,157,,113435,17,,,1
8801,'20260529',544,,113436,17,0,5 11 12 9,1,178,,113437,17,,,1,120,,113438,17,0,5 11 12 9,1,210,,113439,17,,,1,100,,113440,17,,,1,200,,113441,17,,,1,200,,113442,17,,,1,200,,113443,17,,,1,205,,113444,17,,,1,145,,113445,17,,,1,157,,113446,17,,,1
8801,'20260530',657,,113447,17,,,1,200,,113448,17,,,1,195,,113449,17,,,1,270,,113451,17,,,1,302,,113453,17,,,1,300,,113455,17,,,1,130,,113456,17,,,1,203,,113457,17,,,1
8801,'20260531',657,,113458,17,,,1,200,,113459,17,,,1,195,,113460,17,,,1,270,,113462,17,,,1,302,,113464,17,,,1,300,,113466,17,,,1,130,,113467,17,,,1,203,,113468,17,,,1
8801,'20260601',544,,113469,17,0,5 11 12 9,1,178,,113470,17,,,1,120,,113471,17,0,5 11 12 9,1,210,,113472,17,,,1,100,,113473,17,,,1,200,,113474,17,,,1,200,,113475,17,,,1,200,,113476,17,,,1,205,,113477,17,,,1,145,,113478,17,,,1,157,,113479,17,,,1
8801,'20260602',544,,113480,17,0,5 11 12 9,1,178,,113481,17,,,1,120,,113482,17,0,5 11 12 9,1,210,,113483,17,,,1,100,,113484,17,,,1,200,,113485,17,,,1,200,,113486,17,,,1,200,,113487,17,,,1,205,,113488,17,,,1,145,,113489,17,,,1,157,,113490,17,,,1
8801,'20260603',544,,113491,17,0,5 11 12 9,1,178,,113492,17,,,1,120,,113493,17,0,5 11 12 9,1,210,,113494,17,,,1,100,,113495,17,,,1,200,,113496,17,,,1,200,,113497,17,,,1,200,,113498,17,,,1,205,,113499,17,,,1,145,,113500,17,,,1,157,,113501,17,,,1
8801,'20260604',544,,113502,17,0,5 11 12 9,1,178,,113503,17,,,1,120,,113504,17,0,5 11 12 9,1,210,,113505,17,,,1,100,,113506,17,,,1,200,,113507,17,,,1,200,,113508,17,,,1,200,,113509,17,,,1,205,,113510,17,,,1,145,,113511,17,,,1,157,,113512,17,,,1
8801,'20260605',544,,113513,17,0,5 11 12 9,1,178,,113514,17,,,1,120,,113515,17,0,5 11 12 9,1,210,,113516,17,,,1,100,,113517,17,,,1,200,,113518,17,,,1,200,,113519,17,,,1,200,,113520,17,,,1,205,,113521,17,,,1,145,,113522,17,,,1,157,,113523,17,,,1
8801,'20260606',657,,113524,17,,,1,200,,113525,17,,,1,195,,113526,17,,,1,270,,113528,17,,,1,302,,113530,17,,,1,300,,113532,17,,,1,130,,113533,17,,,1,203,,113534,17,,,1
8801,'20260607',657,,113535,17,,,1,200,,113536,17,,,1,195,,113537,17,,,1,270,,113539,17,,,1,302,,113541,17,,,1,300,,113543,17,,,1,130,,113544,17,,,1,203,,113545,17,,,1
8801,'20260608',544,,113546,17,0,5 11 12 9,1,178,,113547,17,,,1,120,,113548,17,0,5 11 12 9,1,210,,113549,17,,,1,100,,113550,17,,,1,200,,113551,17,,,1,200,,113552,17,,,1,200,,113553,17,,,1,205,,113554,17,,,1,145,,113555,17,,,1,157,,113556,17,,,1
8801,'20260609',544,,113557,17,0,5 11 12 9,1,178,,113558,17,,,1,120,,113559,17,0,5 11 12 9,1,210,,113560,17,,,1,100,,113561,17,,,1,200,,113562,17,,,1,200,,113563,17,,,1,200,,113564,17,,,1,205,,113565,17,,,1,145,,113566,17,,,1,157,,113567,17,,,1
8801,'20260610',544,,113568,17,0,5 11 12 9,1,178,,113569,17,,,1,120,,113570,17,0,5 11 12 9,1,210,,113571,17,,,1,100,,113572,17,,,1,200,,113573,17,,,1,200,,113574,17,,,1,200,,113575,17,,,1,205,,113576,17,,,1,145,,113577,17,,,1,157,,113578,17,,,1
8801,'20260611',544,,113579,17,0,5 11 12 9,1,178,,113580,17,,,1,120,,113581,17,0,5 11 12 9,1,210,,113582,17,,,1,100,,113583,17,,,1,200,,113584,17,,,1,200,,113585,17,,,1,200,,113586,17,,,1,205,,113587,17,,,1,145,,113588,17,,,1,157,,113589,17,,,1
8801,'20260612',544,,113590,17,0,5 11 12 9,1,178,,113591,17,,,1,120,,113592,17,0,5 11 12 9,1,210,,113593,17,,,1,100,,113594,17,,,1,200,,113595,17,,,1,200,,113596,17,,,1,200,,113597,17,,,1,205,,113598,17,,,1,145,,113599,17,,,1,157,,113600,17,,,1
8801,'20260613',657,,208699,17,,,1,200,,208700,17,,,1,195,,208701,17,,,1,270,,208703,17,,,1,302,,208705,17,,,1,300,,208707,17,,,1,130,,208708,17,,,1,203,,208709,17,,,1
8801,'20260614',657,,208710,17,,,1,200,,208711,17,,,1,195,,208712,17,,,1,270,,208714,17,,,1,302,,208716,17,,,1,300,,208718,17,,,1,130,,208719,17,,,1,203,,208720,17,,,1
8801,'20260615',544,,208721,17,0,5 11 12 9,1,178,,208722,17,,,1,120,,208723,17,0,5 11 12 9,1,210,,208724,17,,,1,100,,208725,17,,,1,200,,208726,17,,,1,200,,208727,17,,,1,200,,208728,17,,,1,205,,208729,17,,,1,145,,208730,17,,,1,157,,208731,17,,,1
8801,'20260616',544,,208732,17,0,5 11 12 9,1,178,,208733,17,,,1,120,,208734,17,0,5 11 12 9,1,210,,208735,17,,,1,100,,208736,17,,,1,200,,208737,17,,,1,200,,208738,17,,,1,200,,208739,17,,,1,205,,208740,17,,,1,145,,208741,17,,,1,157,,208742,17,,,1
8801,'20260617',544,,208743,17,0,5 11 12 9,1,178,,208744,17,,,1,120,,208745,17,0,5 11 12 9,1,210,,208746,17,,,1,100,,208747,17,,,1,200,,208748,17,,,1,200,,208749,17,,,1,200,,208750,17,,,1,205,,208751,17,,,1,145,,208752,17,,,1,157,,208753,17,,,1
8801,'20260618',544,,208754,17,0,5 11 12 9,1,178,,208755,17,,,1,120,,208756,17,0,5 11 12 9,1,210,,208757,17,,,1,100,,208758,17,,,1,200,,208759,17,,,1,200,,208760,17,,,1,200,,208761,17,,,1,205,,208762,17,,,1,145,,208763,17,,,1,157,,208764,17,,,1
8801,'20260619',544,,208765,17,0,5 11 12 9,1,178,,208766,17,,,1,120,,208767,17,0,5 11 12 9,1,210,,208768,17,,,1,100,,208769,17,,,1,200,,208770,17,,,1,200,,208771,17,,,1,200,,208772,17,,,1,205,,208773,17,,,1,145,,208774,17,,,1,157,,208775,17,,,1
8801,'20260620',657,,208776,17,,,1,200,,208777,17,,,1,195,,208778,17,,,1,270,,208780,17,,,1,302,,208782,17,,,1,300,,208784,17,,,1,130,,208785,17,,,1,203,,208786,17,,,1
8801,'20260621',657,,208787,17,,,1,200,,208788,17,,,1,195,,208789,17,,,1,270,,208791,17,,,1,302,,208793,17,,,1,300,,208795,17,,,1,130,,208796,17,,,1,203,,208797,17,,,1
8801,'20260622',544,,208798,17,0,5 11 12 9,1,178,,208799,17,,,1,120,,208800,17,0,5 11 12 9,1,210,,208801,17,,,1,100,,208802,17,,,1,200,,208803,17,,,1,200,,208804,17,,,1,200,,208805,17,,,1,205,,208806,17,,,1,145,,208807,17,,,1,157,,208808,17,,,1
8801,'20260623',544,,208809,17,0,5 11 12 9,1,178,,208810,17,,,1,120,,208811,17,0,5 11 12 9,1,210,,208812,17,,,1,100,,208813,17,,,1,200,,208814,17,,,1,200,,208815,17,,,1,200,,208816,17,,,1,205,,208817,17,,,1,145,,208818,17,,,1,157,,208819,17,,,1
8801,'20260624',544,,208820,17,0,5 11 12 9,1,178,,208821,17,,,1,120,,208822,17,0,5 11 12 9,1,210,,208823,17,,,1,100,,208824,17,,,1,200,,208825,17,,,1,200,,208826,17,,,1,200,,208827,17,,,1,205,,208828,17,,,1,145,,208829,17,,,1,157,,208830,17,,,1
8801,'20260625',544,,208831,17,0,5 11 12 9,1,178,,208832,17,,,1,120,,208833,17,0,5 11 12 9,1,210,,208834,17,,,1,100,,208835,17,,,1,200,,208836,17,,,1,200,,208837,17,,,1,200,,208838,17,,,1,205,,208839,17,,,1,145,,208840,17,,,1,157,,208841,17,,,1
8801,'20260626',544,,208842,17,0,5 11 12 9,1,178,,208843,17,,,1,120,,208844,17,0,5 11 12 9,1,210,,208845,17,,,1,100,,208846,17,,,1,200,,208847,17,,,1,200,,208848,17,,,1,200,,208849,17,,,1,205,,208850,17,,,1,145,,208851,17,,,1,157,,208852,17,,,1
8801,'20260627',657,,208853,17,,,1,200,,208854,17,,,1,195,,208855,17,,,1,270,,208857,17,,,1,302,,208859,17,,,1,300,,208861,17,,,1,130,,208862,17,,,1,203,,208863,17,,,1
8801,'20260628',657,,208864,17,,,1,200,,208865,17,,,1,195,,208866,17,,,1,270,,208868,17,,,1,302,,208870,17,,,1,300,,208872,17,,,1,130,,208873,17,,,1,203,,208874,17,,,1
8801,'20260629',544,,208875,17,0,5 11 12 9,1,178,,208876,17,,,1,120,,208877,17,0,5 11 12 9,1,210,,208878,17,,,1,100,,208879,17,,,1,200,,208880,17,,,1,200,,208881,17,,,1,200,,208882,17,,,1,205,,208883,17,,,1,145,,208884,17,,,1,157,,208885,17,,,1
8801,'20260630',544,,208886,17,0,5 11 12 9,1,178,,208887,17,,,1,120,,208888,17,0,5 11 12 9,1,210,,208889,17,,,1,100,,208890,17,,,1,200,,208891,17,,,1,200,,208892,17,,,1,200,,208893,17,,,1,205,,208894,17,,,1,145,,208895,17,,,1,157,,208896,17,,,1
8801,'20260701',657,,208897,17,,,1,200,,208898,17,,,1,195,,208899,17,,,1,270,,208901,17,,,1,302,,208903,17,,,1,300,,208905,17,,,1,130,,208906,17,,,1,203,,208907,17,,,1
8801,'20260702',544,,208908,17,0,5 11 12 9,1,178,,208909,17,,,1,120,,208910,17,0,5 11 12 9,1,210,,208911,17,,,1,100,,208912,17,,,1,200,,208913,17,,,1,200,,208914,17,,,1,200,,208915,17,,,1,205,,208916,17,,,1,145,,208917,17,,,1,157,,208918,17,,,1
8801,'20260703',544,,208919,17,0,5 11 12 9,1,178,,208920,17,,,1,120,,208921,17,0,5 11 12 9,1,210,,208922,17,,,1,100,,208923,17,,,1,200,,208924,17,,,1,200,,208925,17,,,1,200,,208926,17,,,1,205,,208927,17,,,1,145,,208928,17,,,1,157,,208929,17,,,1
8801,'20260704',657,,208930,17,,,1,200,,208931,17,,,1,195,,208932,17,,,1,270,,208934,17,,,1,302,,208936,17,,,1,300,,208938,17,,,1,130,,208939,17,,,1,203,,208940,17,,,1
8801,'20260705',657,,208941,17,,,1,200,,208942,17,,,1,195,,208943,17,,,1,270,,208945,17,,,1,302,,208947,17,,,1,300,,208949,17,,,1,130,,208950,17,,,1,203,,208951,17,,,1
8801,'20260706',544,,208952,17,0,5 11 12 9,1,178,,208953,17,,,1,120,,208954,17,0,5 11 12 9,1,210,,208955,17,,,1,100,,208956,17,,,1,200,,208957,17,,,1,200,,208958,17,,,1,200,,208959,17,,,1,205,,208960,17,,,1,145,,208961,17,,,1,157,,208962,17,,,1
8801,'20260707',544,,208963,17,0,5 11 12 9,1,178,,208964,17,,,1,120,,208965,17,0,5 11 12 9,1,210,,208966,17,,,1,100,,208967,17,,,1,200,,208968,17,,,1,200,,208969,17,,,1,200,,208970,17,,,1,205,,208971,17,,,1,145,,208972,17,,,1,157,,208973,17,,,1
8801,'20260708',544,,208974,17,0,5 11 12 9,1,178,,208975,17,,,1,120,,208976,17,0,5 11 12 9,1,210,,208977,17,,,1,100,,208978,17,,,1,200,,208979,17,,,1,200,,208980,17,,,1,200,,208981,17,,,1,205,,208982,17,,,1,145,,208983,17,,,1,157,,208984,17,,,1
8801,'20260709',544,,208985,17,0,5 11 12 9,1,178,,208986,17,,,1,120,,208987,17,0,5 11 12 9,1,210,,208988,17,,,1,100,,208989,17,,,1,200,,208990,17,,,1,200,,208991,17,,,1,200,,208992,17,,,1,205,,208993,17,,,1,145,,208994,17,,,1,157,,208995,17,,,1
8801,'20260710',544,,208996,17,0,5 11 12 9,1,178,,208997,17,,,1,120,,208998,17,0,5 11 12 9,1,210,,208999,17,,,1,100,,209000,17,,,1,200,,209001,17,,,1,200,,209002,17,,,1,200,,209003,17,,,1,205,,209004,17,,,1,145,,209005,17,,,1,157,,209006,17,,,1
8801,'20260711',657,,209007,17,,,1,200,,209008,17,,,1,195,,209009,17,,,1,270,,209011,17,,,1,302,,209013,17,,,1,300,,209015,17,,,1,130,,209016,17,,,1,203,,209017,17,,,1
8801,'20260712',657,,209018,17,,,1,200,,209019,17,,,1,195,,209020,17,,,1,270,,209022,17,,,1,302,,209024,17,,,1,300,,209026,17,,,1,130,,209027,17,,,1,203,,209028,17,,,1
8801,'20260713',544,,209029,17,0,5 11 12 9,1,178,,209030,17,,,1,120,,209031,17,0,5 11 12 9,1,210,,209032,17,,,1,100,,209033,17,,,1,200,,209034,17,,,1,200,,209035,17,,,1,200,,209036,17,,,1,205,,209037,17,,,1,145,,209038,17,,,1,157,,209039,17,,,1
8801,'20260714',544,,209040,17,0,5 11 12 9,1,178,,209041,17,,,1,120,,209042,17,0,5 11 12 9,1,210,,209043,17,,,1,100,,209044,17,,,1,200,,209045,17,,,1,200,,209046,17,,,1,200,,209047,17,,,1,205,,209048,17,,,1,145,,209049,17,,,1,157,,209050,17,,,1
8801,'20260715',544,,209051,17,0,5 11 12 9,1,178,,209052,17,,,1,120,,209053,17,0,5 11 12 9,1,210,,209054,17,,,1,100,,209055,17,,,1,200,,209056,17,,,1,200,,209057,17,,,1,200,,209058,17,,,1,205,,209059,17,,,1,145,,209060,17,,,1,157,,209061,17,,,1
8801,'20260716',544,,209062,17,0,5 11 12 9,1,178,,209063,17,,,1,120,,209064,17,0,5 11 12 9,1,210,,209065,17,,,1,100,,209066,17,,,1,200,,209067,17,,,1,200,,209068,17,,,1,200,,209069,17,,,1,205,,209070,17,,,1,145,,209071,17,,,1,157,,209072,17,,,1
8801,'20260717',544,,209073,17,0,5 11 12 9,1,178,,209074,17,,,1,120,,209075,17,0,5 11 12 9,1,210,,209076,17,,,1,100,,209077,17,,,1,200,,209078,17,,,1,200,,209079,17,,,1,200,,209080,17,,,1,205,,209081,17,,,1,145,,209082,17,,,1,157,,209083,17,,,1
8801,'20260718',657,,209084,17,,,1,200,,209085,17,,,1,195,,209086,17,,,1,270,,209088,17,,,1,302,,209090,17,,,1,300,,209092,17,,,1,130,,209093,17,,,1,203,,209094,17,,,1
8801,'20260719',657,,209095,17,,,1,200,,209096,17,,,1,195,,209097,17,,,1,270,,209099,17,,,1,302,,209101,17,,,1,300,,209103,17,,,1,130,,209104,17,,,1,203,,209105,17,,,1
8801,'20260720',544,,209106,17,0,5 11 12 9,1,178,,209107,17,,,1,120,,209108,17,0,5 11 12 9,1,210,,209109,17,,,1,100,,209110,17,,,1,200,,209111,17,,,1,200,,209112,17,,,1,200,,209113,17,,,1,205,,209114,17,,,1,145,,209115,17,,,1,157,,209116,17,,,1
8801,'20260721',544,,209117,17,0,5 11 12 9,1,178,,209118,17,,,1,120,,209119,17,0,5 11 12 9,1,210,,209120,17,,,1,100,,209121,17,,,1,200,,209122,17,,,1,200,,209123,17,,,1,200,,209124,17,,,1,205,,209125,17,,,1,145,,209126,17,,,1,157,,209127,17,,,1
8801,'20260722',544,,209128,17,0,5 11 12 9,1,178,,209129,17,,,1,120,,209130,17,0,5 11 12 9,1,210,,209131,17,,,1,100,,209132,17,,,1,200,,209133,17,,,1,200,,209134,17,,,1,200,,209135,17,,,1,205,,209136,17,,,1,145,,209137,17,,,1,157,,209138,17,,,1
8801,'20260723',544,,209139,17,0,5 11 12 9,1,178,,209140,17,,,1,120,,209141,17,0,5 11 12 9,1,210,,209142,17,,,1,100,,209143,17,,,1,200,,209144,17,,,1,200,,209145,17,,,1,200,,209146,17,,,1,205,,209147,17,,,1,145,,209148,17,,,1,157,,209149,17,,,1
8801,'20260724',544,,209150,17,0,5 11 12 9,1,178,,209151,17,,,1,120,,209152,17,0,5 11 12 9,1,210,,209153,17,,,1,100,,209154,17,,,1,200,,209155,17,,,1,200,,209156,17,,,1,200,,209157,17,,,1,205,,209158,17,,,1,145,,209159,17,,,1,157,,209160,17,,,1
8801,'20260725',657,,209161,17,,,1,200,,209162,17,,,1,195,,209163,17,,,1,270,,209165,17,,,1,302,,209167,17,,,1,300,,209169,17,,,1,130,,209170,17,,,1,203,,209171,17,,,1
8801,'20260726',657,,209172,17,,,1,200,,209173,17,,,1,195,,209174,17,,,1,270,,209176,17,,,1,302,,209178,17,,,1,300,,209180,17,,,1,130,,209181,17,,,1,203,,209182,17,,,1
8801,'20260727',544,,209183,17,0,5 11 12 9,1,178,,209184,17,,,1,120,,209185,17,0,5 11 12 9,1,210,,209186,17,,,1,100,,209187,17,,,1,200,,209188,17,,,1,200,,209189,17,,,1,200,,209190,17,,,1,205,,209191,17,,,1,145,,209192,17,,,1,157,,209193,17,,,1
8801,'20260728',544,,209194,17,0,5 11 12 9,1,178,,209195,17,,,1,120,,209196,17,0,5 11 12 9,1,210,,209197,17,,,1,100,,209198,17,,,1,200,,209199,17,,,1,200,,209200,17,,,1,200,,209201,17,,,1,205,,209202,17,,,1,145,,209203,17,,,1,157,,209204,17,,,1
8801,'20260729',544,,209205,17,0,5 11 12 9,1,178,,209206,17,,,1,120,,209207,17,0,5 11 12 9,1,210,,209208,17,,,1,100,,209209,17,,,1,200,,209210,17,,,1,200,,209211,17,,,1,200,,209212,17,,,1,205,,209213,17,,,1,145,,209214,17,,,1,157,,209215,17,,,1
8801,'20260730',544,,209216,17,0,5 11 12 9,1,178,,209217,17,,,1,120,,209218,17,0,5 11 12 9,1,210,,209219,17,,,1,100,,209220,17,,,1,200,,209221,17,,,1,200,,209222,17,,,1,200,,209223,17,,,1,205,,209224,17,,,1,145,,209225,17,,,1,157,,209226,17,,,1
8801,'20260731',544,,209227,17,0,5 11 12 9,1,178,,209228,17,,,1,120,,209229,17,0,5 11 12 9,1,210,,209230,17,,,1,100,,209231,17,,,1,200,,209232,17,,,1,200,,209233,17,,,1,200,,209234,17,,,1,205,,209235,17,,,1,145,,209236,17,,,1,157,,209237,17,,,1
8801,'20260801',657,,209238,17,,,1,200,,209239,17,,,1,195,,209240,17,,,1,270,,209242,17,,,1,302,,209244,17,,,1,300,,209246,17,,,1,130,,209247,17,,,1,203,,209248,17,,,1
8801,'20260802',657,,209249,17,,,1,200,,209250,17,,,1,195,,209251,17,,,1,270,,209253,17,,,1,302,,209255,17,,,1,300,,209257,17,,,1,130,,209258,17,,,1,203,,209259,17,,,1
8801,'20260803',657,,209260,17,,,1,200,,209261,17,,,1,195,,209262,17,,,1,270,,209264,17,,,1,302,,209266,17,,,1,300,,209268,17,,,1,130,,209269,17,,,1,203,,209270,17,,,1
8801,'20260804',544,,209271,17,0,5 11 12 9,1,178,,209272,17,,,1,120,,209273,17,0,5 11 12 9,1,210,,209274,17,,,1,100,,209275,17,,,1,200,,209276,17,,,1,200,,209277,17,,,1,200,,209278,17,,,1,205,,209279,17,,,1,145,,209280,17,,,1,157,,209281,17,,,1
8801,'20260805',544,,209282,17,0,5 11 12 9,1,178,,209283,17,,,1,120,,209284,17,0,5 11 12 9,1,210,,209285,17,,,1,100,,209286,17,,,1,200,,209287,17,,,1,200,,209288,17,,,1,200,,209289,17,,,1,205,,209290,17,,,1,145,,209291,17,,,1,157,,209292,17,,,1
8801,'20260806',544,,209293,17,0,5 11 12 9,1,178,,209294,17,,,1,120,,209295,17,0,5 11 12 9,1,210,,209296,17,,,1,100,,209297,17,,,1,200,,209298,17,,,1,200,,209299,17,,,1,200,,209300,17,,,1,205,,209301,17,,,1,145,,209302,17,,,1,157,,209303,17,,,1
8801,'20260807',544,,209304,17,0,5 11 12 9,1,178,,209305,17,,,1,120,,209306,17,0,5 11 12 9,1,210,,209307,17,,,1,100,,209308,17,,,1,200,,209309,17,,,1,200,,209310,17,,,1,200,,209311,17,,,1,205,,209312,17,,,1,145,,209313,17,,,1,157,,209314,17,,,1
8801,'20260808',657,,209315,17,,,1,200,,209316,17,,,1,195,,209317,17,,,1,270,,209319,17,,,1,302,,209321,17,,,1,300,,209323,17,,,1,130,,209324,17,,,1,203,,209325,17,,,1
8801,'20260809',657,,209326,17,,,1,200,,209327,17,,,1,195,,209328,17,,,1,270,,209330,17,,,1,302,,209332,17,,,1,300,,209334,17,,,1,130,,209335,17,,,1,203,,209336,17,,,1
8801,'20260810',544,,209337,17,0,5 11 12 9,1,178,,209338,17,,,1,120,,209339,17,0,5 11 12 9,1,210,,209340,17,,,1,100,,209341,17,,,1,200,,209342,17,,,1,200,,209343,17,,,1,200,,209344,17,,,1,205,,209345,17,,,1,145,,209346,17,,,1,157,,209347,17,,,1
8801,'20260811',544,,209348,17,0,5 11 12 9,1,178,,209349,17,,,1,120,,209350,17,0,5 11 12 9,1,210,,209351,17,,,1,100,,209352,17,,,1,200,,209353,17,,,1,200,,209354,17,,,1,200,,209355,17,,,1,205,,209356,17,,,1,145,,209357,17,,,1,157,,209358,17,,,1
8801,'20260812',544,,209359,17,0,5 11 12 9,1,178,,209360,17,,,1,120,,209361,17,0,5 11 12 9,1,210,,209362,17,,,1,100,,209363,17,,,1,200,,209364,17,,,1,200,,209365,17,,,1,200,,209366,17,,,1,205,,209367,17,,,1,145,,209368,17,,,1,157,,209369,17,,,1
8801,'20260813',544,,209370,17,0,5 11 12 9,1,178,,209371,17,,,1,120,,209372,17,0,5 11 12 9,1,210,,209373,17,,,1,100,,209374,17,,,1,200,,209375,17,,,1,200,,209376,17,,,1,200,,209377,17,,,1,205,,209378,17,,,1,145,,209379,17,,,1,157,,209380,17,,,1
8801,'20260814',544,,209381,17,0,5 11 12 9,1,178,,209382,17,,,1,120,,209383,17,0,5 11 12 9,1,210,,209384,17,,,1,100,,209385,17,,,1,200,,209386,17,,,1,200,,209387,17,,,1,200,,209388,17,,,1,205,,209389,17,,,1,145,,209390,17,,,1,157,,209391,17,,,1
8801,'20260815',657,,209392,17,,,1,200,,209393,17,,,1,195,,209394,17,,,1,270,,209396,17,,,1,302,,209398,17,,,1,300,,209400,17,,,1,130,,209401,17,,,1,203,,209402,17,,,1
8801,'20260816',657,,209403,17,,,1,200,,209404,17,,,1,195,,209405,17,,,1,270,,209407,17,,,1,302,,209409,17,,,1,300,,209411,17,,,1,130,,209412,17,,,1,203,,209413,17,,,1
8801,'20260817',544,,209414,17,0,5 11 12 9,1,178,,209415,17,,,1,120,,209416,17,0,5 11 12 9,1,210,,209417,17,,,1,100,,209418,17,,,1,200,,209419,17,,,1,200,,209420,17,,,1,200,,209421,17,,,1,205,,209422,17,,,1,145,,209423,17,,,1,157,,209424,17,,,1
8801,'20260818',544,,209425,17,0,5 11 12 9,1,178,,209426,17,,,1,120,,209427,17,0,5 11 12 9,1,210,,209428,17,,,1,100,,209429,17,,,1,200,,209430,17,,,1,200,,209431,17,,,1,200,,209432,17,,,1,205,,209433,17,,,1,145,,209434,17,,,1,157,,209435,17,,,1
8801,'20260819',544,,209436,17,0,5 11 12 9,1,178,,209437,17,,,1,120,,209438,17,0,5 11 12 9,1,210,,209439,17,,,1,100,,209440,17,,,1,200,,209441,17,,,1,200,,209442,17,,,1,200,,209443,17,,,1,205,,209444,17,,,1,145,,209445,17,,,1,157,,209446,17,,,1
8801,'20260820',544,,209447,17,0,5 11 12 9,1,178,,209448,17,,,1,120,,209449,17,0,5 11 12 9,1,210,,209450,17,,,1,100,,209451,17,,,1,200,,209452,17,,,1,200,,209453,17,,,1,200,,209454,17,,,1,205,,209455,17,,,1,145,,209456,17,,,1,157,,209457,17,,,1
8801,'20260821',544,,209458,17,0,5 11 12 9,1,178,,209459,17,,,1,120,,209460,17,0,5 11 12 9,1,210,,209461,17,,,1,100,,209462,17,,,1,200,,209463,17,,,1,200,,209464,17,,,1,200,,209465,17,,,1,205,,209466,17,,,1,145,,209467,17,,,1,157,,209468,17,,,1
8801,'20260822',657,,209469,17,,,1,200,,209470,17,,,1,195,,209471,17,,,1,270,,209473,17,,,1,302,,209475,17,,,1,300,,209477,17,,,1,130,,209478,17,,,1,203,,209479,17,,,1
8801,'20260823',657,,209480,17,,,1,200,,209481,17,,,1,195,,209482,17,,,1,270,,209484,17,,,1,302,,209486,17,,,1,300,,209488,17,,,1,130,,209489,17,,,1,203,,209490,17,,,1
8801,'20260824',544,,209491,17,0,5 11 12 9,1,178,,209492,17,,,1,120,,209493,17,0,5 11 12 9,1,210,,209494,17,,,1,100,,209495,17,,,1,200,,209496,17,,,1,200,,209497,17,,,1,200,,209498,17,,,1,205,,209499,17,,,1,145,,209500,17,,,1,157,,209501,17,,,1
8801,'20260825',544,,209502,17,0,5 11 12 9,1,178,,209503,17,,,1,120,,209504,17,0,5 11 12 9,1,210,,209505,17,,,1,100,,209506,17,,,1,200,,209507,17,,,1,200,,209508,17,,,1,200,,209509,17,,,1,205,,209510,17,,,1,145,,209511,17,,,1,157,,209512,17,,,1
8801,'20260826',544,,209513,17,0,5 11 12 9,1,178,,209514,17,,,1,120,,209515,17,0,5 11 12 9,1,210,,209516,17,,,1,100,,209517,17,,,1,200,,209518,17,,,1,200,,209519,17,,,1,200,,209520,17,,,1,205,,209521,17,,,1,145,,209522,17,,,1,157,,209523,17,,,1
8801,'20260827',544,,209524,17,0,5 11 12 9,1,178,,209525,17,,,1,120,,209526,17,0,5 11 12 9,1,210,,209527,17,,,1,100,,209528,17,,,1,200,,209529,17,,,1,200,,209530,17,,,1,200,,209531,17,,,1,205,,209532,17,,,1,145,,209533,17,,,1,157,,209534,17,,,1
8801,'20260828',544,,209535,17,0,5 11 12 9,1,178,,209536,17,,,1,120,,209537,17,0,5 11 12 9,1,210,,209538,17,,,1,100,,209539,17,,,1,200,,209540,17,,,1,200,,209541,17,,,1,200,,209542,17,,,1,205,,209543,17,,,1,145,,209544,17,,,1,157,,209545,17,,,1
8801,'20260829',657,,209546,17,,,1,200,,209547,17,,,1,195,,209548,17,,,1,270,,209550,17,,,1,302,,209552,17,,,1,300,,209554,17,,,1,130,,209555,17,,,1,203,,209556,17,,,1
8801,'20260830',657,,209557,17,,,1,200,,209558,17,,,1,195,,209559,17,,,1,270,,209561,17,,,1,302,,209563,17,,,1,300,,209565,17,,,1,130,,209566,17,,,1,203,,209567,17,,,1
8801,'20260831',544,,209568,17,0,5 11 12 9,1,178,,209569,17,,,1,120,,209570,17,0,5 11 12 9,1,210,,209571,17,,,1,100,,209572,17,,,1,200,,209573,17,,,1,200,,209574,17,,,1,200,,209575,17,,,1,205,,209576,17,,,1,145,,209577,17,,,1,157,,209578,17,,,1
8801,'20260901',544,,209579,17,0,5 11 12 9,1,178,,209580,17,,,1,120,,209581,17,0,5 11 12 9,1,210,,209582,17,,,1,100,,209583,17,,,1,200,,209584,17,,,1,200,,209585,17,,,1,200,,209586,17,,,1,205,,209587,17,,,1,145,,209588,17,,,1,157,,209589,17,,,1
8801,'20260902',544,,209590,17,0,5 11 12 9,1,178,,209591,17,,,1,120,,209592,17,0,5 11 12 9,1,210,,209593,17,,,1,100,,209594,17,,,1,200,,209595,17,,,1,200,,209596,17,,,1,200,,209597,17,,,1,205,,209598,17,,,1,145,,209599,17,,,1,157,,209600,17,,,1
8801,'20260903',544,,209601,17,0,5 11 12 9,1,178,,209602,17,,,1,120,,209603,17,0,5 11 12 9,1,210,,209604,17,,,1,100,,209605,17,,,1,200,,209606,17,,,1,200,,209607,17,,,1,200,,209608,17,,,1,205,,209609,17,,,1,145,,209610,17,,,1,157,,209611,17,,,1
8801,'20260904',544,,209612,17,0,5 11 12 9,1,178,,209613,17,,,1,120,,209614,17,0,5 11 12 9,1,210,,209615,17,,,1,100,,209616,17,,,1,200,,209617,17,,,1,200,,209618,17,,,1,200,,209619,17,,,1,205,,209620,17,,,1,145,,209621,17,,,1,157,,209622,17,,,1
