8800,'20260506',601,,112617,13,,,1,137,,112618,13,,,1,107,,112619,13,,,1,197,,112620,13,,,1,211,,112621,13,,,1,202,,112622,13,,,1,201,,112623,13,,,1,155,,112624,15,0,5 48 43,1,100,,112625,15,0,5 48 43,1,144,,112626,13,,,1,197,,112627,13,,,1,274,,112628,13,,,1
8800,'20260507',601,,112629,13,,,1,137,,112630,13,,,1,107,,112631,13,,,1,197,,112632,13,,,1,211,,112633,13,,,1,202,,112634,13,,,1,201,,112635,13,,,1,155,,112636,15,0,5 48 43,1,100,,112637,15,0,5 48 43,1,144,,112638,13,,,1,197,,112639,13,,,1,274,,112640,13,,,1
8800,'20260508',601,,112641,13,,,1,137,,112642,13,,,1,107,,112643,13,,,1,197,,112644,13,,,1,211,,112645,13,,,1,202,,112646,13,,,1,201,,112647,13,,,1,155,,112648,15,0,5 48 43,1,100,,112649,15,0,5 48 43,1,144,,112650,13,,,1,197,,112651,13,,,1,274,,112652,13,,,1
8800,'20260509',917,,112653,13,,,1,106,,112654,13,,,1,302,,112656,13,,,1,299,,112658,13,,,1,230,,112660,13,,,1,98,,112661,13,,,1,270,,112662,13,,,1,304,,112663,13,,,1
8800,'20260510',917,,112664,13,,,1,106,,112665,13,,,1,302,,112667,13,,,1,299,,112669,13,,,1,230,,112671,13,,,1,98,,112672,13,,,1,270,,112673,13,,,1,304,,112674,13,,,1
8800,'20260511',601,,112675,13,,,1,137,,112676,13,,,1,107,,112677,13,,,1,197,,112678,13,,,1,211,,112679,13,,,1,202,,112680,13,,,1,201,,112681,13,,,1,155,,112682,15,0,5 48 43,1,100,,112683,15,0,5 48 43,1,144,,112684,13,,,1,197,,112685,13,,,1,274,,112686,13,,,1
8800,'20260512',601,,112687,13,,,1,137,,112688,13,,,1,107,,112689,13,,,1,197,,112690,13,,,1,211,,112691,13,,,1,202,,112692,13,,,1,201,,112693,13,,,1,155,,112694,15,0,5 48 43,1,100,,112695,15,0,5 48 43,1,144,,112696,13,,,1,197,,112697,13,,,1,274,,112698,13,,,1
8800,'20260513',601,,112699,13,,,1,137,,112700,13,,,1,107,,112701,13,,,1,197,,112702,13,,,1,211,,112703,13,,,1,202,,112704,13,,,1,201,,112705,13,,,1,155,,112706,15,0,5 48 43,1,100,,112707,15,0,5 48 43,1,144,,112708,13,,,1,197,,112709,13,,,1,274,,112710,13,,,1
8800,'20260514',601,,112711,13,,,1,137,,112712,13,,,1,107,,112713,13,,,1,197,,112714,13,,,1,211,,112715,13,,,1,202,,112716,13,,,1,201,,112717,13,,,1,155,,112718,15,0,5 48 43,1,100,,112719,15,0,5 48 43,1,144,,112720,13,,,1,197,,112721,13,,,1,274,,112722,13,,,1
8800,'20260515',601,,112723,13,,,1,137,,112724,13,,,1,107,,112725,13,,,1,197,,112726,13,,,1,211,,112727,13,,,1,202,,112728,13,,,1,201,,112729,13,,,1,155,,112730,15,0,5 48 43,1,100,,112731,15,0,5 48 43,1,144,,112732,13,,,1,197,,112733,13,,,1,274,,112734,13,,,1
8800,'20260516',917,,112735,13,,,1,106,,112736,13,,,1,302,,112738,13,,,1,299,,112740,13,,,1,230,,112742,13,,,1,98,,112743,13,,,1,270,,112744,13,,,1,304,,112745,13,,,1
8800,'20260517',917,,112746,13,,,1,106,,112747,13,,,1,302,,112749,13,,,1,299,,112751,13,,,1,230,,112753,13,,,1,98,,112754,13,,,1,270,,112755,13,,,1,304,,112756,13,,,1
8800,'20260518',917,,112757,13,,,1,106,,112758,13,,,1,302,,112760,13,,,1,299,,112762,13,,,1,230,,112764,13,,,1,98,,112765,13,,,1,270,,112766,13,,,1,304,,112767,13,,,1
8800,'20260519',601,,112768,13,,,1,137,,112769,13,,,1,107,,112770,13,,,1,197,,112771,13,,,1,211,,112772,13,,,1,202,,112773,13,,,1,201,,112774,13,,,1,155,,112775,15,0,5 48 43,1,100,,112776,15,0,5 48 43,1,144,,112777,13,,,1,197,,112778,13,,,1,274,,112779,13,,,1
8800,'20260520',601,,112780,13,,,1,137,,112781,13,,,1,107,,112782,13,,,1,197,,112783,13,,,1,211,,112784,13,,,1,202,,112785,13,,,1,201,,112786,13,,,1,155,,112787,15,0,5 48 43,1,100,,112788,15,0,5 48 43,1,144,,112789,13,,,1,197,,112790,13,,,1,274,,112791,13,,,1
8800,'20260521',601,,112792,13,,,1,137,,112793,13,,,1,107,,112794,13,,,1,197,,112795,13,,,1,211,,112796,13,,,1,202,,112797,13,,,1,201,,112798,13,,,1,155,,112799,15,0,5 48 43,1,100,,112800,15,0,5 48 43,1,144,,112801,13,,,1,197,,112802,13,,,1,274,,112803,13,,,1
8800,'20260522',601,,112804,13,,,1,137,,112805,13,,,1,107,,112806,13,,,1,197,,112807,13,,,1,211,,112808,13,,,1,202,,112809,13,,,1,201,,112810,13,,,1,155,,112811,15,0,5 48 43,1,100,,112812,15,0,5 48 43,1,144,,112813,13,,,1,197,,112814,13,,,1,274,,112815,13,,,1
8800,'20260523',917,,112816,13,,,1,106,,112817,13,,,1,302,,112819,13,,,1,299,,112821,13,,,1,230,,112823,13,,,1,98,,112824,13,,,1,270,,112825,13,,,1,304,,112826,13,,,1
8800,'20260524',917,,112827,13,,,1,106,,112828,13,,,1,302,,112830,13,,,1,299,,112832,13,,,1,230,,112834,13,,,1,98,,112835,13,,,1,270,,112836,13,,,1,304,,112837,13,,,1
8800,'20260525',601,,112838,13,,,1,137,,112839,13,,,1,107,,112840,13,,,1,197,,112841,13,,,1,211,,112842,13,,,1,202,,112843,13,,,1,201,,112844,13,,,1,155,,112845,15,0,5 48 43,1,100,,112846,15,0,5 48 43,1,144,,112847,13,,,1,197,,112848,13,,,1,274,,112849,13,,,1
8800,'20260526',601,,112850,13,,,1,137,,112851,13,,,1,107,,112852,13,,,1,197,,112853,13,,,1,211,,112854,13,,,1,202,,112855,13,,,1,201,,112856,13,,,1,155,,112857,15,0,5 48 43,1,100,,112858,15,0,5 48 43,1,144,,112859,13,,,1,197,,112860,13,,,1,274,,112861,13,,,1
8800,'20260527',601,,112862,13,,,1,137,,112863,13,,,1,107,,112864,13,,,1,197,,112865,13,,,1,211,,112866,13,,,1,202,,112867,13,,,1,201,,112868,13,,,1,155,,112869,15,0,5 48 43,1,100,,112870,15,0,5 48 43,1,144,,112871,13,,,1,197,,112872,13,,,1,274,,112873,13,,,1
8800,'20260528',601,,112874,13,,,1,137,,112875,13,,,1,107,,112876,13,,,1,197,,112877,13,,,1,211,,112878,13,,,1,202,,112879,13,,,1,201,,112880,13,,,1,155,,112881,15,0,5 48 43,1,100,,112882,15,0,5 48 43,1,144,,112883,13,,,1,197,,112884,13,,,1,274,,112885,13,,,1
8800,'20260529',601,,112886,13,,,1,137,,112887,13,,,1,107,,112888,13,,,1,197,,112889,13,,,1,211,,112890,13,,,1,202,,112891,13,,,1,201,,112892,13,,,1,155,,112893,15,0,5 48 43,1,100,,112894,15,0,5 48 43,1,144,,112895,13,,,1,197,,112896,13,,,1,274,,112897,13,,,1
8800,'20260530',917,,112898,13,,,1,106,,112899,13,,,1,302,,112901,13,,,1,299,,112903,13,,,1,230,,112905,13,,,1,98,,112906,13,,,1,270,,112907,13,,,1,304,,112908,13,,,1
8800,'20260531',917,,112909,13,,,1,106,,112910,13,,,1,302,,112912,13,,,1,299,,112914,13,,,1,230,,112916,13,,,1,98,,112917,13,,,1,270,,112918,13,,,1,304,,112919,13,,,1
8800,'20260601',601,,112920,13,,,1,137,,112921,13,,,1,107,,112922,13,,,1,197,,112923,13,,,1,211,,112924,13,,,1,202,,112925,13,,,1,201,,112926,13,,,1,155,,112927,15,0,5 48 43,1,100,,112928,15,0,5 48 43,1,144,,112929,13,,,1,197,,112930,13,,,1,274,,112931,13,,,1
8800,'20260602',601,,112932,13,,,1,137,,112933,13,,,1,107,,112934,13,,,1,197,,112935,13,,,1,211,,112936,13,,,1,202,,112937,13,,,1,201,,112938,13,,,1,155,,112939,15,0,5 48 43,1,100,,112940,15,0,5 48 43,1,144,,112941,13,,,1,197,,112942,13,,,1,274,,112943,13,,,1
8800,'20260603',601,,112944,13,,,1,137,,112945,13,,,1,107,,112946,13,,,1,197,,112947,13,,,1,211,,112948,13,,,1,202,,112949,13,,,1,201,,112950,13,,,1,155,,112951,15,0,5 48 43,1,100,,112952,15,0,5 48 43,1,144,,112953,13,,,1,197,,112954,13,,,1,274,,112955,13,,,1
8800,'20260604',601,,112956,13,,,1,137,,112957,13,,,1,107,,112958,13,,,1,197,,112959,13,,,1,211,,112960,13,,,1,202,,112961,13,,,1,201,,112962,13,,,1,155,,112963,15,0,5 48 43,1,100,,112964,15,0,5 48 43,1,144,,112965,13,,,1,197,,112966,13,,,1,274,,112967,13,,,1
8800,'20260605',601,,112968,13,,,1,137,,112969,13,,,1,107,,112970,13,,,1,197,,112971,13,,,1,211,,112972,13,,,1,202,,112973,13,,,1,201,,112974,13,,,1,155,,112975,15,0,5 48 43,1,100,,112976,15,0,5 48 43,1,144,,112977,13,,,1,197,,112978,13,,,1,274,,112979,13,,,1
8800,'20260606',917,,112980,13,,,1,106,,112981,13,,,1,302,,112983,13,,,1,299,,112985,13,,,1,230,,112987,13,,,1,98,,112988,13,,,1,270,,112989,13,,,1,304,,112990,13,,,1
8800,'20260607',917,,112991,13,,,1,106,,112992,13,,,1,302,,112994,13,,,1,299,,112996,13,,,1,230,,112998,13,,,1,98,,112999,13,,,1,270,,113000,13,,,1,304,,113001,13,,,1
8800,'20260608',601,,113002,13,,,1,137,,113003,13,,,1,107,,113004,13,,,1,197,,113005,13,,,1,211,,113006,13,,,1,202,,113007,13,,,1,201,,113008,13,,,1,155,,113009,15,0,5 48 43,1,100,,113010,15,0,5 48 43,1,144,,113011,13,,,1,197,,113012,13,,,1,274,,113013,13,,,1
8800,'20260609',601,,113014,13,,,1,137,,113015,13,,,1,107,,113016,13,,,1,197,,113017,13,,,1,211,,113018,13,,,1,202,,113019,13,,,1,201,,113020,13,,,1,155,,113021,15,0,5 48 43,1,100,,113022,15,0,5 48 43,1,144,,113023,13,,,1,197,,113024,13,,,1,274,,113025,13,,,1
8800,'20260610',601,,113026,13,,,1,137,,113027,13,,,1,107,,113028,13,,,1,197,,113029,13,,,1,211,,113030,13,,,1,202,,113031,13,,,1,201,,113032,13,,,1,155,,113033,15,0,5 48 43,1,100,,113034,15,0,5 48 43,1,144,,113035,13,,,1,197,,113036,13,,,1,274,,113037,13,,,1
8800,'20260611',601,,113038,13,,,1,137,,113039,13,,,1,107,,113040,13,,,1,197,,113041,13,,,1,211,,113042,13,,,1,202,,113043,13,,,1,201,,113044,13,,,1,155,,113045,15,0,5 48 43,1,100,,113046,15,0,5 48 43,1,144,,113047,13,,,1,197,,113048,13,,,1,274,,113049,13,,,1
8800,'20260612',601,,113050,13,,,1,137,,113051,13,,,1,107,,113052,13,,,1,197,,113053,13,,,1,211,,113054,13,,,1,202,,113055,13,,,1,201,,113056,13,,,1,155,,113057,15,0,5 48 43,1,100,,113058,15,0,5 48 43,1,144,,113059,13,,,1,197,,113060,13,,,1,274,,113061,13,,,1
