6500,'20260514',657,,109703,8,,,1,144,,109704,8,,,1,1723,,109705,12,0,16 16 26 9,1,197,,109706,12,0,16 16 26 9,1
6500,'20260515',657,,109707,8,,,1,144,,109708,8,,,1,1723,,109709,12,0,16 16 26 9,1,197,,109710,12,0,16 16 26 9,1
6500,'20260516',2444,,109712,12,0,16 16 26 9,1,84,,109713,12,0,16 16 26 9,1,100,,109714,12,0,16 16 26 9,1,95,,109715,12,0,16 16 26 9,1
6500,'20260517',2444,,109717,12,0,16 16 26 9,1,84,,109718,12,0,16 16 26 9,1,195,,109719,12,0,16 16 26 9,1
6500,'20260518',2444,,109721,12,0,16 16 26 9,1,84,,109722,12,0,16 16 26 9,1,100,,109723,12,0,16 16 26 9,1,95,,109724,12,0,16 16 26 9,1
6500,'20260519',657,,109725,8,,,1,144,,109726,8,,,1,1723,,109727,12,0,16 16 26 9,1,197,,109728,12,0,16 16 26 9,1
6500,'20260520',657,,109729,8,,,1,144,,109730,8,,,1,1723,,109731,12,0,16 16 26 9,1,197,,109732,12,0,16 16 26 9,1
6500,'20260521',657,,109733,8,,,1,144,,109734,8,,,1,1723,,109735,12,0,16 16 26 9,1,197,,109736,12,0,16 16 26 9,1
6500,'20260522',657,,109737,8,,,1,144,,109738,8,,,1,1723,,109739,12,0,16 16 26 9,1,197,,109740,12,0,16 16 26 9,1
6500,'20260523',932,,119821,12,0,68 16 26 9,1,300,,119826,12,0,68 16 26 9,1,300,,119831,12,0,68 16 26 9,1,295,,119836,12,0,68 16 26 9,1,305,,119841,12,0,68 16 26 9,1,200,,119843,12,0,68 16 26 9,1,112,,109742,12,0,16 16 26 9,1,84,,109743,12,0,16 16 26 9,1,100,,109744,12,0,16 16 26 9,1,95,,109745,12,0,16 16 26 9,1
6500,'20260524',932,,119844,12,0,68 16 26 9,1,300,,119849,12,0,68 16 26 9,1,300,,119854,12,0,68 16 26 9,1,295,,119859,12,0,68 16 26 9,1,305,,119864,12,0,68 16 26 9,1,200,,119866,12,0,68 16 26 9,1,112,,109747,12,0,16 16 26 9,1,84,,109748,12,0,16 16 26 9,1,195,,109749,12,0,16 16 26 9,1
6500,'20260525',657,,109750,8,,,1,144,,109751,8,,,1,1723,,109752,12,0,16 16 26 9,1,197,,109753,12,0,16 16 26 9,1
6500,'20260526',657,,109754,8,,,1,144,,109755,8,,,1,1723,,109756,12,0,16 16 26 9,1,197,,109757,12,0,16 16 26 9,1
6500,'20260527',657,,109758,8,,,1,144,,109759,8,,,1,1723,,109760,12,0,16 16 26 9,1,197,,109761,12,0,16 16 26 9,1
6500,'20260528',657,,109762,8,,,1,144,,109763,8,,,1,1723,,109764,12,0,16 16 26 9,1,197,,109765,12,0,16 16 26 9,1
6500,'20260529',657,,109766,8,,,1,144,,109767,8,,,1,1723,,109768,12,0,16 16 26 9,1,197,,109769,12,0,16 16 26 9,1
6500,'20260530',932,,219952,12,0,68 16 26 9,1,300,,219957,12,0,68 16 26 9,1,300,,219962,12,0,68 16 26 9,1,295,,219967,12,0,68 16 26 9,1,305,,219972,12,0,68 16 26 9,1,200,,219974,12,0,68 16 26 9,1,112,,109771,12,0,16 16 26 9,1,84,,109772,12,0,16 16 26 9,1,100,,109773,12,0,16 16 26 9,1,95,,109774,12,0,16 16 26 9,1
6500,'20260531',932,,219975,12,0,68 16 26 9,1,300,,219980,12,0,68 16 26 9,1,300,,219985,12,0,68 16 26 9,1,295,,219990,12,0,68 16 26 9,1,305,,219995,12,0,68 16 26 9,1,200,,219997,12,0,68 16 26 9,1,112,,109776,12,0,16 16 26 9,1,84,,109777,12,0,16 16 26 9,1,195,,109778,12,0,16 16 26 9,1
6500,'20260601',657,,109779,8,,,1,144,,109780,8,,,1,1723,,109781,12,0,16 16 26 9,1,197,,109782,12,0,16 16 26 9,1
6500,'20260602',657,,109783,8,,,1,144,,109784,8,,,1,1723,,109785,12,0,16 16 26 9,1,197,,109786,12,0,16 16 26 9,1
6500,'20260603',657,,109787,8,,,1,144,,109788,8,,,1,1723,,109789,12,0,16 16 26 9,1,197,,109790,12,0,16 16 26 9,1
6500,'20260604',657,,109791,8,,,1,144,,109792,8,,,1,1723,,109793,12,0,16 16 26 9,1,197,,109794,12,0,16 16 26 9,1
6500,'20260605',657,,109795,8,,,1,144,,109796,8,,,1,1723,,109797,12,0,16 16 26 9,1,197,,109798,12,0,16 16 26 9,1
6500,'20260606',2444,,109800,12,0,16 16 26 9,1,84,,109801,12,0,16 16 26 9,1,100,,109802,12,0,16 16 26 9,1,95,,109803,12,0,16 16 26 9,1
6500,'20260607',2444,,109805,12,0,16 16 26 9,1,84,,109806,12,0,16 16 26 9,1,195,,109807,12,0,16 16 26 9,1
6500,'20260608',657,,109808,8,,,1,144,,109809,8,,,1,1723,,109810,12,0,16 16 26 9,1,197,,109811,12,0,16 16 26 9,1
6500,'20260609',657,,109812,8,,,1,144,,109813,8,,,1,1723,,109814,12,0,16 16 26 9,1,197,,109815,12,0,16 16 26 9,1
6500,'20260610',657,,109816,8,,,1,144,,109817,8,,,1,1723,,109818,12,0,16 16 26 9,1,197,,109819,12,0,16 16 26 9,1
6500,'20260611',657,,109820,8,,,1,144,,109821,8,,,1,1723,,109822,12,0,16 16 26 9,1,197,,109823,12,0,16 16 26 9,1
6500,'20260612',657,,109824,8,,,1,144,,109825,8,,,1,1723,,109826,12,0,16 16 26 9,1,197,,109827,12,0,16 16 26 9,1
6500,'20260613',2444,,202984,12,0,16 16 26 9,1,84,,202985,12,0,16 16 26 9,1,100,,202986,12,0,16 16 26 9,1,95,,202987,12,0,16 16 26 9,1
6500,'20260614',2444,,202989,12,0,16 16 26 9,1,84,,202990,12,0,16 16 26 9,1,195,,202991,12,0,16 16 26 9,1
6500,'20260615',657,,202992,8,,,1,144,,202993,8,,,1,1723,,202994,12,0,16 16 26 9,1,197,,202995,12,0,16 16 26 9,1
6500,'20260616',657,,202996,8,,,1,144,,202997,8,,,1,1723,,202998,12,0,16 16 26 9,1,197,,202999,12,0,16 16 26 9,1
6500,'20260617',657,,203000,8,,,1,144,,203001,8,,,1,1723,,203002,12,0,16 16 26 9,1,197,,203003,12,0,16 16 26 9,1
6500,'20260618',657,,203004,8,,,1,144,,203005,8,,,1,1723,,203006,12,0,16 16 26 9,1,197,,203007,12,0,16 16 26 9,1
6500,'20260619',657,,203008,8,,,1,144,,203009,8,,,1,1723,,203010,12,0,16 16 26 9,1,197,,203011,12,0,16 16 26 9,1
6500,'20260620',2444,,203013,12,0,16 16 26 9,1,84,,203014,12,0,16 16 26 9,1,100,,203015,12,0,16 16 26 9,1,95,,203016,12,0,16 16 26 9,1
6500,'20260621',2444,,203018,12,0,16 16 26 9,1,84,,203019,12,0,16 16 26 9,1,195,,203020,12,0,16 16 26 9,1
6500,'20260622',657,,203021,8,,,1,144,,203022,8,,,1,1723,,203023,12,0,16 16 26 9,1,197,,203024,12,0,16 16 26 9,1
6500,'20260623',657,,203025,8,,,1,144,,203026,8,,,1,1723,,203027,12,0,16 16 26 9,1,197,,203028,12,0,16 16 26 9,1
6500,'20260624',657,,203029,8,,,1,144,,203030,8,,,1,1723,,203031,12,0,16 16 26 9,1,197,,203032,12,0,16 16 26 9,1
6500,'20260625',657,,203033,8,,,1,144,,203034,8,,,1,1723,,203035,12,0,16 16 26 9,1,197,,203036,12,0,16 16 26 9,1
6500,'20260626',657,,203037,8,,,1,144,,203038,8,,,1,1723,,203039,12,0,16 16 26 9,1,197,,203040,12,0,16 16 26 9,1
6500,'20260627',2444,,203042,12,0,16 16 26 9,1,84,,203043,12,0,16 16 26 9,1,100,,203044,12,0,16 16 26 9,1,95,,203045,12,0,16 16 26 9,1
6500,'20260628',2444,,203047,12,0,16 16 26 9,1,84,,203048,12,0,16 16 26 9,1,195,,203049,12,0,16 16 26 9,1
6500,'20260629',657,,203050,8,,,1,144,,203051,8,,,1,1723,,203052,12,0,16 16 26 9,1,197,,203053,12,0,16 16 26 9,1
6500,'20260630',657,,203054,8,,,1,144,,203055,8,,,1,1723,,203056,12,0,16 16 26 9,1,197,,203057,12,0,16 16 26 9,1
6500,'20260701',2444,,203059,12,0,16 16 26 9,1,84,,203060,12,0,16 16 26 9,1,100,,203061,12,0,16 16 26 9,1,95,,203062,12,0,16 16 26 9,1
6500,'20260702',657,,203063,8,,,1,144,,203064,8,,,1,1723,,203065,12,0,16 16 26 9,1,197,,203066,12,0,16 16 26 9,1
6500,'20260703',657,,203067,8,,,1,144,,203068,8,,,1,1723,,203069,12,0,16 16 26 9,1,197,,203070,12,0,16 16 26 9,1
6500,'20260704',2444,,203072,12,0,16 16 26 9,1,84,,203073,12,0,16 16 26 9,1,100,,203074,12,0,16 16 26 9,1,95,,203075,12,0,16 16 26 9,1
6500,'20260705',2444,,203077,12,0,16 16 26 9,1,84,,203078,12,0,16 16 26 9,1,195,,203079,12,0,16 16 26 9,1
6500,'20260706',657,,203080,8,,,1,144,,203081,8,,,1,1723,,203082,12,0,16 16 26 9,1,197,,203083,12,0,16 16 26 9,1
6500,'20260707',657,,203084,8,,,1,144,,203085,8,,,1,1723,,203086,12,0,16 16 26 9,1,197,,203087,12,0,16 16 26 9,1
6500,'20260708',657,,203088,8,,,1,144,,203089,8,,,1,1723,,203090,12,0,16 16 26 9,1,197,,203091,12,0,16 16 26 9,1
6500,'20260709',657,,203092,8,,,1,144,,203093,8,,,1,1723,,203094,12,0,16 16 26 9,1,197,,203095,12,0,16 16 26 9,1
6500,'20260710',657,,203096,8,,,1,144,,203097,8,,,1,1723,,203098,12,0,16 16 26 9,1,197,,203099,12,0,16 16 26 9,1
6500,'20260711',2444,,203101,12,0,16 16 26 9,1,84,,203102,12,0,16 16 26 9,1,100,,203103,12,0,16 16 26 9,1,95,,203104,12,0,16 16 26 9,1
6500,'20260712',2444,,203106,12,0,16 16 26 9,1,84,,203107,12,0,16 16 26 9,1,195,,203108,12,0,16 16 26 9,1
6500,'20260713',657,,203109,8,,,1,144,,203110,8,,,1,1723,,203111,12,0,16 16 26 9,1,197,,203112,12,0,16 16 26 9,1
6500,'20260714',657,,203113,8,,,1,144,,203114,8,,,1,1723,,203115,12,0,16 16 26 9,1,197,,203116,12,0,16 16 26 9,1
6500,'20260715',657,,203117,8,,,1,144,,203118,8,,,1,1723,,203119,12,0,16 16 26 9,1,197,,203120,12,0,16 16 26 9,1
6500,'20260716',657,,203121,8,,,1,144,,203122,8,,,1,1723,,203123,12,0,16 16 26 9,1,197,,203124,12,0,16 16 26 9,1
6500,'20260717',657,,203125,8,,,1,144,,203126,8,,,1,1723,,203127,12,0,16 16 26 9,1,197,,203128,12,0,16 16 26 9,1
6500,'20260718',2444,,203130,12,0,16 16 26 9,1,84,,203131,12,0,16 16 26 9,1,100,,203132,12,0,16 16 26 9,1,95,,203133,12,0,16 16 26 9,1
6500,'20260719',2444,,203135,12,0,16 16 26 9,1,84,,203136,12,0,16 16 26 9,1,195,,203137,12,0,16 16 26 9,1
6500,'20260720',657,,203138,8,,,1,144,,203139,8,,,1,1723,,203140,12,0,16 16 26 9,1,197,,203141,12,0,16 16 26 9,1
6500,'20260721',657,,203142,8,,,1,144,,203143,8,,,1,1723,,203144,12,0,16 16 26 9,1,197,,203145,12,0,16 16 26 9,1
6500,'20260722',657,,203146,8,,,1,144,,203147,8,,,1,1723,,203148,12,0,16 16 26 9,1,197,,203149,12,0,16 16 26 9,1
6500,'20260723',657,,203150,8,,,1,144,,203151,8,,,1,1723,,203152,12,0,16 16 26 9,1,197,,203153,12,0,16 16 26 9,1
6500,'20260724',657,,203154,8,,,1,144,,203155,8,,,1,1723,,203156,12,0,16 16 26 9,1,197,,203157,12,0,16 16 26 9,1
6500,'20260725',2444,,203159,12,0,16 16 26 9,1,84,,203160,12,0,16 16 26 9,1,100,,203161,12,0,16 16 26 9,1,95,,203162,12,0,16 16 26 9,1
6500,'20260726',2444,,203164,12,0,16 16 26 9,1,84,,203165,12,0,16 16 26 9,1,195,,203166,12,0,16 16 26 9,1
6500,'20260727',657,,203167,8,,,1,144,,203168,8,,,1,1723,,203169,12,0,16 16 26 9,1,197,,203170,12,0,16 16 26 9,1
6500,'20260728',657,,203171,8,,,1,144,,203172,8,,,1,1723,,203173,12,0,16 16 26 9,1,197,,203174,12,0,16 16 26 9,1
6500,'20260729',657,,203175,8,,,1,144,,203176,8,,,1,1723,,203177,12,0,16 16 26 9,1,197,,203178,12,0,16 16 26 9,1
6500,'20260730',657,,203179,8,,,1,144,,203180,8,,,1,1723,,203181,12,0,16 16 26 9,1,197,,203182,12,0,16 16 26 9,1
6500,'20260731',657,,203183,8,,,1,144,,203184,8,,,1,1723,,203185,12,0,16 16 26 9,1,197,,203186,12,0,16 16 26 9,1
6500,'20260801',2444,,203188,12,0,16 16 26 9,1,84,,203189,12,0,16 16 26 9,1,100,,203190,12,0,16 16 26 9,1,95,,203191,12,0,16 16 26 9,1
6500,'20260802',2444,,203193,12,0,16 16 26 9,1,84,,203194,12,0,16 16 26 9,1,195,,203195,12,0,16 16 26 9,1
6500,'20260803',2444,,203197,12,0,16 16 26 9,1,84,,203198,12,0,16 16 26 9,1,100,,203199,12,0,16 16 26 9,1,95,,203200,12,0,16 16 26 9,1
6500,'20260804',657,,203201,8,,,1,144,,203202,8,,,1,1723,,203203,12,0,16 16 26 9,1,197,,203204,12,0,16 16 26 9,1
6500,'20260805',657,,203205,8,,,1,144,,203206,8,,,1,1723,,203207,12,0,16 16 26 9,1,197,,203208,12,0,16 16 26 9,1
6500,'20260806',657,,203209,8,,,1,144,,203210,8,,,1,1723,,203211,12,0,16 16 26 9,1,197,,203212,12,0,16 16 26 9,1
6500,'20260807',657,,203213,8,,,1,144,,203214,8,,,1,1723,,203215,12,0,16 16 26 9,1,197,,203216,12,0,16 16 26 9,1
6500,'20260808',2444,,203218,12,0,16 16 26 9,1,84,,203219,12,0,16 16 26 9,1,100,,203220,12,0,16 16 26 9,1,95,,203221,12,0,16 16 26 9,1
6500,'20260809',2444,,203223,12,0,16 16 26 9,1,84,,203224,12,0,16 16 26 9,1,195,,203225,12,0,16 16 26 9,1
6500,'20260810',657,,203226,8,,,1,144,,203227,8,,,1,1723,,203228,12,0,16 16 26 9,1,197,,203229,12,0,16 16 26 9,1
6500,'20260811',657,,203230,8,,,1,144,,203231,8,,,1,1723,,203232,12,0,16 16 26 9,1,197,,203233,12,0,16 16 26 9,1
6500,'20260812',657,,203234,8,,,1,144,,203235,8,,,1,1723,,203236,12,0,16 16 26 9,1,197,,203237,12,0,16 16 26 9,1
6500,'20260813',657,,203238,8,,,1,144,,203239,8,,,1,1723,,203240,12,0,16 16 26 9,1,197,,203241,12,0,16 16 26 9,1
6500,'20260814',657,,203242,8,,,1,144,,203243,8,,,1,1723,,203244,12,0,16 16 26 9,1,197,,203245,12,0,16 16 26 9,1
6500,'20260815',2444,,203247,12,0,16 16 26 9,1,84,,203248,12,0,16 16 26 9,1,100,,203249,12,0,16 16 26 9,1,95,,203250,12,0,16 16 26 9,1
6500,'20260816',2444,,203252,12,0,16 16 26 9,1,84,,203253,12,0,16 16 26 9,1,195,,203254,12,0,16 16 26 9,1
6500,'20260817',657,,203255,8,,,1,144,,203256,8,,,1,1723,,203257,12,0,16 16 26 9,1,197,,203258,12,0,16 16 26 9,1
6500,'20260818',657,,203259,8,,,1,144,,203260,8,,,1,1723,,203261,12,0,16 16 26 9,1,197,,203262,12,0,16 16 26 9,1
6500,'20260819',657,,203263,8,,,1,144,,203264,8,,,1,1723,,203265,12,0,16 16 26 9,1,197,,203266,12,0,16 16 26 9,1
6500,'20260820',657,,203267,8,,,1,144,,203268,8,,,1,1723,,203269,12,0,16 16 26 9,1,197,,203270,12,0,16 16 26 9,1
6500,'20260821',657,,203271,8,,,1,144,,203272,8,,,1,1723,,203273,12,0,16 16 26 9,1,197,,203274,12,0,16 16 26 9,1
6500,'20260822',2444,,203276,12,0,16 16 26 9,1,84,,203277,12,0,16 16 26 9,1,100,,203278,12,0,16 16 26 9,1,95,,203279,12,0,16 16 26 9,1
6500,'20260823',2444,,203281,12,0,16 16 26 9,1,84,,203282,12,0,16 16 26 9,1,195,,203283,12,0,16 16 26 9,1
6500,'20260824',657,,203284,8,,,1,144,,203285,8,,,1,1723,,203286,12,0,16 16 26 9,1,197,,203287,12,0,16 16 26 9,1
6500,'20260825',657,,203288,8,,,1,144,,203289,8,,,1,1723,,203290,12,0,16 16 26 9,1,197,,203291,12,0,16 16 26 9,1
6500,'20260826',657,,203292,8,,,1,144,,203293,8,,,1,1723,,203294,12,0,16 16 26 9,1,197,,203295,12,0,16 16 26 9,1
6500,'20260827',657,,203296,8,,,1,144,,203297,8,,,1,1723,,203298,12,0,16 16 26 9,1,197,,203299,12,0,16 16 26 9,1
6500,'20260828',657,,203300,8,,,1,144,,203301,8,,,1,1723,,203302,12,0,16 16 26 9,1,197,,203303,12,0,16 16 26 9,1
6500,'20260829',2444,,203305,12,0,16 16 26 9,1,84,,203306,12,0,16 16 26 9,1,100,,203307,12,0,16 16 26 9,1,95,,203308,12,0,16 16 26 9,1
6500,'20260830',2444,,203310,12,0,16 16 26 9,1,84,,203311,12,0,16 16 26 9,1,195,,203312,12,0,16 16 26 9,1
6500,'20260831',657,,203313,8,,,1,144,,203314,8,,,1,1723,,203315,12,0,16 16 26 9,1,197,,203316,12,0,16 16 26 9,1
6500,'20260901',657,,203317,8,,,1,144,,203318,8,,,1,1723,,203319,12,0,16 16 26 9,1,197,,203320,12,0,16 16 26 9,1
6500,'20260902',657,,203321,8,,,1,144,,203322,8,,,1,1723,,203323,12,0,16 16 26 9,1,197,,203324,12,0,16 16 26 9,1
6500,'20260903',657,,203325,8,,,1,144,,203326,8,,,1,1723,,203327,12,0,16 16 26 9,1,197,,203328,12,0,16 16 26 9,1
6500,'20260904',657,,203329,8,,,1,144,,203330,8,,,1,1723,,203331,12,0,16 16 26 9,1,197,,203332,12,0,16 16 26 9,1
6501,'20260514',444,,109998,10,,,1,70,,110000,10,,,1,1039,,110001,10,,,1,86,,110002,10,,,1,93,,110003,10,,,1,99,,110004,10,,,1
6501,'20260515',444,,110006,10,,,1,70,,110008,10,,,1,1039,,110009,10,,,1,86,,110010,10,,,1,93,,110011,10,,,1,99,,110012,10,,,1
6501,'20260516',2447,,110016,10,,,1
6501,'20260517',2447,,110019,10,,,1
6501,'20260518',2447,,110022,10,,,1
6501,'20260519',444,,110023,10,,,1,70,,110025,10,,,1,1039,,110026,10,,,1,86,,110027,10,,,1,93,,110028,10,,,1,99,,110029,10,,,1
6501,'20260520',444,,110031,10,,,1,70,,110033,10,,,1,1039,,110034,10,,,1,86,,110035,10,,,1,93,,110036,10,,,1,99,,110037,10,,,1
6501,'20260521',444,,110039,10,,,1,70,,110041,10,,,1,1039,,110042,10,,,1,86,,110043,10,,,1,93,,110044,10,,,1,99,,110045,10,,,1
6501,'20260522',444,,110047,10,,,1,70,,110049,10,,,1,1039,,110050,10,,,1,86,,110051,10,,,1,93,,110052,10,,,1,99,,110053,10,,,1
6501,'20260523',1001,,119871,2,0,52 20 39,1,55,,119873,2,0,52 20 39,1,245,,119876,2,0,52 20 39,1,55,,119878,2,0,52 20 39,1,245,,119881,2,0,52 20 39,1,50,,119883,2,0,52 20 39,1,250,,119886,2,0,52 20 39,1,55,,119888,2,0,52 20 39,1,491,,110057,10,,,1
6501,'20260524',1001,,119894,2,0,52 20 39,1,55,,119896,2,0,52 20 39,1,245,,119899,2,0,52 20 39,1,55,,119901,2,0,52 20 39,1,245,,119904,2,0,52 20 39,1,50,,119906,2,0,52 20 39,1,250,,119909,2,0,52 20 39,1,55,,119911,2,0,52 20 39,1,491,,110060,10,,,1
6501,'20260525',444,,110061,10,,,1,70,,110063,10,,,1,1039,,110064,10,,,1,86,,110065,10,,,1,93,,110066,10,,,1,99,,110067,10,,,1
6501,'20260526',444,,110069,10,,,1,70,,110071,10,,,1,1039,,110072,10,,,1,86,,110073,10,,,1,93,,110074,10,,,1,99,,110075,10,,,1
6501,'20260527',444,,110077,10,,,1,70,,110079,10,,,1,1039,,110080,10,,,1,86,,110081,10,,,1,93,,110082,10,,,1,99,,110083,10,,,1
6501,'20260528',444,,110085,10,,,1,70,,110087,10,,,1,1039,,110088,10,,,1,86,,110089,10,,,1,93,,110090,10,,,1,99,,110091,10,,,1
6501,'20260529',444,,110093,10,,,1,70,,110095,10,,,1,1039,,110096,10,,,1,86,,110097,10,,,1,93,,110098,10,,,1,99,,110099,10,,,1
6501,'20260530',1001,,220002,2,0,52 20 39,1,55,,220004,2,0,52 20 39,1,245,,220007,2,0,52 20 39,1,55,,220009,2,0,52 20 39,1,245,,220012,2,0,52 20 39,1,50,,220014,2,0,52 20 39,1,250,,220017,2,0,52 20 39,1,55,,220019,2,0,52 20 39,1,491,,110103,10,,,1
6501,'20260531',1001,,220025,2,0,52 20 39,1,55,,220027,2,0,52 20 39,1,245,,220030,2,0,52 20 39,1,55,,220032,2,0,52 20 39,1,245,,220035,2,0,52 20 39,1,50,,220037,2,0,52 20 39,1,250,,220040,2,0,52 20 39,1,55,,220042,2,0,52 20 39,1,491,,110106,10,,,1
6501,'20260601',444,,110107,10,,,1,70,,110109,10,,,1,1039,,110110,10,,,1,86,,110111,10,,,1,93,,110112,10,,,1,99,,110113,10,,,1
6501,'20260602',444,,110115,10,,,1,70,,110117,10,,,1,1039,,110118,10,,,1,86,,110119,10,,,1,93,,110120,10,,,1,99,,110121,10,,,1
6501,'20260603',444,,110123,10,,,1,70,,110125,10,,,1,1039,,110126,10,,,1,86,,110127,10,,,1,93,,110128,10,,,1,99,,110129,10,,,1
6501,'20260604',444,,110131,10,,,1,70,,110133,10,,,1,1039,,110134,10,,,1,86,,110135,10,,,1,93,,110136,10,,,1,99,,110137,10,,,1
6501,'20260605',444,,110139,10,,,1,70,,110141,10,,,1,1039,,110142,10,,,1,86,,110143,10,,,1,93,,110144,10,,,1,99,,110145,10,,,1
6501,'20260606',2447,,110149,10,,,1
6501,'20260607',2447,,110152,10,,,1
6501,'20260608',444,,110153,10,,,1,70,,110155,10,,,1,1039,,110156,10,,,1,86,,110157,10,,,1,93,,110158,10,,,1,99,,110159,10,,,1
6501,'20260609',444,,110161,10,,,1,70,,110163,10,,,1,1039,,110164,10,,,1,86,,110165,10,,,1,93,,110166,10,,,1,99,,110167,10,,,1
6501,'20260610',444,,110169,10,,,1,70,,110171,10,,,1,1039,,110172,10,,,1,86,,110173,10,,,1,93,,110174,10,,,1,99,,110175,10,,,1
6501,'20260611',444,,110177,10,,,1,70,,110179,10,,,1,1039,,110180,10,,,1,86,,110181,10,,,1,93,,110182,10,,,1,99,,110183,10,,,1
6501,'20260612',444,,110185,10,,,1,70,,110187,10,,,1,1039,,110188,10,,,1,86,,110189,10,,,1,93,,110190,10,,,1,99,,110191,10,,,1
6501,'20260613',2447,,203335,10,,,1
6501,'20260614',2447,,203338,10,,,1
6501,'20260615',444,,203339,10,,,1,70,,203341,10,,,1,1039,,203342,10,,,1,86,,203343,10,,,1,93,,203344,10,,,1,99,,203345,10,,,1
6501,'20260616',444,,203347,10,,,1,70,,203349,10,,,1,1039,,203350,10,,,1,86,,203351,10,,,1,93,,203352,10,,,1,99,,203353,10,,,1
6501,'20260617',444,,203355,10,,,1,70,,203357,10,,,1,1039,,203358,10,,,1,86,,203359,10,,,1,93,,203360,10,,,1,99,,203361,10,,,1
6501,'20260618',444,,203363,10,,,1,70,,203365,10,,,1,1039,,203366,10,,,1,86,,203367,10,,,1,93,,203368,10,,,1,99,,203369,10,,,1
6501,'20260619',444,,203371,10,,,1,70,,203373,10,,,1,1039,,203374,10,,,1,86,,203375,10,,,1,93,,203376,10,,,1,99,,203377,10,,,1
6501,'20260620',2447,,203381,10,,,1
6501,'20260621',2447,,203384,10,,,1
6501,'20260622',444,,203385,10,,,1,70,,203387,10,,,1,1039,,203388,10,,,1,86,,203389,10,,,1,93,,203390,10,,,1,99,,203391,10,,,1
6501,'20260623',444,,203393,10,,,1,70,,203395,10,,,1,1039,,203396,10,,,1,86,,203397,10,,,1,93,,203398,10,,,1,99,,203399,10,,,1
6501,'20260624',444,,203401,10,,,1,70,,203403,10,,,1,1039,,203404,10,,,1,86,,203405,10,,,1,93,,203406,10,,,1,99,,203407,10,,,1
6501,'20260625',444,,203409,10,,,1,70,,203411,10,,,1,1039,,203412,10,,,1,86,,203413,10,,,1,93,,203414,10,,,1,99,,203415,10,,,1
6501,'20260626',444,,203417,10,,,1,70,,203419,10,,,1,1039,,203420,10,,,1,86,,203421,10,,,1,93,,203422,10,,,1,99,,203423,10,,,1
6501,'20260627',2447,,203427,10,,,1
6501,'20260628',2447,,203430,10,,,1
6501,'20260629',444,,203431,10,,,1,70,,203433,10,,,1,1039,,203434,10,,,1,86,,203435,10,,,1,93,,203436,10,,,1,99,,203437,10,,,1
6501,'20260630',444,,203439,10,,,1,70,,203441,10,,,1,1039,,203442,10,,,1,86,,203443,10,,,1,93,,203444,10,,,1,99,,203445,10,,,1
6501,'20260701',2447,,203449,10,,,1
6501,'20260702',444,,203450,10,,,1,70,,203452,10,,,1,1039,,203453,10,,,1,86,,203454,10,,,1,93,,203455,10,,,1,99,,203456,10,,,1
6501,'20260703',444,,203458,10,,,1,70,,203460,10,,,1,1039,,203461,10,,,1,86,,203462,10,,,1,93,,203463,10,,,1,99,,203464,10,,,1
6501,'20260704',2447,,203468,10,,,1
6501,'20260705',2447,,203471,10,,,1
6501,'20260706',444,,203472,10,,,1,70,,203474,10,,,1,1039,,203475,10,,,1,86,,203476,10,,,1,93,,203477,10,,,1,99,,203478,10,,,1
6501,'20260707',444,,203480,10,,,1,70,,203482,10,,,1,1039,,203483,10,,,1,86,,203484,10,,,1,93,,203485,10,,,1,99,,203486,10,,,1
6501,'20260708',444,,203488,10,,,1,70,,203490,10,,,1,1039,,203491,10,,,1,86,,203492,10,,,1,93,,203493,10,,,1,99,,203494,10,,,1
6501,'20260709',444,,203496,10,,,1,70,,203498,10,,,1,1039,,203499,10,,,1,86,,203500,10,,,1,93,,203501,10,,,1,99,,203502,10,,,1
6501,'20260710',444,,203504,10,,,1,70,,203506,10,,,1,1039,,203507,10,,,1,86,,203508,10,,,1,93,,203509,10,,,1,99,,203510,10,,,1
6501,'20260711',2447,,203514,10,,,1
6501,'20260712',2447,,203517,10,,,1
6501,'20260713',444,,203518,10,,,1,70,,203520,10,,,1,1039,,203521,10,,,1,86,,203522,10,,,1,93,,203523,10,,,1,99,,203524,10,,,1
6501,'20260714',444,,203526,10,,,1,70,,203528,10,,,1,1039,,203529,10,,,1,86,,203530,10,,,1,93,,203531,10,,,1,99,,203532,10,,,1
6501,'20260715',444,,203534,10,,,1,70,,203536,10,,,1,1039,,203537,10,,,1,86,,203538,10,,,1,93,,203539,10,,,1,99,,203540,10,,,1
6501,'20260716',444,,203542,10,,,1,70,,203544,10,,,1,1039,,203545,10,,,1,86,,203546,10,,,1,93,,203547,10,,,1,99,,203548,10,,,1
6501,'20260717',444,,203550,10,,,1,70,,203552,10,,,1,1039,,203553,10,,,1,86,,203554,10,,,1,93,,203555,10,,,1,99,,203556,10,,,1
6501,'20260718',2447,,203560,10,,,1
6501,'20260719',2447,,203563,10,,,1
6501,'20260720',444,,203564,10,,,1,70,,203566,10,,,1,1039,,203567,10,,,1,86,,203568,10,,,1,93,,203569,10,,,1,99,,203570,10,,,1
6501,'20260721',444,,203572,10,,,1,70,,203574,10,,,1,1039,,203575,10,,,1,86,,203576,10,,,1,93,,203577,10,,,1,99,,203578,10,,,1
6501,'20260722',444,,203580,10,,,1,70,,203582,10,,,1,1039,,203583,10,,,1,86,,203584,10,,,1,93,,203585,10,,,1,99,,203586,10,,,1
6501,'20260723',444,,203588,10,,,1,70,,203590,10,,,1,1039,,203591,10,,,1,86,,203592,10,,,1,93,,203593,10,,,1,99,,203594,10,,,1
6501,'20260724',444,,203596,10,,,1,70,,203598,10,,,1,1039,,203599,10,,,1,86,,203600,10,,,1,93,,203601,10,,,1,99,,203602,10,,,1
6501,'20260725',2447,,203606,10,,,1
6501,'20260726',2447,,203609,10,,,1
6501,'20260727',444,,203610,10,,,1,70,,203612,10,,,1,1039,,203613,10,,,1,86,,203614,10,,,1,93,,203615,10,,,1,99,,203616,10,,,1
6501,'20260728',444,,203618,10,,,1,70,,203620,10,,,1,1039,,203621,10,,,1,86,,203622,10,,,1,93,,203623,10,,,1,99,,203624,10,,,1
6501,'20260729',444,,203626,10,,,1,70,,203628,10,,,1,1039,,203629,10,,,1,86,,203630,10,,,1,93,,203631,10,,,1,99,,203632,10,,,1
6501,'20260730',444,,203634,10,,,1,70,,203636,10,,,1,1039,,203637,10,,,1,86,,203638,10,,,1,93,,203639,10,,,1,99,,203640,10,,,1
6501,'20260731',444,,203642,10,,,1,70,,203644,10,,,1,1039,,203645,10,,,1,86,,203646,10,,,1,93,,203647,10,,,1,99,,203648,10,,,1
6501,'20260801',2447,,203652,10,,,1
6501,'20260802',2447,,203655,10,,,1
6501,'20260803',2447,,203658,10,,,1
6501,'20260804',444,,203659,10,,,1,70,,203661,10,,,1,1039,,203662,10,,,1,86,,203663,10,,,1,93,,203664,10,,,1,99,,203665,10,,,1
6501,'20260805',444,,203667,10,,,1,70,,203669,10,,,1,1039,,203670,10,,,1,86,,203671,10,,,1,93,,203672,10,,,1,99,,203673,10,,,1
6501,'20260806',444,,203675,10,,,1,70,,203677,10,,,1,1039,,203678,10,,,1,86,,203679,10,,,1,93,,203680,10,,,1,99,,203681,10,,,1
6501,'20260807',444,,203683,10,,,1,70,,203685,10,,,1,1039,,203686,10,,,1,86,,203687,10,,,1,93,,203688,10,,,1,99,,203689,10,,,1
6501,'20260808',2447,,203693,10,,,1
6501,'20260809',2447,,203696,10,,,1
6501,'20260810',444,,203697,10,,,1,70,,203699,10,,,1,1039,,203700,10,,,1,86,,203701,10,,,1,93,,203702,10,,,1,99,,203703,10,,,1
6501,'20260811',444,,203705,10,,,1,70,,203707,10,,,1,1039,,203708,10,,,1,86,,203709,10,,,1,93,,203710,10,,,1,99,,203711,10,,,1
6501,'20260812',444,,203713,10,,,1,70,,203715,10,,,1,1039,,203716,10,,,1,86,,203717,10,,,1,93,,203718,10,,,1,99,,203719,10,,,1
6501,'20260813',444,,203721,10,,,1,70,,203723,10,,,1,1039,,203724,10,,,1,86,,203725,10,,,1,93,,203726,10,,,1,99,,203727,10,,,1
6501,'20260814',444,,203729,10,,,1,70,,203731,10,,,1,1039,,203732,10,,,1,86,,203733,10,,,1,93,,203734,10,,,1,99,,203735,10,,,1
6501,'20260815',2447,,203739,10,,,1
6501,'20260816',2447,,203742,10,,,1
6501,'20260817',444,,203743,10,,,1,70,,203745,10,,,1,1039,,203746,10,,,1,86,,203747,10,,,1,93,,203748,10,,,1,99,,203749,10,,,1
6501,'20260818',444,,203751,10,,,1,70,,203753,10,,,1,1039,,203754,10,,,1,86,,203755,10,,,1,93,,203756,10,,,1,99,,203757,10,,,1
6501,'20260819',444,,203759,10,,,1,70,,203761,10,,,1,1039,,203762,10,,,1,86,,203763,10,,,1,93,,203764,10,,,1,99,,203765,10,,,1
6501,'20260820',444,,203767,10,,,1,70,,203769,10,,,1,1039,,203770,10,,,1,86,,203771,10,,,1,93,,203772,10,,,1,99,,203773,10,,,1
6501,'20260821',444,,203775,10,,,1,70,,203777,10,,,1,1039,,203778,10,,,1,86,,203779,10,,,1,93,,203780,10,,,1,99,,203781,10,,,1
6501,'20260822',2447,,203785,10,,,1
6501,'20260823',2447,,203788,10,,,1
6501,'20260824',444,,203789,10,,,1,70,,203791,10,,,1,1039,,203792,10,,,1,86,,203793,10,,,1,93,,203794,10,,,1,99,,203795,10,,,1
6501,'20260825',444,,203797,10,,,1,70,,203799,10,,,1,1039,,203800,10,,,1,86,,203801,10,,,1,93,,203802,10,,,1,99,,203803,10,,,1
6501,'20260826',444,,203805,10,,,1,70,,203807,10,,,1,1039,,203808,10,,,1,86,,203809,10,,,1,93,,203810,10,,,1,99,,203811,10,,,1
6501,'20260827',444,,203813,10,,,1,70,,203815,10,,,1,1039,,203816,10,,,1,86,,203817,10,,,1,93,,203818,10,,,1,99,,203819,10,,,1
6501,'20260828',444,,203821,10,,,1,70,,203823,10,,,1,1039,,203824,10,,,1,86,,203825,10,,,1,93,,203826,10,,,1,99,,203827,10,,,1
6501,'20260829',2447,,203831,10,,,1
6501,'20260830',2447,,203834,10,,,1
6501,'20260831',444,,203835,10,,,1,70,,203837,10,,,1,1039,,203838,10,,,1,86,,203839,10,,,1,93,,203840,10,,,1,99,,203841,10,,,1
6501,'20260901',444,,203843,10,,,1,70,,203845,10,,,1,1039,,203846,10,,,1,86,,203847,10,,,1,93,,203848,10,,,1,99,,203849,10,,,1
6501,'20260902',444,,203851,10,,,1,70,,203853,10,,,1,1039,,203854,10,,,1,86,,203855,10,,,1,93,,203856,10,,,1,99,,203857,10,,,1
6501,'20260903',444,,203859,10,,,1,70,,203861,10,,,1,1039,,203862,10,,,1,86,,203863,10,,,1,93,,203864,10,,,1,99,,203865,10,,,1
6501,'20260904',444,,203867,10,,,1,70,,203869,10,,,1,1039,,203870,10,,,1,86,,203871,10,,,1,93,,203872,10,,,1,99,,203873,10,,,1
6800,'20260514',612,,110623,2,,,1,588,,110626,2,,,1,59,,110627,2,,,1,700,,110629,2,0,16 16 26 9,1,45,,110630,2,,,1,55,,110631,2,,,1,100,,110632,2,,,1
6800,'20260515',612,,110633,2,,,1,588,,110636,2,,,1,59,,110637,2,,,1,700,,110639,2,0,16 16 26 9,1,45,,110640,2,,,1,55,,110641,2,,,1,100,,110642,2,,,1
6800,'20260516',759,,110643,2,,,1,300,,110644,2,,,1,300,,110645,2,,,1,400,,110646,2,,,1,200,,110647,2,,,1
6800,'20260517',759,,110649,2,,,1,300,,110650,2,,,1,300,,110651,2,,,1,400,,110652,2,,,1,200,,110653,2,,,1
6800,'20260518',759,,110655,2,,,1,300,,110656,2,,,1,300,,110657,2,,,1,400,,110658,2,,,1,200,,110659,2,,,1
6800,'20260519',612,,110661,2,,,1,588,,110664,2,,,1,59,,110665,2,,,1,700,,110667,2,0,16 16 26 9,1,45,,110668,2,,,1,55,,110669,2,,,1,100,,110670,2,,,1
6800,'20260520',612,,110671,2,,,1,588,,110674,2,,,1,59,,110675,2,,,1,700,,110677,2,0,16 16 26 9,1,45,,110678,2,,,1,55,,110679,2,,,1,100,,110680,2,,,1
6800,'20260521',612,,110681,2,,,1,588,,110684,2,,,1,59,,110685,2,,,1,700,,110687,2,0,16 16 26 9,1,45,,110688,2,,,1,55,,110689,2,,,1,100,,110690,2,,,1
6800,'20260522',612,,110691,2,,,1,588,,110694,2,,,1,59,,110695,2,,,1,700,,110697,2,0,16 16 26 9,1,45,,110698,2,,,1,55,,110699,2,,,1,100,,110700,2,,,1
6800,'20260523',759,,110701,2,,,1,258,,119918,12,0,53 27 28 9,1,42,,110702,2,,,1,263,,119920,12,0,53 27 28 9,1,37,,110703,2,,,1,263,,119922,12,0,53 27 28 9,1,137,,110704,2,,,1,163,,119924,12,0,53 27 28 9,1,37,,110705,2,,,1,257,,119926,12,0,53 27 28 9,1,6,,119927,7,0,52 97 9,1,214,,119928,12,0,53 27 28 9,1
6800,'20260524',759,,110707,2,,,1,258,,119931,12,0,53 27 28 9,1,42,,110708,2,,,1,263,,119933,12,0,53 27 28 9,1,37,,110709,2,,,1,263,,119935,12,0,53 27 28 9,1,137,,110710,2,,,1,163,,119937,12,0,53 27 28 9,1,37,,110711,2,,,1,257,,119939,12,0,53 27 28 9,1,6,,119940,7,0,52 97 9,1,214,,119941,12,0,53 27 28 9,1
6800,'20260525',612,,110713,2,,,1,588,,110716,2,,,1,59,,110717,2,,,1,700,,110719,2,0,16 16 26 9,1,45,,110720,2,,,1,55,,110721,2,,,1,100,,110722,2,,,1
6800,'20260526',612,,110723,2,,,1,588,,110726,2,,,1,59,,110727,2,,,1,700,,110729,2,0,16 16 26 9,1,45,,110730,2,,,1,55,,110731,2,,,1,100,,110732,2,,,1
6800,'20260527',612,,110733,2,,,1,588,,110736,2,,,1,59,,110737,2,,,1,700,,110739,2,0,16 16 26 9,1,45,,110740,2,,,1,55,,110741,2,,,1,100,,110742,2,,,1
6800,'20260528',612,,110743,2,,,1,588,,110746,2,,,1,59,,110747,2,,,1,700,,110749,2,0,16 16 26 9,1,45,,110750,2,,,1,55,,110751,2,,,1,100,,110752,2,,,1
6800,'20260529',612,,110753,2,,,1,588,,110756,2,,,1,59,,110757,2,,,1,700,,110759,2,0,16 16 26 9,1,45,,110760,2,,,1,55,,110761,2,,,1,100,,110762,2,,,1
6800,'20260530',759,,110763,2,,,1,258,,220049,12,0,53 27 28 9,1,42,,110764,2,,,1,263,,220051,12,0,53 27 28 9,1,37,,110765,2,,,1,263,,220053,12,0,53 27 28 9,1,137,,110766,2,,,1,163,,220055,12,0,53 27 28 9,1,37,,110767,2,,,1,257,,220057,12,0,53 27 28 9,1,6,,220058,7,0,52 97 9,1,214,,220059,12,0,53 27 28 9,1
6800,'20260531',759,,110769,2,,,1,258,,220062,12,0,53 27 28 9,1,42,,110770,2,,,1,263,,220064,12,0,53 27 28 9,1,37,,110771,2,,,1,263,,220066,12,0,53 27 28 9,1,137,,110772,2,,,1,163,,220068,12,0,53 27 28 9,1,37,,110773,2,,,1,257,,220070,12,0,53 27 28 9,1,6,,220071,7,0,52 97 9,1,214,,220072,12,0,53 27 28 9,1
6800,'20260601',612,,110775,2,,,1,588,,110778,2,,,1,59,,110779,2,,,1,700,,110781,2,0,16 16 26 9,1,45,,110782,2,,,1,55,,110783,2,,,1,100,,110784,2,,,1
6800,'20260602',612,,110785,2,,,1,588,,110788,2,,,1,59,,110789,2,,,1,700,,110791,2,0,16 16 26 9,1,45,,110792,2,,,1,55,,110793,2,,,1,100,,110794,2,,,1
6800,'20260603',612,,110795,2,,,1,588,,110798,2,,,1,59,,110799,2,,,1,700,,110801,2,0,16 16 26 9,1,45,,110802,2,,,1,55,,110803,2,,,1,100,,110804,2,,,1
6800,'20260604',612,,110805,2,,,1,588,,110808,2,,,1,59,,110809,2,,,1,700,,110811,2,0,16 16 26 9,1,45,,110812,2,,,1,55,,110813,2,,,1,100,,110814,2,,,1
6800,'20260605',612,,110815,2,,,1,588,,110818,2,,,1,59,,110819,2,,,1,700,,110821,2,0,16 16 26 9,1,45,,110822,2,,,1,55,,110823,2,,,1,100,,110824,2,,,1
6800,'20260606',759,,110825,2,,,1,300,,110826,2,,,1,300,,110827,2,,,1,400,,110828,2,,,1,200,,110829,2,,,1
6800,'20260607',759,,110831,2,,,1,300,,110832,2,,,1,300,,110833,2,,,1,400,,110834,2,,,1,200,,110835,2,,,1
6800,'20260608',612,,110837,2,,,1,588,,110840,2,,,1,59,,110841,2,,,1,700,,110843,2,0,16 16 26 9,1,45,,110844,2,,,1,55,,110845,2,,,1,100,,110846,2,,,1
6800,'20260609',612,,110847,2,,,1,588,,110850,2,,,1,59,,110851,2,,,1,700,,110853,2,0,16 16 26 9,1,45,,110854,2,,,1,55,,110855,2,,,1,100,,110856,2,,,1
6800,'20260610',612,,110857,2,,,1,588,,110860,2,,,1,59,,110861,2,,,1,700,,110863,2,0,16 16 26 9,1,45,,110864,2,,,1,55,,110865,2,,,1,100,,110866,2,,,1
6800,'20260611',612,,110867,2,,,1,588,,110870,2,,,1,59,,110871,2,,,1,700,,110873,2,0,16 16 26 9,1,45,,110874,2,,,1,55,,110875,2,,,1,100,,110876,2,,,1
6800,'20260612',612,,110877,2,,,1,588,,110880,2,,,1,59,,110881,2,,,1,700,,110883,2,0,16 16 26 9,1,45,,110884,2,,,1,55,,110885,2,,,1,100,,110886,2,,,1
6800,'20260613',759,,204281,2,,,1,300,,204282,2,,,1,300,,204283,2,,,1,400,,204284,2,,,1,200,,204285,2,,,1
6800,'20260614',759,,204287,2,,,1,300,,204288,2,,,1,300,,204289,2,,,1,400,,204290,2,,,1,200,,204291,2,,,1
6800,'20260615',612,,204293,2,,,1,588,,204296,2,,,1,59,,204297,2,,,1,700,,204299,2,0,16 16 26 9,1,45,,204300,2,,,1,55,,204301,2,,,1,100,,204302,2,,,1
6800,'20260616',612,,204303,2,,,1,588,,204306,2,,,1,59,,204307,2,,,1,700,,204309,2,0,16 16 26 9,1,45,,204310,2,,,1,55,,204311,2,,,1,100,,204312,2,,,1
6800,'20260617',612,,204313,2,,,1,588,,204316,2,,,1,59,,204317,2,,,1,700,,204319,2,0,16 16 26 9,1,45,,204320,2,,,1,55,,204321,2,,,1,100,,204322,2,,,1
6800,'20260618',612,,204323,2,,,1,588,,204326,2,,,1,59,,204327,2,,,1,700,,204329,2,0,16 16 26 9,1,45,,204330,2,,,1,55,,204331,2,,,1,100,,204332,2,,,1
6800,'20260619',612,,204333,2,,,1,588,,204336,2,,,1,59,,204337,2,,,1,700,,204339,2,0,16 16 26 9,1,45,,204340,2,,,1,55,,204341,2,,,1,100,,204342,2,,,1
6800,'20260620',759,,204343,2,,,1,300,,204344,2,,,1,300,,204345,2,,,1,400,,204346,2,,,1,200,,204347,2,,,1
6800,'20260621',759,,204349,2,,,1,300,,204350,2,,,1,300,,204351,2,,,1,400,,204352,2,,,1,200,,204353,2,,,1
6800,'20260622',612,,204355,2,,,1,588,,204358,2,,,1,59,,204359,2,,,1,700,,204361,2,0,16 16 26 9,1,45,,204362,2,,,1,55,,204363,2,,,1,100,,204364,2,,,1
6800,'20260623',612,,204365,2,,,1,588,,204368,2,,,1,59,,204369,2,,,1,700,,204371,2,0,16 16 26 9,1,45,,204372,2,,,1,55,,204373,2,,,1,100,,204374,2,,,1
6800,'20260624',612,,204375,2,,,1,588,,204378,2,,,1,59,,204379,2,,,1,700,,204381,2,0,16 16 26 9,1,45,,204382,2,,,1,55,,204383,2,,,1,100,,204384,2,,,1
6800,'20260625',612,,204385,2,,,1,588,,204388,2,,,1,59,,204389,2,,,1,700,,204391,2,0,16 16 26 9,1,45,,204392,2,,,1,55,,204393,2,,,1,100,,204394,2,,,1
6800,'20260626',612,,204395,2,,,1,588,,204398,2,,,1,59,,204399,2,,,1,700,,204401,2,0,16 16 26 9,1,45,,204402,2,,,1,55,,204403,2,,,1,100,,204404,2,,,1
6800,'20260627',759,,204405,2,,,1,300,,204406,2,,,1,300,,204407,2,,,1,400,,204408,2,,,1,200,,204409,2,,,1
6800,'20260628',759,,204411,2,,,1,300,,204412,2,,,1,300,,204413,2,,,1,400,,204414,2,,,1,200,,204415,2,,,1
6800,'20260629',612,,204417,2,,,1,588,,204420,2,,,1,59,,204421,2,,,1,700,,204423,2,0,16 16 26 9,1,45,,204424,2,,,1,55,,204425,2,,,1,100,,204426,2,,,1
6800,'20260630',612,,204427,2,,,1,588,,204430,2,,,1,59,,204431,2,,,1,700,,204433,2,0,16 16 26 9,1,45,,204434,2,,,1,55,,204435,2,,,1,100,,204436,2,,,1
6800,'20260701',759,,204437,2,,,1,300,,204438,2,,,1,300,,204439,2,,,1,400,,204440,2,,,1,200,,204441,2,,,1
6800,'20260702',612,,204443,2,,,1,588,,204446,2,,,1,59,,204447,2,,,1,700,,204449,2,0,16 16 26 9,1,45,,204450,2,,,1,55,,204451,2,,,1,100,,204452,2,,,1
6800,'20260703',612,,204453,2,,,1,588,,204456,2,,,1,59,,204457,2,,,1,700,,204459,2,0,16 16 26 9,1,45,,204460,2,,,1,55,,204461,2,,,1,100,,204462,2,,,1
6800,'20260704',759,,204463,2,,,1,300,,204464,2,,,1,300,,204465,2,,,1,400,,204466,2,,,1,200,,204467,2,,,1
6800,'20260705',759,,204469,2,,,1,300,,204470,2,,,1,300,,204471,2,,,1,400,,204472,2,,,1,200,,204473,2,,,1
6800,'20260706',612,,204475,2,,,1,588,,204478,2,,,1,59,,204479,2,,,1,700,,204481,2,0,16 16 26 9,1,45,,204482,2,,,1,55,,204483,2,,,1,100,,204484,2,,,1
6800,'20260707',612,,204485,2,,,1,588,,204488,2,,,1,59,,204489,2,,,1,700,,204491,2,0,16 16 26 9,1,45,,204492,2,,,1,55,,204493,2,,,1,100,,204494,2,,,1
6800,'20260708',612,,204495,2,,,1,588,,204498,2,,,1,59,,204499,2,,,1,700,,204501,2,0,16 16 26 9,1,45,,204502,2,,,1,55,,204503,2,,,1,100,,204504,2,,,1
6800,'20260709',612,,204505,2,,,1,588,,204508,2,,,1,59,,204509,2,,,1,700,,204511,2,0,16 16 26 9,1,45,,204512,2,,,1,55,,204513,2,,,1,100,,204514,2,,,1
6800,'20260710',612,,204515,2,,,1,588,,204518,2,,,1,59,,204519,2,,,1,700,,204521,2,0,16 16 26 9,1,45,,204522,2,,,1,55,,204523,2,,,1,100,,204524,2,,,1
6800,'20260711',759,,204525,2,,,1,300,,204526,2,,,1,300,,204527,2,,,1,400,,204528,2,,,1,200,,204529,2,,,1
6800,'20260712',759,,204531,2,,,1,300,,204532,2,,,1,300,,204533,2,,,1,400,,204534,2,,,1,200,,204535,2,,,1
6800,'20260713',612,,204537,2,,,1,588,,204540,2,,,1,59,,204541,2,,,1,700,,204543,2,0,16 16 26 9,1,45,,204544,2,,,1,55,,204545,2,,,1,100,,204546,2,,,1
6800,'20260714',612,,204547,2,,,1,588,,204550,2,,,1,59,,204551,2,,,1,700,,204553,2,0,16 16 26 9,1,45,,204554,2,,,1,55,,204555,2,,,1,100,,204556,2,,,1
6800,'20260715',612,,204557,2,,,1,588,,204560,2,,,1,59,,204561,2,,,1,700,,204563,2,0,16 16 26 9,1,45,,204564,2,,,1,55,,204565,2,,,1,100,,204566,2,,,1
6800,'20260716',612,,204567,2,,,1,588,,204570,2,,,1,59,,204571,2,,,1,700,,204573,2,0,16 16 26 9,1,45,,204574,2,,,1,55,,204575,2,,,1,100,,204576,2,,,1
6800,'20260717',612,,204577,2,,,1,588,,204580,2,,,1,59,,204581,2,,,1,700,,204583,2,0,16 16 26 9,1,45,,204584,2,,,1,55,,204585,2,,,1,100,,204586,2,,,1
6800,'20260718',759,,204587,2,,,1,300,,204588,2,,,1,300,,204589,2,,,1,400,,204590,2,,,1,200,,204591,2,,,1
6800,'20260719',759,,204593,2,,,1,300,,204594,2,,,1,300,,204595,2,,,1,400,,204596,2,,,1,200,,204597,2,,,1
6800,'20260720',612,,204599,2,,,1,588,,204602,2,,,1,59,,204603,2,,,1,700,,204605,2,0,16 16 26 9,1,45,,204606,2,,,1,55,,204607,2,,,1,100,,204608,2,,,1
6800,'20260721',612,,204609,2,,,1,588,,204612,2,,,1,59,,204613,2,,,1,700,,204615,2,0,16 16 26 9,1,45,,204616,2,,,1,55,,204617,2,,,1,100,,204618,2,,,1
6800,'20260722',612,,204619,2,,,1,588,,204622,2,,,1,59,,204623,2,,,1,700,,204625,2,0,16 16 26 9,1,45,,204626,2,,,1,55,,204627,2,,,1,100,,204628,2,,,1
6800,'20260723',612,,204629,2,,,1,588,,204632,2,,,1,59,,204633,2,,,1,700,,204635,2,0,16 16 26 9,1,45,,204636,2,,,1,55,,204637,2,,,1,100,,204638,2,,,1
6800,'20260724',612,,204639,2,,,1,588,,204642,2,,,1,59,,204643,2,,,1,700,,204645,2,0,16 16 26 9,1,45,,204646,2,,,1,55,,204647,2,,,1,100,,204648,2,,,1
6800,'20260725',759,,204649,2,,,1,300,,204650,2,,,1,300,,204651,2,,,1,400,,204652,2,,,1,200,,204653,2,,,1
6800,'20260726',759,,204655,2,,,1,300,,204656,2,,,1,300,,204657,2,,,1,400,,204658,2,,,1,200,,204659,2,,,1
6800,'20260727',612,,204661,2,,,1,588,,204664,2,,,1,59,,204665,2,,,1,700,,204667,2,0,16 16 26 9,1,45,,204668,2,,,1,55,,204669,2,,,1,100,,204670,2,,,1
6800,'20260728',612,,204671,2,,,1,588,,204674,2,,,1,59,,204675,2,,,1,700,,204677,2,0,16 16 26 9,1,45,,204678,2,,,1,55,,204679,2,,,1,100,,204680,2,,,1
6800,'20260729',612,,204681,2,,,1,588,,204684,2,,,1,59,,204685,2,,,1,700,,204687,2,0,16 16 26 9,1,45,,204688,2,,,1,55,,204689,2,,,1,100,,204690,2,,,1
6800,'20260730',612,,204691,2,,,1,588,,204694,2,,,1,59,,204695,2,,,1,700,,204697,2,0,16 16 26 9,1,45,,204698,2,,,1,55,,204699,2,,,1,100,,204700,2,,,1
6800,'20260731',612,,204701,2,,,1,588,,204704,2,,,1,59,,204705,2,,,1,700,,204707,2,0,16 16 26 9,1,45,,204708,2,,,1,55,,204709,2,,,1,100,,204710,2,,,1
6800,'20260801',759,,204711,2,,,1,300,,204712,2,,,1,300,,204713,2,,,1,400,,204714,2,,,1,200,,204715,2,,,1
6800,'20260802',759,,204717,2,,,1,300,,204718,2,,,1,300,,204719,2,,,1,400,,204720,2,,,1,200,,204721,2,,,1
6800,'20260803',759,,204723,2,,,1,300,,204724,2,,,1,300,,204725,2,,,1,400,,204726,2,,,1,200,,204727,2,,,1
6800,'20260804',612,,204729,2,,,1,588,,204732,2,,,1,59,,204733,2,,,1,700,,204735,2,0,16 16 26 9,1,45,,204736,2,,,1,55,,204737,2,,,1,100,,204738,2,,,1
6800,'20260805',612,,204739,2,,,1,588,,204742,2,,,1,59,,204743,2,,,1,700,,204745,2,0,16 16 26 9,1,45,,204746,2,,,1,55,,204747,2,,,1,100,,204748,2,,,1
6800,'20260806',612,,204749,2,,,1,588,,204752,2,,,1,59,,204753,2,,,1,700,,204755,2,0,16 16 26 9,1,45,,204756,2,,,1,55,,204757,2,,,1,100,,204758,2,,,1
6800,'20260807',612,,204759,2,,,1,588,,204762,2,,,1,59,,204763,2,,,1,700,,204765,2,0,16 16 26 9,1,45,,204766,2,,,1,55,,204767,2,,,1,100,,204768,2,,,1
6800,'20260808',759,,204769,2,,,1,300,,204770,2,,,1,300,,204771,2,,,1,400,,204772,2,,,1,200,,204773,2,,,1
6800,'20260809',759,,204775,2,,,1,300,,204776,2,,,1,300,,204777,2,,,1,400,,204778,2,,,1,200,,204779,2,,,1
6800,'20260810',612,,204781,2,,,1,588,,204784,2,,,1,59,,204785,2,,,1,700,,204787,2,0,16 16 26 9,1,45,,204788,2,,,1,55,,204789,2,,,1,100,,204790,2,,,1
6800,'20260811',612,,204791,2,,,1,588,,204794,2,,,1,59,,204795,2,,,1,700,,204797,2,0,16 16 26 9,1,45,,204798,2,,,1,55,,204799,2,,,1,100,,204800,2,,,1
6800,'20260812',612,,204801,2,,,1,588,,204804,2,,,1,59,,204805,2,,,1,700,,204807,2,0,16 16 26 9,1,45,,204808,2,,,1,55,,204809,2,,,1,100,,204810,2,,,1
6800,'20260813',612,,204811,2,,,1,588,,204814,2,,,1,59,,204815,2,,,1,700,,204817,2,0,16 16 26 9,1,45,,204818,2,,,1,55,,204819,2,,,1,100,,204820,2,,,1
6800,'20260814',612,,204821,2,,,1,588,,204824,2,,,1,59,,204825,2,,,1,700,,204827,2,0,16 16 26 9,1,45,,204828,2,,,1,55,,204829,2,,,1,100,,204830,2,,,1
6800,'20260815',759,,204831,2,,,1,300,,204832,2,,,1,300,,204833,2,,,1,400,,204834,2,,,1,200,,204835,2,,,1
6800,'20260816',759,,204837,2,,,1,300,,204838,2,,,1,300,,204839,2,,,1,400,,204840,2,,,1,200,,204841,2,,,1
6800,'20260817',612,,204843,2,,,1,588,,204846,2,,,1,59,,204847,2,,,1,700,,204849,2,0,16 16 26 9,1,45,,204850,2,,,1,55,,204851,2,,,1,100,,204852,2,,,1
6800,'20260818',612,,204853,2,,,1,588,,204856,2,,,1,59,,204857,2,,,1,700,,204859,2,0,16 16 26 9,1,45,,204860,2,,,1,55,,204861,2,,,1,100,,204862,2,,,1
6800,'20260819',612,,204863,2,,,1,588,,204866,2,,,1,59,,204867,2,,,1,700,,204869,2,0,16 16 26 9,1,45,,204870,2,,,1,55,,204871,2,,,1,100,,204872,2,,,1
6800,'20260820',612,,204873,2,,,1,588,,204876,2,,,1,59,,204877,2,,,1,700,,204879,2,0,16 16 26 9,1,45,,204880,2,,,1,55,,204881,2,,,1,100,,204882,2,,,1
6800,'20260821',612,,204883,2,,,1,588,,204886,2,,,1,59,,204887,2,,,1,700,,204889,2,0,16 16 26 9,1,45,,204890,2,,,1,55,,204891,2,,,1,100,,204892,2,,,1
6800,'20260822',759,,204893,2,,,1,300,,204894,2,,,1,300,,204895,2,,,1,400,,204896,2,,,1,200,,204897,2,,,1
6800,'20260823',759,,204899,2,,,1,300,,204900,2,,,1,300,,204901,2,,,1,400,,204902,2,,,1,200,,204903,2,,,1
6800,'20260824',612,,204905,2,,,1,588,,204908,2,,,1,59,,204909,2,,,1,700,,204911,2,0,16 16 26 9,1,45,,204912,2,,,1,55,,204913,2,,,1,100,,204914,2,,,1
6800,'20260825',612,,204915,2,,,1,588,,204918,2,,,1,59,,204919,2,,,1,700,,204921,2,0,16 16 26 9,1,45,,204922,2,,,1,55,,204923,2,,,1,100,,204924,2,,,1
6800,'20260826',612,,204925,2,,,1,588,,204928,2,,,1,59,,204929,2,,,1,700,,204931,2,0,16 16 26 9,1,45,,204932,2,,,1,55,,204933,2,,,1,100,,204934,2,,,1
6800,'20260827',612,,204935,2,,,1,588,,204938,2,,,1,59,,204939,2,,,1,700,,204941,2,0,16 16 26 9,1,45,,204942,2,,,1,55,,204943,2,,,1,100,,204944,2,,,1
6800,'20260828',612,,204945,2,,,1,588,,204948,2,,,1,59,,204949,2,,,1,700,,204951,2,0,16 16 26 9,1,45,,204952,2,,,1,55,,204953,2,,,1,100,,204954,2,,,1
6800,'20260829',759,,204955,2,,,1,300,,204956,2,,,1,300,,204957,2,,,1,400,,204958,2,,,1,200,,204959,2,,,1
6800,'20260830',759,,204961,2,,,1,300,,204962,2,,,1,300,,204963,2,,,1,400,,204964,2,,,1,200,,204965,2,,,1
6800,'20260831',612,,204967,2,,,1,588,,204970,2,,,1,59,,204971,2,,,1,700,,204973,2,0,16 16 26 9,1,45,,204974,2,,,1,55,,204975,2,,,1,100,,204976,2,,,1
6800,'20260901',612,,204977,2,,,1,588,,204980,2,,,1,59,,204981,2,,,1,700,,204983,2,0,16 16 26 9,1,45,,204984,2,,,1,55,,204985,2,,,1,100,,204986,2,,,1
6800,'20260902',612,,204987,2,,,1,588,,204990,2,,,1,59,,204991,2,,,1,700,,204993,2,0,16 16 26 9,1,45,,204994,2,,,1,55,,204995,2,,,1,100,,204996,2,,,1
6800,'20260903',612,,204997,2,,,1,588,,205000,2,,,1,59,,205001,2,,,1,700,,205003,2,0,16 16 26 9,1,45,,205004,2,,,1,55,,205005,2,,,1,100,,205006,2,,,1
6800,'20260904',612,,205007,2,,,1,588,,205010,2,,,1,59,,205011,2,,,1,700,,205013,2,0,16 16 26 9,1,45,,205014,2,,,1,55,,205015,2,,,1,100,,205016,2,,,1
