3800,'20260611',1701,,94178,12,,,1,225,,94179,12,,,1
3800,'20260612',1701,,94180,12,,,1,225,,94181,12,,,1
3800,'20260615',1701,,176535,12,,,1,225,,176536,12,,,1
3800,'20260616',1701,,176537,12,,,1,225,,176538,12,,,1
3800,'20260617',1701,,176539,12,,,1,225,,176540,12,,,1
3800,'20260618',1701,,176541,12,,,1,225,,176542,12,,,1
3800,'20260619',1701,,176543,12,,,1,225,,176544,12,,,1
3800,'20260622',1701,,176545,12,,,1,225,,176546,12,,,1
3800,'20260623',1701,,176547,12,,,1,225,,176548,12,,,1
3800,'20260624',1701,,176549,12,,,1,225,,176550,12,,,1
3800,'20260625',1701,,176551,12,,,1,225,,176552,12,,,1
3800,'20260626',1701,,176553,12,,,1,225,,176554,12,,,1
3800,'20260629',1701,,176555,12,,,1,225,,176556,12,,,1
3800,'20260630',1701,,176557,12,,,1,225,,176558,12,,,1
3800,'20260702',1701,,176559,12,,,1,225,,176560,12,,,1
3800,'20260703',1701,,176561,12,,,1,225,,176562,12,,,1
3800,'20260706',1701,,176563,12,,,1,225,,176564,12,,,1
3800,'20260707',1701,,176565,12,,,1,225,,176566,12,,,1
3800,'20260708',1701,,176567,12,,,1,225,,176568,12,,,1
3800,'20260709',1701,,176569,12,,,1,225,,176570,12,,,1
3800,'20260710',1701,,176571,12,,,1,225,,176572,12,,,1
3800,'20260713',1701,,176573,12,,,1,225,,176574,12,,,1
3800,'20260714',1701,,176575,12,,,1,225,,176576,12,,,1
3800,'20260715',1701,,176577,12,,,1,225,,176578,12,,,1
3800,'20260716',1701,,176579,12,,,1,225,,176580,12,,,1
3800,'20260717',1701,,176581,12,,,1,225,,176582,12,,,1
3800,'20260720',1701,,176583,12,,,1,225,,176584,12,,,1
3800,'20260721',1701,,176585,12,,,1,225,,176586,12,,,1
3800,'20260722',1701,,176587,12,,,1,225,,176588,12,,,1
3800,'20260723',1701,,176589,12,,,1,225,,176590,12,,,1
3800,'20260724',1701,,176591,12,,,1,225,,176592,12,,,1
3800,'20260727',1701,,176593,12,,,1,225,,176594,12,,,1
3800,'20260728',1701,,176595,12,,,1,225,,176596,12,,,1
3800,'20260729',1701,,176597,12,,,1,225,,176598,12,,,1
3800,'20260730',1701,,176599,12,,,1,225,,176600,12,,,1
3800,'20260731',1701,,176601,12,,,1,225,,176602,12,,,1
3800,'20260804',1701,,176603,12,,,1,225,,176604,12,,,1
3800,'20260805',1701,,176605,12,,,1,225,,176606,12,,,1
3800,'20260806',1701,,176607,12,,,1,225,,176608,12,,,1
3800,'20260807',1701,,176609,12,,,1,225,,176610,12,,,1
3800,'20260810',1701,,176611,12,,,1,225,,176612,12,,,1
3800,'20260811',1701,,176613,12,,,1,225,,176614,12,,,1
3800,'20260812',1701,,176615,12,,,1,225,,176616,12,,,1
3800,'20260813',1701,,176617,12,,,1,225,,176618,12,,,1
3800,'20260814',1701,,176619,12,,,1,225,,176620,12,,,1
3800,'20260817',1701,,176621,12,,,1,225,,176622,12,,,1
3800,'20260818',1701,,176623,12,,,1,225,,176624,12,,,1
3800,'20260819',1701,,176625,12,,,1,225,,176626,12,,,1
3800,'20260820',1701,,176627,12,,,1,225,,176628,12,,,1
3800,'20260821',1701,,176629,12,,,1,225,,176630,12,,,1
3800,'20260824',1701,,176631,12,,,1,225,,176632,12,,,1
3800,'20260825',1701,,176633,12,,,1,225,,176634,12,,,1
3800,'20260826',1701,,176635,12,,,1,225,,176636,12,,,1
3800,'20260827',1701,,176637,12,,,1,225,,176638,12,,,1
3800,'20260828',1701,,176639,12,,,1,225,,176640,12,,,1
3800,'20260831',1701,,176641,12,,,1,225,,176642,12,,,1
3800,'20260901',1701,,176643,12,,,1,225,,176644,12,,,1
3800,'20260902',1701,,176645,12,,,1,225,,176646,12,,,1
3800,'20260903',1701,,176647,12,,,1,225,,176648,12,,,1
3800,'20260904',1701,,176649,12,,,1,225,,176650,12,,,1
