1701,'20260414',611,,6941,14,,,1,197,,6942,14,,,1,103,,6943,14,,,1,100,,6944,14,,,1,104,,6945,14,,,1,200,,6946,14,,,1,95,,6947,14,,,1,98,,6948,14,,,1,45,,6949,14,,,1,150,,6950,14,,,1,110,,6951,14,,,1,95,,6952,14,,,1,110,,6953,14,,,1,96,,6954,14,,,1
1701,'20260415',611,,6955,14,,,1,197,,6956,14,,,1,103,,6957,14,,,1,100,,6958,14,,,1,104,,6959,14,,,1,200,,6960,14,,,1,95,,6961,14,,,1,98,,6962,14,,,1,45,,6963,14,,,1,150,,6964,14,,,1,110,,6965,14,,,1,95,,6966,14,,,1,110,,6967,14,,,1,96,,6968,14,,,1
1701,'20260416',611,,6969,14,,,1,197,,6970,14,,,1,103,,6971,14,,,1,100,,6972,14,,,1,104,,6973,14,,,1,200,,6974,14,,,1,95,,6975,14,,,1,98,,6976,14,,,1,45,,6977,14,,,1,150,,6978,14,,,1,110,,6979,14,,,1,95,,6980,14,,,1,110,,6981,14,,,1,96,,6982,14,,,1
1701,'20260417',611,,6983,14,,,1,197,,6984,14,,,1,103,,6985,14,,,1,100,,6986,14,,,1,104,,6987,14,,,1,200,,6988,14,,,1,95,,6989,14,,,1,98,,6990,14,,,1,45,,6991,14,,,1,150,,6992,14,,,1,110,,6993,14,,,1,95,,6994,14,,,1,110,,6995,14,,,1,96,,6996,14,,,1
1701,'20260420',611,,6997,14,,,1,197,,6998,14,,,1,103,,6999,14,,,1,100,,7000,14,,,1,104,,7001,14,,,1,200,,7002,14,,,1,95,,7003,14,,,1,98,,7004,14,,,1,45,,7005,14,,,1,150,,7006,14,,,1,110,,7007,14,,,1,95,,7008,14,,,1,110,,7009,14,,,1,96,,7010,14,,,1
1701,'20260421',611,,7011,14,,,1,197,,7012,14,,,1,103,,7013,14,,,1,100,,7014,14,,,1,104,,7015,14,,,1,200,,7016,14,,,1,95,,7017,14,,,1,98,,7018,14,,,1,45,,7019,14,,,1,150,,7020,14,,,1,110,,7021,14,,,1,95,,7022,14,,,1,110,,7023,14,,,1,96,,7024,14,,,1
1701,'20260422',611,,7025,14,,,1,197,,7026,14,,,1,103,,7027,14,,,1,100,,7028,14,,,1,104,,7029,14,,,1,200,,7030,14,,,1,95,,7031,14,,,1,98,,7032,14,,,1,45,,7033,14,,,1,150,,7034,14,,,1,110,,7035,14,,,1,95,,7036,14,,,1,110,,7037,14,,,1,96,,7038,14,,,1
1701,'20260423',611,,7039,14,,,1,197,,7040,14,,,1,103,,7041,14,,,1,100,,7042,14,,,1,104,,7043,14,,,1,200,,7044,14,,,1,95,,7045,14,,,1,98,,7046,14,,,1,45,,7047,14,,,1,150,,7048,14,,,1,110,,7049,14,,,1,95,,7050,14,,,1,110,,7051,14,,,1,96,,7052,14,,,1
1701,'20260424',611,,7053,14,,,1,197,,7054,14,,,1,103,,7055,14,,,1,100,,7056,14,,,1,104,,7057,14,,,1,200,,7058,14,,,1,95,,7059,14,,,1,98,,7060,14,,,1,45,,7061,14,,,1,150,,7062,14,,,1,110,,7063,14,,,1,95,,7064,14,,,1,110,,7065,14,,,1,96,,7066,14,,,1
2900,'20260414',543,,21080,10,,,1,192,,21081,10,,,1,200,,21082,10,,,1,210,,21083,10,,,1,100,,21084,10,,,1,95,,21085,10,,,1,100,,21086,10,,,1,95,,21087,10,,,1,65,,21088,9,0,7 40 41,1,35,,21089,10,,,1,70,,21090,9,0,7 40 41,1,30,,21091,10,,,1,70,,21092,9,0,7 40 41,1,30,,21093,10,,,1,75,,21094,9,0,7 40 41,1,30,,21095,10,,,1,103,,21096,10,,,1,100,,21097,10,,,1,100,,21098,10,,,1
2900,'20260415',543,,21099,10,,,1,192,,21100,10,,,1,200,,21101,10,,,1,210,,21102,10,,,1,100,,21103,10,,,1,95,,21104,10,,,1,100,,21105,10,,,1,95,,21106,10,,,1,65,,21107,9,0,7 40 41,1,35,,21108,10,,,1,70,,21109,9,0,7 40 41,1,30,,21110,10,,,1,70,,21111,9,0,7 40 41,1,30,,21112,10,,,1,75,,21113,9,0,7 40 41,1,30,,21114,10,,,1,103,,21115,10,,,1,100,,21116,10,,,1,100,,21117,10,,,1
2900,'20260416',543,,21118,10,,,1,192,,21119,10,,,1,200,,21120,10,,,1,210,,21121,10,,,1,100,,21122,10,,,1,95,,21123,10,,,1,100,,21124,10,,,1,95,,21125,10,,,1,65,,21126,9,0,7 40 41,1,35,,21127,10,,,1,70,,21128,9,0,7 40 41,1,30,,21129,10,,,1,70,,21130,9,0,7 40 41,1,30,,21131,10,,,1,75,,21132,9,0,7 40 41,1,30,,21133,10,,,1,103,,21134,10,,,1,100,,21135,10,,,1,100,,21136,10,,,1
2900,'20260417',543,,21137,10,,,1,192,,21138,10,,,1,200,,21139,10,,,1,210,,21140,10,,,1,100,,21141,10,,,1,95,,21142,10,,,1,100,,21143,10,,,1,95,,21144,10,,,1,65,,21145,9,0,7 40 41,1,35,,21146,10,,,1,70,,21147,9,0,7 40 41,1,30,,21148,10,,,1,70,,21149,9,0,7 40 41,1,30,,21150,10,,,1,75,,21151,9,0,7 40 41,1,30,,21152,10,,,1,103,,21153,10,,,1,100,,21154,10,,,1,100,,21155,10,,,1
2900,'20260418',708,,21156,10,,,1,95,,21157,10,,,1,97,,21158,10,,,1,100,,21159,10,,,1,55,,21160,10,,,1,100,,21161,10,,,1,145,,21162,10,,,1,100,,21163,10,,,1,100,,21164,10,,,1,100,,21165,10,,,1,100,,21166,10,,,1,100,,21167,10,,,1,100,,21168,10,,,1,100,,21169,10,,,1,103,,21170,10,,,1,200,,21171,10,,,1
2900,'20260419',708,,21172,10,,,1,95,,21173,10,,,1,97,,21174,10,,,1,100,,21175,10,,,1,55,,21176,10,,,1,100,,21177,10,,,1,145,,21178,10,,,1,100,,21179,10,,,1,100,,21180,10,,,1,100,,21181,10,,,1,100,,21182,10,,,1,100,,21183,10,,,1,100,,21184,10,,,1,100,,21185,10,,,1,103,,21186,10,,,1,200,,21187,10,,,1
2900,'20260420',543,,21188,10,,,1,192,,21189,10,,,1,200,,21190,10,,,1,210,,21191,10,,,1,100,,21192,10,,,1,95,,21193,10,,,1,100,,21194,10,,,1,95,,21195,10,,,1,65,,21196,9,0,7 40 41,1,35,,21197,10,,,1,70,,21198,9,0,7 40 41,1,30,,21199,10,,,1,70,,21200,9,0,7 40 41,1,30,,21201,10,,,1,75,,21202,9,0,7 40 41,1,30,,21203,10,,,1,103,,21204,10,,,1,100,,21205,10,,,1,100,,21206,10,,,1
2900,'20260421',543,,21207,10,,,1,192,,21208,10,,,1,200,,21209,10,,,1,210,,21210,10,,,1,100,,21211,10,,,1,95,,21212,10,,,1,100,,21213,10,,,1,95,,21214,10,,,1,65,,21215,9,0,7 40 41,1,35,,21216,10,,,1,70,,21217,9,0,7 40 41,1,30,,21218,10,,,1,70,,21219,9,0,7 40 41,1,30,,21220,10,,,1,75,,21221,9,0,7 40 41,1,30,,21222,10,,,1,103,,21223,10,,,1,100,,21224,10,,,1,100,,21225,10,,,1
2900,'20260422',543,,21226,10,,,1,192,,21227,10,,,1,200,,21228,10,,,1,210,,21229,10,,,1,100,,21230,10,,,1,95,,21231,10,,,1,100,,21232,10,,,1,95,,21233,10,,,1,65,,21234,9,0,7 40 41,1,35,,21235,10,,,1,70,,21236,9,0,7 40 41,1,30,,21237,10,,,1,70,,21238,9,0,7 40 41,1,30,,21239,10,,,1,75,,21240,9,0,7 40 41,1,30,,21241,10,,,1,103,,21242,10,,,1,100,,21243,10,,,1,100,,21244,10,,,1
2900,'20260423',543,,21245,10,,,1,192,,21246,10,,,1,200,,21247,10,,,1,210,,21248,10,,,1,100,,21249,10,,,1,95,,21250,10,,,1,100,,21251,10,,,1,95,,21252,10,,,1,65,,21253,9,0,7 40 41,1,35,,21254,10,,,1,70,,21255,9,0,7 40 41,1,30,,21256,10,,,1,70,,21257,9,0,7 40 41,1,30,,21258,10,,,1,75,,21259,9,0,7 40 41,1,30,,21260,10,,,1,103,,21261,10,,,1,100,,21262,10,,,1,100,,21263,10,,,1
2900,'20260424',543,,21264,10,,,1,192,,21265,10,,,1,200,,21266,10,,,1,210,,21267,10,,,1,100,,21268,10,,,1,95,,21269,10,,,1,100,,21270,10,,,1,95,,21271,10,,,1,65,,21272,9,0,7 40 41,1,35,,21273,10,,,1,70,,21274,9,0,7 40 41,1,30,,21275,10,,,1,70,,21276,9,0,7 40 41,1,30,,21277,10,,,1,75,,21278,9,0,7 40 41,1,30,,21279,10,,,1,103,,21280,10,,,1,100,,21281,10,,,1,100,,21282,10,,,1
4800,'20260414',458,,45770,9,,,1,90,,45771,9,,,1,95,,45772,9,,,1,90,,45773,9,,,1,110,,45774,9,,,1,105,,45775,9,,,1,100,,45776,9,,,1,100,,45777,9,,,1,100,,45778,9,,,1,100,,45779,9,,,1,82,,45780,9,,,1,95,,45781,9,,,1,110,,45782,9,,,1,110,,45783,9,,,1,103,,45784,9,,,1,205,,45785,9,,,1,250,,45786,9,,,1
4800,'20260415',458,,45787,9,,,1,90,,45788,9,,,1,95,,45789,9,,,1,90,,45790,9,,,1,110,,45791,9,,,1,105,,45792,9,,,1,100,,45793,9,,,1,100,,45794,9,,,1,100,,45795,9,,,1,100,,45796,9,,,1,82,,45797,9,,,1,95,,45798,9,,,1,110,,45799,9,,,1,110,,45800,9,,,1,103,,45801,9,,,1,205,,45802,9,,,1,250,,45803,9,,,1
4800,'20260416',458,,45804,9,,,1,90,,45805,9,,,1,95,,45806,9,,,1,90,,45807,9,,,1,110,,45808,9,,,1,105,,45809,9,,,1,100,,45810,9,,,1,100,,45811,9,,,1,100,,45812,9,,,1,100,,45813,9,,,1,82,,45814,9,,,1,95,,45815,9,,,1,110,,45816,9,,,1,110,,45817,9,,,1,103,,45818,9,,,1,205,,45819,9,,,1,250,,45820,9,,,1
4800,'20260417',458,,45821,9,,,1,90,,45822,9,,,1,95,,45823,9,,,1,90,,45824,9,,,1,110,,45825,9,,,1,105,,45826,9,,,1,100,,45827,9,,,1,100,,45828,9,,,1,100,,45829,9,,,1,100,,45830,9,,,1,82,,45831,9,,,1,95,,45832,9,,,1,110,,45833,9,,,1,110,,45834,9,,,1,103,,45835,9,,,1,205,,45836,9,,,1,250,,45837,9,,,1
4800,'20260420',458,,45838,9,,,1,90,,45839,9,,,1,95,,45840,9,,,1,90,,45841,9,,,1,110,,45842,9,,,1,105,,45843,9,,,1,100,,45844,9,,,1,100,,45845,9,,,1,100,,45846,9,,,1,100,,45847,9,,,1,82,,45848,9,,,1,95,,45849,9,,,1,110,,45850,9,,,1,110,,45851,9,,,1,103,,45852,9,,,1,205,,45853,9,,,1,250,,45854,9,,,1
4800,'20260421',458,,45855,9,,,1,90,,45856,9,,,1,95,,45857,9,,,1,90,,45858,9,,,1,110,,45859,9,,,1,105,,45860,9,,,1,100,,45861,9,,,1,100,,45862,9,,,1,100,,45863,9,,,1,100,,45864,9,,,1,82,,45865,9,,,1,95,,45866,9,,,1,110,,45867,9,,,1,110,,45868,9,,,1,103,,45869,9,,,1,205,,45870,9,,,1,250,,45871,9,,,1
4800,'20260422',458,,45872,9,,,1,90,,45873,9,,,1,95,,45874,9,,,1,90,,45875,9,,,1,110,,45876,9,,,1,105,,45877,9,,,1,100,,45878,9,,,1,100,,45879,9,,,1,100,,45880,9,,,1,100,,45881,9,,,1,82,,45882,9,,,1,95,,45883,9,,,1,110,,45884,9,,,1,110,,45885,9,,,1,103,,45886,9,,,1,205,,45887,9,,,1,250,,45888,9,,,1
4800,'20260423',458,,45889,9,,,1,90,,45890,9,,,1,95,,45891,9,,,1,90,,45892,9,,,1,110,,45893,9,,,1,105,,45894,9,,,1,100,,45895,9,,,1,100,,45896,9,,,1,100,,45897,9,,,1,100,,45898,9,,,1,82,,45899,9,,,1,95,,45900,9,,,1,110,,45901,9,,,1,110,,45902,9,,,1,103,,45903,9,,,1,205,,45904,9,,,1,250,,45905,9,,,1
4800,'20260424',458,,45906,9,,,1,90,,45907,9,,,1,95,,45908,9,,,1,90,,45909,9,,,1,110,,45910,9,,,1,105,,45911,9,,,1,100,,45912,9,,,1,100,,45913,9,,,1,100,,45914,9,,,1,100,,45915,9,,,1,82,,45916,9,,,1,95,,45917,9,,,1,110,,45918,9,,,1,110,,45919,9,,,1,103,,45920,9,,,1,205,,45921,9,,,1,250,,45922,9,,,1
