6101,'20260326',530,,49864,20,,,1,416,,49865,20,,,1,102,,49866,20,,,1,100,,49867,20,,,1,100,,49868,20,,,1,100,,49869,20,,,1
6101,'20260327',530,,49870,20,,,1,416,,49871,20,,,1,102,,49872,20,,,1,100,,49873,20,,,1,100,,49874,20,,,1,100,,49875,20,,,1
6101,'20260330',530,,49876,20,,,1,416,,49877,20,,,1,102,,49878,20,,,1,100,,49879,20,,,1,100,,49880,20,,,1,100,,49881,20,,,1
6101,'20260331',530,,49882,20,,,1,416,,49883,20,,,1,102,,49884,20,,,1,100,,49885,20,,,1,100,,49886,20,,,1,100,,49887,20,,,1
6101,'20260401',530,,49888,20,,,1,416,,49889,20,,,1,102,,49890,20,,,1,100,,49891,20,,,1,100,,49892,20,,,1,100,,49893,20,,,1
6101,'20260402',530,,49894,20,,,1,416,,49895,20,,,1,102,,49896,20,,,1,100,,49897,20,,,1,100,,49898,20,,,1,100,,49899,20,,,1
6101,'20260406',530,,49900,20,,,1,416,,49901,20,,,1,102,,49902,20,,,1,100,,49903,20,,,1,100,,49904,20,,,1,100,,49905,20,,,1
6101,'20260407',530,,49906,20,,,1,416,,49907,20,,,1,102,,49908,20,,,1,100,,49909,20,,,1,100,,49910,20,,,1,100,,49911,20,,,1
6101,'20260408',530,,49912,20,,,1,416,,49913,20,,,1,102,,49914,20,,,1,100,,49915,20,,,1,100,,49916,20,,,1,100,,49917,20,,,1
6101,'20260409',530,,49918,20,,,1,416,,49919,20,,,1,102,,49920,20,,,1,100,,49921,20,,,1,100,,49922,20,,,1,100,,49923,20,,,1
6101,'20260410',530,,49924,20,,,1,416,,49925,20,,,1,102,,49926,20,,,1,100,,49927,20,,,1,100,,49928,20,,,1,100,,49929,20,,,1
6101,'20260413',530,,49930,20,,,1,416,,49931,20,,,1,102,,49932,20,,,1,100,,49933,20,,,1,100,,49934,20,,,1,100,,49935,20,,,1
6101,'20260414',530,,49936,20,,,1,416,,49937,20,,,1,102,,49938,20,,,1,100,,49939,20,,,1,100,,49940,20,,,1,100,,49941,20,,,1
6101,'20260415',530,,49942,20,,,1,416,,49943,20,,,1,102,,49944,20,,,1,100,,49945,20,,,1,100,,49946,20,,,1,100,,49947,20,,,1
6101,'20260416',530,,49948,20,,,1,416,,49949,20,,,1,102,,49950,20,,,1,100,,49951,20,,,1,100,,49952,20,,,1,100,,49953,20,,,1
6101,'20260417',530,,49954,20,,,1,416,,49955,20,,,1,102,,49956,20,,,1,100,,49957,20,,,1,100,,49958,20,,,1,100,,49959,20,,,1
6101,'20260420',530,,49960,20,,,1,416,,49961,20,,,1,102,,49962,20,,,1,100,,49963,20,,,1,100,,49964,20,,,1,100,,49965,20,,,1
6101,'20260421',530,,49966,20,,,1,416,,49967,20,,,1,102,,49968,20,,,1,100,,49969,20,,,1,100,,49970,20,,,1,100,,49971,20,,,1
6101,'20260422',530,,49972,20,,,1,416,,49973,20,,,1,102,,49974,20,,,1,100,,49975,20,,,1,100,,49976,20,,,1,100,,49977,20,,,1
6101,'20260423',530,,49978,20,,,1,416,,49979,20,,,1,102,,49980,20,,,1,100,,49981,20,,,1,100,,49982,20,,,1,100,,49983,20,,,1
6101,'20260424',530,,49984,20,,,1,416,,49985,20,,,1,102,,49986,20,,,1,100,,49987,20,,,1,100,,49988,20,,,1,100,,49989,20,,,1
