8800,'20260716',554,,208102,4,,,1,176,,208103,4,,,1,107,,208104,4,,,1,197,,208105,4,,,1,211,,208106,4,,,1,200,,208107,4,,,1,201,,208108,4,,,1,156,,208109,6,0,5 48 43,1,100,,208110,6,0,5 48 43,1,144,,208111,4,,,1,199,,208112,4,,,1,274,,208113,4,,,1
8800,'20260717',554,,208114,4,,,1,176,,208115,4,,,1,107,,208116,4,,,1,197,,208117,4,,,1,211,,208118,4,,,1,200,,208119,4,,,1,201,,208120,4,,,1,156,,208121,6,0,5 48 43,1,100,,208122,6,0,5 48 43,1,144,,208123,4,,,1,199,,208124,4,,,1,274,,208125,4,,,1
8800,'20260718',910,,208126,4,,,1,105,,208127,4,,,1,300,,208129,4,,,1,300,,208131,4,,,1,230,,208133,4,,,1,100,,208134,4,,,1,270,,208135,4,,,1,304,,208136,4,,,1
8800,'20260719',910,,208137,4,,,1,105,,208138,4,,,1,300,,208140,4,,,1,300,,208142,4,,,1,230,,208144,4,,,1,100,,208145,4,,,1,270,,208146,4,,,1,304,,208147,4,,,1
8800,'20260720',554,,208148,4,,,1,176,,208149,4,,,1,107,,208150,4,,,1,197,,208151,4,,,1,211,,208152,4,,,1,200,,208153,4,,,1,201,,208154,4,,,1,156,,208155,6,0,5 48 43,1,100,,208156,6,0,5 48 43,1,144,,208157,4,,,1,199,,208158,4,,,1,274,,208159,4,,,1
8800,'20260721',554,,208160,4,,,1,176,,208161,4,,,1,107,,208162,4,,,1,197,,208163,4,,,1,211,,208164,4,,,1,200,,208165,4,,,1,201,,208166,4,,,1,156,,208167,6,0,5 48 43,1,100,,208168,6,0,5 48 43,1,144,,208169,4,,,1,199,,208170,4,,,1,274,,208171,4,,,1
8800,'20260722',554,,208172,4,,,1,176,,208173,4,,,1,107,,208174,4,,,1,197,,208175,4,,,1,211,,208176,4,,,1,200,,208177,4,,,1,201,,208178,4,,,1,156,,208179,6,0,5 48 43,1,100,,208180,6,0,5 48 43,1,144,,208181,4,,,1,199,,208182,4,,,1,274,,208183,4,,,1
8800,'20260723',554,,208184,4,,,1,176,,208185,4,,,1,107,,208186,4,,,1,197,,208187,4,,,1,211,,208188,4,,,1,200,,208189,4,,,1,201,,208190,4,,,1,156,,208191,6,0,5 48 43,1,100,,208192,6,0,5 48 43,1,144,,208193,4,,,1,199,,208194,4,,,1,274,,208195,4,,,1
8800,'20260724',554,,208196,4,,,1,176,,208197,4,,,1,107,,208198,4,,,1,197,,208199,4,,,1,211,,208200,4,,,1,200,,208201,4,,,1,201,,208202,4,,,1,156,,208203,6,0,5 48 43,1,100,,208204,6,0,5 48 43,1,144,,208205,4,,,1,199,,208206,4,,,1,274,,208207,4,,,1
8800,'20260725',910,,208208,4,,,1,105,,208209,4,,,1,300,,208211,4,,,1,300,,208213,4,,,1,230,,208215,4,,,1,100,,208216,4,,,1,270,,208217,4,,,1,304,,208218,4,,,1
8800,'20260726',910,,208219,4,,,1,105,,208220,4,,,1,300,,208222,4,,,1,300,,208224,4,,,1,230,,208226,4,,,1,100,,208227,4,,,1,270,,208228,4,,,1,304,,208229,4,,,1
8800,'20260727',554,,208230,4,,,1,176,,208231,4,,,1,107,,208232,4,,,1,197,,208233,4,,,1,211,,208234,4,,,1,200,,208235,4,,,1,201,,208236,4,,,1,156,,208237,6,0,5 48 43,1,100,,208238,6,0,5 48 43,1,144,,208239,4,,,1,199,,208240,4,,,1,274,,208241,4,,,1
8800,'20260728',554,,208242,4,,,1,176,,208243,4,,,1,107,,208244,4,,,1,197,,208245,4,,,1,211,,208246,4,,,1,200,,208247,4,,,1,201,,208248,4,,,1,156,,208249,6,0,5 48 43,1,100,,208250,6,0,5 48 43,1,144,,208251,4,,,1,199,,208252,4,,,1,274,,208253,4,,,1
8800,'20260729',554,,208254,4,,,1,176,,208255,4,,,1,107,,208256,4,,,1,197,,208257,4,,,1,211,,208258,4,,,1,200,,208259,4,,,1,201,,208260,4,,,1,156,,208261,6,0,5 48 43,1,100,,208262,6,0,5 48 43,1,144,,208263,4,,,1,199,,208264,4,,,1,274,,208265,4,,,1
8800,'20260730',554,,208266,4,,,1,176,,208267,4,,,1,107,,208268,4,,,1,197,,208269,4,,,1,211,,208270,4,,,1,200,,208271,4,,,1,201,,208272,4,,,1,156,,208273,6,0,5 48 43,1,100,,208274,6,0,5 48 43,1,144,,208275,4,,,1,199,,208276,4,,,1,274,,208277,4,,,1
8800,'20260731',554,,208278,4,,,1,176,,208279,4,,,1,107,,208280,4,,,1,197,,208281,4,,,1,211,,208282,4,,,1,200,,208283,4,,,1,201,,208284,4,,,1,156,,208285,6,0,5 48 43,1,100,,208286,6,0,5 48 43,1,144,,208287,4,,,1,199,,208288,4,,,1,274,,208289,4,,,1
8800,'20260801',910,,208290,4,,,1,105,,208291,4,,,1,300,,208293,4,,,1,300,,208295,4,,,1,230,,208297,4,,,1,100,,208298,4,,,1,270,,208299,4,,,1,304,,208300,4,,,1
8800,'20260802',910,,208301,4,,,1,105,,208302,4,,,1,300,,208304,4,,,1,300,,208306,4,,,1,230,,208308,4,,,1,100,,208309,4,,,1,270,,208310,4,,,1,304,,208311,4,,,1
8800,'20260803',910,,208312,4,,,1,105,,208313,4,,,1,300,,208315,4,,,1,300,,208317,4,,,1,230,,208319,4,,,1,100,,208320,4,,,1,270,,208321,4,,,1,304,,208322,4,,,1
8800,'20260804',554,,208323,4,,,1,176,,208324,4,,,1,107,,208325,4,,,1,197,,208326,4,,,1,211,,208327,4,,,1,200,,208328,4,,,1,201,,208329,4,,,1,156,,208330,6,0,5 48 43,1,100,,208331,6,0,5 48 43,1,144,,208332,4,,,1,199,,208333,4,,,1,274,,208334,4,,,1
8800,'20260805',554,,208335,4,,,1,176,,208336,4,,,1,107,,208337,4,,,1,197,,208338,4,,,1,211,,208339,4,,,1,200,,208340,4,,,1,201,,208341,4,,,1,156,,208342,6,0,5 48 43,1,100,,208343,6,0,5 48 43,1,144,,208344,4,,,1,199,,208345,4,,,1,274,,208346,4,,,1
8800,'20260806',554,,208347,4,,,1,176,,208348,4,,,1,107,,208349,4,,,1,197,,208350,4,,,1,211,,208351,4,,,1,200,,208352,4,,,1,201,,208353,4,,,1,156,,208354,6,0,5 48 43,1,100,,208355,6,0,5 48 43,1,144,,208356,4,,,1,199,,208357,4,,,1,274,,208358,4,,,1
8800,'20260807',554,,208359,4,,,1,176,,208360,4,,,1,107,,208361,4,,,1,197,,208362,4,,,1,211,,208363,4,,,1,200,,208364,4,,,1,201,,208365,4,,,1,156,,208366,6,0,5 48 43,1,100,,208367,6,0,5 48 43,1,144,,208368,4,,,1,199,,208369,4,,,1,274,,208370,4,,,1
8800,'20260808',910,,208371,4,,,1,105,,208372,4,,,1,300,,208374,4,,,1,300,,208376,4,,,1,230,,208378,4,,,1,100,,208379,4,,,1,270,,208380,4,,,1,304,,208381,4,,,1
8800,'20260809',910,,208382,4,,,1,105,,208383,4,,,1,300,,208385,4,,,1,300,,208387,4,,,1,230,,208389,4,,,1,100,,208390,4,,,1,270,,208391,4,,,1,304,,208392,4,,,1
8800,'20260810',554,,208393,4,,,1,176,,208394,4,,,1,107,,208395,4,,,1,197,,208396,4,,,1,211,,208397,4,,,1,200,,208398,4,,,1,201,,208399,4,,,1,156,,208400,6,0,5 48 43,1,100,,208401,6,0,5 48 43,1,144,,208402,4,,,1,199,,208403,4,,,1,274,,208404,4,,,1
8800,'20260811',554,,208405,4,,,1,176,,208406,4,,,1,107,,208407,4,,,1,197,,208408,4,,,1,211,,208409,4,,,1,200,,208410,4,,,1,201,,208411,4,,,1,156,,208412,6,0,5 48 43,1,100,,208413,6,0,5 48 43,1,144,,208414,4,,,1,199,,208415,4,,,1,274,,208416,4,,,1
8800,'20260812',554,,208417,4,,,1,176,,208418,4,,,1,107,,208419,4,,,1,197,,208420,4,,,1,211,,208421,4,,,1,200,,208422,4,,,1,201,,208423,4,,,1,156,,208424,6,0,5 48 43,1,100,,208425,6,0,5 48 43,1,144,,208426,4,,,1,199,,208427,4,,,1,274,,208428,4,,,1
8800,'20260813',554,,208429,4,,,1,176,,208430,4,,,1,107,,208431,4,,,1,197,,208432,4,,,1,211,,208433,4,,,1,200,,208434,4,,,1,201,,208435,4,,,1,156,,208436,6,0,5 48 43,1,100,,208437,6,0,5 48 43,1,144,,208438,4,,,1,199,,208439,4,,,1,274,,208440,4,,,1
8800,'20260814',554,,208441,4,,,1,176,,208442,4,,,1,107,,208443,4,,,1,197,,208444,4,,,1,211,,208445,4,,,1,200,,208446,4,,,1,201,,208447,4,,,1,156,,208448,6,0,5 48 43,1,100,,208449,6,0,5 48 43,1,144,,208450,4,,,1,199,,208451,4,,,1,274,,208452,4,,,1
8800,'20260815',910,,208453,4,,,1,105,,208454,4,,,1,300,,208456,4,,,1,300,,208458,4,,,1,230,,208460,4,,,1,100,,208461,4,,,1,270,,208462,4,,,1,304,,208463,4,,,1
8800,'20260816',910,,208464,4,,,1,105,,208465,4,,,1,300,,208467,4,,,1,300,,208469,4,,,1,230,,208471,4,,,1,100,,208472,4,,,1,270,,208473,4,,,1,304,,208474,4,,,1
8800,'20260817',554,,208475,4,,,1,176,,208476,4,,,1,107,,208477,4,,,1,197,,208478,4,,,1,211,,208479,4,,,1,200,,208480,4,,,1,201,,208481,4,,,1,156,,208482,6,0,5 48 43,1,100,,208483,6,0,5 48 43,1,144,,208484,4,,,1,199,,208485,4,,,1,274,,208486,4,,,1
8800,'20260818',554,,208487,4,,,1,176,,208488,4,,,1,107,,208489,4,,,1,197,,208490,4,,,1,211,,208491,4,,,1,200,,208492,4,,,1,201,,208493,4,,,1,156,,208494,6,0,5 48 43,1,100,,208495,6,0,5 48 43,1,144,,208496,4,,,1,199,,208497,4,,,1,274,,208498,4,,,1
8800,'20260819',554,,208499,4,,,1,176,,208500,4,,,1,107,,208501,4,,,1,197,,208502,4,,,1,211,,208503,4,,,1,200,,208504,4,,,1,201,,208505,4,,,1,156,,208506,6,0,5 48 43,1,100,,208507,6,0,5 48 43,1,144,,208508,4,,,1,199,,208509,4,,,1,274,,208510,4,,,1
8800,'20260820',554,,208511,4,,,1,176,,208512,4,,,1,107,,208513,4,,,1,197,,208514,4,,,1,211,,208515,4,,,1,200,,208516,4,,,1,201,,208517,4,,,1,156,,208518,6,0,5 48 43,1,100,,208519,6,0,5 48 43,1,144,,208520,4,,,1,199,,208521,4,,,1,274,,208522,4,,,1
8800,'20260821',554,,208523,4,,,1,176,,208524,4,,,1,107,,208525,4,,,1,197,,208526,4,,,1,211,,208527,4,,,1,200,,208528,4,,,1,201,,208529,4,,,1,156,,208530,6,0,5 48 43,1,100,,208531,6,0,5 48 43,1,144,,208532,4,,,1,199,,208533,4,,,1,274,,208534,4,,,1
8800,'20260822',910,,208535,4,,,1,105,,208536,4,,,1,300,,208538,4,,,1,300,,208540,4,,,1,230,,208542,4,,,1,100,,208543,4,,,1,270,,208544,4,,,1,304,,208545,4,,,1
8800,'20260823',910,,208546,4,,,1,105,,208547,4,,,1,300,,208549,4,,,1,300,,208551,4,,,1,230,,208553,4,,,1,100,,208554,4,,,1,270,,208555,4,,,1,304,,208556,4,,,1
8800,'20260824',554,,208557,4,,,1,176,,208558,4,,,1,107,,208559,4,,,1,197,,208560,4,,,1,211,,208561,4,,,1,200,,208562,4,,,1,201,,208563,4,,,1,156,,208564,6,0,5 48 43,1,100,,208565,6,0,5 48 43,1,144,,208566,4,,,1,199,,208567,4,,,1,274,,208568,4,,,1
8800,'20260825',554,,208569,4,,,1,176,,208570,4,,,1,107,,208571,4,,,1,197,,208572,4,,,1,211,,208573,4,,,1,200,,208574,4,,,1,201,,208575,4,,,1,156,,208576,6,0,5 48 43,1,100,,208577,6,0,5 48 43,1,144,,208578,4,,,1,199,,208579,4,,,1,274,,208580,4,,,1
8800,'20260826',554,,208581,4,,,1,176,,208582,4,,,1,107,,208583,4,,,1,197,,208584,4,,,1,211,,208585,4,,,1,200,,208586,4,,,1,201,,208587,4,,,1,156,,208588,6,0,5 48 43,1,100,,208589,6,0,5 48 43,1,144,,208590,4,,,1,199,,208591,4,,,1,274,,208592,4,,,1
8800,'20260827',554,,208593,4,,,1,176,,208594,4,,,1,107,,208595,4,,,1,197,,208596,4,,,1,211,,208597,4,,,1,200,,208598,4,,,1,201,,208599,4,,,1,156,,208600,6,0,5 48 43,1,100,,208601,6,0,5 48 43,1,144,,208602,4,,,1,199,,208603,4,,,1,274,,208604,4,,,1
8800,'20260828',554,,208605,4,,,1,176,,208606,4,,,1,107,,208607,4,,,1,197,,208608,4,,,1,211,,208609,4,,,1,200,,208610,4,,,1,201,,208611,4,,,1,156,,208612,6,0,5 48 43,1,100,,208613,6,0,5 48 43,1,144,,208614,4,,,1,199,,208615,4,,,1,274,,208616,4,,,1
8800,'20260829',910,,208617,4,,,1,105,,208618,4,,,1,300,,208620,4,,,1,300,,208622,4,,,1,230,,208624,4,,,1,100,,208625,4,,,1,270,,208626,4,,,1,304,,208627,4,,,1
8800,'20260830',910,,208628,4,,,1,105,,208629,4,,,1,300,,208631,4,,,1,300,,208633,4,,,1,230,,208635,4,,,1,100,,208636,4,,,1,270,,208637,4,,,1,304,,208638,4,,,1
8800,'20260831',554,,208639,4,,,1,176,,208640,4,,,1,107,,208641,4,,,1,197,,208642,4,,,1,211,,208643,4,,,1,200,,208644,4,,,1,201,,208645,4,,,1,156,,208646,6,0,5 48 43,1,100,,208647,6,0,5 48 43,1,144,,208648,4,,,1,199,,208649,4,,,1,274,,208650,4,,,1
8800,'20260901',554,,208651,4,,,1,176,,208652,4,,,1,107,,208653,4,,,1,197,,208654,4,,,1,211,,208655,4,,,1,200,,208656,4,,,1,201,,208657,4,,,1,156,,208658,6,0,5 48 43,1,100,,208659,6,0,5 48 43,1,144,,208660,4,,,1,199,,208661,4,,,1,274,,208662,4,,,1
8800,'20260902',554,,208663,4,,,1,176,,208664,4,,,1,107,,208665,4,,,1,197,,208666,4,,,1,211,,208667,4,,,1,200,,208668,4,,,1,201,,208669,4,,,1,156,,208670,6,0,5 48 43,1,100,,208671,6,0,5 48 43,1,144,,208672,4,,,1,199,,208673,4,,,1,274,,208674,4,,,1
8800,'20260903',554,,208675,4,,,1,176,,208676,4,,,1,107,,208677,4,,,1,197,,208678,4,,,1,211,,208679,4,,,1,200,,208680,4,,,1,201,,208681,4,,,1,156,,208682,6,0,5 48 43,1,100,,208683,6,0,5 48 43,1,144,,208684,4,,,1,199,,208685,4,,,1,274,,208686,4,,,1
8800,'20260904',554,,208687,4,,,1,176,,208688,4,,,1,107,,208689,4,,,1,197,,208690,4,,,1,211,,208691,4,,,1,200,,208692,4,,,1,201,,208693,4,,,1,156,,208694,6,0,5 48 43,1,100,,208695,6,0,5 48 43,1,144,,208696,4,,,1,199,,208697,4,,,1,274,,208698,4,,,1
