1901,'20260707',616,,138119,8,,,1,15,,138120,8,,,1,15,,138121,8,,,1,55,,138122,8,,,1,10,,138123,8,,,1,10,,138124,8,,,1,10,,138125,8,,,1,10,,138126,8,,,1,15,,138127,8,,,1,55,,138128,8,,,1,20,,138129,8,,,1,25,,138130,8,,,1,70,,138131,8,,,1,30,,138132,8,,,1,100,,138133,8,,,1,100,,138134,8,,,1,100,,138135,8,,,1,100,,138136,8,,,1,100,,138137,8,,,1,70,,138138,8,,,1,20,,138139,8,,,1,60,,138140,8,,,1,15,,138141,8,,,1,15,,138142,8,,,1,15,,138143,8,,,1,55,,138144,8,,,1,20,,138145,8,,,1,25,,138146,8,,,1,60,,138147,8,,,1,20,,138148,8,,,1,25,,138149,8,,,1,100,,138150,8,,,1,100,,138151,8,,,1,100,,138152,8,,,1,199,,138153,8,,,1
1901,'20260708',616,,138154,8,,,1,15,,138155,8,,,1,15,,138156,8,,,1,55,,138157,8,,,1,10,,138158,8,,,1,10,,138159,8,,,1,10,,138160,8,,,1,10,,138161,8,,,1,15,,138162,8,,,1,55,,138163,8,,,1,20,,138164,8,,,1,25,,138165,8,,,1,70,,138166,8,,,1,30,,138167,8,,,1,100,,138168,8,,,1,100,,138169,8,,,1,100,,138170,8,,,1,100,,138171,8,,,1,100,,138172,8,,,1,70,,138173,8,,,1,20,,138174,8,,,1,60,,138175,8,,,1,15,,138176,8,,,1,15,,138177,8,,,1,15,,138178,8,,,1,55,,138179,8,,,1,20,,138180,8,,,1,25,,138181,8,,,1,60,,138182,8,,,1,20,,138183,8,,,1,25,,138184,8,,,1,100,,138185,8,,,1,100,,138186,8,,,1,100,,138187,8,,,1,199,,138188,8,,,1
1901,'20260709',616,,138189,8,,,1,15,,138190,8,,,1,15,,138191,8,,,1,55,,138192,8,,,1,10,,138193,8,,,1,10,,138194,8,,,1,10,,138195,8,,,1,10,,138196,8,,,1,15,,138197,8,,,1,55,,138198,8,,,1,20,,138199,8,,,1,25,,138200,8,,,1,70,,138201,8,,,1,30,,138202,8,,,1,100,,138203,8,,,1,100,,138204,8,,,1,100,,138205,8,,,1,100,,138206,8,,,1,100,,138207,8,,,1,70,,138208,8,,,1,20,,138209,8,,,1,60,,138210,8,,,1,15,,138211,8,,,1,15,,138212,8,,,1,15,,138213,8,,,1,55,,138214,8,,,1,20,,138215,8,,,1,25,,138216,8,,,1,60,,138217,8,,,1,20,,138218,8,,,1,25,,138219,8,,,1,100,,138220,8,,,1,100,,138221,8,,,1,100,,138222,8,,,1,199,,138223,8,,,1
1901,'20260710',616,,138224,8,,,1,15,,138225,8,,,1,15,,138226,8,,,1,55,,138227,8,,,1,10,,138228,8,,,1,10,,138229,8,,,1,10,,138230,8,,,1,10,,138231,8,,,1,15,,138232,8,,,1,55,,138233,8,,,1,20,,138234,8,,,1,25,,138235,8,,,1,70,,138236,8,,,1,30,,138237,8,,,1,100,,138238,8,,,1,100,,138239,8,,,1,100,,138240,8,,,1,100,,138241,8,,,1,100,,138242,8,,,1,70,,138243,8,,,1,20,,138244,8,,,1,60,,138245,8,,,1,15,,138246,8,,,1,15,,138247,8,,,1,15,,138248,8,,,1,55,,138249,8,,,1,20,,138250,8,,,1,25,,138251,8,,,1,60,,138252,8,,,1,20,,138253,8,,,1,25,,138254,8,,,1,100,,138255,8,,,1,100,,138256,8,,,1,100,,138257,8,,,1,199,,138258,8,,,1
1901,'20260711',655,,138259,8,,,1,101,,138260,8,,,1,100,,138261,8,,,1,100,,138262,8,,,1,100,,138263,8,,,1,102,,138264,8,,,1,100,,138265,8,,,1,70,,138266,8,,,1,30,,138267,8,,,1,70,,138268,8,,,1,30,,138269,8,,,1,70,,138270,8,,,1,30,,138271,8,,,1,68,,138272,8,,,1,30,,138273,8,,,1,70,,138274,8,,,1,30,,138275,8,,,1,100,,138276,8,,,1,100,,138277,8,,,1,99,,138278,8,,,1,100,,138279,8,,,1,200,,138280,8,,,1
1901,'20260712',655,,138281,8,,,1,101,,138282,8,,,1,100,,138283,8,,,1,100,,138284,8,,,1,100,,138285,8,,,1,102,,138286,8,,,1,100,,138287,8,,,1,70,,138288,8,,,1,30,,138289,8,,,1,70,,138290,8,,,1,30,,138291,8,,,1,70,,138292,8,,,1,30,,138293,8,,,1,68,,138294,8,,,1,30,,138295,8,,,1,70,,138296,8,,,1,30,,138297,8,,,1,100,,138298,8,,,1,100,,138299,8,,,1,99,,138300,8,,,1,100,,138301,8,,,1,200,,138302,8,,,1
1901,'20260713',616,,138303,8,,,1,15,,138304,8,,,1,15,,138305,8,,,1,55,,138306,8,,,1,10,,138307,8,,,1,10,,138308,8,,,1,10,,138309,8,,,1,10,,138310,8,,,1,15,,138311,8,,,1,55,,138312,8,,,1,20,,138313,8,,,1,25,,138314,8,,,1,70,,138315,8,,,1,30,,138316,8,,,1,100,,138317,8,,,1,100,,138318,8,,,1,100,,138319,8,,,1,100,,138320,8,,,1,100,,138321,8,,,1,70,,138322,8,,,1,20,,138323,8,,,1,60,,138324,8,,,1,15,,138325,8,,,1,15,,138326,8,,,1,15,,138327,8,,,1,55,,138328,8,,,1,20,,138329,8,,,1,25,,138330,8,,,1,60,,138331,8,,,1,20,,138332,8,,,1,25,,138333,8,,,1,100,,138334,8,,,1,100,,138335,8,,,1,100,,138336,8,,,1,199,,138337,8,,,1
1901,'20260714',616,,138338,8,,,1,15,,138339,8,,,1,15,,138340,8,,,1,55,,138341,8,,,1,10,,138342,8,,,1,10,,138343,8,,,1,10,,138344,8,,,1,10,,138345,8,,,1,15,,138346,8,,,1,55,,138347,8,,,1,20,,138348,8,,,1,25,,138349,8,,,1,70,,138350,8,,,1,30,,138351,8,,,1,100,,138352,8,,,1,100,,138353,8,,,1,100,,138354,8,,,1,100,,138355,8,,,1,100,,138356,8,,,1,70,,138357,8,,,1,20,,138358,8,,,1,60,,138359,8,,,1,15,,138360,8,,,1,15,,138361,8,,,1,15,,138362,8,,,1,55,,138363,8,,,1,20,,138364,8,,,1,25,,138365,8,,,1,60,,138366,8,,,1,20,,138367,8,,,1,25,,138368,8,,,1,100,,138369,8,,,1,100,,138370,8,,,1,100,,138371,8,,,1,199,,138372,8,,,1
1901,'20260715',616,,138373,8,,,1,15,,138374,8,,,1,15,,138375,8,,,1,55,,138376,8,,,1,10,,138377,8,,,1,10,,138378,8,,,1,10,,138379,8,,,1,10,,138380,8,,,1,15,,138381,8,,,1,55,,138382,8,,,1,20,,138383,8,,,1,25,,138384,8,,,1,70,,138385,8,,,1,30,,138386,8,,,1,100,,138387,8,,,1,100,,138388,8,,,1,100,,138389,8,,,1,100,,138390,8,,,1,100,,138391,8,,,1,70,,138392,8,,,1,20,,138393,8,,,1,60,,138394,8,,,1,15,,138395,8,,,1,15,,138396,8,,,1,15,,138397,8,,,1,55,,138398,8,,,1,20,,138399,8,,,1,25,,138400,8,,,1,60,,138401,8,,,1,20,,138402,8,,,1,25,,138403,8,,,1,100,,138404,8,,,1,100,,138405,8,,,1,100,,138406,8,,,1,199,,138407,8,,,1
1901,'20260716',616,,138408,8,,,1,15,,138409,8,,,1,15,,138410,8,,,1,55,,138411,8,,,1,10,,138412,8,,,1,10,,138413,8,,,1,10,,138414,8,,,1,10,,138415,8,,,1,15,,138416,8,,,1,55,,138417,8,,,1,20,,138418,8,,,1,25,,138419,8,,,1,70,,138420,8,,,1,30,,138421,8,,,1,100,,138422,8,,,1,100,,138423,8,,,1,100,,138424,8,,,1,100,,138425,8,,,1,100,,138426,8,,,1,70,,138427,8,,,1,20,,138428,8,,,1,60,,138429,8,,,1,15,,138430,8,,,1,15,,138431,8,,,1,15,,138432,8,,,1,55,,138433,8,,,1,20,,138434,8,,,1,25,,138435,8,,,1,60,,138436,8,,,1,20,,138437,8,,,1,25,,138438,8,,,1,100,,138439,8,,,1,100,,138440,8,,,1,100,,138441,8,,,1,199,,138442,8,,,1
1901,'20260717',616,,138443,8,,,1,15,,138444,8,,,1,15,,138445,8,,,1,55,,138446,8,,,1,10,,138447,8,,,1,10,,138448,8,,,1,10,,138449,8,,,1,10,,138450,8,,,1,15,,138451,8,,,1,55,,138452,8,,,1,20,,138453,8,,,1,25,,138454,8,,,1,70,,138455,8,,,1,30,,138456,8,,,1,100,,138457,8,,,1,100,,138458,8,,,1,100,,138459,8,,,1,100,,138460,8,,,1,100,,138461,8,,,1,70,,138462,8,,,1,20,,138463,8,,,1,60,,138464,8,,,1,15,,138465,8,,,1,15,,138466,8,,,1,15,,138467,8,,,1,55,,138468,8,,,1,20,,138469,8,,,1,25,,138470,8,,,1,60,,138471,8,,,1,20,,138472,8,,,1,25,,138473,8,,,1,100,,138474,8,,,1,100,,138475,8,,,1,100,,138476,8,,,1,199,,138477,8,,,1
1901,'20260718',655,,138478,8,,,1,101,,138479,8,,,1,100,,138480,8,,,1,100,,138481,8,,,1,100,,138482,8,,,1,102,,138483,8,,,1,100,,138484,8,,,1,70,,138485,8,,,1,30,,138486,8,,,1,70,,138487,8,,,1,30,,138488,8,,,1,70,,138489,8,,,1,30,,138490,8,,,1,68,,138491,8,,,1,30,,138492,8,,,1,70,,138493,8,,,1,30,,138494,8,,,1,100,,138495,8,,,1,100,,138496,8,,,1,99,,138497,8,,,1,100,,138498,8,,,1,200,,138499,8,,,1
1901,'20260719',655,,138500,8,,,1,101,,138501,8,,,1,100,,138502,8,,,1,100,,138503,8,,,1,100,,138504,8,,,1,102,,138505,8,,,1,100,,138506,8,,,1,70,,138507,8,,,1,30,,138508,8,,,1,70,,138509,8,,,1,30,,138510,8,,,1,70,,138511,8,,,1,30,,138512,8,,,1,68,,138513,8,,,1,30,,138514,8,,,1,70,,138515,8,,,1,30,,138516,8,,,1,100,,138517,8,,,1,100,,138518,8,,,1,99,,138519,8,,,1,100,,138520,8,,,1,200,,138521,8,,,1
1901,'20260720',616,,138522,8,,,1,15,,138523,8,,,1,15,,138524,8,,,1,55,,138525,8,,,1,10,,138526,8,,,1,10,,138527,8,,,1,10,,138528,8,,,1,10,,138529,8,,,1,15,,138530,8,,,1,55,,138531,8,,,1,20,,138532,8,,,1,25,,138533,8,,,1,70,,138534,8,,,1,30,,138535,8,,,1,100,,138536,8,,,1,100,,138537,8,,,1,100,,138538,8,,,1,100,,138539,8,,,1,100,,138540,8,,,1,70,,138541,8,,,1,20,,138542,8,,,1,60,,138543,8,,,1,15,,138544,8,,,1,15,,138545,8,,,1,15,,138546,8,,,1,55,,138547,8,,,1,20,,138548,8,,,1,25,,138549,8,,,1,60,,138550,8,,,1,20,,138551,8,,,1,25,,138552,8,,,1,100,,138553,8,,,1,100,,138554,8,,,1,100,,138555,8,,,1,199,,138556,8,,,1
1901,'20260721',616,,138557,8,,,1,15,,138558,8,,,1,15,,138559,8,,,1,55,,138560,8,,,1,10,,138561,8,,,1,10,,138562,8,,,1,10,,138563,8,,,1,10,,138564,8,,,1,15,,138565,8,,,1,55,,138566,8,,,1,20,,138567,8,,,1,25,,138568,8,,,1,70,,138569,8,,,1,30,,138570,8,,,1,100,,138571,8,,,1,100,,138572,8,,,1,100,,138573,8,,,1,100,,138574,8,,,1,100,,138575,8,,,1,70,,138576,8,,,1,20,,138577,8,,,1,60,,138578,8,,,1,15,,138579,8,,,1,15,,138580,8,,,1,15,,138581,8,,,1,55,,138582,8,,,1,20,,138583,8,,,1,25,,138584,8,,,1,60,,138585,8,,,1,20,,138586,8,,,1,25,,138587,8,,,1,100,,138588,8,,,1,100,,138589,8,,,1,100,,138590,8,,,1,199,,138591,8,,,1
1901,'20260722',616,,138592,8,,,1,15,,138593,8,,,1,15,,138594,8,,,1,55,,138595,8,,,1,10,,138596,8,,,1,10,,138597,8,,,1,10,,138598,8,,,1,10,,138599,8,,,1,15,,138600,8,,,1,55,,138601,8,,,1,20,,138602,8,,,1,25,,138603,8,,,1,70,,138604,8,,,1,30,,138605,8,,,1,100,,138606,8,,,1,100,,138607,8,,,1,100,,138608,8,,,1,100,,138609,8,,,1,100,,138610,8,,,1,70,,138611,8,,,1,20,,138612,8,,,1,60,,138613,8,,,1,15,,138614,8,,,1,15,,138615,8,,,1,15,,138616,8,,,1,55,,138617,8,,,1,20,,138618,8,,,1,25,,138619,8,,,1,60,,138620,8,,,1,20,,138621,8,,,1,25,,138622,8,,,1,100,,138623,8,,,1,100,,138624,8,,,1,100,,138625,8,,,1,199,,138626,8,,,1
1901,'20260723',616,,138627,8,,,1,15,,138628,8,,,1,15,,138629,8,,,1,55,,138630,8,,,1,10,,138631,8,,,1,10,,138632,8,,,1,10,,138633,8,,,1,10,,138634,8,,,1,15,,138635,8,,,1,55,,138636,8,,,1,20,,138637,8,,,1,25,,138638,8,,,1,70,,138639,8,,,1,30,,138640,8,,,1,100,,138641,8,,,1,100,,138642,8,,,1,100,,138643,8,,,1,100,,138644,8,,,1,100,,138645,8,,,1,70,,138646,8,,,1,20,,138647,8,,,1,60,,138648,8,,,1,15,,138649,8,,,1,15,,138650,8,,,1,15,,138651,8,,,1,55,,138652,8,,,1,20,,138653,8,,,1,25,,138654,8,,,1,60,,138655,8,,,1,20,,138656,8,,,1,25,,138657,8,,,1,100,,138658,8,,,1,100,,138659,8,,,1,100,,138660,8,,,1,199,,138661,8,,,1
1901,'20260724',616,,138662,8,,,1,15,,138663,8,,,1,15,,138664,8,,,1,55,,138665,8,,,1,10,,138666,8,,,1,10,,138667,8,,,1,10,,138668,8,,,1,10,,138669,8,,,1,15,,138670,8,,,1,55,,138671,8,,,1,20,,138672,8,,,1,25,,138673,8,,,1,70,,138674,8,,,1,30,,138675,8,,,1,100,,138676,8,,,1,100,,138677,8,,,1,100,,138678,8,,,1,100,,138679,8,,,1,100,,138680,8,,,1,70,,138681,8,,,1,20,,138682,8,,,1,60,,138683,8,,,1,15,,138684,8,,,1,15,,138685,8,,,1,15,,138686,8,,,1,55,,138687,8,,,1,20,,138688,8,,,1,25,,138689,8,,,1,60,,138690,8,,,1,20,,138691,8,,,1,25,,138692,8,,,1,100,,138693,8,,,1,100,,138694,8,,,1,100,,138695,8,,,1,199,,138696,8,,,1
1901,'20260725',655,,138697,8,,,1,101,,138698,8,,,1,100,,138699,8,,,1,100,,138700,8,,,1,100,,138701,8,,,1,102,,138702,8,,,1,100,,138703,8,,,1,70,,138704,8,,,1,30,,138705,8,,,1,70,,138706,8,,,1,30,,138707,8,,,1,70,,138708,8,,,1,30,,138709,8,,,1,68,,138710,8,,,1,30,,138711,8,,,1,70,,138712,8,,,1,30,,138713,8,,,1,100,,138714,8,,,1,100,,138715,8,,,1,99,,138716,8,,,1,100,,138717,8,,,1,200,,138718,8,,,1
1901,'20260726',655,,138719,8,,,1,101,,138720,8,,,1,100,,138721,8,,,1,100,,138722,8,,,1,100,,138723,8,,,1,102,,138724,8,,,1,100,,138725,8,,,1,70,,138726,8,,,1,30,,138727,8,,,1,70,,138728,8,,,1,30,,138729,8,,,1,70,,138730,8,,,1,30,,138731,8,,,1,68,,138732,8,,,1,30,,138733,8,,,1,70,,138734,8,,,1,30,,138735,8,,,1,100,,138736,8,,,1,100,,138737,8,,,1,99,,138738,8,,,1,100,,138739,8,,,1,200,,138740,8,,,1
1901,'20260727',616,,138741,8,,,1,15,,138742,8,,,1,15,,138743,8,,,1,55,,138744,8,,,1,10,,138745,8,,,1,10,,138746,8,,,1,10,,138747,8,,,1,10,,138748,8,,,1,15,,138749,8,,,1,55,,138750,8,,,1,20,,138751,8,,,1,25,,138752,8,,,1,70,,138753,8,,,1,30,,138754,8,,,1,100,,138755,8,,,1,100,,138756,8,,,1,100,,138757,8,,,1,100,,138758,8,,,1,100,,138759,8,,,1,70,,138760,8,,,1,20,,138761,8,,,1,60,,138762,8,,,1,15,,138763,8,,,1,15,,138764,8,,,1,15,,138765,8,,,1,55,,138766,8,,,1,20,,138767,8,,,1,25,,138768,8,,,1,60,,138769,8,,,1,20,,138770,8,,,1,25,,138771,8,,,1,100,,138772,8,,,1,100,,138773,8,,,1,100,,138774,8,,,1,199,,138775,8,,,1
1901,'20260728',616,,138776,8,,,1,15,,138777,8,,,1,15,,138778,8,,,1,55,,138779,8,,,1,10,,138780,8,,,1,10,,138781,8,,,1,10,,138782,8,,,1,10,,138783,8,,,1,15,,138784,8,,,1,55,,138785,8,,,1,20,,138786,8,,,1,25,,138787,8,,,1,70,,138788,8,,,1,30,,138789,8,,,1,100,,138790,8,,,1,100,,138791,8,,,1,100,,138792,8,,,1,100,,138793,8,,,1,100,,138794,8,,,1,70,,138795,8,,,1,20,,138796,8,,,1,60,,138797,8,,,1,15,,138798,8,,,1,15,,138799,8,,,1,15,,138800,8,,,1,55,,138801,8,,,1,20,,138802,8,,,1,25,,138803,8,,,1,60,,138804,8,,,1,20,,138805,8,,,1,25,,138806,8,,,1,100,,138807,8,,,1,100,,138808,8,,,1,100,,138809,8,,,1,199,,138810,8,,,1
1901,'20260729',616,,138811,8,,,1,15,,138812,8,,,1,15,,138813,8,,,1,55,,138814,8,,,1,10,,138815,8,,,1,10,,138816,8,,,1,10,,138817,8,,,1,10,,138818,8,,,1,15,,138819,8,,,1,55,,138820,8,,,1,20,,138821,8,,,1,25,,138822,8,,,1,70,,138823,8,,,1,30,,138824,8,,,1,100,,138825,8,,,1,100,,138826,8,,,1,100,,138827,8,,,1,100,,138828,8,,,1,100,,138829,8,,,1,70,,138830,8,,,1,20,,138831,8,,,1,60,,138832,8,,,1,15,,138833,8,,,1,15,,138834,8,,,1,15,,138835,8,,,1,55,,138836,8,,,1,20,,138837,8,,,1,25,,138838,8,,,1,60,,138839,8,,,1,20,,138840,8,,,1,25,,138841,8,,,1,100,,138842,8,,,1,100,,138843,8,,,1,100,,138844,8,,,1,199,,138845,8,,,1
1901,'20260730',616,,138846,8,,,1,15,,138847,8,,,1,15,,138848,8,,,1,55,,138849,8,,,1,10,,138850,8,,,1,10,,138851,8,,,1,10,,138852,8,,,1,10,,138853,8,,,1,15,,138854,8,,,1,55,,138855,8,,,1,20,,138856,8,,,1,25,,138857,8,,,1,70,,138858,8,,,1,30,,138859,8,,,1,100,,138860,8,,,1,100,,138861,8,,,1,100,,138862,8,,,1,100,,138863,8,,,1,100,,138864,8,,,1,70,,138865,8,,,1,20,,138866,8,,,1,60,,138867,8,,,1,15,,138868,8,,,1,15,,138869,8,,,1,15,,138870,8,,,1,55,,138871,8,,,1,20,,138872,8,,,1,25,,138873,8,,,1,60,,138874,8,,,1,20,,138875,8,,,1,25,,138876,8,,,1,100,,138877,8,,,1,100,,138878,8,,,1,100,,138879,8,,,1,199,,138880,8,,,1
1901,'20260731',616,,138881,8,,,1,15,,138882,8,,,1,15,,138883,8,,,1,55,,138884,8,,,1,10,,138885,8,,,1,10,,138886,8,,,1,10,,138887,8,,,1,10,,138888,8,,,1,15,,138889,8,,,1,55,,138890,8,,,1,20,,138891,8,,,1,25,,138892,8,,,1,70,,138893,8,,,1,30,,138894,8,,,1,100,,138895,8,,,1,100,,138896,8,,,1,100,,138897,8,,,1,100,,138898,8,,,1,100,,138899,8,,,1,70,,138900,8,,,1,20,,138901,8,,,1,60,,138902,8,,,1,15,,138903,8,,,1,15,,138904,8,,,1,15,,138905,8,,,1,55,,138906,8,,,1,20,,138907,8,,,1,25,,138908,8,,,1,60,,138909,8,,,1,20,,138910,8,,,1,25,,138911,8,,,1,100,,138912,8,,,1,100,,138913,8,,,1,100,,138914,8,,,1,199,,138915,8,,,1
1901,'20260801',655,,138916,8,,,1,101,,138917,8,,,1,100,,138918,8,,,1,100,,138919,8,,,1,100,,138920,8,,,1,102,,138921,8,,,1,100,,138922,8,,,1,70,,138923,8,,,1,30,,138924,8,,,1,70,,138925,8,,,1,30,,138926,8,,,1,70,,138927,8,,,1,30,,138928,8,,,1,68,,138929,8,,,1,30,,138930,8,,,1,70,,138931,8,,,1,30,,138932,8,,,1,100,,138933,8,,,1,100,,138934,8,,,1,99,,138935,8,,,1,100,,138936,8,,,1,200,,138937,8,,,1
1901,'20260802',655,,138938,8,,,1,101,,138939,8,,,1,100,,138940,8,,,1,100,,138941,8,,,1,100,,138942,8,,,1,102,,138943,8,,,1,100,,138944,8,,,1,70,,138945,8,,,1,30,,138946,8,,,1,70,,138947,8,,,1,30,,138948,8,,,1,70,,138949,8,,,1,30,,138950,8,,,1,68,,138951,8,,,1,30,,138952,8,,,1,70,,138953,8,,,1,30,,138954,8,,,1,100,,138955,8,,,1,100,,138956,8,,,1,99,,138957,8,,,1,100,,138958,8,,,1,200,,138959,8,,,1
1901,'20260803',655,,138960,8,,,1,101,,138961,8,,,1,100,,138962,8,,,1,100,,138963,8,,,1,100,,138964,8,,,1,102,,138965,8,,,1,100,,138966,8,,,1,70,,138967,8,,,1,30,,138968,8,,,1,70,,138969,8,,,1,30,,138970,8,,,1,70,,138971,8,,,1,30,,138972,8,,,1,68,,138973,8,,,1,30,,138974,8,,,1,70,,138975,8,,,1,30,,138976,8,,,1,100,,138977,8,,,1,100,,138978,8,,,1,99,,138979,8,,,1,100,,138980,8,,,1,200,,138981,8,,,1
1901,'20260804',616,,138982,8,,,1,15,,138983,8,,,1,15,,138984,8,,,1,55,,138985,8,,,1,10,,138986,8,,,1,10,,138987,8,,,1,10,,138988,8,,,1,10,,138989,8,,,1,15,,138990,8,,,1,55,,138991,8,,,1,20,,138992,8,,,1,25,,138993,8,,,1,70,,138994,8,,,1,30,,138995,8,,,1,100,,138996,8,,,1,100,,138997,8,,,1,100,,138998,8,,,1,100,,138999,8,,,1,100,,139000,8,,,1,70,,139001,8,,,1,20,,139002,8,,,1,60,,139003,8,,,1,15,,139004,8,,,1,15,,139005,8,,,1,15,,139006,8,,,1,55,,139007,8,,,1,20,,139008,8,,,1,25,,139009,8,,,1,60,,139010,8,,,1,20,,139011,8,,,1,25,,139012,8,,,1,100,,139013,8,,,1,100,,139014,8,,,1,100,,139015,8,,,1,199,,139016,8,,,1
1901,'20260805',616,,139017,8,,,1,15,,139018,8,,,1,15,,139019,8,,,1,55,,139020,8,,,1,10,,139021,8,,,1,10,,139022,8,,,1,10,,139023,8,,,1,10,,139024,8,,,1,15,,139025,8,,,1,55,,139026,8,,,1,20,,139027,8,,,1,25,,139028,8,,,1,70,,139029,8,,,1,30,,139030,8,,,1,100,,139031,8,,,1,100,,139032,8,,,1,100,,139033,8,,,1,100,,139034,8,,,1,100,,139035,8,,,1,70,,139036,8,,,1,20,,139037,8,,,1,60,,139038,8,,,1,15,,139039,8,,,1,15,,139040,8,,,1,15,,139041,8,,,1,55,,139042,8,,,1,20,,139043,8,,,1,25,,139044,8,,,1,60,,139045,8,,,1,20,,139046,8,,,1,25,,139047,8,,,1,100,,139048,8,,,1,100,,139049,8,,,1,100,,139050,8,,,1,199,,139051,8,,,1
1901,'20260806',616,,139052,8,,,1,15,,139053,8,,,1,15,,139054,8,,,1,55,,139055,8,,,1,10,,139056,8,,,1,10,,139057,8,,,1,10,,139058,8,,,1,10,,139059,8,,,1,15,,139060,8,,,1,55,,139061,8,,,1,20,,139062,8,,,1,25,,139063,8,,,1,70,,139064,8,,,1,30,,139065,8,,,1,100,,139066,8,,,1,100,,139067,8,,,1,100,,139068,8,,,1,100,,139069,8,,,1,100,,139070,8,,,1,70,,139071,8,,,1,20,,139072,8,,,1,60,,139073,8,,,1,15,,139074,8,,,1,15,,139075,8,,,1,15,,139076,8,,,1,55,,139077,8,,,1,20,,139078,8,,,1,25,,139079,8,,,1,60,,139080,8,,,1,20,,139081,8,,,1,25,,139082,8,,,1,100,,139083,8,,,1,100,,139084,8,,,1,100,,139085,8,,,1,199,,139086,8,,,1
1901,'20260807',616,,139087,8,,,1,15,,139088,8,,,1,15,,139089,8,,,1,55,,139090,8,,,1,10,,139091,8,,,1,10,,139092,8,,,1,10,,139093,8,,,1,10,,139094,8,,,1,15,,139095,8,,,1,55,,139096,8,,,1,20,,139097,8,,,1,25,,139098,8,,,1,70,,139099,8,,,1,30,,139100,8,,,1,100,,139101,8,,,1,100,,139102,8,,,1,100,,139103,8,,,1,100,,139104,8,,,1,100,,139105,8,,,1,70,,139106,8,,,1,20,,139107,8,,,1,60,,139108,8,,,1,15,,139109,8,,,1,15,,139110,8,,,1,15,,139111,8,,,1,55,,139112,8,,,1,20,,139113,8,,,1,25,,139114,8,,,1,60,,139115,8,,,1,20,,139116,8,,,1,25,,139117,8,,,1,100,,139118,8,,,1,100,,139119,8,,,1,100,,139120,8,,,1,199,,139121,8,,,1
1901,'20260808',655,,139122,8,,,1,101,,139123,8,,,1,100,,139124,8,,,1,100,,139125,8,,,1,100,,139126,8,,,1,102,,139127,8,,,1,100,,139128,8,,,1,70,,139129,8,,,1,30,,139130,8,,,1,70,,139131,8,,,1,30,,139132,8,,,1,70,,139133,8,,,1,30,,139134,8,,,1,68,,139135,8,,,1,30,,139136,8,,,1,70,,139137,8,,,1,30,,139138,8,,,1,100,,139139,8,,,1,100,,139140,8,,,1,99,,139141,8,,,1,100,,139142,8,,,1,200,,139143,8,,,1
1901,'20260809',655,,139144,8,,,1,101,,139145,8,,,1,100,,139146,8,,,1,100,,139147,8,,,1,100,,139148,8,,,1,102,,139149,8,,,1,100,,139150,8,,,1,70,,139151,8,,,1,30,,139152,8,,,1,70,,139153,8,,,1,30,,139154,8,,,1,70,,139155,8,,,1,30,,139156,8,,,1,68,,139157,8,,,1,30,,139158,8,,,1,70,,139159,8,,,1,30,,139160,8,,,1,100,,139161,8,,,1,100,,139162,8,,,1,99,,139163,8,,,1,100,,139164,8,,,1,200,,139165,8,,,1
1901,'20260810',616,,139166,8,,,1,15,,139167,8,,,1,15,,139168,8,,,1,55,,139169,8,,,1,10,,139170,8,,,1,10,,139171,8,,,1,10,,139172,8,,,1,10,,139173,8,,,1,15,,139174,8,,,1,55,,139175,8,,,1,20,,139176,8,,,1,25,,139177,8,,,1,70,,139178,8,,,1,30,,139179,8,,,1,100,,139180,8,,,1,100,,139181,8,,,1,100,,139182,8,,,1,100,,139183,8,,,1,100,,139184,8,,,1,70,,139185,8,,,1,20,,139186,8,,,1,60,,139187,8,,,1,15,,139188,8,,,1,15,,139189,8,,,1,15,,139190,8,,,1,55,,139191,8,,,1,20,,139192,8,,,1,25,,139193,8,,,1,60,,139194,8,,,1,20,,139195,8,,,1,25,,139196,8,,,1,100,,139197,8,,,1,100,,139198,8,,,1,100,,139199,8,,,1,199,,139200,8,,,1
1901,'20260811',616,,139201,8,,,1,15,,139202,8,,,1,15,,139203,8,,,1,55,,139204,8,,,1,10,,139205,8,,,1,10,,139206,8,,,1,10,,139207,8,,,1,10,,139208,8,,,1,15,,139209,8,,,1,55,,139210,8,,,1,20,,139211,8,,,1,25,,139212,8,,,1,70,,139213,8,,,1,30,,139214,8,,,1,100,,139215,8,,,1,100,,139216,8,,,1,100,,139217,8,,,1,100,,139218,8,,,1,100,,139219,8,,,1,70,,139220,8,,,1,20,,139221,8,,,1,60,,139222,8,,,1,15,,139223,8,,,1,15,,139224,8,,,1,15,,139225,8,,,1,55,,139226,8,,,1,20,,139227,8,,,1,25,,139228,8,,,1,60,,139229,8,,,1,20,,139230,8,,,1,25,,139231,8,,,1,100,,139232,8,,,1,100,,139233,8,,,1,100,,139234,8,,,1,199,,139235,8,,,1
1901,'20260812',616,,139236,8,,,1,15,,139237,8,,,1,15,,139238,8,,,1,55,,139239,8,,,1,10,,139240,8,,,1,10,,139241,8,,,1,10,,139242,8,,,1,10,,139243,8,,,1,15,,139244,8,,,1,55,,139245,8,,,1,20,,139246,8,,,1,25,,139247,8,,,1,70,,139248,8,,,1,30,,139249,8,,,1,100,,139250,8,,,1,100,,139251,8,,,1,100,,139252,8,,,1,100,,139253,8,,,1,100,,139254,8,,,1,70,,139255,8,,,1,20,,139256,8,,,1,60,,139257,8,,,1,15,,139258,8,,,1,15,,139259,8,,,1,15,,139260,8,,,1,55,,139261,8,,,1,20,,139262,8,,,1,25,,139263,8,,,1,60,,139264,8,,,1,20,,139265,8,,,1,25,,139266,8,,,1,100,,139267,8,,,1,100,,139268,8,,,1,100,,139269,8,,,1,199,,139270,8,,,1
1901,'20260813',616,,139271,8,,,1,15,,139272,8,,,1,15,,139273,8,,,1,55,,139274,8,,,1,10,,139275,8,,,1,10,,139276,8,,,1,10,,139277,8,,,1,10,,139278,8,,,1,15,,139279,8,,,1,55,,139280,8,,,1,20,,139281,8,,,1,25,,139282,8,,,1,70,,139283,8,,,1,30,,139284,8,,,1,100,,139285,8,,,1,100,,139286,8,,,1,100,,139287,8,,,1,100,,139288,8,,,1,100,,139289,8,,,1,70,,139290,8,,,1,20,,139291,8,,,1,60,,139292,8,,,1,15,,139293,8,,,1,15,,139294,8,,,1,15,,139295,8,,,1,55,,139296,8,,,1,20,,139297,8,,,1,25,,139298,8,,,1,60,,139299,8,,,1,20,,139300,8,,,1,25,,139301,8,,,1,100,,139302,8,,,1,100,,139303,8,,,1,100,,139304,8,,,1,199,,139305,8,,,1
1901,'20260814',616,,139306,8,,,1,15,,139307,8,,,1,15,,139308,8,,,1,55,,139309,8,,,1,10,,139310,8,,,1,10,,139311,8,,,1,10,,139312,8,,,1,10,,139313,8,,,1,15,,139314,8,,,1,55,,139315,8,,,1,20,,139316,8,,,1,25,,139317,8,,,1,70,,139318,8,,,1,30,,139319,8,,,1,100,,139320,8,,,1,100,,139321,8,,,1,100,,139322,8,,,1,100,,139323,8,,,1,100,,139324,8,,,1,70,,139325,8,,,1,20,,139326,8,,,1,60,,139327,8,,,1,15,,139328,8,,,1,15,,139329,8,,,1,15,,139330,8,,,1,55,,139331,8,,,1,20,,139332,8,,,1,25,,139333,8,,,1,60,,139334,8,,,1,20,,139335,8,,,1,25,,139336,8,,,1,100,,139337,8,,,1,100,,139338,8,,,1,100,,139339,8,,,1,199,,139340,8,,,1
1901,'20260815',655,,139341,8,,,1,101,,139342,8,,,1,100,,139343,8,,,1,100,,139344,8,,,1,100,,139345,8,,,1,102,,139346,8,,,1,100,,139347,8,,,1,70,,139348,8,,,1,30,,139349,8,,,1,70,,139350,8,,,1,30,,139351,8,,,1,70,,139352,8,,,1,30,,139353,8,,,1,68,,139354,8,,,1,30,,139355,8,,,1,70,,139356,8,,,1,30,,139357,8,,,1,100,,139358,8,,,1,100,,139359,8,,,1,99,,139360,8,,,1,100,,139361,8,,,1,200,,139362,8,,,1
1901,'20260816',655,,139363,8,,,1,101,,139364,8,,,1,100,,139365,8,,,1,100,,139366,8,,,1,100,,139367,8,,,1,102,,139368,8,,,1,100,,139369,8,,,1,70,,139370,8,,,1,30,,139371,8,,,1,70,,139372,8,,,1,30,,139373,8,,,1,70,,139374,8,,,1,30,,139375,8,,,1,68,,139376,8,,,1,30,,139377,8,,,1,70,,139378,8,,,1,30,,139379,8,,,1,100,,139380,8,,,1,100,,139381,8,,,1,99,,139382,8,,,1,100,,139383,8,,,1,200,,139384,8,,,1
1901,'20260817',616,,139385,8,,,1,15,,139386,8,,,1,15,,139387,8,,,1,55,,139388,8,,,1,10,,139389,8,,,1,10,,139390,8,,,1,10,,139391,8,,,1,10,,139392,8,,,1,15,,139393,8,,,1,55,,139394,8,,,1,20,,139395,8,,,1,25,,139396,8,,,1,70,,139397,8,,,1,30,,139398,8,,,1,100,,139399,8,,,1,100,,139400,8,,,1,100,,139401,8,,,1,100,,139402,8,,,1,100,,139403,8,,,1,70,,139404,8,,,1,20,,139405,8,,,1,60,,139406,8,,,1,15,,139407,8,,,1,15,,139408,8,,,1,15,,139409,8,,,1,55,,139410,8,,,1,20,,139411,8,,,1,25,,139412,8,,,1,60,,139413,8,,,1,20,,139414,8,,,1,25,,139415,8,,,1,100,,139416,8,,,1,100,,139417,8,,,1,100,,139418,8,,,1,199,,139419,8,,,1
1901,'20260818',616,,139420,8,,,1,15,,139421,8,,,1,15,,139422,8,,,1,55,,139423,8,,,1,10,,139424,8,,,1,10,,139425,8,,,1,10,,139426,8,,,1,10,,139427,8,,,1,15,,139428,8,,,1,55,,139429,8,,,1,20,,139430,8,,,1,25,,139431,8,,,1,70,,139432,8,,,1,30,,139433,8,,,1,100,,139434,8,,,1,100,,139435,8,,,1,100,,139436,8,,,1,100,,139437,8,,,1,100,,139438,8,,,1,70,,139439,8,,,1,20,,139440,8,,,1,60,,139441,8,,,1,15,,139442,8,,,1,15,,139443,8,,,1,15,,139444,8,,,1,55,,139445,8,,,1,20,,139446,8,,,1,25,,139447,8,,,1,60,,139448,8,,,1,20,,139449,8,,,1,25,,139450,8,,,1,100,,139451,8,,,1,100,,139452,8,,,1,100,,139453,8,,,1,199,,139454,8,,,1
1901,'20260819',616,,139455,8,,,1,15,,139456,8,,,1,15,,139457,8,,,1,55,,139458,8,,,1,10,,139459,8,,,1,10,,139460,8,,,1,10,,139461,8,,,1,10,,139462,8,,,1,15,,139463,8,,,1,55,,139464,8,,,1,20,,139465,8,,,1,25,,139466,8,,,1,70,,139467,8,,,1,30,,139468,8,,,1,100,,139469,8,,,1,100,,139470,8,,,1,100,,139471,8,,,1,100,,139472,8,,,1,100,,139473,8,,,1,70,,139474,8,,,1,20,,139475,8,,,1,60,,139476,8,,,1,15,,139477,8,,,1,15,,139478,8,,,1,15,,139479,8,,,1,55,,139480,8,,,1,20,,139481,8,,,1,25,,139482,8,,,1,60,,139483,8,,,1,20,,139484,8,,,1,25,,139485,8,,,1,100,,139486,8,,,1,100,,139487,8,,,1,100,,139488,8,,,1,199,,139489,8,,,1
1901,'20260820',616,,139490,8,,,1,15,,139491,8,,,1,15,,139492,8,,,1,55,,139493,8,,,1,10,,139494,8,,,1,10,,139495,8,,,1,10,,139496,8,,,1,10,,139497,8,,,1,15,,139498,8,,,1,55,,139499,8,,,1,20,,139500,8,,,1,25,,139501,8,,,1,70,,139502,8,,,1,30,,139503,8,,,1,100,,139504,8,,,1,100,,139505,8,,,1,100,,139506,8,,,1,100,,139507,8,,,1,100,,139508,8,,,1,70,,139509,8,,,1,20,,139510,8,,,1,60,,139511,8,,,1,15,,139512,8,,,1,15,,139513,8,,,1,15,,139514,8,,,1,55,,139515,8,,,1,20,,139516,8,,,1,25,,139517,8,,,1,60,,139518,8,,,1,20,,139519,8,,,1,25,,139520,8,,,1,100,,139521,8,,,1,100,,139522,8,,,1,100,,139523,8,,,1,199,,139524,8,,,1
1901,'20260821',616,,139525,8,,,1,15,,139526,8,,,1,15,,139527,8,,,1,55,,139528,8,,,1,10,,139529,8,,,1,10,,139530,8,,,1,10,,139531,8,,,1,10,,139532,8,,,1,15,,139533,8,,,1,55,,139534,8,,,1,20,,139535,8,,,1,25,,139536,8,,,1,70,,139537,8,,,1,30,,139538,8,,,1,100,,139539,8,,,1,100,,139540,8,,,1,100,,139541,8,,,1,100,,139542,8,,,1,100,,139543,8,,,1,70,,139544,8,,,1,20,,139545,8,,,1,60,,139546,8,,,1,15,,139547,8,,,1,15,,139548,8,,,1,15,,139549,8,,,1,55,,139550,8,,,1,20,,139551,8,,,1,25,,139552,8,,,1,60,,139553,8,,,1,20,,139554,8,,,1,25,,139555,8,,,1,100,,139556,8,,,1,100,,139557,8,,,1,100,,139558,8,,,1,199,,139559,8,,,1
1901,'20260822',655,,139560,8,,,1,101,,139561,8,,,1,100,,139562,8,,,1,100,,139563,8,,,1,100,,139564,8,,,1,102,,139565,8,,,1,100,,139566,8,,,1,70,,139567,8,,,1,30,,139568,8,,,1,70,,139569,8,,,1,30,,139570,8,,,1,70,,139571,8,,,1,30,,139572,8,,,1,68,,139573,8,,,1,30,,139574,8,,,1,70,,139575,8,,,1,30,,139576,8,,,1,100,,139577,8,,,1,100,,139578,8,,,1,99,,139579,8,,,1,100,,139580,8,,,1,200,,139581,8,,,1
1901,'20260823',655,,139582,8,,,1,101,,139583,8,,,1,100,,139584,8,,,1,100,,139585,8,,,1,100,,139586,8,,,1,102,,139587,8,,,1,100,,139588,8,,,1,70,,139589,8,,,1,30,,139590,8,,,1,70,,139591,8,,,1,30,,139592,8,,,1,70,,139593,8,,,1,30,,139594,8,,,1,68,,139595,8,,,1,30,,139596,8,,,1,70,,139597,8,,,1,30,,139598,8,,,1,100,,139599,8,,,1,100,,139600,8,,,1,99,,139601,8,,,1,100,,139602,8,,,1,200,,139603,8,,,1
1901,'20260824',616,,139604,8,,,1,15,,139605,8,,,1,15,,139606,8,,,1,55,,139607,8,,,1,10,,139608,8,,,1,10,,139609,8,,,1,10,,139610,8,,,1,10,,139611,8,,,1,15,,139612,8,,,1,55,,139613,8,,,1,20,,139614,8,,,1,25,,139615,8,,,1,70,,139616,8,,,1,30,,139617,8,,,1,100,,139618,8,,,1,100,,139619,8,,,1,100,,139620,8,,,1,100,,139621,8,,,1,100,,139622,8,,,1,70,,139623,8,,,1,20,,139624,8,,,1,60,,139625,8,,,1,15,,139626,8,,,1,15,,139627,8,,,1,15,,139628,8,,,1,55,,139629,8,,,1,20,,139630,8,,,1,25,,139631,8,,,1,60,,139632,8,,,1,20,,139633,8,,,1,25,,139634,8,,,1,100,,139635,8,,,1,100,,139636,8,,,1,100,,139637,8,,,1,199,,139638,8,,,1
1901,'20260825',616,,139639,8,,,1,15,,139640,8,,,1,15,,139641,8,,,1,55,,139642,8,,,1,10,,139643,8,,,1,10,,139644,8,,,1,10,,139645,8,,,1,10,,139646,8,,,1,15,,139647,8,,,1,55,,139648,8,,,1,20,,139649,8,,,1,25,,139650,8,,,1,70,,139651,8,,,1,30,,139652,8,,,1,100,,139653,8,,,1,100,,139654,8,,,1,100,,139655,8,,,1,100,,139656,8,,,1,100,,139657,8,,,1,70,,139658,8,,,1,20,,139659,8,,,1,60,,139660,8,,,1,15,,139661,8,,,1,15,,139662,8,,,1,15,,139663,8,,,1,55,,139664,8,,,1,20,,139665,8,,,1,25,,139666,8,,,1,60,,139667,8,,,1,20,,139668,8,,,1,25,,139669,8,,,1,100,,139670,8,,,1,100,,139671,8,,,1,100,,139672,8,,,1,199,,139673,8,,,1
1901,'20260826',616,,139674,8,,,1,15,,139675,8,,,1,15,,139676,8,,,1,55,,139677,8,,,1,10,,139678,8,,,1,10,,139679,8,,,1,10,,139680,8,,,1,10,,139681,8,,,1,15,,139682,8,,,1,55,,139683,8,,,1,20,,139684,8,,,1,25,,139685,8,,,1,70,,139686,8,,,1,30,,139687,8,,,1,100,,139688,8,,,1,100,,139689,8,,,1,100,,139690,8,,,1,100,,139691,8,,,1,100,,139692,8,,,1,70,,139693,8,,,1,20,,139694,8,,,1,60,,139695,8,,,1,15,,139696,8,,,1,15,,139697,8,,,1,15,,139698,8,,,1,55,,139699,8,,,1,20,,139700,8,,,1,25,,139701,8,,,1,60,,139702,8,,,1,20,,139703,8,,,1,25,,139704,8,,,1,100,,139705,8,,,1,100,,139706,8,,,1,100,,139707,8,,,1,199,,139708,8,,,1
1901,'20260827',616,,139709,8,,,1,15,,139710,8,,,1,15,,139711,8,,,1,55,,139712,8,,,1,10,,139713,8,,,1,10,,139714,8,,,1,10,,139715,8,,,1,10,,139716,8,,,1,15,,139717,8,,,1,55,,139718,8,,,1,20,,139719,8,,,1,25,,139720,8,,,1,70,,139721,8,,,1,30,,139722,8,,,1,100,,139723,8,,,1,100,,139724,8,,,1,100,,139725,8,,,1,100,,139726,8,,,1,100,,139727,8,,,1,70,,139728,8,,,1,20,,139729,8,,,1,60,,139730,8,,,1,15,,139731,8,,,1,15,,139732,8,,,1,15,,139733,8,,,1,55,,139734,8,,,1,20,,139735,8,,,1,25,,139736,8,,,1,60,,139737,8,,,1,20,,139738,8,,,1,25,,139739,8,,,1,100,,139740,8,,,1,100,,139741,8,,,1,100,,139742,8,,,1,199,,139743,8,,,1
1901,'20260828',616,,139744,8,,,1,15,,139745,8,,,1,15,,139746,8,,,1,55,,139747,8,,,1,10,,139748,8,,,1,10,,139749,8,,,1,10,,139750,8,,,1,10,,139751,8,,,1,15,,139752,8,,,1,55,,139753,8,,,1,20,,139754,8,,,1,25,,139755,8,,,1,70,,139756,8,,,1,30,,139757,8,,,1,100,,139758,8,,,1,100,,139759,8,,,1,100,,139760,8,,,1,100,,139761,8,,,1,100,,139762,8,,,1,70,,139763,8,,,1,20,,139764,8,,,1,60,,139765,8,,,1,15,,139766,8,,,1,15,,139767,8,,,1,15,,139768,8,,,1,55,,139769,8,,,1,20,,139770,8,,,1,25,,139771,8,,,1,60,,139772,8,,,1,20,,139773,8,,,1,25,,139774,8,,,1,100,,139775,8,,,1,100,,139776,8,,,1,100,,139777,8,,,1,199,,139778,8,,,1
1901,'20260829',655,,139779,8,,,1,101,,139780,8,,,1,100,,139781,8,,,1,100,,139782,8,,,1,100,,139783,8,,,1,102,,139784,8,,,1,100,,139785,8,,,1,70,,139786,8,,,1,30,,139787,8,,,1,70,,139788,8,,,1,30,,139789,8,,,1,70,,139790,8,,,1,30,,139791,8,,,1,68,,139792,8,,,1,30,,139793,8,,,1,70,,139794,8,,,1,30,,139795,8,,,1,100,,139796,8,,,1,100,,139797,8,,,1,99,,139798,8,,,1,100,,139799,8,,,1,200,,139800,8,,,1
1901,'20260830',655,,139801,8,,,1,101,,139802,8,,,1,100,,139803,8,,,1,100,,139804,8,,,1,100,,139805,8,,,1,102,,139806,8,,,1,100,,139807,8,,,1,70,,139808,8,,,1,30,,139809,8,,,1,70,,139810,8,,,1,30,,139811,8,,,1,70,,139812,8,,,1,30,,139813,8,,,1,68,,139814,8,,,1,30,,139815,8,,,1,70,,139816,8,,,1,30,,139817,8,,,1,100,,139818,8,,,1,100,,139819,8,,,1,99,,139820,8,,,1,100,,139821,8,,,1,200,,139822,8,,,1
1901,'20260831',616,,139823,8,,,1,15,,139824,8,,,1,15,,139825,8,,,1,55,,139826,8,,,1,10,,139827,8,,,1,10,,139828,8,,,1,10,,139829,8,,,1,10,,139830,8,,,1,15,,139831,8,,,1,55,,139832,8,,,1,20,,139833,8,,,1,25,,139834,8,,,1,70,,139835,8,,,1,30,,139836,8,,,1,100,,139837,8,,,1,100,,139838,8,,,1,100,,139839,8,,,1,100,,139840,8,,,1,100,,139841,8,,,1,70,,139842,8,,,1,20,,139843,8,,,1,60,,139844,8,,,1,15,,139845,8,,,1,15,,139846,8,,,1,15,,139847,8,,,1,55,,139848,8,,,1,20,,139849,8,,,1,25,,139850,8,,,1,60,,139851,8,,,1,20,,139852,8,,,1,25,,139853,8,,,1,100,,139854,8,,,1,100,,139855,8,,,1,100,,139856,8,,,1,199,,139857,8,,,1
1901,'20260901',616,,139858,8,,,1,15,,139859,8,,,1,15,,139860,8,,,1,55,,139861,8,,,1,10,,139862,8,,,1,10,,139863,8,,,1,10,,139864,8,,,1,10,,139865,8,,,1,15,,139866,8,,,1,55,,139867,8,,,1,20,,139868,8,,,1,25,,139869,8,,,1,70,,139870,8,,,1,30,,139871,8,,,1,100,,139872,8,,,1,100,,139873,8,,,1,100,,139874,8,,,1,100,,139875,8,,,1,100,,139876,8,,,1,70,,139877,8,,,1,20,,139878,8,,,1,60,,139879,8,,,1,15,,139880,8,,,1,15,,139881,8,,,1,15,,139882,8,,,1,55,,139883,8,,,1,20,,139884,8,,,1,25,,139885,8,,,1,60,,139886,8,,,1,20,,139887,8,,,1,25,,139888,8,,,1,100,,139889,8,,,1,100,,139890,8,,,1,100,,139891,8,,,1,199,,139892,8,,,1
1901,'20260902',616,,139893,8,,,1,15,,139894,8,,,1,15,,139895,8,,,1,55,,139896,8,,,1,10,,139897,8,,,1,10,,139898,8,,,1,10,,139899,8,,,1,10,,139900,8,,,1,15,,139901,8,,,1,55,,139902,8,,,1,20,,139903,8,,,1,25,,139904,8,,,1,70,,139905,8,,,1,30,,139906,8,,,1,100,,139907,8,,,1,100,,139908,8,,,1,100,,139909,8,,,1,100,,139910,8,,,1,100,,139911,8,,,1,70,,139912,8,,,1,20,,139913,8,,,1,60,,139914,8,,,1,15,,139915,8,,,1,15,,139916,8,,,1,15,,139917,8,,,1,55,,139918,8,,,1,20,,139919,8,,,1,25,,139920,8,,,1,60,,139921,8,,,1,20,,139922,8,,,1,25,,139923,8,,,1,100,,139924,8,,,1,100,,139925,8,,,1,100,,139926,8,,,1,199,,139927,8,,,1
1901,'20260903',616,,139928,8,,,1,15,,139929,8,,,1,15,,139930,8,,,1,55,,139931,8,,,1,10,,139932,8,,,1,10,,139933,8,,,1,10,,139934,8,,,1,10,,139935,8,,,1,15,,139936,8,,,1,55,,139937,8,,,1,20,,139938,8,,,1,25,,139939,8,,,1,70,,139940,8,,,1,30,,139941,8,,,1,100,,139942,8,,,1,100,,139943,8,,,1,100,,139944,8,,,1,100,,139945,8,,,1,100,,139946,8,,,1,70,,139947,8,,,1,20,,139948,8,,,1,60,,139949,8,,,1,15,,139950,8,,,1,15,,139951,8,,,1,15,,139952,8,,,1,55,,139953,8,,,1,20,,139954,8,,,1,25,,139955,8,,,1,60,,139956,8,,,1,20,,139957,8,,,1,25,,139958,8,,,1,100,,139959,8,,,1,100,,139960,8,,,1,100,,139961,8,,,1,199,,139962,8,,,1
1901,'20260904',616,,139963,8,,,1,15,,139964,8,,,1,15,,139965,8,,,1,55,,139966,8,,,1,10,,139967,8,,,1,10,,139968,8,,,1,10,,139969,8,,,1,10,,139970,8,,,1,15,,139971,8,,,1,55,,139972,8,,,1,20,,139973,8,,,1,25,,139974,8,,,1,70,,139975,8,,,1,30,,139976,8,,,1,100,,139977,8,,,1,100,,139978,8,,,1,100,,139979,8,,,1,100,,139980,8,,,1,100,,139981,8,,,1,70,,139982,8,,,1,20,,139983,8,,,1,60,,139984,8,,,1,15,,139985,8,,,1,15,,139986,8,,,1,15,,139987,8,,,1,55,,139988,8,,,1,20,,139989,8,,,1,25,,139990,8,,,1,60,,139991,8,,,1,20,,139992,8,,,1,25,,139993,8,,,1,100,,139994,8,,,1,100,,139995,8,,,1,100,,139996,8,,,1,199,,139997,8,,,1
2701,'20260707',535,,155934,8,0,7 8 9,1,101,,155935,8,0,57 8 9,1,20,,155936,8,0,57 8 9,1,60,,155937,8,0,34 10 9,1,10,,155938,8,0,57 8 9,1,10,,155939,8,0,34 10 9,1,10,,155940,8,0,57 8 9,1,55,,155941,8,0,34 10 9,1,15,,155942,8,0,57 8 9,1,90,,155943,8,0,7 8 9,1,120,,155944,8,0,5 10 9,1,100,,155945,8,0,5 10 9,1,95,,155946,8,0,5 10 9,1,105,,155947,8,0,5 10 9,1,100,,155948,8,0,57 8 9,1,77,,155949,8,0,34 10 9,1,30,,155950,8,0,57 8 9,1,70,,155951,8,0,57 8 9,1,33,,155952,8,0,57 8 9,1,75,,155953,8,0,57 8 9,1,30,,155954,8,0,57 8 9,1,75,,155955,8,0,7 8 9,1,30,,155956,8,0,7 8 9,1,75,,155957,8,0,5 10 9,1,100,,155958,8,0,5 10 9,1,100,,155959,8,0,5 10 9,1,100,,155960,8,0,5 10 9,1,199,,155961,8,0,5 10 9,1
2701,'20260708',535,,155962,8,0,7 8 9,1,101,,155963,8,0,57 8 9,1,20,,155964,8,0,57 8 9,1,60,,155965,8,0,34 10 9,1,10,,155966,8,0,57 8 9,1,10,,155967,8,0,34 10 9,1,10,,155968,8,0,57 8 9,1,55,,155969,8,0,34 10 9,1,15,,155970,8,0,57 8 9,1,90,,155971,8,0,7 8 9,1,120,,155972,8,0,5 10 9,1,100,,155973,8,0,5 10 9,1,95,,155974,8,0,5 10 9,1,105,,155975,8,0,5 10 9,1,100,,155976,8,0,57 8 9,1,77,,155977,8,0,34 10 9,1,30,,155978,8,0,57 8 9,1,70,,155979,8,0,57 8 9,1,33,,155980,8,0,57 8 9,1,75,,155981,8,0,57 8 9,1,30,,155982,8,0,57 8 9,1,75,,155983,8,0,7 8 9,1,30,,155984,8,0,7 8 9,1,75,,155985,8,0,5 10 9,1,100,,155986,8,0,5 10 9,1,100,,155987,8,0,5 10 9,1,100,,155988,8,0,5 10 9,1,199,,155989,8,0,5 10 9,1
2701,'20260709',535,,155990,8,0,7 8 9,1,101,,155991,8,0,57 8 9,1,20,,155992,8,0,57 8 9,1,60,,155993,8,0,34 10 9,1,10,,155994,8,0,57 8 9,1,10,,155995,8,0,34 10 9,1,10,,155996,8,0,57 8 9,1,55,,155997,8,0,34 10 9,1,15,,155998,8,0,57 8 9,1,90,,155999,8,0,7 8 9,1,120,,156000,8,0,5 10 9,1,100,,156001,8,0,5 10 9,1,95,,156002,8,0,5 10 9,1,105,,156003,8,0,5 10 9,1,100,,156004,8,0,57 8 9,1,77,,156005,8,0,34 10 9,1,30,,156006,8,0,57 8 9,1,70,,156007,8,0,57 8 9,1,33,,156008,8,0,57 8 9,1,75,,156009,8,0,57 8 9,1,30,,156010,8,0,57 8 9,1,75,,156011,8,0,7 8 9,1,30,,156012,8,0,7 8 9,1,75,,156013,8,0,5 10 9,1,100,,156014,8,0,5 10 9,1,100,,156015,8,0,5 10 9,1,100,,156016,8,0,5 10 9,1,199,,156017,8,0,5 10 9,1
2701,'20260710',535,,156018,8,0,7 8 9,1,101,,156019,8,0,57 8 9,1,20,,156020,8,0,57 8 9,1,60,,156021,8,0,34 10 9,1,10,,156022,8,0,57 8 9,1,10,,156023,8,0,34 10 9,1,10,,156024,8,0,57 8 9,1,55,,156025,8,0,34 10 9,1,15,,156026,8,0,57 8 9,1,90,,156027,8,0,7 8 9,1,120,,156028,8,0,5 10 9,1,100,,156029,8,0,5 10 9,1,95,,156030,8,0,5 10 9,1,105,,156031,8,0,5 10 9,1,100,,156032,8,0,57 8 9,1,77,,156033,8,0,34 10 9,1,30,,156034,8,0,57 8 9,1,70,,156035,8,0,57 8 9,1,33,,156036,8,0,57 8 9,1,75,,156037,8,0,57 8 9,1,30,,156038,8,0,57 8 9,1,75,,156039,8,0,7 8 9,1,30,,156040,8,0,7 8 9,1,75,,156041,8,0,5 10 9,1,100,,156042,8,0,5 10 9,1,100,,156043,8,0,5 10 9,1,100,,156044,8,0,5 10 9,1,199,,156045,8,0,5 10 9,1
2701,'20260711',635,,156046,8,0,7 8 9,1,101,,156047,8,0,5 10 9,1,100,,156048,8,0,5 10 9,1,95,,156049,8,0,5 10 9,1,102,,156050,8,0,5 10 9,1,100,,156051,8,0,5 10 9,1,105,,156052,8,0,5 10 9,1,95,,156053,8,0,5 10 9,1,105,,156054,8,0,5 10 9,1,100,,156055,8,0,5 10 9,1,100,,156056,8,0,5 10 9,1,100,,156057,8,0,5 10 9,1,98,,156058,8,0,5 10 9,1,100,,156059,8,0,5 10 9,1,200,,156060,8,0,5 10 9,1,199,,156061,8,0,5 10 9,1
2701,'20260712',635,,156062,8,0,7 8 9,1,101,,156063,8,0,5 10 9,1,100,,156064,8,0,5 10 9,1,95,,156065,8,0,5 10 9,1,102,,156066,8,0,5 10 9,1,100,,156067,8,0,5 10 9,1,105,,156068,8,0,5 10 9,1,95,,156069,8,0,5 10 9,1,105,,156070,8,0,5 10 9,1,100,,156071,8,0,5 10 9,1,100,,156072,8,0,5 10 9,1,100,,156073,8,0,5 10 9,1,98,,156074,8,0,5 10 9,1,100,,156075,8,0,5 10 9,1,200,,156076,8,0,5 10 9,1,199,,156077,8,0,5 10 9,1
2701,'20260713',535,,156078,8,0,7 8 9,1,101,,156079,8,0,57 8 9,1,20,,156080,8,0,57 8 9,1,60,,156081,8,0,34 10 9,1,10,,156082,8,0,57 8 9,1,10,,156083,8,0,34 10 9,1,10,,156084,8,0,57 8 9,1,55,,156085,8,0,34 10 9,1,15,,156086,8,0,57 8 9,1,90,,156087,8,0,7 8 9,1,120,,156088,8,0,5 10 9,1,100,,156089,8,0,5 10 9,1,95,,156090,8,0,5 10 9,1,105,,156091,8,0,5 10 9,1,100,,156092,8,0,57 8 9,1,77,,156093,8,0,34 10 9,1,30,,156094,8,0,57 8 9,1,70,,156095,8,0,57 8 9,1,33,,156096,8,0,57 8 9,1,75,,156097,8,0,57 8 9,1,30,,156098,8,0,57 8 9,1,75,,156099,8,0,7 8 9,1,30,,156100,8,0,7 8 9,1,75,,156101,8,0,5 10 9,1,100,,156102,8,0,5 10 9,1,100,,156103,8,0,5 10 9,1,100,,156104,8,0,5 10 9,1,199,,156105,8,0,5 10 9,1
2701,'20260714',535,,156106,8,0,7 8 9,1,101,,156107,8,0,57 8 9,1,20,,156108,8,0,57 8 9,1,60,,156109,8,0,34 10 9,1,10,,156110,8,0,57 8 9,1,10,,156111,8,0,34 10 9,1,10,,156112,8,0,57 8 9,1,55,,156113,8,0,34 10 9,1,15,,156114,8,0,57 8 9,1,90,,156115,8,0,7 8 9,1,120,,156116,8,0,5 10 9,1,100,,156117,8,0,5 10 9,1,95,,156118,8,0,5 10 9,1,105,,156119,8,0,5 10 9,1,100,,156120,8,0,57 8 9,1,77,,156121,8,0,34 10 9,1,30,,156122,8,0,57 8 9,1,70,,156123,8,0,57 8 9,1,33,,156124,8,0,57 8 9,1,75,,156125,8,0,57 8 9,1,30,,156126,8,0,57 8 9,1,75,,156127,8,0,7 8 9,1,30,,156128,8,0,7 8 9,1,75,,156129,8,0,5 10 9,1,100,,156130,8,0,5 10 9,1,100,,156131,8,0,5 10 9,1,100,,156132,8,0,5 10 9,1,199,,156133,8,0,5 10 9,1
2701,'20260715',535,,156134,8,0,7 8 9,1,101,,156135,8,0,57 8 9,1,20,,156136,8,0,57 8 9,1,60,,156137,8,0,34 10 9,1,10,,156138,8,0,57 8 9,1,10,,156139,8,0,34 10 9,1,10,,156140,8,0,57 8 9,1,55,,156141,8,0,34 10 9,1,15,,156142,8,0,57 8 9,1,90,,156143,8,0,7 8 9,1,120,,156144,8,0,5 10 9,1,100,,156145,8,0,5 10 9,1,95,,156146,8,0,5 10 9,1,105,,156147,8,0,5 10 9,1,100,,156148,8,0,57 8 9,1,77,,156149,8,0,34 10 9,1,30,,156150,8,0,57 8 9,1,70,,156151,8,0,57 8 9,1,33,,156152,8,0,57 8 9,1,75,,156153,8,0,57 8 9,1,30,,156154,8,0,57 8 9,1,75,,156155,8,0,7 8 9,1,30,,156156,8,0,7 8 9,1,75,,156157,8,0,5 10 9,1,100,,156158,8,0,5 10 9,1,100,,156159,8,0,5 10 9,1,100,,156160,8,0,5 10 9,1,199,,156161,8,0,5 10 9,1
2701,'20260716',535,,156162,8,0,7 8 9,1,101,,156163,8,0,57 8 9,1,20,,156164,8,0,57 8 9,1,60,,156165,8,0,34 10 9,1,10,,156166,8,0,57 8 9,1,10,,156167,8,0,34 10 9,1,10,,156168,8,0,57 8 9,1,55,,156169,8,0,34 10 9,1,15,,156170,8,0,57 8 9,1,90,,156171,8,0,7 8 9,1,120,,156172,8,0,5 10 9,1,100,,156173,8,0,5 10 9,1,95,,156174,8,0,5 10 9,1,105,,156175,8,0,5 10 9,1,100,,156176,8,0,57 8 9,1,77,,156177,8,0,34 10 9,1,30,,156178,8,0,57 8 9,1,70,,156179,8,0,57 8 9,1,33,,156180,8,0,57 8 9,1,75,,156181,8,0,57 8 9,1,30,,156182,8,0,57 8 9,1,75,,156183,8,0,7 8 9,1,30,,156184,8,0,7 8 9,1,75,,156185,8,0,5 10 9,1,100,,156186,8,0,5 10 9,1,100,,156187,8,0,5 10 9,1,100,,156188,8,0,5 10 9,1,199,,156189,8,0,5 10 9,1
2701,'20260717',535,,156190,8,0,7 8 9,1,101,,156191,8,0,57 8 9,1,20,,156192,8,0,57 8 9,1,60,,156193,8,0,34 10 9,1,10,,156194,8,0,57 8 9,1,10,,156195,8,0,34 10 9,1,10,,156196,8,0,57 8 9,1,55,,156197,8,0,34 10 9,1,15,,156198,8,0,57 8 9,1,90,,156199,8,0,7 8 9,1,120,,156200,8,0,5 10 9,1,100,,156201,8,0,5 10 9,1,95,,156202,8,0,5 10 9,1,105,,156203,8,0,5 10 9,1,100,,156204,8,0,57 8 9,1,77,,156205,8,0,34 10 9,1,30,,156206,8,0,57 8 9,1,70,,156207,8,0,57 8 9,1,33,,156208,8,0,57 8 9,1,75,,156209,8,0,57 8 9,1,30,,156210,8,0,57 8 9,1,75,,156211,8,0,7 8 9,1,30,,156212,8,0,7 8 9,1,75,,156213,8,0,5 10 9,1,100,,156214,8,0,5 10 9,1,100,,156215,8,0,5 10 9,1,100,,156216,8,0,5 10 9,1,199,,156217,8,0,5 10 9,1
2701,'20260718',635,,156218,8,0,7 8 9,1,101,,156219,8,0,5 10 9,1,100,,156220,8,0,5 10 9,1,95,,156221,8,0,5 10 9,1,102,,156222,8,0,5 10 9,1,100,,156223,8,0,5 10 9,1,105,,156224,8,0,5 10 9,1,95,,156225,8,0,5 10 9,1,105,,156226,8,0,5 10 9,1,100,,156227,8,0,5 10 9,1,100,,156228,8,0,5 10 9,1,100,,156229,8,0,5 10 9,1,98,,156230,8,0,5 10 9,1,100,,156231,8,0,5 10 9,1,200,,156232,8,0,5 10 9,1,199,,156233,8,0,5 10 9,1
2701,'20260719',635,,156234,8,0,7 8 9,1,101,,156235,8,0,5 10 9,1,100,,156236,8,0,5 10 9,1,95,,156237,8,0,5 10 9,1,102,,156238,8,0,5 10 9,1,100,,156239,8,0,5 10 9,1,105,,156240,8,0,5 10 9,1,95,,156241,8,0,5 10 9,1,105,,156242,8,0,5 10 9,1,100,,156243,8,0,5 10 9,1,100,,156244,8,0,5 10 9,1,100,,156245,8,0,5 10 9,1,98,,156246,8,0,5 10 9,1,100,,156247,8,0,5 10 9,1,200,,156248,8,0,5 10 9,1,199,,156249,8,0,5 10 9,1
2701,'20260720',535,,156250,8,0,7 8 9,1,101,,156251,8,0,57 8 9,1,20,,156252,8,0,57 8 9,1,60,,156253,8,0,34 10 9,1,10,,156254,8,0,57 8 9,1,10,,156255,8,0,34 10 9,1,10,,156256,8,0,57 8 9,1,55,,156257,8,0,34 10 9,1,15,,156258,8,0,57 8 9,1,90,,156259,8,0,7 8 9,1,120,,156260,8,0,5 10 9,1,100,,156261,8,0,5 10 9,1,95,,156262,8,0,5 10 9,1,105,,156263,8,0,5 10 9,1,100,,156264,8,0,57 8 9,1,77,,156265,8,0,34 10 9,1,30,,156266,8,0,57 8 9,1,70,,156267,8,0,57 8 9,1,33,,156268,8,0,57 8 9,1,75,,156269,8,0,57 8 9,1,30,,156270,8,0,57 8 9,1,75,,156271,8,0,7 8 9,1,30,,156272,8,0,7 8 9,1,75,,156273,8,0,5 10 9,1,100,,156274,8,0,5 10 9,1,100,,156275,8,0,5 10 9,1,100,,156276,8,0,5 10 9,1,199,,156277,8,0,5 10 9,1
2701,'20260721',535,,156278,8,0,7 8 9,1,101,,156279,8,0,57 8 9,1,20,,156280,8,0,57 8 9,1,60,,156281,8,0,34 10 9,1,10,,156282,8,0,57 8 9,1,10,,156283,8,0,34 10 9,1,10,,156284,8,0,57 8 9,1,55,,156285,8,0,34 10 9,1,15,,156286,8,0,57 8 9,1,90,,156287,8,0,7 8 9,1,120,,156288,8,0,5 10 9,1,100,,156289,8,0,5 10 9,1,95,,156290,8,0,5 10 9,1,105,,156291,8,0,5 10 9,1,100,,156292,8,0,57 8 9,1,77,,156293,8,0,34 10 9,1,30,,156294,8,0,57 8 9,1,70,,156295,8,0,57 8 9,1,33,,156296,8,0,57 8 9,1,75,,156297,8,0,57 8 9,1,30,,156298,8,0,57 8 9,1,75,,156299,8,0,7 8 9,1,30,,156300,8,0,7 8 9,1,75,,156301,8,0,5 10 9,1,100,,156302,8,0,5 10 9,1,100,,156303,8,0,5 10 9,1,100,,156304,8,0,5 10 9,1,199,,156305,8,0,5 10 9,1
2701,'20260722',535,,156306,8,0,7 8 9,1,101,,156307,8,0,57 8 9,1,20,,156308,8,0,57 8 9,1,60,,156309,8,0,34 10 9,1,10,,156310,8,0,57 8 9,1,10,,156311,8,0,34 10 9,1,10,,156312,8,0,57 8 9,1,55,,156313,8,0,34 10 9,1,15,,156314,8,0,57 8 9,1,90,,156315,8,0,7 8 9,1,120,,156316,8,0,5 10 9,1,100,,156317,8,0,5 10 9,1,95,,156318,8,0,5 10 9,1,105,,156319,8,0,5 10 9,1,100,,156320,8,0,57 8 9,1,77,,156321,8,0,34 10 9,1,30,,156322,8,0,57 8 9,1,70,,156323,8,0,57 8 9,1,33,,156324,8,0,57 8 9,1,75,,156325,8,0,57 8 9,1,30,,156326,8,0,57 8 9,1,75,,156327,8,0,7 8 9,1,30,,156328,8,0,7 8 9,1,75,,156329,8,0,5 10 9,1,100,,156330,8,0,5 10 9,1,100,,156331,8,0,5 10 9,1,100,,156332,8,0,5 10 9,1,199,,156333,8,0,5 10 9,1
2701,'20260723',535,,156334,8,0,7 8 9,1,101,,156335,8,0,57 8 9,1,20,,156336,8,0,57 8 9,1,60,,156337,8,0,34 10 9,1,10,,156338,8,0,57 8 9,1,10,,156339,8,0,34 10 9,1,10,,156340,8,0,57 8 9,1,55,,156341,8,0,34 10 9,1,15,,156342,8,0,57 8 9,1,90,,156343,8,0,7 8 9,1,120,,156344,8,0,5 10 9,1,100,,156345,8,0,5 10 9,1,95,,156346,8,0,5 10 9,1,105,,156347,8,0,5 10 9,1,100,,156348,8,0,57 8 9,1,77,,156349,8,0,34 10 9,1,30,,156350,8,0,57 8 9,1,70,,156351,8,0,57 8 9,1,33,,156352,8,0,57 8 9,1,75,,156353,8,0,57 8 9,1,30,,156354,8,0,57 8 9,1,75,,156355,8,0,7 8 9,1,30,,156356,8,0,7 8 9,1,75,,156357,8,0,5 10 9,1,100,,156358,8,0,5 10 9,1,100,,156359,8,0,5 10 9,1,100,,156360,8,0,5 10 9,1,199,,156361,8,0,5 10 9,1
2701,'20260724',535,,156362,8,0,7 8 9,1,101,,156363,8,0,57 8 9,1,20,,156364,8,0,57 8 9,1,60,,156365,8,0,34 10 9,1,10,,156366,8,0,57 8 9,1,10,,156367,8,0,34 10 9,1,10,,156368,8,0,57 8 9,1,55,,156369,8,0,34 10 9,1,15,,156370,8,0,57 8 9,1,90,,156371,8,0,7 8 9,1,120,,156372,8,0,5 10 9,1,100,,156373,8,0,5 10 9,1,95,,156374,8,0,5 10 9,1,105,,156375,8,0,5 10 9,1,100,,156376,8,0,57 8 9,1,77,,156377,8,0,34 10 9,1,30,,156378,8,0,57 8 9,1,70,,156379,8,0,57 8 9,1,33,,156380,8,0,57 8 9,1,75,,156381,8,0,57 8 9,1,30,,156382,8,0,57 8 9,1,75,,156383,8,0,7 8 9,1,30,,156384,8,0,7 8 9,1,75,,156385,8,0,5 10 9,1,100,,156386,8,0,5 10 9,1,100,,156387,8,0,5 10 9,1,100,,156388,8,0,5 10 9,1,199,,156389,8,0,5 10 9,1
2701,'20260725',635,,156390,8,0,7 8 9,1,101,,156391,8,0,5 10 9,1,100,,156392,8,0,5 10 9,1,95,,156393,8,0,5 10 9,1,102,,156394,8,0,5 10 9,1,100,,156395,8,0,5 10 9,1,105,,156396,8,0,5 10 9,1,95,,156397,8,0,5 10 9,1,105,,156398,8,0,5 10 9,1,100,,156399,8,0,5 10 9,1,100,,156400,8,0,5 10 9,1,100,,156401,8,0,5 10 9,1,98,,156402,8,0,5 10 9,1,100,,156403,8,0,5 10 9,1,200,,156404,8,0,5 10 9,1,199,,156405,8,0,5 10 9,1
2701,'20260726',635,,156406,8,0,7 8 9,1,101,,156407,8,0,5 10 9,1,100,,156408,8,0,5 10 9,1,95,,156409,8,0,5 10 9,1,102,,156410,8,0,5 10 9,1,100,,156411,8,0,5 10 9,1,105,,156412,8,0,5 10 9,1,95,,156413,8,0,5 10 9,1,105,,156414,8,0,5 10 9,1,100,,156415,8,0,5 10 9,1,100,,156416,8,0,5 10 9,1,100,,156417,8,0,5 10 9,1,98,,156418,8,0,5 10 9,1,100,,156419,8,0,5 10 9,1,200,,156420,8,0,5 10 9,1,199,,156421,8,0,5 10 9,1
2701,'20260727',535,,156422,8,0,7 8 9,1,101,,156423,8,0,57 8 9,1,20,,156424,8,0,57 8 9,1,60,,156425,8,0,34 10 9,1,10,,156426,8,0,57 8 9,1,10,,156427,8,0,34 10 9,1,10,,156428,8,0,57 8 9,1,55,,156429,8,0,34 10 9,1,15,,156430,8,0,57 8 9,1,90,,156431,8,0,7 8 9,1,120,,156432,8,0,5 10 9,1,100,,156433,8,0,5 10 9,1,95,,156434,8,0,5 10 9,1,105,,156435,8,0,5 10 9,1,100,,156436,8,0,57 8 9,1,77,,156437,8,0,34 10 9,1,30,,156438,8,0,57 8 9,1,70,,156439,8,0,57 8 9,1,33,,156440,8,0,57 8 9,1,75,,156441,8,0,57 8 9,1,30,,156442,8,0,57 8 9,1,75,,156443,8,0,7 8 9,1,30,,156444,8,0,7 8 9,1,75,,156445,8,0,5 10 9,1,100,,156446,8,0,5 10 9,1,100,,156447,8,0,5 10 9,1,100,,156448,8,0,5 10 9,1,199,,156449,8,0,5 10 9,1
2701,'20260728',535,,156450,8,0,7 8 9,1,101,,156451,8,0,57 8 9,1,20,,156452,8,0,57 8 9,1,60,,156453,8,0,34 10 9,1,10,,156454,8,0,57 8 9,1,10,,156455,8,0,34 10 9,1,10,,156456,8,0,57 8 9,1,55,,156457,8,0,34 10 9,1,15,,156458,8,0,57 8 9,1,90,,156459,8,0,7 8 9,1,120,,156460,8,0,5 10 9,1,100,,156461,8,0,5 10 9,1,95,,156462,8,0,5 10 9,1,105,,156463,8,0,5 10 9,1,100,,156464,8,0,57 8 9,1,77,,156465,8,0,34 10 9,1,30,,156466,8,0,57 8 9,1,70,,156467,8,0,57 8 9,1,33,,156468,8,0,57 8 9,1,75,,156469,8,0,57 8 9,1,30,,156470,8,0,57 8 9,1,75,,156471,8,0,7 8 9,1,30,,156472,8,0,7 8 9,1,75,,156473,8,0,5 10 9,1,100,,156474,8,0,5 10 9,1,100,,156475,8,0,5 10 9,1,100,,156476,8,0,5 10 9,1,199,,156477,8,0,5 10 9,1
2701,'20260729',535,,156478,8,0,7 8 9,1,101,,156479,8,0,57 8 9,1,20,,156480,8,0,57 8 9,1,60,,156481,8,0,34 10 9,1,10,,156482,8,0,57 8 9,1,10,,156483,8,0,34 10 9,1,10,,156484,8,0,57 8 9,1,55,,156485,8,0,34 10 9,1,15,,156486,8,0,57 8 9,1,90,,156487,8,0,7 8 9,1,120,,156488,8,0,5 10 9,1,100,,156489,8,0,5 10 9,1,95,,156490,8,0,5 10 9,1,105,,156491,8,0,5 10 9,1,100,,156492,8,0,57 8 9,1,77,,156493,8,0,34 10 9,1,30,,156494,8,0,57 8 9,1,70,,156495,8,0,57 8 9,1,33,,156496,8,0,57 8 9,1,75,,156497,8,0,57 8 9,1,30,,156498,8,0,57 8 9,1,75,,156499,8,0,7 8 9,1,30,,156500,8,0,7 8 9,1,75,,156501,8,0,5 10 9,1,100,,156502,8,0,5 10 9,1,100,,156503,8,0,5 10 9,1,100,,156504,8,0,5 10 9,1,199,,156505,8,0,5 10 9,1
2701,'20260730',535,,156506,8,0,7 8 9,1,101,,156507,8,0,57 8 9,1,20,,156508,8,0,57 8 9,1,60,,156509,8,0,34 10 9,1,10,,156510,8,0,57 8 9,1,10,,156511,8,0,34 10 9,1,10,,156512,8,0,57 8 9,1,55,,156513,8,0,34 10 9,1,15,,156514,8,0,57 8 9,1,90,,156515,8,0,7 8 9,1,120,,156516,8,0,5 10 9,1,100,,156517,8,0,5 10 9,1,95,,156518,8,0,5 10 9,1,105,,156519,8,0,5 10 9,1,100,,156520,8,0,57 8 9,1,77,,156521,8,0,34 10 9,1,30,,156522,8,0,57 8 9,1,70,,156523,8,0,57 8 9,1,33,,156524,8,0,57 8 9,1,75,,156525,8,0,57 8 9,1,30,,156526,8,0,57 8 9,1,75,,156527,8,0,7 8 9,1,30,,156528,8,0,7 8 9,1,75,,156529,8,0,5 10 9,1,100,,156530,8,0,5 10 9,1,100,,156531,8,0,5 10 9,1,100,,156532,8,0,5 10 9,1,199,,156533,8,0,5 10 9,1
2701,'20260731',535,,156534,8,0,7 8 9,1,101,,156535,8,0,57 8 9,1,20,,156536,8,0,57 8 9,1,60,,156537,8,0,34 10 9,1,10,,156538,8,0,57 8 9,1,10,,156539,8,0,34 10 9,1,10,,156540,8,0,57 8 9,1,55,,156541,8,0,34 10 9,1,15,,156542,8,0,57 8 9,1,90,,156543,8,0,7 8 9,1,120,,156544,8,0,5 10 9,1,100,,156545,8,0,5 10 9,1,95,,156546,8,0,5 10 9,1,105,,156547,8,0,5 10 9,1,100,,156548,8,0,57 8 9,1,77,,156549,8,0,34 10 9,1,30,,156550,8,0,57 8 9,1,70,,156551,8,0,57 8 9,1,33,,156552,8,0,57 8 9,1,75,,156553,8,0,57 8 9,1,30,,156554,8,0,57 8 9,1,75,,156555,8,0,7 8 9,1,30,,156556,8,0,7 8 9,1,75,,156557,8,0,5 10 9,1,100,,156558,8,0,5 10 9,1,100,,156559,8,0,5 10 9,1,100,,156560,8,0,5 10 9,1,199,,156561,8,0,5 10 9,1
2701,'20260801',635,,156562,8,0,7 8 9,1,101,,156563,8,0,5 10 9,1,100,,156564,8,0,5 10 9,1,95,,156565,8,0,5 10 9,1,102,,156566,8,0,5 10 9,1,100,,156567,8,0,5 10 9,1,105,,156568,8,0,5 10 9,1,95,,156569,8,0,5 10 9,1,105,,156570,8,0,5 10 9,1,100,,156571,8,0,5 10 9,1,100,,156572,8,0,5 10 9,1,100,,156573,8,0,5 10 9,1,98,,156574,8,0,5 10 9,1,100,,156575,8,0,5 10 9,1,200,,156576,8,0,5 10 9,1,199,,156577,8,0,5 10 9,1
2701,'20260802',635,,156578,8,0,7 8 9,1,101,,156579,8,0,5 10 9,1,100,,156580,8,0,5 10 9,1,95,,156581,8,0,5 10 9,1,102,,156582,8,0,5 10 9,1,100,,156583,8,0,5 10 9,1,105,,156584,8,0,5 10 9,1,95,,156585,8,0,5 10 9,1,105,,156586,8,0,5 10 9,1,100,,156587,8,0,5 10 9,1,100,,156588,8,0,5 10 9,1,100,,156589,8,0,5 10 9,1,98,,156590,8,0,5 10 9,1,100,,156591,8,0,5 10 9,1,200,,156592,8,0,5 10 9,1,199,,156593,8,0,5 10 9,1
2701,'20260803',635,,156594,8,0,7 8 9,1,101,,156595,8,0,5 10 9,1,100,,156596,8,0,5 10 9,1,95,,156597,8,0,5 10 9,1,102,,156598,8,0,5 10 9,1,100,,156599,8,0,5 10 9,1,105,,156600,8,0,5 10 9,1,95,,156601,8,0,5 10 9,1,105,,156602,8,0,5 10 9,1,100,,156603,8,0,5 10 9,1,100,,156604,8,0,5 10 9,1,100,,156605,8,0,5 10 9,1,98,,156606,8,0,5 10 9,1,100,,156607,8,0,5 10 9,1,200,,156608,8,0,5 10 9,1,199,,156609,8,0,5 10 9,1
2701,'20260804',535,,156610,8,0,7 8 9,1,101,,156611,8,0,57 8 9,1,20,,156612,8,0,57 8 9,1,60,,156613,8,0,34 10 9,1,10,,156614,8,0,57 8 9,1,10,,156615,8,0,34 10 9,1,10,,156616,8,0,57 8 9,1,55,,156617,8,0,34 10 9,1,15,,156618,8,0,57 8 9,1,90,,156619,8,0,7 8 9,1,120,,156620,8,0,5 10 9,1,100,,156621,8,0,5 10 9,1,95,,156622,8,0,5 10 9,1,105,,156623,8,0,5 10 9,1,100,,156624,8,0,57 8 9,1,77,,156625,8,0,34 10 9,1,30,,156626,8,0,57 8 9,1,70,,156627,8,0,57 8 9,1,33,,156628,8,0,57 8 9,1,75,,156629,8,0,57 8 9,1,30,,156630,8,0,57 8 9,1,75,,156631,8,0,7 8 9,1,30,,156632,8,0,7 8 9,1,75,,156633,8,0,5 10 9,1,100,,156634,8,0,5 10 9,1,100,,156635,8,0,5 10 9,1,100,,156636,8,0,5 10 9,1,199,,156637,8,0,5 10 9,1
2701,'20260805',535,,156638,8,0,7 8 9,1,101,,156639,8,0,57 8 9,1,20,,156640,8,0,57 8 9,1,60,,156641,8,0,34 10 9,1,10,,156642,8,0,57 8 9,1,10,,156643,8,0,34 10 9,1,10,,156644,8,0,57 8 9,1,55,,156645,8,0,34 10 9,1,15,,156646,8,0,57 8 9,1,90,,156647,8,0,7 8 9,1,120,,156648,8,0,5 10 9,1,100,,156649,8,0,5 10 9,1,95,,156650,8,0,5 10 9,1,105,,156651,8,0,5 10 9,1,100,,156652,8,0,57 8 9,1,77,,156653,8,0,34 10 9,1,30,,156654,8,0,57 8 9,1,70,,156655,8,0,57 8 9,1,33,,156656,8,0,57 8 9,1,75,,156657,8,0,57 8 9,1,30,,156658,8,0,57 8 9,1,75,,156659,8,0,7 8 9,1,30,,156660,8,0,7 8 9,1,75,,156661,8,0,5 10 9,1,100,,156662,8,0,5 10 9,1,100,,156663,8,0,5 10 9,1,100,,156664,8,0,5 10 9,1,199,,156665,8,0,5 10 9,1
2701,'20260806',535,,156666,8,0,7 8 9,1,101,,156667,8,0,57 8 9,1,20,,156668,8,0,57 8 9,1,60,,156669,8,0,34 10 9,1,10,,156670,8,0,57 8 9,1,10,,156671,8,0,34 10 9,1,10,,156672,8,0,57 8 9,1,55,,156673,8,0,34 10 9,1,15,,156674,8,0,57 8 9,1,90,,156675,8,0,7 8 9,1,120,,156676,8,0,5 10 9,1,100,,156677,8,0,5 10 9,1,95,,156678,8,0,5 10 9,1,105,,156679,8,0,5 10 9,1,100,,156680,8,0,57 8 9,1,77,,156681,8,0,34 10 9,1,30,,156682,8,0,57 8 9,1,70,,156683,8,0,57 8 9,1,33,,156684,8,0,57 8 9,1,75,,156685,8,0,57 8 9,1,30,,156686,8,0,57 8 9,1,75,,156687,8,0,7 8 9,1,30,,156688,8,0,7 8 9,1,75,,156689,8,0,5 10 9,1,100,,156690,8,0,5 10 9,1,100,,156691,8,0,5 10 9,1,100,,156692,8,0,5 10 9,1,199,,156693,8,0,5 10 9,1
2701,'20260807',535,,156694,8,0,7 8 9,1,101,,156695,8,0,57 8 9,1,20,,156696,8,0,57 8 9,1,60,,156697,8,0,34 10 9,1,10,,156698,8,0,57 8 9,1,10,,156699,8,0,34 10 9,1,10,,156700,8,0,57 8 9,1,55,,156701,8,0,34 10 9,1,15,,156702,8,0,57 8 9,1,90,,156703,8,0,7 8 9,1,120,,156704,8,0,5 10 9,1,100,,156705,8,0,5 10 9,1,95,,156706,8,0,5 10 9,1,105,,156707,8,0,5 10 9,1,100,,156708,8,0,57 8 9,1,77,,156709,8,0,34 10 9,1,30,,156710,8,0,57 8 9,1,70,,156711,8,0,57 8 9,1,33,,156712,8,0,57 8 9,1,75,,156713,8,0,57 8 9,1,30,,156714,8,0,57 8 9,1,75,,156715,8,0,7 8 9,1,30,,156716,8,0,7 8 9,1,75,,156717,8,0,5 10 9,1,100,,156718,8,0,5 10 9,1,100,,156719,8,0,5 10 9,1,100,,156720,8,0,5 10 9,1,199,,156721,8,0,5 10 9,1
2701,'20260808',635,,156722,8,0,7 8 9,1,101,,156723,8,0,5 10 9,1,100,,156724,8,0,5 10 9,1,95,,156725,8,0,5 10 9,1,102,,156726,8,0,5 10 9,1,100,,156727,8,0,5 10 9,1,105,,156728,8,0,5 10 9,1,95,,156729,8,0,5 10 9,1,105,,156730,8,0,5 10 9,1,100,,156731,8,0,5 10 9,1,100,,156732,8,0,5 10 9,1,100,,156733,8,0,5 10 9,1,98,,156734,8,0,5 10 9,1,100,,156735,8,0,5 10 9,1,200,,156736,8,0,5 10 9,1,199,,156737,8,0,5 10 9,1
2701,'20260809',635,,156738,8,0,7 8 9,1,101,,156739,8,0,5 10 9,1,100,,156740,8,0,5 10 9,1,95,,156741,8,0,5 10 9,1,102,,156742,8,0,5 10 9,1,100,,156743,8,0,5 10 9,1,105,,156744,8,0,5 10 9,1,95,,156745,8,0,5 10 9,1,105,,156746,8,0,5 10 9,1,100,,156747,8,0,5 10 9,1,100,,156748,8,0,5 10 9,1,100,,156749,8,0,5 10 9,1,98,,156750,8,0,5 10 9,1,100,,156751,8,0,5 10 9,1,200,,156752,8,0,5 10 9,1,199,,156753,8,0,5 10 9,1
2701,'20260810',535,,156754,8,0,7 8 9,1,101,,156755,8,0,57 8 9,1,20,,156756,8,0,57 8 9,1,60,,156757,8,0,34 10 9,1,10,,156758,8,0,57 8 9,1,10,,156759,8,0,34 10 9,1,10,,156760,8,0,57 8 9,1,55,,156761,8,0,34 10 9,1,15,,156762,8,0,57 8 9,1,90,,156763,8,0,7 8 9,1,120,,156764,8,0,5 10 9,1,100,,156765,8,0,5 10 9,1,95,,156766,8,0,5 10 9,1,105,,156767,8,0,5 10 9,1,100,,156768,8,0,57 8 9,1,77,,156769,8,0,34 10 9,1,30,,156770,8,0,57 8 9,1,70,,156771,8,0,57 8 9,1,33,,156772,8,0,57 8 9,1,75,,156773,8,0,57 8 9,1,30,,156774,8,0,57 8 9,1,75,,156775,8,0,7 8 9,1,30,,156776,8,0,7 8 9,1,75,,156777,8,0,5 10 9,1,100,,156778,8,0,5 10 9,1,100,,156779,8,0,5 10 9,1,100,,156780,8,0,5 10 9,1,199,,156781,8,0,5 10 9,1
2701,'20260811',535,,156782,8,0,7 8 9,1,101,,156783,8,0,57 8 9,1,20,,156784,8,0,57 8 9,1,60,,156785,8,0,34 10 9,1,10,,156786,8,0,57 8 9,1,10,,156787,8,0,34 10 9,1,10,,156788,8,0,57 8 9,1,55,,156789,8,0,34 10 9,1,15,,156790,8,0,57 8 9,1,90,,156791,8,0,7 8 9,1,120,,156792,8,0,5 10 9,1,100,,156793,8,0,5 10 9,1,95,,156794,8,0,5 10 9,1,105,,156795,8,0,5 10 9,1,100,,156796,8,0,57 8 9,1,77,,156797,8,0,34 10 9,1,30,,156798,8,0,57 8 9,1,70,,156799,8,0,57 8 9,1,33,,156800,8,0,57 8 9,1,75,,156801,8,0,57 8 9,1,30,,156802,8,0,57 8 9,1,75,,156803,8,0,7 8 9,1,30,,156804,8,0,7 8 9,1,75,,156805,8,0,5 10 9,1,100,,156806,8,0,5 10 9,1,100,,156807,8,0,5 10 9,1,100,,156808,8,0,5 10 9,1,199,,156809,8,0,5 10 9,1
2701,'20260812',535,,156810,8,0,7 8 9,1,101,,156811,8,0,57 8 9,1,20,,156812,8,0,57 8 9,1,60,,156813,8,0,34 10 9,1,10,,156814,8,0,57 8 9,1,10,,156815,8,0,34 10 9,1,10,,156816,8,0,57 8 9,1,55,,156817,8,0,34 10 9,1,15,,156818,8,0,57 8 9,1,90,,156819,8,0,7 8 9,1,120,,156820,8,0,5 10 9,1,100,,156821,8,0,5 10 9,1,95,,156822,8,0,5 10 9,1,105,,156823,8,0,5 10 9,1,100,,156824,8,0,57 8 9,1,77,,156825,8,0,34 10 9,1,30,,156826,8,0,57 8 9,1,70,,156827,8,0,57 8 9,1,33,,156828,8,0,57 8 9,1,75,,156829,8,0,57 8 9,1,30,,156830,8,0,57 8 9,1,75,,156831,8,0,7 8 9,1,30,,156832,8,0,7 8 9,1,75,,156833,8,0,5 10 9,1,100,,156834,8,0,5 10 9,1,100,,156835,8,0,5 10 9,1,100,,156836,8,0,5 10 9,1,199,,156837,8,0,5 10 9,1
2701,'20260813',535,,156838,8,0,7 8 9,1,101,,156839,8,0,57 8 9,1,20,,156840,8,0,57 8 9,1,60,,156841,8,0,34 10 9,1,10,,156842,8,0,57 8 9,1,10,,156843,8,0,34 10 9,1,10,,156844,8,0,57 8 9,1,55,,156845,8,0,34 10 9,1,15,,156846,8,0,57 8 9,1,90,,156847,8,0,7 8 9,1,120,,156848,8,0,5 10 9,1,100,,156849,8,0,5 10 9,1,95,,156850,8,0,5 10 9,1,105,,156851,8,0,5 10 9,1,100,,156852,8,0,57 8 9,1,77,,156853,8,0,34 10 9,1,30,,156854,8,0,57 8 9,1,70,,156855,8,0,57 8 9,1,33,,156856,8,0,57 8 9,1,75,,156857,8,0,57 8 9,1,30,,156858,8,0,57 8 9,1,75,,156859,8,0,7 8 9,1,30,,156860,8,0,7 8 9,1,75,,156861,8,0,5 10 9,1,100,,156862,8,0,5 10 9,1,100,,156863,8,0,5 10 9,1,100,,156864,8,0,5 10 9,1,199,,156865,8,0,5 10 9,1
2701,'20260814',535,,156866,8,0,7 8 9,1,101,,156867,8,0,57 8 9,1,20,,156868,8,0,57 8 9,1,60,,156869,8,0,34 10 9,1,10,,156870,8,0,57 8 9,1,10,,156871,8,0,34 10 9,1,10,,156872,8,0,57 8 9,1,55,,156873,8,0,34 10 9,1,15,,156874,8,0,57 8 9,1,90,,156875,8,0,7 8 9,1,120,,156876,8,0,5 10 9,1,100,,156877,8,0,5 10 9,1,95,,156878,8,0,5 10 9,1,105,,156879,8,0,5 10 9,1,100,,156880,8,0,57 8 9,1,77,,156881,8,0,34 10 9,1,30,,156882,8,0,57 8 9,1,70,,156883,8,0,57 8 9,1,33,,156884,8,0,57 8 9,1,75,,156885,8,0,57 8 9,1,30,,156886,8,0,57 8 9,1,75,,156887,8,0,7 8 9,1,30,,156888,8,0,7 8 9,1,75,,156889,8,0,5 10 9,1,100,,156890,8,0,5 10 9,1,100,,156891,8,0,5 10 9,1,100,,156892,8,0,5 10 9,1,199,,156893,8,0,5 10 9,1
2701,'20260815',635,,156894,8,0,7 8 9,1,101,,156895,8,0,5 10 9,1,100,,156896,8,0,5 10 9,1,95,,156897,8,0,5 10 9,1,102,,156898,8,0,5 10 9,1,100,,156899,8,0,5 10 9,1,105,,156900,8,0,5 10 9,1,95,,156901,8,0,5 10 9,1,105,,156902,8,0,5 10 9,1,100,,156903,8,0,5 10 9,1,100,,156904,8,0,5 10 9,1,100,,156905,8,0,5 10 9,1,98,,156906,8,0,5 10 9,1,100,,156907,8,0,5 10 9,1,200,,156908,8,0,5 10 9,1,199,,156909,8,0,5 10 9,1
2701,'20260816',635,,156910,8,0,7 8 9,1,101,,156911,8,0,5 10 9,1,100,,156912,8,0,5 10 9,1,95,,156913,8,0,5 10 9,1,102,,156914,8,0,5 10 9,1,100,,156915,8,0,5 10 9,1,105,,156916,8,0,5 10 9,1,95,,156917,8,0,5 10 9,1,105,,156918,8,0,5 10 9,1,100,,156919,8,0,5 10 9,1,100,,156920,8,0,5 10 9,1,100,,156921,8,0,5 10 9,1,98,,156922,8,0,5 10 9,1,100,,156923,8,0,5 10 9,1,200,,156924,8,0,5 10 9,1,199,,156925,8,0,5 10 9,1
2701,'20260817',535,,156926,8,0,7 8 9,1,101,,156927,8,0,57 8 9,1,20,,156928,8,0,57 8 9,1,60,,156929,8,0,34 10 9,1,10,,156930,8,0,57 8 9,1,10,,156931,8,0,34 10 9,1,10,,156932,8,0,57 8 9,1,55,,156933,8,0,34 10 9,1,15,,156934,8,0,57 8 9,1,90,,156935,8,0,7 8 9,1,120,,156936,8,0,5 10 9,1,100,,156937,8,0,5 10 9,1,95,,156938,8,0,5 10 9,1,105,,156939,8,0,5 10 9,1,100,,156940,8,0,57 8 9,1,77,,156941,8,0,34 10 9,1,30,,156942,8,0,57 8 9,1,70,,156943,8,0,57 8 9,1,33,,156944,8,0,57 8 9,1,75,,156945,8,0,57 8 9,1,30,,156946,8,0,57 8 9,1,75,,156947,8,0,7 8 9,1,30,,156948,8,0,7 8 9,1,75,,156949,8,0,5 10 9,1,100,,156950,8,0,5 10 9,1,100,,156951,8,0,5 10 9,1,100,,156952,8,0,5 10 9,1,199,,156953,8,0,5 10 9,1
2701,'20260818',535,,156954,8,0,7 8 9,1,101,,156955,8,0,57 8 9,1,20,,156956,8,0,57 8 9,1,60,,156957,8,0,34 10 9,1,10,,156958,8,0,57 8 9,1,10,,156959,8,0,34 10 9,1,10,,156960,8,0,57 8 9,1,55,,156961,8,0,34 10 9,1,15,,156962,8,0,57 8 9,1,90,,156963,8,0,7 8 9,1,120,,156964,8,0,5 10 9,1,100,,156965,8,0,5 10 9,1,95,,156966,8,0,5 10 9,1,105,,156967,8,0,5 10 9,1,100,,156968,8,0,57 8 9,1,77,,156969,8,0,34 10 9,1,30,,156970,8,0,57 8 9,1,70,,156971,8,0,57 8 9,1,33,,156972,8,0,57 8 9,1,75,,156973,8,0,57 8 9,1,30,,156974,8,0,57 8 9,1,75,,156975,8,0,7 8 9,1,30,,156976,8,0,7 8 9,1,75,,156977,8,0,5 10 9,1,100,,156978,8,0,5 10 9,1,100,,156979,8,0,5 10 9,1,100,,156980,8,0,5 10 9,1,199,,156981,8,0,5 10 9,1
2701,'20260819',535,,156982,8,0,7 8 9,1,101,,156983,8,0,57 8 9,1,20,,156984,8,0,57 8 9,1,60,,156985,8,0,34 10 9,1,10,,156986,8,0,57 8 9,1,10,,156987,8,0,34 10 9,1,10,,156988,8,0,57 8 9,1,55,,156989,8,0,34 10 9,1,15,,156990,8,0,57 8 9,1,90,,156991,8,0,7 8 9,1,120,,156992,8,0,5 10 9,1,100,,156993,8,0,5 10 9,1,95,,156994,8,0,5 10 9,1,105,,156995,8,0,5 10 9,1,100,,156996,8,0,57 8 9,1,77,,156997,8,0,34 10 9,1,30,,156998,8,0,57 8 9,1,70,,156999,8,0,57 8 9,1,33,,157000,8,0,57 8 9,1,75,,157001,8,0,57 8 9,1,30,,157002,8,0,57 8 9,1,75,,157003,8,0,7 8 9,1,30,,157004,8,0,7 8 9,1,75,,157005,8,0,5 10 9,1,100,,157006,8,0,5 10 9,1,100,,157007,8,0,5 10 9,1,100,,157008,8,0,5 10 9,1,199,,157009,8,0,5 10 9,1
2701,'20260820',535,,157010,8,0,7 8 9,1,101,,157011,8,0,57 8 9,1,20,,157012,8,0,57 8 9,1,60,,157013,8,0,34 10 9,1,10,,157014,8,0,57 8 9,1,10,,157015,8,0,34 10 9,1,10,,157016,8,0,57 8 9,1,55,,157017,8,0,34 10 9,1,15,,157018,8,0,57 8 9,1,90,,157019,8,0,7 8 9,1,120,,157020,8,0,5 10 9,1,100,,157021,8,0,5 10 9,1,95,,157022,8,0,5 10 9,1,105,,157023,8,0,5 10 9,1,100,,157024,8,0,57 8 9,1,77,,157025,8,0,34 10 9,1,30,,157026,8,0,57 8 9,1,70,,157027,8,0,57 8 9,1,33,,157028,8,0,57 8 9,1,75,,157029,8,0,57 8 9,1,30,,157030,8,0,57 8 9,1,75,,157031,8,0,7 8 9,1,30,,157032,8,0,7 8 9,1,75,,157033,8,0,5 10 9,1,100,,157034,8,0,5 10 9,1,100,,157035,8,0,5 10 9,1,100,,157036,8,0,5 10 9,1,199,,157037,8,0,5 10 9,1
2701,'20260821',535,,157038,8,0,7 8 9,1,101,,157039,8,0,57 8 9,1,20,,157040,8,0,57 8 9,1,60,,157041,8,0,34 10 9,1,10,,157042,8,0,57 8 9,1,10,,157043,8,0,34 10 9,1,10,,157044,8,0,57 8 9,1,55,,157045,8,0,34 10 9,1,15,,157046,8,0,57 8 9,1,90,,157047,8,0,7 8 9,1,120,,157048,8,0,5 10 9,1,100,,157049,8,0,5 10 9,1,95,,157050,8,0,5 10 9,1,105,,157051,8,0,5 10 9,1,100,,157052,8,0,57 8 9,1,77,,157053,8,0,34 10 9,1,30,,157054,8,0,57 8 9,1,70,,157055,8,0,57 8 9,1,33,,157056,8,0,57 8 9,1,75,,157057,8,0,57 8 9,1,30,,157058,8,0,57 8 9,1,75,,157059,8,0,7 8 9,1,30,,157060,8,0,7 8 9,1,75,,157061,8,0,5 10 9,1,100,,157062,8,0,5 10 9,1,100,,157063,8,0,5 10 9,1,100,,157064,8,0,5 10 9,1,199,,157065,8,0,5 10 9,1
2701,'20260822',635,,157066,8,0,7 8 9,1,101,,157067,8,0,5 10 9,1,100,,157068,8,0,5 10 9,1,95,,157069,8,0,5 10 9,1,102,,157070,8,0,5 10 9,1,100,,157071,8,0,5 10 9,1,105,,157072,8,0,5 10 9,1,95,,157073,8,0,5 10 9,1,105,,157074,8,0,5 10 9,1,100,,157075,8,0,5 10 9,1,100,,157076,8,0,5 10 9,1,100,,157077,8,0,5 10 9,1,98,,157078,8,0,5 10 9,1,100,,157079,8,0,5 10 9,1,200,,157080,8,0,5 10 9,1,199,,157081,8,0,5 10 9,1
2701,'20260823',635,,157082,8,0,7 8 9,1,101,,157083,8,0,5 10 9,1,100,,157084,8,0,5 10 9,1,95,,157085,8,0,5 10 9,1,102,,157086,8,0,5 10 9,1,100,,157087,8,0,5 10 9,1,105,,157088,8,0,5 10 9,1,95,,157089,8,0,5 10 9,1,105,,157090,8,0,5 10 9,1,100,,157091,8,0,5 10 9,1,100,,157092,8,0,5 10 9,1,100,,157093,8,0,5 10 9,1,98,,157094,8,0,5 10 9,1,100,,157095,8,0,5 10 9,1,200,,157096,8,0,5 10 9,1,199,,157097,8,0,5 10 9,1
2701,'20260824',535,,157098,8,0,7 8 9,1,101,,157099,8,0,57 8 9,1,20,,157100,8,0,57 8 9,1,60,,157101,8,0,34 10 9,1,10,,157102,8,0,57 8 9,1,10,,157103,8,0,34 10 9,1,10,,157104,8,0,57 8 9,1,55,,157105,8,0,34 10 9,1,15,,157106,8,0,57 8 9,1,90,,157107,8,0,7 8 9,1,120,,157108,8,0,5 10 9,1,100,,157109,8,0,5 10 9,1,95,,157110,8,0,5 10 9,1,105,,157111,8,0,5 10 9,1,100,,157112,8,0,57 8 9,1,77,,157113,8,0,34 10 9,1,30,,157114,8,0,57 8 9,1,70,,157115,8,0,57 8 9,1,33,,157116,8,0,57 8 9,1,75,,157117,8,0,57 8 9,1,30,,157118,8,0,57 8 9,1,75,,157119,8,0,7 8 9,1,30,,157120,8,0,7 8 9,1,75,,157121,8,0,5 10 9,1,100,,157122,8,0,5 10 9,1,100,,157123,8,0,5 10 9,1,100,,157124,8,0,5 10 9,1,199,,157125,8,0,5 10 9,1
2701,'20260825',535,,157126,8,0,7 8 9,1,101,,157127,8,0,57 8 9,1,20,,157128,8,0,57 8 9,1,60,,157129,8,0,34 10 9,1,10,,157130,8,0,57 8 9,1,10,,157131,8,0,34 10 9,1,10,,157132,8,0,57 8 9,1,55,,157133,8,0,34 10 9,1,15,,157134,8,0,57 8 9,1,90,,157135,8,0,7 8 9,1,120,,157136,8,0,5 10 9,1,100,,157137,8,0,5 10 9,1,95,,157138,8,0,5 10 9,1,105,,157139,8,0,5 10 9,1,100,,157140,8,0,57 8 9,1,77,,157141,8,0,34 10 9,1,30,,157142,8,0,57 8 9,1,70,,157143,8,0,57 8 9,1,33,,157144,8,0,57 8 9,1,75,,157145,8,0,57 8 9,1,30,,157146,8,0,57 8 9,1,75,,157147,8,0,7 8 9,1,30,,157148,8,0,7 8 9,1,75,,157149,8,0,5 10 9,1,100,,157150,8,0,5 10 9,1,100,,157151,8,0,5 10 9,1,100,,157152,8,0,5 10 9,1,199,,157153,8,0,5 10 9,1
2701,'20260826',535,,157154,8,0,7 8 9,1,101,,157155,8,0,57 8 9,1,20,,157156,8,0,57 8 9,1,60,,157157,8,0,34 10 9,1,10,,157158,8,0,57 8 9,1,10,,157159,8,0,34 10 9,1,10,,157160,8,0,57 8 9,1,55,,157161,8,0,34 10 9,1,15,,157162,8,0,57 8 9,1,90,,157163,8,0,7 8 9,1,120,,157164,8,0,5 10 9,1,100,,157165,8,0,5 10 9,1,95,,157166,8,0,5 10 9,1,105,,157167,8,0,5 10 9,1,100,,157168,8,0,57 8 9,1,77,,157169,8,0,34 10 9,1,30,,157170,8,0,57 8 9,1,70,,157171,8,0,57 8 9,1,33,,157172,8,0,57 8 9,1,75,,157173,8,0,57 8 9,1,30,,157174,8,0,57 8 9,1,75,,157175,8,0,7 8 9,1,30,,157176,8,0,7 8 9,1,75,,157177,8,0,5 10 9,1,100,,157178,8,0,5 10 9,1,100,,157179,8,0,5 10 9,1,100,,157180,8,0,5 10 9,1,199,,157181,8,0,5 10 9,1
2701,'20260827',535,,157182,8,0,7 8 9,1,101,,157183,8,0,57 8 9,1,20,,157184,8,0,57 8 9,1,60,,157185,8,0,34 10 9,1,10,,157186,8,0,57 8 9,1,10,,157187,8,0,34 10 9,1,10,,157188,8,0,57 8 9,1,55,,157189,8,0,34 10 9,1,15,,157190,8,0,57 8 9,1,90,,157191,8,0,7 8 9,1,120,,157192,8,0,5 10 9,1,100,,157193,8,0,5 10 9,1,95,,157194,8,0,5 10 9,1,105,,157195,8,0,5 10 9,1,100,,157196,8,0,57 8 9,1,77,,157197,8,0,34 10 9,1,30,,157198,8,0,57 8 9,1,70,,157199,8,0,57 8 9,1,33,,157200,8,0,57 8 9,1,75,,157201,8,0,57 8 9,1,30,,157202,8,0,57 8 9,1,75,,157203,8,0,7 8 9,1,30,,157204,8,0,7 8 9,1,75,,157205,8,0,5 10 9,1,100,,157206,8,0,5 10 9,1,100,,157207,8,0,5 10 9,1,100,,157208,8,0,5 10 9,1,199,,157209,8,0,5 10 9,1
2701,'20260828',535,,157210,8,0,7 8 9,1,101,,157211,8,0,57 8 9,1,20,,157212,8,0,57 8 9,1,60,,157213,8,0,34 10 9,1,10,,157214,8,0,57 8 9,1,10,,157215,8,0,34 10 9,1,10,,157216,8,0,57 8 9,1,55,,157217,8,0,34 10 9,1,15,,157218,8,0,57 8 9,1,90,,157219,8,0,7 8 9,1,120,,157220,8,0,5 10 9,1,100,,157221,8,0,5 10 9,1,95,,157222,8,0,5 10 9,1,105,,157223,8,0,5 10 9,1,100,,157224,8,0,57 8 9,1,77,,157225,8,0,34 10 9,1,30,,157226,8,0,57 8 9,1,70,,157227,8,0,57 8 9,1,33,,157228,8,0,57 8 9,1,75,,157229,8,0,57 8 9,1,30,,157230,8,0,57 8 9,1,75,,157231,8,0,7 8 9,1,30,,157232,8,0,7 8 9,1,75,,157233,8,0,5 10 9,1,100,,157234,8,0,5 10 9,1,100,,157235,8,0,5 10 9,1,100,,157236,8,0,5 10 9,1,199,,157237,8,0,5 10 9,1
2701,'20260829',635,,157238,8,0,7 8 9,1,101,,157239,8,0,5 10 9,1,100,,157240,8,0,5 10 9,1,95,,157241,8,0,5 10 9,1,102,,157242,8,0,5 10 9,1,100,,157243,8,0,5 10 9,1,105,,157244,8,0,5 10 9,1,95,,157245,8,0,5 10 9,1,105,,157246,8,0,5 10 9,1,100,,157247,8,0,5 10 9,1,100,,157248,8,0,5 10 9,1,100,,157249,8,0,5 10 9,1,98,,157250,8,0,5 10 9,1,100,,157251,8,0,5 10 9,1,200,,157252,8,0,5 10 9,1,199,,157253,8,0,5 10 9,1
2701,'20260830',635,,157254,8,0,7 8 9,1,101,,157255,8,0,5 10 9,1,100,,157256,8,0,5 10 9,1,95,,157257,8,0,5 10 9,1,102,,157258,8,0,5 10 9,1,100,,157259,8,0,5 10 9,1,105,,157260,8,0,5 10 9,1,95,,157261,8,0,5 10 9,1,105,,157262,8,0,5 10 9,1,100,,157263,8,0,5 10 9,1,100,,157264,8,0,5 10 9,1,100,,157265,8,0,5 10 9,1,98,,157266,8,0,5 10 9,1,100,,157267,8,0,5 10 9,1,200,,157268,8,0,5 10 9,1,199,,157269,8,0,5 10 9,1
2701,'20260831',535,,157270,8,0,7 8 9,1,101,,157271,8,0,57 8 9,1,20,,157272,8,0,57 8 9,1,60,,157273,8,0,34 10 9,1,10,,157274,8,0,57 8 9,1,10,,157275,8,0,34 10 9,1,10,,157276,8,0,57 8 9,1,55,,157277,8,0,34 10 9,1,15,,157278,8,0,57 8 9,1,90,,157279,8,0,7 8 9,1,120,,157280,8,0,5 10 9,1,100,,157281,8,0,5 10 9,1,95,,157282,8,0,5 10 9,1,105,,157283,8,0,5 10 9,1,100,,157284,8,0,57 8 9,1,77,,157285,8,0,34 10 9,1,30,,157286,8,0,57 8 9,1,70,,157287,8,0,57 8 9,1,33,,157288,8,0,57 8 9,1,75,,157289,8,0,57 8 9,1,30,,157290,8,0,57 8 9,1,75,,157291,8,0,7 8 9,1,30,,157292,8,0,7 8 9,1,75,,157293,8,0,5 10 9,1,100,,157294,8,0,5 10 9,1,100,,157295,8,0,5 10 9,1,100,,157296,8,0,5 10 9,1,199,,157297,8,0,5 10 9,1
2701,'20260901',535,,157298,8,0,7 8 9,1,101,,157299,8,0,57 8 9,1,20,,157300,8,0,57 8 9,1,60,,157301,8,0,34 10 9,1,10,,157302,8,0,57 8 9,1,10,,157303,8,0,34 10 9,1,10,,157304,8,0,57 8 9,1,55,,157305,8,0,34 10 9,1,15,,157306,8,0,57 8 9,1,90,,157307,8,0,7 8 9,1,120,,157308,8,0,5 10 9,1,100,,157309,8,0,5 10 9,1,95,,157310,8,0,5 10 9,1,105,,157311,8,0,5 10 9,1,100,,157312,8,0,57 8 9,1,77,,157313,8,0,34 10 9,1,30,,157314,8,0,57 8 9,1,70,,157315,8,0,57 8 9,1,33,,157316,8,0,57 8 9,1,75,,157317,8,0,57 8 9,1,30,,157318,8,0,57 8 9,1,75,,157319,8,0,7 8 9,1,30,,157320,8,0,7 8 9,1,75,,157321,8,0,5 10 9,1,100,,157322,8,0,5 10 9,1,100,,157323,8,0,5 10 9,1,100,,157324,8,0,5 10 9,1,199,,157325,8,0,5 10 9,1
2701,'20260902',535,,157326,8,0,7 8 9,1,101,,157327,8,0,57 8 9,1,20,,157328,8,0,57 8 9,1,60,,157329,8,0,34 10 9,1,10,,157330,8,0,57 8 9,1,10,,157331,8,0,34 10 9,1,10,,157332,8,0,57 8 9,1,55,,157333,8,0,34 10 9,1,15,,157334,8,0,57 8 9,1,90,,157335,8,0,7 8 9,1,120,,157336,8,0,5 10 9,1,100,,157337,8,0,5 10 9,1,95,,157338,8,0,5 10 9,1,105,,157339,8,0,5 10 9,1,100,,157340,8,0,57 8 9,1,77,,157341,8,0,34 10 9,1,30,,157342,8,0,57 8 9,1,70,,157343,8,0,57 8 9,1,33,,157344,8,0,57 8 9,1,75,,157345,8,0,57 8 9,1,30,,157346,8,0,57 8 9,1,75,,157347,8,0,7 8 9,1,30,,157348,8,0,7 8 9,1,75,,157349,8,0,5 10 9,1,100,,157350,8,0,5 10 9,1,100,,157351,8,0,5 10 9,1,100,,157352,8,0,5 10 9,1,199,,157353,8,0,5 10 9,1
2701,'20260903',535,,157354,8,0,7 8 9,1,101,,157355,8,0,57 8 9,1,20,,157356,8,0,57 8 9,1,60,,157357,8,0,34 10 9,1,10,,157358,8,0,57 8 9,1,10,,157359,8,0,34 10 9,1,10,,157360,8,0,57 8 9,1,55,,157361,8,0,34 10 9,1,15,,157362,8,0,57 8 9,1,90,,157363,8,0,7 8 9,1,120,,157364,8,0,5 10 9,1,100,,157365,8,0,5 10 9,1,95,,157366,8,0,5 10 9,1,105,,157367,8,0,5 10 9,1,100,,157368,8,0,57 8 9,1,77,,157369,8,0,34 10 9,1,30,,157370,8,0,57 8 9,1,70,,157371,8,0,57 8 9,1,33,,157372,8,0,57 8 9,1,75,,157373,8,0,57 8 9,1,30,,157374,8,0,57 8 9,1,75,,157375,8,0,7 8 9,1,30,,157376,8,0,7 8 9,1,75,,157377,8,0,5 10 9,1,100,,157378,8,0,5 10 9,1,100,,157379,8,0,5 10 9,1,100,,157380,8,0,5 10 9,1,199,,157381,8,0,5 10 9,1
2701,'20260904',535,,157382,8,0,7 8 9,1,101,,157383,8,0,57 8 9,1,20,,157384,8,0,57 8 9,1,60,,157385,8,0,34 10 9,1,10,,157386,8,0,57 8 9,1,10,,157387,8,0,34 10 9,1,10,,157388,8,0,57 8 9,1,55,,157389,8,0,34 10 9,1,15,,157390,8,0,57 8 9,1,90,,157391,8,0,7 8 9,1,120,,157392,8,0,5 10 9,1,100,,157393,8,0,5 10 9,1,95,,157394,8,0,5 10 9,1,105,,157395,8,0,5 10 9,1,100,,157396,8,0,57 8 9,1,77,,157397,8,0,34 10 9,1,30,,157398,8,0,57 8 9,1,70,,157399,8,0,57 8 9,1,33,,157400,8,0,57 8 9,1,75,,157401,8,0,57 8 9,1,30,,157402,8,0,57 8 9,1,75,,157403,8,0,7 8 9,1,30,,157404,8,0,7 8 9,1,75,,157405,8,0,5 10 9,1,100,,157406,8,0,5 10 9,1,100,,157407,8,0,5 10 9,1,100,,157408,8,0,5 10 9,1,199,,157409,8,0,5 10 9,1
6700,'20260707',1516,,203920,8,,,1,205,,203921,8,,,1,205,,203922,8,,,1
6700,'20260708',1516,,203923,8,,,1,205,,203924,8,,,1,205,,203925,8,,,1
6700,'20260709',1516,,203926,8,,,1,205,,203927,8,,,1,205,,203928,8,,,1
6700,'20260710',1516,,203929,8,,,1,205,,203930,8,,,1,205,,203931,8,,,1
6700,'20260713',1516,,203932,8,,,1,205,,203933,8,,,1,205,,203934,8,,,1
6700,'20260714',1516,,203935,8,,,1,205,,203936,8,,,1,205,,203937,8,,,1
6700,'20260715',1516,,203938,8,,,1,205,,203939,8,,,1,205,,203940,8,,,1
6700,'20260716',1516,,203941,8,,,1,205,,203942,8,,,1,205,,203943,8,,,1
6700,'20260717',1516,,203944,8,,,1,205,,203945,8,,,1,205,,203946,8,,,1
6700,'20260720',1516,,203947,8,,,1,205,,203948,8,,,1,205,,203949,8,,,1
6700,'20260721',1516,,203950,8,,,1,205,,203951,8,,,1,205,,203952,8,,,1
6700,'20260722',1516,,203953,8,,,1,205,,203954,8,,,1,205,,203955,8,,,1
6700,'20260723',1516,,203956,8,,,1,205,,203957,8,,,1,205,,203958,8,,,1
6700,'20260724',1516,,203959,8,,,1,205,,203960,8,,,1,205,,203961,8,,,1
6700,'20260727',1516,,203962,8,,,1,205,,203963,8,,,1,205,,203964,8,,,1
6700,'20260728',1516,,203965,8,,,1,205,,203966,8,,,1,205,,203967,8,,,1
6700,'20260729',1516,,203968,8,,,1,205,,203969,8,,,1,205,,203970,8,,,1
6700,'20260730',1516,,203971,8,,,1,205,,203972,8,,,1,205,,203973,8,,,1
6700,'20260731',1516,,203974,8,,,1,205,,203975,8,,,1,205,,203976,8,,,1
6700,'20260804',1516,,203977,8,,,1,205,,203978,8,,,1,205,,203979,8,,,1
6700,'20260805',1516,,203980,8,,,1,205,,203981,8,,,1,205,,203982,8,,,1
6700,'20260806',1516,,203983,8,,,1,205,,203984,8,,,1,205,,203985,8,,,1
6700,'20260807',1516,,203986,8,,,1,205,,203987,8,,,1,205,,203988,8,,,1
6700,'20260810',1516,,203989,8,,,1,205,,203990,8,,,1,205,,203991,8,,,1
6700,'20260811',1516,,203992,8,,,1,205,,203993,8,,,1,205,,203994,8,,,1
6700,'20260812',1516,,203995,8,,,1,205,,203996,8,,,1,205,,203997,8,,,1
6700,'20260813',1516,,203998,8,,,1,205,,203999,8,,,1,205,,204000,8,,,1
6700,'20260814',1516,,204001,8,,,1,205,,204002,8,,,1,205,,204003,8,,,1
6700,'20260817',1516,,204004,8,,,1,205,,204005,8,,,1,205,,204006,8,,,1
6700,'20260818',1516,,204007,8,,,1,205,,204008,8,,,1,205,,204009,8,,,1
6700,'20260819',1516,,204010,8,,,1,205,,204011,8,,,1,205,,204012,8,,,1
6700,'20260820',1516,,204013,8,,,1,205,,204014,8,,,1,205,,204015,8,,,1
6700,'20260821',1516,,204016,8,,,1,205,,204017,8,,,1,205,,204018,8,,,1
6700,'20260824',1516,,204019,8,,,1,205,,204020,8,,,1,205,,204021,8,,,1
6700,'20260825',1516,,204022,8,,,1,205,,204023,8,,,1,205,,204024,8,,,1
6700,'20260826',1516,,204025,8,,,1,205,,204026,8,,,1,205,,204027,8,,,1
6700,'20260827',1516,,204028,8,,,1,205,,204029,8,,,1,205,,204030,8,,,1
6700,'20260828',1516,,204031,8,,,1,205,,204032,8,,,1,205,,204033,8,,,1
6700,'20260831',1516,,204034,8,,,1,205,,204035,8,,,1,205,,204036,8,,,1
6700,'20260901',1516,,204037,8,,,1,205,,204038,8,,,1,205,,204039,8,,,1
6700,'20260902',1516,,204040,8,,,1,205,,204041,8,,,1,205,,204042,8,,,1
6700,'20260903',1516,,204043,8,,,1,205,,204044,8,,,1,205,,204045,8,,,1
6700,'20260904',1516,,204046,8,,,1,205,,204047,8,,,1,205,,204048,8,,,1
9600,'20260707',621,,217571,8,0,5 11 12 9,1,90,,217572,8,0,5 11 12 9,1,95,,217573,8,0,5 11 12 9,1,35,,217574,8,0,5 11 12 9,1,65,,217575,8,0,5 11 12 9,1,110,,217576,8,0,5 11 12 9,1,195,,217577,8,0,5 11 12 9,1,201,,217578,8,0,5 11 12 9,1,105,,217579,8,0,5 11 12 9,1,100,,217580,8,0,5 11 12 9,1,30,,217581,8,0,5 11 12 9,1,70,,217582,8,0,5 11 12 9,1,30,,217583,8,0,5 11 12 9,1,70,,217584,8,0,5 11 12 9,1,99,,217585,8,0,5 11 12 9,1,194,,217586,8,0,5 11 12 9,1
9600,'20260708',621,,217587,8,0,5 11 12 9,1,90,,217588,8,0,5 11 12 9,1,95,,217589,8,0,5 11 12 9,1,35,,217590,8,0,5 11 12 9,1,65,,217591,8,0,5 11 12 9,1,110,,217592,8,0,5 11 12 9,1,195,,217593,8,0,5 11 12 9,1,201,,217594,8,0,5 11 12 9,1,105,,217595,8,0,5 11 12 9,1,100,,217596,8,0,5 11 12 9,1,30,,217597,8,0,5 11 12 9,1,70,,217598,8,0,5 11 12 9,1,30,,217599,8,0,5 11 12 9,1,70,,217600,8,0,5 11 12 9,1,99,,217601,8,0,5 11 12 9,1,194,,217602,8,0,5 11 12 9,1
9600,'20260709',621,,217603,8,0,5 11 12 9,1,90,,217604,8,0,5 11 12 9,1,95,,217605,8,0,5 11 12 9,1,35,,217606,8,0,5 11 12 9,1,65,,217607,8,0,5 11 12 9,1,110,,217608,8,0,5 11 12 9,1,195,,217609,8,0,5 11 12 9,1,201,,217610,8,0,5 11 12 9,1,105,,217611,8,0,5 11 12 9,1,100,,217612,8,0,5 11 12 9,1,30,,217613,8,0,5 11 12 9,1,70,,217614,8,0,5 11 12 9,1,30,,217615,8,0,5 11 12 9,1,70,,217616,8,0,5 11 12 9,1,99,,217617,8,0,5 11 12 9,1,194,,217618,8,0,5 11 12 9,1
9600,'20260710',621,,217619,8,0,5 11 12 9,1,90,,217620,8,0,5 11 12 9,1,95,,217621,8,0,5 11 12 9,1,100,,217622,8,0,5 11 12 9,1,110,,217623,8,0,5 11 12 9,1,195,,217624,8,0,5 11 12 9,1,201,,217625,8,0,5 11 12 9,1,105,,217626,8,0,5 11 12 9,1,100,,217627,8,0,5 11 12 9,1,30,,217628,8,0,5 11 12 9,1,70,,217629,8,0,5 11 12 9,1,30,,217630,8,0,5 11 12 9,1,70,,217631,8,0,5 11 12 9,1,99,,217632,8,0,5 11 12 9,1,194,,217633,8,0,5 11 12 9,1
9600,'20260711',815,,217634,8,0,96 11 12 9,1,201,,217635,8,0,96 11 12 9,1,200,,217636,8,0,96 11 12 9,1,100,,217637,8,0,96 11 12 9,1,100,,217638,8,0,96 11 12 9,1,100,,217639,8,0,96 11 12 9,1,100,,217640,8,0,96 11 12 9,1,100,,217641,8,0,96 11 12 9,1,100,,217642,8,0,96 11 12 9,1,200,,217643,8,0,96 11 12 9,1,199,,217644,8,0,5 11 12 9,1
9600,'20260712',815,,217645,8,0,96 11 12 9,1,201,,217646,8,0,96 11 12 9,1,200,,217647,8,0,96 11 12 9,1,100,,217648,8,0,96 11 12 9,1,100,,217649,8,0,96 11 12 9,1,100,,217650,8,0,96 11 12 9,1,100,,217651,8,0,96 11 12 9,1,100,,217652,8,0,96 11 12 9,1,100,,217653,8,0,96 11 12 9,1,200,,217654,8,0,96 11 12 9,1,199,,217655,8,0,5 11 12 9,1
9600,'20260713',621,,217656,8,0,5 11 12 9,1,90,,217657,8,0,5 11 12 9,1,95,,217658,8,0,5 11 12 9,1,35,,217659,8,0,5 11 12 9,1,65,,217660,8,0,5 11 12 9,1,110,,217661,8,0,5 11 12 9,1,195,,217662,8,0,5 11 12 9,1,201,,217663,8,0,5 11 12 9,1,105,,217664,8,0,5 11 12 9,1,100,,217665,8,0,5 11 12 9,1,30,,217666,8,0,5 11 12 9,1,70,,217667,8,0,5 11 12 9,1,30,,217668,8,0,5 11 12 9,1,70,,217669,8,0,5 11 12 9,1,99,,217670,8,0,5 11 12 9,1,194,,217671,8,0,5 11 12 9,1
9600,'20260714',621,,217672,8,0,5 11 12 9,1,90,,217673,8,0,5 11 12 9,1,95,,217674,8,0,5 11 12 9,1,35,,217675,8,0,5 11 12 9,1,65,,217676,8,0,5 11 12 9,1,110,,217677,8,0,5 11 12 9,1,195,,217678,8,0,5 11 12 9,1,201,,217679,8,0,5 11 12 9,1,105,,217680,8,0,5 11 12 9,1,100,,217681,8,0,5 11 12 9,1,30,,217682,8,0,5 11 12 9,1,70,,217683,8,0,5 11 12 9,1,30,,217684,8,0,5 11 12 9,1,70,,217685,8,0,5 11 12 9,1,99,,217686,8,0,5 11 12 9,1,194,,217687,8,0,5 11 12 9,1
9600,'20260715',621,,217688,8,0,5 11 12 9,1,90,,217689,8,0,5 11 12 9,1,95,,217690,8,0,5 11 12 9,1,35,,217691,8,0,5 11 12 9,1,65,,217692,8,0,5 11 12 9,1,110,,217693,8,0,5 11 12 9,1,195,,217694,8,0,5 11 12 9,1,201,,217695,8,0,5 11 12 9,1,105,,217696,8,0,5 11 12 9,1,100,,217697,8,0,5 11 12 9,1,30,,217698,8,0,5 11 12 9,1,70,,217699,8,0,5 11 12 9,1,30,,217700,8,0,5 11 12 9,1,70,,217701,8,0,5 11 12 9,1,99,,217702,8,0,5 11 12 9,1,194,,217703,8,0,5 11 12 9,1
9600,'20260716',621,,217704,8,0,5 11 12 9,1,90,,217705,8,0,5 11 12 9,1,95,,217706,8,0,5 11 12 9,1,35,,217707,8,0,5 11 12 9,1,65,,217708,8,0,5 11 12 9,1,110,,217709,8,0,5 11 12 9,1,195,,217710,8,0,5 11 12 9,1,201,,217711,8,0,5 11 12 9,1,105,,217712,8,0,5 11 12 9,1,100,,217713,8,0,5 11 12 9,1,30,,217714,8,0,5 11 12 9,1,70,,217715,8,0,5 11 12 9,1,30,,217716,8,0,5 11 12 9,1,70,,217717,8,0,5 11 12 9,1,99,,217718,8,0,5 11 12 9,1,194,,217719,8,0,5 11 12 9,1
9600,'20260717',621,,217720,8,0,5 11 12 9,1,90,,217721,8,0,5 11 12 9,1,95,,217722,8,0,5 11 12 9,1,100,,217723,8,0,5 11 12 9,1,110,,217724,8,0,5 11 12 9,1,195,,217725,8,0,5 11 12 9,1,201,,217726,8,0,5 11 12 9,1,105,,217727,8,0,5 11 12 9,1,100,,217728,8,0,5 11 12 9,1,30,,217729,8,0,5 11 12 9,1,70,,217730,8,0,5 11 12 9,1,30,,217731,8,0,5 11 12 9,1,70,,217732,8,0,5 11 12 9,1,99,,217733,8,0,5 11 12 9,1,194,,217734,8,0,5 11 12 9,1
9600,'20260718',815,,217735,8,0,96 11 12 9,1,201,,217736,8,0,96 11 12 9,1,200,,217737,8,0,96 11 12 9,1,100,,217738,8,0,96 11 12 9,1,100,,217739,8,0,96 11 12 9,1,100,,217740,8,0,96 11 12 9,1,100,,217741,8,0,96 11 12 9,1,100,,217742,8,0,96 11 12 9,1,100,,217743,8,0,96 11 12 9,1,200,,217744,8,0,96 11 12 9,1,199,,217745,8,0,5 11 12 9,1
9600,'20260719',815,,217746,8,0,96 11 12 9,1,201,,217747,8,0,96 11 12 9,1,200,,217748,8,0,96 11 12 9,1,100,,217749,8,0,96 11 12 9,1,100,,217750,8,0,96 11 12 9,1,100,,217751,8,0,96 11 12 9,1,100,,217752,8,0,96 11 12 9,1,100,,217753,8,0,96 11 12 9,1,100,,217754,8,0,96 11 12 9,1,200,,217755,8,0,96 11 12 9,1,199,,217756,8,0,5 11 12 9,1
9600,'20260720',621,,217757,8,0,5 11 12 9,1,90,,217758,8,0,5 11 12 9,1,95,,217759,8,0,5 11 12 9,1,35,,217760,8,0,5 11 12 9,1,65,,217761,8,0,5 11 12 9,1,110,,217762,8,0,5 11 12 9,1,195,,217763,8,0,5 11 12 9,1,201,,217764,8,0,5 11 12 9,1,105,,217765,8,0,5 11 12 9,1,100,,217766,8,0,5 11 12 9,1,30,,217767,8,0,5 11 12 9,1,70,,217768,8,0,5 11 12 9,1,30,,217769,8,0,5 11 12 9,1,70,,217770,8,0,5 11 12 9,1,99,,217771,8,0,5 11 12 9,1,194,,217772,8,0,5 11 12 9,1
9600,'20260721',621,,217773,8,0,5 11 12 9,1,90,,217774,8,0,5 11 12 9,1,95,,217775,8,0,5 11 12 9,1,35,,217776,8,0,5 11 12 9,1,65,,217777,8,0,5 11 12 9,1,110,,217778,8,0,5 11 12 9,1,195,,217779,8,0,5 11 12 9,1,201,,217780,8,0,5 11 12 9,1,105,,217781,8,0,5 11 12 9,1,100,,217782,8,0,5 11 12 9,1,30,,217783,8,0,5 11 12 9,1,70,,217784,8,0,5 11 12 9,1,30,,217785,8,0,5 11 12 9,1,70,,217786,8,0,5 11 12 9,1,99,,217787,8,0,5 11 12 9,1,194,,217788,8,0,5 11 12 9,1
9600,'20260722',621,,217789,8,0,5 11 12 9,1,90,,217790,8,0,5 11 12 9,1,95,,217791,8,0,5 11 12 9,1,35,,217792,8,0,5 11 12 9,1,65,,217793,8,0,5 11 12 9,1,110,,217794,8,0,5 11 12 9,1,195,,217795,8,0,5 11 12 9,1,201,,217796,8,0,5 11 12 9,1,105,,217797,8,0,5 11 12 9,1,100,,217798,8,0,5 11 12 9,1,30,,217799,8,0,5 11 12 9,1,70,,217800,8,0,5 11 12 9,1,30,,217801,8,0,5 11 12 9,1,70,,217802,8,0,5 11 12 9,1,99,,217803,8,0,5 11 12 9,1,194,,217804,8,0,5 11 12 9,1
9600,'20260723',621,,217805,8,0,5 11 12 9,1,90,,217806,8,0,5 11 12 9,1,95,,217807,8,0,5 11 12 9,1,35,,217808,8,0,5 11 12 9,1,65,,217809,8,0,5 11 12 9,1,110,,217810,8,0,5 11 12 9,1,195,,217811,8,0,5 11 12 9,1,201,,217812,8,0,5 11 12 9,1,105,,217813,8,0,5 11 12 9,1,100,,217814,8,0,5 11 12 9,1,30,,217815,8,0,5 11 12 9,1,70,,217816,8,0,5 11 12 9,1,30,,217817,8,0,5 11 12 9,1,70,,217818,8,0,5 11 12 9,1,99,,217819,8,0,5 11 12 9,1,194,,217820,8,0,5 11 12 9,1
9600,'20260724',621,,217821,8,0,5 11 12 9,1,90,,217822,8,0,5 11 12 9,1,95,,217823,8,0,5 11 12 9,1,100,,217824,8,0,5 11 12 9,1,110,,217825,8,0,5 11 12 9,1,195,,217826,8,0,5 11 12 9,1,201,,217827,8,0,5 11 12 9,1,105,,217828,8,0,5 11 12 9,1,100,,217829,8,0,5 11 12 9,1,30,,217830,8,0,5 11 12 9,1,70,,217831,8,0,5 11 12 9,1,30,,217832,8,0,5 11 12 9,1,70,,217833,8,0,5 11 12 9,1,99,,217834,8,0,5 11 12 9,1,194,,217835,8,0,5 11 12 9,1
9600,'20260725',815,,217836,8,0,96 11 12 9,1,201,,217837,8,0,96 11 12 9,1,200,,217838,8,0,96 11 12 9,1,100,,217839,8,0,96 11 12 9,1,100,,217840,8,0,96 11 12 9,1,100,,217841,8,0,96 11 12 9,1,100,,217842,8,0,96 11 12 9,1,100,,217843,8,0,96 11 12 9,1,100,,217844,8,0,96 11 12 9,1,200,,217845,8,0,96 11 12 9,1,199,,217846,8,0,5 11 12 9,1
9600,'20260726',815,,217847,8,0,96 11 12 9,1,201,,217848,8,0,96 11 12 9,1,200,,217849,8,0,96 11 12 9,1,100,,217850,8,0,96 11 12 9,1,100,,217851,8,0,96 11 12 9,1,100,,217852,8,0,96 11 12 9,1,100,,217853,8,0,96 11 12 9,1,100,,217854,8,0,96 11 12 9,1,100,,217855,8,0,96 11 12 9,1,200,,217856,8,0,96 11 12 9,1,199,,217857,8,0,5 11 12 9,1
9600,'20260727',621,,217858,8,0,5 11 12 9,1,90,,217859,8,0,5 11 12 9,1,95,,217860,8,0,5 11 12 9,1,35,,217861,8,0,5 11 12 9,1,65,,217862,8,0,5 11 12 9,1,110,,217863,8,0,5 11 12 9,1,195,,217864,8,0,5 11 12 9,1,201,,217865,8,0,5 11 12 9,1,105,,217866,8,0,5 11 12 9,1,100,,217867,8,0,5 11 12 9,1,30,,217868,8,0,5 11 12 9,1,70,,217869,8,0,5 11 12 9,1,30,,217870,8,0,5 11 12 9,1,70,,217871,8,0,5 11 12 9,1,99,,217872,8,0,5 11 12 9,1,194,,217873,8,0,5 11 12 9,1
9600,'20260728',621,,217874,8,0,5 11 12 9,1,90,,217875,8,0,5 11 12 9,1,95,,217876,8,0,5 11 12 9,1,35,,217877,8,0,5 11 12 9,1,65,,217878,8,0,5 11 12 9,1,110,,217879,8,0,5 11 12 9,1,195,,217880,8,0,5 11 12 9,1,201,,217881,8,0,5 11 12 9,1,105,,217882,8,0,5 11 12 9,1,100,,217883,8,0,5 11 12 9,1,30,,217884,8,0,5 11 12 9,1,70,,217885,8,0,5 11 12 9,1,30,,217886,8,0,5 11 12 9,1,70,,217887,8,0,5 11 12 9,1,99,,217888,8,0,5 11 12 9,1,194,,217889,8,0,5 11 12 9,1
9600,'20260729',621,,217890,8,0,5 11 12 9,1,90,,217891,8,0,5 11 12 9,1,95,,217892,8,0,5 11 12 9,1,35,,217893,8,0,5 11 12 9,1,65,,217894,8,0,5 11 12 9,1,110,,217895,8,0,5 11 12 9,1,195,,217896,8,0,5 11 12 9,1,201,,217897,8,0,5 11 12 9,1,105,,217898,8,0,5 11 12 9,1,100,,217899,8,0,5 11 12 9,1,30,,217900,8,0,5 11 12 9,1,70,,217901,8,0,5 11 12 9,1,30,,217902,8,0,5 11 12 9,1,70,,217903,8,0,5 11 12 9,1,99,,217904,8,0,5 11 12 9,1,194,,217905,8,0,5 11 12 9,1
9600,'20260730',621,,217906,8,0,5 11 12 9,1,90,,217907,8,0,5 11 12 9,1,95,,217908,8,0,5 11 12 9,1,35,,217909,8,0,5 11 12 9,1,65,,217910,8,0,5 11 12 9,1,110,,217911,8,0,5 11 12 9,1,195,,217912,8,0,5 11 12 9,1,201,,217913,8,0,5 11 12 9,1,105,,217914,8,0,5 11 12 9,1,100,,217915,8,0,5 11 12 9,1,30,,217916,8,0,5 11 12 9,1,70,,217917,8,0,5 11 12 9,1,30,,217918,8,0,5 11 12 9,1,70,,217919,8,0,5 11 12 9,1,99,,217920,8,0,5 11 12 9,1,194,,217921,8,0,5 11 12 9,1
9600,'20260731',621,,217922,8,0,5 11 12 9,1,90,,217923,8,0,5 11 12 9,1,95,,217924,8,0,5 11 12 9,1,100,,217925,8,0,5 11 12 9,1,110,,217926,8,0,5 11 12 9,1,195,,217927,8,0,5 11 12 9,1,201,,217928,8,0,5 11 12 9,1,105,,217929,8,0,5 11 12 9,1,100,,217930,8,0,5 11 12 9,1,30,,217931,8,0,5 11 12 9,1,70,,217932,8,0,5 11 12 9,1,30,,217933,8,0,5 11 12 9,1,70,,217934,8,0,5 11 12 9,1,99,,217935,8,0,5 11 12 9,1,194,,217936,8,0,5 11 12 9,1
9600,'20260801',815,,217937,8,0,96 11 12 9,1,201,,217938,8,0,96 11 12 9,1,200,,217939,8,0,96 11 12 9,1,100,,217940,8,0,96 11 12 9,1,100,,217941,8,0,96 11 12 9,1,100,,217942,8,0,96 11 12 9,1,100,,217943,8,0,96 11 12 9,1,100,,217944,8,0,96 11 12 9,1,100,,217945,8,0,96 11 12 9,1,200,,217946,8,0,96 11 12 9,1,199,,217947,8,0,5 11 12 9,1
9600,'20260802',815,,217948,8,0,96 11 12 9,1,201,,217949,8,0,96 11 12 9,1,200,,217950,8,0,96 11 12 9,1,100,,217951,8,0,96 11 12 9,1,100,,217952,8,0,96 11 12 9,1,100,,217953,8,0,96 11 12 9,1,100,,217954,8,0,96 11 12 9,1,100,,217955,8,0,96 11 12 9,1,100,,217956,8,0,96 11 12 9,1,200,,217957,8,0,96 11 12 9,1,199,,217958,8,0,5 11 12 9,1
9600,'20260803',815,,217959,8,0,96 11 12 9,1,201,,217960,8,0,96 11 12 9,1,200,,217961,8,0,96 11 12 9,1,100,,217962,8,0,96 11 12 9,1,100,,217963,8,0,96 11 12 9,1,100,,217964,8,0,96 11 12 9,1,100,,217965,8,0,96 11 12 9,1,100,,217966,8,0,96 11 12 9,1,100,,217967,8,0,96 11 12 9,1,200,,217968,8,0,96 11 12 9,1,199,,217969,8,0,5 11 12 9,1
9600,'20260804',621,,217970,8,0,5 11 12 9,1,90,,217971,8,0,5 11 12 9,1,95,,217972,8,0,5 11 12 9,1,35,,217973,8,0,5 11 12 9,1,65,,217974,8,0,5 11 12 9,1,110,,217975,8,0,5 11 12 9,1,195,,217976,8,0,5 11 12 9,1,201,,217977,8,0,5 11 12 9,1,105,,217978,8,0,5 11 12 9,1,100,,217979,8,0,5 11 12 9,1,30,,217980,8,0,5 11 12 9,1,70,,217981,8,0,5 11 12 9,1,30,,217982,8,0,5 11 12 9,1,70,,217983,8,0,5 11 12 9,1,99,,217984,8,0,5 11 12 9,1,194,,217985,8,0,5 11 12 9,1
9600,'20260805',621,,217986,8,0,5 11 12 9,1,90,,217987,8,0,5 11 12 9,1,95,,217988,8,0,5 11 12 9,1,35,,217989,8,0,5 11 12 9,1,65,,217990,8,0,5 11 12 9,1,110,,217991,8,0,5 11 12 9,1,195,,217992,8,0,5 11 12 9,1,201,,217993,8,0,5 11 12 9,1,105,,217994,8,0,5 11 12 9,1,100,,217995,8,0,5 11 12 9,1,30,,217996,8,0,5 11 12 9,1,70,,217997,8,0,5 11 12 9,1,30,,217998,8,0,5 11 12 9,1,70,,217999,8,0,5 11 12 9,1,99,,218000,8,0,5 11 12 9,1,194,,218001,8,0,5 11 12 9,1
9600,'20260806',621,,218002,8,0,5 11 12 9,1,90,,218003,8,0,5 11 12 9,1,95,,218004,8,0,5 11 12 9,1,35,,218005,8,0,5 11 12 9,1,65,,218006,8,0,5 11 12 9,1,110,,218007,8,0,5 11 12 9,1,195,,218008,8,0,5 11 12 9,1,201,,218009,8,0,5 11 12 9,1,105,,218010,8,0,5 11 12 9,1,100,,218011,8,0,5 11 12 9,1,30,,218012,8,0,5 11 12 9,1,70,,218013,8,0,5 11 12 9,1,30,,218014,8,0,5 11 12 9,1,70,,218015,8,0,5 11 12 9,1,99,,218016,8,0,5 11 12 9,1,194,,218017,8,0,5 11 12 9,1
9600,'20260807',621,,218018,8,0,5 11 12 9,1,90,,218019,8,0,5 11 12 9,1,95,,218020,8,0,5 11 12 9,1,100,,218021,8,0,5 11 12 9,1,110,,218022,8,0,5 11 12 9,1,195,,218023,8,0,5 11 12 9,1,201,,218024,8,0,5 11 12 9,1,105,,218025,8,0,5 11 12 9,1,100,,218026,8,0,5 11 12 9,1,30,,218027,8,0,5 11 12 9,1,70,,218028,8,0,5 11 12 9,1,30,,218029,8,0,5 11 12 9,1,70,,218030,8,0,5 11 12 9,1,99,,218031,8,0,5 11 12 9,1,194,,218032,8,0,5 11 12 9,1
9600,'20260808',815,,218033,8,0,96 11 12 9,1,201,,218034,8,0,96 11 12 9,1,200,,218035,8,0,96 11 12 9,1,100,,218036,8,0,96 11 12 9,1,100,,218037,8,0,96 11 12 9,1,100,,218038,8,0,96 11 12 9,1,100,,218039,8,0,96 11 12 9,1,100,,218040,8,0,96 11 12 9,1,100,,218041,8,0,96 11 12 9,1,200,,218042,8,0,96 11 12 9,1,199,,218043,8,0,5 11 12 9,1
9600,'20260809',815,,218044,8,0,96 11 12 9,1,201,,218045,8,0,96 11 12 9,1,200,,218046,8,0,96 11 12 9,1,100,,218047,8,0,96 11 12 9,1,100,,218048,8,0,96 11 12 9,1,100,,218049,8,0,96 11 12 9,1,100,,218050,8,0,96 11 12 9,1,100,,218051,8,0,96 11 12 9,1,100,,218052,8,0,96 11 12 9,1,200,,218053,8,0,96 11 12 9,1,199,,218054,8,0,5 11 12 9,1
9600,'20260810',621,,218055,8,0,5 11 12 9,1,90,,218056,8,0,5 11 12 9,1,95,,218057,8,0,5 11 12 9,1,35,,218058,8,0,5 11 12 9,1,65,,218059,8,0,5 11 12 9,1,110,,218060,8,0,5 11 12 9,1,195,,218061,8,0,5 11 12 9,1,201,,218062,8,0,5 11 12 9,1,105,,218063,8,0,5 11 12 9,1,100,,218064,8,0,5 11 12 9,1,30,,218065,8,0,5 11 12 9,1,70,,218066,8,0,5 11 12 9,1,30,,218067,8,0,5 11 12 9,1,70,,218068,8,0,5 11 12 9,1,99,,218069,8,0,5 11 12 9,1,194,,218070,8,0,5 11 12 9,1
9600,'20260811',621,,218071,8,0,5 11 12 9,1,90,,218072,8,0,5 11 12 9,1,95,,218073,8,0,5 11 12 9,1,35,,218074,8,0,5 11 12 9,1,65,,218075,8,0,5 11 12 9,1,110,,218076,8,0,5 11 12 9,1,195,,218077,8,0,5 11 12 9,1,201,,218078,8,0,5 11 12 9,1,105,,218079,8,0,5 11 12 9,1,100,,218080,8,0,5 11 12 9,1,30,,218081,8,0,5 11 12 9,1,70,,218082,8,0,5 11 12 9,1,30,,218083,8,0,5 11 12 9,1,70,,218084,8,0,5 11 12 9,1,99,,218085,8,0,5 11 12 9,1,194,,218086,8,0,5 11 12 9,1
9600,'20260812',621,,218087,8,0,5 11 12 9,1,90,,218088,8,0,5 11 12 9,1,95,,218089,8,0,5 11 12 9,1,35,,218090,8,0,5 11 12 9,1,65,,218091,8,0,5 11 12 9,1,110,,218092,8,0,5 11 12 9,1,195,,218093,8,0,5 11 12 9,1,201,,218094,8,0,5 11 12 9,1,105,,218095,8,0,5 11 12 9,1,100,,218096,8,0,5 11 12 9,1,30,,218097,8,0,5 11 12 9,1,70,,218098,8,0,5 11 12 9,1,30,,218099,8,0,5 11 12 9,1,70,,218100,8,0,5 11 12 9,1,99,,218101,8,0,5 11 12 9,1,194,,218102,8,0,5 11 12 9,1
9600,'20260813',621,,218103,8,0,5 11 12 9,1,90,,218104,8,0,5 11 12 9,1,95,,218105,8,0,5 11 12 9,1,35,,218106,8,0,5 11 12 9,1,65,,218107,8,0,5 11 12 9,1,110,,218108,8,0,5 11 12 9,1,195,,218109,8,0,5 11 12 9,1,201,,218110,8,0,5 11 12 9,1,105,,218111,8,0,5 11 12 9,1,100,,218112,8,0,5 11 12 9,1,30,,218113,8,0,5 11 12 9,1,70,,218114,8,0,5 11 12 9,1,30,,218115,8,0,5 11 12 9,1,70,,218116,8,0,5 11 12 9,1,99,,218117,8,0,5 11 12 9,1,194,,218118,8,0,5 11 12 9,1
9600,'20260814',621,,218119,8,0,5 11 12 9,1,90,,218120,8,0,5 11 12 9,1,95,,218121,8,0,5 11 12 9,1,100,,218122,8,0,5 11 12 9,1,110,,218123,8,0,5 11 12 9,1,195,,218124,8,0,5 11 12 9,1,201,,218125,8,0,5 11 12 9,1,105,,218126,8,0,5 11 12 9,1,100,,218127,8,0,5 11 12 9,1,30,,218128,8,0,5 11 12 9,1,70,,218129,8,0,5 11 12 9,1,30,,218130,8,0,5 11 12 9,1,70,,218131,8,0,5 11 12 9,1,99,,218132,8,0,5 11 12 9,1,194,,218133,8,0,5 11 12 9,1
9600,'20260815',815,,218134,8,0,96 11 12 9,1,201,,218135,8,0,96 11 12 9,1,200,,218136,8,0,96 11 12 9,1,100,,218137,8,0,96 11 12 9,1,100,,218138,8,0,96 11 12 9,1,100,,218139,8,0,96 11 12 9,1,100,,218140,8,0,96 11 12 9,1,100,,218141,8,0,96 11 12 9,1,100,,218142,8,0,96 11 12 9,1,200,,218143,8,0,96 11 12 9,1,199,,218144,8,0,5 11 12 9,1
9600,'20260816',815,,218145,8,0,96 11 12 9,1,201,,218146,8,0,96 11 12 9,1,200,,218147,8,0,96 11 12 9,1,100,,218148,8,0,96 11 12 9,1,100,,218149,8,0,96 11 12 9,1,100,,218150,8,0,96 11 12 9,1,100,,218151,8,0,96 11 12 9,1,100,,218152,8,0,96 11 12 9,1,100,,218153,8,0,96 11 12 9,1,200,,218154,8,0,96 11 12 9,1,199,,218155,8,0,5 11 12 9,1
9600,'20260817',621,,218156,8,0,5 11 12 9,1,90,,218157,8,0,5 11 12 9,1,95,,218158,8,0,5 11 12 9,1,35,,218159,8,0,5 11 12 9,1,65,,218160,8,0,5 11 12 9,1,110,,218161,8,0,5 11 12 9,1,195,,218162,8,0,5 11 12 9,1,201,,218163,8,0,5 11 12 9,1,105,,218164,8,0,5 11 12 9,1,100,,218165,8,0,5 11 12 9,1,30,,218166,8,0,5 11 12 9,1,70,,218167,8,0,5 11 12 9,1,30,,218168,8,0,5 11 12 9,1,70,,218169,8,0,5 11 12 9,1,99,,218170,8,0,5 11 12 9,1,194,,218171,8,0,5 11 12 9,1
9600,'20260818',621,,218172,8,0,5 11 12 9,1,90,,218173,8,0,5 11 12 9,1,95,,218174,8,0,5 11 12 9,1,35,,218175,8,0,5 11 12 9,1,65,,218176,8,0,5 11 12 9,1,110,,218177,8,0,5 11 12 9,1,195,,218178,8,0,5 11 12 9,1,201,,218179,8,0,5 11 12 9,1,105,,218180,8,0,5 11 12 9,1,100,,218181,8,0,5 11 12 9,1,30,,218182,8,0,5 11 12 9,1,70,,218183,8,0,5 11 12 9,1,30,,218184,8,0,5 11 12 9,1,70,,218185,8,0,5 11 12 9,1,99,,218186,8,0,5 11 12 9,1,194,,218187,8,0,5 11 12 9,1
9600,'20260819',621,,218188,8,0,5 11 12 9,1,90,,218189,8,0,5 11 12 9,1,95,,218190,8,0,5 11 12 9,1,35,,218191,8,0,5 11 12 9,1,65,,218192,8,0,5 11 12 9,1,110,,218193,8,0,5 11 12 9,1,195,,218194,8,0,5 11 12 9,1,201,,218195,8,0,5 11 12 9,1,105,,218196,8,0,5 11 12 9,1,100,,218197,8,0,5 11 12 9,1,30,,218198,8,0,5 11 12 9,1,70,,218199,8,0,5 11 12 9,1,30,,218200,8,0,5 11 12 9,1,70,,218201,8,0,5 11 12 9,1,99,,218202,8,0,5 11 12 9,1,194,,218203,8,0,5 11 12 9,1
9600,'20260820',621,,218204,8,0,5 11 12 9,1,90,,218205,8,0,5 11 12 9,1,95,,218206,8,0,5 11 12 9,1,35,,218207,8,0,5 11 12 9,1,65,,218208,8,0,5 11 12 9,1,110,,218209,8,0,5 11 12 9,1,195,,218210,8,0,5 11 12 9,1,201,,218211,8,0,5 11 12 9,1,105,,218212,8,0,5 11 12 9,1,100,,218213,8,0,5 11 12 9,1,30,,218214,8,0,5 11 12 9,1,70,,218215,8,0,5 11 12 9,1,30,,218216,8,0,5 11 12 9,1,70,,218217,8,0,5 11 12 9,1,99,,218218,8,0,5 11 12 9,1,194,,218219,8,0,5 11 12 9,1
9600,'20260821',621,,218220,8,0,5 11 12 9,1,90,,218221,8,0,5 11 12 9,1,95,,218222,8,0,5 11 12 9,1,100,,218223,8,0,5 11 12 9,1,110,,218224,8,0,5 11 12 9,1,195,,218225,8,0,5 11 12 9,1,201,,218226,8,0,5 11 12 9,1,105,,218227,8,0,5 11 12 9,1,100,,218228,8,0,5 11 12 9,1,30,,218229,8,0,5 11 12 9,1,70,,218230,8,0,5 11 12 9,1,30,,218231,8,0,5 11 12 9,1,70,,218232,8,0,5 11 12 9,1,99,,218233,8,0,5 11 12 9,1,194,,218234,8,0,5 11 12 9,1
9600,'20260822',815,,218235,8,0,96 11 12 9,1,201,,218236,8,0,96 11 12 9,1,200,,218237,8,0,96 11 12 9,1,100,,218238,8,0,96 11 12 9,1,100,,218239,8,0,96 11 12 9,1,100,,218240,8,0,96 11 12 9,1,100,,218241,8,0,96 11 12 9,1,100,,218242,8,0,96 11 12 9,1,100,,218243,8,0,96 11 12 9,1,200,,218244,8,0,96 11 12 9,1,199,,218245,8,0,5 11 12 9,1
9600,'20260823',815,,218246,8,0,96 11 12 9,1,201,,218247,8,0,96 11 12 9,1,200,,218248,8,0,96 11 12 9,1,100,,218249,8,0,96 11 12 9,1,100,,218250,8,0,96 11 12 9,1,100,,218251,8,0,96 11 12 9,1,100,,218252,8,0,96 11 12 9,1,100,,218253,8,0,96 11 12 9,1,100,,218254,8,0,96 11 12 9,1,200,,218255,8,0,96 11 12 9,1,199,,218256,8,0,5 11 12 9,1
9600,'20260824',621,,218257,8,0,5 11 12 9,1,90,,218258,8,0,5 11 12 9,1,95,,218259,8,0,5 11 12 9,1,35,,218260,8,0,5 11 12 9,1,65,,218261,8,0,5 11 12 9,1,110,,218262,8,0,5 11 12 9,1,195,,218263,8,0,5 11 12 9,1,201,,218264,8,0,5 11 12 9,1,105,,218265,8,0,5 11 12 9,1,100,,218266,8,0,5 11 12 9,1,30,,218267,8,0,5 11 12 9,1,70,,218268,8,0,5 11 12 9,1,30,,218269,8,0,5 11 12 9,1,70,,218270,8,0,5 11 12 9,1,99,,218271,8,0,5 11 12 9,1,194,,218272,8,0,5 11 12 9,1
9600,'20260825',621,,218273,8,0,5 11 12 9,1,90,,218274,8,0,5 11 12 9,1,95,,218275,8,0,5 11 12 9,1,35,,218276,8,0,5 11 12 9,1,65,,218277,8,0,5 11 12 9,1,110,,218278,8,0,5 11 12 9,1,195,,218279,8,0,5 11 12 9,1,201,,218280,8,0,5 11 12 9,1,105,,218281,8,0,5 11 12 9,1,100,,218282,8,0,5 11 12 9,1,30,,218283,8,0,5 11 12 9,1,70,,218284,8,0,5 11 12 9,1,30,,218285,8,0,5 11 12 9,1,70,,218286,8,0,5 11 12 9,1,99,,218287,8,0,5 11 12 9,1,194,,218288,8,0,5 11 12 9,1
9600,'20260826',621,,218289,8,0,5 11 12 9,1,90,,218290,8,0,5 11 12 9,1,95,,218291,8,0,5 11 12 9,1,35,,218292,8,0,5 11 12 9,1,65,,218293,8,0,5 11 12 9,1,110,,218294,8,0,5 11 12 9,1,195,,218295,8,0,5 11 12 9,1,201,,218296,8,0,5 11 12 9,1,105,,218297,8,0,5 11 12 9,1,100,,218298,8,0,5 11 12 9,1,30,,218299,8,0,5 11 12 9,1,70,,218300,8,0,5 11 12 9,1,30,,218301,8,0,5 11 12 9,1,70,,218302,8,0,5 11 12 9,1,99,,218303,8,0,5 11 12 9,1,194,,218304,8,0,5 11 12 9,1
9600,'20260827',621,,218305,8,0,5 11 12 9,1,90,,218306,8,0,5 11 12 9,1,95,,218307,8,0,5 11 12 9,1,35,,218308,8,0,5 11 12 9,1,65,,218309,8,0,5 11 12 9,1,110,,218310,8,0,5 11 12 9,1,195,,218311,8,0,5 11 12 9,1,201,,218312,8,0,5 11 12 9,1,105,,218313,8,0,5 11 12 9,1,100,,218314,8,0,5 11 12 9,1,30,,218315,8,0,5 11 12 9,1,70,,218316,8,0,5 11 12 9,1,30,,218317,8,0,5 11 12 9,1,70,,218318,8,0,5 11 12 9,1,99,,218319,8,0,5 11 12 9,1,194,,218320,8,0,5 11 12 9,1
9600,'20260828',621,,218321,8,0,5 11 12 9,1,90,,218322,8,0,5 11 12 9,1,95,,218323,8,0,5 11 12 9,1,100,,218324,8,0,5 11 12 9,1,110,,218325,8,0,5 11 12 9,1,195,,218326,8,0,5 11 12 9,1,201,,218327,8,0,5 11 12 9,1,105,,218328,8,0,5 11 12 9,1,100,,218329,8,0,5 11 12 9,1,30,,218330,8,0,5 11 12 9,1,70,,218331,8,0,5 11 12 9,1,30,,218332,8,0,5 11 12 9,1,70,,218333,8,0,5 11 12 9,1,99,,218334,8,0,5 11 12 9,1,194,,218335,8,0,5 11 12 9,1
9600,'20260829',815,,218336,8,0,96 11 12 9,1,201,,218337,8,0,96 11 12 9,1,200,,218338,8,0,96 11 12 9,1,100,,218339,8,0,96 11 12 9,1,100,,218340,8,0,96 11 12 9,1,100,,218341,8,0,96 11 12 9,1,100,,218342,8,0,96 11 12 9,1,100,,218343,8,0,96 11 12 9,1,100,,218344,8,0,96 11 12 9,1,200,,218345,8,0,96 11 12 9,1,199,,218346,8,0,5 11 12 9,1
9600,'20260830',815,,218347,8,0,96 11 12 9,1,201,,218348,8,0,96 11 12 9,1,200,,218349,8,0,96 11 12 9,1,100,,218350,8,0,96 11 12 9,1,100,,218351,8,0,96 11 12 9,1,100,,218352,8,0,96 11 12 9,1,100,,218353,8,0,96 11 12 9,1,100,,218354,8,0,96 11 12 9,1,100,,218355,8,0,96 11 12 9,1,200,,218356,8,0,96 11 12 9,1,199,,218357,8,0,5 11 12 9,1
9600,'20260831',621,,218358,8,0,5 11 12 9,1,90,,218359,8,0,5 11 12 9,1,95,,218360,8,0,5 11 12 9,1,35,,218361,8,0,5 11 12 9,1,65,,218362,8,0,5 11 12 9,1,110,,218363,8,0,5 11 12 9,1,195,,218364,8,0,5 11 12 9,1,201,,218365,8,0,5 11 12 9,1,105,,218366,8,0,5 11 12 9,1,100,,218367,8,0,5 11 12 9,1,30,,218368,8,0,5 11 12 9,1,70,,218369,8,0,5 11 12 9,1,30,,218370,8,0,5 11 12 9,1,70,,218371,8,0,5 11 12 9,1,99,,218372,8,0,5 11 12 9,1,194,,218373,8,0,5 11 12 9,1
9600,'20260901',621,,218374,8,0,5 11 12 9,1,90,,218375,8,0,5 11 12 9,1,95,,218376,8,0,5 11 12 9,1,35,,218377,8,0,5 11 12 9,1,65,,218378,8,0,5 11 12 9,1,110,,218379,8,0,5 11 12 9,1,195,,218380,8,0,5 11 12 9,1,201,,218381,8,0,5 11 12 9,1,105,,218382,8,0,5 11 12 9,1,100,,218383,8,0,5 11 12 9,1,30,,218384,8,0,5 11 12 9,1,70,,218385,8,0,5 11 12 9,1,30,,218386,8,0,5 11 12 9,1,70,,218387,8,0,5 11 12 9,1,99,,218388,8,0,5 11 12 9,1,194,,218389,8,0,5 11 12 9,1
9600,'20260902',621,,218390,8,0,5 11 12 9,1,90,,218391,8,0,5 11 12 9,1,95,,218392,8,0,5 11 12 9,1,35,,218393,8,0,5 11 12 9,1,65,,218394,8,0,5 11 12 9,1,110,,218395,8,0,5 11 12 9,1,195,,218396,8,0,5 11 12 9,1,201,,218397,8,0,5 11 12 9,1,105,,218398,8,0,5 11 12 9,1,100,,218399,8,0,5 11 12 9,1,30,,218400,8,0,5 11 12 9,1,70,,218401,8,0,5 11 12 9,1,30,,218402,8,0,5 11 12 9,1,70,,218403,8,0,5 11 12 9,1,99,,218404,8,0,5 11 12 9,1,194,,218405,8,0,5 11 12 9,1
9600,'20260903',621,,218406,8,0,5 11 12 9,1,90,,218407,8,0,5 11 12 9,1,95,,218408,8,0,5 11 12 9,1,35,,218409,8,0,5 11 12 9,1,65,,218410,8,0,5 11 12 9,1,110,,218411,8,0,5 11 12 9,1,195,,218412,8,0,5 11 12 9,1,201,,218413,8,0,5 11 12 9,1,105,,218414,8,0,5 11 12 9,1,100,,218415,8,0,5 11 12 9,1,30,,218416,8,0,5 11 12 9,1,70,,218417,8,0,5 11 12 9,1,30,,218418,8,0,5 11 12 9,1,70,,218419,8,0,5 11 12 9,1,99,,218420,8,0,5 11 12 9,1,194,,218421,8,0,5 11 12 9,1
9600,'20260904',621,,218422,8,0,5 11 12 9,1,90,,218423,8,0,5 11 12 9,1,95,,218424,8,0,5 11 12 9,1,100,,218425,8,0,5 11 12 9,1,110,,218426,8,0,5 11 12 9,1,195,,218427,8,0,5 11 12 9,1,201,,218428,8,0,5 11 12 9,1,105,,218429,8,0,5 11 12 9,1,100,,218430,8,0,5 11 12 9,1,30,,218431,8,0,5 11 12 9,1,70,,218432,8,0,5 11 12 9,1,30,,218433,8,0,5 11 12 9,1,70,,218434,8,0,5 11 12 9,1,99,,218435,8,0,5 11 12 9,1,194,,218436,8,0,5 11 12 9,1
