7001,'20260722',1110,,206584,27,0,34 14 36 9,1,200,,206585,27,0,34 14 36 9,1,200,,206586,27,0,34 14 36 9,1,143,,206587,27,,,1,257,,206588,27,0,34 14 36 9,1,200,,206589,27,0,34 14 36 9,1
7001,'20260723',1110,,206592,27,0,34 14 36 9,1,200,,206593,27,0,34 14 36 9,1,200,,206594,27,0,34 14 36 9,1,143,,206595,27,,,1,257,,206596,27,0,34 14 36 9,1,200,,206597,27,0,34 14 36 9,1
7001,'20260724',1110,,206600,27,0,34 14 36 9,1,200,,206601,27,0,34 14 36 9,1,200,,206602,27,0,34 14 36 9,1,143,,206603,27,,,1,257,,206604,27,0,34 14 36 9,1,200,,206605,27,0,34 14 36 9,1
7001,'20260725',1010,,206607,27,0,34 14 36 9,1,200,,206608,27,0,34 14 36 9,1,200,,206609,27,0,34 14 36 9,1,200,,206610,27,0,34 14 36 9,1,200,,206611,27,0,34 14 36 9,1,200,,206612,27,0,34 14 36 9,1
7001,'20260726',1010,,206614,27,0,34 14 36 9,1,200,,206615,27,0,34 14 36 9,1,200,,206616,27,0,34 14 36 9,1,200,,206617,27,0,34 14 36 9,1,200,,206618,27,0,34 14 36 9,1,200,,206619,27,0,34 14 36 9,1
7001,'20260727',1110,,206622,27,0,34 14 36 9,1,200,,206623,27,0,34 14 36 9,1,200,,206624,27,0,34 14 36 9,1,143,,206625,27,,,1,257,,206626,27,0,34 14 36 9,1,200,,206627,27,0,34 14 36 9,1
7001,'20260728',1110,,206630,27,0,34 14 36 9,1,200,,206631,27,0,34 14 36 9,1,200,,206632,27,0,34 14 36 9,1,143,,206633,27,,,1,257,,206634,27,0,34 14 36 9,1,200,,206635,27,0,34 14 36 9,1
7001,'20260729',1110,,206638,27,0,34 14 36 9,1,200,,206639,27,0,34 14 36 9,1,200,,206640,27,0,34 14 36 9,1,143,,206641,27,,,1,257,,206642,27,0,34 14 36 9,1,200,,206643,27,0,34 14 36 9,1
7001,'20260730',1110,,206646,27,0,34 14 36 9,1,200,,206647,27,0,34 14 36 9,1,200,,206648,27,0,34 14 36 9,1,143,,206649,27,,,1,257,,206650,27,0,34 14 36 9,1,200,,206651,27,0,34 14 36 9,1
7001,'20260731',1110,,206654,27,0,34 14 36 9,1,200,,206655,27,0,34 14 36 9,1,200,,206656,27,0,34 14 36 9,1,143,,206657,27,,,1,257,,206658,27,0,34 14 36 9,1,200,,206659,27,0,34 14 36 9,1
7001,'20260801',1010,,206661,27,0,34 14 36 9,1,200,,206662,27,0,34 14 36 9,1,200,,206663,27,0,34 14 36 9,1,200,,206664,27,0,34 14 36 9,1,200,,206665,27,0,34 14 36 9,1,200,,206666,27,0,34 14 36 9,1
7001,'20260802',1010,,206668,27,0,34 14 36 9,1,200,,206669,27,0,34 14 36 9,1,200,,206670,27,0,34 14 36 9,1,200,,206671,27,0,34 14 36 9,1,200,,206672,27,0,34 14 36 9,1,200,,206673,27,0,34 14 36 9,1
7001,'20260803',1010,,206675,27,0,34 14 36 9,1,200,,206676,27,0,34 14 36 9,1,200,,206677,27,0,34 14 36 9,1,200,,206678,27,0,34 14 36 9,1,200,,206679,27,0,34 14 36 9,1,200,,206680,27,0,34 14 36 9,1
7001,'20260804',1110,,206683,27,0,34 14 36 9,1,200,,206684,27,0,34 14 36 9,1,200,,206685,27,0,34 14 36 9,1,143,,206686,27,,,1,257,,206687,27,0,34 14 36 9,1,200,,206688,27,0,34 14 36 9,1
7001,'20260805',1110,,206691,27,0,34 14 36 9,1,200,,206692,27,0,34 14 36 9,1,200,,206693,27,0,34 14 36 9,1,143,,206694,27,,,1,257,,206695,27,0,34 14 36 9,1,200,,206696,27,0,34 14 36 9,1
7001,'20260806',1110,,206699,27,0,34 14 36 9,1,200,,206700,27,0,34 14 36 9,1,200,,206701,27,0,34 14 36 9,1,143,,206702,27,,,1,257,,206703,27,0,34 14 36 9,1,200,,206704,27,0,34 14 36 9,1
7001,'20260807',1110,,206707,27,0,34 14 36 9,1,200,,206708,27,0,34 14 36 9,1,200,,206709,27,0,34 14 36 9,1,143,,206710,27,,,1,257,,206711,27,0,34 14 36 9,1,200,,206712,27,0,34 14 36 9,1
7001,'20260808',1010,,206714,27,0,34 14 36 9,1,200,,206715,27,0,34 14 36 9,1,200,,206716,27,0,34 14 36 9,1,200,,206717,27,0,34 14 36 9,1,200,,206718,27,0,34 14 36 9,1,200,,206719,27,0,34 14 36 9,1
7001,'20260809',1010,,206721,27,0,34 14 36 9,1,200,,206722,27,0,34 14 36 9,1,200,,206723,27,0,34 14 36 9,1,200,,206724,27,0,34 14 36 9,1,200,,206725,27,0,34 14 36 9,1,200,,206726,27,0,34 14 36 9,1
7001,'20260810',1110,,206729,27,0,34 14 36 9,1,200,,206730,27,0,34 14 36 9,1,200,,206731,27,0,34 14 36 9,1,143,,206732,27,,,1,257,,206733,27,0,34 14 36 9,1,200,,206734,27,0,34 14 36 9,1
7001,'20260811',1110,,206737,27,0,34 14 36 9,1,200,,206738,27,0,34 14 36 9,1,200,,206739,27,0,34 14 36 9,1,143,,206740,27,,,1,257,,206741,27,0,34 14 36 9,1,200,,206742,27,0,34 14 36 9,1
7001,'20260812',1110,,206745,27,0,34 14 36 9,1,200,,206746,27,0,34 14 36 9,1,200,,206747,27,0,34 14 36 9,1,143,,206748,27,,,1,257,,206749,27,0,34 14 36 9,1,200,,206750,27,0,34 14 36 9,1
7001,'20260813',1110,,206753,27,0,34 14 36 9,1,200,,206754,27,0,34 14 36 9,1,200,,206755,27,0,34 14 36 9,1,143,,206756,27,,,1,257,,206757,27,0,34 14 36 9,1,200,,206758,27,0,34 14 36 9,1
7001,'20260814',1110,,206761,27,0,34 14 36 9,1,200,,206762,27,0,34 14 36 9,1,200,,206763,27,0,34 14 36 9,1,143,,206764,27,,,1,257,,206765,27,0,34 14 36 9,1,200,,206766,27,0,34 14 36 9,1
7001,'20260815',1010,,206768,27,0,34 14 36 9,1,200,,206769,27,0,34 14 36 9,1,200,,206770,27,0,34 14 36 9,1,200,,206771,27,0,34 14 36 9,1,200,,206772,27,0,34 14 36 9,1,200,,206773,27,0,34 14 36 9,1
7001,'20260816',1010,,206775,27,0,34 14 36 9,1,200,,206776,27,0,34 14 36 9,1,200,,206777,27,0,34 14 36 9,1,200,,206778,27,0,34 14 36 9,1,200,,206779,27,0,34 14 36 9,1,200,,206780,27,0,34 14 36 9,1
7001,'20260817',1110,,206783,27,0,34 14 36 9,1,200,,206784,27,0,34 14 36 9,1,200,,206785,27,0,34 14 36 9,1,143,,206786,27,,,1,257,,206787,27,0,34 14 36 9,1,200,,206788,27,0,34 14 36 9,1
7001,'20260818',1110,,206791,27,0,34 14 36 9,1,200,,206792,27,0,34 14 36 9,1,200,,206793,27,0,34 14 36 9,1,143,,206794,27,,,1,257,,206795,27,0,34 14 36 9,1,200,,206796,27,0,34 14 36 9,1
7001,'20260819',1110,,206799,27,0,34 14 36 9,1,200,,206800,27,0,34 14 36 9,1,200,,206801,27,0,34 14 36 9,1,143,,206802,27,,,1,257,,206803,27,0,34 14 36 9,1,200,,206804,27,0,34 14 36 9,1
7001,'20260820',1110,,206807,27,0,34 14 36 9,1,200,,206808,27,0,34 14 36 9,1,200,,206809,27,0,34 14 36 9,1,143,,206810,27,,,1,257,,206811,27,0,34 14 36 9,1,200,,206812,27,0,34 14 36 9,1
7001,'20260821',1110,,206815,27,0,34 14 36 9,1,200,,206816,27,0,34 14 36 9,1,200,,206817,27,0,34 14 36 9,1,143,,206818,27,,,1,257,,206819,27,0,34 14 36 9,1,200,,206820,27,0,34 14 36 9,1
7001,'20260822',1010,,206822,27,0,34 14 36 9,1,200,,206823,27,0,34 14 36 9,1,200,,206824,27,0,34 14 36 9,1,200,,206825,27,0,34 14 36 9,1,200,,206826,27,0,34 14 36 9,1,200,,206827,27,0,34 14 36 9,1
7001,'20260823',1010,,206829,27,0,34 14 36 9,1,200,,206830,27,0,34 14 36 9,1,200,,206831,27,0,34 14 36 9,1,200,,206832,27,0,34 14 36 9,1,200,,206833,27,0,34 14 36 9,1,200,,206834,27,0,34 14 36 9,1
7001,'20260824',1110,,206837,27,0,34 14 36 9,1,200,,206838,27,0,34 14 36 9,1,200,,206839,27,0,34 14 36 9,1,143,,206840,27,,,1,257,,206841,27,0,34 14 36 9,1,200,,206842,27,0,34 14 36 9,1
7001,'20260825',1110,,206845,27,0,34 14 36 9,1,200,,206846,27,0,34 14 36 9,1,200,,206847,27,0,34 14 36 9,1,143,,206848,27,,,1,257,,206849,27,0,34 14 36 9,1,200,,206850,27,0,34 14 36 9,1
7001,'20260826',1110,,206853,27,0,34 14 36 9,1,200,,206854,27,0,34 14 36 9,1,200,,206855,27,0,34 14 36 9,1,143,,206856,27,,,1,257,,206857,27,0,34 14 36 9,1,200,,206858,27,0,34 14 36 9,1
7001,'20260827',1110,,206861,27,0,34 14 36 9,1,200,,206862,27,0,34 14 36 9,1,200,,206863,27,0,34 14 36 9,1,143,,206864,27,,,1,257,,206865,27,0,34 14 36 9,1,200,,206866,27,0,34 14 36 9,1
7001,'20260828',1110,,206869,27,0,34 14 36 9,1,200,,206870,27,0,34 14 36 9,1,200,,206871,27,0,34 14 36 9,1,143,,206872,27,,,1,257,,206873,27,0,34 14 36 9,1,200,,206874,27,0,34 14 36 9,1
7001,'20260829',1010,,206876,27,0,34 14 36 9,1,200,,206877,27,0,34 14 36 9,1,200,,206878,27,0,34 14 36 9,1,200,,206879,27,0,34 14 36 9,1,200,,206880,27,0,34 14 36 9,1,200,,206881,27,0,34 14 36 9,1
7001,'20260830',1010,,206883,27,0,34 14 36 9,1,200,,206884,27,0,34 14 36 9,1,200,,206885,27,0,34 14 36 9,1,200,,206886,27,0,34 14 36 9,1,200,,206887,27,0,34 14 36 9,1,200,,206888,27,0,34 14 36 9,1
7001,'20260831',1110,,206891,27,0,34 14 36 9,1,200,,206892,27,0,34 14 36 9,1,200,,206893,27,0,34 14 36 9,1,143,,206894,27,,,1,257,,206895,27,0,34 14 36 9,1,200,,206896,27,0,34 14 36 9,1
7001,'20260901',1110,,206899,27,0,34 14 36 9,1,200,,206900,27,0,34 14 36 9,1,200,,206901,27,0,34 14 36 9,1,143,,206902,27,,,1,257,,206903,27,0,34 14 36 9,1,200,,206904,27,0,34 14 36 9,1
7001,'20260902',1110,,206907,27,0,34 14 36 9,1,200,,206908,27,0,34 14 36 9,1,200,,206909,27,0,34 14 36 9,1,143,,206910,27,,,1,257,,206911,27,0,34 14 36 9,1,200,,206912,27,0,34 14 36 9,1
7001,'20260903',1110,,206915,27,0,34 14 36 9,1,200,,206916,27,0,34 14 36 9,1,200,,206917,27,0,34 14 36 9,1,143,,206918,27,,,1,257,,206919,27,0,34 14 36 9,1,200,,206920,27,0,34 14 36 9,1
7001,'20260904',1110,,206923,27,0,34 14 36 9,1,200,,206924,27,0,34 14 36 9,1,200,,206925,27,0,34 14 36 9,1,143,,206926,27,,,1,257,,206927,27,0,34 14 36 9,1,200,,206928,27,0,34 14 36 9,1
7101,'20260722',459,,207473,27,,,1,1145,,207475,15,0,31 29 30,1,225,,207476,27,,,1,495,,207477,27,,,1,205,,207478,15,0,31 29 30,1
7101,'20260723',459,,207479,27,,,1,1145,,207481,15,0,31 29 30,1,225,,207482,27,,,1,495,,207483,27,,,1,205,,207484,15,0,31 29 30,1
7101,'20260724',459,,207485,27,,,1,1145,,207487,15,0,31 29 30,1,225,,207488,27,,,1,495,,207489,27,,,1,205,,207490,15,0,31 29 30,1
7101,'20260725',628,,207491,27,,,1,1589,,207492,27,,,1,112,,207493,15,0,31 29 30,1,200,,207494,15,0,31 29 30,1
7101,'20260726',628,,207495,27,,,1,1589,,207496,27,,,1,112,,207497,15,0,31 29 30,1,200,,207498,15,0,31 29 30,1
7101,'20260727',459,,207499,27,,,1,1145,,207501,15,0,31 29 30,1,225,,207502,27,,,1,495,,207503,27,,,1,205,,207504,15,0,31 29 30,1
7101,'20260728',459,,207505,27,,,1,1145,,207507,15,0,31 29 30,1,225,,207508,27,,,1,495,,207509,27,,,1,205,,207510,15,0,31 29 30,1
7101,'20260729',459,,207511,27,,,1,1145,,207513,15,0,31 29 30,1,225,,207514,27,,,1,495,,207515,27,,,1,205,,207516,15,0,31 29 30,1
7101,'20260730',459,,207517,27,,,1,1145,,207519,15,0,31 29 30,1,225,,207520,27,,,1,495,,207521,27,,,1,205,,207522,15,0,31 29 30,1
7101,'20260731',459,,207523,27,,,1,1145,,207525,15,0,31 29 30,1,225,,207526,27,,,1,495,,207527,27,,,1,205,,207528,15,0,31 29 30,1
7101,'20260801',628,,207529,27,,,1,1589,,207530,27,,,1,112,,207531,15,0,31 29 30,1,200,,207532,15,0,31 29 30,1
7101,'20260802',628,,207533,27,,,1,1589,,207534,27,,,1,112,,207535,15,0,31 29 30,1,200,,207536,15,0,31 29 30,1
7101,'20260803',628,,207537,27,,,1,1589,,207538,27,,,1,112,,207539,15,0,31 29 30,1,200,,207540,15,0,31 29 30,1
7101,'20260804',459,,207541,27,,,1,1145,,207543,15,0,31 29 30,1,225,,207544,27,,,1,495,,207545,27,,,1,205,,207546,15,0,31 29 30,1
7101,'20260805',459,,207547,27,,,1,1145,,207549,15,0,31 29 30,1,225,,207550,27,,,1,495,,207551,27,,,1,205,,207552,15,0,31 29 30,1
7101,'20260806',459,,207553,27,,,1,1145,,207555,15,0,31 29 30,1,225,,207556,27,,,1,495,,207557,27,,,1,205,,207558,15,0,31 29 30,1
7101,'20260807',459,,207559,27,,,1,1145,,207561,15,0,31 29 30,1,225,,207562,27,,,1,495,,207563,27,,,1,205,,207564,15,0,31 29 30,1
7101,'20260808',628,,207565,27,,,1,1589,,207566,27,,,1,112,,207567,15,0,31 29 30,1,200,,207568,15,0,31 29 30,1
7101,'20260809',628,,207569,27,,,1,1589,,207570,27,,,1,112,,207571,15,0,31 29 30,1,200,,207572,15,0,31 29 30,1
7101,'20260810',459,,207573,27,,,1,1145,,207575,15,0,31 29 30,1,225,,207576,27,,,1,495,,207577,27,,,1,205,,207578,15,0,31 29 30,1
7101,'20260811',459,,207579,27,,,1,1145,,207581,15,0,31 29 30,1,225,,207582,27,,,1,495,,207583,27,,,1,205,,207584,15,0,31 29 30,1
7101,'20260812',459,,207585,27,,,1,1145,,207587,15,0,31 29 30,1,225,,207588,27,,,1,495,,207589,27,,,1,205,,207590,15,0,31 29 30,1
7101,'20260813',459,,207591,27,,,1,1145,,207593,15,0,31 29 30,1,225,,207594,27,,,1,495,,207595,27,,,1,205,,207596,15,0,31 29 30,1
7101,'20260814',459,,207597,27,,,1,1145,,207599,15,0,31 29 30,1,225,,207600,27,,,1,495,,207601,27,,,1,205,,207602,15,0,31 29 30,1
7101,'20260815',628,,207603,27,,,1,1589,,207604,27,,,1,112,,207605,15,0,31 29 30,1,200,,207606,15,0,31 29 30,1
7101,'20260816',628,,207607,27,,,1,1589,,207608,27,,,1,112,,207609,15,0,31 29 30,1,200,,207610,15,0,31 29 30,1
7101,'20260817',459,,207611,27,,,1,1145,,207613,15,0,31 29 30,1,225,,207614,27,,,1,495,,207615,27,,,1,205,,207616,15,0,31 29 30,1
7101,'20260818',459,,207617,27,,,1,1145,,207619,15,0,31 29 30,1,225,,207620,27,,,1,495,,207621,27,,,1,205,,207622,15,0,31 29 30,1
7101,'20260819',459,,207623,27,,,1,1145,,207625,15,0,31 29 30,1,225,,207626,27,,,1,495,,207627,27,,,1,205,,207628,15,0,31 29 30,1
7101,'20260820',459,,207629,27,,,1,1145,,207631,15,0,31 29 30,1,225,,207632,27,,,1,495,,207633,27,,,1,205,,207634,15,0,31 29 30,1
7101,'20260821',459,,207635,27,,,1,1145,,207637,15,0,31 29 30,1,225,,207638,27,,,1,495,,207639,27,,,1,205,,207640,15,0,31 29 30,1
7101,'20260822',628,,207641,27,,,1,1589,,207642,27,,,1,112,,207643,15,0,31 29 30,1,200,,207644,15,0,31 29 30,1
7101,'20260823',628,,207645,27,,,1,1589,,207646,27,,,1,112,,207647,15,0,31 29 30,1,200,,207648,15,0,31 29 30,1
7101,'20260824',459,,207649,27,,,1,1145,,207651,15,0,31 29 30,1,225,,207652,27,,,1,495,,207653,27,,,1,205,,207654,15,0,31 29 30,1
7101,'20260825',459,,207655,27,,,1,1145,,207657,15,0,31 29 30,1,225,,207658,27,,,1,495,,207659,27,,,1,205,,207660,15,0,31 29 30,1
7101,'20260826',459,,207661,27,,,1,1145,,207663,15,0,31 29 30,1,225,,207664,27,,,1,495,,207665,27,,,1,205,,207666,15,0,31 29 30,1
7101,'20260827',459,,207667,27,,,1,1145,,207669,15,0,31 29 30,1,225,,207670,27,,,1,495,,207671,27,,,1,205,,207672,15,0,31 29 30,1
7101,'20260828',459,,207673,27,,,1,1145,,207675,15,0,31 29 30,1,225,,207676,27,,,1,495,,207677,27,,,1,205,,207678,15,0,31 29 30,1
7101,'20260829',628,,207679,27,,,1,1589,,207680,27,,,1,112,,207681,15,0,31 29 30,1,200,,207682,15,0,31 29 30,1
7101,'20260830',628,,207683,27,,,1,1589,,207684,27,,,1,112,,207685,15,0,31 29 30,1,200,,207686,15,0,31 29 30,1
7101,'20260831',459,,207687,27,,,1,1145,,207689,15,0,31 29 30,1,225,,207690,27,,,1,495,,207691,27,,,1,205,,207692,15,0,31 29 30,1
7101,'20260901',459,,207693,27,,,1,1145,,207695,15,0,31 29 30,1,225,,207696,27,,,1,495,,207697,27,,,1,205,,207698,15,0,31 29 30,1
7101,'20260902',459,,207699,27,,,1,1145,,207701,15,0,31 29 30,1,225,,207702,27,,,1,495,,207703,27,,,1,205,,207704,15,0,31 29 30,1
7101,'20260903',459,,207705,27,,,1,1145,,207707,15,0,31 29 30,1,225,,207708,27,,,1,495,,207709,27,,,1,205,,207710,15,0,31 29 30,1
7101,'20260904',459,,207711,27,,,1,1145,,207713,15,0,31 29 30,1,225,,207714,27,,,1,495,,207715,27,,,1,205,,207716,15,0,31 29 30,1
