3101,'20260716',722,,165401,40,0,37 43 44 47,1,20,,165402,40,0,37 43 44 47,1,61,,165403,50,0,43 44 47,1,24,,165404,40,0,37 43 44 47,1,75,,165405,48,0,5 43 44 47,1,100,,165406,48,0,5 43 44 47,1,1622,,165410,48,0,7 43 44 47,1
3101,'20260717',722,,165413,40,0,37 43 44 47,1,20,,165414,40,0,37 43 44 47,1,61,,165415,50,0,43 44 47,1,24,,165416,40,0,37 43 44 47,1,75,,165417,48,0,5 43 44 47,1,100,,165418,48,0,5 43 44 47,1,1622,,165422,48,0,7 43 44 47,1
3101,'20260718',939,,165425,48,0,7 43 44 47,1
3101,'20260719',939,,165433,48,0,7 43 44 47,1
3101,'20260720',722,,165439,40,0,37 43 44 47,1,20,,165440,40,0,37 43 44 47,1,61,,165441,50,0,43 44 47,1,24,,165442,40,0,37 43 44 47,1,75,,165443,48,0,5 43 44 47,1,100,,165444,48,0,5 43 44 47,1,1622,,165448,48,0,7 43 44 47,1
3101,'20260721',722,,165451,40,0,37 43 44 47,1,20,,165452,40,0,37 43 44 47,1,61,,165453,50,0,43 44 47,1,24,,165454,40,0,37 43 44 47,1,75,,165455,48,0,5 43 44 47,1,100,,165456,48,0,5 43 44 47,1,1622,,165460,48,0,7 43 44 47,1
3101,'20260722',722,,165463,40,0,37 43 44 47,1,20,,165464,40,0,37 43 44 47,1,61,,165465,50,0,43 44 47,1,24,,165466,40,0,37 43 44 47,1,75,,165467,48,0,5 43 44 47,1,100,,165468,48,0,5 43 44 47,1,1622,,165472,48,0,7 43 44 47,1
3101,'20260723',722,,165475,40,0,37 43 44 47,1,20,,165476,40,0,37 43 44 47,1,61,,165477,50,0,43 44 47,1,24,,165478,40,0,37 43 44 47,1,75,,165479,48,0,5 43 44 47,1,100,,165480,48,0,5 43 44 47,1,1622,,165484,48,0,7 43 44 47,1
3101,'20260724',722,,165487,40,0,37 43 44 47,1,20,,165488,40,0,37 43 44 47,1,61,,165489,50,0,43 44 47,1,24,,165490,40,0,37 43 44 47,1,75,,165491,48,0,5 43 44 47,1,100,,165492,48,0,5 43 44 47,1,1311,,219543,21,0,105 101 9,1,311,,165496,48,0,7 43 44 47,1
3101,'20260725',939,,165499,48,0,7 43 44 47,1,94,,219548,42,0,61 103 104,1,10,,219549,42,0,71 101 9,1,802,,219550,42,0,71 101 9,1,590,,219551,42,0,71 101 9,1
3101,'20260726',939,,165507,48,0,7 43 44 47,1,94,,219552,42,0,61 103 104,1,10,,219553,42,0,71 101 9,1,802,,219554,42,0,71 101 9,1,590,,219555,42,0,71 101 9,1
3101,'20260727',722,,165513,40,0,37 43 44 47,1,20,,165514,40,0,37 43 44 47,1,61,,165515,50,0,43 44 47,1,24,,165516,40,0,37 43 44 47,1,75,,165517,48,0,5 43 44 47,1,100,,165518,48,0,5 43 44 47,1,1622,,165522,48,0,7 43 44 47,1
3101,'20260728',722,,165525,40,0,37 43 44 47,1,20,,165526,40,0,37 43 44 47,1,61,,165527,50,0,43 44 47,1,24,,165528,40,0,37 43 44 47,1,75,,165529,48,0,5 43 44 47,1,100,,165530,48,0,5 43 44 47,1,1622,,165534,48,0,7 43 44 47,1
3101,'20260729',722,,165537,40,0,37 43 44 47,1,20,,165538,40,0,37 43 44 47,1,61,,165539,50,0,43 44 47,1,24,,165540,40,0,37 43 44 47,1,75,,165541,48,0,5 43 44 47,1,100,,165542,48,0,5 43 44 47,1,1622,,165546,48,0,7 43 44 47,1
3101,'20260730',722,,165549,40,0,37 43 44 47,1,20,,165550,40,0,37 43 44 47,1,61,,165551,50,0,43 44 47,1,24,,165552,40,0,37 43 44 47,1,75,,165553,48,0,5 43 44 47,1,100,,165554,48,0,5 43 44 47,1,1622,,165558,48,0,7 43 44 47,1
3101,'20260731',722,,165561,40,0,37 43 44 47,1,20,,165562,40,0,37 43 44 47,1,61,,165563,50,0,43 44 47,1,24,,165564,40,0,37 43 44 47,1,75,,165565,48,0,5 43 44 47,1,100,,165566,48,0,5 43 44 47,1,1622,,165570,48,0,7 43 44 47,1
3101,'20260801',939,,165573,48,0,7 43 44 47,1
3101,'20260802',939,,165581,48,0,7 43 44 47,1
3101,'20260803',939,,165587,48,0,7 43 44 47,1
3101,'20260804',722,,165595,40,0,37 43 44 47,1,20,,165596,40,0,37 43 44 47,1,61,,165597,50,0,43 44 47,1,24,,165598,40,0,37 43 44 47,1,75,,165599,48,0,5 43 44 47,1,100,,165600,48,0,5 43 44 47,1,1622,,165604,48,0,7 43 44 47,1
3101,'20260805',722,,165607,40,0,37 43 44 47,1,20,,165608,40,0,37 43 44 47,1,61,,165609,50,0,43 44 47,1,24,,165610,40,0,37 43 44 47,1,75,,165611,48,0,5 43 44 47,1,100,,165612,48,0,5 43 44 47,1,1622,,165616,48,0,7 43 44 47,1
3101,'20260806',722,,165619,40,0,37 43 44 47,1,20,,165620,40,0,37 43 44 47,1,61,,165621,50,0,43 44 47,1,24,,165622,40,0,37 43 44 47,1,75,,165623,48,0,5 43 44 47,1,100,,165624,48,0,5 43 44 47,1,1622,,165628,48,0,7 43 44 47,1
3101,'20260807',722,,165631,40,0,37 43 44 47,1,20,,165632,40,0,37 43 44 47,1,61,,165633,50,0,43 44 47,1,24,,165634,40,0,37 43 44 47,1,75,,165635,48,0,5 43 44 47,1,100,,165636,48,0,5 43 44 47,1,1622,,165640,48,0,7 43 44 47,1
3101,'20260808',939,,165643,48,0,7 43 44 47,1
3101,'20260809',939,,165651,48,0,7 43 44 47,1
3101,'20260810',722,,165657,40,0,37 43 44 47,1,20,,165658,40,0,37 43 44 47,1,61,,165659,50,0,43 44 47,1,24,,165660,40,0,37 43 44 47,1,75,,165661,48,0,5 43 44 47,1,100,,165662,48,0,5 43 44 47,1,1622,,165666,48,0,7 43 44 47,1
3101,'20260811',722,,165669,40,0,37 43 44 47,1,20,,165670,40,0,37 43 44 47,1,61,,165671,50,0,43 44 47,1,24,,165672,40,0,37 43 44 47,1,75,,165673,48,0,5 43 44 47,1,100,,165674,48,0,5 43 44 47,1,1622,,165678,48,0,7 43 44 47,1
3101,'20260812',722,,165681,40,0,37 43 44 47,1,20,,165682,40,0,37 43 44 47,1,61,,165683,50,0,43 44 47,1,24,,165684,40,0,37 43 44 47,1,75,,165685,48,0,5 43 44 47,1,100,,165686,48,0,5 43 44 47,1,1622,,165690,48,0,7 43 44 47,1
3101,'20260813',722,,165693,40,0,37 43 44 47,1,20,,165694,40,0,37 43 44 47,1,61,,165695,50,0,43 44 47,1,24,,165696,40,0,37 43 44 47,1,75,,165697,48,0,5 43 44 47,1,100,,165698,48,0,5 43 44 47,1,1622,,165702,48,0,7 43 44 47,1
3101,'20260814',722,,165705,40,0,37 43 44 47,1,20,,165706,40,0,37 43 44 47,1,61,,165707,50,0,43 44 47,1,24,,165708,40,0,37 43 44 47,1,75,,165709,48,0,5 43 44 47,1,100,,165710,48,0,5 43 44 47,1,1622,,165714,48,0,7 43 44 47,1
3101,'20260815',939,,165717,48,0,7 43 44 47,1
3101,'20260816',939,,165725,48,0,7 43 44 47,1
3101,'20260817',722,,165731,40,0,37 43 44 47,1,20,,165732,40,0,37 43 44 47,1,61,,165733,50,0,43 44 47,1,24,,165734,40,0,37 43 44 47,1,75,,165735,48,0,5 43 44 47,1,100,,165736,48,0,5 43 44 47,1,1622,,165740,48,0,7 43 44 47,1
3101,'20260818',722,,165743,40,0,37 43 44 47,1,20,,165744,40,0,37 43 44 47,1,61,,165745,50,0,43 44 47,1,24,,165746,40,0,37 43 44 47,1,75,,165747,48,0,5 43 44 47,1,100,,165748,48,0,5 43 44 47,1,1622,,165752,48,0,7 43 44 47,1
3101,'20260819',722,,165755,40,0,37 43 44 47,1,20,,165756,40,0,37 43 44 47,1,61,,165757,50,0,43 44 47,1,24,,165758,40,0,37 43 44 47,1,75,,165759,48,0,5 43 44 47,1,100,,165760,48,0,5 43 44 47,1,1622,,165764,48,0,7 43 44 47,1
3101,'20260820',722,,165767,40,0,37 43 44 47,1,20,,165768,40,0,37 43 44 47,1,61,,165769,50,0,43 44 47,1,24,,165770,40,0,37 43 44 47,1,75,,165771,48,0,5 43 44 47,1,100,,165772,48,0,5 43 44 47,1,1622,,165776,48,0,7 43 44 47,1
3101,'20260821',722,,165779,40,0,37 43 44 47,1,20,,165780,40,0,37 43 44 47,1,61,,165781,50,0,43 44 47,1,24,,165782,40,0,37 43 44 47,1,75,,165783,48,0,5 43 44 47,1,100,,165784,48,0,5 43 44 47,1,1622,,165788,48,0,7 43 44 47,1
3101,'20260822',939,,165791,48,0,7 43 44 47,1
3101,'20260823',939,,165799,48,0,7 43 44 47,1
3101,'20260824',722,,165805,40,0,37 43 44 47,1,20,,165806,40,0,37 43 44 47,1,61,,165807,50,0,43 44 47,1,24,,165808,40,0,37 43 44 47,1,75,,165809,48,0,5 43 44 47,1,100,,165810,48,0,5 43 44 47,1,1622,,165814,48,0,7 43 44 47,1
3101,'20260825',722,,165817,40,0,37 43 44 47,1,20,,165818,40,0,37 43 44 47,1,61,,165819,50,0,43 44 47,1,24,,165820,40,0,37 43 44 47,1,75,,165821,48,0,5 43 44 47,1,100,,165822,48,0,5 43 44 47,1,1622,,165826,48,0,7 43 44 47,1
3101,'20260826',722,,165829,40,0,37 43 44 47,1,20,,165830,40,0,37 43 44 47,1,61,,165831,50,0,43 44 47,1,24,,165832,40,0,37 43 44 47,1,75,,165833,48,0,5 43 44 47,1,100,,165834,48,0,5 43 44 47,1,1622,,165838,48,0,7 43 44 47,1
3101,'20260827',722,,165841,40,0,37 43 44 47,1,20,,165842,40,0,37 43 44 47,1,61,,165843,50,0,43 44 47,1,24,,165844,40,0,37 43 44 47,1,75,,165845,48,0,5 43 44 47,1,100,,165846,48,0,5 43 44 47,1,1622,,165850,48,0,7 43 44 47,1
3101,'20260828',722,,165853,40,0,37 43 44 47,1,20,,165854,40,0,37 43 44 47,1,61,,165855,50,0,43 44 47,1,24,,165856,40,0,37 43 44 47,1,75,,165857,48,0,5 43 44 47,1,100,,165858,48,0,5 43 44 47,1,1622,,165862,48,0,7 43 44 47,1
3101,'20260829',939,,165865,48,0,7 43 44 47,1
3101,'20260830',939,,165873,48,0,7 43 44 47,1
3101,'20260831',722,,165879,40,0,37 43 44 47,1,20,,165880,40,0,37 43 44 47,1,61,,165881,50,0,43 44 47,1,24,,165882,40,0,37 43 44 47,1,75,,165883,48,0,5 43 44 47,1,100,,165884,48,0,5 43 44 47,1,1622,,165888,48,0,7 43 44 47,1
3101,'20260901',722,,165891,40,0,37 43 44 47,1,20,,165892,40,0,37 43 44 47,1,61,,165893,50,0,43 44 47,1,24,,165894,40,0,37 43 44 47,1,75,,165895,48,0,5 43 44 47,1,100,,165896,48,0,5 43 44 47,1,1622,,165900,48,0,7 43 44 47,1
3101,'20260902',722,,165903,40,0,37 43 44 47,1,20,,165904,40,0,37 43 44 47,1,61,,165905,50,0,43 44 47,1,24,,165906,40,0,37 43 44 47,1,75,,165907,48,0,5 43 44 47,1,100,,165908,48,0,5 43 44 47,1,1622,,165912,48,0,7 43 44 47,1
3101,'20260903',722,,165915,40,0,37 43 44 47,1,20,,165916,40,0,37 43 44 47,1,61,,165917,50,0,43 44 47,1,24,,165918,40,0,37 43 44 47,1,75,,165919,48,0,5 43 44 47,1,100,,165920,48,0,5 43 44 47,1,1622,,165924,48,0,7 43 44 47,1
3101,'20260904',722,,165927,40,0,37 43 44 47,1,20,,165928,40,0,37 43 44 47,1,61,,165929,50,0,43 44 47,1,24,,165930,40,0,37 43 44 47,1,75,,165931,48,0,5 43 44 47,1,100,,165932,48,0,5 43 44 47,1,1622,,165936,48,0,7 43 44 47,1
3301,'20260716',1038,,171413,52,,,1,100,,171414,52,,,1,100,,171415,52,,,1,102,,171416,52,,,1,110,,171417,52,,,1,105,,171418,52,,,1,100,,171420,52,,,1,150,,171423,52,,,1,53,,171425,52,,,1,191,,171432,52,,,1,185,,171436,52,,,1,189,,171440,52,,,1
3301,'20260717',1038,,171445,52,,,1,100,,171446,52,,,1,100,,171447,52,,,1,102,,171448,52,,,1,110,,171449,52,,,1,105,,171450,52,,,1,100,,171452,52,,,1,150,,171455,52,,,1,53,,171457,52,,,1,191,,171464,52,,,1,185,,171468,52,,,1,189,,171472,52,,,1
3301,'20260718',1137,,171476,52,,,1,205,,171478,52,,,1,197,,171480,52,,,1,200,,171482,52,,,1,196,,171483,52,,,1,200,,171484,52,,,1,200,,171485,52,,,1,199,,171486,52,,,1
3301,'20260719',1137,,171488,52,,,1,205,,171490,52,,,1,197,,171492,52,,,1,200,,171494,52,,,1,196,,171495,52,,,1,200,,171496,52,,,1,200,,171497,52,,,1,199,,171498,52,,,1
3301,'20260720',1038,,171501,52,,,1,100,,171502,52,,,1,100,,171503,52,,,1,102,,171504,52,,,1,110,,171505,52,,,1,105,,171506,52,,,1,100,,171508,52,,,1,150,,171511,52,,,1,53,,171513,52,,,1,191,,171520,52,,,1,185,,171524,52,,,1,189,,171528,52,,,1
3301,'20260721',1038,,171533,52,,,1,100,,171534,52,,,1,100,,171535,52,,,1,102,,171536,52,,,1,110,,171537,52,,,1,105,,171538,52,,,1,100,,171540,52,,,1,150,,171543,52,,,1,53,,171545,52,,,1,191,,171552,52,,,1,185,,171556,52,,,1,189,,171560,52,,,1
3301,'20260722',1038,,171565,52,,,1,100,,171566,52,,,1,100,,171567,52,,,1,102,,171568,52,,,1,110,,171569,52,,,1,105,,171570,52,,,1,100,,171572,52,,,1,150,,171575,52,,,1,53,,171577,52,,,1,191,,171584,52,,,1,185,,171588,52,,,1,189,,171592,52,,,1
3301,'20260723',1038,,171597,52,,,1,100,,171598,52,,,1,100,,171599,52,,,1,102,,171600,52,,,1,110,,171601,52,,,1,105,,171602,52,,,1,100,,171604,52,,,1,150,,171607,52,,,1,53,,171609,52,,,1,191,,171616,52,,,1,185,,171620,52,,,1,189,,171624,52,,,1
3301,'20260724',1038,,171629,52,,,1,100,,171630,52,,,1,100,,171631,52,,,1,102,,171632,52,,,1,110,,171633,52,,,1,105,,171634,52,,,1,100,,171636,52,,,1,150,,171639,52,,,1,53,,171641,52,,,1,191,,171648,52,,,1,185,,171652,52,,,1,189,,171656,52,,,1
3301,'20260725',1137,,171660,52,,,1,205,,171662,52,,,1,197,,171664,52,,,1,200,,171666,52,,,1,196,,171667,52,,,1,200,,171668,52,,,1,200,,171669,52,,,1,199,,171670,52,,,1
3301,'20260726',1137,,171672,52,,,1,205,,171674,52,,,1,197,,171676,52,,,1,200,,171678,52,,,1,196,,171679,52,,,1,200,,171680,52,,,1,200,,171681,52,,,1,199,,171682,52,,,1
3301,'20260727',1038,,171685,52,,,1,100,,171686,52,,,1,100,,171687,52,,,1,102,,171688,52,,,1,110,,171689,52,,,1,105,,171690,52,,,1,100,,171692,52,,,1,150,,171695,52,,,1,53,,171697,52,,,1,191,,171704,52,,,1,185,,171708,52,,,1,189,,171712,52,,,1
3301,'20260728',1038,,171717,52,,,1,100,,171718,52,,,1,100,,171719,52,,,1,102,,171720,52,,,1,110,,171721,52,,,1,105,,171722,52,,,1,100,,171724,52,,,1,150,,171727,52,,,1,53,,171729,52,,,1,191,,171736,52,,,1,185,,171740,52,,,1,189,,171744,52,,,1
3301,'20260729',1038,,171749,52,,,1,100,,171750,52,,,1,100,,171751,52,,,1,102,,171752,52,,,1,110,,171753,52,,,1,105,,171754,52,,,1,100,,171756,52,,,1,150,,171759,52,,,1,53,,171761,52,,,1,191,,171768,52,,,1,185,,171772,52,,,1,189,,171776,52,,,1
3301,'20260730',1038,,171781,52,,,1,100,,171782,52,,,1,100,,171783,52,,,1,102,,171784,52,,,1,110,,171785,52,,,1,105,,171786,52,,,1,100,,171788,52,,,1,150,,171791,52,,,1,53,,171793,52,,,1,191,,171800,52,,,1,185,,171804,52,,,1,189,,171808,52,,,1
3301,'20260731',1038,,171813,52,,,1,100,,171814,52,,,1,100,,171815,52,,,1,102,,171816,52,,,1,110,,171817,52,,,1,105,,171818,52,,,1,100,,171820,52,,,1,150,,171823,52,,,1,53,,171825,52,,,1,191,,171832,52,,,1,185,,171836,52,,,1,189,,171840,52,,,1
3301,'20260801',1137,,171844,52,,,1,205,,171846,52,,,1,197,,171848,52,,,1,200,,171850,52,,,1,196,,171851,52,,,1,200,,171852,52,,,1,200,,171853,52,,,1,199,,171854,52,,,1
3301,'20260802',1137,,171856,52,,,1,205,,171858,52,,,1,197,,171860,52,,,1,200,,171862,52,,,1,196,,171863,52,,,1,200,,171864,52,,,1,200,,171865,52,,,1,199,,171866,52,,,1
3301,'20260803',1137,,171868,52,,,1,205,,171870,52,,,1,197,,171872,52,,,1,200,,171874,52,,,1,196,,171875,52,,,1,200,,171876,52,,,1,200,,171877,52,,,1,199,,171878,52,,,1
3301,'20260804',1038,,171881,52,,,1,100,,171882,52,,,1,100,,171883,52,,,1,102,,171884,52,,,1,110,,171885,52,,,1,105,,171886,52,,,1,100,,171888,52,,,1,150,,171891,52,,,1,53,,171893,52,,,1,191,,171900,52,,,1,185,,171904,52,,,1,189,,171908,52,,,1
3301,'20260805',1038,,171913,52,,,1,100,,171914,52,,,1,100,,171915,52,,,1,102,,171916,52,,,1,110,,171917,52,,,1,105,,171918,52,,,1,100,,171920,52,,,1,150,,171923,52,,,1,53,,171925,52,,,1,191,,171932,52,,,1,185,,171936,52,,,1,189,,171940,52,,,1
3301,'20260806',1038,,171945,52,,,1,100,,171946,52,,,1,100,,171947,52,,,1,102,,171948,52,,,1,110,,171949,52,,,1,105,,171950,52,,,1,100,,171952,52,,,1,150,,171955,52,,,1,53,,171957,52,,,1,191,,171964,52,,,1,185,,171968,52,,,1,189,,171972,52,,,1
3301,'20260807',1038,,171977,52,,,1,100,,171978,52,,,1,100,,171979,52,,,1,102,,171980,52,,,1,110,,171981,52,,,1,105,,171982,52,,,1,100,,171984,52,,,1,150,,171987,52,,,1,53,,171989,52,,,1,191,,171996,52,,,1,185,,172000,52,,,1,189,,172004,52,,,1
3301,'20260808',1137,,172008,52,,,1,205,,172010,52,,,1,197,,172012,52,,,1,200,,172014,52,,,1,196,,172015,52,,,1,200,,172016,52,,,1,200,,172017,52,,,1,199,,172018,52,,,1
3301,'20260809',1137,,172020,52,,,1,205,,172022,52,,,1,197,,172024,52,,,1,200,,172026,52,,,1,196,,172027,52,,,1,200,,172028,52,,,1,200,,172029,52,,,1,199,,172030,52,,,1
3301,'20260810',1038,,172033,52,,,1,100,,172034,52,,,1,100,,172035,52,,,1,102,,172036,52,,,1,110,,172037,52,,,1,105,,172038,52,,,1,100,,172040,52,,,1,150,,172043,52,,,1,53,,172045,52,,,1,191,,172052,52,,,1,185,,172056,52,,,1,189,,172060,52,,,1
3301,'20260811',1038,,172065,52,,,1,100,,172066,52,,,1,100,,172067,52,,,1,102,,172068,52,,,1,110,,172069,52,,,1,105,,172070,52,,,1,100,,172072,52,,,1,150,,172075,52,,,1,53,,172077,52,,,1,191,,172084,52,,,1,185,,172088,52,,,1,189,,172092,52,,,1
3301,'20260812',1038,,172097,52,,,1,100,,172098,52,,,1,100,,172099,52,,,1,102,,172100,52,,,1,110,,172101,52,,,1,105,,172102,52,,,1,100,,172104,52,,,1,150,,172107,52,,,1,53,,172109,52,,,1,191,,172116,52,,,1,185,,172120,52,,,1,189,,172124,52,,,1
3301,'20260813',1038,,172129,52,,,1,100,,172130,52,,,1,100,,172131,52,,,1,102,,172132,52,,,1,110,,172133,52,,,1,105,,172134,52,,,1,100,,172136,52,,,1,150,,172139,52,,,1,53,,172141,52,,,1,191,,172148,52,,,1,185,,172152,52,,,1,189,,172156,52,,,1
3301,'20260814',1038,,172161,52,,,1,100,,172162,52,,,1,100,,172163,52,,,1,102,,172164,52,,,1,110,,172165,52,,,1,105,,172166,52,,,1,100,,172168,52,,,1,150,,172171,52,,,1,53,,172173,52,,,1,191,,172180,52,,,1,185,,172184,52,,,1,189,,172188,52,,,1
3301,'20260815',1137,,172192,52,,,1,205,,172194,52,,,1,197,,172196,52,,,1,200,,172198,52,,,1,196,,172199,52,,,1,200,,172200,52,,,1,200,,172201,52,,,1,199,,172202,52,,,1
3301,'20260816',1137,,172204,52,,,1,205,,172206,52,,,1,197,,172208,52,,,1,200,,172210,52,,,1,196,,172211,52,,,1,200,,172212,52,,,1,200,,172213,52,,,1,199,,172214,52,,,1
3301,'20260817',1038,,172217,52,,,1,100,,172218,52,,,1,100,,172219,52,,,1,102,,172220,52,,,1,110,,172221,52,,,1,105,,172222,52,,,1,100,,172224,52,,,1,150,,172227,52,,,1,53,,172229,52,,,1,191,,172236,52,,,1,185,,172240,52,,,1,189,,172244,52,,,1
3301,'20260818',1038,,172249,52,,,1,100,,172250,52,,,1,100,,172251,52,,,1,102,,172252,52,,,1,110,,172253,52,,,1,105,,172254,52,,,1,100,,172256,52,,,1,150,,172259,52,,,1,53,,172261,52,,,1,191,,172268,52,,,1,185,,172272,52,,,1,189,,172276,52,,,1
3301,'20260819',1038,,172281,52,,,1,100,,172282,52,,,1,100,,172283,52,,,1,102,,172284,52,,,1,110,,172285,52,,,1,105,,172286,52,,,1,100,,172288,52,,,1,150,,172291,52,,,1,53,,172293,52,,,1,191,,172300,52,,,1,185,,172304,52,,,1,189,,172308,52,,,1
3301,'20260820',1038,,172313,52,,,1,100,,172314,52,,,1,100,,172315,52,,,1,102,,172316,52,,,1,110,,172317,52,,,1,105,,172318,52,,,1,100,,172320,52,,,1,150,,172323,52,,,1,53,,172325,52,,,1,191,,172332,52,,,1,185,,172336,52,,,1,189,,172340,52,,,1
3301,'20260821',1038,,172345,52,,,1,100,,172346,52,,,1,100,,172347,52,,,1,102,,172348,52,,,1,110,,172349,52,,,1,105,,172350,52,,,1,100,,172352,52,,,1,150,,172355,52,,,1,53,,172357,52,,,1,191,,172364,52,,,1,185,,172368,52,,,1,189,,172372,52,,,1
3301,'20260822',1137,,172376,52,,,1,205,,172378,52,,,1,197,,172380,52,,,1,200,,172382,52,,,1,196,,172383,52,,,1,200,,172384,52,,,1,200,,172385,52,,,1,199,,172386,52,,,1
3301,'20260823',1137,,172388,52,,,1,205,,172390,52,,,1,197,,172392,52,,,1,200,,172394,52,,,1,196,,172395,52,,,1,200,,172396,52,,,1,200,,172397,52,,,1,199,,172398,52,,,1
3301,'20260824',1038,,172401,52,,,1,100,,172402,52,,,1,100,,172403,52,,,1,102,,172404,52,,,1,110,,172405,52,,,1,105,,172406,52,,,1,100,,172408,52,,,1,150,,172411,52,,,1,53,,172413,52,,,1,191,,172420,52,,,1,185,,172424,52,,,1,189,,172428,52,,,1
3301,'20260825',1038,,172433,52,,,1,100,,172434,52,,,1,100,,172435,52,,,1,102,,172436,52,,,1,110,,172437,52,,,1,105,,172438,52,,,1,100,,172440,52,,,1,150,,172443,52,,,1,53,,172445,52,,,1,191,,172452,52,,,1,185,,172456,52,,,1,189,,172460,52,,,1
3301,'20260826',1038,,172465,52,,,1,100,,172466,52,,,1,100,,172467,52,,,1,102,,172468,52,,,1,110,,172469,52,,,1,105,,172470,52,,,1,100,,172472,52,,,1,150,,172475,52,,,1,53,,172477,52,,,1,191,,172484,52,,,1,185,,172488,52,,,1,189,,172492,52,,,1
3301,'20260827',1038,,172497,52,,,1,100,,172498,52,,,1,100,,172499,52,,,1,102,,172500,52,,,1,110,,172501,52,,,1,105,,172502,52,,,1,100,,172504,52,,,1,150,,172507,52,,,1,53,,172509,52,,,1,191,,172516,52,,,1,185,,172520,52,,,1,189,,172524,52,,,1
3301,'20260828',1038,,172529,52,,,1,100,,172530,52,,,1,100,,172531,52,,,1,102,,172532,52,,,1,110,,172533,52,,,1,105,,172534,52,,,1,100,,172536,52,,,1,150,,172539,52,,,1,53,,172541,52,,,1,191,,172548,52,,,1,185,,172552,52,,,1,189,,172556,52,,,1
3301,'20260829',1137,,172560,52,,,1,205,,172562,52,,,1,197,,172564,52,,,1,200,,172566,52,,,1,196,,172567,52,,,1,200,,172568,52,,,1,200,,172569,52,,,1,199,,172570,52,,,1
3301,'20260830',1137,,172572,52,,,1,205,,172574,52,,,1,197,,172576,52,,,1,200,,172578,52,,,1,196,,172579,52,,,1,200,,172580,52,,,1,200,,172581,52,,,1,199,,172582,52,,,1
3301,'20260831',1038,,172585,52,,,1,100,,172586,52,,,1,100,,172587,52,,,1,102,,172588,52,,,1,110,,172589,52,,,1,105,,172590,52,,,1,100,,172592,52,,,1,150,,172595,52,,,1,53,,172597,52,,,1,191,,172604,52,,,1,185,,172608,52,,,1,189,,172612,52,,,1
3301,'20260901',1038,,172617,52,,,1,100,,172618,52,,,1,100,,172619,52,,,1,102,,172620,52,,,1,110,,172621,52,,,1,105,,172622,52,,,1,100,,172624,52,,,1,150,,172627,52,,,1,53,,172629,52,,,1,191,,172636,52,,,1,185,,172640,52,,,1,189,,172644,52,,,1
3301,'20260902',1038,,172649,52,,,1,100,,172650,52,,,1,100,,172651,52,,,1,102,,172652,52,,,1,110,,172653,52,,,1,105,,172654,52,,,1,100,,172656,52,,,1,150,,172659,52,,,1,53,,172661,52,,,1,191,,172668,52,,,1,185,,172672,52,,,1,189,,172676,52,,,1
3301,'20260903',1038,,172681,52,,,1,100,,172682,52,,,1,100,,172683,52,,,1,102,,172684,52,,,1,110,,172685,52,,,1,105,,172686,52,,,1,100,,172688,52,,,1,150,,172691,52,,,1,53,,172693,52,,,1,191,,172700,52,,,1,185,,172704,52,,,1,189,,172708,52,,,1
3301,'20260904',1038,,172713,52,,,1,100,,172714,52,,,1,100,,172715,52,,,1,102,,172716,52,,,1,110,,172717,52,,,1,105,,172718,52,,,1,100,,172720,52,,,1,150,,172723,52,,,1,53,,172725,52,,,1,191,,172732,52,,,1,185,,172736,52,,,1,189,,172740,52,,,1
