1700,'20260310',808,,6143,24,,,1,115,,6144,24,,,1,95,,6145,24,,,1,95,,6146,24,,,1,105,,6147,24,,,1,105,,6148,24,,,1,200,,6149,24,,,1,105,,6150,24,,,1,104,,6151,24,,,1,100,,6152,24,,,1,91,,6153,24,,,1,92,,6154,24,,,1,100,,6155,24,,,1,185,,6156,24,,,1
1700,'20260311',808,,6157,24,,,1,115,,6158,24,,,1,95,,6159,24,,,1,95,,6160,24,,,1,105,,6161,24,,,1,105,,6162,24,,,1,200,,6163,24,,,1,105,,6164,24,,,1,104,,6165,24,,,1,100,,6166,24,,,1,91,,6167,24,,,1,92,,6168,24,,,1,100,,6169,24,,,1,185,,6170,24,,,1
1700,'20260312',808,,6171,24,,,1,115,,6172,24,,,1,95,,6173,24,,,1,95,,6174,24,,,1,105,,6175,24,,,1,105,,6176,24,,,1,200,,6177,24,,,1,105,,6178,24,,,1,104,,6179,24,,,1,100,,6180,24,,,1,91,,6181,24,,,1,92,,6182,24,,,1,100,,6183,24,,,1,185,,6184,24,,,1
1700,'20260313',808,,6185,24,,,1,115,,6186,24,,,1,95,,6187,24,,,1,95,,6188,24,,,1,105,,6189,24,,,1,105,,6190,24,,,1,200,,6191,24,,,1,105,,6192,24,,,1,104,,6193,24,,,1,100,,6194,24,,,1,91,,6195,24,,,1,92,,6196,24,,,1,100,,6197,24,,,1,185,,6198,24,,,1
1700,'20260316',808,,6199,24,,,1,115,,6200,24,,,1,95,,6201,24,,,1,95,,6202,24,,,1,105,,6203,24,,,1,105,,6204,24,,,1,200,,6205,24,,,1,105,,6206,24,,,1,104,,6207,24,,,1,100,,6208,24,,,1,91,,6209,24,,,1,92,,6210,24,,,1,100,,6211,24,,,1,185,,6212,24,,,1
1700,'20260317',808,,6213,24,,,1,115,,6214,24,,,1,95,,6215,24,,,1,95,,6216,24,,,1,105,,6217,24,,,1,105,,6218,24,,,1,200,,6219,24,,,1,105,,6220,24,,,1,104,,6221,24,,,1,100,,6222,24,,,1,91,,6223,24,,,1,92,,6224,24,,,1,100,,6225,24,,,1,185,,6226,24,,,1
1700,'20260318',808,,6227,24,,,1,115,,6228,24,,,1,95,,6229,24,,,1,95,,6230,24,,,1,105,,6231,24,,,1,105,,6232,24,,,1,200,,6233,24,,,1,105,,6234,24,,,1,104,,6235,24,,,1,100,,6236,24,,,1,91,,6237,24,,,1,92,,6238,24,,,1,100,,6239,24,,,1,185,,6240,24,,,1
1700,'20260319',808,,6241,24,,,1,115,,6242,24,,,1,95,,6243,24,,,1,95,,6244,24,,,1,105,,6245,24,,,1,105,,6246,24,,,1,200,,6247,24,,,1,105,,6248,24,,,1,104,,6249,24,,,1,100,,6250,24,,,1,91,,6251,24,,,1,92,,6252,24,,,1,100,,6253,24,,,1,185,,6254,24,,,1
1700,'20260320',808,,6255,24,,,1,115,,6256,24,,,1,95,,6257,24,,,1,95,,6258,24,,,1,105,,6259,24,,,1,105,,6260,24,,,1,200,,6261,24,,,1,105,,6262,24,,,1,104,,6263,24,,,1,100,,6264,24,,,1,91,,6265,24,,,1,92,,6266,24,,,1,100,,6267,24,,,1,185,,6268,24,,,1
1700,'20260323',808,,6269,24,,,1,115,,6270,24,,,1,95,,6271,24,,,1,95,,6272,24,,,1,105,,6273,24,,,1,105,,6274,24,,,1,200,,6275,24,,,1,105,,6276,24,,,1,104,,6277,24,,,1,100,,6278,24,,,1,91,,6279,24,,,1,92,,6280,24,,,1,100,,6281,24,,,1,185,,6282,24,,,1
1700,'20260324',808,,6283,24,,,1,115,,6284,24,,,1,95,,6285,24,,,1,95,,6286,24,,,1,105,,6287,24,,,1,105,,6288,24,,,1,200,,6289,24,,,1,105,,6290,24,,,1,104,,6291,24,,,1,100,,6292,24,,,1,91,,6293,24,,,1,92,,6294,24,,,1,100,,6295,24,,,1,185,,6296,24,,,1
1700,'20260325',808,,6297,24,,,1,115,,6298,24,,,1,95,,6299,24,,,1,95,,6300,24,,,1,105,,6301,24,,,1,105,,6302,24,,,1,200,,6303,24,,,1,105,,6304,24,,,1,104,,6305,24,,,1,100,,6306,24,,,1,91,,6307,24,,,1,92,,6308,24,,,1,100,,6309,24,,,1,185,,6310,24,,,1
1700,'20260326',808,,6311,24,,,1,115,,6312,24,,,1,95,,6313,24,,,1,95,,6314,24,,,1,105,,6315,24,,,1,105,,6316,24,,,1,200,,6317,24,,,1,105,,6318,24,,,1,104,,6319,24,,,1,100,,6320,24,,,1,91,,6321,24,,,1,92,,6322,24,,,1,100,,6323,24,,,1,185,,6324,24,,,1
1700,'20260327',808,,6325,24,,,1,115,,6326,24,,,1,95,,6327,24,,,1,95,,6328,24,,,1,105,,6329,24,,,1,105,,6330,24,,,1,200,,6331,24,,,1,105,,6332,24,,,1,104,,6333,24,,,1,100,,6334,24,,,1,91,,6335,24,,,1,92,,6336,24,,,1,100,,6337,24,,,1,185,,6338,24,,,1
1700,'20260330',808,,6339,24,,,1,115,,6340,24,,,1,95,,6341,24,,,1,95,,6342,24,,,1,105,,6343,24,,,1,105,,6344,24,,,1,200,,6345,24,,,1,105,,6346,24,,,1,104,,6347,24,,,1,100,,6348,24,,,1,91,,6349,24,,,1,92,,6350,24,,,1,100,,6351,24,,,1,185,,6352,24,,,1
1700,'20260331',808,,6353,24,,,1,115,,6354,24,,,1,95,,6355,24,,,1,95,,6356,24,,,1,105,,6357,24,,,1,105,,6358,24,,,1,200,,6359,24,,,1,105,,6360,24,,,1,104,,6361,24,,,1,100,,6362,24,,,1,91,,6363,24,,,1,92,,6364,24,,,1,100,,6365,24,,,1,185,,6366,24,,,1
1700,'20260401',808,,6367,24,,,1,115,,6368,24,,,1,95,,6369,24,,,1,95,,6370,24,,,1,105,,6371,24,,,1,105,,6372,24,,,1,200,,6373,24,,,1,105,,6374,24,,,1,104,,6375,24,,,1,100,,6376,24,,,1,91,,6377,24,,,1,92,,6378,24,,,1,100,,6379,24,,,1,185,,6380,24,,,1
1700,'20260402',808,,6381,24,,,1,115,,6382,24,,,1,95,,6383,24,,,1,95,,6384,24,,,1,105,,6385,24,,,1,105,,6386,24,,,1,200,,6387,24,,,1,105,,6388,24,,,1,104,,6389,24,,,1,100,,6390,24,,,1,91,,6391,24,,,1,92,,6392,24,,,1,100,,6393,24,,,1,185,,6394,24,,,1
1700,'20260406',808,,6395,24,,,1,115,,6396,24,,,1,95,,6397,24,,,1,95,,6398,24,,,1,105,,6399,24,,,1,105,,6400,24,,,1,200,,6401,24,,,1,105,,6402,24,,,1,104,,6403,24,,,1,100,,6404,24,,,1,91,,6405,24,,,1,92,,6406,24,,,1,100,,6407,24,,,1,185,,6408,24,,,1
1700,'20260407',808,,6409,24,,,1,115,,6410,24,,,1,95,,6411,24,,,1,95,,6412,24,,,1,105,,6413,24,,,1,105,,6414,24,,,1,200,,6415,24,,,1,105,,6416,24,,,1,104,,6417,24,,,1,100,,6418,24,,,1,91,,6419,24,,,1,92,,6420,24,,,1,100,,6421,24,,,1,185,,6422,24,,,1
1700,'20260408',808,,6423,24,,,1,115,,6424,24,,,1,95,,6425,24,,,1,95,,6426,24,,,1,105,,6427,24,,,1,105,,6428,24,,,1,200,,6429,24,,,1,105,,6430,24,,,1,104,,6431,24,,,1,100,,6432,24,,,1,91,,6433,24,,,1,92,,6434,24,,,1,100,,6435,24,,,1,185,,6436,24,,,1
1700,'20260409',808,,6437,24,,,1,115,,6438,24,,,1,95,,6439,24,,,1,95,,6440,24,,,1,105,,6441,24,,,1,105,,6442,24,,,1,200,,6443,24,,,1,105,,6444,24,,,1,104,,6445,24,,,1,100,,6446,24,,,1,91,,6447,24,,,1,92,,6448,24,,,1,100,,6449,24,,,1,185,,6450,24,,,1
1700,'20260410',808,,6451,24,,,1,115,,6452,24,,,1,95,,6453,24,,,1,95,,6454,24,,,1,105,,6455,24,,,1,105,,6456,24,,,1,200,,6457,24,,,1,105,,6458,24,,,1,104,,6459,24,,,1,100,,6460,24,,,1,91,,6461,24,,,1,92,,6462,24,,,1,100,,6463,24,,,1,185,,6464,24,,,1
1700,'20260413',808,,6465,24,,,1,115,,6466,24,,,1,95,,6467,24,,,1,95,,6468,24,,,1,105,,6469,24,,,1,105,,6470,24,,,1,200,,6471,24,,,1,105,,6472,24,,,1,104,,6473,24,,,1,100,,6474,24,,,1,91,,6475,24,,,1,92,,6476,24,,,1,100,,6477,24,,,1,185,,6478,24,,,1
1700,'20260414',808,,6479,24,,,1,115,,6480,24,,,1,95,,6481,24,,,1,95,,6482,24,,,1,105,,6483,24,,,1,105,,6484,24,,,1,200,,6485,24,,,1,105,,6486,24,,,1,104,,6487,24,,,1,100,,6488,24,,,1,91,,6489,24,,,1,92,,6490,24,,,1,100,,6491,24,,,1,185,,6492,24,,,1
1700,'20260415',808,,6493,24,,,1,115,,6494,24,,,1,95,,6495,24,,,1,95,,6496,24,,,1,105,,6497,24,,,1,105,,6498,24,,,1,200,,6499,24,,,1,105,,6500,24,,,1,104,,6501,24,,,1,100,,6502,24,,,1,91,,6503,24,,,1,92,,6504,24,,,1,100,,6505,24,,,1,185,,6506,24,,,1
1700,'20260416',808,,6507,24,,,1,115,,6508,24,,,1,95,,6509,24,,,1,95,,6510,24,,,1,105,,6511,24,,,1,105,,6512,24,,,1,200,,6513,24,,,1,105,,6514,24,,,1,104,,6515,24,,,1,100,,6516,24,,,1,91,,6517,24,,,1,92,,6518,24,,,1,100,,6519,24,,,1,185,,6520,24,,,1
1700,'20260417',808,,6521,24,,,1,115,,6522,24,,,1,95,,6523,24,,,1,95,,6524,24,,,1,105,,6525,24,,,1,105,,6526,24,,,1,200,,6527,24,,,1,105,,6528,24,,,1,104,,6529,24,,,1,100,,6530,24,,,1,91,,6531,24,,,1,92,,6532,24,,,1,100,,6533,24,,,1,185,,6534,24,,,1
1700,'20260420',808,,6535,24,,,1,115,,6536,24,,,1,95,,6537,24,,,1,95,,6538,24,,,1,105,,6539,24,,,1,105,,6540,24,,,1,200,,6541,24,,,1,105,,6542,24,,,1,104,,6543,24,,,1,100,,6544,24,,,1,91,,6545,24,,,1,92,,6546,24,,,1,100,,6547,24,,,1,185,,6548,24,,,1
1700,'20260421',808,,6549,24,,,1,115,,6550,24,,,1,95,,6551,24,,,1,95,,6552,24,,,1,105,,6553,24,,,1,105,,6554,24,,,1,200,,6555,24,,,1,105,,6556,24,,,1,104,,6557,24,,,1,100,,6558,24,,,1,91,,6559,24,,,1,92,,6560,24,,,1,100,,6561,24,,,1,185,,6562,24,,,1
1700,'20260422',808,,6563,24,,,1,115,,6564,24,,,1,95,,6565,24,,,1,95,,6566,24,,,1,105,,6567,24,,,1,105,,6568,24,,,1,200,,6569,24,,,1,105,,6570,24,,,1,104,,6571,24,,,1,100,,6572,24,,,1,91,,6573,24,,,1,92,,6574,24,,,1,100,,6575,24,,,1,185,,6576,24,,,1
1700,'20260423',808,,6577,24,,,1,115,,6578,24,,,1,95,,6579,24,,,1,95,,6580,24,,,1,105,,6581,24,,,1,105,,6582,24,,,1,200,,6583,24,,,1,105,,6584,24,,,1,104,,6585,24,,,1,100,,6586,24,,,1,91,,6587,24,,,1,92,,6588,24,,,1,100,,6589,24,,,1,185,,6590,24,,,1
1700,'20260424',808,,6591,24,,,1,115,,6592,24,,,1,95,,6593,24,,,1,95,,6594,24,,,1,105,,6595,24,,,1,105,,6596,24,,,1,200,,6597,24,,,1,105,,6598,24,,,1,104,,6599,24,,,1,100,,6600,24,,,1,91,,6601,24,,,1,92,,6602,24,,,1,100,,6603,24,,,1,185,,6604,24,,,1
2501,'20260310',719,,16827,9,,,1,33,,16828,9,,,1,58,,16830,3,0,7 43 44 45,1,12,,16829,9,,,1,23,,16832,3,0,7 43 44 45,1,7,,16831,9,,,1,70,,16833,9,,,1,3,,16834,3,0,7 43 44 45,1,97,,16835,9,,,1,8,,16836,3,0,7 43 44 45,1,92,,16837,9,,,1,8,,16838,3,0,7 43 44 45,1,92,,16839,9,,,1,100,,16840,9,,,1,100,,16841,9,,,1,105,,16842,9,,,1,100,,16843,9,,,1,73,,16844,2,0,31 43 44 45,1,37,,16845,9,,,1,100,,16846,9,,,1,95,,16847,9,,,1,92,,16848,9,,,1,95,,16849,9,,,1,95,,16850,9,,,1,100,,16851,9,,,1,198,,16852,9,,,1
2501,'20260311',719,,16853,9,,,1,33,,16854,9,,,1,58,,16856,3,0,7 43 44 45,1,12,,16855,9,,,1,23,,16858,3,0,7 43 44 45,1,7,,16857,9,,,1,70,,16859,9,,,1,3,,16860,3,0,7 43 44 45,1,97,,16861,9,,,1,8,,16862,3,0,7 43 44 45,1,92,,16863,9,,,1,8,,16864,3,0,7 43 44 45,1,92,,16865,9,,,1,100,,16866,9,,,1,100,,16867,9,,,1,105,,16868,9,,,1,100,,16869,9,,,1,73,,16870,2,0,31 43 44 45,1,37,,16871,9,,,1,100,,16872,9,,,1,95,,16873,9,,,1,92,,16874,9,,,1,95,,16875,9,,,1,95,,16876,9,,,1,100,,16877,9,,,1,198,,16878,9,,,1
2501,'20260312',719,,16879,9,,,1,33,,16880,9,,,1,58,,16882,3,0,7 43 44 45,1,12,,16881,9,,,1,23,,16884,3,0,7 43 44 45,1,7,,16883,9,,,1,70,,16885,9,,,1,3,,16886,3,0,7 43 44 45,1,97,,16887,9,,,1,8,,16888,3,0,7 43 44 45,1,92,,16889,9,,,1,8,,16890,3,0,7 43 44 45,1,92,,16891,9,,,1,100,,16892,9,,,1,8,,16893,2,0,31 43 44 45,1,92,,16894,9,,,1,28,,16896,2,0,31 43 44 45,1,70,,16897,2,0,31 43 44 45,1,7,,16895,9,,,1,100,,16898,9,,,1,23,,16899,2,0,31 43 44 45,1,50,,16900,2,0,31 43 44 45,1,37,,16901,9,,,1,3,,16902,2,0,31 43 44 45,1,80,,16904,2,0,31 43 44 45,1,17,,16903,9,,,1,18,,16905,2,0,31 43 44 45,1,77,,16906,9,,,1,8,,16907,2,0,31 43 44 45,1,5,,16908,2,0,31 43 44 45,1,79,,16909,9,,,1,95,,16910,9,,,1,95,,16911,9,,,1,100,,16912,9,,,1,198,,16913,9,,,1
2501,'20260313',719,,16914,9,,,1,33,,16915,9,,,1,58,,16917,3,0,7 43 44 45,1,12,,16916,9,,,1,23,,16919,3,0,7 43 44 45,1,7,,16918,9,,,1,70,,16920,9,,,1,3,,16921,3,0,7 43 44 45,1,97,,16922,9,,,1,8,,16923,3,0,7 43 44 45,1,92,,16924,9,,,1,8,,16925,3,0,7 43 44 45,1,92,,16926,9,,,1,100,,16927,9,,,1,8,,16928,2,0,31 43 44 45,1,90,,16930,2,0,31 43 44 45,1,2,,16929,9,,,1,28,,16932,2,0,31 43 44 45,1,70,,16933,2,0,31 43 44 45,1,7,,16931,9,,,1,98,,16935,2,0,31 43 44 45,1,2,,16934,9,,,1,23,,16936,2,0,31 43 44 45,1,50,,16937,2,0,31 43 44 45,1,37,,16938,9,,,1,3,,16939,2,0,31 43 44 45,1,15,,16940,2,0,31 43 44 45,1,65,,16942,2,0,31 43 44 45,1,17,,16941,9,,,1,18,,16943,2,0,31 43 44 45,1,77,,16944,9,,,1,8,,16945,2,0,31 43 44 45,1,5,,16946,2,0,31 43 44 45,1,79,,16947,9,,,1,95,,16948,9,,,1,95,,16949,9,,,1,100,,16950,9,,,1,198,,16951,9,,,1
2501,'20260314',737,,16952,9,,,1,102,,16953,9,,,1,105,,16954,9,,,1,105,,16955,10,0,46 43 44 45,1,6,,16956,2,0,31 43 44 45,1,94,,16957,10,0,46 43 44 45,1,51,,16958,2,0,31 43 44 45,1,53,,16959,10,0,46 43 44 45,1,47,,16960,2,0,31 43 44 45,1,53,,16961,10,0,46 43 44 45,1,47,,16962,2,0,31 43 44 45,1,100,,16964,2,0,31 43 44 45,1,3,,16963,10,0,46 43 44 45,1,17,,16965,2,0,31 43 44 45,1,80,,16967,2,0,31 43 44 45,1,3,,16966,10,0,46 43 44 45,1,12,,16968,2,0,31 43 44 45,1,85,,16970,2,0,31 43 44 45,1,3,,16969,10,0,46 43 44 45,1,17,,16971,2,0,31 43 44 45,1,80,,16973,2,0,31 43 44 45,1,3,,16972,10,0,46 43 44 45,1,17,,16974,2,0,31 43 44 45,1,80,,16976,2,0,31 43 44 45,1,3,,16975,10,0,46 43 44 45,1,17,,16977,2,0,31 43 44 45,1,80,,16979,2,0,31 43 44 45,1,3,,16978,10,0,46 43 44 45,1,17,,16980,2,0,31 43 44 45,1,39,,16981,10,0,46 43 44 45,1,41,,16982,2,0,31 43 44 45,1,20,,16983,2,0,31 43 44 45,1,35,,16985,2,0,31 43 44 45,1,4,,16984,10,0,46 43 44 45,1,71,,16987,2,0,31 43 44 45,1,14,,16986,9,,,1,95,,16988,9,,,1,100,,16989,9,,,1,98,,16990,9,,,1
2501,'20260315',737,,16991,9,,,1,102,,16992,9,,,1,105,,16993,9,,,1,105,,16994,10,0,46 43 44 45,1,6,,16995,2,0,31 43 44 45,1,94,,16996,10,0,46 43 44 45,1,51,,16997,2,0,31 43 44 45,1,53,,16998,10,0,46 43 44 45,1,47,,16999,2,0,31 43 44 45,1,53,,17000,10,0,46 43 44 45,1,47,,17001,2,0,31 43 44 45,1,100,,17003,2,0,31 43 44 45,1,3,,17002,10,0,46 43 44 45,1,17,,17004,2,0,31 43 44 45,1,80,,17006,2,0,31 43 44 45,1,3,,17005,10,0,46 43 44 45,1,12,,17007,2,0,31 43 44 45,1,85,,17009,2,0,31 43 44 45,1,3,,17008,10,0,46 43 44 45,1,17,,17010,2,0,31 43 44 45,1,80,,17012,2,0,31 43 44 45,1,3,,17011,10,0,46 43 44 45,1,17,,17013,2,0,31 43 44 45,1,80,,17015,2,0,31 43 44 45,1,3,,17014,10,0,46 43 44 45,1,17,,17016,2,0,31 43 44 45,1,80,,17018,2,0,31 43 44 45,1,3,,17017,10,0,46 43 44 45,1,17,,17019,2,0,31 43 44 45,1,39,,17020,10,0,46 43 44 45,1,41,,17021,2,0,31 43 44 45,1,20,,17022,2,0,31 43 44 45,1,35,,17024,2,0,31 43 44 45,1,4,,17023,10,0,46 43 44 45,1,71,,17026,2,0,31 43 44 45,1,14,,17025,9,,,1,95,,17027,9,,,1,100,,17028,9,,,1,98,,17029,9,,,1
2501,'20260316',719,,17030,9,,,1,33,,17031,9,,,1,58,,17033,3,0,7 43 44 45,1,12,,17032,9,,,1,23,,17035,3,0,7 43 44 45,1,7,,17034,9,,,1,70,,17036,9,,,1,3,,17037,3,0,7 43 44 45,1,97,,17038,9,,,1,8,,17039,3,0,7 43 44 45,1,92,,17040,9,,,1,8,,17041,3,0,7 43 44 45,1,92,,17042,9,,,1,100,,17043,9,,,1,100,,17044,9,,,1,105,,17045,9,,,1,100,,17046,9,,,1,73,,17047,2,0,31 43 44 45,1,37,,17048,9,,,1,100,,17049,9,,,1,95,,17050,9,,,1,92,,17051,9,,,1,95,,17052,9,,,1,95,,17053,9,,,1,100,,17054,9,,,1,198,,17055,9,,,1
2501,'20260317',719,,17056,9,,,1,33,,17057,9,,,1,58,,17059,3,0,7 43 44 45,1,12,,17058,9,,,1,23,,17061,3,0,7 43 44 45,1,7,,17060,9,,,1,70,,17062,9,,,1,3,,17063,3,0,7 43 44 45,1,97,,17064,9,,,1,8,,17065,3,0,7 43 44 45,1,92,,17066,9,,,1,8,,17067,3,0,7 43 44 45,1,92,,17068,9,,,1,100,,17069,9,,,1,100,,17070,9,,,1,105,,17071,9,,,1,100,,17072,9,,,1,73,,17073,2,0,31 43 44 45,1,37,,17074,9,,,1,100,,17075,9,,,1,95,,17076,9,,,1,92,,17077,9,,,1,95,,17078,9,,,1,95,,17079,9,,,1,100,,17080,9,,,1,198,,17081,9,,,1
2501,'20260318',719,,17082,9,,,1,33,,17083,9,,,1,58,,17085,3,0,7 43 44 45,1,12,,17084,9,,,1,23,,17087,3,0,7 43 44 45,1,7,,17086,9,,,1,70,,17088,9,,,1,3,,17089,3,0,7 43 44 45,1,97,,17090,9,,,1,8,,17091,3,0,7 43 44 45,1,92,,17092,9,,,1,8,,17093,3,0,7 43 44 45,1,92,,17094,9,,,1,100,,17095,9,,,1,100,,17096,9,,,1,105,,17097,9,,,1,100,,17098,9,,,1,73,,17099,2,0,31 43 44 45,1,37,,17100,9,,,1,100,,17101,9,,,1,95,,17102,9,,,1,92,,17103,9,,,1,95,,17104,9,,,1,95,,17105,9,,,1,100,,17106,9,,,1,198,,17107,9,,,1
2501,'20260319',719,,17108,9,,,1,33,,17109,9,,,1,58,,17111,3,0,7 43 44 45,1,12,,17110,9,,,1,23,,17113,3,0,7 43 44 45,1,7,,17112,9,,,1,70,,17114,9,,,1,3,,17115,3,0,7 43 44 45,1,97,,17116,9,,,1,8,,17117,3,0,7 43 44 45,1,92,,17118,9,,,1,8,,17119,3,0,7 43 44 45,1,92,,17120,9,,,1,100,,17121,9,,,1,8,,17122,2,0,31 43 44 45,1,92,,17123,9,,,1,28,,17125,2,0,31 43 44 45,1,70,,17126,2,0,31 43 44 45,1,7,,17124,9,,,1,100,,17127,9,,,1,23,,17128,2,0,31 43 44 45,1,50,,17129,2,0,31 43 44 45,1,37,,17130,9,,,1,3,,17131,2,0,31 43 44 45,1,80,,17133,2,0,31 43 44 45,1,17,,17132,9,,,1,18,,17134,2,0,31 43 44 45,1,77,,17135,9,,,1,8,,17136,2,0,31 43 44 45,1,5,,17137,2,0,31 43 44 45,1,79,,17138,9,,,1,95,,17139,9,,,1,95,,17140,9,,,1,100,,17141,9,,,1,198,,17142,9,,,1
2501,'20260320',719,,17143,9,,,1,33,,17144,9,,,1,58,,17146,3,0,7 43 44 45,1,12,,17145,9,,,1,23,,17148,3,0,7 43 44 45,1,7,,17147,9,,,1,70,,17149,9,,,1,3,,17150,3,0,7 43 44 45,1,97,,17151,9,,,1,8,,17152,3,0,7 43 44 45,1,92,,17153,9,,,1,8,,17154,3,0,7 43 44 45,1,92,,17155,9,,,1,100,,17156,9,,,1,8,,17157,2,0,31 43 44 45,1,90,,17159,2,0,31 43 44 45,1,2,,17158,9,,,1,28,,17161,2,0,31 43 44 45,1,70,,17162,2,0,31 43 44 45,1,7,,17160,9,,,1,98,,17164,2,0,31 43 44 45,1,2,,17163,9,,,1,23,,17165,2,0,31 43 44 45,1,50,,17166,2,0,31 43 44 45,1,37,,17167,9,,,1,3,,17168,2,0,31 43 44 45,1,15,,17169,2,0,31 43 44 45,1,65,,17171,2,0,31 43 44 45,1,17,,17170,9,,,1,18,,17172,2,0,31 43 44 45,1,77,,17173,9,,,1,8,,17174,2,0,31 43 44 45,1,5,,17175,2,0,31 43 44 45,1,79,,17176,9,,,1,95,,17177,9,,,1,95,,17178,9,,,1,100,,17179,9,,,1,198,,17180,9,,,1
2501,'20260321',737,,17181,9,,,1,102,,17182,9,,,1,105,,17183,9,,,1,105,,17184,10,0,46 43 44 45,1,6,,17185,2,0,31 43 44 45,1,94,,17186,10,0,46 43 44 45,1,51,,17187,2,0,31 43 44 45,1,53,,17188,10,0,46 43 44 45,1,47,,17189,2,0,31 43 44 45,1,53,,17190,10,0,46 43 44 45,1,47,,17191,2,0,31 43 44 45,1,100,,17193,2,0,31 43 44 45,1,3,,17192,10,0,46 43 44 45,1,17,,17194,2,0,31 43 44 45,1,80,,17196,2,0,31 43 44 45,1,3,,17195,10,0,46 43 44 45,1,12,,17197,2,0,31 43 44 45,1,85,,17199,2,0,31 43 44 45,1,3,,17198,10,0,46 43 44 45,1,17,,17200,2,0,31 43 44 45,1,80,,17202,2,0,31 43 44 45,1,3,,17201,10,0,46 43 44 45,1,17,,17203,2,0,31 43 44 45,1,80,,17205,2,0,31 43 44 45,1,3,,17204,10,0,46 43 44 45,1,17,,17206,2,0,31 43 44 45,1,80,,17208,2,0,31 43 44 45,1,3,,17207,10,0,46 43 44 45,1,17,,17209,2,0,31 43 44 45,1,39,,17210,10,0,46 43 44 45,1,41,,17211,2,0,31 43 44 45,1,20,,17212,2,0,31 43 44 45,1,35,,17214,2,0,31 43 44 45,1,4,,17213,10,0,46 43 44 45,1,71,,17216,2,0,31 43 44 45,1,14,,17215,9,,,1,95,,17217,9,,,1,100,,17218,9,,,1,98,,17219,9,,,1
2501,'20260322',737,,17220,9,,,1,102,,17221,9,,,1,105,,17222,9,,,1,105,,17223,10,0,46 43 44 45,1,6,,17224,2,0,31 43 44 45,1,94,,17225,10,0,46 43 44 45,1,51,,17226,2,0,31 43 44 45,1,53,,17227,10,0,46 43 44 45,1,47,,17228,2,0,31 43 44 45,1,53,,17229,10,0,46 43 44 45,1,47,,17230,2,0,31 43 44 45,1,100,,17232,2,0,31 43 44 45,1,3,,17231,10,0,46 43 44 45,1,17,,17233,2,0,31 43 44 45,1,80,,17235,2,0,31 43 44 45,1,3,,17234,10,0,46 43 44 45,1,12,,17236,2,0,31 43 44 45,1,85,,17238,2,0,31 43 44 45,1,3,,17237,10,0,46 43 44 45,1,17,,17239,2,0,31 43 44 45,1,80,,17241,2,0,31 43 44 45,1,3,,17240,10,0,46 43 44 45,1,17,,17242,2,0,31 43 44 45,1,80,,17244,2,0,31 43 44 45,1,3,,17243,10,0,46 43 44 45,1,17,,17245,2,0,31 43 44 45,1,80,,17247,2,0,31 43 44 45,1,3,,17246,10,0,46 43 44 45,1,17,,17248,2,0,31 43 44 45,1,39,,17249,10,0,46 43 44 45,1,41,,17250,2,0,31 43 44 45,1,20,,17251,2,0,31 43 44 45,1,35,,17253,2,0,31 43 44 45,1,4,,17252,10,0,46 43 44 45,1,71,,17255,2,0,31 43 44 45,1,14,,17254,9,,,1,95,,17256,9,,,1,100,,17257,9,,,1,98,,17258,9,,,1
2501,'20260323',719,,17259,9,,,1,33,,17260,9,,,1,58,,17262,3,0,7 43 44 45,1,12,,17261,9,,,1,23,,17264,3,0,7 43 44 45,1,7,,17263,9,,,1,70,,17265,9,,,1,3,,17266,3,0,7 43 44 45,1,97,,17267,9,,,1,8,,17268,3,0,7 43 44 45,1,92,,17269,9,,,1,8,,17270,3,0,7 43 44 45,1,92,,17271,9,,,1,100,,17272,9,,,1,100,,17273,9,,,1,105,,17274,9,,,1,100,,17275,9,,,1,73,,17276,2,0,31 43 44 45,1,37,,17277,9,,,1,100,,17278,9,,,1,95,,17279,9,,,1,92,,17280,9,,,1,95,,17281,9,,,1,95,,17282,9,,,1,100,,17283,9,,,1,198,,17284,9,,,1
2501,'20260324',719,,17285,9,,,1,33,,17286,9,,,1,58,,17288,3,0,7 43 44 45,1,12,,17287,9,,,1,23,,17290,3,0,7 43 44 45,1,7,,17289,9,,,1,70,,17291,9,,,1,3,,17292,3,0,7 43 44 45,1,97,,17293,9,,,1,8,,17294,3,0,7 43 44 45,1,92,,17295,9,,,1,8,,17296,3,0,7 43 44 45,1,92,,17297,9,,,1,100,,17298,9,,,1,100,,17299,9,,,1,105,,17300,9,,,1,100,,17301,9,,,1,73,,17302,2,0,31 43 44 45,1,37,,17303,9,,,1,100,,17304,9,,,1,95,,17305,9,,,1,92,,17306,9,,,1,95,,17307,9,,,1,95,,17308,9,,,1,100,,17309,9,,,1,198,,17310,9,,,1
2501,'20260325',719,,17311,9,,,1,33,,17312,9,,,1,58,,17314,3,0,7 43 44 45,1,12,,17313,9,,,1,23,,17316,3,0,7 43 44 45,1,7,,17315,9,,,1,70,,17317,9,,,1,3,,17318,3,0,7 43 44 45,1,97,,17319,9,,,1,8,,17320,3,0,7 43 44 45,1,92,,17321,9,,,1,8,,17322,3,0,7 43 44 45,1,92,,17323,9,,,1,100,,17324,9,,,1,100,,17325,9,,,1,105,,17326,9,,,1,100,,17327,9,,,1,73,,17328,2,0,31 43 44 45,1,37,,17329,9,,,1,100,,17330,9,,,1,95,,17331,9,,,1,92,,17332,9,,,1,95,,17333,9,,,1,95,,17334,9,,,1,100,,17335,9,,,1,198,,17336,9,,,1
2501,'20260326',719,,17337,9,,,1,33,,17338,9,,,1,58,,17340,3,0,7 43 44 45,1,12,,17339,9,,,1,23,,17342,3,0,7 43 44 45,1,7,,17341,9,,,1,70,,17343,9,,,1,3,,17344,3,0,7 43 44 45,1,97,,17345,9,,,1,8,,17346,3,0,7 43 44 45,1,92,,17347,9,,,1,8,,17348,3,0,7 43 44 45,1,92,,17349,9,,,1,100,,17350,9,,,1,8,,17351,2,0,31 43 44 45,1,92,,17352,9,,,1,28,,17354,2,0,31 43 44 45,1,70,,17355,2,0,31 43 44 45,1,7,,17353,9,,,1,100,,17356,9,,,1,23,,17357,2,0,31 43 44 45,1,50,,17358,2,0,31 43 44 45,1,37,,17359,9,,,1,3,,17360,2,0,31 43 44 45,1,80,,17362,2,0,31 43 44 45,1,17,,17361,9,,,1,18,,17363,2,0,31 43 44 45,1,77,,17364,9,,,1,8,,17365,2,0,31 43 44 45,1,5,,17366,2,0,31 43 44 45,1,79,,17367,9,,,1,95,,17368,9,,,1,95,,17369,9,,,1,100,,17370,9,,,1,198,,17371,9,,,1
2501,'20260327',719,,17372,9,,,1,33,,17373,9,,,1,58,,17375,3,0,7 43 44 45,1,12,,17374,9,,,1,23,,17377,3,0,7 43 44 45,1,7,,17376,9,,,1,70,,17378,9,,,1,3,,17379,3,0,7 43 44 45,1,97,,17380,9,,,1,8,,17381,3,0,7 43 44 45,1,92,,17382,9,,,1,8,,17383,3,0,7 43 44 45,1,92,,17384,9,,,1,100,,17385,9,,,1,8,,17386,2,0,31 43 44 45,1,90,,17388,2,0,31 43 44 45,1,2,,17387,9,,,1,28,,17390,2,0,31 43 44 45,1,70,,17391,2,0,31 43 44 45,1,7,,17389,9,,,1,98,,17393,2,0,31 43 44 45,1,2,,17392,9,,,1,23,,17394,2,0,31 43 44 45,1,50,,17395,2,0,31 43 44 45,1,37,,17396,9,,,1,3,,17397,2,0,31 43 44 45,1,15,,17398,2,0,31 43 44 45,1,65,,17400,2,0,31 43 44 45,1,17,,17399,9,,,1,18,,17401,2,0,31 43 44 45,1,77,,17402,9,,,1,8,,17403,2,0,31 43 44 45,1,5,,17404,2,0,31 43 44 45,1,79,,17405,9,,,1,95,,17406,9,,,1,95,,17407,9,,,1,100,,17408,9,,,1,198,,17409,9,,,1
2501,'20260328',737,,17410,9,,,1,102,,17411,9,,,1,105,,17412,9,,,1,105,,17413,10,0,46 43 44 45,1,6,,17414,2,0,31 43 44 45,1,94,,17415,10,0,46 43 44 45,1,51,,17416,2,0,31 43 44 45,1,53,,17417,10,0,46 43 44 45,1,47,,17418,2,0,31 43 44 45,1,53,,17419,10,0,46 43 44 45,1,47,,17420,2,0,31 43 44 45,1,100,,17422,2,0,31 43 44 45,1,3,,17421,10,0,46 43 44 45,1,17,,17423,2,0,31 43 44 45,1,80,,17425,2,0,31 43 44 45,1,3,,17424,10,0,46 43 44 45,1,12,,17426,2,0,31 43 44 45,1,85,,17428,2,0,31 43 44 45,1,3,,17427,10,0,46 43 44 45,1,17,,17429,2,0,31 43 44 45,1,80,,17431,2,0,31 43 44 45,1,3,,17430,10,0,46 43 44 45,1,17,,17432,2,0,31 43 44 45,1,80,,17434,2,0,31 43 44 45,1,3,,17433,10,0,46 43 44 45,1,17,,17435,2,0,31 43 44 45,1,80,,17437,2,0,31 43 44 45,1,3,,17436,10,0,46 43 44 45,1,17,,17438,2,0,31 43 44 45,1,39,,17439,10,0,46 43 44 45,1,41,,17440,2,0,31 43 44 45,1,20,,17441,2,0,31 43 44 45,1,35,,17443,2,0,31 43 44 45,1,4,,17442,10,0,46 43 44 45,1,71,,17445,2,0,31 43 44 45,1,14,,17444,9,,,1,95,,17446,9,,,1,100,,17447,9,,,1,98,,17448,9,,,1
2501,'20260329',737,,17449,9,,,1,102,,17450,9,,,1,105,,17451,9,,,1,105,,17452,10,0,46 43 44 45,1,6,,17453,2,0,31 43 44 45,1,94,,17454,10,0,46 43 44 45,1,51,,17455,2,0,31 43 44 45,1,53,,17456,10,0,46 43 44 45,1,47,,17457,2,0,31 43 44 45,1,53,,17458,10,0,46 43 44 45,1,47,,17459,2,0,31 43 44 45,1,100,,17461,2,0,31 43 44 45,1,3,,17460,10,0,46 43 44 45,1,17,,17462,2,0,31 43 44 45,1,80,,17464,2,0,31 43 44 45,1,3,,17463,10,0,46 43 44 45,1,12,,17465,2,0,31 43 44 45,1,85,,17467,2,0,31 43 44 45,1,3,,17466,10,0,46 43 44 45,1,17,,17468,2,0,31 43 44 45,1,80,,17470,2,0,31 43 44 45,1,3,,17469,10,0,46 43 44 45,1,17,,17471,2,0,31 43 44 45,1,80,,17473,2,0,31 43 44 45,1,3,,17472,10,0,46 43 44 45,1,17,,17474,2,0,31 43 44 45,1,80,,17476,2,0,31 43 44 45,1,3,,17475,10,0,46 43 44 45,1,17,,17477,2,0,31 43 44 45,1,39,,17478,10,0,46 43 44 45,1,41,,17479,2,0,31 43 44 45,1,20,,17480,2,0,31 43 44 45,1,35,,17482,2,0,31 43 44 45,1,4,,17481,10,0,46 43 44 45,1,71,,17484,2,0,31 43 44 45,1,14,,17483,9,,,1,95,,17485,9,,,1,100,,17486,9,,,1,98,,17487,9,,,1
2501,'20260330',719,,17488,9,,,1,33,,17489,9,,,1,58,,17491,3,0,7 43 44 45,1,12,,17490,9,,,1,23,,17493,3,0,7 43 44 45,1,7,,17492,9,,,1,70,,17494,9,,,1,3,,17495,3,0,7 43 44 45,1,97,,17496,9,,,1,8,,17497,3,0,7 43 44 45,1,92,,17498,9,,,1,8,,17499,3,0,7 43 44 45,1,92,,17500,9,,,1,100,,17501,9,,,1,100,,17502,9,,,1,105,,17503,9,,,1,100,,17504,9,,,1,73,,17505,2,0,31 43 44 45,1,37,,17506,9,,,1,100,,17507,9,,,1,95,,17508,9,,,1,92,,17509,9,,,1,95,,17510,9,,,1,95,,17511,9,,,1,100,,17512,9,,,1,198,,17513,9,,,1
2501,'20260331',719,,17514,9,,,1,33,,17515,9,,,1,58,,17517,3,0,7 43 44 45,1,12,,17516,9,,,1,23,,17519,3,0,7 43 44 45,1,7,,17518,9,,,1,70,,17520,9,,,1,3,,17521,3,0,7 43 44 45,1,97,,17522,9,,,1,8,,17523,3,0,7 43 44 45,1,92,,17524,9,,,1,8,,17525,3,0,7 43 44 45,1,92,,17526,9,,,1,100,,17527,9,,,1,100,,17528,9,,,1,105,,17529,9,,,1,100,,17530,9,,,1,73,,17531,2,0,31 43 44 45,1,37,,17532,9,,,1,100,,17533,9,,,1,95,,17534,9,,,1,92,,17535,9,,,1,95,,17536,9,,,1,95,,17537,9,,,1,100,,17538,9,,,1,198,,17539,9,,,1
2501,'20260401',719,,17540,9,,,1,33,,17541,9,,,1,58,,17543,3,0,7 43 44 45,1,12,,17542,9,,,1,23,,17545,3,0,7 43 44 45,1,7,,17544,9,,,1,70,,17546,9,,,1,3,,17547,3,0,7 43 44 45,1,97,,17548,9,,,1,8,,17549,3,0,7 43 44 45,1,92,,17550,9,,,1,8,,17551,3,0,7 43 44 45,1,92,,17552,9,,,1,100,,17553,9,,,1,100,,17554,9,,,1,105,,17555,9,,,1,100,,17556,9,,,1,73,,17557,2,0,31 43 44 45,1,37,,17558,9,,,1,100,,17559,9,,,1,95,,17560,9,,,1,92,,17561,9,,,1,95,,17562,9,,,1,95,,17563,9,,,1,100,,17564,9,,,1,198,,17565,9,,,1
2501,'20260402',719,,17566,9,,,1,33,,17567,9,,,1,58,,17569,3,0,7 43 44 45,1,12,,17568,9,,,1,23,,17571,3,0,7 43 44 45,1,7,,17570,9,,,1,70,,17572,9,,,1,3,,17573,3,0,7 43 44 45,1,97,,17574,9,,,1,8,,17575,3,0,7 43 44 45,1,92,,17576,9,,,1,8,,17577,3,0,7 43 44 45,1,92,,17578,9,,,1,100,,17579,9,,,1,8,,17580,2,0,31 43 44 45,1,92,,17581,9,,,1,28,,17583,2,0,31 43 44 45,1,70,,17584,2,0,31 43 44 45,1,7,,17582,9,,,1,100,,17585,9,,,1,23,,17586,2,0,31 43 44 45,1,50,,17587,2,0,31 43 44 45,1,37,,17588,9,,,1,3,,17589,2,0,31 43 44 45,1,80,,17591,2,0,31 43 44 45,1,17,,17590,9,,,1,18,,17592,2,0,31 43 44 45,1,77,,17593,9,,,1,8,,17594,2,0,31 43 44 45,1,5,,17595,2,0,31 43 44 45,1,79,,17596,9,,,1,95,,17597,9,,,1,95,,17598,9,,,1,100,,17599,9,,,1,198,,17600,9,,,1
2501,'20260403',737,,17601,9,,,1,102,,17602,9,,,1,105,,17603,9,,,1,105,,17604,10,0,46 43 44 45,1,6,,17605,2,0,31 43 44 45,1,94,,17606,10,0,46 43 44 45,1,51,,17607,2,0,31 43 44 45,1,53,,17608,10,0,46 43 44 45,1,47,,17609,2,0,31 43 44 45,1,53,,17610,10,0,46 43 44 45,1,47,,17611,2,0,31 43 44 45,1,100,,17613,2,0,31 43 44 45,1,3,,17612,10,0,46 43 44 45,1,17,,17614,2,0,31 43 44 45,1,80,,17616,2,0,31 43 44 45,1,3,,17615,10,0,46 43 44 45,1,12,,17617,2,0,31 43 44 45,1,85,,17619,2,0,31 43 44 45,1,3,,17618,10,0,46 43 44 45,1,17,,17620,2,0,31 43 44 45,1,80,,17622,2,0,31 43 44 45,1,3,,17621,10,0,46 43 44 45,1,17,,17623,2,0,31 43 44 45,1,80,,17625,2,0,31 43 44 45,1,3,,17624,10,0,46 43 44 45,1,17,,17626,2,0,31 43 44 45,1,80,,17628,2,0,31 43 44 45,1,3,,17627,10,0,46 43 44 45,1,17,,17629,2,0,31 43 44 45,1,39,,17630,10,0,46 43 44 45,1,41,,17631,2,0,31 43 44 45,1,20,,17632,2,0,31 43 44 45,1,35,,17634,2,0,31 43 44 45,1,4,,17633,10,0,46 43 44 45,1,71,,17636,2,0,31 43 44 45,1,14,,17635,9,,,1,95,,17637,9,,,1,100,,17638,9,,,1,98,,17639,9,,,1
2501,'20260404',737,,17640,9,,,1,102,,17641,9,,,1,105,,17642,9,,,1,105,,17643,10,0,46 43 44 45,1,6,,17644,2,0,31 43 44 45,1,94,,17645,10,0,46 43 44 45,1,51,,17646,2,0,31 43 44 45,1,53,,17647,10,0,46 43 44 45,1,47,,17648,2,0,31 43 44 45,1,53,,17649,10,0,46 43 44 45,1,47,,17650,2,0,31 43 44 45,1,100,,17652,2,0,31 43 44 45,1,3,,17651,10,0,46 43 44 45,1,17,,17653,2,0,31 43 44 45,1,80,,17655,2,0,31 43 44 45,1,3,,17654,10,0,46 43 44 45,1,12,,17656,2,0,31 43 44 45,1,85,,17658,2,0,31 43 44 45,1,3,,17657,10,0,46 43 44 45,1,17,,17659,2,0,31 43 44 45,1,80,,17661,2,0,31 43 44 45,1,3,,17660,10,0,46 43 44 45,1,17,,17662,2,0,31 43 44 45,1,80,,17664,2,0,31 43 44 45,1,3,,17663,10,0,46 43 44 45,1,17,,17665,2,0,31 43 44 45,1,80,,17667,2,0,31 43 44 45,1,3,,17666,10,0,46 43 44 45,1,17,,17668,2,0,31 43 44 45,1,39,,17669,10,0,46 43 44 45,1,41,,17670,2,0,31 43 44 45,1,20,,17671,2,0,31 43 44 45,1,35,,17673,2,0,31 43 44 45,1,4,,17672,10,0,46 43 44 45,1,71,,17675,2,0,31 43 44 45,1,14,,17674,9,,,1,95,,17676,9,,,1,100,,17677,9,,,1,98,,17678,9,,,1
2501,'20260405',737,,17679,9,,,1,102,,17680,9,,,1,105,,17681,9,,,1,105,,17682,10,0,46 43 44 45,1,6,,17683,2,0,31 43 44 45,1,94,,17684,10,0,46 43 44 45,1,51,,17685,2,0,31 43 44 45,1,53,,17686,10,0,46 43 44 45,1,47,,17687,2,0,31 43 44 45,1,53,,17688,10,0,46 43 44 45,1,47,,17689,2,0,31 43 44 45,1,100,,17691,2,0,31 43 44 45,1,3,,17690,10,0,46 43 44 45,1,17,,17692,2,0,31 43 44 45,1,80,,17694,2,0,31 43 44 45,1,3,,17693,10,0,46 43 44 45,1,12,,17695,2,0,31 43 44 45,1,85,,17697,2,0,31 43 44 45,1,3,,17696,10,0,46 43 44 45,1,17,,17698,2,0,31 43 44 45,1,80,,17700,2,0,31 43 44 45,1,3,,17699,10,0,46 43 44 45,1,17,,17701,2,0,31 43 44 45,1,80,,17703,2,0,31 43 44 45,1,3,,17702,10,0,46 43 44 45,1,17,,17704,2,0,31 43 44 45,1,80,,17706,2,0,31 43 44 45,1,3,,17705,10,0,46 43 44 45,1,17,,17707,2,0,31 43 44 45,1,39,,17708,10,0,46 43 44 45,1,41,,17709,2,0,31 43 44 45,1,20,,17710,2,0,31 43 44 45,1,35,,17712,2,0,31 43 44 45,1,4,,17711,10,0,46 43 44 45,1,71,,17714,2,0,31 43 44 45,1,14,,17713,9,,,1,95,,17715,9,,,1,100,,17716,9,,,1,98,,17717,9,,,1
2501,'20260406',719,,17718,9,,,1,33,,17719,9,,,1,58,,17721,3,0,7 43 44 45,1,12,,17720,9,,,1,23,,17723,3,0,7 43 44 45,1,7,,17722,9,,,1,70,,17724,9,,,1,3,,17725,3,0,7 43 44 45,1,97,,17726,9,,,1,8,,17727,3,0,7 43 44 45,1,92,,17728,9,,,1,8,,17729,3,0,7 43 44 45,1,92,,17730,9,,,1,100,,17731,9,,,1,100,,17732,9,,,1,105,,17733,9,,,1,100,,17734,9,,,1,73,,17735,2,0,31 43 44 45,1,37,,17736,9,,,1,100,,17737,9,,,1,95,,17738,9,,,1,92,,17739,9,,,1,95,,17740,9,,,1,95,,17741,9,,,1,100,,17742,9,,,1,198,,17743,9,,,1
2501,'20260407',719,,17744,9,,,1,33,,17745,9,,,1,58,,17747,3,0,7 43 44 45,1,12,,17746,9,,,1,23,,17749,3,0,7 43 44 45,1,7,,17748,9,,,1,70,,17750,9,,,1,3,,17751,3,0,7 43 44 45,1,97,,17752,9,,,1,8,,17753,3,0,7 43 44 45,1,92,,17754,9,,,1,8,,17755,3,0,7 43 44 45,1,92,,17756,9,,,1,100,,17757,9,,,1,100,,17758,9,,,1,105,,17759,9,,,1,100,,17760,9,,,1,73,,17761,2,0,31 43 44 45,1,37,,17762,9,,,1,100,,17763,9,,,1,95,,17764,9,,,1,92,,17765,9,,,1,95,,17766,9,,,1,95,,17767,9,,,1,100,,17768,9,,,1,198,,17769,9,,,1
2501,'20260408',719,,17770,9,,,1,33,,17771,9,,,1,58,,17773,3,0,7 43 44 45,1,12,,17772,9,,,1,23,,17775,3,0,7 43 44 45,1,7,,17774,9,,,1,70,,17776,9,,,1,3,,17777,3,0,7 43 44 45,1,97,,17778,9,,,1,8,,17779,3,0,7 43 44 45,1,92,,17780,9,,,1,8,,17781,3,0,7 43 44 45,1,92,,17782,9,,,1,100,,17783,9,,,1,100,,17784,9,,,1,105,,17785,9,,,1,100,,17786,9,,,1,73,,17787,2,0,31 43 44 45,1,37,,17788,9,,,1,100,,17789,9,,,1,95,,17790,9,,,1,92,,17791,9,,,1,95,,17792,9,,,1,95,,17793,9,,,1,100,,17794,9,,,1,198,,17795,9,,,1
2501,'20260409',719,,17796,9,,,1,33,,17797,9,,,1,58,,17799,3,0,7 43 44 45,1,12,,17798,9,,,1,23,,17801,3,0,7 43 44 45,1,7,,17800,9,,,1,70,,17802,9,,,1,3,,17803,3,0,7 43 44 45,1,97,,17804,9,,,1,8,,17805,3,0,7 43 44 45,1,92,,17806,9,,,1,8,,17807,3,0,7 43 44 45,1,92,,17808,9,,,1,100,,17809,9,,,1,8,,17810,2,0,31 43 44 45,1,92,,17811,9,,,1,28,,17813,2,0,31 43 44 45,1,70,,17814,2,0,31 43 44 45,1,7,,17812,9,,,1,100,,17815,9,,,1,23,,17816,2,0,31 43 44 45,1,50,,17817,2,0,31 43 44 45,1,37,,17818,9,,,1,3,,17819,2,0,31 43 44 45,1,80,,17821,2,0,31 43 44 45,1,17,,17820,9,,,1,18,,17822,2,0,31 43 44 45,1,77,,17823,9,,,1,8,,17824,2,0,31 43 44 45,1,5,,17825,2,0,31 43 44 45,1,79,,17826,9,,,1,95,,17827,9,,,1,95,,17828,9,,,1,100,,17829,9,,,1,198,,17830,9,,,1
2501,'20260410',719,,17831,9,,,1,33,,17832,9,,,1,58,,17834,3,0,7 43 44 45,1,12,,17833,9,,,1,23,,17836,3,0,7 43 44 45,1,7,,17835,9,,,1,70,,17837,9,,,1,3,,17838,3,0,7 43 44 45,1,97,,17839,9,,,1,8,,17840,3,0,7 43 44 45,1,92,,17841,9,,,1,8,,17842,3,0,7 43 44 45,1,92,,17843,9,,,1,100,,17844,9,,,1,8,,17845,2,0,31 43 44 45,1,90,,17847,2,0,31 43 44 45,1,2,,17846,9,,,1,28,,17849,2,0,31 43 44 45,1,70,,17850,2,0,31 43 44 45,1,7,,17848,9,,,1,98,,17852,2,0,31 43 44 45,1,2,,17851,9,,,1,23,,17853,2,0,31 43 44 45,1,50,,17854,2,0,31 43 44 45,1,37,,17855,9,,,1,3,,17856,2,0,31 43 44 45,1,15,,17857,2,0,31 43 44 45,1,65,,17859,2,0,31 43 44 45,1,17,,17858,9,,,1,18,,17860,2,0,31 43 44 45,1,77,,17861,9,,,1,8,,17862,2,0,31 43 44 45,1,5,,17863,2,0,31 43 44 45,1,79,,17864,9,,,1,95,,17865,9,,,1,95,,17866,9,,,1,100,,17867,9,,,1,198,,17868,9,,,1
2501,'20260411',737,,17869,9,,,1,102,,17870,9,,,1,105,,17871,9,,,1,105,,17872,10,0,46 43 44 45,1,6,,17873,2,0,31 43 44 45,1,94,,17874,10,0,46 43 44 45,1,51,,17875,2,0,31 43 44 45,1,53,,17876,10,0,46 43 44 45,1,47,,17877,2,0,31 43 44 45,1,53,,17878,10,0,46 43 44 45,1,47,,17879,2,0,31 43 44 45,1,100,,17881,2,0,31 43 44 45,1,3,,17880,10,0,46 43 44 45,1,17,,17882,2,0,31 43 44 45,1,80,,17884,2,0,31 43 44 45,1,3,,17883,10,0,46 43 44 45,1,12,,17885,2,0,31 43 44 45,1,85,,17887,2,0,31 43 44 45,1,3,,17886,10,0,46 43 44 45,1,17,,17888,2,0,31 43 44 45,1,80,,17890,2,0,31 43 44 45,1,3,,17889,10,0,46 43 44 45,1,17,,17891,2,0,31 43 44 45,1,80,,17893,2,0,31 43 44 45,1,3,,17892,10,0,46 43 44 45,1,17,,17894,2,0,31 43 44 45,1,80,,17896,2,0,31 43 44 45,1,3,,17895,10,0,46 43 44 45,1,17,,17897,2,0,31 43 44 45,1,39,,17898,10,0,46 43 44 45,1,41,,17899,2,0,31 43 44 45,1,20,,17900,2,0,31 43 44 45,1,35,,17902,2,0,31 43 44 45,1,4,,17901,10,0,46 43 44 45,1,71,,17904,2,0,31 43 44 45,1,14,,17903,9,,,1,95,,17905,9,,,1,100,,17906,9,,,1,98,,17907,9,,,1
2501,'20260412',737,,17908,9,,,1,102,,17909,9,,,1,105,,17910,9,,,1,105,,17911,10,0,46 43 44 45,1,6,,17912,2,0,31 43 44 45,1,94,,17913,10,0,46 43 44 45,1,51,,17914,2,0,31 43 44 45,1,53,,17915,10,0,46 43 44 45,1,47,,17916,2,0,31 43 44 45,1,53,,17917,10,0,46 43 44 45,1,47,,17918,2,0,31 43 44 45,1,100,,17920,2,0,31 43 44 45,1,3,,17919,10,0,46 43 44 45,1,17,,17921,2,0,31 43 44 45,1,80,,17923,2,0,31 43 44 45,1,3,,17922,10,0,46 43 44 45,1,12,,17924,2,0,31 43 44 45,1,85,,17926,2,0,31 43 44 45,1,3,,17925,10,0,46 43 44 45,1,17,,17927,2,0,31 43 44 45,1,80,,17929,2,0,31 43 44 45,1,3,,17928,10,0,46 43 44 45,1,17,,17930,2,0,31 43 44 45,1,80,,17932,2,0,31 43 44 45,1,3,,17931,10,0,46 43 44 45,1,17,,17933,2,0,31 43 44 45,1,80,,17935,2,0,31 43 44 45,1,3,,17934,10,0,46 43 44 45,1,17,,17936,2,0,31 43 44 45,1,39,,17937,10,0,46 43 44 45,1,41,,17938,2,0,31 43 44 45,1,20,,17939,2,0,31 43 44 45,1,35,,17941,2,0,31 43 44 45,1,4,,17940,10,0,46 43 44 45,1,71,,17943,2,0,31 43 44 45,1,14,,17942,9,,,1,95,,17944,9,,,1,100,,17945,9,,,1,98,,17946,9,,,1
2501,'20260413',719,,17947,9,,,1,33,,17948,9,,,1,58,,17950,3,0,7 43 44 45,1,12,,17949,9,,,1,23,,17952,3,0,7 43 44 45,1,7,,17951,9,,,1,70,,17953,9,,,1,3,,17954,3,0,7 43 44 45,1,97,,17955,9,,,1,8,,17956,3,0,7 43 44 45,1,92,,17957,9,,,1,8,,17958,3,0,7 43 44 45,1,92,,17959,9,,,1,100,,17960,9,,,1,100,,17961,9,,,1,105,,17962,9,,,1,100,,17963,9,,,1,73,,17964,2,0,31 43 44 45,1,37,,17965,9,,,1,100,,17966,9,,,1,95,,17967,9,,,1,92,,17968,9,,,1,95,,17969,9,,,1,95,,17970,9,,,1,100,,17971,9,,,1,198,,17972,9,,,1
2501,'20260414',719,,17973,9,,,1,33,,17974,9,,,1,58,,17976,3,0,7 43 44 45,1,12,,17975,9,,,1,23,,17978,3,0,7 43 44 45,1,7,,17977,9,,,1,70,,17979,9,,,1,3,,17980,3,0,7 43 44 45,1,97,,17981,9,,,1,8,,17982,3,0,7 43 44 45,1,92,,17983,9,,,1,8,,17984,3,0,7 43 44 45,1,92,,17985,9,,,1,100,,17986,9,,,1,100,,17987,9,,,1,105,,17988,9,,,1,100,,17989,9,,,1,73,,17990,2,0,31 43 44 45,1,37,,17991,9,,,1,100,,17992,9,,,1,95,,17993,9,,,1,92,,17994,9,,,1,95,,17995,9,,,1,95,,17996,9,,,1,100,,17997,9,,,1,198,,17998,9,,,1
2501,'20260415',719,,17999,9,,,1,33,,18000,9,,,1,58,,18002,3,0,7 43 44 45,1,12,,18001,9,,,1,23,,18004,3,0,7 43 44 45,1,7,,18003,9,,,1,70,,18005,9,,,1,3,,18006,3,0,7 43 44 45,1,97,,18007,9,,,1,8,,18008,3,0,7 43 44 45,1,92,,18009,9,,,1,8,,18010,3,0,7 43 44 45,1,92,,18011,9,,,1,100,,18012,9,,,1,100,,18013,9,,,1,105,,18014,9,,,1,100,,18015,9,,,1,73,,18016,2,0,31 43 44 45,1,37,,18017,9,,,1,100,,18018,9,,,1,95,,18019,9,,,1,92,,18020,9,,,1,95,,18021,9,,,1,95,,18022,9,,,1,100,,18023,9,,,1,198,,18024,9,,,1
2501,'20260416',719,,18025,9,,,1,33,,18026,9,,,1,58,,18028,3,0,7 43 44 45,1,12,,18027,9,,,1,23,,18030,3,0,7 43 44 45,1,7,,18029,9,,,1,70,,18031,9,,,1,3,,18032,3,0,7 43 44 45,1,97,,18033,9,,,1,8,,18034,3,0,7 43 44 45,1,92,,18035,9,,,1,8,,18036,3,0,7 43 44 45,1,92,,18037,9,,,1,100,,18038,9,,,1,8,,18039,2,0,31 43 44 45,1,92,,18040,9,,,1,28,,18042,2,0,31 43 44 45,1,70,,18043,2,0,31 43 44 45,1,7,,18041,9,,,1,100,,18044,9,,,1,23,,18045,2,0,31 43 44 45,1,50,,18046,2,0,31 43 44 45,1,37,,18047,9,,,1,3,,18048,2,0,31 43 44 45,1,80,,18050,2,0,31 43 44 45,1,17,,18049,9,,,1,18,,18051,2,0,31 43 44 45,1,77,,18052,9,,,1,8,,18053,2,0,31 43 44 45,1,5,,18054,2,0,31 43 44 45,1,79,,18055,9,,,1,95,,18056,9,,,1,95,,18057,9,,,1,100,,18058,9,,,1,198,,18059,9,,,1
2501,'20260417',719,,18060,9,,,1,33,,18061,9,,,1,58,,18063,3,0,7 43 44 45,1,12,,18062,9,,,1,23,,18065,3,0,7 43 44 45,1,7,,18064,9,,,1,70,,18066,9,,,1,3,,18067,3,0,7 43 44 45,1,97,,18068,9,,,1,8,,18069,3,0,7 43 44 45,1,92,,18070,9,,,1,8,,18071,3,0,7 43 44 45,1,92,,18072,9,,,1,100,,18073,9,,,1,8,,18074,2,0,31 43 44 45,1,90,,18076,2,0,31 43 44 45,1,2,,18075,9,,,1,28,,18078,2,0,31 43 44 45,1,70,,18079,2,0,31 43 44 45,1,7,,18077,9,,,1,98,,18081,2,0,31 43 44 45,1,2,,18080,9,,,1,23,,18082,2,0,31 43 44 45,1,50,,18083,2,0,31 43 44 45,1,37,,18084,9,,,1,3,,18085,2,0,31 43 44 45,1,15,,18086,2,0,31 43 44 45,1,65,,18088,2,0,31 43 44 45,1,17,,18087,9,,,1,18,,18089,2,0,31 43 44 45,1,77,,18090,9,,,1,8,,18091,2,0,31 43 44 45,1,5,,18092,2,0,31 43 44 45,1,79,,18093,9,,,1,95,,18094,9,,,1,95,,18095,9,,,1,100,,18096,9,,,1,198,,18097,9,,,1
2501,'20260418',737,,18098,9,,,1,102,,18099,9,,,1,105,,18100,9,,,1,105,,18101,10,0,46 43 44 45,1,6,,18102,2,0,31 43 44 45,1,94,,18103,10,0,46 43 44 45,1,51,,18104,2,0,31 43 44 45,1,53,,18105,10,0,46 43 44 45,1,47,,18106,2,0,31 43 44 45,1,53,,18107,10,0,46 43 44 45,1,47,,18108,2,0,31 43 44 45,1,100,,18110,2,0,31 43 44 45,1,3,,18109,10,0,46 43 44 45,1,17,,18111,2,0,31 43 44 45,1,80,,18113,2,0,31 43 44 45,1,3,,18112,10,0,46 43 44 45,1,12,,18114,2,0,31 43 44 45,1,85,,18116,2,0,31 43 44 45,1,3,,18115,10,0,46 43 44 45,1,17,,18117,2,0,31 43 44 45,1,80,,18119,2,0,31 43 44 45,1,3,,18118,10,0,46 43 44 45,1,17,,18120,2,0,31 43 44 45,1,80,,18122,2,0,31 43 44 45,1,3,,18121,10,0,46 43 44 45,1,17,,18123,2,0,31 43 44 45,1,80,,18125,2,0,31 43 44 45,1,3,,18124,10,0,46 43 44 45,1,17,,18126,2,0,31 43 44 45,1,39,,18127,10,0,46 43 44 45,1,41,,18128,2,0,31 43 44 45,1,20,,18129,2,0,31 43 44 45,1,35,,18131,2,0,31 43 44 45,1,4,,18130,10,0,46 43 44 45,1,71,,18133,2,0,31 43 44 45,1,14,,18132,9,,,1,95,,18134,9,,,1,100,,18135,9,,,1,98,,18136,9,,,1
2501,'20260419',737,,18137,9,,,1,102,,18138,9,,,1,105,,18139,9,,,1,105,,18140,10,0,46 43 44 45,1,6,,18141,2,0,31 43 44 45,1,94,,18142,10,0,46 43 44 45,1,51,,18143,2,0,31 43 44 45,1,53,,18144,10,0,46 43 44 45,1,47,,18145,2,0,31 43 44 45,1,53,,18146,10,0,46 43 44 45,1,47,,18147,2,0,31 43 44 45,1,100,,18149,2,0,31 43 44 45,1,3,,18148,10,0,46 43 44 45,1,17,,18150,2,0,31 43 44 45,1,80,,18152,2,0,31 43 44 45,1,3,,18151,10,0,46 43 44 45,1,12,,18153,2,0,31 43 44 45,1,85,,18155,2,0,31 43 44 45,1,3,,18154,10,0,46 43 44 45,1,17,,18156,2,0,31 43 44 45,1,80,,18158,2,0,31 43 44 45,1,3,,18157,10,0,46 43 44 45,1,17,,18159,2,0,31 43 44 45,1,80,,18161,2,0,31 43 44 45,1,3,,18160,10,0,46 43 44 45,1,17,,18162,2,0,31 43 44 45,1,80,,18164,2,0,31 43 44 45,1,3,,18163,10,0,46 43 44 45,1,17,,18165,2,0,31 43 44 45,1,39,,18166,10,0,46 43 44 45,1,41,,18167,2,0,31 43 44 45,1,20,,18168,2,0,31 43 44 45,1,35,,18170,2,0,31 43 44 45,1,4,,18169,10,0,46 43 44 45,1,71,,18172,2,0,31 43 44 45,1,14,,18171,9,,,1,95,,18173,9,,,1,100,,18174,9,,,1,98,,18175,9,,,1
2501,'20260420',719,,18176,9,,,1,33,,18177,9,,,1,58,,18179,3,0,7 43 44 45,1,12,,18178,9,,,1,23,,18181,3,0,7 43 44 45,1,7,,18180,9,,,1,70,,18182,9,,,1,3,,18183,3,0,7 43 44 45,1,97,,18184,9,,,1,8,,18185,3,0,7 43 44 45,1,92,,18186,9,,,1,8,,18187,3,0,7 43 44 45,1,92,,18188,9,,,1,100,,18189,9,,,1,100,,18190,9,,,1,105,,18191,9,,,1,100,,18192,9,,,1,73,,18193,2,0,31 43 44 45,1,37,,18194,9,,,1,100,,18195,9,,,1,95,,18196,9,,,1,92,,18197,9,,,1,95,,18198,9,,,1,95,,18199,9,,,1,100,,18200,9,,,1,198,,18201,9,,,1
2501,'20260421',719,,18202,9,,,1,33,,18203,9,,,1,58,,18205,3,0,7 43 44 45,1,12,,18204,9,,,1,23,,18207,3,0,7 43 44 45,1,7,,18206,9,,,1,70,,18208,9,,,1,3,,18209,3,0,7 43 44 45,1,97,,18210,9,,,1,8,,18211,3,0,7 43 44 45,1,92,,18212,9,,,1,8,,18213,3,0,7 43 44 45,1,92,,18214,9,,,1,100,,18215,9,,,1,100,,18216,9,,,1,105,,18217,9,,,1,100,,18218,9,,,1,73,,18219,2,0,31 43 44 45,1,37,,18220,9,,,1,100,,18221,9,,,1,95,,18222,9,,,1,92,,18223,9,,,1,95,,18224,9,,,1,95,,18225,9,,,1,100,,18226,9,,,1,198,,18227,9,,,1
2501,'20260422',719,,18228,9,,,1,33,,18229,9,,,1,58,,18231,3,0,7 43 44 45,1,12,,18230,9,,,1,23,,18233,3,0,7 43 44 45,1,7,,18232,9,,,1,70,,18234,9,,,1,3,,18235,3,0,7 43 44 45,1,97,,18236,9,,,1,8,,18237,3,0,7 43 44 45,1,92,,18238,9,,,1,8,,18239,3,0,7 43 44 45,1,92,,18240,9,,,1,100,,18241,9,,,1,100,,18242,9,,,1,105,,18243,9,,,1,100,,18244,9,,,1,73,,18245,2,0,31 43 44 45,1,37,,18246,9,,,1,100,,18247,9,,,1,95,,18248,9,,,1,92,,18249,9,,,1,95,,18250,9,,,1,95,,18251,9,,,1,100,,18252,9,,,1,198,,18253,9,,,1
2501,'20260423',719,,18254,9,,,1,33,,18255,9,,,1,58,,18257,3,0,7 43 44 45,1,12,,18256,9,,,1,23,,18259,3,0,7 43 44 45,1,7,,18258,9,,,1,70,,18260,9,,,1,3,,18261,3,0,7 43 44 45,1,97,,18262,9,,,1,8,,18263,3,0,7 43 44 45,1,92,,18264,9,,,1,8,,18265,3,0,7 43 44 45,1,92,,18266,9,,,1,100,,18267,9,,,1,8,,18268,2,0,31 43 44 45,1,92,,18269,9,,,1,28,,18271,2,0,31 43 44 45,1,70,,18272,2,0,31 43 44 45,1,7,,18270,9,,,1,100,,18273,9,,,1,23,,18274,2,0,31 43 44 45,1,50,,18275,2,0,31 43 44 45,1,37,,18276,9,,,1,3,,18277,2,0,31 43 44 45,1,80,,18279,2,0,31 43 44 45,1,17,,18278,9,,,1,18,,18280,2,0,31 43 44 45,1,77,,18281,9,,,1,8,,18282,2,0,31 43 44 45,1,5,,18283,2,0,31 43 44 45,1,79,,18284,9,,,1,95,,18285,9,,,1,95,,18286,9,,,1,100,,18287,9,,,1,198,,18288,9,,,1
2501,'20260424',719,,18289,9,,,1,33,,18290,9,,,1,58,,18292,3,0,7 43 44 45,1,12,,18291,9,,,1,23,,18294,3,0,7 43 44 45,1,7,,18293,9,,,1,70,,18295,9,,,1,3,,18296,3,0,7 43 44 45,1,97,,18297,9,,,1,8,,18298,3,0,7 43 44 45,1,92,,18299,9,,,1,8,,18300,3,0,7 43 44 45,1,92,,18301,9,,,1,100,,18302,9,,,1,8,,18303,2,0,31 43 44 45,1,90,,18305,2,0,31 43 44 45,1,2,,18304,9,,,1,28,,18307,2,0,31 43 44 45,1,70,,18308,2,0,31 43 44 45,1,7,,18306,9,,,1,98,,18310,2,0,31 43 44 45,1,2,,18309,9,,,1,23,,18311,2,0,31 43 44 45,1,50,,18312,2,0,31 43 44 45,1,37,,18313,9,,,1,3,,18314,2,0,31 43 44 45,1,15,,18315,2,0,31 43 44 45,1,65,,18317,2,0,31 43 44 45,1,17,,18316,9,,,1,18,,18318,2,0,31 43 44 45,1,77,,18319,9,,,1,8,,18320,2,0,31 43 44 45,1,5,,18321,2,0,31 43 44 45,1,79,,18322,9,,,1,95,,18323,9,,,1,95,,18324,9,,,1,100,,18325,9,,,1,198,,18326,9,,,1
3001,'20260310',738,,23584,5,0,7 43 44 45,1,19,,23585,8,0,43 44 45,1,76,,23586,5,0,7 43 44 45,1,15,,23587,8,0,43 44 45,1,85,,23588,5,0,7 43 44 45,1,15,,23589,8,0,43 44 45,1,65,,23590,8,0,43 44 45,1,27,,23591,8,0,43 44 45,1,63,,23592,5,0,7 43 44 45,1,38,,23593,8,0,43 44 45,1,62,,23594,5,0,7 43 44 45,1,41,,23595,8,0,43 44 45,1,59,,23596,5,0,7 43 44 45,1,41,,23597,8,0,43 44 45,1,105,,23598,8,0,43 44 45,1,99,,23599,8,0,43 44 45,1,102,,23600,8,0,43 44 45,1,105,,23601,8,0,43 44 45,1,149,,23602,8,0,43 44 45,1,55,,23603,8,0,43 44 45,1,80,,23604,8,0,43 44 45,1,92,,23605,5,0,7 43 44 45,1,10,,23606,8,0,43 44 45,1,95,,23607,8,0,43 44 45,1,195,,23608,8,0,43 44 45,1,102,,23609,8,0,43 44 45,1
3001,'20260311',738,,23610,5,0,7 43 44 45,1,19,,23611,8,0,43 44 45,1,76,,23612,5,0,7 43 44 45,1,15,,23613,8,0,43 44 45,1,85,,23614,5,0,7 43 44 45,1,15,,23615,8,0,43 44 45,1,65,,23616,8,0,43 44 45,1,27,,23617,8,0,43 44 45,1,63,,23618,5,0,7 43 44 45,1,38,,23619,8,0,43 44 45,1,62,,23620,5,0,7 43 44 45,1,41,,23621,8,0,43 44 45,1,59,,23622,5,0,7 43 44 45,1,41,,23623,8,0,43 44 45,1,105,,23624,8,0,43 44 45,1,99,,23625,8,0,43 44 45,1,102,,23626,8,0,43 44 45,1,105,,23627,8,0,43 44 45,1,149,,23628,8,0,43 44 45,1,55,,23629,8,0,43 44 45,1,80,,23630,8,0,43 44 45,1,92,,23631,5,0,7 43 44 45,1,10,,23632,8,0,43 44 45,1,95,,23633,8,0,43 44 45,1,195,,23634,8,0,43 44 45,1,102,,23635,8,0,43 44 45,1
3001,'20260312',738,,23636,5,0,7 43 44 45,1,19,,23637,8,0,43 44 45,1,76,,23638,5,0,7 43 44 45,1,15,,23639,8,0,43 44 45,1,85,,23640,5,0,7 43 44 45,1,15,,23641,8,0,43 44 45,1,65,,23642,8,0,43 44 45,1,27,,23643,8,0,43 44 45,1,63,,23644,5,0,7 43 44 45,1,38,,23645,8,0,43 44 45,1,62,,23646,5,0,7 43 44 45,1,41,,23647,8,0,43 44 45,1,59,,23648,5,0,7 43 44 45,1,41,,23649,8,0,43 44 45,1,105,,23650,8,0,43 44 45,1,74,,23651,2,0,16 43 44 45,1,25,,23652,8,0,43 44 45,1,9,,23653,2,0,16 43 44 45,1,93,,23654,8,0,43 44 45,1,105,,23655,8,0,43 44 45,1,149,,23656,8,0,43 44 45,1,55,,23657,8,0,43 44 45,1,80,,23658,8,0,43 44 45,1,92,,23659,5,0,7 43 44 45,1,10,,23660,8,0,43 44 45,1,95,,23661,8,0,43 44 45,1,195,,23662,8,0,43 44 45,1,102,,23663,8,0,43 44 45,1
3001,'20260313',738,,23664,5,0,7 43 44 45,1,19,,23665,8,0,43 44 45,1,76,,23666,5,0,7 43 44 45,1,15,,23667,8,0,43 44 45,1,85,,23668,5,0,7 43 44 45,1,15,,23669,8,0,43 44 45,1,65,,23670,8,0,43 44 45,1,27,,23671,8,0,43 44 45,1,63,,23672,5,0,7 43 44 45,1,38,,23673,8,0,43 44 45,1,62,,23674,5,0,7 43 44 45,1,41,,23675,8,0,43 44 45,1,59,,23676,5,0,7 43 44 45,1,41,,23677,8,0,43 44 45,1,9,,23678,5,0,7 43 44 45,1,50,,23679,5,0,7 43 44 45,1,46,,23680,8,0,43 44 45,1,54,,23681,5,0,7 43 44 45,1,20,,23682,2,0,16 43 44 45,1,25,,23683,8,0,43 44 45,1,9,,23684,2,0,16 43 44 45,1,60,,23685,5,0,7 43 44 45,1,33,,23686,8,0,43 44 45,1,59,,23687,2,0,16 43 44 45,1,46,,23688,8,0,43 44 45,1,54,,23689,2,0,16 43 44 45,1,31,,23690,2,0,16 43 44 45,1,64,,23691,8,0,43 44 45,1,55,,23692,8,0,43 44 45,1,80,,23693,8,0,43 44 45,1,92,,23694,5,0,7 43 44 45,1,10,,23695,8,0,43 44 45,1,95,,23696,8,0,43 44 45,1,195,,23697,8,0,43 44 45,1,102,,23698,8,0,43 44 45,1
3001,'20260314',951,,23699,8,0,43 44 45,1,97,,23700,8,0,43 44 45,1,95,,23701,5,0,7 43 44 45,1,10,,23702,8,0,43 44 45,1,93,,23703,5,0,7 43 44 45,1,10,,23704,8,0,43 44 45,1,90,,23705,5,0,7 43 44 45,1,10,,23706,8,0,43 44 45,1,90,,23707,5,0,7 43 44 45,1,10,,23708,8,0,43 44 45,1,90,,23709,5,0,7 43 44 45,1,10,,23710,8,0,43 44 45,1,90,,23711,5,0,7 43 44 45,1,10,,23712,8,0,43 44 45,1,90,,23713,5,0,7 43 44 45,1,10,,23714,8,0,43 44 45,1,190,,23715,5,0,7 43 44 45,1,5,,23716,5,0,7 43 44 45,1,50,,23717,8,0,43 44 45,1,42,,23718,5,0,7 43 44 45,1,5,,23719,5,0,7 43 44 45,1,10,,23720,8,0,43 44 45,1,85,,23721,5,0,7 43 44 45,1,5,,23722,5,0,7 43 44 45,1,10,,23723,8,0,43 44 45,1,85,,23724,5,0,7 43 44 45,1,10,,23725,8,0,43 44 45,1,90,,23726,5,0,7 43 44 45,1,10,,23727,8,0,43 44 45,1,192,,23728,8,0,43 44 45,1
3001,'20260315',951,,23729,8,0,43 44 45,1,97,,23730,8,0,43 44 45,1,95,,23731,5,0,7 43 44 45,1,10,,23732,8,0,43 44 45,1,93,,23733,5,0,7 43 44 45,1,10,,23734,8,0,43 44 45,1,90,,23735,5,0,7 43 44 45,1,10,,23736,8,0,43 44 45,1,90,,23737,5,0,7 43 44 45,1,10,,23738,8,0,43 44 45,1,90,,23739,5,0,7 43 44 45,1,10,,23740,8,0,43 44 45,1,90,,23741,5,0,7 43 44 45,1,10,,23742,8,0,43 44 45,1,90,,23743,5,0,7 43 44 45,1,10,,23744,8,0,43 44 45,1,190,,23745,5,0,7 43 44 45,1,5,,23746,5,0,7 43 44 45,1,50,,23747,8,0,43 44 45,1,42,,23748,5,0,7 43 44 45,1,5,,23749,5,0,7 43 44 45,1,10,,23750,8,0,43 44 45,1,85,,23751,5,0,7 43 44 45,1,5,,23752,5,0,7 43 44 45,1,10,,23753,8,0,43 44 45,1,85,,23754,5,0,7 43 44 45,1,10,,23755,8,0,43 44 45,1,90,,23756,5,0,7 43 44 45,1,10,,23757,8,0,43 44 45,1,192,,23758,8,0,43 44 45,1
3001,'20260316',738,,23759,5,0,7 43 44 45,1,19,,23760,8,0,43 44 45,1,76,,23761,5,0,7 43 44 45,1,15,,23762,8,0,43 44 45,1,85,,23763,5,0,7 43 44 45,1,15,,23764,8,0,43 44 45,1,65,,23765,8,0,43 44 45,1,27,,23766,8,0,43 44 45,1,63,,23767,5,0,7 43 44 45,1,38,,23768,8,0,43 44 45,1,62,,23769,5,0,7 43 44 45,1,41,,23770,8,0,43 44 45,1,59,,23771,5,0,7 43 44 45,1,41,,23772,8,0,43 44 45,1,105,,23773,8,0,43 44 45,1,99,,23774,8,0,43 44 45,1,102,,23775,8,0,43 44 45,1,105,,23776,8,0,43 44 45,1,149,,23777,8,0,43 44 45,1,55,,23778,8,0,43 44 45,1,80,,23779,8,0,43 44 45,1,92,,23780,5,0,7 43 44 45,1,10,,23781,8,0,43 44 45,1,95,,23782,8,0,43 44 45,1,195,,23783,8,0,43 44 45,1,102,,23784,8,0,43 44 45,1
3001,'20260317',738,,23785,5,0,7 43 44 45,1,19,,23786,8,0,43 44 45,1,76,,23787,5,0,7 43 44 45,1,15,,23788,8,0,43 44 45,1,85,,23789,5,0,7 43 44 45,1,15,,23790,8,0,43 44 45,1,65,,23791,8,0,43 44 45,1,27,,23792,8,0,43 44 45,1,63,,23793,5,0,7 43 44 45,1,38,,23794,8,0,43 44 45,1,62,,23795,5,0,7 43 44 45,1,41,,23796,8,0,43 44 45,1,59,,23797,5,0,7 43 44 45,1,41,,23798,8,0,43 44 45,1,105,,23799,8,0,43 44 45,1,99,,23800,8,0,43 44 45,1,102,,23801,8,0,43 44 45,1,105,,23802,8,0,43 44 45,1,149,,23803,8,0,43 44 45,1,55,,23804,8,0,43 44 45,1,80,,23805,8,0,43 44 45,1,92,,23806,5,0,7 43 44 45,1,10,,23807,8,0,43 44 45,1,95,,23808,8,0,43 44 45,1,195,,23809,8,0,43 44 45,1,102,,23810,8,0,43 44 45,1
3001,'20260318',738,,23811,5,0,7 43 44 45,1,19,,23812,8,0,43 44 45,1,76,,23813,5,0,7 43 44 45,1,15,,23814,8,0,43 44 45,1,85,,23815,5,0,7 43 44 45,1,15,,23816,8,0,43 44 45,1,65,,23817,8,0,43 44 45,1,27,,23818,8,0,43 44 45,1,63,,23819,5,0,7 43 44 45,1,38,,23820,8,0,43 44 45,1,62,,23821,5,0,7 43 44 45,1,41,,23822,8,0,43 44 45,1,59,,23823,5,0,7 43 44 45,1,41,,23824,8,0,43 44 45,1,105,,23825,8,0,43 44 45,1,99,,23826,8,0,43 44 45,1,102,,23827,8,0,43 44 45,1,105,,23828,8,0,43 44 45,1,149,,23829,8,0,43 44 45,1,55,,23830,8,0,43 44 45,1,80,,23831,8,0,43 44 45,1,92,,23832,5,0,7 43 44 45,1,10,,23833,8,0,43 44 45,1,95,,23834,8,0,43 44 45,1,195,,23835,8,0,43 44 45,1,102,,23836,8,0,43 44 45,1
3001,'20260319',738,,23837,5,0,7 43 44 45,1,19,,23838,8,0,43 44 45,1,76,,23839,5,0,7 43 44 45,1,15,,23840,8,0,43 44 45,1,85,,23841,5,0,7 43 44 45,1,15,,23842,8,0,43 44 45,1,65,,23843,8,0,43 44 45,1,27,,23844,8,0,43 44 45,1,63,,23845,5,0,7 43 44 45,1,38,,23846,8,0,43 44 45,1,62,,23847,5,0,7 43 44 45,1,41,,23848,8,0,43 44 45,1,59,,23849,5,0,7 43 44 45,1,41,,23850,8,0,43 44 45,1,105,,23851,8,0,43 44 45,1,74,,23852,2,0,16 43 44 45,1,25,,23853,8,0,43 44 45,1,9,,23854,2,0,16 43 44 45,1,93,,23855,8,0,43 44 45,1,105,,23856,8,0,43 44 45,1,149,,23857,8,0,43 44 45,1,55,,23858,8,0,43 44 45,1,80,,23859,8,0,43 44 45,1,92,,23860,5,0,7 43 44 45,1,10,,23861,8,0,43 44 45,1,95,,23862,8,0,43 44 45,1,195,,23863,8,0,43 44 45,1,102,,23864,8,0,43 44 45,1
3001,'20260320',738,,23865,5,0,7 43 44 45,1,19,,23866,8,0,43 44 45,1,76,,23867,5,0,7 43 44 45,1,15,,23868,8,0,43 44 45,1,85,,23869,5,0,7 43 44 45,1,15,,23870,8,0,43 44 45,1,65,,23871,8,0,43 44 45,1,27,,23872,8,0,43 44 45,1,63,,23873,5,0,7 43 44 45,1,38,,23874,8,0,43 44 45,1,62,,23875,5,0,7 43 44 45,1,41,,23876,8,0,43 44 45,1,59,,23877,5,0,7 43 44 45,1,41,,23878,8,0,43 44 45,1,9,,23879,5,0,7 43 44 45,1,50,,23880,5,0,7 43 44 45,1,46,,23881,8,0,43 44 45,1,54,,23882,5,0,7 43 44 45,1,20,,23883,2,0,16 43 44 45,1,25,,23884,8,0,43 44 45,1,9,,23885,2,0,16 43 44 45,1,60,,23886,5,0,7 43 44 45,1,33,,23887,8,0,43 44 45,1,59,,23888,2,0,16 43 44 45,1,46,,23889,8,0,43 44 45,1,54,,23890,2,0,16 43 44 45,1,31,,23891,2,0,16 43 44 45,1,64,,23892,8,0,43 44 45,1,55,,23893,8,0,43 44 45,1,80,,23894,8,0,43 44 45,1,92,,23895,5,0,7 43 44 45,1,10,,23896,8,0,43 44 45,1,95,,23897,8,0,43 44 45,1,195,,23898,8,0,43 44 45,1,102,,23899,8,0,43 44 45,1
3001,'20260321',951,,23900,8,0,43 44 45,1,97,,23901,8,0,43 44 45,1,95,,23902,5,0,7 43 44 45,1,10,,23903,8,0,43 44 45,1,93,,23904,5,0,7 43 44 45,1,10,,23905,8,0,43 44 45,1,90,,23906,5,0,7 43 44 45,1,10,,23907,8,0,43 44 45,1,90,,23908,5,0,7 43 44 45,1,10,,23909,8,0,43 44 45,1,90,,23910,5,0,7 43 44 45,1,10,,23911,8,0,43 44 45,1,90,,23912,5,0,7 43 44 45,1,10,,23913,8,0,43 44 45,1,90,,23914,5,0,7 43 44 45,1,10,,23915,8,0,43 44 45,1,190,,23916,5,0,7 43 44 45,1,5,,23917,5,0,7 43 44 45,1,50,,23918,8,0,43 44 45,1,42,,23919,5,0,7 43 44 45,1,5,,23920,5,0,7 43 44 45,1,10,,23921,8,0,43 44 45,1,85,,23922,5,0,7 43 44 45,1,5,,23923,5,0,7 43 44 45,1,10,,23924,8,0,43 44 45,1,85,,23925,5,0,7 43 44 45,1,10,,23926,8,0,43 44 45,1,90,,23927,5,0,7 43 44 45,1,10,,23928,8,0,43 44 45,1,192,,23929,8,0,43 44 45,1
3001,'20260322',951,,23930,8,0,43 44 45,1,97,,23931,8,0,43 44 45,1,95,,23932,5,0,7 43 44 45,1,10,,23933,8,0,43 44 45,1,93,,23934,5,0,7 43 44 45,1,10,,23935,8,0,43 44 45,1,90,,23936,5,0,7 43 44 45,1,10,,23937,8,0,43 44 45,1,90,,23938,5,0,7 43 44 45,1,10,,23939,8,0,43 44 45,1,90,,23940,5,0,7 43 44 45,1,10,,23941,8,0,43 44 45,1,90,,23942,5,0,7 43 44 45,1,10,,23943,8,0,43 44 45,1,90,,23944,5,0,7 43 44 45,1,10,,23945,8,0,43 44 45,1,190,,23946,5,0,7 43 44 45,1,5,,23947,5,0,7 43 44 45,1,50,,23948,8,0,43 44 45,1,42,,23949,5,0,7 43 44 45,1,5,,23950,5,0,7 43 44 45,1,10,,23951,8,0,43 44 45,1,85,,23952,5,0,7 43 44 45,1,5,,23953,5,0,7 43 44 45,1,10,,23954,8,0,43 44 45,1,85,,23955,5,0,7 43 44 45,1,10,,23956,8,0,43 44 45,1,90,,23957,5,0,7 43 44 45,1,10,,23958,8,0,43 44 45,1,192,,23959,8,0,43 44 45,1
3001,'20260323',738,,23960,5,0,7 43 44 45,1,19,,23961,8,0,43 44 45,1,76,,23962,5,0,7 43 44 45,1,15,,23963,8,0,43 44 45,1,85,,23964,5,0,7 43 44 45,1,15,,23965,8,0,43 44 45,1,65,,23966,8,0,43 44 45,1,27,,23967,8,0,43 44 45,1,63,,23968,5,0,7 43 44 45,1,38,,23969,8,0,43 44 45,1,62,,23970,5,0,7 43 44 45,1,41,,23971,8,0,43 44 45,1,59,,23972,5,0,7 43 44 45,1,41,,23973,8,0,43 44 45,1,105,,23974,8,0,43 44 45,1,99,,23975,8,0,43 44 45,1,102,,23976,8,0,43 44 45,1,105,,23977,8,0,43 44 45,1,149,,23978,8,0,43 44 45,1,55,,23979,8,0,43 44 45,1,80,,23980,8,0,43 44 45,1,92,,23981,5,0,7 43 44 45,1,10,,23982,8,0,43 44 45,1,95,,23983,8,0,43 44 45,1,195,,23984,8,0,43 44 45,1,102,,23985,8,0,43 44 45,1
3001,'20260324',738,,23986,5,0,7 43 44 45,1,19,,23987,8,0,43 44 45,1,76,,23988,5,0,7 43 44 45,1,15,,23989,8,0,43 44 45,1,85,,23990,5,0,7 43 44 45,1,15,,23991,8,0,43 44 45,1,65,,23992,8,0,43 44 45,1,27,,23993,8,0,43 44 45,1,63,,23994,5,0,7 43 44 45,1,38,,23995,8,0,43 44 45,1,62,,23996,5,0,7 43 44 45,1,41,,23997,8,0,43 44 45,1,59,,23998,5,0,7 43 44 45,1,41,,23999,8,0,43 44 45,1,105,,24000,8,0,43 44 45,1,99,,24001,8,0,43 44 45,1,102,,24002,8,0,43 44 45,1,105,,24003,8,0,43 44 45,1,149,,24004,8,0,43 44 45,1,55,,24005,8,0,43 44 45,1,80,,24006,8,0,43 44 45,1,92,,24007,5,0,7 43 44 45,1,10,,24008,8,0,43 44 45,1,95,,24009,8,0,43 44 45,1,195,,24010,8,0,43 44 45,1,102,,24011,8,0,43 44 45,1
3001,'20260325',738,,24012,5,0,7 43 44 45,1,19,,24013,8,0,43 44 45,1,76,,24014,5,0,7 43 44 45,1,15,,24015,8,0,43 44 45,1,85,,24016,5,0,7 43 44 45,1,15,,24017,8,0,43 44 45,1,65,,24018,8,0,43 44 45,1,27,,24019,8,0,43 44 45,1,63,,24020,5,0,7 43 44 45,1,38,,24021,8,0,43 44 45,1,62,,24022,5,0,7 43 44 45,1,41,,24023,8,0,43 44 45,1,59,,24024,5,0,7 43 44 45,1,41,,24025,8,0,43 44 45,1,105,,24026,8,0,43 44 45,1,99,,24027,8,0,43 44 45,1,102,,24028,8,0,43 44 45,1,105,,24029,8,0,43 44 45,1,149,,24030,8,0,43 44 45,1,55,,24031,8,0,43 44 45,1,80,,24032,8,0,43 44 45,1,92,,24033,5,0,7 43 44 45,1,10,,24034,8,0,43 44 45,1,95,,24035,8,0,43 44 45,1,195,,24036,8,0,43 44 45,1,102,,24037,8,0,43 44 45,1
3001,'20260326',738,,24038,5,0,7 43 44 45,1,19,,24039,8,0,43 44 45,1,76,,24040,5,0,7 43 44 45,1,15,,24041,8,0,43 44 45,1,85,,24042,5,0,7 43 44 45,1,15,,24043,8,0,43 44 45,1,65,,24044,8,0,43 44 45,1,27,,24045,8,0,43 44 45,1,63,,24046,5,0,7 43 44 45,1,38,,24047,8,0,43 44 45,1,62,,24048,5,0,7 43 44 45,1,41,,24049,8,0,43 44 45,1,59,,24050,5,0,7 43 44 45,1,41,,24051,8,0,43 44 45,1,105,,24052,8,0,43 44 45,1,74,,24053,2,0,16 43 44 45,1,25,,24054,8,0,43 44 45,1,9,,24055,2,0,16 43 44 45,1,93,,24056,8,0,43 44 45,1,105,,24057,8,0,43 44 45,1,149,,24058,8,0,43 44 45,1,55,,24059,8,0,43 44 45,1,80,,24060,8,0,43 44 45,1,92,,24061,5,0,7 43 44 45,1,10,,24062,8,0,43 44 45,1,95,,24063,8,0,43 44 45,1,195,,24064,8,0,43 44 45,1,102,,24065,8,0,43 44 45,1
3001,'20260327',738,,24066,5,0,7 43 44 45,1,19,,24067,8,0,43 44 45,1,76,,24068,5,0,7 43 44 45,1,15,,24069,8,0,43 44 45,1,85,,24070,5,0,7 43 44 45,1,15,,24071,8,0,43 44 45,1,65,,24072,8,0,43 44 45,1,27,,24073,8,0,43 44 45,1,63,,24074,5,0,7 43 44 45,1,38,,24075,8,0,43 44 45,1,62,,24076,5,0,7 43 44 45,1,41,,24077,8,0,43 44 45,1,59,,24078,5,0,7 43 44 45,1,41,,24079,8,0,43 44 45,1,9,,24080,5,0,7 43 44 45,1,50,,24081,5,0,7 43 44 45,1,46,,24082,8,0,43 44 45,1,54,,24083,5,0,7 43 44 45,1,20,,24084,2,0,16 43 44 45,1,25,,24085,8,0,43 44 45,1,9,,24086,2,0,16 43 44 45,1,60,,24087,5,0,7 43 44 45,1,33,,24088,8,0,43 44 45,1,59,,24089,2,0,16 43 44 45,1,46,,24090,8,0,43 44 45,1,54,,24091,2,0,16 43 44 45,1,31,,24092,2,0,16 43 44 45,1,64,,24093,8,0,43 44 45,1,55,,24094,8,0,43 44 45,1,80,,24095,8,0,43 44 45,1,92,,24096,5,0,7 43 44 45,1,10,,24097,8,0,43 44 45,1,95,,24098,8,0,43 44 45,1,195,,24099,8,0,43 44 45,1,102,,24100,8,0,43 44 45,1
3001,'20260328',951,,24101,8,0,43 44 45,1,97,,24106,8,0,43 44 45,1,95,,24113,5,0,7 43 44 45,1,10,,24114,8,0,43 44 45,1,93,,24121,5,0,7 43 44 45,1,10,,24122,8,0,43 44 45,1,90,,24129,5,0,7 43 44 45,1,10,,24130,8,0,43 44 45,1,90,,24137,5,0,7 43 44 45,1,10,,24138,8,0,43 44 45,1,90,,24144,5,0,7 43 44 45,1,10,,24145,8,0,43 44 45,1,90,,24151,5,0,7 43 44 45,1,10,,24152,8,0,43 44 45,1,90,,24158,5,0,7 43 44 45,1,10,,24159,8,0,43 44 45,1,190,,24171,5,0,7 43 44 45,1,5,,24172,5,0,7 43 44 45,1,50,,24174,8,0,43 44 45,1,42,,24180,5,0,7 43 44 45,1,5,,24181,5,0,7 43 44 45,1,10,,24183,8,0,43 44 45,1,85,,24189,5,0,7 43 44 45,1,5,,24190,5,0,7 43 44 45,1,10,,24192,8,0,43 44 45,1,85,,24198,5,0,7 43 44 45,1,10,,24199,8,0,43 44 45,1,90,,24205,5,0,7 43 44 45,1,10,,24206,8,0,43 44 45,1,192,,24214,8,0,43 44 45,1
3001,'20260329',951,,24217,8,0,43 44 45,1,97,,24222,8,0,43 44 45,1,95,,24229,5,0,7 43 44 45,1,10,,24230,8,0,43 44 45,1,93,,24237,5,0,7 43 44 45,1,10,,24238,8,0,43 44 45,1,90,,24245,5,0,7 43 44 45,1,10,,24246,8,0,43 44 45,1,90,,24253,5,0,7 43 44 45,1,10,,24254,8,0,43 44 45,1,90,,24260,5,0,7 43 44 45,1,10,,24261,8,0,43 44 45,1,90,,24267,5,0,7 43 44 45,1,10,,24268,8,0,43 44 45,1,90,,24274,5,0,7 43 44 45,1,10,,24275,8,0,43 44 45,1,190,,24287,5,0,7 43 44 45,1,5,,24288,5,0,7 43 44 45,1,50,,24290,8,0,43 44 45,1,42,,24296,5,0,7 43 44 45,1,5,,24297,5,0,7 43 44 45,1,10,,24299,8,0,43 44 45,1,85,,24305,5,0,7 43 44 45,1,5,,24306,5,0,7 43 44 45,1,10,,24308,8,0,43 44 45,1,85,,24314,5,0,7 43 44 45,1,10,,24315,8,0,43 44 45,1,90,,24321,5,0,7 43 44 45,1,10,,24322,8,0,43 44 45,1,192,,24330,8,0,43 44 45,1
3001,'20260330',738,,24333,5,0,7 43 44 45,1,19,,24334,8,0,43 44 45,1,76,,24335,5,0,7 43 44 45,1,15,,24336,8,0,43 44 45,1,85,,24337,5,0,7 43 44 45,1,15,,24338,8,0,43 44 45,1,65,,24339,8,0,43 44 45,1,27,,24340,8,0,43 44 45,1,63,,24341,5,0,7 43 44 45,1,38,,24342,8,0,43 44 45,1,62,,24343,5,0,7 43 44 45,1,41,,24344,8,0,43 44 45,1,59,,24345,5,0,7 43 44 45,1,41,,24346,8,0,43 44 45,1,105,,24347,8,0,43 44 45,1,99,,24348,8,0,43 44 45,1,102,,24349,8,0,43 44 45,1,105,,24350,8,0,43 44 45,1,149,,24351,8,0,43 44 45,1,55,,24352,8,0,43 44 45,1,80,,24353,8,0,43 44 45,1,92,,24354,5,0,7 43 44 45,1,10,,24355,8,0,43 44 45,1,95,,24356,8,0,43 44 45,1,195,,24357,8,0,43 44 45,1,102,,24358,8,0,43 44 45,1
3001,'20260331',738,,24359,5,0,7 43 44 45,1,19,,24360,8,0,43 44 45,1,76,,24361,5,0,7 43 44 45,1,15,,24362,8,0,43 44 45,1,85,,24363,5,0,7 43 44 45,1,15,,24364,8,0,43 44 45,1,65,,24365,8,0,43 44 45,1,27,,24366,8,0,43 44 45,1,63,,24367,5,0,7 43 44 45,1,38,,24368,8,0,43 44 45,1,62,,24369,5,0,7 43 44 45,1,41,,24370,8,0,43 44 45,1,59,,24371,5,0,7 43 44 45,1,41,,24372,8,0,43 44 45,1,105,,24373,8,0,43 44 45,1,99,,24374,8,0,43 44 45,1,102,,24375,8,0,43 44 45,1,105,,24376,8,0,43 44 45,1,149,,24377,8,0,43 44 45,1,55,,24378,8,0,43 44 45,1,80,,24379,8,0,43 44 45,1,92,,24380,5,0,7 43 44 45,1,10,,24381,8,0,43 44 45,1,95,,24382,8,0,43 44 45,1,195,,24383,8,0,43 44 45,1,102,,24384,8,0,43 44 45,1
3001,'20260401',738,,24385,5,0,7 43 44 45,1,19,,24386,8,0,43 44 45,1,76,,24387,5,0,7 43 44 45,1,15,,24388,8,0,43 44 45,1,85,,24389,5,0,7 43 44 45,1,15,,24390,8,0,43 44 45,1,65,,24391,8,0,43 44 45,1,27,,24392,8,0,43 44 45,1,63,,24393,5,0,7 43 44 45,1,38,,24394,8,0,43 44 45,1,62,,24395,5,0,7 43 44 45,1,41,,24396,8,0,43 44 45,1,59,,24397,5,0,7 43 44 45,1,41,,24398,8,0,43 44 45,1,105,,24399,8,0,43 44 45,1,99,,24400,8,0,43 44 45,1,102,,24401,8,0,43 44 45,1,105,,24402,8,0,43 44 45,1,149,,24403,8,0,43 44 45,1,55,,24404,8,0,43 44 45,1,80,,24405,8,0,43 44 45,1,92,,24406,5,0,7 43 44 45,1,10,,24407,8,0,43 44 45,1,95,,24408,8,0,43 44 45,1,195,,24409,8,0,43 44 45,1,102,,24410,8,0,43 44 45,1
3001,'20260402',738,,24411,5,0,7 43 44 45,1,19,,24412,8,0,43 44 45,1,76,,24413,5,0,7 43 44 45,1,15,,24414,8,0,43 44 45,1,85,,24415,5,0,7 43 44 45,1,15,,24416,8,0,43 44 45,1,65,,24417,8,0,43 44 45,1,27,,24418,8,0,43 44 45,1,63,,24419,5,0,7 43 44 45,1,38,,24420,8,0,43 44 45,1,62,,24421,5,0,7 43 44 45,1,41,,24422,8,0,43 44 45,1,59,,24423,5,0,7 43 44 45,1,41,,24424,8,0,43 44 45,1,105,,24425,8,0,43 44 45,1,74,,24426,2,0,16 43 44 45,1,25,,24427,8,0,43 44 45,1,9,,24428,2,0,16 43 44 45,1,93,,24429,8,0,43 44 45,1,105,,24430,8,0,43 44 45,1,149,,24431,8,0,43 44 45,1,55,,24432,8,0,43 44 45,1,80,,24433,8,0,43 44 45,1,92,,24434,5,0,7 43 44 45,1,10,,24435,8,0,43 44 45,1,95,,24436,8,0,43 44 45,1,195,,24437,8,0,43 44 45,1,102,,24438,8,0,43 44 45,1
3001,'20260403',951,,24439,8,0,43 44 45,1,97,,24440,8,0,43 44 45,1,95,,24441,5,0,7 43 44 45,1,10,,24442,8,0,43 44 45,1,93,,24443,5,0,7 43 44 45,1,10,,24444,8,0,43 44 45,1,90,,24445,5,0,7 43 44 45,1,10,,24446,8,0,43 44 45,1,90,,24447,5,0,7 43 44 45,1,10,,24448,8,0,43 44 45,1,90,,24449,5,0,7 43 44 45,1,10,,24450,8,0,43 44 45,1,90,,24451,5,0,7 43 44 45,1,10,,24452,8,0,43 44 45,1,90,,24453,5,0,7 43 44 45,1,10,,24454,8,0,43 44 45,1,190,,24455,5,0,7 43 44 45,1,5,,24456,5,0,7 43 44 45,1,50,,24457,8,0,43 44 45,1,42,,24458,5,0,7 43 44 45,1,5,,24459,5,0,7 43 44 45,1,10,,24460,8,0,43 44 45,1,85,,24461,5,0,7 43 44 45,1,5,,24462,5,0,7 43 44 45,1,10,,24463,8,0,43 44 45,1,85,,24464,5,0,7 43 44 45,1,10,,24465,8,0,43 44 45,1,90,,24466,5,0,7 43 44 45,1,10,,24467,8,0,43 44 45,1,192,,24468,8,0,43 44 45,1
3001,'20260404',951,,24469,8,0,43 44 45,1,97,,24470,8,0,43 44 45,1,95,,24471,5,0,7 43 44 45,1,10,,24472,8,0,43 44 45,1,93,,24473,5,0,7 43 44 45,1,10,,24474,8,0,43 44 45,1,90,,24475,5,0,7 43 44 45,1,10,,24476,8,0,43 44 45,1,90,,24477,5,0,7 43 44 45,1,10,,24478,8,0,43 44 45,1,90,,24479,5,0,7 43 44 45,1,10,,24480,8,0,43 44 45,1,90,,24481,5,0,7 43 44 45,1,10,,24482,8,0,43 44 45,1,90,,24483,5,0,7 43 44 45,1,10,,24484,8,0,43 44 45,1,190,,24485,5,0,7 43 44 45,1,5,,24486,5,0,7 43 44 45,1,50,,24487,8,0,43 44 45,1,42,,24488,5,0,7 43 44 45,1,5,,24489,5,0,7 43 44 45,1,10,,24490,8,0,43 44 45,1,85,,24491,5,0,7 43 44 45,1,5,,24492,5,0,7 43 44 45,1,10,,24493,8,0,43 44 45,1,85,,24494,5,0,7 43 44 45,1,10,,24495,8,0,43 44 45,1,90,,24496,5,0,7 43 44 45,1,10,,24497,8,0,43 44 45,1,192,,24498,8,0,43 44 45,1
3001,'20260405',951,,24499,8,0,43 44 45,1,97,,24500,8,0,43 44 45,1,95,,24501,5,0,7 43 44 45,1,10,,24502,8,0,43 44 45,1,93,,24503,5,0,7 43 44 45,1,10,,24504,8,0,43 44 45,1,90,,24505,5,0,7 43 44 45,1,10,,24506,8,0,43 44 45,1,90,,24507,5,0,7 43 44 45,1,10,,24508,8,0,43 44 45,1,90,,24509,5,0,7 43 44 45,1,10,,24510,8,0,43 44 45,1,90,,24511,5,0,7 43 44 45,1,10,,24512,8,0,43 44 45,1,90,,24513,5,0,7 43 44 45,1,10,,24514,8,0,43 44 45,1,190,,24515,5,0,7 43 44 45,1,5,,24516,5,0,7 43 44 45,1,50,,24517,8,0,43 44 45,1,42,,24518,5,0,7 43 44 45,1,5,,24519,5,0,7 43 44 45,1,10,,24520,8,0,43 44 45,1,85,,24521,5,0,7 43 44 45,1,5,,24522,5,0,7 43 44 45,1,10,,24523,8,0,43 44 45,1,85,,24524,5,0,7 43 44 45,1,10,,24525,8,0,43 44 45,1,90,,24526,5,0,7 43 44 45,1,10,,24527,8,0,43 44 45,1,192,,24528,8,0,43 44 45,1
3001,'20260406',738,,24529,5,0,7 43 44 45,1,19,,24530,8,0,43 44 45,1,76,,24531,5,0,7 43 44 45,1,15,,24532,8,0,43 44 45,1,85,,24533,5,0,7 43 44 45,1,15,,24534,8,0,43 44 45,1,65,,24535,8,0,43 44 45,1,27,,24536,8,0,43 44 45,1,63,,24537,5,0,7 43 44 45,1,38,,24538,8,0,43 44 45,1,62,,24539,5,0,7 43 44 45,1,41,,24540,8,0,43 44 45,1,59,,24541,5,0,7 43 44 45,1,41,,24542,8,0,43 44 45,1,105,,24543,8,0,43 44 45,1,99,,24544,8,0,43 44 45,1,102,,24545,8,0,43 44 45,1,105,,24546,8,0,43 44 45,1,149,,24547,8,0,43 44 45,1,55,,24548,8,0,43 44 45,1,80,,24549,8,0,43 44 45,1,92,,24550,5,0,7 43 44 45,1,10,,24551,8,0,43 44 45,1,95,,24552,8,0,43 44 45,1,195,,24553,8,0,43 44 45,1,102,,24554,8,0,43 44 45,1
3001,'20260407',738,,24555,5,0,7 43 44 45,1,19,,24556,8,0,43 44 45,1,76,,24557,5,0,7 43 44 45,1,15,,24558,8,0,43 44 45,1,85,,24559,5,0,7 43 44 45,1,15,,24560,8,0,43 44 45,1,65,,24561,8,0,43 44 45,1,27,,24562,8,0,43 44 45,1,63,,24563,5,0,7 43 44 45,1,38,,24564,8,0,43 44 45,1,62,,24565,5,0,7 43 44 45,1,41,,24566,8,0,43 44 45,1,59,,24567,5,0,7 43 44 45,1,41,,24568,8,0,43 44 45,1,105,,24569,8,0,43 44 45,1,99,,24570,8,0,43 44 45,1,102,,24571,8,0,43 44 45,1,105,,24572,8,0,43 44 45,1,149,,24573,8,0,43 44 45,1,55,,24574,8,0,43 44 45,1,80,,24575,8,0,43 44 45,1,92,,24576,5,0,7 43 44 45,1,10,,24577,8,0,43 44 45,1,95,,24578,8,0,43 44 45,1,195,,24579,8,0,43 44 45,1,102,,24580,8,0,43 44 45,1
3001,'20260408',738,,24581,5,0,7 43 44 45,1,19,,24582,8,0,43 44 45,1,76,,24583,5,0,7 43 44 45,1,15,,24584,8,0,43 44 45,1,85,,24585,5,0,7 43 44 45,1,15,,24586,8,0,43 44 45,1,65,,24587,8,0,43 44 45,1,27,,24588,8,0,43 44 45,1,63,,24589,5,0,7 43 44 45,1,38,,24590,8,0,43 44 45,1,62,,24591,5,0,7 43 44 45,1,41,,24592,8,0,43 44 45,1,59,,24593,5,0,7 43 44 45,1,41,,24594,8,0,43 44 45,1,105,,24595,8,0,43 44 45,1,99,,24596,8,0,43 44 45,1,102,,24597,8,0,43 44 45,1,105,,24598,8,0,43 44 45,1,149,,24599,8,0,43 44 45,1,55,,24600,8,0,43 44 45,1,80,,24601,8,0,43 44 45,1,92,,24602,5,0,7 43 44 45,1,10,,24603,8,0,43 44 45,1,95,,24604,8,0,43 44 45,1,195,,24605,8,0,43 44 45,1,102,,24606,8,0,43 44 45,1
3001,'20260409',738,,24607,5,0,7 43 44 45,1,19,,24608,8,0,43 44 45,1,76,,24609,5,0,7 43 44 45,1,15,,24610,8,0,43 44 45,1,85,,24611,5,0,7 43 44 45,1,15,,24612,8,0,43 44 45,1,65,,24613,8,0,43 44 45,1,27,,24614,8,0,43 44 45,1,63,,24615,5,0,7 43 44 45,1,38,,24616,8,0,43 44 45,1,62,,24617,5,0,7 43 44 45,1,41,,24618,8,0,43 44 45,1,59,,24619,5,0,7 43 44 45,1,41,,24620,8,0,43 44 45,1,105,,24621,8,0,43 44 45,1,74,,24622,2,0,16 43 44 45,1,25,,24623,8,0,43 44 45,1,9,,24624,2,0,16 43 44 45,1,93,,24625,8,0,43 44 45,1,105,,24626,8,0,43 44 45,1,149,,24627,8,0,43 44 45,1,55,,24628,8,0,43 44 45,1,80,,24629,8,0,43 44 45,1,92,,24630,5,0,7 43 44 45,1,10,,24631,8,0,43 44 45,1,95,,24632,8,0,43 44 45,1,195,,24633,8,0,43 44 45,1,102,,24634,8,0,43 44 45,1
3001,'20260410',738,,24635,5,0,7 43 44 45,1,19,,24636,8,0,43 44 45,1,76,,24637,5,0,7 43 44 45,1,15,,24638,8,0,43 44 45,1,85,,24639,5,0,7 43 44 45,1,15,,24640,8,0,43 44 45,1,65,,24641,8,0,43 44 45,1,27,,24642,8,0,43 44 45,1,63,,24643,5,0,7 43 44 45,1,38,,24644,8,0,43 44 45,1,62,,24645,5,0,7 43 44 45,1,41,,24646,8,0,43 44 45,1,59,,24647,5,0,7 43 44 45,1,41,,24648,8,0,43 44 45,1,9,,24649,5,0,7 43 44 45,1,50,,24650,5,0,7 43 44 45,1,46,,24651,8,0,43 44 45,1,54,,24652,5,0,7 43 44 45,1,20,,24653,2,0,16 43 44 45,1,25,,24654,8,0,43 44 45,1,9,,24655,2,0,16 43 44 45,1,60,,24656,5,0,7 43 44 45,1,33,,24657,8,0,43 44 45,1,59,,24658,2,0,16 43 44 45,1,46,,24659,8,0,43 44 45,1,54,,24660,2,0,16 43 44 45,1,31,,24661,2,0,16 43 44 45,1,64,,24662,8,0,43 44 45,1,55,,24663,8,0,43 44 45,1,80,,24664,8,0,43 44 45,1,92,,24665,5,0,7 43 44 45,1,10,,24666,8,0,43 44 45,1,95,,24667,8,0,43 44 45,1,195,,24668,8,0,43 44 45,1,102,,24669,8,0,43 44 45,1
3001,'20260411',951,,24670,8,0,43 44 45,1,97,,24671,8,0,43 44 45,1,95,,24672,5,0,7 43 44 45,1,10,,24673,8,0,43 44 45,1,93,,24674,5,0,7 43 44 45,1,10,,24675,8,0,43 44 45,1,90,,24676,5,0,7 43 44 45,1,10,,24677,8,0,43 44 45,1,90,,24678,5,0,7 43 44 45,1,10,,24679,8,0,43 44 45,1,90,,24680,5,0,7 43 44 45,1,10,,24681,8,0,43 44 45,1,90,,24682,5,0,7 43 44 45,1,10,,24683,8,0,43 44 45,1,90,,24684,5,0,7 43 44 45,1,10,,24685,8,0,43 44 45,1,190,,24686,5,0,7 43 44 45,1,5,,24687,5,0,7 43 44 45,1,50,,24688,8,0,43 44 45,1,42,,24689,5,0,7 43 44 45,1,5,,24690,5,0,7 43 44 45,1,10,,24691,8,0,43 44 45,1,85,,24692,5,0,7 43 44 45,1,5,,24693,5,0,7 43 44 45,1,10,,24694,8,0,43 44 45,1,85,,24695,5,0,7 43 44 45,1,10,,24696,8,0,43 44 45,1,90,,24697,5,0,7 43 44 45,1,10,,24698,8,0,43 44 45,1,192,,24699,8,0,43 44 45,1
3001,'20260412',951,,24700,8,0,43 44 45,1,97,,24701,8,0,43 44 45,1,95,,24702,5,0,7 43 44 45,1,10,,24703,8,0,43 44 45,1,93,,24704,5,0,7 43 44 45,1,10,,24705,8,0,43 44 45,1,90,,24706,5,0,7 43 44 45,1,10,,24707,8,0,43 44 45,1,90,,24708,5,0,7 43 44 45,1,10,,24709,8,0,43 44 45,1,90,,24710,5,0,7 43 44 45,1,10,,24711,8,0,43 44 45,1,90,,24712,5,0,7 43 44 45,1,10,,24713,8,0,43 44 45,1,90,,24714,5,0,7 43 44 45,1,10,,24715,8,0,43 44 45,1,190,,24716,5,0,7 43 44 45,1,5,,24717,5,0,7 43 44 45,1,50,,24718,8,0,43 44 45,1,42,,24719,5,0,7 43 44 45,1,5,,24720,5,0,7 43 44 45,1,10,,24721,8,0,43 44 45,1,85,,24722,5,0,7 43 44 45,1,5,,24723,5,0,7 43 44 45,1,10,,24724,8,0,43 44 45,1,85,,24725,5,0,7 43 44 45,1,10,,24726,8,0,43 44 45,1,90,,24727,5,0,7 43 44 45,1,10,,24728,8,0,43 44 45,1,192,,24729,8,0,43 44 45,1
3001,'20260413',738,,24730,5,0,7 43 44 45,1,19,,24731,8,0,43 44 45,1,76,,24732,5,0,7 43 44 45,1,15,,24733,8,0,43 44 45,1,85,,24734,5,0,7 43 44 45,1,15,,24735,8,0,43 44 45,1,65,,24736,8,0,43 44 45,1,27,,24737,8,0,43 44 45,1,63,,24738,5,0,7 43 44 45,1,38,,24739,8,0,43 44 45,1,62,,24740,5,0,7 43 44 45,1,41,,24741,8,0,43 44 45,1,59,,24742,5,0,7 43 44 45,1,41,,24743,8,0,43 44 45,1,105,,24744,8,0,43 44 45,1,99,,24745,8,0,43 44 45,1,102,,24746,8,0,43 44 45,1,105,,24747,8,0,43 44 45,1,149,,24748,8,0,43 44 45,1,55,,24749,8,0,43 44 45,1,80,,24750,8,0,43 44 45,1,92,,24751,5,0,7 43 44 45,1,10,,24752,8,0,43 44 45,1,95,,24753,8,0,43 44 45,1,195,,24754,8,0,43 44 45,1,102,,24755,8,0,43 44 45,1
3001,'20260414',738,,24756,5,0,7 43 44 45,1,19,,24757,8,0,43 44 45,1,76,,24758,5,0,7 43 44 45,1,15,,24759,8,0,43 44 45,1,85,,24760,5,0,7 43 44 45,1,15,,24761,8,0,43 44 45,1,65,,24762,8,0,43 44 45,1,27,,24763,8,0,43 44 45,1,63,,24764,5,0,7 43 44 45,1,38,,24765,8,0,43 44 45,1,62,,24766,5,0,7 43 44 45,1,41,,24767,8,0,43 44 45,1,59,,24768,5,0,7 43 44 45,1,41,,24769,8,0,43 44 45,1,105,,24770,8,0,43 44 45,1,99,,24771,8,0,43 44 45,1,102,,24772,8,0,43 44 45,1,105,,24773,8,0,43 44 45,1,149,,24774,8,0,43 44 45,1,55,,24775,8,0,43 44 45,1,80,,24776,8,0,43 44 45,1,92,,24777,5,0,7 43 44 45,1,10,,24778,8,0,43 44 45,1,95,,24779,8,0,43 44 45,1,195,,24780,8,0,43 44 45,1,102,,24781,8,0,43 44 45,1
3001,'20260415',738,,24782,5,0,7 43 44 45,1,19,,24783,8,0,43 44 45,1,76,,24784,5,0,7 43 44 45,1,15,,24785,8,0,43 44 45,1,85,,24786,5,0,7 43 44 45,1,15,,24787,8,0,43 44 45,1,65,,24788,8,0,43 44 45,1,27,,24789,8,0,43 44 45,1,63,,24790,5,0,7 43 44 45,1,38,,24791,8,0,43 44 45,1,62,,24792,5,0,7 43 44 45,1,41,,24793,8,0,43 44 45,1,59,,24794,5,0,7 43 44 45,1,41,,24795,8,0,43 44 45,1,105,,24796,8,0,43 44 45,1,99,,24797,8,0,43 44 45,1,102,,24798,8,0,43 44 45,1,105,,24799,8,0,43 44 45,1,149,,24800,8,0,43 44 45,1,55,,24801,8,0,43 44 45,1,80,,24802,8,0,43 44 45,1,92,,24803,5,0,7 43 44 45,1,10,,24804,8,0,43 44 45,1,95,,24805,8,0,43 44 45,1,195,,24806,8,0,43 44 45,1,102,,24807,8,0,43 44 45,1
3001,'20260416',738,,24808,5,0,7 43 44 45,1,19,,24809,8,0,43 44 45,1,76,,24810,5,0,7 43 44 45,1,15,,24811,8,0,43 44 45,1,85,,24812,5,0,7 43 44 45,1,15,,24813,8,0,43 44 45,1,65,,24814,8,0,43 44 45,1,27,,24815,8,0,43 44 45,1,63,,24816,5,0,7 43 44 45,1,38,,24817,8,0,43 44 45,1,62,,24818,5,0,7 43 44 45,1,41,,24819,8,0,43 44 45,1,59,,24820,5,0,7 43 44 45,1,41,,24821,8,0,43 44 45,1,105,,24822,8,0,43 44 45,1,74,,24823,2,0,16 43 44 45,1,25,,24824,8,0,43 44 45,1,9,,24825,2,0,16 43 44 45,1,93,,24826,8,0,43 44 45,1,105,,24827,8,0,43 44 45,1,149,,24828,8,0,43 44 45,1,55,,24829,8,0,43 44 45,1,80,,24830,8,0,43 44 45,1,92,,24831,5,0,7 43 44 45,1,10,,24832,8,0,43 44 45,1,95,,24833,8,0,43 44 45,1,195,,24834,8,0,43 44 45,1,102,,24835,8,0,43 44 45,1
3001,'20260417',738,,24836,5,0,7 43 44 45,1,19,,24837,8,0,43 44 45,1,76,,24838,5,0,7 43 44 45,1,15,,24839,8,0,43 44 45,1,85,,24840,5,0,7 43 44 45,1,15,,24841,8,0,43 44 45,1,65,,24842,8,0,43 44 45,1,27,,24843,8,0,43 44 45,1,63,,24844,5,0,7 43 44 45,1,38,,24845,8,0,43 44 45,1,62,,24846,5,0,7 43 44 45,1,41,,24847,8,0,43 44 45,1,59,,24848,5,0,7 43 44 45,1,41,,24849,8,0,43 44 45,1,9,,24850,5,0,7 43 44 45,1,50,,24851,5,0,7 43 44 45,1,46,,24852,8,0,43 44 45,1,54,,24853,5,0,7 43 44 45,1,20,,24854,2,0,16 43 44 45,1,25,,24855,8,0,43 44 45,1,9,,24856,2,0,16 43 44 45,1,60,,24857,5,0,7 43 44 45,1,33,,24858,8,0,43 44 45,1,59,,24859,2,0,16 43 44 45,1,46,,24860,8,0,43 44 45,1,54,,24861,2,0,16 43 44 45,1,31,,24862,2,0,16 43 44 45,1,64,,24863,8,0,43 44 45,1,55,,24864,8,0,43 44 45,1,80,,24865,8,0,43 44 45,1,92,,24866,5,0,7 43 44 45,1,10,,24867,8,0,43 44 45,1,95,,24868,8,0,43 44 45,1,195,,24869,8,0,43 44 45,1,102,,24870,8,0,43 44 45,1
3001,'20260418',951,,24871,8,0,43 44 45,1,97,,24872,8,0,43 44 45,1,95,,24873,5,0,7 43 44 45,1,10,,24874,8,0,43 44 45,1,93,,24875,5,0,7 43 44 45,1,10,,24876,8,0,43 44 45,1,90,,24877,5,0,7 43 44 45,1,10,,24878,8,0,43 44 45,1,90,,24879,5,0,7 43 44 45,1,10,,24880,8,0,43 44 45,1,90,,24881,5,0,7 43 44 45,1,10,,24882,8,0,43 44 45,1,90,,24883,5,0,7 43 44 45,1,10,,24884,8,0,43 44 45,1,90,,24885,5,0,7 43 44 45,1,10,,24886,8,0,43 44 45,1,190,,24887,5,0,7 43 44 45,1,5,,24888,5,0,7 43 44 45,1,50,,24889,8,0,43 44 45,1,42,,24890,5,0,7 43 44 45,1,5,,24891,5,0,7 43 44 45,1,10,,24892,8,0,43 44 45,1,85,,24893,5,0,7 43 44 45,1,5,,24894,5,0,7 43 44 45,1,10,,24895,8,0,43 44 45,1,85,,24896,5,0,7 43 44 45,1,10,,24897,8,0,43 44 45,1,90,,24898,5,0,7 43 44 45,1,10,,24899,8,0,43 44 45,1,192,,24900,8,0,43 44 45,1
3001,'20260419',951,,24901,8,0,43 44 45,1,97,,24902,8,0,43 44 45,1,95,,24903,5,0,7 43 44 45,1,10,,24904,8,0,43 44 45,1,93,,24905,5,0,7 43 44 45,1,10,,24906,8,0,43 44 45,1,90,,24907,5,0,7 43 44 45,1,10,,24908,8,0,43 44 45,1,90,,24909,5,0,7 43 44 45,1,10,,24910,8,0,43 44 45,1,90,,24911,5,0,7 43 44 45,1,10,,24912,8,0,43 44 45,1,90,,24913,5,0,7 43 44 45,1,10,,24914,8,0,43 44 45,1,90,,24915,5,0,7 43 44 45,1,10,,24916,8,0,43 44 45,1,190,,24917,5,0,7 43 44 45,1,5,,24918,5,0,7 43 44 45,1,50,,24919,8,0,43 44 45,1,42,,24920,5,0,7 43 44 45,1,5,,24921,5,0,7 43 44 45,1,10,,24922,8,0,43 44 45,1,85,,24923,5,0,7 43 44 45,1,5,,24924,5,0,7 43 44 45,1,10,,24925,8,0,43 44 45,1,85,,24926,5,0,7 43 44 45,1,10,,24927,8,0,43 44 45,1,90,,24928,5,0,7 43 44 45,1,10,,24929,8,0,43 44 45,1,192,,24930,8,0,43 44 45,1
3001,'20260420',738,,24931,5,0,7 43 44 45,1,19,,24932,8,0,43 44 45,1,76,,24933,5,0,7 43 44 45,1,15,,24934,8,0,43 44 45,1,85,,24935,5,0,7 43 44 45,1,15,,24936,8,0,43 44 45,1,65,,24937,8,0,43 44 45,1,27,,24938,8,0,43 44 45,1,63,,24939,5,0,7 43 44 45,1,38,,24940,8,0,43 44 45,1,62,,24941,5,0,7 43 44 45,1,41,,24942,8,0,43 44 45,1,59,,24943,5,0,7 43 44 45,1,41,,24944,8,0,43 44 45,1,105,,24945,8,0,43 44 45,1,99,,24946,8,0,43 44 45,1,102,,24947,8,0,43 44 45,1,105,,24948,8,0,43 44 45,1,149,,24949,8,0,43 44 45,1,55,,24950,8,0,43 44 45,1,80,,24951,8,0,43 44 45,1,92,,24952,5,0,7 43 44 45,1,10,,24953,8,0,43 44 45,1,95,,24954,8,0,43 44 45,1,195,,24955,8,0,43 44 45,1,102,,24956,8,0,43 44 45,1
3001,'20260421',738,,24957,5,0,7 43 44 45,1,19,,24958,8,0,43 44 45,1,76,,24959,5,0,7 43 44 45,1,15,,24960,8,0,43 44 45,1,85,,24961,5,0,7 43 44 45,1,15,,24962,8,0,43 44 45,1,65,,24963,8,0,43 44 45,1,27,,24964,8,0,43 44 45,1,63,,24965,5,0,7 43 44 45,1,38,,24966,8,0,43 44 45,1,62,,24967,5,0,7 43 44 45,1,41,,24968,8,0,43 44 45,1,59,,24969,5,0,7 43 44 45,1,41,,24970,8,0,43 44 45,1,105,,24971,8,0,43 44 45,1,99,,24972,8,0,43 44 45,1,102,,24973,8,0,43 44 45,1,105,,24974,8,0,43 44 45,1,149,,24975,8,0,43 44 45,1,55,,24976,8,0,43 44 45,1,80,,24977,8,0,43 44 45,1,92,,24978,5,0,7 43 44 45,1,10,,24979,8,0,43 44 45,1,95,,24980,8,0,43 44 45,1,195,,24981,8,0,43 44 45,1,102,,24982,8,0,43 44 45,1
3001,'20260422',738,,24983,5,0,7 43 44 45,1,19,,24984,8,0,43 44 45,1,76,,24985,5,0,7 43 44 45,1,15,,24986,8,0,43 44 45,1,85,,24987,5,0,7 43 44 45,1,15,,24988,8,0,43 44 45,1,65,,24989,8,0,43 44 45,1,27,,24990,8,0,43 44 45,1,63,,24991,5,0,7 43 44 45,1,38,,24992,8,0,43 44 45,1,62,,24993,5,0,7 43 44 45,1,41,,24994,8,0,43 44 45,1,59,,24995,5,0,7 43 44 45,1,41,,24996,8,0,43 44 45,1,105,,24997,8,0,43 44 45,1,99,,24998,8,0,43 44 45,1,102,,24999,8,0,43 44 45,1,105,,25000,8,0,43 44 45,1,149,,25001,8,0,43 44 45,1,55,,25002,8,0,43 44 45,1,80,,25003,8,0,43 44 45,1,92,,25004,5,0,7 43 44 45,1,10,,25005,8,0,43 44 45,1,95,,25006,8,0,43 44 45,1,195,,25007,8,0,43 44 45,1,102,,25008,8,0,43 44 45,1
3001,'20260423',738,,25009,5,0,7 43 44 45,1,19,,25010,8,0,43 44 45,1,76,,25011,5,0,7 43 44 45,1,15,,25012,8,0,43 44 45,1,85,,25013,5,0,7 43 44 45,1,15,,25014,8,0,43 44 45,1,65,,25015,8,0,43 44 45,1,27,,25016,8,0,43 44 45,1,63,,25017,5,0,7 43 44 45,1,38,,25018,8,0,43 44 45,1,62,,25019,5,0,7 43 44 45,1,41,,25020,8,0,43 44 45,1,59,,25021,5,0,7 43 44 45,1,41,,25022,8,0,43 44 45,1,105,,25023,8,0,43 44 45,1,74,,25024,2,0,16 43 44 45,1,25,,25025,8,0,43 44 45,1,9,,25026,2,0,16 43 44 45,1,93,,25027,8,0,43 44 45,1,105,,25028,8,0,43 44 45,1,149,,25029,8,0,43 44 45,1,55,,25030,8,0,43 44 45,1,80,,25031,8,0,43 44 45,1,92,,25032,5,0,7 43 44 45,1,10,,25033,8,0,43 44 45,1,95,,25034,8,0,43 44 45,1,195,,25035,8,0,43 44 45,1,102,,25036,8,0,43 44 45,1
3001,'20260424',738,,25037,5,0,7 43 44 45,1,19,,25038,8,0,43 44 45,1,76,,25039,5,0,7 43 44 45,1,15,,25040,8,0,43 44 45,1,85,,25041,5,0,7 43 44 45,1,15,,25042,8,0,43 44 45,1,65,,25043,8,0,43 44 45,1,27,,25044,8,0,43 44 45,1,63,,25045,5,0,7 43 44 45,1,38,,25046,8,0,43 44 45,1,62,,25047,5,0,7 43 44 45,1,41,,25048,8,0,43 44 45,1,59,,25049,5,0,7 43 44 45,1,41,,25050,8,0,43 44 45,1,9,,25051,5,0,7 43 44 45,1,50,,25052,5,0,7 43 44 45,1,46,,25053,8,0,43 44 45,1,54,,25054,5,0,7 43 44 45,1,20,,25055,2,0,16 43 44 45,1,25,,25056,8,0,43 44 45,1,9,,25057,2,0,16 43 44 45,1,60,,25058,5,0,7 43 44 45,1,33,,25059,8,0,43 44 45,1,59,,25060,2,0,16 43 44 45,1,46,,25061,8,0,43 44 45,1,54,,25062,2,0,16 43 44 45,1,31,,25063,2,0,16 43 44 45,1,64,,25064,8,0,43 44 45,1,55,,25065,8,0,43 44 45,1,80,,25066,8,0,43 44 45,1,92,,25067,5,0,7 43 44 45,1,10,,25068,8,0,43 44 45,1,95,,25069,8,0,43 44 45,1,195,,25070,8,0,43 44 45,1,102,,25071,8,0,43 44 45,1
