1200,'20260414',426,,1635,2,,,1,88,,1636,2,,,1,91,,1637,2,,,1,117,,1638,2,,,1,100,,1639,2,,,1,100,,1640,2,,,1,100,,1641,2,,,1,100,,1642,2,,,1,81,,1643,2,0,5 73 9,1,19,,1644,2,,,1,81,,1645,2,0,5 73 9,1,14,,1646,2,,,1,41,,1647,2,0,5 73 9,1,60,,1648,2,,,1,36,,1649,2,0,5 73 9,1,60,,1650,2,,,1,36,,1651,2,0,5 73 9,1,65,,1653,2,,,1,7,,1652,2,0,5 73 9,1,29,,1654,2,0,5 73 9,1,69,,1655,2,,,1,37,,1656,2,0,5 73 9,1,70,,1657,2,,,1,75,,1658,2,0,5 73 9,1,25,,1659,2,,,1,105,,1660,2,,,1,70,,1661,2,0,5 73 9,1,30,,1662,2,,,1,100,,1663,2,0,5 73 9,1
1200,'20260415',426,,1665,2,,,1,88,,1666,2,,,1,91,,1667,2,,,1,117,,1668,2,,,1,100,,1669,2,,,1,100,,1670,2,,,1,100,,1671,2,,,1,100,,1672,2,,,1,81,,1673,2,0,5 73 9,1,19,,1674,2,,,1,81,,1675,2,0,5 73 9,1,14,,1676,2,,,1,41,,1677,2,0,5 73 9,1,60,,1678,2,,,1,36,,1679,2,0,5 73 9,1,60,,1680,2,,,1,36,,1681,2,0,5 73 9,1,65,,1683,2,,,1,7,,1682,2,0,5 73 9,1,29,,1684,2,0,5 73 9,1,69,,1685,2,,,1,37,,1686,2,0,5 73 9,1,70,,1687,2,,,1,75,,1688,2,0,5 73 9,1,25,,1689,2,,,1,105,,1690,2,,,1,70,,1691,2,0,5 73 9,1,30,,1692,2,,,1,100,,1693,2,0,5 73 9,1
1200,'20260416',426,,1695,2,,,1,88,,1696,2,,,1,91,,1697,2,,,1,117,,1698,2,,,1,100,,1699,2,,,1,100,,1700,2,,,1,100,,1701,2,,,1,100,,1702,2,,,1,81,,1703,2,0,5 73 9,1,19,,1704,2,,,1,81,,1705,2,0,5 73 9,1,14,,1706,2,,,1,41,,1707,2,0,5 73 9,1,60,,1708,2,,,1,36,,1709,2,0,5 73 9,1,60,,1710,2,,,1,36,,1711,2,0,5 73 9,1,65,,1713,2,,,1,7,,1712,2,0,5 73 9,1,29,,1714,2,0,5 73 9,1,69,,1715,2,,,1,37,,1716,2,0,5 73 9,1,70,,1717,2,,,1,75,,1718,2,0,5 73 9,1,25,,1719,2,,,1,105,,1720,2,,,1,70,,1721,2,0,5 73 9,1,30,,1722,2,,,1,100,,1723,2,0,5 73 9,1
1200,'20260417',426,,1725,2,,,1,88,,1726,2,,,1,91,,1727,2,,,1,117,,1728,2,,,1,100,,1729,2,,,1,100,,1730,2,,,1,100,,1731,2,,,1,100,,1732,2,,,1,81,,1733,2,0,5 73 9,1,19,,1734,2,,,1,81,,1735,2,0,5 73 9,1,14,,1736,2,,,1,41,,1737,2,0,5 73 9,1,60,,1738,2,,,1,36,,1739,2,0,5 73 9,1,60,,1740,2,,,1,36,,1741,2,0,5 73 9,1,65,,1743,2,,,1,7,,1742,2,0,5 73 9,1,29,,1744,2,0,5 73 9,1,69,,1745,2,,,1,37,,1746,2,0,5 73 9,1,70,,1747,2,,,1,75,,1748,2,0,5 73 9,1,25,,1749,2,,,1,105,,1750,2,,,1,70,,1751,2,0,5 73 9,1,30,,1752,2,,,1,100,,1753,2,0,5 73 9,1
1200,'20260418',604,,1754,2,,,1,30,,1755,2,,,1,92,,1756,2,,,1,100,,1757,2,,,1,99,,1758,2,,,1,17,,1759,2,0,34 73 9,1,83,,1760,2,,,1,32,,1761,2,0,5 73 9,1,63,,1762,2,,,1,37,,1763,2,0,5 73 9,1,63,,1764,2,,,1,37,,1765,2,0,5 73 9,1,63,,1766,2,,,1,37,,1767,2,0,5 73 9,1,56,,1768,2,,,1,44,,1769,2,0,5 73 9,1,57,,1770,2,,,1,38,,1771,2,0,5 73 9,1,62,,1772,2,,,1,23,,1774,2,0,34 73 9,1,15,,1773,2,0,5 73 9,1,62,,1775,2,,,1,23,,1777,2,0,34 73 9,1,15,,1776,2,0,5 73 9,1,69,,1778,2,,,1,16,,1780,2,0,34 73 9,1,15,,1779,2,0,5 73 9,1,68,,1781,2,,,1,22,,1783,2,0,34 73 9,1,15,,1782,2,0,5 73 9,1,63,,1784,2,,,1,37,,1785,2,0,5 73 9,1,67,,1786,2,,,1,7,,1787,2,0,5 73 9,1,96,,1788,2,0,5 73 9,1
1200,'20260419',604,,1789,2,,,1,30,,1790,2,,,1,92,,1791,2,,,1,100,,1792,2,,,1,99,,1793,2,,,1,17,,1794,2,0,34 73 9,1,83,,1795,2,,,1,32,,1796,2,0,5 73 9,1,63,,1797,2,,,1,37,,1798,2,0,5 73 9,1,63,,1799,2,,,1,37,,1800,2,0,5 73 9,1,63,,1801,2,,,1,37,,1802,2,0,5 73 9,1,56,,1803,2,,,1,44,,1804,2,0,5 73 9,1,57,,1805,2,,,1,38,,1806,2,0,5 73 9,1,62,,1807,2,,,1,23,,1809,2,0,34 73 9,1,15,,1808,2,0,5 73 9,1,62,,1810,2,,,1,23,,1812,2,0,34 73 9,1,15,,1811,2,0,5 73 9,1,69,,1813,2,,,1,16,,1815,2,0,34 73 9,1,15,,1814,2,0,5 73 9,1,68,,1816,2,,,1,22,,1818,2,0,34 73 9,1,15,,1817,2,0,5 73 9,1,63,,1819,2,,,1,37,,1820,2,0,5 73 9,1,67,,1821,2,,,1,7,,1822,2,0,5 73 9,1,96,,1823,2,0,5 73 9,1
1200,'20260420',426,,1825,2,,,1,88,,1826,2,,,1,91,,1827,2,,,1,117,,1828,2,,,1,100,,1829,2,,,1,100,,1830,2,,,1,100,,1831,2,,,1,100,,1832,2,,,1,81,,1833,2,0,5 73 9,1,19,,1834,2,,,1,81,,1835,2,0,5 73 9,1,14,,1836,2,,,1,41,,1837,2,0,5 73 9,1,60,,1838,2,,,1,36,,1839,2,0,5 73 9,1,60,,1840,2,,,1,36,,1841,2,0,5 73 9,1,65,,1843,2,,,1,7,,1842,2,0,5 73 9,1,29,,1844,2,0,5 73 9,1,69,,1845,2,,,1,37,,1846,2,0,5 73 9,1,70,,1847,2,,,1,75,,1848,2,0,5 73 9,1,25,,1849,2,,,1,105,,1850,2,,,1,70,,1851,2,0,5 73 9,1,30,,1852,2,,,1,100,,1853,2,0,5 73 9,1
1200,'20260421',426,,1855,2,,,1,88,,1856,2,,,1,91,,1857,2,,,1,117,,1858,2,,,1,100,,1859,2,,,1,100,,1860,2,,,1,100,,1861,2,,,1,100,,1862,2,,,1,81,,1863,2,0,5 73 9,1,19,,1864,2,,,1,81,,1865,2,0,5 73 9,1,14,,1866,2,,,1,41,,1867,2,0,5 73 9,1,60,,1868,2,,,1,36,,1869,2,0,5 73 9,1,60,,1870,2,,,1,36,,1871,2,0,5 73 9,1,65,,1873,2,,,1,7,,1872,2,0,5 73 9,1,29,,1874,2,0,5 73 9,1,69,,1875,2,,,1,37,,1876,2,0,5 73 9,1,70,,1877,2,,,1,75,,1878,2,0,5 73 9,1,25,,1879,2,,,1,105,,1880,2,,,1,70,,1881,2,0,5 73 9,1,30,,1882,2,,,1,100,,1883,2,0,5 73 9,1
1200,'20260422',426,,1885,2,,,1,88,,1886,2,,,1,91,,1887,2,,,1,117,,1888,2,,,1,100,,1889,2,,,1,100,,1890,2,,,1,100,,1891,2,,,1,100,,1892,2,,,1,81,,1893,2,0,5 73 9,1,19,,1894,2,,,1,81,,1895,2,0,5 73 9,1,14,,1896,2,,,1,41,,1897,2,0,5 73 9,1,60,,1898,2,,,1,36,,1899,2,0,5 73 9,1,60,,1900,2,,,1,36,,1901,2,0,5 73 9,1,65,,1903,2,,,1,7,,1902,2,0,5 73 9,1,29,,1904,2,0,5 73 9,1,69,,1905,2,,,1,37,,1906,2,0,5 73 9,1,70,,1907,2,,,1,75,,1908,2,0,5 73 9,1,25,,1909,2,,,1,105,,1910,2,,,1,70,,1911,2,0,5 73 9,1,30,,1912,2,,,1,100,,1913,2,0,5 73 9,1
1200,'20260423',426,,1915,2,,,1,88,,1916,2,,,1,91,,1917,2,,,1,117,,1918,2,,,1,100,,1919,2,,,1,100,,1920,2,,,1,100,,1921,2,,,1,100,,1922,2,,,1,81,,1923,2,0,5 73 9,1,19,,1924,2,,,1,81,,1925,2,0,5 73 9,1,14,,1926,2,,,1,41,,1927,2,0,5 73 9,1,60,,1928,2,,,1,36,,1929,2,0,5 73 9,1,60,,1930,2,,,1,36,,1931,2,0,5 73 9,1,65,,1933,2,,,1,7,,1932,2,0,5 73 9,1,29,,1934,2,0,5 73 9,1,69,,1935,2,,,1,37,,1936,2,0,5 73 9,1,70,,1937,2,,,1,75,,1938,2,0,5 73 9,1,25,,1939,2,,,1,105,,1940,2,,,1,70,,1941,2,0,5 73 9,1,30,,1942,2,,,1,100,,1943,2,0,5 73 9,1
1200,'20260424',426,,1945,2,,,1,88,,1946,2,,,1,91,,1947,2,,,1,117,,1948,2,,,1,100,,1949,2,,,1,100,,1950,2,,,1,100,,1951,2,,,1,100,,1952,2,,,1,81,,1953,2,0,5 73 9,1,19,,1954,2,,,1,81,,1955,2,0,5 73 9,1,14,,1956,2,,,1,41,,1957,2,0,5 73 9,1,60,,1958,2,,,1,36,,1959,2,0,5 73 9,1,60,,1960,2,,,1,36,,1961,2,0,5 73 9,1,65,,1963,2,,,1,7,,1962,2,0,5 73 9,1,29,,1964,2,0,5 73 9,1,69,,1965,2,,,1,37,,1966,2,0,5 73 9,1,70,,1967,2,,,1,75,,1968,2,0,5 73 9,1,25,,1969,2,,,1,105,,1970,2,,,1,70,,1971,2,0,5 73 9,1,30,,1972,2,,,1,100,,1973,2,0,5 73 9,1
1200,'20260425',604,,60928,2,,,1,30,,60929,2,,,1,92,,60930,2,,,1,100,,60931,2,,,1,99,,60932,2,,,1,17,,60933,2,0,34 73 9,1,83,,60934,2,,,1,32,,60935,2,0,5 73 9,1,63,,60936,2,,,1,37,,60937,2,0,5 73 9,1,63,,60938,2,,,1,37,,60939,2,0,5 73 9,1,63,,60940,2,,,1,37,,60941,2,0,5 73 9,1,56,,60942,2,,,1,44,,60943,2,0,5 73 9,1,57,,60944,2,,,1,38,,60945,2,0,5 73 9,1,62,,60946,2,,,1,23,,60948,2,0,34 73 9,1,15,,60947,2,0,5 73 9,1,62,,60949,2,,,1,23,,60951,2,0,34 73 9,1,15,,60950,2,0,5 73 9,1,69,,60952,2,,,1,16,,60954,2,0,34 73 9,1,15,,60953,2,0,5 73 9,1,68,,60955,2,,,1,22,,60957,2,0,34 73 9,1,15,,60956,2,0,5 73 9,1,63,,60958,2,,,1,37,,60959,2,0,5 73 9,1,67,,60960,2,,,1,7,,60961,2,0,5 73 9,1,96,,60962,2,0,5 73 9,1
1200,'20260426',604,,60963,2,,,1,30,,60964,2,,,1,92,,60965,2,,,1,100,,60966,2,,,1,99,,60967,2,,,1,17,,60968,2,0,34 73 9,1,83,,60969,2,,,1,32,,60970,2,0,5 73 9,1,63,,60971,2,,,1,37,,60972,2,0,5 73 9,1,63,,60973,2,,,1,37,,60974,2,0,5 73 9,1,63,,60975,2,,,1,37,,60976,2,0,5 73 9,1,56,,60977,2,,,1,44,,60978,2,0,5 73 9,1,57,,60979,2,,,1,38,,60980,2,0,5 73 9,1,62,,60981,2,,,1,23,,60983,2,0,34 73 9,1,15,,60982,2,0,5 73 9,1,62,,60984,2,,,1,23,,60986,2,0,34 73 9,1,15,,60985,2,0,5 73 9,1,69,,60987,2,,,1,16,,60989,2,0,34 73 9,1,15,,60988,2,0,5 73 9,1,68,,60990,2,,,1,22,,60992,2,0,34 73 9,1,15,,60991,2,0,5 73 9,1,63,,60993,2,,,1,37,,60994,2,0,5 73 9,1,67,,60995,2,,,1,7,,60996,2,0,5 73 9,1,96,,60997,2,0,5 73 9,1
1200,'20260427',426,,60999,2,,,1,92,,61000,2,,,1,91,,61001,2,,,1,118,,61002,2,,,1,100,,61003,2,,,1,100,,61004,2,,,1,100,,61005,2,,,1,100,,61006,2,,,1,76,,61007,2,0,5 73 9,1,24,,61008,2,,,1,76,,61009,2,0,5 73 9,1,19,,61010,2,,,1,36,,61011,2,0,5 73 9,1,65,,61012,2,,,1,31,,61013,2,0,5 73 9,1,65,,61014,2,,,1,31,,61015,2,0,5 73 9,1,70,,61017,2,,,1,2,,61016,2,0,5 73 9,1,29,,61018,2,0,5 73 9,1,73,,61019,2,,,1,33,,61020,2,0,5 73 9,1,76,,61021,2,,,1,69,,61022,2,0,5 73 9,1,29,,61023,2,,,1,105,,61024,2,,,1,66,,61025,2,0,5 73 9,1,34,,61026,2,,,1,96,,61027,2,0,5 73 9,1
1200,'20260428',426,,61029,2,,,1,92,,61030,2,,,1,91,,61031,2,,,1,118,,61032,2,,,1,100,,61033,2,,,1,100,,61034,2,,,1,100,,61035,2,,,1,100,,61036,2,,,1,76,,61037,2,0,5 73 9,1,24,,61038,2,,,1,76,,61039,2,0,5 73 9,1,19,,61040,2,,,1,36,,61041,2,0,5 73 9,1,65,,61042,2,,,1,31,,61043,2,0,5 73 9,1,65,,61044,2,,,1,31,,61045,2,0,5 73 9,1,70,,61047,2,,,1,2,,61046,2,0,5 73 9,1,29,,61048,2,0,5 73 9,1,73,,61049,2,,,1,33,,61050,2,0,5 73 9,1,76,,61051,2,,,1,69,,61052,2,0,5 73 9,1,29,,61053,2,,,1,105,,61054,2,,,1,66,,61055,2,0,5 73 9,1,34,,61056,2,,,1,96,,61057,2,0,5 73 9,1
1200,'20260429',426,,61059,2,,,1,92,,61060,2,,,1,91,,61061,2,,,1,118,,61062,2,,,1,100,,61063,2,,,1,100,,61064,2,,,1,100,,61065,2,,,1,100,,61066,2,,,1,76,,61067,2,0,5 73 9,1,24,,61068,2,,,1,76,,61069,2,0,5 73 9,1,19,,61070,2,,,1,36,,61071,2,0,5 73 9,1,65,,61072,2,,,1,31,,61073,2,0,5 73 9,1,65,,61074,2,,,1,31,,61075,2,0,5 73 9,1,70,,61077,2,,,1,2,,61076,2,0,5 73 9,1,29,,61078,2,0,5 73 9,1,73,,61079,2,,,1,33,,61080,2,0,5 73 9,1,76,,61081,2,,,1,69,,61082,2,0,5 73 9,1,29,,61083,2,,,1,105,,61084,2,,,1,66,,61085,2,0,5 73 9,1,34,,61086,2,,,1,96,,61087,2,0,5 73 9,1
1200,'20260430',426,,61089,2,,,1,92,,61090,2,,,1,91,,61091,2,,,1,118,,61092,2,,,1,100,,61093,2,,,1,100,,61094,2,,,1,100,,61095,2,,,1,100,,61096,2,,,1,76,,61097,2,0,5 73 9,1,24,,61098,2,,,1,76,,61099,2,0,5 73 9,1,19,,61100,2,,,1,36,,61101,2,0,5 73 9,1,65,,61102,2,,,1,31,,61103,2,0,5 73 9,1,65,,61104,2,,,1,31,,61105,2,0,5 73 9,1,70,,61107,2,,,1,2,,61106,2,0,5 73 9,1,29,,61108,2,0,5 73 9,1,73,,61109,2,,,1,33,,61110,2,0,5 73 9,1,76,,61111,2,,,1,69,,61112,2,0,5 73 9,1,29,,61113,2,,,1,105,,61114,2,,,1,66,,61115,2,0,5 73 9,1,34,,61116,2,,,1,96,,61117,2,0,5 73 9,1
1200,'20260501',426,,61119,2,,,1,92,,61120,2,,,1,91,,61121,2,,,1,118,,61122,2,,,1,100,,61123,2,,,1,100,,61124,2,,,1,100,,61125,2,,,1,100,,61126,2,,,1,76,,61127,2,0,5 73 9,1,24,,61128,2,,,1,76,,61129,2,0,5 73 9,1,19,,61130,2,,,1,36,,61131,2,0,5 73 9,1,65,,61132,2,,,1,31,,61133,2,0,5 73 9,1,65,,61134,2,,,1,31,,61135,2,0,5 73 9,1,70,,61137,2,,,1,2,,61136,2,0,5 73 9,1,29,,61138,2,0,5 73 9,1,73,,61139,2,,,1,33,,61140,2,0,5 73 9,1,76,,61141,2,,,1,69,,61142,2,0,5 73 9,1,29,,61143,2,,,1,105,,61144,2,,,1,66,,61145,2,0,5 73 9,1,34,,61146,2,,,1,96,,61147,2,0,5 73 9,1
1200,'20260502',604,,61148,2,,,1,30,,61149,2,,,1,92,,61150,2,,,1,100,,61151,2,,,1,99,,61152,2,,,1,17,,61153,2,0,34 73 9,1,83,,61154,2,,,1,32,,61155,2,0,5 73 9,1,63,,61156,2,,,1,37,,61157,2,0,5 73 9,1,63,,61158,2,,,1,37,,61159,2,0,5 73 9,1,63,,61160,2,,,1,37,,61161,2,0,5 73 9,1,56,,61162,2,,,1,44,,61163,2,0,5 73 9,1,57,,61164,2,,,1,38,,61165,2,0,5 73 9,1,62,,61166,2,,,1,23,,61168,2,0,34 73 9,1,15,,61167,2,0,5 73 9,1,62,,61169,2,,,1,23,,61171,2,0,34 73 9,1,15,,61170,2,0,5 73 9,1,69,,61172,2,,,1,16,,61174,2,0,34 73 9,1,15,,61173,2,0,5 73 9,1,68,,61175,2,,,1,22,,61177,2,0,34 73 9,1,15,,61176,2,0,5 73 9,1,63,,61178,2,,,1,37,,61179,2,0,5 73 9,1,67,,61180,2,,,1,7,,61181,2,0,5 73 9,1,96,,61182,2,0,5 73 9,1
1200,'20260503',604,,61183,2,,,1,30,,61184,2,,,1,92,,61185,2,,,1,100,,61186,2,,,1,99,,61187,2,,,1,17,,61188,2,0,34 73 9,1,83,,61189,2,,,1,32,,61190,2,0,5 73 9,1,63,,61191,2,,,1,37,,61192,2,0,5 73 9,1,63,,61193,2,,,1,37,,61194,2,0,5 73 9,1,63,,61195,2,,,1,37,,61196,2,0,5 73 9,1,56,,61197,2,,,1,44,,61198,2,0,5 73 9,1,57,,61199,2,,,1,38,,61200,2,0,5 73 9,1,62,,61201,2,,,1,23,,61203,2,0,34 73 9,1,15,,61202,2,0,5 73 9,1,62,,61204,2,,,1,23,,61206,2,0,34 73 9,1,15,,61205,2,0,5 73 9,1,69,,61207,2,,,1,16,,61209,2,0,34 73 9,1,15,,61208,2,0,5 73 9,1,68,,61210,2,,,1,22,,61212,2,0,34 73 9,1,15,,61211,2,0,5 73 9,1,63,,61213,2,,,1,37,,61214,2,0,5 73 9,1,67,,61215,2,,,1,7,,61216,2,0,5 73 9,1,96,,61217,2,0,5 73 9,1
1200,'20260504',426,,61219,2,,,1,92,,61220,2,,,1,91,,61221,2,,,1,118,,61222,2,,,1,100,,61223,2,,,1,100,,61224,2,,,1,100,,61225,2,,,1,100,,61226,2,,,1,76,,61227,2,0,5 73 9,1,24,,61228,2,,,1,76,,61229,2,0,5 73 9,1,19,,61230,2,,,1,36,,61231,2,0,5 73 9,1,65,,61232,2,,,1,31,,61233,2,0,5 73 9,1,65,,61234,2,,,1,31,,61235,2,0,5 73 9,1,70,,61237,2,,,1,2,,61236,2,0,5 73 9,1,29,,61238,2,0,5 73 9,1,73,,61239,2,,,1,33,,61240,2,0,5 73 9,1,76,,61241,2,,,1,69,,61242,2,0,5 73 9,1,29,,61243,2,,,1,105,,61244,2,,,1,66,,61245,2,0,5 73 9,1,34,,61246,2,,,1,96,,61247,2,0,5 73 9,1
1200,'20260505',426,,61249,2,,,1,92,,61250,2,,,1,91,,61251,2,,,1,118,,61252,2,,,1,100,,61253,2,,,1,100,,61254,2,,,1,100,,61255,2,,,1,100,,61256,2,,,1,76,,61257,2,0,5 73 9,1,24,,61258,2,,,1,76,,61259,2,0,5 73 9,1,19,,61260,2,,,1,36,,61261,2,0,5 73 9,1,65,,61262,2,,,1,31,,61263,2,0,5 73 9,1,65,,61264,2,,,1,31,,61265,2,0,5 73 9,1,70,,61267,2,,,1,2,,61266,2,0,5 73 9,1,29,,61268,2,0,5 73 9,1,73,,61269,2,,,1,33,,61270,2,0,5 73 9,1,76,,61271,2,,,1,69,,61272,2,0,5 73 9,1,29,,61273,2,,,1,105,,61274,2,,,1,66,,61275,2,0,5 73 9,1,34,,61276,2,,,1,96,,61277,2,0,5 73 9,1
1200,'20260506',426,,61279,2,,,1,92,,61280,2,,,1,91,,61281,2,,,1,118,,61282,2,,,1,100,,61283,2,,,1,100,,61284,2,,,1,100,,61285,2,,,1,100,,61286,2,,,1,76,,61287,2,0,5 73 9,1,24,,61288,2,,,1,76,,61289,2,0,5 73 9,1,19,,61290,2,,,1,36,,61291,2,0,5 73 9,1,65,,61292,2,,,1,31,,61293,2,0,5 73 9,1,65,,61294,2,,,1,31,,61295,2,0,5 73 9,1,70,,61297,2,,,1,2,,61296,2,0,5 73 9,1,29,,61298,2,0,5 73 9,1,73,,61299,2,,,1,33,,61300,2,0,5 73 9,1,76,,61301,2,,,1,69,,61302,2,0,5 73 9,1,29,,61303,2,,,1,105,,61304,2,,,1,66,,61305,2,0,5 73 9,1,34,,61306,2,,,1,96,,61307,2,0,5 73 9,1
1200,'20260507',426,,61309,2,,,1,92,,61310,2,,,1,91,,61311,2,,,1,118,,61312,2,,,1,100,,61313,2,,,1,100,,61314,2,,,1,100,,61315,2,,,1,100,,61316,2,,,1,76,,61317,2,0,5 73 9,1,24,,61318,2,,,1,76,,61319,2,0,5 73 9,1,19,,61320,2,,,1,36,,61321,2,0,5 73 9,1,65,,61322,2,,,1,31,,61323,2,0,5 73 9,1,65,,61324,2,,,1,31,,61325,2,0,5 73 9,1,70,,61327,2,,,1,2,,61326,2,0,5 73 9,1,29,,61328,2,0,5 73 9,1,73,,61329,2,,,1,33,,61330,2,0,5 73 9,1,76,,61331,2,,,1,69,,61332,2,0,5 73 9,1,29,,61333,2,,,1,105,,61334,2,,,1,66,,61335,2,0,5 73 9,1,34,,61336,2,,,1,96,,61337,2,0,5 73 9,1
1200,'20260508',426,,61339,2,,,1,92,,61340,2,,,1,91,,61341,2,,,1,118,,61342,2,,,1,100,,61343,2,,,1,100,,61344,2,,,1,100,,61345,2,,,1,100,,61346,2,,,1,76,,61347,2,0,5 73 9,1,24,,61348,2,,,1,76,,61349,2,0,5 73 9,1,19,,61350,2,,,1,36,,61351,2,0,5 73 9,1,65,,61352,2,,,1,31,,61353,2,0,5 73 9,1,65,,61354,2,,,1,31,,61355,2,0,5 73 9,1,70,,61357,2,,,1,2,,61356,2,0,5 73 9,1,29,,61358,2,0,5 73 9,1,73,,61359,2,,,1,33,,61360,2,0,5 73 9,1,76,,61361,2,,,1,69,,61362,2,0,5 73 9,1,29,,61363,2,,,1,105,,61364,2,,,1,66,,61365,2,0,5 73 9,1,34,,61366,2,,,1,96,,61367,2,0,5 73 9,1
1200,'20260509',604,,61368,2,,,1,30,,61369,2,,,1,92,,61370,2,,,1,100,,61371,2,,,1,99,,61372,2,,,1,17,,61373,2,0,34 73 9,1,83,,61374,2,,,1,32,,61375,2,0,5 73 9,1,63,,61376,2,,,1,37,,61377,2,0,5 73 9,1,63,,61378,2,,,1,37,,61379,2,0,5 73 9,1,63,,61380,2,,,1,37,,61381,2,0,5 73 9,1,56,,61382,2,,,1,44,,61383,2,0,5 73 9,1,57,,61384,2,,,1,38,,61385,2,0,5 73 9,1,62,,61386,2,,,1,23,,61388,2,0,34 73 9,1,15,,61387,2,0,5 73 9,1,62,,61389,2,,,1,23,,61391,2,0,34 73 9,1,15,,61390,2,0,5 73 9,1,69,,61392,2,,,1,16,,61394,2,0,34 73 9,1,15,,61393,2,0,5 73 9,1,68,,61395,2,,,1,22,,61397,2,0,34 73 9,1,15,,61396,2,0,5 73 9,1,63,,61398,2,,,1,37,,61399,2,0,5 73 9,1,67,,61400,2,,,1,7,,61401,2,0,5 73 9,1,96,,61402,2,0,5 73 9,1
1200,'20260510',604,,61403,2,,,1,30,,61404,2,,,1,92,,61405,2,,,1,100,,61406,2,,,1,99,,61407,2,,,1,17,,61408,2,0,34 73 9,1,83,,61409,2,,,1,32,,61410,2,0,5 73 9,1,63,,61411,2,,,1,37,,61412,2,0,5 73 9,1,63,,61413,2,,,1,37,,61414,2,0,5 73 9,1,63,,61415,2,,,1,37,,61416,2,0,5 73 9,1,56,,61417,2,,,1,44,,61418,2,0,5 73 9,1,57,,61419,2,,,1,38,,61420,2,0,5 73 9,1,62,,61421,2,,,1,23,,61423,2,0,34 73 9,1,15,,61422,2,0,5 73 9,1,62,,61424,2,,,1,23,,61426,2,0,34 73 9,1,15,,61425,2,0,5 73 9,1,69,,61427,2,,,1,16,,61429,2,0,34 73 9,1,15,,61428,2,0,5 73 9,1,68,,61430,2,,,1,22,,61432,2,0,34 73 9,1,15,,61431,2,0,5 73 9,1,63,,61433,2,,,1,37,,61434,2,0,5 73 9,1,67,,61435,2,,,1,7,,61436,2,0,5 73 9,1,96,,61437,2,0,5 73 9,1
1200,'20260511',426,,61439,2,,,1,92,,61440,2,,,1,91,,61441,2,,,1,118,,61442,2,,,1,100,,61443,2,,,1,100,,61444,2,,,1,100,,61445,2,,,1,100,,61446,2,,,1,76,,61447,2,0,5 73 9,1,24,,61448,2,,,1,76,,61449,2,0,5 73 9,1,19,,61450,2,,,1,36,,61451,2,0,5 73 9,1,65,,61452,2,,,1,31,,61453,2,0,5 73 9,1,65,,61454,2,,,1,31,,61455,2,0,5 73 9,1,70,,61457,2,,,1,2,,61456,2,0,5 73 9,1,29,,61458,2,0,5 73 9,1,73,,61459,2,,,1,33,,61460,2,0,5 73 9,1,76,,61461,2,,,1,69,,61462,2,0,5 73 9,1,29,,61463,2,,,1,105,,61464,2,,,1,66,,61465,2,0,5 73 9,1,34,,61466,2,,,1,96,,61467,2,0,5 73 9,1
1200,'20260512',426,,61469,2,,,1,92,,61470,2,,,1,91,,61471,2,,,1,118,,61472,2,,,1,100,,61473,2,,,1,100,,61474,2,,,1,100,,61475,2,,,1,100,,61476,2,,,1,76,,61477,2,0,5 73 9,1,24,,61478,2,,,1,76,,61479,2,0,5 73 9,1,19,,61480,2,,,1,36,,61481,2,0,5 73 9,1,65,,61482,2,,,1,31,,61483,2,0,5 73 9,1,65,,61484,2,,,1,31,,61485,2,0,5 73 9,1,70,,61487,2,,,1,2,,61486,2,0,5 73 9,1,29,,61488,2,0,5 73 9,1,73,,61489,2,,,1,33,,61490,2,0,5 73 9,1,76,,61491,2,,,1,69,,61492,2,0,5 73 9,1,29,,61493,2,,,1,105,,61494,2,,,1,66,,61495,2,0,5 73 9,1,34,,61496,2,,,1,96,,61497,2,0,5 73 9,1
1200,'20260513',426,,61499,2,,,1,92,,61500,2,,,1,91,,61501,2,,,1,118,,61502,2,,,1,100,,61503,2,,,1,100,,61504,2,,,1,100,,61505,2,,,1,100,,61506,2,,,1,76,,61507,2,0,5 73 9,1,24,,61508,2,,,1,76,,61509,2,0,5 73 9,1,19,,61510,2,,,1,36,,61511,2,0,5 73 9,1,65,,61512,2,,,1,31,,61513,2,0,5 73 9,1,65,,61514,2,,,1,31,,61515,2,0,5 73 9,1,70,,61517,2,,,1,2,,61516,2,0,5 73 9,1,29,,61518,2,0,5 73 9,1,73,,61519,2,,,1,33,,61520,2,0,5 73 9,1,76,,61521,2,,,1,69,,61522,2,0,5 73 9,1,29,,61523,2,,,1,105,,61524,2,,,1,66,,61525,2,0,5 73 9,1,34,,61526,2,,,1,96,,61527,2,0,5 73 9,1
1200,'20260514',426,,61529,2,,,1,92,,61530,2,,,1,91,,61531,2,,,1,118,,61532,2,,,1,100,,61533,2,,,1,100,,61534,2,,,1,100,,61535,2,,,1,100,,61536,2,,,1,76,,61537,2,0,5 73 9,1,24,,61538,2,,,1,76,,61539,2,0,5 73 9,1,19,,61540,2,,,1,36,,61541,2,0,5 73 9,1,65,,61542,2,,,1,31,,61543,2,0,5 73 9,1,65,,61544,2,,,1,31,,61545,2,0,5 73 9,1,70,,61547,2,,,1,2,,61546,2,0,5 73 9,1,29,,61548,2,0,5 73 9,1,73,,61549,2,,,1,33,,61550,2,0,5 73 9,1,76,,61551,2,,,1,69,,61552,2,0,5 73 9,1,29,,61553,2,,,1,105,,61554,2,,,1,66,,61555,2,0,5 73 9,1,34,,61556,2,,,1,96,,61557,2,0,5 73 9,1
1200,'20260515',426,,61559,2,,,1,92,,61560,2,,,1,91,,61561,2,,,1,118,,61562,2,,,1,100,,61563,2,,,1,100,,61564,2,,,1,100,,61565,2,,,1,100,,61566,2,,,1,76,,61567,2,0,5 73 9,1,24,,61568,2,,,1,76,,61569,2,0,5 73 9,1,19,,61570,2,,,1,36,,61571,2,0,5 73 9,1,65,,61572,2,,,1,31,,61573,2,0,5 73 9,1,65,,61574,2,,,1,31,,61575,2,0,5 73 9,1,70,,61577,2,,,1,2,,61576,2,0,5 73 9,1,29,,61578,2,0,5 73 9,1,73,,61579,2,,,1,33,,61580,2,0,5 73 9,1,76,,61581,2,,,1,69,,61582,2,0,5 73 9,1,29,,61583,2,,,1,105,,61584,2,,,1,66,,61585,2,0,5 73 9,1,34,,61586,2,,,1,96,,61587,2,0,5 73 9,1
1200,'20260516',604,,61588,2,,,1,30,,61589,2,,,1,92,,61590,2,,,1,100,,61591,2,,,1,99,,61592,2,,,1,17,,61593,2,0,34 73 9,1,83,,61594,2,,,1,32,,61595,2,0,5 73 9,1,63,,61596,2,,,1,37,,61597,2,0,5 73 9,1,63,,61598,2,,,1,37,,61599,2,0,5 73 9,1,63,,61600,2,,,1,37,,61601,2,0,5 73 9,1,56,,61602,2,,,1,44,,61603,2,0,5 73 9,1,57,,61604,2,,,1,38,,61605,2,0,5 73 9,1,62,,61606,2,,,1,23,,61608,2,0,34 73 9,1,15,,61607,2,0,5 73 9,1,62,,61609,2,,,1,23,,61611,2,0,34 73 9,1,15,,61610,2,0,5 73 9,1,69,,61612,2,,,1,16,,61614,2,0,34 73 9,1,15,,61613,2,0,5 73 9,1,68,,61615,2,,,1,22,,61617,2,0,34 73 9,1,15,,61616,2,0,5 73 9,1,63,,61618,2,,,1,37,,61619,2,0,5 73 9,1,67,,61620,2,,,1,7,,61621,2,0,5 73 9,1,96,,61622,2,0,5 73 9,1
1200,'20260517',604,,61623,2,,,1,30,,61624,2,,,1,92,,61625,2,,,1,100,,61626,2,,,1,99,,61627,2,,,1,17,,61628,2,0,34 73 9,1,83,,61629,2,,,1,32,,61630,2,0,5 73 9,1,63,,61631,2,,,1,37,,61632,2,0,5 73 9,1,63,,61633,2,,,1,37,,61634,2,0,5 73 9,1,63,,61635,2,,,1,37,,61636,2,0,5 73 9,1,56,,61637,2,,,1,44,,61638,2,0,5 73 9,1,57,,61639,2,,,1,38,,61640,2,0,5 73 9,1,62,,61641,2,,,1,23,,61643,2,0,34 73 9,1,15,,61642,2,0,5 73 9,1,62,,61644,2,,,1,23,,61646,2,0,34 73 9,1,15,,61645,2,0,5 73 9,1,69,,61647,2,,,1,16,,61649,2,0,34 73 9,1,15,,61648,2,0,5 73 9,1,68,,61650,2,,,1,22,,61652,2,0,34 73 9,1,15,,61651,2,0,5 73 9,1,63,,61653,2,,,1,37,,61654,2,0,5 73 9,1,67,,61655,2,,,1,7,,61656,2,0,5 73 9,1,96,,61657,2,0,5 73 9,1
1200,'20260518',604,,61658,2,,,1,30,,61659,2,,,1,92,,61660,2,,,1,100,,61661,2,,,1,99,,61662,2,,,1,17,,61663,2,0,34 73 9,1,83,,61664,2,,,1,32,,61665,2,0,5 73 9,1,63,,61666,2,,,1,37,,61667,2,0,5 73 9,1,63,,61668,2,,,1,37,,61669,2,0,5 73 9,1,63,,61670,2,,,1,37,,61671,2,0,5 73 9,1,56,,61672,2,,,1,44,,61673,2,0,5 73 9,1,57,,61674,2,,,1,38,,61675,2,0,5 73 9,1,62,,61676,2,,,1,23,,61678,2,0,34 73 9,1,15,,61677,2,0,5 73 9,1,62,,61679,2,,,1,23,,61681,2,0,34 73 9,1,15,,61680,2,0,5 73 9,1,69,,61682,2,,,1,16,,61684,2,0,34 73 9,1,15,,61683,2,0,5 73 9,1,68,,61685,2,,,1,22,,61687,2,0,34 73 9,1,15,,61686,2,0,5 73 9,1,63,,61688,2,,,1,37,,61689,2,0,5 73 9,1,67,,61690,2,,,1,7,,61691,2,0,5 73 9,1,96,,61692,2,0,5 73 9,1
1200,'20260519',426,,61694,2,,,1,92,,61695,2,,,1,91,,61696,2,,,1,118,,61697,2,,,1,100,,61698,2,,,1,100,,61699,2,,,1,100,,61700,2,,,1,100,,61701,2,,,1,76,,61702,2,0,5 73 9,1,24,,61703,2,,,1,76,,61704,2,0,5 73 9,1,19,,61705,2,,,1,36,,61706,2,0,5 73 9,1,65,,61707,2,,,1,31,,61708,2,0,5 73 9,1,65,,61709,2,,,1,31,,61710,2,0,5 73 9,1,70,,61712,2,,,1,2,,61711,2,0,5 73 9,1,29,,61713,2,0,5 73 9,1,73,,61714,2,,,1,33,,61715,2,0,5 73 9,1,76,,61716,2,,,1,69,,61717,2,0,5 73 9,1,29,,61718,2,,,1,105,,61719,2,,,1,66,,61720,2,0,5 73 9,1,34,,61721,2,,,1,96,,61722,2,0,5 73 9,1
1200,'20260520',426,,61724,2,,,1,92,,61725,2,,,1,91,,61726,2,,,1,118,,61727,2,,,1,100,,61728,2,,,1,100,,61729,2,,,1,100,,61730,2,,,1,100,,61731,2,,,1,76,,61732,2,0,5 73 9,1,24,,61733,2,,,1,76,,61734,2,0,5 73 9,1,19,,61735,2,,,1,36,,61736,2,0,5 73 9,1,65,,61737,2,,,1,31,,61738,2,0,5 73 9,1,65,,61739,2,,,1,31,,61740,2,0,5 73 9,1,70,,61742,2,,,1,2,,61741,2,0,5 73 9,1,29,,61743,2,0,5 73 9,1,73,,61744,2,,,1,33,,61745,2,0,5 73 9,1,76,,61746,2,,,1,69,,61747,2,0,5 73 9,1,29,,61748,2,,,1,105,,61749,2,,,1,66,,61750,2,0,5 73 9,1,34,,61751,2,,,1,96,,61752,2,0,5 73 9,1
1200,'20260521',426,,61754,2,,,1,92,,61755,2,,,1,91,,61756,2,,,1,118,,61757,2,,,1,100,,61758,2,,,1,100,,61759,2,,,1,100,,61760,2,,,1,100,,61761,2,,,1,76,,61762,2,0,5 73 9,1,24,,61763,2,,,1,76,,61764,2,0,5 73 9,1,19,,61765,2,,,1,36,,61766,2,0,5 73 9,1,65,,61767,2,,,1,31,,61768,2,0,5 73 9,1,65,,61769,2,,,1,31,,61770,2,0,5 73 9,1,70,,61772,2,,,1,2,,61771,2,0,5 73 9,1,29,,61773,2,0,5 73 9,1,73,,61774,2,,,1,33,,61775,2,0,5 73 9,1,76,,61776,2,,,1,69,,61777,2,0,5 73 9,1,29,,61778,2,,,1,105,,61779,2,,,1,66,,61780,2,0,5 73 9,1,34,,61781,2,,,1,96,,61782,2,0,5 73 9,1
1200,'20260522',426,,61784,2,,,1,92,,61785,2,,,1,91,,61786,2,,,1,118,,61787,2,,,1,100,,61788,2,,,1,100,,61789,2,,,1,100,,61790,2,,,1,100,,61791,2,,,1,76,,61792,2,0,5 73 9,1,24,,61793,2,,,1,76,,61794,2,0,5 73 9,1,19,,61795,2,,,1,36,,61796,2,0,5 73 9,1,65,,61797,2,,,1,31,,61798,2,0,5 73 9,1,65,,61799,2,,,1,31,,61800,2,0,5 73 9,1,70,,61802,2,,,1,2,,61801,2,0,5 73 9,1,29,,61803,2,0,5 73 9,1,73,,61804,2,,,1,33,,61805,2,0,5 73 9,1,76,,61806,2,,,1,69,,61807,2,0,5 73 9,1,29,,61808,2,,,1,105,,61809,2,,,1,66,,61810,2,0,5 73 9,1,34,,61811,2,,,1,96,,61812,2,0,5 73 9,1
1200,'20260523',604,,61813,2,,,1,30,,61814,2,,,1,92,,61815,2,,,1,100,,61816,2,,,1,99,,61817,2,,,1,17,,61818,2,0,34 73 9,1,83,,61819,2,,,1,32,,61820,2,0,5 73 9,1,63,,61821,2,,,1,37,,61822,2,0,5 73 9,1,63,,61823,2,,,1,37,,61824,2,0,5 73 9,1,63,,61825,2,,,1,37,,61826,2,0,5 73 9,1,56,,61827,2,,,1,44,,61828,2,0,5 73 9,1,57,,61829,2,,,1,38,,61830,2,0,5 73 9,1,62,,61831,2,,,1,23,,61833,2,0,34 73 9,1,15,,61832,2,0,5 73 9,1,62,,61834,2,,,1,23,,61836,2,0,34 73 9,1,15,,61835,2,0,5 73 9,1,69,,61837,2,,,1,16,,61839,2,0,34 73 9,1,15,,61838,2,0,5 73 9,1,68,,61840,2,,,1,22,,61842,2,0,34 73 9,1,15,,61841,2,0,5 73 9,1,63,,61843,2,,,1,37,,61844,2,0,5 73 9,1,67,,61845,2,,,1,7,,61846,2,0,5 73 9,1,96,,61847,2,0,5 73 9,1
1200,'20260524',604,,61848,2,,,1,30,,61849,2,,,1,92,,61850,2,,,1,100,,61851,2,,,1,99,,61852,2,,,1,17,,61853,2,0,34 73 9,1,83,,61854,2,,,1,32,,61855,2,0,5 73 9,1,63,,61856,2,,,1,37,,61857,2,0,5 73 9,1,63,,61858,2,,,1,37,,61859,2,0,5 73 9,1,63,,61860,2,,,1,37,,61861,2,0,5 73 9,1,56,,61862,2,,,1,44,,61863,2,0,5 73 9,1,57,,61864,2,,,1,38,,61865,2,0,5 73 9,1,62,,61866,2,,,1,23,,61868,2,0,34 73 9,1,15,,61867,2,0,5 73 9,1,62,,61869,2,,,1,23,,61871,2,0,34 73 9,1,15,,61870,2,0,5 73 9,1,69,,61872,2,,,1,16,,61874,2,0,34 73 9,1,15,,61873,2,0,5 73 9,1,68,,61875,2,,,1,22,,61877,2,0,34 73 9,1,15,,61876,2,0,5 73 9,1,63,,61878,2,,,1,37,,61879,2,0,5 73 9,1,67,,61880,2,,,1,7,,61881,2,0,5 73 9,1,96,,61882,2,0,5 73 9,1
1200,'20260525',426,,61884,2,,,1,92,,61885,2,,,1,91,,61886,2,,,1,118,,61887,2,,,1,100,,61888,2,,,1,100,,61889,2,,,1,100,,61890,2,,,1,100,,61891,2,,,1,76,,61892,2,0,5 73 9,1,24,,61893,2,,,1,76,,61894,2,0,5 73 9,1,19,,61895,2,,,1,36,,61896,2,0,5 73 9,1,65,,61897,2,,,1,31,,61898,2,0,5 73 9,1,65,,61899,2,,,1,31,,61900,2,0,5 73 9,1,70,,61902,2,,,1,2,,61901,2,0,5 73 9,1,29,,61903,2,0,5 73 9,1,73,,61904,2,,,1,33,,61905,2,0,5 73 9,1,76,,61906,2,,,1,69,,61907,2,0,5 73 9,1,29,,61908,2,,,1,105,,61909,2,,,1,66,,61910,2,0,5 73 9,1,34,,61911,2,,,1,96,,61912,2,0,5 73 9,1
1200,'20260526',426,,61914,2,,,1,92,,61915,2,,,1,91,,61916,2,,,1,118,,61917,2,,,1,100,,61918,2,,,1,100,,61919,2,,,1,100,,61920,2,,,1,100,,61921,2,,,1,76,,61922,2,0,5 73 9,1,24,,61923,2,,,1,76,,61924,2,0,5 73 9,1,19,,61925,2,,,1,36,,61926,2,0,5 73 9,1,65,,61927,2,,,1,31,,61928,2,0,5 73 9,1,65,,61929,2,,,1,31,,61930,2,0,5 73 9,1,70,,61932,2,,,1,2,,61931,2,0,5 73 9,1,29,,61933,2,0,5 73 9,1,73,,61934,2,,,1,33,,61935,2,0,5 73 9,1,76,,61936,2,,,1,69,,61937,2,0,5 73 9,1,29,,61938,2,,,1,105,,61939,2,,,1,66,,61940,2,0,5 73 9,1,34,,61941,2,,,1,96,,61942,2,0,5 73 9,1
1200,'20260527',426,,61944,2,,,1,92,,61945,2,,,1,91,,61946,2,,,1,118,,61947,2,,,1,100,,61948,2,,,1,100,,61949,2,,,1,100,,61950,2,,,1,100,,61951,2,,,1,76,,61952,2,0,5 73 9,1,24,,61953,2,,,1,76,,61954,2,0,5 73 9,1,19,,61955,2,,,1,36,,61956,2,0,5 73 9,1,65,,61957,2,,,1,31,,61958,2,0,5 73 9,1,65,,61959,2,,,1,31,,61960,2,0,5 73 9,1,70,,61962,2,,,1,2,,61961,2,0,5 73 9,1,29,,61963,2,0,5 73 9,1,73,,61964,2,,,1,33,,61965,2,0,5 73 9,1,76,,61966,2,,,1,69,,61967,2,0,5 73 9,1,29,,61968,2,,,1,105,,61969,2,,,1,66,,61970,2,0,5 73 9,1,34,,61971,2,,,1,96,,61972,2,0,5 73 9,1
1200,'20260528',426,,61974,2,,,1,92,,61975,2,,,1,91,,61976,2,,,1,118,,61977,2,,,1,100,,61978,2,,,1,100,,61979,2,,,1,100,,61980,2,,,1,100,,61981,2,,,1,76,,61982,2,0,5 73 9,1,24,,61983,2,,,1,76,,61984,2,0,5 73 9,1,19,,61985,2,,,1,36,,61986,2,0,5 73 9,1,65,,61987,2,,,1,31,,61988,2,0,5 73 9,1,65,,61989,2,,,1,31,,61990,2,0,5 73 9,1,70,,61992,2,,,1,2,,61991,2,0,5 73 9,1,29,,61993,2,0,5 73 9,1,73,,61994,2,,,1,33,,61995,2,0,5 73 9,1,76,,61996,2,,,1,69,,61997,2,0,5 73 9,1,29,,61998,2,,,1,105,,61999,2,,,1,66,,62000,2,0,5 73 9,1,34,,62001,2,,,1,96,,62002,2,0,5 73 9,1
1200,'20260529',426,,62004,2,,,1,92,,62005,2,,,1,91,,62006,2,,,1,118,,62007,2,,,1,100,,62008,2,,,1,100,,62009,2,,,1,100,,62010,2,,,1,100,,62011,2,,,1,76,,62012,2,0,5 73 9,1,24,,62013,2,,,1,76,,62014,2,0,5 73 9,1,19,,62015,2,,,1,36,,62016,2,0,5 73 9,1,65,,62017,2,,,1,31,,62018,2,0,5 73 9,1,65,,62019,2,,,1,31,,62020,2,0,5 73 9,1,70,,62022,2,,,1,2,,62021,2,0,5 73 9,1,29,,62023,2,0,5 73 9,1,73,,62024,2,,,1,33,,62025,2,0,5 73 9,1,76,,62026,2,,,1,69,,62027,2,0,5 73 9,1,29,,62028,2,,,1,105,,62029,2,,,1,66,,62030,2,0,5 73 9,1,34,,62031,2,,,1,96,,62032,2,0,5 73 9,1
1200,'20260530',604,,62033,2,,,1,30,,62034,2,,,1,92,,62035,2,,,1,100,,62036,2,,,1,99,,62037,2,,,1,17,,62038,2,0,34 73 9,1,83,,62039,2,,,1,32,,62040,2,0,5 73 9,1,63,,62041,2,,,1,37,,62042,2,0,5 73 9,1,63,,62043,2,,,1,37,,62044,2,0,5 73 9,1,63,,62045,2,,,1,37,,62046,2,0,5 73 9,1,56,,62047,2,,,1,44,,62048,2,0,5 73 9,1,57,,62049,2,,,1,38,,62050,2,0,5 73 9,1,62,,62051,2,,,1,23,,62053,2,0,34 73 9,1,15,,62052,2,0,5 73 9,1,62,,62054,2,,,1,23,,62056,2,0,34 73 9,1,15,,62055,2,0,5 73 9,1,69,,62057,2,,,1,16,,62059,2,0,34 73 9,1,15,,62058,2,0,5 73 9,1,68,,62060,2,,,1,22,,62062,2,0,34 73 9,1,15,,62061,2,0,5 73 9,1,63,,62063,2,,,1,37,,62064,2,0,5 73 9,1,67,,62065,2,,,1,7,,62066,2,0,5 73 9,1,96,,62067,2,0,5 73 9,1
1200,'20260531',604,,62068,2,,,1,30,,62069,2,,,1,92,,62070,2,,,1,100,,62071,2,,,1,99,,62072,2,,,1,17,,62073,2,0,34 73 9,1,83,,62074,2,,,1,32,,62075,2,0,5 73 9,1,63,,62076,2,,,1,37,,62077,2,0,5 73 9,1,63,,62078,2,,,1,37,,62079,2,0,5 73 9,1,63,,62080,2,,,1,37,,62081,2,0,5 73 9,1,56,,62082,2,,,1,44,,62083,2,0,5 73 9,1,57,,62084,2,,,1,38,,62085,2,0,5 73 9,1,62,,62086,2,,,1,23,,62088,2,0,34 73 9,1,15,,62087,2,0,5 73 9,1,62,,62089,2,,,1,23,,62091,2,0,34 73 9,1,15,,62090,2,0,5 73 9,1,69,,62092,2,,,1,16,,62094,2,0,34 73 9,1,15,,62093,2,0,5 73 9,1,68,,62095,2,,,1,22,,62097,2,0,34 73 9,1,15,,62096,2,0,5 73 9,1,63,,62098,2,,,1,37,,62099,2,0,5 73 9,1,67,,62100,2,,,1,7,,62101,2,0,5 73 9,1,96,,62102,2,0,5 73 9,1
1200,'20260601',426,,62104,2,,,1,92,,62105,2,,,1,91,,62106,2,,,1,118,,62107,2,,,1,100,,62108,2,,,1,100,,62109,2,,,1,100,,62110,2,,,1,100,,62111,2,,,1,76,,62112,2,0,5 73 9,1,24,,62113,2,,,1,76,,62114,2,0,5 73 9,1,19,,62115,2,,,1,36,,62116,2,0,5 73 9,1,65,,62117,2,,,1,31,,62118,2,0,5 73 9,1,65,,62119,2,,,1,31,,62120,2,0,5 73 9,1,70,,62122,2,,,1,2,,62121,2,0,5 73 9,1,29,,62123,2,0,5 73 9,1,73,,62124,2,,,1,33,,62125,2,0,5 73 9,1,76,,62126,2,,,1,69,,62127,2,0,5 73 9,1,29,,62128,2,,,1,105,,62129,2,,,1,66,,62130,2,0,5 73 9,1,34,,62131,2,,,1,96,,62132,2,0,5 73 9,1
1200,'20260602',426,,62134,2,,,1,92,,62135,2,,,1,91,,62136,2,,,1,118,,62137,2,,,1,100,,62138,2,,,1,100,,62139,2,,,1,100,,62140,2,,,1,100,,62141,2,,,1,76,,62142,2,0,5 73 9,1,24,,62143,2,,,1,76,,62144,2,0,5 73 9,1,19,,62145,2,,,1,36,,62146,2,0,5 73 9,1,65,,62147,2,,,1,31,,62148,2,0,5 73 9,1,65,,62149,2,,,1,31,,62150,2,0,5 73 9,1,70,,62152,2,,,1,2,,62151,2,0,5 73 9,1,29,,62153,2,0,5 73 9,1,73,,62154,2,,,1,33,,62155,2,0,5 73 9,1,76,,62156,2,,,1,69,,62157,2,0,5 73 9,1,29,,62158,2,,,1,105,,62159,2,,,1,66,,62160,2,0,5 73 9,1,34,,62161,2,,,1,96,,62162,2,0,5 73 9,1
1200,'20260603',426,,62164,2,,,1,92,,62165,2,,,1,91,,62166,2,,,1,118,,62167,2,,,1,100,,62168,2,,,1,100,,62169,2,,,1,100,,62170,2,,,1,100,,62171,2,,,1,76,,62172,2,0,5 73 9,1,24,,62173,2,,,1,76,,62174,2,0,5 73 9,1,19,,62175,2,,,1,36,,62176,2,0,5 73 9,1,65,,62177,2,,,1,31,,62178,2,0,5 73 9,1,65,,62179,2,,,1,31,,62180,2,0,5 73 9,1,70,,62182,2,,,1,2,,62181,2,0,5 73 9,1,29,,62183,2,0,5 73 9,1,73,,62184,2,,,1,33,,62185,2,0,5 73 9,1,76,,62186,2,,,1,69,,62187,2,0,5 73 9,1,29,,62188,2,,,1,105,,62189,2,,,1,66,,62190,2,0,5 73 9,1,34,,62191,2,,,1,96,,62192,2,0,5 73 9,1
1200,'20260604',426,,62194,2,,,1,92,,62195,2,,,1,91,,62196,2,,,1,118,,62197,2,,,1,100,,62198,2,,,1,100,,62199,2,,,1,100,,62200,2,,,1,100,,62201,2,,,1,76,,62202,2,0,5 73 9,1,24,,62203,2,,,1,76,,62204,2,0,5 73 9,1,19,,62205,2,,,1,36,,62206,2,0,5 73 9,1,65,,62207,2,,,1,31,,62208,2,0,5 73 9,1,65,,62209,2,,,1,31,,62210,2,0,5 73 9,1,70,,62212,2,,,1,2,,62211,2,0,5 73 9,1,29,,62213,2,0,5 73 9,1,73,,62214,2,,,1,33,,62215,2,0,5 73 9,1,76,,62216,2,,,1,69,,62217,2,0,5 73 9,1,29,,62218,2,,,1,105,,62219,2,,,1,66,,62220,2,0,5 73 9,1,34,,62221,2,,,1,96,,62222,2,0,5 73 9,1
1200,'20260605',426,,62224,2,,,1,92,,62225,2,,,1,91,,62226,2,,,1,118,,62227,2,,,1,100,,62228,2,,,1,100,,62229,2,,,1,100,,62230,2,,,1,100,,62231,2,,,1,76,,62232,2,0,5 73 9,1,24,,62233,2,,,1,76,,62234,2,0,5 73 9,1,19,,62235,2,,,1,36,,62236,2,0,5 73 9,1,65,,62237,2,,,1,31,,62238,2,0,5 73 9,1,65,,62239,2,,,1,31,,62240,2,0,5 73 9,1,70,,62242,2,,,1,2,,62241,2,0,5 73 9,1,29,,62243,2,0,5 73 9,1,73,,62244,2,,,1,33,,62245,2,0,5 73 9,1,76,,62246,2,,,1,69,,62247,2,0,5 73 9,1,29,,62248,2,,,1,105,,62249,2,,,1,66,,62250,2,0,5 73 9,1,34,,62251,2,,,1,96,,62252,2,0,5 73 9,1
1200,'20260606',604,,62253,2,,,1,30,,62254,2,,,1,92,,62255,2,,,1,100,,62256,2,,,1,99,,62257,2,,,1,17,,62258,2,0,34 73 9,1,83,,62259,2,,,1,32,,62260,2,0,5 73 9,1,63,,62261,2,,,1,37,,62262,2,0,5 73 9,1,63,,62263,2,,,1,37,,62264,2,0,5 73 9,1,63,,62265,2,,,1,37,,62266,2,0,5 73 9,1,56,,62267,2,,,1,44,,62268,2,0,5 73 9,1,57,,62269,2,,,1,38,,62270,2,0,5 73 9,1,62,,62271,2,,,1,23,,62273,2,0,34 73 9,1,15,,62272,2,0,5 73 9,1,62,,62274,2,,,1,23,,62276,2,0,34 73 9,1,15,,62275,2,0,5 73 9,1,69,,62277,2,,,1,16,,62279,2,0,34 73 9,1,15,,62278,2,0,5 73 9,1,68,,62280,2,,,1,22,,62282,2,0,34 73 9,1,15,,62281,2,0,5 73 9,1,63,,62283,2,,,1,37,,62284,2,0,5 73 9,1,67,,62285,2,,,1,7,,62286,2,0,5 73 9,1,96,,62287,2,0,5 73 9,1
1200,'20260607',604,,62288,2,,,1,30,,62289,2,,,1,92,,62290,2,,,1,100,,62291,2,,,1,99,,62292,2,,,1,17,,62293,2,0,34 73 9,1,83,,62294,2,,,1,32,,62295,2,0,5 73 9,1,63,,62296,2,,,1,37,,62297,2,0,5 73 9,1,63,,62298,2,,,1,37,,62299,2,0,5 73 9,1,63,,62300,2,,,1,37,,62301,2,0,5 73 9,1,56,,62302,2,,,1,44,,62303,2,0,5 73 9,1,57,,62304,2,,,1,38,,62305,2,0,5 73 9,1,62,,62306,2,,,1,23,,62308,2,0,34 73 9,1,15,,62307,2,0,5 73 9,1,62,,62309,2,,,1,23,,62311,2,0,34 73 9,1,15,,62310,2,0,5 73 9,1,69,,62312,2,,,1,16,,62314,2,0,34 73 9,1,15,,62313,2,0,5 73 9,1,68,,62315,2,,,1,22,,62317,2,0,34 73 9,1,15,,62316,2,0,5 73 9,1,63,,62318,2,,,1,37,,62319,2,0,5 73 9,1,67,,62320,2,,,1,7,,62321,2,0,5 73 9,1,96,,62322,2,0,5 73 9,1
1200,'20260608',426,,62324,2,,,1,92,,62325,2,,,1,91,,62326,2,,,1,118,,62327,2,,,1,100,,62328,2,,,1,100,,62329,2,,,1,100,,62330,2,,,1,100,,62331,2,,,1,76,,62332,2,0,5 73 9,1,24,,62333,2,,,1,76,,62334,2,0,5 73 9,1,19,,62335,2,,,1,36,,62336,2,0,5 73 9,1,65,,62337,2,,,1,31,,62338,2,0,5 73 9,1,65,,62339,2,,,1,31,,62340,2,0,5 73 9,1,70,,62342,2,,,1,2,,62341,2,0,5 73 9,1,29,,62343,2,0,5 73 9,1,73,,62344,2,,,1,33,,62345,2,0,5 73 9,1,76,,62346,2,,,1,69,,62347,2,0,5 73 9,1,29,,62348,2,,,1,105,,62349,2,,,1,66,,62350,2,0,5 73 9,1,34,,62351,2,,,1,96,,62352,2,0,5 73 9,1
1200,'20260609',426,,62354,2,,,1,92,,62355,2,,,1,91,,62356,2,,,1,118,,62357,2,,,1,100,,62358,2,,,1,100,,62359,2,,,1,100,,62360,2,,,1,100,,62361,2,,,1,76,,62362,2,0,5 73 9,1,24,,62363,2,,,1,76,,62364,2,0,5 73 9,1,19,,62365,2,,,1,36,,62366,2,0,5 73 9,1,65,,62367,2,,,1,31,,62368,2,0,5 73 9,1,65,,62369,2,,,1,31,,62370,2,0,5 73 9,1,70,,62372,2,,,1,2,,62371,2,0,5 73 9,1,29,,62373,2,0,5 73 9,1,73,,62374,2,,,1,33,,62375,2,0,5 73 9,1,76,,62376,2,,,1,69,,62377,2,0,5 73 9,1,29,,62378,2,,,1,105,,62379,2,,,1,66,,62380,2,0,5 73 9,1,34,,62381,2,,,1,96,,62382,2,0,5 73 9,1
1200,'20260610',426,,62384,2,,,1,92,,62385,2,,,1,91,,62386,2,,,1,118,,62387,2,,,1,100,,62388,2,,,1,100,,62389,2,,,1,100,,62390,2,,,1,100,,62391,2,,,1,76,,62392,2,0,5 73 9,1,24,,62393,2,,,1,76,,62394,2,0,5 73 9,1,19,,62395,2,,,1,36,,62396,2,0,5 73 9,1,65,,62397,2,,,1,31,,62398,2,0,5 73 9,1,65,,62399,2,,,1,31,,62400,2,0,5 73 9,1,70,,62402,2,,,1,2,,62401,2,0,5 73 9,1,29,,62403,2,0,5 73 9,1,73,,62404,2,,,1,33,,62405,2,0,5 73 9,1,76,,62406,2,,,1,69,,62407,2,0,5 73 9,1,29,,62408,2,,,1,105,,62409,2,,,1,66,,62410,2,0,5 73 9,1,34,,62411,2,,,1,96,,62412,2,0,5 73 9,1
1200,'20260611',426,,62414,2,,,1,92,,62415,2,,,1,91,,62416,2,,,1,118,,62417,2,,,1,100,,62418,2,,,1,100,,62419,2,,,1,100,,62420,2,,,1,100,,62421,2,,,1,76,,62422,2,0,5 73 9,1,24,,62423,2,,,1,76,,62424,2,0,5 73 9,1,19,,62425,2,,,1,36,,62426,2,0,5 73 9,1,65,,62427,2,,,1,31,,62428,2,0,5 73 9,1,65,,62429,2,,,1,31,,62430,2,0,5 73 9,1,70,,62432,2,,,1,2,,62431,2,0,5 73 9,1,29,,62433,2,0,5 73 9,1,73,,62434,2,,,1,33,,62435,2,0,5 73 9,1,76,,62436,2,,,1,69,,62437,2,0,5 73 9,1,29,,62438,2,,,1,105,,62439,2,,,1,66,,62440,2,0,5 73 9,1,34,,62441,2,,,1,96,,62442,2,0,5 73 9,1
1200,'20260612',426,,62444,2,,,1,92,,62445,2,,,1,91,,62446,2,,,1,118,,62447,2,,,1,100,,62448,2,,,1,100,,62449,2,,,1,100,,62450,2,,,1,100,,62451,2,,,1,76,,62452,2,0,5 73 9,1,24,,62453,2,,,1,76,,62454,2,0,5 73 9,1,19,,62455,2,,,1,36,,62456,2,0,5 73 9,1,65,,62457,2,,,1,31,,62458,2,0,5 73 9,1,65,,62459,2,,,1,31,,62460,2,0,5 73 9,1,70,,62462,2,,,1,2,,62461,2,0,5 73 9,1,29,,62463,2,0,5 73 9,1,73,,62464,2,,,1,33,,62465,2,0,5 73 9,1,76,,62466,2,,,1,69,,62467,2,0,5 73 9,1,29,,62468,2,,,1,105,,62469,2,,,1,66,,62470,2,0,5 73 9,1,34,,62471,2,,,1,96,,62472,2,0,5 73 9,1
