3101,'20260707',659,,165303,27,0,37 43 44 47,1,60,,165304,27,0,37 43 44 47,1,21,,165305,37,0,43 44 47,1,64,,165306,27,0,37 43 44 47,1,35,,165307,35,0,5 43 44 47,1,100,,165308,35,0,5 43 44 47,1,1664,,165312,35,0,7 43 44 47,1
3101,'20260708',659,,165315,27,0,37 43 44 47,1,60,,165316,27,0,37 43 44 47,1,21,,165317,37,0,43 44 47,1,64,,165318,27,0,37 43 44 47,1,35,,165319,35,0,5 43 44 47,1,100,,165320,35,0,5 43 44 47,1,1664,,165324,35,0,7 43 44 47,1
3101,'20260709',659,,165327,27,0,37 43 44 47,1,60,,165328,27,0,37 43 44 47,1,21,,165329,37,0,43 44 47,1,64,,165330,27,0,37 43 44 47,1,35,,165331,35,0,5 43 44 47,1,100,,165332,35,0,5 43 44 47,1,1664,,165336,35,0,7 43 44 47,1
3101,'20260710',659,,165339,27,0,37 43 44 47,1,60,,165340,27,0,37 43 44 47,1,21,,165341,37,0,43 44 47,1,64,,165342,27,0,37 43 44 47,1,35,,165343,35,0,5 43 44 47,1,100,,165344,35,0,5 43 44 47,1,1664,,165348,35,0,7 43 44 47,1
3101,'20260711',916,,165351,35,0,7 43 44 47,1
3101,'20260712',916,,165359,35,0,7 43 44 47,1
3101,'20260713',659,,165365,27,0,37 43 44 47,1,60,,165366,27,0,37 43 44 47,1,21,,165367,37,0,43 44 47,1,64,,165368,27,0,37 43 44 47,1,35,,165369,35,0,5 43 44 47,1,100,,165370,35,0,5 43 44 47,1,1664,,165374,35,0,7 43 44 47,1
3101,'20260714',659,,165377,27,0,37 43 44 47,1,60,,165378,27,0,37 43 44 47,1,21,,165379,37,0,43 44 47,1,64,,165380,27,0,37 43 44 47,1,35,,165381,35,0,5 43 44 47,1,100,,165382,35,0,5 43 44 47,1,1664,,165386,35,0,7 43 44 47,1
3101,'20260715',659,,165389,27,0,37 43 44 47,1,60,,165390,27,0,37 43 44 47,1,21,,165391,37,0,43 44 47,1,64,,165392,27,0,37 43 44 47,1,35,,165393,35,0,5 43 44 47,1,100,,165394,35,0,5 43 44 47,1,1664,,165398,35,0,7 43 44 47,1
3101,'20260716',659,,165401,27,0,37 43 44 47,1,60,,165402,27,0,37 43 44 47,1,21,,165403,37,0,43 44 47,1,64,,165404,27,0,37 43 44 47,1,35,,165405,35,0,5 43 44 47,1,100,,165406,35,0,5 43 44 47,1,1664,,165410,35,0,7 43 44 47,1
3101,'20260717',659,,165413,27,0,37 43 44 47,1,60,,165414,27,0,37 43 44 47,1,21,,165415,37,0,43 44 47,1,64,,165416,27,0,37 43 44 47,1,35,,165417,35,0,5 43 44 47,1,100,,165418,35,0,5 43 44 47,1,1664,,165422,35,0,7 43 44 47,1
3101,'20260718',916,,165425,35,0,7 43 44 47,1
3101,'20260719',916,,165433,35,0,7 43 44 47,1
3101,'20260720',659,,165439,27,0,37 43 44 47,1,60,,165440,27,0,37 43 44 47,1,21,,165441,37,0,43 44 47,1,64,,165442,27,0,37 43 44 47,1,35,,165443,35,0,5 43 44 47,1,100,,165444,35,0,5 43 44 47,1,1664,,165448,35,0,7 43 44 47,1
3101,'20260721',659,,165451,27,0,37 43 44 47,1,60,,165452,27,0,37 43 44 47,1,21,,165453,37,0,43 44 47,1,64,,165454,27,0,37 43 44 47,1,35,,165455,35,0,5 43 44 47,1,100,,165456,35,0,5 43 44 47,1,1664,,165460,35,0,7 43 44 47,1
3101,'20260722',659,,165463,27,0,37 43 44 47,1,60,,165464,27,0,37 43 44 47,1,21,,165465,37,0,43 44 47,1,64,,165466,27,0,37 43 44 47,1,35,,165467,35,0,5 43 44 47,1,100,,165468,35,0,5 43 44 47,1,1664,,165472,35,0,7 43 44 47,1
3101,'20260723',659,,165475,27,0,37 43 44 47,1,60,,165476,27,0,37 43 44 47,1,21,,165477,37,0,43 44 47,1,64,,165478,27,0,37 43 44 47,1,35,,165479,35,0,5 43 44 47,1,100,,165480,35,0,5 43 44 47,1,1664,,165484,35,0,7 43 44 47,1
3101,'20260724',659,,165487,27,0,37 43 44 47,1,60,,165488,27,0,37 43 44 47,1,21,,165489,37,0,43 44 47,1,64,,165490,27,0,37 43 44 47,1,35,,165491,35,0,5 43 44 47,1,100,,165492,35,0,5 43 44 47,1,1312,,219543,8,0,105 101 9,1,352,,165496,35,0,7 43 44 47,1
3101,'20260725',916,,165499,35,0,7 43 44 47,1,93,,219548,29,0,61 103 104,1,10,,219549,29,0,71 101 9,1,802,,219550,29,0,71 101 9,1,590,,219551,29,0,71 101 9,1
3101,'20260726',916,,165507,35,0,7 43 44 47,1,93,,219552,29,0,61 103 104,1,10,,219553,29,0,71 101 9,1,802,,219554,29,0,71 101 9,1,590,,219555,29,0,71 101 9,1
3101,'20260727',659,,165513,27,0,37 43 44 47,1,60,,165514,27,0,37 43 44 47,1,21,,165515,37,0,43 44 47,1,64,,165516,27,0,37 43 44 47,1,35,,165517,35,0,5 43 44 47,1,100,,165518,35,0,5 43 44 47,1,1664,,165522,35,0,7 43 44 47,1
3101,'20260728',659,,165525,27,0,37 43 44 47,1,60,,165526,27,0,37 43 44 47,1,21,,165527,37,0,43 44 47,1,64,,165528,27,0,37 43 44 47,1,35,,165529,35,0,5 43 44 47,1,100,,165530,35,0,5 43 44 47,1,1664,,165534,35,0,7 43 44 47,1
3101,'20260729',659,,165537,27,0,37 43 44 47,1,60,,165538,27,0,37 43 44 47,1,21,,165539,37,0,43 44 47,1,64,,165540,27,0,37 43 44 47,1,35,,165541,35,0,5 43 44 47,1,100,,165542,35,0,5 43 44 47,1,1664,,165546,35,0,7 43 44 47,1
3101,'20260730',659,,165549,27,0,37 43 44 47,1,60,,165550,27,0,37 43 44 47,1,21,,165551,37,0,43 44 47,1,64,,165552,27,0,37 43 44 47,1,35,,165553,35,0,5 43 44 47,1,100,,165554,35,0,5 43 44 47,1,1664,,165558,35,0,7 43 44 47,1
3101,'20260731',659,,165561,27,0,37 43 44 47,1,60,,165562,27,0,37 43 44 47,1,21,,165563,37,0,43 44 47,1,64,,165564,27,0,37 43 44 47,1,35,,165565,35,0,5 43 44 47,1,100,,165566,35,0,5 43 44 47,1,1664,,165570,35,0,7 43 44 47,1
3101,'20260801',916,,165573,35,0,7 43 44 47,1
3101,'20260802',916,,165581,35,0,7 43 44 47,1
3101,'20260803',916,,165587,35,0,7 43 44 47,1
3101,'20260804',659,,165595,27,0,37 43 44 47,1,60,,165596,27,0,37 43 44 47,1,21,,165597,37,0,43 44 47,1,64,,165598,27,0,37 43 44 47,1,35,,165599,35,0,5 43 44 47,1,100,,165600,35,0,5 43 44 47,1,1664,,165604,35,0,7 43 44 47,1
3101,'20260805',659,,165607,27,0,37 43 44 47,1,60,,165608,27,0,37 43 44 47,1,21,,165609,37,0,43 44 47,1,64,,165610,27,0,37 43 44 47,1,35,,165611,35,0,5 43 44 47,1,100,,165612,35,0,5 43 44 47,1,1664,,165616,35,0,7 43 44 47,1
3101,'20260806',659,,165619,27,0,37 43 44 47,1,60,,165620,27,0,37 43 44 47,1,21,,165621,37,0,43 44 47,1,64,,165622,27,0,37 43 44 47,1,35,,165623,35,0,5 43 44 47,1,100,,165624,35,0,5 43 44 47,1,1664,,165628,35,0,7 43 44 47,1
3101,'20260807',659,,165631,27,0,37 43 44 47,1,60,,165632,27,0,37 43 44 47,1,21,,165633,37,0,43 44 47,1,64,,165634,27,0,37 43 44 47,1,35,,165635,35,0,5 43 44 47,1,100,,165636,35,0,5 43 44 47,1,1664,,165640,35,0,7 43 44 47,1
3101,'20260808',916,,165643,35,0,7 43 44 47,1
3101,'20260809',916,,165651,35,0,7 43 44 47,1
3101,'20260810',659,,165657,27,0,37 43 44 47,1,60,,165658,27,0,37 43 44 47,1,21,,165659,37,0,43 44 47,1,64,,165660,27,0,37 43 44 47,1,35,,165661,35,0,5 43 44 47,1,100,,165662,35,0,5 43 44 47,1,1664,,165666,35,0,7 43 44 47,1
3101,'20260811',659,,165669,27,0,37 43 44 47,1,60,,165670,27,0,37 43 44 47,1,21,,165671,37,0,43 44 47,1,64,,165672,27,0,37 43 44 47,1,35,,165673,35,0,5 43 44 47,1,100,,165674,35,0,5 43 44 47,1,1664,,165678,35,0,7 43 44 47,1
3101,'20260812',659,,165681,27,0,37 43 44 47,1,60,,165682,27,0,37 43 44 47,1,21,,165683,37,0,43 44 47,1,64,,165684,27,0,37 43 44 47,1,35,,165685,35,0,5 43 44 47,1,100,,165686,35,0,5 43 44 47,1,1664,,165690,35,0,7 43 44 47,1
3101,'20260813',659,,165693,27,0,37 43 44 47,1,60,,165694,27,0,37 43 44 47,1,21,,165695,37,0,43 44 47,1,64,,165696,27,0,37 43 44 47,1,35,,165697,35,0,5 43 44 47,1,100,,165698,35,0,5 43 44 47,1,1664,,165702,35,0,7 43 44 47,1
3101,'20260814',659,,165705,27,0,37 43 44 47,1,60,,165706,27,0,37 43 44 47,1,21,,165707,37,0,43 44 47,1,64,,165708,27,0,37 43 44 47,1,35,,165709,35,0,5 43 44 47,1,100,,165710,35,0,5 43 44 47,1,1664,,165714,35,0,7 43 44 47,1
3101,'20260815',916,,165717,35,0,7 43 44 47,1
3101,'20260816',916,,165725,35,0,7 43 44 47,1
3101,'20260817',659,,165731,27,0,37 43 44 47,1,60,,165732,27,0,37 43 44 47,1,21,,165733,37,0,43 44 47,1,64,,165734,27,0,37 43 44 47,1,35,,165735,35,0,5 43 44 47,1,100,,165736,35,0,5 43 44 47,1,1664,,165740,35,0,7 43 44 47,1
3101,'20260818',659,,165743,27,0,37 43 44 47,1,60,,165744,27,0,37 43 44 47,1,21,,165745,37,0,43 44 47,1,64,,165746,27,0,37 43 44 47,1,35,,165747,35,0,5 43 44 47,1,100,,165748,35,0,5 43 44 47,1,1664,,165752,35,0,7 43 44 47,1
3101,'20260819',659,,165755,27,0,37 43 44 47,1,60,,165756,27,0,37 43 44 47,1,21,,165757,37,0,43 44 47,1,64,,165758,27,0,37 43 44 47,1,35,,165759,35,0,5 43 44 47,1,100,,165760,35,0,5 43 44 47,1,1664,,165764,35,0,7 43 44 47,1
3101,'20260820',659,,165767,27,0,37 43 44 47,1,60,,165768,27,0,37 43 44 47,1,21,,165769,37,0,43 44 47,1,64,,165770,27,0,37 43 44 47,1,35,,165771,35,0,5 43 44 47,1,100,,165772,35,0,5 43 44 47,1,1664,,165776,35,0,7 43 44 47,1
3101,'20260821',659,,165779,27,0,37 43 44 47,1,60,,165780,27,0,37 43 44 47,1,21,,165781,37,0,43 44 47,1,64,,165782,27,0,37 43 44 47,1,35,,165783,35,0,5 43 44 47,1,100,,165784,35,0,5 43 44 47,1,1664,,165788,35,0,7 43 44 47,1
3101,'20260822',916,,165791,35,0,7 43 44 47,1
3101,'20260823',916,,165799,35,0,7 43 44 47,1
3101,'20260824',659,,165805,27,0,37 43 44 47,1,60,,165806,27,0,37 43 44 47,1,21,,165807,37,0,43 44 47,1,64,,165808,27,0,37 43 44 47,1,35,,165809,35,0,5 43 44 47,1,100,,165810,35,0,5 43 44 47,1,1664,,165814,35,0,7 43 44 47,1
3101,'20260825',659,,165817,27,0,37 43 44 47,1,60,,165818,27,0,37 43 44 47,1,21,,165819,37,0,43 44 47,1,64,,165820,27,0,37 43 44 47,1,35,,165821,35,0,5 43 44 47,1,100,,165822,35,0,5 43 44 47,1,1664,,165826,35,0,7 43 44 47,1
3101,'20260826',659,,165829,27,0,37 43 44 47,1,60,,165830,27,0,37 43 44 47,1,21,,165831,37,0,43 44 47,1,64,,165832,27,0,37 43 44 47,1,35,,165833,35,0,5 43 44 47,1,100,,165834,35,0,5 43 44 47,1,1664,,165838,35,0,7 43 44 47,1
3101,'20260827',659,,165841,27,0,37 43 44 47,1,60,,165842,27,0,37 43 44 47,1,21,,165843,37,0,43 44 47,1,64,,165844,27,0,37 43 44 47,1,35,,165845,35,0,5 43 44 47,1,100,,165846,35,0,5 43 44 47,1,1664,,165850,35,0,7 43 44 47,1
3101,'20260828',659,,165853,27,0,37 43 44 47,1,60,,165854,27,0,37 43 44 47,1,21,,165855,37,0,43 44 47,1,64,,165856,27,0,37 43 44 47,1,35,,165857,35,0,5 43 44 47,1,100,,165858,35,0,5 43 44 47,1,1664,,165862,35,0,7 43 44 47,1
3101,'20260829',916,,165865,35,0,7 43 44 47,1
3101,'20260830',916,,165873,35,0,7 43 44 47,1
3101,'20260831',659,,165879,27,0,37 43 44 47,1,60,,165880,27,0,37 43 44 47,1,21,,165881,37,0,43 44 47,1,64,,165882,27,0,37 43 44 47,1,35,,165883,35,0,5 43 44 47,1,100,,165884,35,0,5 43 44 47,1,1664,,165888,35,0,7 43 44 47,1
3101,'20260901',659,,165891,27,0,37 43 44 47,1,60,,165892,27,0,37 43 44 47,1,21,,165893,37,0,43 44 47,1,64,,165894,27,0,37 43 44 47,1,35,,165895,35,0,5 43 44 47,1,100,,165896,35,0,5 43 44 47,1,1664,,165900,35,0,7 43 44 47,1
3101,'20260902',659,,165903,27,0,37 43 44 47,1,60,,165904,27,0,37 43 44 47,1,21,,165905,37,0,43 44 47,1,64,,165906,27,0,37 43 44 47,1,35,,165907,35,0,5 43 44 47,1,100,,165908,35,0,5 43 44 47,1,1664,,165912,35,0,7 43 44 47,1
3101,'20260903',659,,165915,27,0,37 43 44 47,1,60,,165916,27,0,37 43 44 47,1,21,,165917,37,0,43 44 47,1,64,,165918,27,0,37 43 44 47,1,35,,165919,35,0,5 43 44 47,1,100,,165920,35,0,5 43 44 47,1,1664,,165924,35,0,7 43 44 47,1
3101,'20260904',659,,165927,27,0,37 43 44 47,1,60,,165928,27,0,37 43 44 47,1,21,,165929,37,0,43 44 47,1,64,,165930,27,0,37 43 44 47,1,35,,165931,35,0,5 43 44 47,1,100,,165932,35,0,5 43 44 47,1,1664,,165936,35,0,7 43 44 47,1
3301,'20260707',1017,,171165,39,,,1,100,,171166,39,,,1,100,,171167,39,,,1,102,,171168,39,,,1,108,,171169,39,,,1,105,,171170,39,,,1,100,,171172,39,,,1,112,,171175,39,,,1,93,,171177,39,,,1,191,,171184,39,,,1,185,,171188,39,,,1,189,,171192,39,,,1
3301,'20260708',1017,,171197,39,,,1,100,,171198,39,,,1,100,,171199,39,,,1,102,,171200,39,,,1,108,,171201,39,,,1,105,,171202,39,,,1,100,,171204,39,,,1,112,,171207,39,,,1,93,,171209,39,,,1,191,,171216,39,,,1,185,,171220,39,,,1,189,,171224,39,,,1
3301,'20260709',1017,,171229,39,,,1,100,,171230,39,,,1,100,,171231,39,,,1,102,,171232,39,,,1,108,,171233,39,,,1,105,,171234,39,,,1,100,,171236,39,,,1,112,,171239,39,,,1,93,,171241,39,,,1,191,,171248,39,,,1,185,,171252,39,,,1,189,,171256,39,,,1
3301,'20260710',1017,,171261,39,,,1,100,,171262,39,,,1,100,,171263,39,,,1,102,,171264,39,,,1,108,,171265,39,,,1,105,,171266,39,,,1,100,,171268,39,,,1,112,,171271,39,,,1,93,,171273,39,,,1,191,,171280,39,,,1,185,,171284,39,,,1,189,,171288,39,,,1
3301,'20260711',1114,,171292,39,,,1,205,,171294,39,,,1,197,,171296,39,,,1,200,,171298,39,,,1,196,,171299,39,,,1,200,,171300,39,,,1,200,,171301,39,,,1,199,,171302,39,,,1
3301,'20260712',1114,,171304,39,,,1,205,,171306,39,,,1,197,,171308,39,,,1,200,,171310,39,,,1,196,,171311,39,,,1,200,,171312,39,,,1,200,,171313,39,,,1,199,,171314,39,,,1
3301,'20260713',1017,,171317,39,,,1,100,,171318,39,,,1,100,,171319,39,,,1,102,,171320,39,,,1,108,,171321,39,,,1,105,,171322,39,,,1,100,,171324,39,,,1,112,,171327,39,,,1,93,,171329,39,,,1,191,,171336,39,,,1,185,,171340,39,,,1,189,,171344,39,,,1
3301,'20260714',1017,,171349,39,,,1,100,,171350,39,,,1,100,,171351,39,,,1,102,,171352,39,,,1,108,,171353,39,,,1,105,,171354,39,,,1,100,,171356,39,,,1,112,,171359,39,,,1,93,,171361,39,,,1,191,,171368,39,,,1,185,,171372,39,,,1,189,,171376,39,,,1
3301,'20260715',1017,,171381,39,,,1,100,,171382,39,,,1,100,,171383,39,,,1,102,,171384,39,,,1,108,,171385,39,,,1,105,,171386,39,,,1,100,,171388,39,,,1,112,,171391,39,,,1,93,,171393,39,,,1,191,,171400,39,,,1,185,,171404,39,,,1,189,,171408,39,,,1
3301,'20260716',1017,,171413,39,,,1,100,,171414,39,,,1,100,,171415,39,,,1,102,,171416,39,,,1,108,,171417,39,,,1,105,,171418,39,,,1,100,,171420,39,,,1,112,,171423,39,,,1,93,,171425,39,,,1,191,,171432,39,,,1,185,,171436,39,,,1,189,,171440,39,,,1
3301,'20260717',1017,,171445,39,,,1,100,,171446,39,,,1,100,,171447,39,,,1,102,,171448,39,,,1,108,,171449,39,,,1,105,,171450,39,,,1,100,,171452,39,,,1,112,,171455,39,,,1,93,,171457,39,,,1,191,,171464,39,,,1,185,,171468,39,,,1,189,,171472,39,,,1
3301,'20260718',1114,,171476,39,,,1,205,,171478,39,,,1,197,,171480,39,,,1,200,,171482,39,,,1,196,,171483,39,,,1,200,,171484,39,,,1,200,,171485,39,,,1,199,,171486,39,,,1
3301,'20260719',1114,,171488,39,,,1,205,,171490,39,,,1,197,,171492,39,,,1,200,,171494,39,,,1,196,,171495,39,,,1,200,,171496,39,,,1,200,,171497,39,,,1,199,,171498,39,,,1
3301,'20260720',1017,,171501,39,,,1,100,,171502,39,,,1,100,,171503,39,,,1,102,,171504,39,,,1,108,,171505,39,,,1,105,,171506,39,,,1,100,,171508,39,,,1,112,,171511,39,,,1,93,,171513,39,,,1,191,,171520,39,,,1,185,,171524,39,,,1,189,,171528,39,,,1
3301,'20260721',1017,,171533,39,,,1,100,,171534,39,,,1,100,,171535,39,,,1,102,,171536,39,,,1,108,,171537,39,,,1,105,,171538,39,,,1,100,,171540,39,,,1,112,,171543,39,,,1,93,,171545,39,,,1,191,,171552,39,,,1,185,,171556,39,,,1,189,,171560,39,,,1
3301,'20260722',1017,,171565,39,,,1,100,,171566,39,,,1,100,,171567,39,,,1,102,,171568,39,,,1,108,,171569,39,,,1,105,,171570,39,,,1,100,,171572,39,,,1,112,,171575,39,,,1,93,,171577,39,,,1,191,,171584,39,,,1,185,,171588,39,,,1,189,,171592,39,,,1
3301,'20260723',1017,,171597,39,,,1,100,,171598,39,,,1,100,,171599,39,,,1,102,,171600,39,,,1,108,,171601,39,,,1,105,,171602,39,,,1,100,,171604,39,,,1,112,,171607,39,,,1,93,,171609,39,,,1,191,,171616,39,,,1,185,,171620,39,,,1,189,,171624,39,,,1
3301,'20260724',1017,,171629,39,,,1,100,,171630,39,,,1,100,,171631,39,,,1,102,,171632,39,,,1,108,,171633,39,,,1,105,,171634,39,,,1,100,,171636,39,,,1,112,,171639,39,,,1,93,,171641,39,,,1,191,,171648,39,,,1,185,,171652,39,,,1,189,,171656,39,,,1
3301,'20260725',1114,,171660,39,,,1,205,,171662,39,,,1,197,,171664,39,,,1,200,,171666,39,,,1,196,,171667,39,,,1,200,,171668,39,,,1,200,,171669,39,,,1,199,,171670,39,,,1
3301,'20260726',1114,,171672,39,,,1,205,,171674,39,,,1,197,,171676,39,,,1,200,,171678,39,,,1,196,,171679,39,,,1,200,,171680,39,,,1,200,,171681,39,,,1,199,,171682,39,,,1
3301,'20260727',1017,,171685,39,,,1,100,,171686,39,,,1,100,,171687,39,,,1,102,,171688,39,,,1,108,,171689,39,,,1,105,,171690,39,,,1,100,,171692,39,,,1,112,,171695,39,,,1,93,,171697,39,,,1,191,,171704,39,,,1,185,,171708,39,,,1,189,,171712,39,,,1
3301,'20260728',1017,,171717,39,,,1,100,,171718,39,,,1,100,,171719,39,,,1,102,,171720,39,,,1,108,,171721,39,,,1,105,,171722,39,,,1,100,,171724,39,,,1,112,,171727,39,,,1,93,,171729,39,,,1,191,,171736,39,,,1,185,,171740,39,,,1,189,,171744,39,,,1
3301,'20260729',1017,,171749,39,,,1,100,,171750,39,,,1,100,,171751,39,,,1,102,,171752,39,,,1,108,,171753,39,,,1,105,,171754,39,,,1,100,,171756,39,,,1,112,,171759,39,,,1,93,,171761,39,,,1,191,,171768,39,,,1,185,,171772,39,,,1,189,,171776,39,,,1
3301,'20260730',1017,,171781,39,,,1,100,,171782,39,,,1,100,,171783,39,,,1,102,,171784,39,,,1,108,,171785,39,,,1,105,,171786,39,,,1,100,,171788,39,,,1,112,,171791,39,,,1,93,,171793,39,,,1,191,,171800,39,,,1,185,,171804,39,,,1,189,,171808,39,,,1
3301,'20260731',1017,,171813,39,,,1,100,,171814,39,,,1,100,,171815,39,,,1,102,,171816,39,,,1,108,,171817,39,,,1,105,,171818,39,,,1,100,,171820,39,,,1,112,,171823,39,,,1,93,,171825,39,,,1,191,,171832,39,,,1,185,,171836,39,,,1,189,,171840,39,,,1
3301,'20260801',1114,,171844,39,,,1,205,,171846,39,,,1,197,,171848,39,,,1,200,,171850,39,,,1,196,,171851,39,,,1,200,,171852,39,,,1,200,,171853,39,,,1,199,,171854,39,,,1
3301,'20260802',1114,,171856,39,,,1,205,,171858,39,,,1,197,,171860,39,,,1,200,,171862,39,,,1,196,,171863,39,,,1,200,,171864,39,,,1,200,,171865,39,,,1,199,,171866,39,,,1
3301,'20260803',1114,,171868,39,,,1,205,,171870,39,,,1,197,,171872,39,,,1,200,,171874,39,,,1,196,,171875,39,,,1,200,,171876,39,,,1,200,,171877,39,,,1,199,,171878,39,,,1
3301,'20260804',1017,,171881,39,,,1,100,,171882,39,,,1,100,,171883,39,,,1,102,,171884,39,,,1,108,,171885,39,,,1,105,,171886,39,,,1,100,,171888,39,,,1,112,,171891,39,,,1,93,,171893,39,,,1,191,,171900,39,,,1,185,,171904,39,,,1,189,,171908,39,,,1
3301,'20260805',1017,,171913,39,,,1,100,,171914,39,,,1,100,,171915,39,,,1,102,,171916,39,,,1,108,,171917,39,,,1,105,,171918,39,,,1,100,,171920,39,,,1,112,,171923,39,,,1,93,,171925,39,,,1,191,,171932,39,,,1,185,,171936,39,,,1,189,,171940,39,,,1
3301,'20260806',1017,,171945,39,,,1,100,,171946,39,,,1,100,,171947,39,,,1,102,,171948,39,,,1,108,,171949,39,,,1,105,,171950,39,,,1,100,,171952,39,,,1,112,,171955,39,,,1,93,,171957,39,,,1,191,,171964,39,,,1,185,,171968,39,,,1,189,,171972,39,,,1
3301,'20260807',1017,,171977,39,,,1,100,,171978,39,,,1,100,,171979,39,,,1,102,,171980,39,,,1,108,,171981,39,,,1,105,,171982,39,,,1,100,,171984,39,,,1,112,,171987,39,,,1,93,,171989,39,,,1,191,,171996,39,,,1,185,,172000,39,,,1,189,,172004,39,,,1
3301,'20260808',1114,,172008,39,,,1,205,,172010,39,,,1,197,,172012,39,,,1,200,,172014,39,,,1,196,,172015,39,,,1,200,,172016,39,,,1,200,,172017,39,,,1,199,,172018,39,,,1
3301,'20260809',1114,,172020,39,,,1,205,,172022,39,,,1,197,,172024,39,,,1,200,,172026,39,,,1,196,,172027,39,,,1,200,,172028,39,,,1,200,,172029,39,,,1,199,,172030,39,,,1
3301,'20260810',1017,,172033,39,,,1,100,,172034,39,,,1,100,,172035,39,,,1,102,,172036,39,,,1,108,,172037,39,,,1,105,,172038,39,,,1,100,,172040,39,,,1,112,,172043,39,,,1,93,,172045,39,,,1,191,,172052,39,,,1,185,,172056,39,,,1,189,,172060,39,,,1
3301,'20260811',1017,,172065,39,,,1,100,,172066,39,,,1,100,,172067,39,,,1,102,,172068,39,,,1,108,,172069,39,,,1,105,,172070,39,,,1,100,,172072,39,,,1,112,,172075,39,,,1,93,,172077,39,,,1,191,,172084,39,,,1,185,,172088,39,,,1,189,,172092,39,,,1
3301,'20260812',1017,,172097,39,,,1,100,,172098,39,,,1,100,,172099,39,,,1,102,,172100,39,,,1,108,,172101,39,,,1,105,,172102,39,,,1,100,,172104,39,,,1,112,,172107,39,,,1,93,,172109,39,,,1,191,,172116,39,,,1,185,,172120,39,,,1,189,,172124,39,,,1
3301,'20260813',1017,,172129,39,,,1,100,,172130,39,,,1,100,,172131,39,,,1,102,,172132,39,,,1,108,,172133,39,,,1,105,,172134,39,,,1,100,,172136,39,,,1,112,,172139,39,,,1,93,,172141,39,,,1,191,,172148,39,,,1,185,,172152,39,,,1,189,,172156,39,,,1
3301,'20260814',1017,,172161,39,,,1,100,,172162,39,,,1,100,,172163,39,,,1,102,,172164,39,,,1,108,,172165,39,,,1,105,,172166,39,,,1,100,,172168,39,,,1,112,,172171,39,,,1,93,,172173,39,,,1,191,,172180,39,,,1,185,,172184,39,,,1,189,,172188,39,,,1
3301,'20260815',1114,,172192,39,,,1,205,,172194,39,,,1,197,,172196,39,,,1,200,,172198,39,,,1,196,,172199,39,,,1,200,,172200,39,,,1,200,,172201,39,,,1,199,,172202,39,,,1
3301,'20260816',1114,,172204,39,,,1,205,,172206,39,,,1,197,,172208,39,,,1,200,,172210,39,,,1,196,,172211,39,,,1,200,,172212,39,,,1,200,,172213,39,,,1,199,,172214,39,,,1
3301,'20260817',1017,,172217,39,,,1,100,,172218,39,,,1,100,,172219,39,,,1,102,,172220,39,,,1,108,,172221,39,,,1,105,,172222,39,,,1,100,,172224,39,,,1,112,,172227,39,,,1,93,,172229,39,,,1,191,,172236,39,,,1,185,,172240,39,,,1,189,,172244,39,,,1
3301,'20260818',1017,,172249,39,,,1,100,,172250,39,,,1,100,,172251,39,,,1,102,,172252,39,,,1,108,,172253,39,,,1,105,,172254,39,,,1,100,,172256,39,,,1,112,,172259,39,,,1,93,,172261,39,,,1,191,,172268,39,,,1,185,,172272,39,,,1,189,,172276,39,,,1
3301,'20260819',1017,,172281,39,,,1,100,,172282,39,,,1,100,,172283,39,,,1,102,,172284,39,,,1,108,,172285,39,,,1,105,,172286,39,,,1,100,,172288,39,,,1,112,,172291,39,,,1,93,,172293,39,,,1,191,,172300,39,,,1,185,,172304,39,,,1,189,,172308,39,,,1
3301,'20260820',1017,,172313,39,,,1,100,,172314,39,,,1,100,,172315,39,,,1,102,,172316,39,,,1,108,,172317,39,,,1,105,,172318,39,,,1,100,,172320,39,,,1,112,,172323,39,,,1,93,,172325,39,,,1,191,,172332,39,,,1,185,,172336,39,,,1,189,,172340,39,,,1
3301,'20260821',1017,,172345,39,,,1,100,,172346,39,,,1,100,,172347,39,,,1,102,,172348,39,,,1,108,,172349,39,,,1,105,,172350,39,,,1,100,,172352,39,,,1,112,,172355,39,,,1,93,,172357,39,,,1,191,,172364,39,,,1,185,,172368,39,,,1,189,,172372,39,,,1
3301,'20260822',1114,,172376,39,,,1,205,,172378,39,,,1,197,,172380,39,,,1,200,,172382,39,,,1,196,,172383,39,,,1,200,,172384,39,,,1,200,,172385,39,,,1,199,,172386,39,,,1
3301,'20260823',1114,,172388,39,,,1,205,,172390,39,,,1,197,,172392,39,,,1,200,,172394,39,,,1,196,,172395,39,,,1,200,,172396,39,,,1,200,,172397,39,,,1,199,,172398,39,,,1
3301,'20260824',1017,,172401,39,,,1,100,,172402,39,,,1,100,,172403,39,,,1,102,,172404,39,,,1,108,,172405,39,,,1,105,,172406,39,,,1,100,,172408,39,,,1,112,,172411,39,,,1,93,,172413,39,,,1,191,,172420,39,,,1,185,,172424,39,,,1,189,,172428,39,,,1
3301,'20260825',1017,,172433,39,,,1,100,,172434,39,,,1,100,,172435,39,,,1,102,,172436,39,,,1,108,,172437,39,,,1,105,,172438,39,,,1,100,,172440,39,,,1,112,,172443,39,,,1,93,,172445,39,,,1,191,,172452,39,,,1,185,,172456,39,,,1,189,,172460,39,,,1
3301,'20260826',1017,,172465,39,,,1,100,,172466,39,,,1,100,,172467,39,,,1,102,,172468,39,,,1,108,,172469,39,,,1,105,,172470,39,,,1,100,,172472,39,,,1,112,,172475,39,,,1,93,,172477,39,,,1,191,,172484,39,,,1,185,,172488,39,,,1,189,,172492,39,,,1
3301,'20260827',1017,,172497,39,,,1,100,,172498,39,,,1,100,,172499,39,,,1,102,,172500,39,,,1,108,,172501,39,,,1,105,,172502,39,,,1,100,,172504,39,,,1,112,,172507,39,,,1,93,,172509,39,,,1,191,,172516,39,,,1,185,,172520,39,,,1,189,,172524,39,,,1
3301,'20260828',1017,,172529,39,,,1,100,,172530,39,,,1,100,,172531,39,,,1,102,,172532,39,,,1,108,,172533,39,,,1,105,,172534,39,,,1,100,,172536,39,,,1,112,,172539,39,,,1,93,,172541,39,,,1,191,,172548,39,,,1,185,,172552,39,,,1,189,,172556,39,,,1
3301,'20260829',1114,,172560,39,,,1,205,,172562,39,,,1,197,,172564,39,,,1,200,,172566,39,,,1,196,,172567,39,,,1,200,,172568,39,,,1,200,,172569,39,,,1,199,,172570,39,,,1
3301,'20260830',1114,,172572,39,,,1,205,,172574,39,,,1,197,,172576,39,,,1,200,,172578,39,,,1,196,,172579,39,,,1,200,,172580,39,,,1,200,,172581,39,,,1,199,,172582,39,,,1
3301,'20260831',1017,,172585,39,,,1,100,,172586,39,,,1,100,,172587,39,,,1,102,,172588,39,,,1,108,,172589,39,,,1,105,,172590,39,,,1,100,,172592,39,,,1,112,,172595,39,,,1,93,,172597,39,,,1,191,,172604,39,,,1,185,,172608,39,,,1,189,,172612,39,,,1
3301,'20260901',1017,,172617,39,,,1,100,,172618,39,,,1,100,,172619,39,,,1,102,,172620,39,,,1,108,,172621,39,,,1,105,,172622,39,,,1,100,,172624,39,,,1,112,,172627,39,,,1,93,,172629,39,,,1,191,,172636,39,,,1,185,,172640,39,,,1,189,,172644,39,,,1
3301,'20260902',1017,,172649,39,,,1,100,,172650,39,,,1,100,,172651,39,,,1,102,,172652,39,,,1,108,,172653,39,,,1,105,,172654,39,,,1,100,,172656,39,,,1,112,,172659,39,,,1,93,,172661,39,,,1,191,,172668,39,,,1,185,,172672,39,,,1,189,,172676,39,,,1
3301,'20260903',1017,,172681,39,,,1,100,,172682,39,,,1,100,,172683,39,,,1,102,,172684,39,,,1,108,,172685,39,,,1,105,,172686,39,,,1,100,,172688,39,,,1,112,,172691,39,,,1,93,,172693,39,,,1,191,,172700,39,,,1,185,,172704,39,,,1,189,,172708,39,,,1
3301,'20260904',1017,,172713,39,,,1,100,,172714,39,,,1,100,,172715,39,,,1,102,,172716,39,,,1,108,,172717,39,,,1,105,,172718,39,,,1,100,,172720,39,,,1,112,,172723,39,,,1,93,,172725,39,,,1,191,,172732,39,,,1,185,,172736,39,,,1,189,,172740,39,,,1
