2100,'20260205',407,,27366,,,1,35,,27367,,,1,65,,27368,,,1,398,,27370,0,5 29 30,1,24,,27371,0,7 29 30,1,30,,27373,0,7 29 30,1,46,,27375,0,5 29 30,1,29,,27376,0,7 29 30,1,66,,27380,0,16 29 30,1,4,,27378,0,7 29 30,1,35,,27381,0,7 29 30,1,61,,27383,0,16 29 30,1,39,,27384,0,7 29 30,1,6,,27386,0,16 29 30,1,94,,27387,0,7 29 30,1,11,,27389,0,16 29 30,1,84,,27390,0,7 29 30,1,12,,27392,0,16 29 30,1,90,,27393,0,7 29 30,1,9,,27395,0,16 29 30,1,98,,27397,,,1,100,,27398,,,1,100,,27399,,,1,100,,27400,,,1,99,,27401,,,1,102,,27402,,,1,100,,27403,,,1,105,,27404,,,1,99,,27405,,,1
2100,'20260206',407,,27406,,,1,35,,27407,,,1,65,,27408,,,1,398,,27410,0,5 29 30,1,24,,27411,0,7 29 30,1,30,,27413,0,7 29 30,1,46,,27415,0,5 29 30,1,29,,27416,0,7 29 30,1,66,,27420,0,16 29 30,1,4,,27418,0,7 29 30,1,35,,27421,0,7 29 30,1,61,,27423,0,16 29 30,1,39,,27424,0,7 29 30,1,6,,27426,0,16 29 30,1,94,,27427,0,7 29 30,1,11,,27429,0,16 29 30,1,84,,27430,0,7 29 30,1,12,,27432,0,16 29 30,1,90,,27433,0,7 29 30,1,9,,27435,0,16 29 30,1,98,,27437,,,1,100,,27438,,,1,100,,27439,,,1,100,,27440,,,1,99,,27441,,,1,102,,27442,,,1,100,,27443,,,1,105,,27444,,,1,99,,27445,,,1
2100,'20260207',508,,27446,0,57 29 30,1,100,,27447,0,57 29 30,1,33,,27448,0,57 29 30,1,105,,27449,0,7 29 30,1,100,,27452,0,7 29 30,1,100,,27456,0,7 29 30,1,97,,27460,0,7 29 30,1,101,,27464,0,7 29 30,1,102,,27467,0,7 29 30,1,100,,27470,0,7 29 30,1,100,,27473,0,7 29 30,1,100,,27476,0,7 29 30,1,94,,27479,0,7 29 30,1,99,,27482,0,7 29 30,1,105,,27484,0,7 29 30,1,100,,27486,0,57 29 30,1,95,,27487,0,57 29 30,1,101,,27488,0,57 29 30,1,100,,27489,0,57 29 30,1,104,,27490,0,57 29 30,1,100,,27491,0,57 29 30,1
2100,'20260208',508,,27492,0,57 29 30,1,100,,27493,0,57 29 30,1,33,,27494,0,57 29 30,1,105,,27495,0,7 29 30,1,100,,27498,0,7 29 30,1,100,,27502,0,7 29 30,1,97,,27506,0,7 29 30,1,101,,27510,0,7 29 30,1,102,,27513,0,7 29 30,1,100,,27516,0,7 29 30,1,100,,27519,0,7 29 30,1,100,,27522,0,7 29 30,1,94,,27525,0,7 29 30,1,99,,27528,0,7 29 30,1,105,,27530,0,7 29 30,1,100,,27532,0,57 29 30,1,95,,27533,0,57 29 30,1,101,,27534,0,57 29 30,1,100,,27535,0,57 29 30,1,104,,27536,0,57 29 30,1,100,,27537,0,57 29 30,1
2100,'20260209',407,,27538,,,1,35,,27539,,,1,65,,27540,,,1,398,,27542,0,5 29 30,1,24,,27543,0,7 29 30,1,30,,27545,0,7 29 30,1,46,,27547,0,5 29 30,1,29,,27548,0,7 29 30,1,66,,27552,0,16 29 30,1,4,,27550,0,7 29 30,1,35,,27553,0,7 29 30,1,61,,27555,0,16 29 30,1,39,,27556,0,7 29 30,1,6,,27558,0,16 29 30,1,94,,27559,0,7 29 30,1,11,,27561,0,16 29 30,1,84,,27562,0,7 29 30,1,12,,27564,0,16 29 30,1,90,,27565,0,7 29 30,1,9,,27567,0,16 29 30,1,98,,27569,,,1,100,,27570,,,1,100,,27571,,,1,100,,27572,,,1,99,,27573,,,1,102,,27574,,,1,100,,27575,,,1,105,,27576,,,1,99,,27577,,,1
2100,'20260210',407,,27578,,,1,35,,27579,,,1,65,,27580,,,1,398,,27582,0,5 29 30,1,24,,27583,0,7 29 30,1,30,,27585,0,7 29 30,1,46,,27587,0,5 29 30,1,29,,27588,0,7 29 30,1,66,,27592,0,16 29 30,1,4,,27590,0,7 29 30,1,35,,27593,0,7 29 30,1,61,,27595,0,16 29 30,1,39,,27596,0,7 29 30,1,6,,27598,0,16 29 30,1,94,,27599,0,7 29 30,1,11,,27601,0,16 29 30,1,84,,27602,0,7 29 30,1,12,,27604,0,16 29 30,1,90,,27605,0,7 29 30,1,9,,27607,0,16 29 30,1,98,,27609,,,1,100,,27610,,,1,100,,27611,,,1,100,,27612,,,1,99,,27613,,,1,102,,27614,,,1,100,,27615,,,1,105,,27616,,,1,99,,27617,,,1
2100,'20260211',407,,27618,,,1,35,,27619,,,1,65,,27620,,,1,398,,27622,0,5 29 30,1,24,,27623,0,7 29 30,1,30,,27625,0,7 29 30,1,46,,27627,0,5 29 30,1,29,,27628,0,7 29 30,1,66,,27632,0,16 29 30,1,4,,27630,0,7 29 30,1,35,,27633,0,7 29 30,1,61,,27635,0,16 29 30,1,39,,27636,0,7 29 30,1,6,,27638,0,16 29 30,1,94,,27639,0,7 29 30,1,11,,27641,0,16 29 30,1,84,,27642,0,7 29 30,1,12,,27644,0,16 29 30,1,90,,27645,0,7 29 30,1,9,,27647,0,16 29 30,1,98,,27649,,,1,100,,27650,,,1,100,,27651,,,1,100,,27652,,,1,99,,27653,,,1,102,,27654,,,1,100,,27655,,,1,105,,27656,,,1,99,,27657,,,1
2100,'20260212',407,,27658,,,1,35,,27659,,,1,65,,27660,,,1,398,,27662,0,5 29 30,1,24,,27663,0,7 29 30,1,30,,27665,0,7 29 30,1,46,,27667,0,5 29 30,1,29,,27668,0,7 29 30,1,66,,27672,0,16 29 30,1,4,,27670,0,7 29 30,1,35,,27673,0,7 29 30,1,61,,27675,0,16 29 30,1,39,,27676,0,7 29 30,1,6,,27678,0,16 29 30,1,94,,27679,0,7 29 30,1,11,,27681,0,16 29 30,1,84,,27682,0,7 29 30,1,12,,27684,0,16 29 30,1,90,,27685,0,7 29 30,1,9,,27687,0,16 29 30,1,98,,27689,,,1,100,,27690,,,1,100,,27691,,,1,100,,27692,,,1,99,,27693,,,1,102,,27694,,,1,100,,27695,,,1,105,,27696,,,1,99,,27697,,,1
2100,'20260213',407,,27698,,,1,35,,27699,,,1,65,,27700,,,1,398,,27702,0,5 29 30,1,24,,27703,0,7 29 30,1,30,,27705,0,7 29 30,1,46,,27707,0,5 29 30,1,29,,27708,0,7 29 30,1,66,,27712,0,16 29 30,1,4,,27710,0,7 29 30,1,35,,27713,0,7 29 30,1,61,,27715,0,16 29 30,1,39,,27716,0,7 29 30,1,6,,27718,0,16 29 30,1,94,,27719,0,7 29 30,1,11,,27721,0,16 29 30,1,84,,27722,0,7 29 30,1,12,,27724,0,16 29 30,1,90,,27725,0,7 29 30,1,9,,27727,0,16 29 30,1,98,,27729,,,1,100,,27730,,,1,100,,27731,,,1,100,,27732,,,1,99,,27733,,,1,102,,27734,,,1,100,,27735,,,1,105,,27736,,,1,99,,27737,,,1
2100,'20260214',508,,27738,0,57 29 30,1,100,,27739,0,57 29 30,1,33,,27740,0,57 29 30,1,105,,27741,0,7 29 30,1,100,,27744,0,7 29 30,1,100,,27748,0,7 29 30,1,97,,27752,0,7 29 30,1,101,,27756,0,7 29 30,1,102,,27759,0,7 29 30,1,100,,27762,0,7 29 30,1,100,,27765,0,7 29 30,1,100,,27768,0,7 29 30,1,94,,27771,0,7 29 30,1,99,,27774,0,7 29 30,1,105,,27776,0,7 29 30,1,100,,27778,0,57 29 30,1,95,,27779,0,57 29 30,1,101,,27780,0,57 29 30,1,100,,27781,0,57 29 30,1,104,,27782,0,57 29 30,1,100,,27783,0,57 29 30,1
2100,'20260215',508,,27784,0,57 29 30,1,100,,27785,0,57 29 30,1,33,,27786,0,57 29 30,1,105,,27787,0,7 29 30,1,100,,27790,0,7 29 30,1,100,,27794,0,7 29 30,1,97,,27798,0,7 29 30,1,101,,27802,0,7 29 30,1,102,,27805,0,7 29 30,1,100,,27808,0,7 29 30,1,100,,27811,0,7 29 30,1,100,,27814,0,7 29 30,1,94,,27817,0,7 29 30,1,99,,27820,0,7 29 30,1,105,,27822,0,7 29 30,1,100,,27824,0,57 29 30,1,95,,27825,0,57 29 30,1,101,,27826,0,57 29 30,1,100,,27827,0,57 29 30,1,104,,27828,0,57 29 30,1,100,,27829,0,57 29 30,1
2100,'20260216',508,,27830,0,57 29 30,1,100,,27831,0,57 29 30,1,33,,27832,0,57 29 30,1,105,,27833,0,7 29 30,1,100,,27836,0,7 29 30,1,100,,27840,0,7 29 30,1,97,,27844,0,7 29 30,1,101,,27848,0,7 29 30,1,102,,27851,0,7 29 30,1,100,,27854,0,7 29 30,1,100,,27857,0,7 29 30,1,100,,27860,0,7 29 30,1,94,,27863,0,7 29 30,1,99,,27866,0,7 29 30,1,105,,27868,0,7 29 30,1,100,,27870,0,57 29 30,1,95,,27871,0,57 29 30,1,101,,27872,0,57 29 30,1,100,,27873,0,57 29 30,1,104,,27874,0,57 29 30,1,100,,27875,0,57 29 30,1
2100,'20260217',407,,27876,,,1,35,,27877,,,1,65,,27878,,,1,398,,27880,0,5 29 30,1,24,,27881,0,7 29 30,1,30,,27883,0,7 29 30,1,46,,27885,0,5 29 30,1,29,,27886,0,7 29 30,1,66,,27890,0,16 29 30,1,4,,27888,0,7 29 30,1,35,,27891,0,7 29 30,1,61,,27893,0,16 29 30,1,39,,27894,0,7 29 30,1,6,,27896,0,16 29 30,1,94,,27897,0,7 29 30,1,11,,27899,0,16 29 30,1,84,,27900,0,7 29 30,1,12,,27902,0,16 29 30,1,90,,27903,0,7 29 30,1,9,,27905,0,16 29 30,1,98,,27907,,,1,100,,27908,,,1,100,,27909,,,1,100,,27910,,,1,99,,27911,,,1,102,,27912,,,1,100,,27913,,,1,105,,27914,,,1,99,,27915,,,1
2100,'20260218',407,,27916,,,1,35,,27917,,,1,65,,27918,,,1,398,,27920,0,5 29 30,1,24,,27921,0,7 29 30,1,30,,27923,0,7 29 30,1,46,,27925,0,5 29 30,1,29,,27926,0,7 29 30,1,66,,27930,0,16 29 30,1,4,,27928,0,7 29 30,1,35,,27931,0,7 29 30,1,61,,27933,0,16 29 30,1,39,,27934,0,7 29 30,1,6,,27936,0,16 29 30,1,94,,27937,0,7 29 30,1,11,,27939,0,16 29 30,1,84,,27940,0,7 29 30,1,12,,27942,0,16 29 30,1,90,,27943,0,7 29 30,1,9,,27945,0,16 29 30,1,98,,27947,,,1,100,,27948,,,1,100,,27949,,,1,100,,27950,,,1,99,,27951,,,1,102,,27952,,,1,100,,27953,,,1,105,,27954,,,1,99,,27955,,,1
2100,'20260219',407,,27956,,,1,35,,27957,,,1,65,,27958,,,1,398,,27960,0,5 29 30,1,24,,27961,0,7 29 30,1,30,,27963,0,7 29 30,1,46,,27965,0,5 29 30,1,29,,27966,0,7 29 30,1,66,,27970,0,16 29 30,1,4,,27968,0,7 29 30,1,35,,27971,0,7 29 30,1,61,,27973,0,16 29 30,1,39,,27974,0,7 29 30,1,6,,27976,0,16 29 30,1,94,,27977,0,7 29 30,1,11,,27979,0,16 29 30,1,84,,27980,0,7 29 30,1,12,,27982,0,16 29 30,1,90,,27983,0,7 29 30,1,9,,27985,0,16 29 30,1,98,,27987,,,1,100,,27988,,,1,100,,27989,,,1,100,,27990,,,1,99,,27991,,,1,102,,27992,,,1,100,,27993,,,1,105,,27994,,,1,99,,27995,,,1
2100,'20260220',407,,27996,,,1,35,,27997,,,1,65,,27998,,,1,398,,28000,0,5 29 30,1,24,,28001,0,7 29 30,1,30,,28003,0,7 29 30,1,46,,28005,0,5 29 30,1,29,,28006,0,7 29 30,1,66,,28010,0,16 29 30,1,4,,28008,0,7 29 30,1,35,,28011,0,7 29 30,1,61,,28013,0,16 29 30,1,39,,28014,0,7 29 30,1,6,,28016,0,16 29 30,1,94,,28017,0,7 29 30,1,11,,28019,0,16 29 30,1,84,,28020,0,7 29 30,1,12,,28022,0,16 29 30,1,90,,28023,0,7 29 30,1,9,,28025,0,16 29 30,1,98,,28027,,,1,100,,28028,,,1,100,,28029,,,1,100,,28030,,,1,99,,28031,,,1,102,,28032,,,1,100,,28033,,,1,105,,28034,,,1,99,,28035,,,1
2100,'20260221',508,,28036,0,57 29 30,1,100,,28037,0,57 29 30,1,33,,28038,0,57 29 30,1,105,,28039,0,7 29 30,1,100,,28042,0,7 29 30,1,100,,28046,0,7 29 30,1,97,,28050,0,7 29 30,1,101,,28054,0,7 29 30,1,102,,28057,0,7 29 30,1,100,,28060,0,7 29 30,1,100,,28063,0,7 29 30,1,100,,28066,0,7 29 30,1,94,,28069,0,7 29 30,1,99,,28072,0,7 29 30,1,105,,28074,0,7 29 30,1,100,,28076,0,57 29 30,1,95,,28077,0,57 29 30,1,101,,28078,0,57 29 30,1,100,,28079,0,57 29 30,1,104,,28080,0,57 29 30,1,100,,28081,0,57 29 30,1
2100,'20260222',508,,28082,0,57 29 30,1,100,,28083,0,57 29 30,1,33,,28084,0,57 29 30,1,105,,28085,0,7 29 30,1,100,,28088,0,7 29 30,1,100,,28092,0,7 29 30,1,97,,28096,0,7 29 30,1,101,,28100,0,7 29 30,1,102,,28103,0,7 29 30,1,100,,28106,0,7 29 30,1,100,,28109,0,7 29 30,1,100,,28112,0,7 29 30,1,94,,28115,0,7 29 30,1,99,,28118,0,7 29 30,1,105,,28120,0,7 29 30,1,100,,28122,0,57 29 30,1,95,,28123,0,57 29 30,1,101,,28124,0,57 29 30,1,100,,28125,0,57 29 30,1,104,,28126,0,57 29 30,1,100,,28127,0,57 29 30,1
2100,'20260223',407,,28128,,,1,35,,28129,,,1,65,,28130,,,1,398,,28132,0,5 29 30,1,24,,28133,0,7 29 30,1,30,,28135,0,7 29 30,1,46,,28137,0,5 29 30,1,29,,28138,0,7 29 30,1,66,,28142,0,16 29 30,1,4,,28140,0,7 29 30,1,35,,28143,0,7 29 30,1,61,,28145,0,16 29 30,1,39,,28146,0,7 29 30,1,6,,28148,0,16 29 30,1,94,,28149,0,7 29 30,1,11,,28151,0,16 29 30,1,84,,28152,0,7 29 30,1,12,,28154,0,16 29 30,1,90,,28155,0,7 29 30,1,9,,28157,0,16 29 30,1,98,,28159,,,1,100,,28160,,,1,100,,28161,,,1,100,,28162,,,1,99,,28163,,,1,102,,28164,,,1,100,,28165,,,1,105,,28166,,,1,99,,28167,,,1
2100,'20260224',407,,28168,,,1,35,,28169,,,1,65,,28170,,,1,398,,28172,0,5 29 30,1,24,,28173,0,7 29 30,1,30,,28175,0,7 29 30,1,46,,28177,0,5 29 30,1,29,,28178,0,7 29 30,1,66,,28182,0,16 29 30,1,4,,28180,0,7 29 30,1,35,,28183,0,7 29 30,1,61,,28185,0,16 29 30,1,39,,28186,0,7 29 30,1,6,,28188,0,16 29 30,1,94,,28189,0,7 29 30,1,11,,28191,0,16 29 30,1,84,,28192,0,7 29 30,1,12,,28194,0,16 29 30,1,90,,28195,0,7 29 30,1,9,,28197,0,16 29 30,1,98,,28199,,,1,100,,28200,,,1,100,,28201,,,1,100,,28202,,,1,99,,28203,,,1,102,,28204,,,1,100,,28205,,,1,105,,28206,,,1,99,,28207,,,1
2100,'20260225',407,,28208,,,1,35,,28209,,,1,65,,28210,,,1,398,,28212,0,5 29 30,1,24,,28213,0,7 29 30,1,30,,28215,0,7 29 30,1,46,,28217,0,5 29 30,1,29,,28218,0,7 29 30,1,66,,28222,0,16 29 30,1,4,,28220,0,7 29 30,1,35,,28223,0,7 29 30,1,61,,28225,0,16 29 30,1,39,,28226,0,7 29 30,1,6,,28228,0,16 29 30,1,94,,28229,0,7 29 30,1,11,,28231,0,16 29 30,1,84,,28232,0,7 29 30,1,12,,28234,0,16 29 30,1,90,,28235,0,7 29 30,1,9,,28237,0,16 29 30,1,98,,28239,,,1,100,,28240,,,1,100,,28241,,,1,100,,28242,,,1,99,,28243,,,1,102,,28244,,,1,100,,28245,,,1,105,,28246,,,1,99,,28247,,,1
2100,'20260226',407,,28248,,,1,35,,28249,,,1,65,,28250,,,1,398,,28252,0,5 29 30,1,24,,28253,0,7 29 30,1,30,,28255,0,7 29 30,1,46,,28257,0,5 29 30,1,29,,28258,0,7 29 30,1,66,,28262,0,16 29 30,1,4,,28260,0,7 29 30,1,35,,28263,0,7 29 30,1,61,,28265,0,16 29 30,1,39,,28266,0,7 29 30,1,6,,28268,0,16 29 30,1,94,,28269,0,7 29 30,1,11,,28271,0,16 29 30,1,84,,28272,0,7 29 30,1,12,,28274,0,16 29 30,1,90,,28275,0,7 29 30,1,9,,28277,0,16 29 30,1,98,,28279,,,1,100,,28280,,,1,100,,28281,,,1,100,,28282,,,1,99,,28283,,,1,102,,28284,,,1,100,,28285,,,1,105,,28286,,,1,99,,28287,,,1
2100,'20260227',407,,28288,,,1,35,,28289,,,1,65,,28290,,,1,398,,28292,0,5 29 30,1,24,,28293,0,7 29 30,1,30,,28295,0,7 29 30,1,46,,28297,0,5 29 30,1,29,,28298,0,7 29 30,1,66,,28302,0,16 29 30,1,4,,28300,0,7 29 30,1,35,,28303,0,7 29 30,1,61,,28305,0,16 29 30,1,39,,28306,0,7 29 30,1,6,,28308,0,16 29 30,1,94,,28309,0,7 29 30,1,11,,28311,0,16 29 30,1,84,,28312,0,7 29 30,1,12,,28314,0,16 29 30,1,90,,28315,0,7 29 30,1,9,,28317,0,16 29 30,1,98,,28319,,,1,100,,28320,,,1,100,,28321,,,1,100,,28322,,,1,99,,28323,,,1,102,,28324,,,1,100,,28325,,,1,105,,28326,,,1,99,,28327,,,1
2100,'20260228',508,,28328,0,57 29 30,1,100,,28329,0,57 29 30,1,33,,28330,0,57 29 30,1,105,,28331,0,7 29 30,1,100,,28334,0,7 29 30,1,100,,28338,0,7 29 30,1,97,,28342,0,7 29 30,1,101,,28346,0,7 29 30,1,102,,28349,0,7 29 30,1,100,,28352,0,7 29 30,1,100,,28355,0,7 29 30,1,100,,28358,0,7 29 30,1,94,,28361,0,7 29 30,1,99,,28364,0,7 29 30,1,105,,28366,0,7 29 30,1,100,,28368,0,57 29 30,1,95,,28369,0,57 29 30,1,101,,28370,0,57 29 30,1,100,,28371,0,57 29 30,1,104,,28372,0,57 29 30,1,100,,28373,0,57 29 30,1
2100,'20260301',508,,28374,0,57 29 30,1,100,,28375,0,57 29 30,1,33,,28376,0,57 29 30,1,105,,28377,0,7 29 30,1,100,,28380,0,7 29 30,1,100,,28384,0,7 29 30,1,97,,28388,0,7 29 30,1,101,,28392,0,7 29 30,1,102,,28395,0,7 29 30,1,100,,28398,0,7 29 30,1,100,,28401,0,7 29 30,1,100,,28404,0,7 29 30,1,94,,28407,0,7 29 30,1,99,,28410,0,7 29 30,1,105,,28412,0,7 29 30,1,100,,28414,0,57 29 30,1,95,,28415,0,57 29 30,1,101,,28416,0,57 29 30,1,100,,28417,0,57 29 30,1,104,,28418,0,57 29 30,1,100,,28419,0,57 29 30,1
2100,'20260302',407,,28420,,,1,35,,28421,,,1,65,,28422,,,1,398,,28424,0,5 29 30,1,24,,28425,0,7 29 30,1,30,,28427,0,7 29 30,1,46,,28429,0,5 29 30,1,29,,28430,0,7 29 30,1,66,,28434,0,16 29 30,1,4,,28432,0,7 29 30,1,35,,28435,0,7 29 30,1,61,,28437,0,16 29 30,1,39,,28438,0,7 29 30,1,6,,28440,0,16 29 30,1,94,,28441,0,7 29 30,1,11,,28443,0,16 29 30,1,84,,28444,0,7 29 30,1,12,,28446,0,16 29 30,1,90,,28447,0,7 29 30,1,9,,28449,0,16 29 30,1,98,,28451,,,1,100,,28452,,,1,100,,28453,,,1,100,,28454,,,1,99,,28455,,,1,102,,28456,,,1,100,,28457,,,1,105,,28458,,,1,99,,28459,,,1
2100,'20260303',407,,28460,,,1,35,,28461,,,1,65,,28462,,,1,398,,28464,0,5 29 30,1,24,,28465,0,7 29 30,1,30,,28467,0,7 29 30,1,46,,28469,0,5 29 30,1,29,,28470,0,7 29 30,1,66,,28474,0,16 29 30,1,4,,28472,0,7 29 30,1,35,,28475,0,7 29 30,1,61,,28477,0,16 29 30,1,39,,28478,0,7 29 30,1,6,,28480,0,16 29 30,1,94,,28481,0,7 29 30,1,11,,28483,0,16 29 30,1,84,,28484,0,7 29 30,1,12,,28486,0,16 29 30,1,90,,28487,0,7 29 30,1,9,,28489,0,16 29 30,1,98,,28491,,,1,100,,28492,,,1,100,,28493,,,1,100,,28494,,,1,99,,28495,,,1,102,,28496,,,1,100,,28497,,,1,105,,28498,,,1,99,,28499,,,1
2100,'20260304',407,,28500,,,1,35,,28501,,,1,65,,28502,,,1,398,,28504,0,5 29 30,1,24,,28505,0,7 29 30,1,30,,28507,0,7 29 30,1,46,,28509,0,5 29 30,1,29,,28510,0,7 29 30,1,66,,28514,0,16 29 30,1,4,,28512,0,7 29 30,1,35,,28515,0,7 29 30,1,61,,28517,0,16 29 30,1,39,,28518,0,7 29 30,1,6,,28520,0,16 29 30,1,94,,28521,0,7 29 30,1,11,,28523,0,16 29 30,1,84,,28524,0,7 29 30,1,12,,28526,0,16 29 30,1,90,,28527,0,7 29 30,1,9,,28529,0,16 29 30,1,98,,28531,,,1,100,,28532,,,1,100,,28533,,,1,100,,28534,,,1,99,,28535,,,1,102,,28536,,,1,100,,28537,,,1,105,,28538,,,1,99,,28539,,,1
2100,'20260305',407,,28540,,,1,35,,28541,,,1,65,,28542,,,1,398,,28544,0,5 29 30,1,24,,28545,0,7 29 30,1,30,,28547,0,7 29 30,1,46,,28549,0,5 29 30,1,29,,28550,0,7 29 30,1,66,,28554,0,16 29 30,1,4,,28552,0,7 29 30,1,35,,28555,0,7 29 30,1,61,,28557,0,16 29 30,1,39,,28558,0,7 29 30,1,6,,28560,0,16 29 30,1,94,,28561,0,7 29 30,1,11,,28563,0,16 29 30,1,84,,28564,0,7 29 30,1,12,,28566,0,16 29 30,1,90,,28567,0,7 29 30,1,9,,28569,0,16 29 30,1,98,,28571,,,1,100,,28572,,,1,100,,28573,,,1,100,,28574,,,1,99,,28575,,,1,102,,28576,,,1,100,,28577,,,1,105,,28578,,,1,99,,28579,,,1
2100,'20260306',407,,28580,,,1,35,,28581,,,1,65,,28582,,,1,398,,28584,0,5 29 30,1,24,,28585,0,7 29 30,1,30,,28587,0,7 29 30,1,46,,28589,0,5 29 30,1,29,,28590,0,7 29 30,1,66,,28594,0,16 29 30,1,4,,28592,0,7 29 30,1,35,,28595,0,7 29 30,1,61,,28597,0,16 29 30,1,39,,28598,0,7 29 30,1,6,,28600,0,16 29 30,1,94,,28601,0,7 29 30,1,11,,28603,0,16 29 30,1,84,,28604,0,7 29 30,1,12,,28606,0,16 29 30,1,90,,28607,0,7 29 30,1,9,,28609,0,16 29 30,1,98,,28611,,,1,100,,28612,,,1,100,,28613,,,1,100,,28614,,,1,99,,28615,,,1,102,,28616,,,1,100,,28617,,,1,105,,28618,,,1,99,,28619,,,1
2100,'20260307',508,,28620,0,57 29 30,1,100,,28621,0,57 29 30,1,33,,28622,0,57 29 30,1,105,,28623,0,7 29 30,1,100,,28626,0,7 29 30,1,100,,28630,0,7 29 30,1,97,,28634,0,7 29 30,1,101,,28638,0,7 29 30,1,102,,28641,0,7 29 30,1,100,,28644,0,7 29 30,1,100,,28647,0,7 29 30,1,100,,28650,0,7 29 30,1,94,,28653,0,7 29 30,1,99,,28656,0,7 29 30,1,105,,28658,0,7 29 30,1,100,,28660,0,57 29 30,1,95,,28661,0,57 29 30,1,101,,28662,0,57 29 30,1,100,,28663,0,57 29 30,1,104,,28664,0,57 29 30,1,100,,28665,0,57 29 30,1
2100,'20260308',508,,28666,0,57 29 30,1,100,,28667,0,57 29 30,1,33,,28668,0,57 29 30,1,105,,28669,0,7 29 30,1,100,,28672,0,7 29 30,1,100,,28676,0,7 29 30,1,97,,28680,0,7 29 30,1,101,,28684,0,7 29 30,1,102,,28687,0,7 29 30,1,100,,28690,0,7 29 30,1,100,,28693,0,7 29 30,1,100,,28696,0,7 29 30,1,94,,28699,0,7 29 30,1,99,,28702,0,7 29 30,1,105,,28704,0,7 29 30,1,100,,28706,0,57 29 30,1,95,,28707,0,57 29 30,1,101,,28708,0,57 29 30,1,100,,28709,0,57 29 30,1,104,,28710,0,57 29 30,1,100,,28711,0,57 29 30,1
2100,'20260309',407,,28712,,,1,35,,28713,,,1,65,,28714,,,1,398,,28716,0,5 29 30,1,24,,28717,0,7 29 30,1,30,,28719,0,7 29 30,1,46,,28721,0,5 29 30,1,29,,28722,0,7 29 30,1,66,,28726,0,16 29 30,1,4,,28724,0,7 29 30,1,35,,28727,0,7 29 30,1,61,,28729,0,16 29 30,1,39,,28730,0,7 29 30,1,6,,28732,0,16 29 30,1,94,,28733,0,7 29 30,1,11,,28735,0,16 29 30,1,84,,28736,0,7 29 30,1,12,,28738,0,16 29 30,1,90,,28739,0,7 29 30,1,9,,28741,0,16 29 30,1,98,,28743,,,1,100,,28744,,,1,100,,28745,,,1,100,,28746,,,1,99,,28747,,,1,102,,28748,,,1,100,,28749,,,1,105,,28750,,,1,99,,28751,,,1
2100,'20260310',407,,28752,,,1,35,,28753,,,1,65,,28754,,,1,398,,28756,0,5 29 30,1,24,,28757,0,7 29 30,1,30,,28759,0,7 29 30,1,46,,28761,0,5 29 30,1,29,,28762,0,7 29 30,1,66,,28766,0,16 29 30,1,4,,28764,0,7 29 30,1,35,,28767,0,7 29 30,1,61,,28769,0,16 29 30,1,39,,28770,0,7 29 30,1,6,,28772,0,16 29 30,1,94,,28773,0,7 29 30,1,11,,28775,0,16 29 30,1,84,,28776,0,7 29 30,1,12,,28778,0,16 29 30,1,90,,28779,0,7 29 30,1,9,,28781,0,16 29 30,1,98,,28783,,,1,100,,28784,,,1,100,,28785,,,1,100,,28786,,,1,99,,28787,,,1,102,,28788,,,1,100,,28789,,,1,105,,28790,,,1,99,,28791,,,1
2100,'20260311',407,,28792,,,1,35,,28793,,,1,65,,28794,,,1,398,,28796,0,5 29 30,1,24,,28797,0,7 29 30,1,30,,28799,0,7 29 30,1,46,,28801,0,5 29 30,1,29,,28802,0,7 29 30,1,66,,28806,0,16 29 30,1,4,,28804,0,7 29 30,1,35,,28807,0,7 29 30,1,61,,28809,0,16 29 30,1,39,,28810,0,7 29 30,1,6,,28812,0,16 29 30,1,94,,28813,0,7 29 30,1,11,,28815,0,16 29 30,1,84,,28816,0,7 29 30,1,12,,28818,0,16 29 30,1,90,,28819,0,7 29 30,1,9,,28821,0,16 29 30,1,98,,28823,,,1,100,,28824,,,1,100,,28825,,,1,100,,28826,,,1,99,,28827,,,1,102,,28828,,,1,100,,28829,,,1,105,,28830,,,1,99,,28831,,,1
2100,'20260312',407,,28832,,,1,35,,28833,,,1,65,,28834,,,1,398,,28836,0,5 29 30,1,24,,28837,0,7 29 30,1,30,,28839,0,7 29 30,1,46,,28841,0,5 29 30,1,29,,28842,0,7 29 30,1,66,,28846,0,16 29 30,1,4,,28844,0,7 29 30,1,35,,28847,0,7 29 30,1,61,,28849,0,16 29 30,1,39,,28850,0,7 29 30,1,6,,28852,0,16 29 30,1,94,,28853,0,7 29 30,1,11,,28855,0,16 29 30,1,84,,28856,0,7 29 30,1,12,,28858,0,16 29 30,1,90,,28859,0,7 29 30,1,9,,28861,0,16 29 30,1,98,,28863,,,1,100,,28864,,,1,100,,28865,,,1,100,,28866,,,1,99,,28867,,,1,102,,28868,,,1,100,,28869,,,1,105,,28870,,,1,99,,28871,,,1
2100,'20260313',407,,28872,,,1,35,,28873,,,1,65,,28874,,,1,398,,28876,0,5 29 30,1,24,,28877,0,7 29 30,1,30,,28879,0,7 29 30,1,46,,28881,0,5 29 30,1,29,,28882,0,7 29 30,1,66,,28886,0,16 29 30,1,4,,28884,0,7 29 30,1,35,,28887,0,7 29 30,1,61,,28889,0,16 29 30,1,39,,28890,0,7 29 30,1,6,,28892,0,16 29 30,1,94,,28893,0,7 29 30,1,11,,28895,0,16 29 30,1,84,,28896,0,7 29 30,1,12,,28898,0,16 29 30,1,90,,28899,0,7 29 30,1,9,,28901,0,16 29 30,1,98,,28903,,,1,100,,28904,,,1,100,,28905,,,1,100,,28906,,,1,99,,28907,,,1,102,,28908,,,1,100,,28909,,,1,105,,28910,,,1,99,,28911,,,1
2100,'20260314',508,,28912,0,57 29 30,1,100,,28913,0,57 29 30,1,33,,28914,0,57 29 30,1,105,,28915,0,7 29 30,1,100,,28918,0,7 29 30,1,100,,28922,0,7 29 30,1,97,,28926,0,7 29 30,1,101,,28930,0,7 29 30,1,102,,28933,0,7 29 30,1,100,,28936,0,7 29 30,1,100,,28939,0,7 29 30,1,100,,28942,0,7 29 30,1,94,,28945,0,7 29 30,1,99,,28948,0,7 29 30,1,105,,28950,0,7 29 30,1,100,,28952,0,57 29 30,1,95,,28953,0,57 29 30,1,101,,28954,0,57 29 30,1,100,,28955,0,57 29 30,1,104,,28956,0,57 29 30,1,100,,28957,0,57 29 30,1
2100,'20260315',508,,28958,0,57 29 30,1,100,,28959,0,57 29 30,1,33,,28960,0,57 29 30,1,105,,28961,0,7 29 30,1,100,,28964,0,7 29 30,1,100,,28968,0,7 29 30,1,97,,28972,0,7 29 30,1,101,,28976,0,7 29 30,1,102,,28979,0,7 29 30,1,100,,28982,0,7 29 30,1,100,,28985,0,7 29 30,1,100,,28988,0,7 29 30,1,94,,28991,0,7 29 30,1,99,,28994,0,7 29 30,1,105,,28996,0,7 29 30,1,100,,28998,0,57 29 30,1,95,,28999,0,57 29 30,1,101,,29000,0,57 29 30,1,100,,29001,0,57 29 30,1,104,,29002,0,57 29 30,1,100,,29003,0,57 29 30,1
2100,'20260316',407,,29004,,,1,35,,29005,,,1,65,,29006,,,1,398,,29008,0,5 29 30,1,24,,29009,0,7 29 30,1,30,,29011,0,7 29 30,1,46,,29013,0,5 29 30,1,29,,29014,0,7 29 30,1,66,,29018,0,16 29 30,1,4,,29016,0,7 29 30,1,35,,29019,0,7 29 30,1,61,,29021,0,16 29 30,1,39,,29022,0,7 29 30,1,6,,29024,0,16 29 30,1,94,,29025,0,7 29 30,1,11,,29027,0,16 29 30,1,84,,29028,0,7 29 30,1,12,,29030,0,16 29 30,1,90,,29031,0,7 29 30,1,9,,29033,0,16 29 30,1,98,,29035,,,1,100,,29036,,,1,100,,29037,,,1,100,,29038,,,1,99,,29039,,,1,102,,29040,,,1,100,,29041,,,1,105,,29042,,,1,99,,29043,,,1
2100,'20260317',407,,29044,,,1,35,,29045,,,1,65,,29046,,,1,398,,29048,0,5 29 30,1,24,,29049,0,7 29 30,1,30,,29051,0,7 29 30,1,46,,29053,0,5 29 30,1,29,,29054,0,7 29 30,1,66,,29058,0,16 29 30,1,4,,29056,0,7 29 30,1,35,,29059,0,7 29 30,1,61,,29061,0,16 29 30,1,39,,29062,0,7 29 30,1,6,,29064,0,16 29 30,1,94,,29065,0,7 29 30,1,11,,29067,0,16 29 30,1,84,,29068,0,7 29 30,1,12,,29070,0,16 29 30,1,90,,29071,0,7 29 30,1,9,,29073,0,16 29 30,1,98,,29075,,,1,100,,29076,,,1,100,,29077,,,1,100,,29078,,,1,99,,29079,,,1,102,,29080,,,1,100,,29081,,,1,105,,29082,,,1,99,,29083,,,1
2100,'20260318',407,,29084,,,1,35,,29085,,,1,65,,29086,,,1,398,,29088,0,5 29 30,1,24,,29089,0,7 29 30,1,30,,29091,0,7 29 30,1,46,,29093,0,5 29 30,1,29,,29094,0,7 29 30,1,66,,29098,0,16 29 30,1,4,,29096,0,7 29 30,1,35,,29099,0,7 29 30,1,61,,29101,0,16 29 30,1,39,,29102,0,7 29 30,1,6,,29104,0,16 29 30,1,94,,29105,0,7 29 30,1,11,,29107,0,16 29 30,1,84,,29108,0,7 29 30,1,12,,29110,0,16 29 30,1,90,,29111,0,7 29 30,1,9,,29113,0,16 29 30,1,98,,29115,,,1,100,,29116,,,1,100,,29117,,,1,100,,29118,,,1,99,,29119,,,1,102,,29120,,,1,100,,29121,,,1,105,,29122,,,1,99,,29123,,,1
2100,'20260319',407,,29124,,,1,35,,29125,,,1,65,,29126,,,1,398,,29128,0,5 29 30,1,24,,29129,0,7 29 30,1,30,,29131,0,7 29 30,1,46,,29133,0,5 29 30,1,29,,29134,0,7 29 30,1,66,,29138,0,16 29 30,1,4,,29136,0,7 29 30,1,35,,29139,0,7 29 30,1,61,,29141,0,16 29 30,1,39,,29142,0,7 29 30,1,6,,29144,0,16 29 30,1,94,,29145,0,7 29 30,1,11,,29147,0,16 29 30,1,84,,29148,0,7 29 30,1,12,,29150,0,16 29 30,1,90,,29151,0,7 29 30,1,9,,29153,0,16 29 30,1,98,,29155,,,1,100,,29156,,,1,100,,29157,,,1,100,,29158,,,1,99,,29159,,,1,102,,29160,,,1,100,,29161,,,1,105,,29162,,,1,99,,29163,,,1
2100,'20260320',407,,29164,,,1,35,,29165,,,1,65,,29166,,,1,398,,29168,0,5 29 30,1,24,,29169,0,7 29 30,1,30,,29171,0,7 29 30,1,46,,29173,0,5 29 30,1,29,,29174,0,7 29 30,1,66,,29178,0,16 29 30,1,4,,29176,0,7 29 30,1,35,,29179,0,7 29 30,1,61,,29181,0,16 29 30,1,39,,29182,0,7 29 30,1,6,,29184,0,16 29 30,1,94,,29185,0,7 29 30,1,11,,29187,0,16 29 30,1,84,,29188,0,7 29 30,1,12,,29190,0,16 29 30,1,90,,29191,0,7 29 30,1,9,,29193,0,16 29 30,1,98,,29195,,,1,100,,29196,,,1,100,,29197,,,1,100,,29198,,,1,99,,29199,,,1,102,,29200,,,1,100,,29201,,,1,105,,29202,,,1,99,,29203,,,1
2100,'20260321',508,,29204,0,57 29 30,1,100,,29205,0,57 29 30,1,33,,29206,0,57 29 30,1,105,,29207,0,7 29 30,1,100,,29210,0,7 29 30,1,100,,29214,0,7 29 30,1,97,,29218,0,7 29 30,1,101,,29222,0,7 29 30,1,102,,29225,0,7 29 30,1,100,,29228,0,7 29 30,1,100,,29231,0,7 29 30,1,100,,29234,0,7 29 30,1,94,,29237,0,7 29 30,1,99,,29240,0,7 29 30,1,105,,29242,0,7 29 30,1,100,,29244,0,57 29 30,1,95,,29245,0,57 29 30,1,101,,29246,0,57 29 30,1,100,,29247,0,57 29 30,1,104,,29248,0,57 29 30,1,100,,29249,0,57 29 30,1
2100,'20260322',508,,29250,0,57 29 30,1,100,,29251,0,57 29 30,1,33,,29252,0,57 29 30,1,105,,29253,0,7 29 30,1,100,,29256,0,7 29 30,1,100,,29260,0,7 29 30,1,97,,29264,0,7 29 30,1,101,,29268,0,7 29 30,1,102,,29271,0,7 29 30,1,100,,29274,0,7 29 30,1,100,,29277,0,7 29 30,1,100,,29280,0,7 29 30,1,94,,29283,0,7 29 30,1,99,,29286,0,7 29 30,1,105,,29288,0,7 29 30,1,100,,29290,0,57 29 30,1,95,,29291,0,57 29 30,1,101,,29292,0,57 29 30,1,100,,29293,0,57 29 30,1,104,,29294,0,57 29 30,1,100,,29295,0,57 29 30,1
2100,'20260323',407,,29296,,,1,35,,29297,,,1,65,,29298,,,1,398,,29300,0,5 29 30,1,24,,29301,0,7 29 30,1,30,,29303,0,7 29 30,1,46,,29305,0,5 29 30,1,29,,29306,0,7 29 30,1,66,,29310,0,16 29 30,1,4,,29308,0,7 29 30,1,35,,29311,0,7 29 30,1,61,,29313,0,16 29 30,1,39,,29314,0,7 29 30,1,6,,29316,0,16 29 30,1,94,,29317,0,7 29 30,1,11,,29319,0,16 29 30,1,84,,29320,0,7 29 30,1,12,,29322,0,16 29 30,1,90,,29323,0,7 29 30,1,9,,29325,0,16 29 30,1,98,,29327,,,1,100,,29328,,,1,100,,29329,,,1,100,,29330,,,1,99,,29331,,,1,102,,29332,,,1,100,,29333,,,1,105,,29334,,,1,99,,29335,,,1
2100,'20260324',407,,29336,,,1,35,,29337,,,1,65,,29338,,,1,398,,29340,0,5 29 30,1,24,,29341,0,7 29 30,1,30,,29343,0,7 29 30,1,46,,29345,0,5 29 30,1,29,,29346,0,7 29 30,1,66,,29350,0,16 29 30,1,4,,29348,0,7 29 30,1,35,,29351,0,7 29 30,1,61,,29353,0,16 29 30,1,39,,29354,0,7 29 30,1,6,,29356,0,16 29 30,1,94,,29357,0,7 29 30,1,11,,29359,0,16 29 30,1,84,,29360,0,7 29 30,1,12,,29362,0,16 29 30,1,90,,29363,0,7 29 30,1,9,,29365,0,16 29 30,1,98,,29367,,,1,100,,29368,,,1,100,,29369,,,1,100,,29370,,,1,99,,29371,,,1,102,,29372,,,1,100,,29373,,,1,105,,29374,,,1,99,,29375,,,1
2100,'20260325',407,,29376,,,1,35,,29377,,,1,65,,29378,,,1,398,,29380,0,5 29 30,1,24,,29381,0,7 29 30,1,30,,29383,0,7 29 30,1,46,,29385,0,5 29 30,1,29,,29386,0,7 29 30,1,66,,29390,0,16 29 30,1,4,,29388,0,7 29 30,1,35,,29391,0,7 29 30,1,61,,29393,0,16 29 30,1,39,,29394,0,7 29 30,1,6,,29396,0,16 29 30,1,94,,29397,0,7 29 30,1,11,,29399,0,16 29 30,1,84,,29400,0,7 29 30,1,12,,29402,0,16 29 30,1,90,,29403,0,7 29 30,1,9,,29405,0,16 29 30,1,98,,29407,,,1,100,,29408,,,1,100,,29409,,,1,100,,29410,,,1,99,,29411,,,1,102,,29412,,,1,100,,29413,,,1,105,,29414,,,1,99,,29415,,,1
2100,'20260326',407,,29416,,,1,35,,29417,,,1,65,,29418,,,1,398,,29420,0,5 29 30,1,24,,29421,0,7 29 30,1,30,,29423,0,7 29 30,1,46,,29425,0,5 29 30,1,29,,29426,0,7 29 30,1,66,,29430,0,16 29 30,1,4,,29428,0,7 29 30,1,35,,29431,0,7 29 30,1,61,,29433,0,16 29 30,1,39,,29434,0,7 29 30,1,6,,29436,0,16 29 30,1,94,,29437,0,7 29 30,1,11,,29439,0,16 29 30,1,84,,29440,0,7 29 30,1,12,,29442,0,16 29 30,1,90,,29443,0,7 29 30,1,9,,29445,0,16 29 30,1,98,,29447,,,1,100,,29448,,,1,100,,29449,,,1,100,,29450,,,1,99,,29451,,,1,102,,29452,,,1,100,,29453,,,1,105,,29454,,,1,99,,29455,,,1
2100,'20260327',407,,29456,,,1,35,,29457,,,1,65,,29458,,,1,398,,29460,0,5 29 30,1,24,,29461,0,7 29 30,1,30,,29463,0,7 29 30,1,46,,29465,0,5 29 30,1,29,,29466,0,7 29 30,1,66,,29470,0,16 29 30,1,4,,29468,0,7 29 30,1,35,,29471,0,7 29 30,1,61,,29473,0,16 29 30,1,39,,29474,0,7 29 30,1,6,,29476,0,16 29 30,1,94,,29477,0,7 29 30,1,11,,29479,0,16 29 30,1,84,,29480,0,7 29 30,1,12,,29482,0,16 29 30,1,90,,29483,0,7 29 30,1,9,,29485,0,16 29 30,1,98,,29487,,,1,100,,29488,,,1,100,,29489,,,1,100,,29490,,,1,99,,29491,,,1,102,,29492,,,1,100,,29493,,,1,105,,29494,,,1,99,,29495,,,1
2100,'20260328',508,,29496,0,57 29 30,1,100,,29497,0,57 29 30,1,33,,29498,0,57 29 30,1,105,,29499,0,7 29 30,1,100,,29502,0,7 29 30,1,100,,29506,0,7 29 30,1,97,,29510,0,7 29 30,1,101,,29514,0,7 29 30,1,102,,29517,0,7 29 30,1,100,,29520,0,7 29 30,1,100,,29523,0,7 29 30,1,100,,29526,0,7 29 30,1,94,,29529,0,7 29 30,1,99,,29532,0,7 29 30,1,105,,29534,0,7 29 30,1,100,,29536,0,57 29 30,1,95,,29537,0,57 29 30,1,101,,29538,0,57 29 30,1,100,,29539,0,57 29 30,1,104,,29540,0,57 29 30,1,100,,29541,0,57 29 30,1
2100,'20260329',508,,29542,0,57 29 30,1,100,,29543,0,57 29 30,1,33,,29544,0,57 29 30,1,105,,29545,0,7 29 30,1,100,,29548,0,7 29 30,1,100,,29552,0,7 29 30,1,97,,29556,0,7 29 30,1,101,,29560,0,7 29 30,1,102,,29563,0,7 29 30,1,100,,29566,0,7 29 30,1,100,,29569,0,7 29 30,1,100,,29572,0,7 29 30,1,94,,29575,0,7 29 30,1,99,,29578,0,7 29 30,1,105,,29580,0,7 29 30,1,100,,29582,0,57 29 30,1,95,,29583,0,57 29 30,1,101,,29584,0,57 29 30,1,100,,29585,0,57 29 30,1,104,,29586,0,57 29 30,1,100,,29587,0,57 29 30,1
2100,'20260330',407,,29588,,,1,35,,29589,,,1,65,,29590,,,1,398,,29592,0,5 29 30,1,24,,29593,0,7 29 30,1,30,,29595,0,7 29 30,1,46,,29597,0,5 29 30,1,29,,29598,0,7 29 30,1,66,,29602,0,16 29 30,1,4,,29600,0,7 29 30,1,35,,29603,0,7 29 30,1,61,,29605,0,16 29 30,1,39,,29606,0,7 29 30,1,6,,29608,0,16 29 30,1,94,,29609,0,7 29 30,1,11,,29611,0,16 29 30,1,84,,29612,0,7 29 30,1,12,,29614,0,16 29 30,1,90,,29615,0,7 29 30,1,9,,29617,0,16 29 30,1,98,,29619,,,1,100,,29620,,,1,100,,29621,,,1,100,,29622,,,1,99,,29623,,,1,102,,29624,,,1,100,,29625,,,1,105,,29626,,,1,99,,29627,,,1
2100,'20260331',407,,29628,,,1,35,,29629,,,1,65,,29630,,,1,398,,29632,0,5 29 30,1,24,,29633,0,7 29 30,1,30,,29635,0,7 29 30,1,46,,29637,0,5 29 30,1,29,,29638,0,7 29 30,1,66,,29642,0,16 29 30,1,4,,29640,0,7 29 30,1,35,,29643,0,7 29 30,1,61,,29645,0,16 29 30,1,39,,29646,0,7 29 30,1,6,,29648,0,16 29 30,1,94,,29649,0,7 29 30,1,11,,29651,0,16 29 30,1,84,,29652,0,7 29 30,1,12,,29654,0,16 29 30,1,90,,29655,0,7 29 30,1,9,,29657,0,16 29 30,1,98,,29659,,,1,100,,29660,,,1,100,,29661,,,1,100,,29662,,,1,99,,29663,,,1,102,,29664,,,1,100,,29665,,,1,105,,29666,,,1,99,,29667,,,1
2100,'20260401',407,,29668,,,1,35,,29669,,,1,65,,29670,,,1,398,,29672,0,5 29 30,1,24,,29673,0,7 29 30,1,30,,29675,0,7 29 30,1,46,,29677,0,5 29 30,1,29,,29678,0,7 29 30,1,66,,29682,0,16 29 30,1,4,,29680,0,7 29 30,1,35,,29683,0,7 29 30,1,61,,29685,0,16 29 30,1,39,,29686,0,7 29 30,1,6,,29688,0,16 29 30,1,94,,29689,0,7 29 30,1,11,,29691,0,16 29 30,1,84,,29692,0,7 29 30,1,12,,29694,0,16 29 30,1,90,,29695,0,7 29 30,1,9,,29697,0,16 29 30,1,98,,29699,,,1,100,,29700,,,1,100,,29701,,,1,100,,29702,,,1,99,,29703,,,1,102,,29704,,,1,100,,29705,,,1,105,,29706,,,1,99,,29707,,,1
2100,'20260402',407,,29708,,,1,35,,29709,,,1,65,,29710,,,1,398,,29712,0,5 29 30,1,24,,29713,0,7 29 30,1,30,,29715,0,7 29 30,1,46,,29717,0,5 29 30,1,29,,29718,0,7 29 30,1,66,,29722,0,16 29 30,1,4,,29720,0,7 29 30,1,35,,29723,0,7 29 30,1,61,,29725,0,16 29 30,1,39,,29726,0,7 29 30,1,6,,29728,0,16 29 30,1,94,,29729,0,7 29 30,1,11,,29731,0,16 29 30,1,84,,29732,0,7 29 30,1,12,,29734,0,16 29 30,1,90,,29735,0,7 29 30,1,9,,29737,0,16 29 30,1,98,,29739,,,1,100,,29740,,,1,100,,29741,,,1,100,,29742,,,1,99,,29743,,,1,102,,29744,,,1,100,,29745,,,1,105,,29746,,,1,99,,29747,,,1
2100,'20260403',508,,29748,0,57 29 30,1,100,,29749,0,57 29 30,1,33,,29750,0,57 29 30,1,105,,29751,0,7 29 30,1,100,,29754,0,7 29 30,1,100,,29758,0,7 29 30,1,97,,29762,0,7 29 30,1,101,,29766,0,7 29 30,1,102,,29769,0,7 29 30,1,100,,29772,0,7 29 30,1,100,,29775,0,7 29 30,1,100,,29778,0,7 29 30,1,94,,29781,0,7 29 30,1,99,,29784,0,7 29 30,1,105,,29786,0,7 29 30,1,100,,29788,0,57 29 30,1,95,,29789,0,57 29 30,1,101,,29790,0,57 29 30,1,100,,29791,0,57 29 30,1,104,,29792,0,57 29 30,1,100,,29793,0,57 29 30,1
2100,'20260404',508,,29794,0,57 29 30,1,100,,29795,0,57 29 30,1,33,,29796,0,57 29 30,1,105,,29797,0,7 29 30,1,100,,29800,0,7 29 30,1,100,,29804,0,7 29 30,1,97,,29808,0,7 29 30,1,101,,29812,0,7 29 30,1,102,,29815,0,7 29 30,1,100,,29818,0,7 29 30,1,100,,29821,0,7 29 30,1,100,,29824,0,7 29 30,1,94,,29827,0,7 29 30,1,99,,29830,0,7 29 30,1,105,,29832,0,7 29 30,1,100,,29834,0,57 29 30,1,95,,29835,0,57 29 30,1,101,,29836,0,57 29 30,1,100,,29837,0,57 29 30,1,104,,29838,0,57 29 30,1,100,,29839,0,57 29 30,1
2100,'20260405',508,,29840,0,57 29 30,1,100,,29841,0,57 29 30,1,33,,29842,0,57 29 30,1,105,,29843,0,7 29 30,1,100,,29846,0,7 29 30,1,100,,29850,0,7 29 30,1,97,,29854,0,7 29 30,1,101,,29858,0,7 29 30,1,102,,29861,0,7 29 30,1,100,,29864,0,7 29 30,1,100,,29867,0,7 29 30,1,100,,29870,0,7 29 30,1,94,,29873,0,7 29 30,1,99,,29876,0,7 29 30,1,105,,29878,0,7 29 30,1,100,,29880,0,57 29 30,1,95,,29881,0,57 29 30,1,101,,29882,0,57 29 30,1,100,,29883,0,57 29 30,1,104,,29884,0,57 29 30,1,100,,29885,0,57 29 30,1
2100,'20260406',407,,29886,,,1,35,,29887,,,1,65,,29888,,,1,398,,29890,0,5 29 30,1,24,,29891,0,7 29 30,1,30,,29893,0,7 29 30,1,46,,29895,0,5 29 30,1,29,,29896,0,7 29 30,1,66,,29900,0,16 29 30,1,4,,29898,0,7 29 30,1,35,,29901,0,7 29 30,1,61,,29903,0,16 29 30,1,39,,29904,0,7 29 30,1,6,,29906,0,16 29 30,1,94,,29907,0,7 29 30,1,11,,29909,0,16 29 30,1,84,,29910,0,7 29 30,1,12,,29912,0,16 29 30,1,90,,29913,0,7 29 30,1,9,,29915,0,16 29 30,1,98,,29917,,,1,100,,29918,,,1,100,,29919,,,1,100,,29920,,,1,99,,29921,,,1,102,,29922,,,1,100,,29923,,,1,105,,29924,,,1,99,,29925,,,1
2100,'20260407',407,,29926,,,1,35,,29927,,,1,65,,29928,,,1,398,,29930,0,5 29 30,1,24,,29931,0,7 29 30,1,30,,29933,0,7 29 30,1,46,,29935,0,5 29 30,1,29,,29936,0,7 29 30,1,66,,29940,0,16 29 30,1,4,,29938,0,7 29 30,1,35,,29941,0,7 29 30,1,61,,29943,0,16 29 30,1,39,,29944,0,7 29 30,1,6,,29946,0,16 29 30,1,94,,29947,0,7 29 30,1,11,,29949,0,16 29 30,1,84,,29950,0,7 29 30,1,12,,29952,0,16 29 30,1,90,,29953,0,7 29 30,1,9,,29955,0,16 29 30,1,98,,29957,,,1,100,,29958,,,1,100,,29959,,,1,100,,29960,,,1,99,,29961,,,1,102,,29962,,,1,100,,29963,,,1,105,,29964,,,1,99,,29965,,,1
2100,'20260408',407,,29966,,,1,35,,29967,,,1,65,,29968,,,1,398,,29970,0,5 29 30,1,24,,29971,0,7 29 30,1,30,,29973,0,7 29 30,1,46,,29975,0,5 29 30,1,29,,29976,0,7 29 30,1,66,,29980,0,16 29 30,1,4,,29978,0,7 29 30,1,35,,29981,0,7 29 30,1,61,,29983,0,16 29 30,1,39,,29984,0,7 29 30,1,6,,29986,0,16 29 30,1,94,,29987,0,7 29 30,1,11,,29989,0,16 29 30,1,84,,29990,0,7 29 30,1,12,,29992,0,16 29 30,1,90,,29993,0,7 29 30,1,9,,29995,0,16 29 30,1,98,,29997,,,1,100,,29998,,,1,100,,29999,,,1,100,,30000,,,1,99,,30001,,,1,102,,30002,,,1,100,,30003,,,1,105,,30004,,,1,99,,30005,,,1
2100,'20260409',407,,30006,,,1,35,,30007,,,1,65,,30008,,,1,398,,30010,0,5 29 30,1,24,,30011,0,7 29 30,1,30,,30013,0,7 29 30,1,46,,30015,0,5 29 30,1,29,,30016,0,7 29 30,1,66,,30020,0,16 29 30,1,4,,30018,0,7 29 30,1,35,,30021,0,7 29 30,1,61,,30023,0,16 29 30,1,39,,30024,0,7 29 30,1,6,,30026,0,16 29 30,1,94,,30027,0,7 29 30,1,11,,30029,0,16 29 30,1,84,,30030,0,7 29 30,1,12,,30032,0,16 29 30,1,90,,30033,0,7 29 30,1,9,,30035,0,16 29 30,1,98,,30037,,,1,100,,30038,,,1,100,,30039,,,1,100,,30040,,,1,99,,30041,,,1,102,,30042,,,1,100,,30043,,,1,105,,30044,,,1,99,,30045,,,1
2100,'20260410',407,,30046,,,1,35,,30047,,,1,65,,30048,,,1,398,,30050,0,5 29 30,1,24,,30051,0,7 29 30,1,30,,30053,0,7 29 30,1,46,,30055,0,5 29 30,1,29,,30056,0,7 29 30,1,66,,30060,0,16 29 30,1,4,,30058,0,7 29 30,1,35,,30061,0,7 29 30,1,61,,30063,0,16 29 30,1,39,,30064,0,7 29 30,1,6,,30066,0,16 29 30,1,94,,30067,0,7 29 30,1,11,,30069,0,16 29 30,1,84,,30070,0,7 29 30,1,12,,30072,0,16 29 30,1,90,,30073,0,7 29 30,1,9,,30075,0,16 29 30,1,98,,30077,,,1,100,,30078,,,1,100,,30079,,,1,100,,30080,,,1,99,,30081,,,1,102,,30082,,,1,100,,30083,,,1,105,,30084,,,1,99,,30085,,,1
2100,'20260411',508,,30086,0,57 29 30,1,100,,30087,0,57 29 30,1,33,,30088,0,57 29 30,1,105,,30089,0,7 29 30,1,100,,30092,0,7 29 30,1,100,,30096,0,7 29 30,1,97,,30100,0,7 29 30,1,101,,30104,0,7 29 30,1,102,,30107,0,7 29 30,1,100,,30110,0,7 29 30,1,100,,30113,0,7 29 30,1,100,,30116,0,7 29 30,1,94,,30119,0,7 29 30,1,99,,30122,0,7 29 30,1,105,,30124,0,7 29 30,1,100,,30126,0,57 29 30,1,95,,30127,0,57 29 30,1,101,,30128,0,57 29 30,1,100,,30129,0,57 29 30,1,104,,30130,0,57 29 30,1,100,,30131,0,57 29 30,1
2100,'20260412',508,,30132,0,57 29 30,1,100,,30133,0,57 29 30,1,33,,30134,0,57 29 30,1,105,,30135,0,7 29 30,1,100,,30138,0,7 29 30,1,100,,30142,0,7 29 30,1,97,,30146,0,7 29 30,1,101,,30150,0,7 29 30,1,102,,30153,0,7 29 30,1,100,,30156,0,7 29 30,1,100,,30159,0,7 29 30,1,100,,30162,0,7 29 30,1,94,,30165,0,7 29 30,1,99,,30168,0,7 29 30,1,105,,30170,0,7 29 30,1,100,,30172,0,57 29 30,1,95,,30173,0,57 29 30,1,101,,30174,0,57 29 30,1,100,,30175,0,57 29 30,1,104,,30176,0,57 29 30,1,100,,30177,0,57 29 30,1
2100,'20260413',407,,30178,,,1,35,,30179,,,1,65,,30180,,,1,398,,30182,0,5 29 30,1,24,,30183,0,7 29 30,1,30,,30185,0,7 29 30,1,46,,30187,0,5 29 30,1,29,,30188,0,7 29 30,1,66,,30192,0,16 29 30,1,4,,30190,0,7 29 30,1,35,,30193,0,7 29 30,1,61,,30195,0,16 29 30,1,39,,30196,0,7 29 30,1,6,,30198,0,16 29 30,1,94,,30199,0,7 29 30,1,11,,30201,0,16 29 30,1,84,,30202,0,7 29 30,1,12,,30204,0,16 29 30,1,90,,30205,0,7 29 30,1,9,,30207,0,16 29 30,1,98,,30209,,,1,100,,30210,,,1,100,,30211,,,1,100,,30212,,,1,99,,30213,,,1,102,,30214,,,1,100,,30215,,,1,105,,30216,,,1,99,,30217,,,1
2100,'20260414',407,,30218,,,1,35,,30219,,,1,65,,30220,,,1,398,,30222,0,5 29 30,1,24,,30223,0,7 29 30,1,30,,30225,0,7 29 30,1,46,,30227,0,5 29 30,1,29,,30228,0,7 29 30,1,66,,30232,0,16 29 30,1,4,,30230,0,7 29 30,1,35,,30233,0,7 29 30,1,61,,30235,0,16 29 30,1,39,,30236,0,7 29 30,1,6,,30238,0,16 29 30,1,94,,30239,0,7 29 30,1,11,,30241,0,16 29 30,1,84,,30242,0,7 29 30,1,12,,30244,0,16 29 30,1,90,,30245,0,7 29 30,1,9,,30247,0,16 29 30,1,98,,30249,,,1,100,,30250,,,1,100,,30251,,,1,100,,30252,,,1,99,,30253,,,1,102,,30254,,,1,100,,30255,,,1,105,,30256,,,1,99,,30257,,,1
2100,'20260415',407,,30258,,,1,35,,30259,,,1,65,,30260,,,1,398,,30262,0,5 29 30,1,24,,30263,0,7 29 30,1,30,,30265,0,7 29 30,1,46,,30267,0,5 29 30,1,29,,30268,0,7 29 30,1,66,,30272,0,16 29 30,1,4,,30270,0,7 29 30,1,35,,30273,0,7 29 30,1,61,,30275,0,16 29 30,1,39,,30276,0,7 29 30,1,6,,30278,0,16 29 30,1,94,,30279,0,7 29 30,1,11,,30281,0,16 29 30,1,84,,30282,0,7 29 30,1,12,,30284,0,16 29 30,1,90,,30285,0,7 29 30,1,9,,30287,0,16 29 30,1,98,,30289,,,1,100,,30290,,,1,100,,30291,,,1,100,,30292,,,1,99,,30293,,,1,102,,30294,,,1,100,,30295,,,1,105,,30296,,,1,99,,30297,,,1
2100,'20260416',407,,30298,,,1,35,,30299,,,1,65,,30300,,,1,398,,30302,0,5 29 30,1,24,,30303,0,7 29 30,1,30,,30305,0,7 29 30,1,46,,30307,0,5 29 30,1,29,,30308,0,7 29 30,1,66,,30312,0,16 29 30,1,4,,30310,0,7 29 30,1,35,,30313,0,7 29 30,1,61,,30315,0,16 29 30,1,39,,30316,0,7 29 30,1,6,,30318,0,16 29 30,1,94,,30319,0,7 29 30,1,11,,30321,0,16 29 30,1,84,,30322,0,7 29 30,1,12,,30324,0,16 29 30,1,90,,30325,0,7 29 30,1,9,,30327,0,16 29 30,1,98,,30329,,,1,100,,30330,,,1,100,,30331,,,1,100,,30332,,,1,99,,30333,,,1,102,,30334,,,1,100,,30335,,,1,105,,30336,,,1,99,,30337,,,1
2100,'20260417',407,,30338,,,1,35,,30339,,,1,65,,30340,,,1,398,,30342,0,5 29 30,1,24,,30343,0,7 29 30,1,30,,30345,0,7 29 30,1,46,,30347,0,5 29 30,1,29,,30348,0,7 29 30,1,66,,30352,0,16 29 30,1,4,,30350,0,7 29 30,1,35,,30353,0,7 29 30,1,61,,30355,0,16 29 30,1,39,,30356,0,7 29 30,1,6,,30358,0,16 29 30,1,94,,30359,0,7 29 30,1,11,,30361,0,16 29 30,1,84,,30362,0,7 29 30,1,12,,30364,0,16 29 30,1,90,,30365,0,7 29 30,1,9,,30367,0,16 29 30,1,98,,30369,,,1,100,,30370,,,1,100,,30371,,,1,100,,30372,,,1,99,,30373,,,1,102,,30374,,,1,100,,30375,,,1,105,,30376,,,1,99,,30377,,,1
2100,'20260418',508,,30378,0,57 29 30,1,100,,30379,0,57 29 30,1,33,,30380,0,57 29 30,1,105,,30381,0,7 29 30,1,100,,30384,0,7 29 30,1,100,,30388,0,7 29 30,1,97,,30392,0,7 29 30,1,101,,30396,0,7 29 30,1,102,,30399,0,7 29 30,1,100,,30402,0,7 29 30,1,100,,30405,0,7 29 30,1,100,,30408,0,7 29 30,1,94,,30411,0,7 29 30,1,99,,30414,0,7 29 30,1,105,,30416,0,7 29 30,1,100,,30418,0,57 29 30,1,95,,30419,0,57 29 30,1,101,,30420,0,57 29 30,1,100,,30421,0,57 29 30,1,104,,30422,0,57 29 30,1,100,,30423,0,57 29 30,1
2100,'20260419',508,,30424,0,57 29 30,1,100,,30425,0,57 29 30,1,33,,30426,0,57 29 30,1,105,,30427,0,7 29 30,1,100,,30430,0,7 29 30,1,100,,30434,0,7 29 30,1,97,,30438,0,7 29 30,1,101,,30442,0,7 29 30,1,102,,30445,0,7 29 30,1,100,,30448,0,7 29 30,1,100,,30451,0,7 29 30,1,100,,30454,0,7 29 30,1,94,,30457,0,7 29 30,1,99,,30460,0,7 29 30,1,105,,30462,0,7 29 30,1,100,,30464,0,57 29 30,1,95,,30465,0,57 29 30,1,101,,30466,0,57 29 30,1,100,,30467,0,57 29 30,1,104,,30468,0,57 29 30,1,100,,30469,0,57 29 30,1
2100,'20260420',407,,30470,,,1,35,,30471,,,1,65,,30472,,,1,398,,30474,0,5 29 30,1,24,,30475,0,7 29 30,1,30,,30477,0,7 29 30,1,46,,30479,0,5 29 30,1,29,,30480,0,7 29 30,1,66,,30484,0,16 29 30,1,4,,30482,0,7 29 30,1,35,,30485,0,7 29 30,1,61,,30487,0,16 29 30,1,39,,30488,0,7 29 30,1,6,,30490,0,16 29 30,1,94,,30491,0,7 29 30,1,11,,30493,0,16 29 30,1,84,,30494,0,7 29 30,1,12,,30496,0,16 29 30,1,90,,30497,0,7 29 30,1,9,,30499,0,16 29 30,1,98,,30501,,,1,100,,30502,,,1,100,,30503,,,1,100,,30504,,,1,99,,30505,,,1,102,,30506,,,1,100,,30507,,,1,105,,30508,,,1,99,,30509,,,1
2100,'20260421',407,,30510,,,1,35,,30511,,,1,65,,30512,,,1,398,,30514,0,5 29 30,1,24,,30515,0,7 29 30,1,30,,30517,0,7 29 30,1,46,,30519,0,5 29 30,1,29,,30520,0,7 29 30,1,66,,30524,0,16 29 30,1,4,,30522,0,7 29 30,1,35,,30525,0,7 29 30,1,61,,30527,0,16 29 30,1,39,,30528,0,7 29 30,1,6,,30530,0,16 29 30,1,94,,30531,0,7 29 30,1,11,,30533,0,16 29 30,1,84,,30534,0,7 29 30,1,12,,30536,0,16 29 30,1,90,,30537,0,7 29 30,1,9,,30539,0,16 29 30,1,98,,30541,,,1,100,,30542,,,1,100,,30543,,,1,100,,30544,,,1,99,,30545,,,1,102,,30546,,,1,100,,30547,,,1,105,,30548,,,1,99,,30549,,,1
2100,'20260422',407,,30550,,,1,35,,30551,,,1,65,,30552,,,1,398,,30554,0,5 29 30,1,24,,30555,0,7 29 30,1,30,,30557,0,7 29 30,1,46,,30559,0,5 29 30,1,29,,30560,0,7 29 30,1,66,,30564,0,16 29 30,1,4,,30562,0,7 29 30,1,35,,30565,0,7 29 30,1,61,,30567,0,16 29 30,1,39,,30568,0,7 29 30,1,6,,30570,0,16 29 30,1,94,,30571,0,7 29 30,1,11,,30573,0,16 29 30,1,84,,30574,0,7 29 30,1,12,,30576,0,16 29 30,1,90,,30577,0,7 29 30,1,9,,30579,0,16 29 30,1,98,,30581,,,1,100,,30582,,,1,100,,30583,,,1,100,,30584,,,1,99,,30585,,,1,102,,30586,,,1,100,,30587,,,1,105,,30588,,,1,99,,30589,,,1
2100,'20260423',407,,30590,,,1,35,,30591,,,1,65,,30592,,,1,398,,30594,0,5 29 30,1,24,,30595,0,7 29 30,1,30,,30597,0,7 29 30,1,46,,30599,0,5 29 30,1,29,,30600,0,7 29 30,1,66,,30604,0,16 29 30,1,4,,30602,0,7 29 30,1,35,,30605,0,7 29 30,1,61,,30607,0,16 29 30,1,39,,30608,0,7 29 30,1,6,,30610,0,16 29 30,1,94,,30611,0,7 29 30,1,11,,30613,0,16 29 30,1,84,,30614,0,7 29 30,1,12,,30616,0,16 29 30,1,90,,30617,0,7 29 30,1,9,,30619,0,16 29 30,1,98,,30621,,,1,100,,30622,,,1,100,,30623,,,1,100,,30624,,,1,99,,30625,,,1,102,,30626,,,1,100,,30627,,,1,105,,30628,,,1,99,,30629,,,1
2100,'20260424',407,,30630,,,1,35,,30631,,,1,65,,30632,,,1,398,,30634,0,5 29 30,1,24,,30635,0,7 29 30,1,30,,30637,0,7 29 30,1,46,,30639,0,5 29 30,1,29,,30640,0,7 29 30,1,66,,30644,0,16 29 30,1,4,,30642,0,7 29 30,1,35,,30645,0,7 29 30,1,61,,30647,0,16 29 30,1,39,,30648,0,7 29 30,1,6,,30650,0,16 29 30,1,94,,30651,0,7 29 30,1,11,,30653,0,16 29 30,1,84,,30654,0,7 29 30,1,12,,30656,0,16 29 30,1,90,,30657,0,7 29 30,1,9,,30659,0,16 29 30,1,98,,30661,,,1,100,,30662,,,1,100,,30663,,,1,100,,30664,,,1,99,,30665,,,1,102,,30666,,,1,100,,30667,,,1,105,,30668,,,1,99,,30669,,,1
2700,'20260205',521,,43945,0,7 6,1,85,,43947,0,7 6,1,22,,43948,0,7 6,1,15,,43949,0,7 6,1,65,,43950,0,7 6,1,25,,43951,0,7 6,1,70,,43952,0,7 6,1,35,,43953,0,7 6,1,105,,43954,0,7 6,1,100,,43955,0,7 6,1,463,,43960,0,7 6,1,35,,43961,0,7 6,1,65,,43962,0,7 6,1,35,,43964,0,7 6,1,75,,43965,0,7 6,1,40,,43966,0,7 6,1,90,,43967,0,7 6,1
2700,'20260206',521,,43971,0,7 6,1,85,,43972,0,7 6,1,22,,43973,0,7 6,1,15,,43974,0,7 6,1,65,,43975,0,7 6,1,25,,43976,0,7 6,1,70,,43977,0,7 6,1,35,,43978,0,7 6,1,105,,43979,0,7 6,1,100,,43980,0,7 6,1,463,,43985,0,7 6,1,35,,43986,0,7 6,1,65,,43987,0,7 6,1,35,,43988,0,7 6,1,75,,43989,0,7 6,1,40,,43990,0,7 6,1,90,,43991,0,7 6,1
2700,'20260207',548,,43995,0,7 6,1
2700,'20260208',548,,44012,0,7 6,1
2700,'20260209',521,,44029,0,7 6,1,85,,44031,0,7 6,1,22,,44032,0,7 6,1,15,,44033,0,7 6,1,65,,44034,0,7 6,1,25,,44035,0,7 6,1,70,,44036,0,7 6,1,35,,44037,0,7 6,1,105,,44038,0,7 6,1,100,,44039,0,7 6,1,463,,44044,0,7 6,1,35,,44045,0,7 6,1,65,,44046,0,7 6,1,35,,44048,0,7 6,1,75,,44049,0,7 6,1,40,,44050,0,7 6,1,90,,44051,0,7 6,1
2700,'20260210',521,,44055,0,7 6,1,85,,44057,0,7 6,1,22,,44058,0,7 6,1,15,,44059,0,7 6,1,65,,44060,0,7 6,1,25,,44061,0,7 6,1,70,,44062,0,7 6,1,35,,44063,0,7 6,1,105,,44064,0,7 6,1,100,,44065,0,7 6,1,463,,44070,0,7 6,1,35,,44071,0,7 6,1,65,,44072,0,7 6,1,35,,44074,0,7 6,1,75,,44075,0,7 6,1,40,,44076,0,7 6,1,90,,44077,0,7 6,1
2700,'20260211',521,,44081,0,7 6,1,85,,44083,0,7 6,1,22,,44084,0,7 6,1,15,,44085,0,7 6,1,65,,44086,0,7 6,1,25,,44087,0,7 6,1,70,,44088,0,7 6,1,35,,44089,0,7 6,1,105,,44090,0,7 6,1,100,,44091,0,7 6,1,463,,44096,0,7 6,1,35,,44097,0,7 6,1,65,,44098,0,7 6,1,35,,44100,0,7 6,1,75,,44101,0,7 6,1,40,,44102,0,7 6,1,90,,44103,0,7 6,1
2700,'20260212',521,,44107,0,7 6,1,85,,44109,0,7 6,1,22,,44110,0,7 6,1,15,,44111,0,7 6,1,65,,44112,0,7 6,1,25,,44113,0,7 6,1,70,,44114,0,7 6,1,35,,44115,0,7 6,1,105,,44116,0,7 6,1,100,,44117,0,7 6,1,463,,44122,0,7 6,1,35,,44123,0,7 6,1,65,,44124,0,7 6,1,35,,44126,0,7 6,1,75,,44127,0,7 6,1,40,,44128,0,7 6,1,90,,44129,0,7 6,1
2700,'20260213',521,,44133,0,7 6,1,85,,44134,0,7 6,1,22,,44135,0,7 6,1,15,,44136,0,7 6,1,65,,44137,0,7 6,1,25,,44138,0,7 6,1,70,,44139,0,7 6,1,35,,44140,0,7 6,1,105,,44141,0,7 6,1,100,,44142,0,7 6,1,463,,44147,0,7 6,1,35,,44148,0,7 6,1,65,,44149,0,7 6,1,35,,44150,0,7 6,1,75,,44151,0,7 6,1,40,,44152,0,7 6,1,90,,44153,0,7 6,1
2700,'20260214',548,,44157,0,7 6,1
2700,'20260215',548,,44174,0,7 6,1
2700,'20260216',548,,44191,0,7 6,1
2700,'20260217',521,,44208,0,7 6,1,85,,44210,0,7 6,1,22,,44211,0,7 6,1,15,,44212,0,7 6,1,65,,44213,0,7 6,1,25,,44214,0,7 6,1,70,,44215,0,7 6,1,35,,44216,0,7 6,1,105,,44217,0,7 6,1,100,,44218,0,7 6,1,463,,44223,0,7 6,1,35,,44224,0,7 6,1,65,,44225,0,7 6,1,35,,44227,0,7 6,1,75,,44228,0,7 6,1,40,,44229,0,7 6,1,90,,44230,0,7 6,1
2700,'20260218',521,,44234,0,7 6,1,85,,44236,0,7 6,1,22,,44237,0,7 6,1,15,,44238,0,7 6,1,65,,44239,0,7 6,1,25,,44240,0,7 6,1,70,,44241,0,7 6,1,35,,44242,0,7 6,1,105,,44243,0,7 6,1,100,,44244,0,7 6,1,463,,44249,0,7 6,1,35,,44250,0,7 6,1,65,,44251,0,7 6,1,35,,44253,0,7 6,1,75,,44254,0,7 6,1,40,,44255,0,7 6,1,90,,44256,0,7 6,1
2700,'20260219',521,,44260,0,7 6,1,85,,44262,0,7 6,1,22,,44263,0,7 6,1,15,,44264,0,7 6,1,65,,44265,0,7 6,1,25,,44266,0,7 6,1,70,,44267,0,7 6,1,35,,44268,0,7 6,1,105,,44269,0,7 6,1,100,,44270,0,7 6,1,463,,44275,0,7 6,1,35,,44276,0,7 6,1,65,,44277,0,7 6,1,35,,44279,0,7 6,1,75,,44280,0,7 6,1,40,,44281,0,7 6,1,90,,44282,0,7 6,1
2700,'20260220',521,,44286,0,7 6,1,85,,44287,0,7 6,1,22,,44288,0,7 6,1,15,,44289,0,7 6,1,65,,44290,0,7 6,1,25,,44291,0,7 6,1,70,,44292,0,7 6,1,35,,44293,0,7 6,1,105,,44294,0,7 6,1,100,,44295,0,7 6,1,463,,44300,0,7 6,1,35,,44301,0,7 6,1,65,,44302,0,7 6,1,35,,44303,0,7 6,1,75,,44304,0,7 6,1,40,,44305,0,7 6,1,90,,44306,0,7 6,1
2700,'20260221',548,,44310,0,7 6,1
2700,'20260222',548,,44327,0,7 6,1
2700,'20260223',521,,44344,0,7 6,1,85,,44346,0,7 6,1,22,,44347,0,7 6,1,15,,44348,0,7 6,1,65,,44349,0,7 6,1,25,,44350,0,7 6,1,70,,44351,0,7 6,1,35,,44352,0,7 6,1,105,,44353,0,7 6,1,100,,44354,0,7 6,1,463,,44359,0,7 6,1,35,,44360,0,7 6,1,65,,44361,0,7 6,1,35,,44363,0,7 6,1,75,,44364,0,7 6,1,40,,44365,0,7 6,1,90,,44366,0,7 6,1
2700,'20260224',521,,44370,0,7 6,1,85,,44372,0,7 6,1,22,,44373,0,7 6,1,15,,44374,0,7 6,1,65,,44375,0,7 6,1,25,,44376,0,7 6,1,70,,44377,0,7 6,1,35,,44378,0,7 6,1,105,,44379,0,7 6,1,100,,44380,0,7 6,1,463,,44385,0,7 6,1,35,,44386,0,7 6,1,65,,44387,0,7 6,1,35,,44389,0,7 6,1,75,,44390,0,7 6,1,40,,44391,0,7 6,1,90,,44392,0,7 6,1
2700,'20260225',521,,44396,0,7 6,1,85,,44398,0,7 6,1,22,,44399,0,7 6,1,15,,44400,0,7 6,1,65,,44401,0,7 6,1,25,,44402,0,7 6,1,70,,44403,0,7 6,1,35,,44404,0,7 6,1,105,,44405,0,7 6,1,100,,44406,0,7 6,1,463,,44411,0,7 6,1,35,,44412,0,7 6,1,65,,44413,0,7 6,1,35,,44415,0,7 6,1,75,,44416,0,7 6,1,40,,44417,0,7 6,1,90,,44418,0,7 6,1
2700,'20260226',521,,44422,0,7 6,1,85,,44424,0,7 6,1,22,,44425,0,7 6,1,15,,44426,0,7 6,1,65,,44427,0,7 6,1,25,,44428,0,7 6,1,70,,44429,0,7 6,1,35,,44430,0,7 6,1,105,,44431,0,7 6,1,100,,44432,0,7 6,1,463,,44437,0,7 6,1,35,,44438,0,7 6,1,65,,44439,0,7 6,1,35,,44441,0,7 6,1,75,,44442,0,7 6,1,40,,44443,0,7 6,1,90,,44444,0,7 6,1
2700,'20260227',521,,44448,0,7 6,1,85,,44449,0,7 6,1,22,,44450,0,7 6,1,15,,44451,0,7 6,1,65,,44452,0,7 6,1,25,,44453,0,7 6,1,70,,44454,0,7 6,1,35,,44455,0,7 6,1,105,,44456,0,7 6,1,100,,44457,0,7 6,1,463,,44462,0,7 6,1,35,,44463,0,7 6,1,65,,44464,0,7 6,1,35,,44465,0,7 6,1,75,,44466,0,7 6,1,40,,44467,0,7 6,1,90,,44468,0,7 6,1
2700,'20260228',548,,44472,0,7 6,1
2700,'20260301',548,,44489,0,7 6,1
2700,'20260302',521,,44506,0,7 6,1,85,,44508,0,7 6,1,22,,44509,0,7 6,1,15,,44510,0,7 6,1,65,,44511,0,7 6,1,25,,44512,0,7 6,1,70,,44513,0,7 6,1,35,,44514,0,7 6,1,105,,44515,0,7 6,1,100,,44516,0,7 6,1,463,,44521,0,7 6,1,35,,44522,0,7 6,1,65,,44523,0,7 6,1,35,,44525,0,7 6,1,75,,44526,0,7 6,1,40,,44527,0,7 6,1,90,,44528,0,7 6,1
2700,'20260303',521,,44532,0,7 6,1,85,,44534,0,7 6,1,22,,44535,0,7 6,1,15,,44536,0,7 6,1,65,,44537,0,7 6,1,25,,44538,0,7 6,1,70,,44539,0,7 6,1,35,,44540,0,7 6,1,105,,44541,0,7 6,1,100,,44542,0,7 6,1,463,,44547,0,7 6,1,35,,44548,0,7 6,1,65,,44549,0,7 6,1,35,,44551,0,7 6,1,75,,44552,0,7 6,1,40,,44553,0,7 6,1,90,,44554,0,7 6,1
2700,'20260304',521,,44558,0,7 6,1,85,,44560,0,7 6,1,22,,44561,0,7 6,1,15,,44562,0,7 6,1,65,,44563,0,7 6,1,25,,44564,0,7 6,1,70,,44565,0,7 6,1,35,,44566,0,7 6,1,105,,44567,0,7 6,1,100,,44568,0,7 6,1,463,,44573,0,7 6,1,35,,44574,0,7 6,1,65,,44575,0,7 6,1,35,,44577,0,7 6,1,75,,44578,0,7 6,1,40,,44579,0,7 6,1,90,,44580,0,7 6,1
2700,'20260305',521,,44584,0,7 6,1,85,,44586,0,7 6,1,22,,44587,0,7 6,1,15,,44588,0,7 6,1,65,,44589,0,7 6,1,25,,44590,0,7 6,1,70,,44591,0,7 6,1,35,,44592,0,7 6,1,105,,44593,0,7 6,1,100,,44594,0,7 6,1,463,,44599,0,7 6,1,35,,44600,0,7 6,1,65,,44601,0,7 6,1,35,,44603,0,7 6,1,75,,44604,0,7 6,1,40,,44605,0,7 6,1,90,,44606,0,7 6,1
2700,'20260306',521,,44610,0,7 6,1,85,,44611,0,7 6,1,22,,44612,0,7 6,1,15,,44613,0,7 6,1,65,,44614,0,7 6,1,25,,44615,0,7 6,1,70,,44616,0,7 6,1,35,,44617,0,7 6,1,105,,44618,0,7 6,1,100,,44619,0,7 6,1,463,,44624,0,7 6,1,35,,44625,0,7 6,1,65,,44626,0,7 6,1,35,,44627,0,7 6,1,75,,44628,0,7 6,1,40,,44629,0,7 6,1,90,,44630,0,7 6,1
2700,'20260307',548,,44634,0,7 6,1
2700,'20260308',548,,44651,0,7 6,1
2700,'20260309',521,,44668,0,7 6,1,85,,44670,0,7 6,1,22,,44671,0,7 6,1,15,,44672,0,7 6,1,65,,44673,0,7 6,1,25,,44674,0,7 6,1,70,,44675,0,7 6,1,35,,44676,0,7 6,1,105,,44677,0,7 6,1,100,,44678,0,7 6,1,463,,44683,0,7 6,1,35,,44684,0,7 6,1,65,,44685,0,7 6,1,35,,44687,0,7 6,1,75,,44688,0,7 6,1,40,,44689,0,7 6,1,90,,44690,0,7 6,1
2700,'20260310',521,,44694,0,7 6,1,85,,44696,0,7 6,1,22,,44697,0,7 6,1,15,,44698,0,7 6,1,65,,44699,0,7 6,1,25,,44700,0,7 6,1,70,,44701,0,7 6,1,35,,44702,0,7 6,1,105,,44703,0,7 6,1,100,,44704,0,7 6,1,463,,44709,0,7 6,1,35,,44710,0,7 6,1,65,,44711,0,7 6,1,35,,44713,0,7 6,1,75,,44714,0,7 6,1,40,,44715,0,7 6,1,90,,44716,0,7 6,1
2700,'20260311',521,,44720,0,7 6,1,85,,44722,0,7 6,1,22,,44723,0,7 6,1,15,,44724,0,7 6,1,65,,44725,0,7 6,1,25,,44726,0,7 6,1,70,,44727,0,7 6,1,35,,44728,0,7 6,1,105,,44729,0,7 6,1,100,,44730,0,7 6,1,463,,44735,0,7 6,1,35,,44736,0,7 6,1,65,,44737,0,7 6,1,35,,44739,0,7 6,1,75,,44740,0,7 6,1,40,,44741,0,7 6,1,90,,44742,0,7 6,1
2700,'20260312',521,,44746,0,7 6,1,85,,44748,0,7 6,1,22,,44749,0,7 6,1,15,,44750,0,7 6,1,65,,44751,0,7 6,1,25,,44752,0,7 6,1,70,,44753,0,7 6,1,35,,44754,0,7 6,1,105,,44755,0,7 6,1,100,,44756,0,7 6,1,463,,44761,0,7 6,1,35,,44762,0,7 6,1,65,,44763,0,7 6,1,35,,44765,0,7 6,1,75,,44766,0,7 6,1,40,,44767,0,7 6,1,90,,44768,0,7 6,1
2700,'20260313',521,,44772,0,7 6,1,85,,44773,0,7 6,1,22,,44774,0,7 6,1,15,,44775,0,7 6,1,65,,44776,0,7 6,1,25,,44777,0,7 6,1,70,,44778,0,7 6,1,35,,44779,0,7 6,1,105,,44780,0,7 6,1,100,,44781,0,7 6,1,463,,44786,0,7 6,1,35,,44787,0,7 6,1,65,,44788,0,7 6,1,35,,44789,0,7 6,1,75,,44790,0,7 6,1,40,,44791,0,7 6,1,90,,44792,0,7 6,1
2700,'20260314',548,,44796,0,7 6,1
2700,'20260315',548,,44813,0,7 6,1
2700,'20260316',521,,44830,0,7 6,1,85,,44832,0,7 6,1,22,,44833,0,7 6,1,15,,44834,0,7 6,1,65,,44835,0,7 6,1,25,,44836,0,7 6,1,70,,44837,0,7 6,1,35,,44838,0,7 6,1,105,,44839,0,7 6,1,100,,44840,0,7 6,1,463,,44845,0,7 6,1,35,,44846,0,7 6,1,65,,44847,0,7 6,1,35,,44849,0,7 6,1,75,,44850,0,7 6,1,40,,44851,0,7 6,1,90,,44852,0,7 6,1
2700,'20260317',521,,44856,0,7 6,1,85,,44858,0,7 6,1,22,,44859,0,7 6,1,15,,44860,0,7 6,1,65,,44861,0,7 6,1,25,,44862,0,7 6,1,70,,44863,0,7 6,1,35,,44864,0,7 6,1,105,,44865,0,7 6,1,100,,44866,0,7 6,1,463,,44871,0,7 6,1,35,,44872,0,7 6,1,65,,44873,0,7 6,1,35,,44875,0,7 6,1,75,,44876,0,7 6,1,40,,44877,0,7 6,1,90,,44878,0,7 6,1
2700,'20260318',521,,44882,0,7 6,1,85,,44884,0,7 6,1,22,,44885,0,7 6,1,15,,44886,0,7 6,1,65,,44887,0,7 6,1,25,,44888,0,7 6,1,70,,44889,0,7 6,1,35,,44890,0,7 6,1,105,,44891,0,7 6,1,100,,44892,0,7 6,1,463,,44897,0,7 6,1,35,,44898,0,7 6,1,65,,44899,0,7 6,1,35,,44901,0,7 6,1,75,,44902,0,7 6,1,40,,44903,0,7 6,1,90,,44904,0,7 6,1
2700,'20260319',521,,44908,0,7 6,1,85,,44910,0,7 6,1,22,,44911,0,7 6,1,15,,44912,0,7 6,1,65,,44913,0,7 6,1,25,,44914,0,7 6,1,70,,44915,0,7 6,1,35,,44916,0,7 6,1,105,,44917,0,7 6,1,100,,44918,0,7 6,1,463,,44923,0,7 6,1,35,,44924,0,7 6,1,65,,44925,0,7 6,1,35,,44927,0,7 6,1,75,,44928,0,7 6,1,40,,44929,0,7 6,1,90,,44930,0,7 6,1
2700,'20260320',521,,44934,0,7 6,1,85,,44935,0,7 6,1,22,,44936,0,7 6,1,15,,44937,0,7 6,1,65,,44938,0,7 6,1,25,,44939,0,7 6,1,70,,44940,0,7 6,1,35,,44941,0,7 6,1,105,,44942,0,7 6,1,100,,44943,0,7 6,1,463,,44948,0,7 6,1,35,,44949,0,7 6,1,65,,44950,0,7 6,1,35,,44951,0,7 6,1,75,,44952,0,7 6,1,40,,44953,0,7 6,1,90,,44954,0,7 6,1
2700,'20260321',548,,44958,0,7 6,1
2700,'20260322',548,,44975,0,7 6,1
2700,'20260323',521,,44992,0,7 6,1,85,,44994,0,7 6,1,22,,44995,0,7 6,1,15,,44996,0,7 6,1,65,,44997,0,7 6,1,25,,44998,0,7 6,1,70,,44999,0,7 6,1,35,,45000,0,7 6,1,105,,45001,0,7 6,1,100,,45002,0,7 6,1,463,,45007,0,7 6,1,35,,45008,0,7 6,1,65,,45009,0,7 6,1,35,,45011,0,7 6,1,75,,45012,0,7 6,1,40,,45013,0,7 6,1,90,,45014,0,7 6,1
2700,'20260324',521,,45018,0,7 6,1,85,,45020,0,7 6,1,22,,45021,0,7 6,1,15,,45022,0,7 6,1,65,,45023,0,7 6,1,25,,45024,0,7 6,1,70,,45025,0,7 6,1,35,,45026,0,7 6,1,105,,45027,0,7 6,1,100,,45028,0,7 6,1,463,,45033,0,7 6,1,35,,45034,0,7 6,1,65,,45035,0,7 6,1,35,,45037,0,7 6,1,75,,45038,0,7 6,1,40,,45039,0,7 6,1,90,,45040,0,7 6,1
2700,'20260325',521,,45044,0,7 6,1,85,,45046,0,7 6,1,22,,45047,0,7 6,1,15,,45048,0,7 6,1,65,,45049,0,7 6,1,25,,45050,0,7 6,1,70,,45051,0,7 6,1,35,,45052,0,7 6,1,105,,45053,0,7 6,1,100,,45054,0,7 6,1,463,,45059,0,7 6,1,35,,45060,0,7 6,1,65,,45061,0,7 6,1,35,,45063,0,7 6,1,75,,45064,0,7 6,1,40,,45065,0,7 6,1,90,,45066,0,7 6,1
2700,'20260326',521,,45070,0,7 6,1,85,,45072,0,7 6,1,22,,45073,0,7 6,1,15,,45074,0,7 6,1,65,,45075,0,7 6,1,25,,45076,0,7 6,1,70,,45077,0,7 6,1,35,,45078,0,7 6,1,105,,45079,0,7 6,1,100,,45080,0,7 6,1,463,,45085,0,7 6,1,35,,45086,0,7 6,1,65,,45087,0,7 6,1,35,,45089,0,7 6,1,75,,45090,0,7 6,1,40,,45091,0,7 6,1,90,,45092,0,7 6,1
2700,'20260327',521,,45096,0,7 6,1,85,,45097,0,7 6,1,22,,45098,0,7 6,1,15,,45099,0,7 6,1,65,,45100,0,7 6,1,25,,45101,0,7 6,1,70,,45102,0,7 6,1,35,,45103,0,7 6,1,105,,45104,0,7 6,1,100,,45105,0,7 6,1,463,,45110,0,7 6,1,35,,45111,0,7 6,1,65,,45112,0,7 6,1,35,,45113,0,7 6,1,75,,45114,0,7 6,1,40,,45115,0,7 6,1,90,,45116,0,7 6,1
2700,'20260328',548,,45120,0,7 6,1
2700,'20260329',548,,45137,0,7 6,1
2700,'20260330',521,,45154,0,7 6,1,85,,45156,0,7 6,1,22,,45157,0,7 6,1,15,,45158,0,7 6,1,65,,45159,0,7 6,1,25,,45160,0,7 6,1,70,,45161,0,7 6,1,35,,45162,0,7 6,1,105,,45163,0,7 6,1,100,,45164,0,7 6,1,463,,45169,0,7 6,1,35,,45170,0,7 6,1,65,,45171,0,7 6,1,35,,45173,0,7 6,1,75,,45174,0,7 6,1,40,,45175,0,7 6,1,90,,45176,0,7 6,1
2700,'20260331',521,,45180,0,7 6,1,85,,45182,0,7 6,1,22,,45183,0,7 6,1,15,,45184,0,7 6,1,65,,45185,0,7 6,1,25,,45186,0,7 6,1,70,,45187,0,7 6,1,35,,45188,0,7 6,1,105,,45189,0,7 6,1,100,,45190,0,7 6,1,463,,45195,0,7 6,1,35,,45196,0,7 6,1,65,,45197,0,7 6,1,35,,45199,0,7 6,1,75,,45200,0,7 6,1,40,,45201,0,7 6,1,90,,45202,0,7 6,1
2700,'20260401',521,,45206,0,7 6,1,85,,45208,0,7 6,1,22,,45209,0,7 6,1,15,,45210,0,7 6,1,65,,45211,0,7 6,1,25,,45212,0,7 6,1,70,,45213,0,7 6,1,35,,45214,0,7 6,1,105,,45215,0,7 6,1,100,,45216,0,7 6,1,463,,45221,0,7 6,1,35,,45222,0,7 6,1,65,,45223,0,7 6,1,35,,45225,0,7 6,1,75,,45226,0,7 6,1,40,,45227,0,7 6,1,90,,45228,0,7 6,1
2700,'20260402',521,,45232,0,7 6,1,85,,45234,0,7 6,1,22,,45235,0,7 6,1,15,,45236,0,7 6,1,65,,45237,0,7 6,1,25,,45238,0,7 6,1,70,,45239,0,7 6,1,35,,45240,0,7 6,1,105,,45241,0,7 6,1,100,,45242,0,7 6,1,463,,45247,0,7 6,1,35,,45248,0,7 6,1,65,,45249,0,7 6,1,35,,45251,0,7 6,1,75,,45252,0,7 6,1,40,,45253,0,7 6,1,90,,45254,0,7 6,1
2700,'20260403',548,,45258,0,7 6,1
2700,'20260404',548,,45275,0,7 6,1
2700,'20260405',548,,45292,0,7 6,1
2700,'20260406',521,,45309,0,7 6,1,85,,45311,0,7 6,1,22,,45312,0,7 6,1,15,,45313,0,7 6,1,65,,45314,0,7 6,1,25,,45315,0,7 6,1,70,,45316,0,7 6,1,35,,45317,0,7 6,1,105,,45318,0,7 6,1,100,,45319,0,7 6,1,463,,45324,0,7 6,1,35,,45325,0,7 6,1,65,,45326,0,7 6,1,35,,45328,0,7 6,1,75,,45329,0,7 6,1,40,,45330,0,7 6,1,90,,45331,0,7 6,1
2700,'20260407',521,,45335,0,7 6,1,85,,45337,0,7 6,1,22,,45338,0,7 6,1,15,,45339,0,7 6,1,65,,45340,0,7 6,1,25,,45341,0,7 6,1,70,,45342,0,7 6,1,35,,45343,0,7 6,1,105,,45344,0,7 6,1,100,,45345,0,7 6,1,463,,45350,0,7 6,1,35,,45351,0,7 6,1,65,,45352,0,7 6,1,35,,45354,0,7 6,1,75,,45355,0,7 6,1,40,,45356,0,7 6,1,90,,45357,0,7 6,1
2700,'20260408',521,,45361,0,7 6,1,85,,45363,0,7 6,1,22,,45364,0,7 6,1,15,,45365,0,7 6,1,65,,45366,0,7 6,1,25,,45367,0,7 6,1,70,,45368,0,7 6,1,35,,45369,0,7 6,1,105,,45370,0,7 6,1,100,,45371,0,7 6,1,463,,45376,0,7 6,1,35,,45377,0,7 6,1,65,,45378,0,7 6,1,35,,45380,0,7 6,1,75,,45381,0,7 6,1,40,,45382,0,7 6,1,90,,45383,0,7 6,1
2700,'20260409',521,,45387,0,7 6,1,85,,45389,0,7 6,1,22,,45390,0,7 6,1,15,,45391,0,7 6,1,65,,45392,0,7 6,1,25,,45393,0,7 6,1,70,,45394,0,7 6,1,35,,45395,0,7 6,1,105,,45396,0,7 6,1,100,,45397,0,7 6,1,463,,45402,0,7 6,1,35,,45403,0,7 6,1,65,,45404,0,7 6,1,35,,45406,0,7 6,1,75,,45407,0,7 6,1,40,,45408,0,7 6,1,90,,45409,0,7 6,1
2700,'20260410',521,,45413,0,7 6,1,85,,45414,0,7 6,1,22,,45415,0,7 6,1,15,,45416,0,7 6,1,65,,45417,0,7 6,1,25,,45418,0,7 6,1,70,,45419,0,7 6,1,35,,45420,0,7 6,1,105,,45421,0,7 6,1,100,,45422,0,7 6,1,463,,45427,0,7 6,1,35,,45428,0,7 6,1,65,,45429,0,7 6,1,35,,45430,0,7 6,1,75,,45431,0,7 6,1,40,,45432,0,7 6,1,90,,45433,0,7 6,1
2700,'20260411',548,,45437,0,7 6,1
2700,'20260412',548,,45454,0,7 6,1
2700,'20260413',521,,45471,0,7 6,1,85,,45473,0,7 6,1,22,,45474,0,7 6,1,15,,45475,0,7 6,1,65,,45476,0,7 6,1,25,,45477,0,7 6,1,70,,45478,0,7 6,1,35,,45479,0,7 6,1,105,,45480,0,7 6,1,100,,45481,0,7 6,1,463,,45486,0,7 6,1,35,,45487,0,7 6,1,65,,45488,0,7 6,1,35,,45490,0,7 6,1,75,,45491,0,7 6,1,40,,45492,0,7 6,1,90,,45493,0,7 6,1
2700,'20260414',521,,45497,0,7 6,1,85,,45499,0,7 6,1,22,,45500,0,7 6,1,15,,45501,0,7 6,1,65,,45502,0,7 6,1,25,,45503,0,7 6,1,70,,45504,0,7 6,1,35,,45505,0,7 6,1,105,,45506,0,7 6,1,100,,45507,0,7 6,1,463,,45512,0,7 6,1,35,,45513,0,7 6,1,65,,45514,0,7 6,1,35,,45516,0,7 6,1,75,,45517,0,7 6,1,40,,45518,0,7 6,1,90,,45519,0,7 6,1
2700,'20260415',521,,45523,0,7 6,1,85,,45525,0,7 6,1,22,,45526,0,7 6,1,15,,45527,0,7 6,1,65,,45528,0,7 6,1,25,,45529,0,7 6,1,70,,45530,0,7 6,1,35,,45531,0,7 6,1,105,,45532,0,7 6,1,100,,45533,0,7 6,1,463,,45538,0,7 6,1,35,,45539,0,7 6,1,65,,45540,0,7 6,1,35,,45542,0,7 6,1,75,,45543,0,7 6,1,40,,45544,0,7 6,1,90,,45545,0,7 6,1
2700,'20260416',521,,45549,0,7 6,1,85,,45551,0,7 6,1,22,,45552,0,7 6,1,15,,45553,0,7 6,1,65,,45554,0,7 6,1,25,,45555,0,7 6,1,70,,45556,0,7 6,1,35,,45557,0,7 6,1,105,,45558,0,7 6,1,100,,45559,0,7 6,1,463,,45564,0,7 6,1,35,,45565,0,7 6,1,65,,45566,0,7 6,1,35,,45568,0,7 6,1,75,,45569,0,7 6,1,40,,45570,0,7 6,1,90,,45571,0,7 6,1
2700,'20260417',521,,45575,0,7 6,1,85,,45576,0,7 6,1,22,,45577,0,7 6,1,15,,45578,0,7 6,1,65,,45579,0,7 6,1,25,,45580,0,7 6,1,70,,45581,0,7 6,1,35,,45582,0,7 6,1,105,,45583,0,7 6,1,100,,45584,0,7 6,1,463,,45589,0,7 6,1,35,,45590,0,7 6,1,65,,45591,0,7 6,1,35,,45592,0,7 6,1,75,,45593,0,7 6,1,40,,45594,0,7 6,1,90,,45595,0,7 6,1
2700,'20260418',548,,45599,0,7 6,1
2700,'20260419',548,,45616,0,7 6,1
2700,'20260420',521,,45633,0,7 6,1,85,,45635,0,7 6,1,22,,45636,0,7 6,1,15,,45637,0,7 6,1,65,,45638,0,7 6,1,25,,45639,0,7 6,1,70,,45640,0,7 6,1,35,,45641,0,7 6,1,105,,45642,0,7 6,1,100,,45643,0,7 6,1,463,,45648,0,7 6,1,35,,45649,0,7 6,1,65,,45650,0,7 6,1,35,,45652,0,7 6,1,75,,45653,0,7 6,1,40,,45654,0,7 6,1,90,,45655,0,7 6,1
2700,'20260421',521,,45659,0,7 6,1,85,,45661,0,7 6,1,22,,45662,0,7 6,1,15,,45663,0,7 6,1,65,,45664,0,7 6,1,25,,45665,0,7 6,1,70,,45666,0,7 6,1,35,,45667,0,7 6,1,105,,45668,0,7 6,1,100,,45669,0,7 6,1,463,,45674,0,7 6,1,35,,45675,0,7 6,1,65,,45676,0,7 6,1,35,,45678,0,7 6,1,75,,45679,0,7 6,1,40,,45680,0,7 6,1,90,,45681,0,7 6,1
2700,'20260422',521,,45685,0,7 6,1,85,,45687,0,7 6,1,22,,45688,0,7 6,1,15,,45689,0,7 6,1,65,,45690,0,7 6,1,25,,45691,0,7 6,1,70,,45692,0,7 6,1,35,,45693,0,7 6,1,105,,45694,0,7 6,1,100,,45695,0,7 6,1,463,,45700,0,7 6,1,35,,45701,0,7 6,1,65,,45702,0,7 6,1,35,,45704,0,7 6,1,75,,45705,0,7 6,1,40,,45706,0,7 6,1,90,,45707,0,7 6,1
2700,'20260423',521,,45711,0,7 6,1,85,,45713,0,7 6,1,22,,45714,0,7 6,1,15,,45715,0,7 6,1,65,,45716,0,7 6,1,25,,45717,0,7 6,1,70,,45718,0,7 6,1,35,,45719,0,7 6,1,105,,45720,0,7 6,1,100,,45721,0,7 6,1,463,,45726,0,7 6,1,35,,45727,0,7 6,1,65,,45728,0,7 6,1,35,,45730,0,7 6,1,75,,45731,0,7 6,1,40,,45732,0,7 6,1,90,,45733,0,7 6,1
2700,'20260424',521,,45737,0,7 6,1,85,,45738,0,7 6,1,22,,45739,0,7 6,1,15,,45740,0,7 6,1,65,,45741,0,7 6,1,25,,45742,0,7 6,1,70,,45743,0,7 6,1,35,,45744,0,7 6,1,105,,45745,0,7 6,1,100,,45746,0,7 6,1,463,,45751,0,7 6,1,35,,45752,0,7 6,1,65,,45753,0,7 6,1,35,,45754,0,7 6,1,75,,45755,0,7 6,1,40,,45756,0,7 6,1,90,,45757,0,7 6,1
4800,'20260205',531,,106096,,,1,92,,106097,,,1,98,,106098,,,1,92,,106099,,,1,107,,106100,,,1,105,,106101,,,1,100,,106102,,,1,100,,106103,,,1,100,,106104,,,1,100,,106105,,,1,88,,106106,,,1,95,,106107,,,1,105,,106108,,,1,110,,106109,,,1,100,,106110,,,1,205,,106111,,,1,208,,106112,,,1
4800,'20260206',531,,106113,,,1,92,,106114,,,1,98,,106115,,,1,92,,106116,,,1,107,,106117,,,1,105,,106118,,,1,100,,106119,,,1,100,,106120,,,1,100,,106121,,,1,100,,106122,,,1,88,,106123,,,1,95,,106124,,,1,105,,106125,,,1,110,,106126,,,1,100,,106127,,,1,205,,106128,,,1,208,,106129,,,1
4800,'20260209',531,,106130,,,1,92,,106131,,,1,98,,106132,,,1,92,,106133,,,1,107,,106134,,,1,105,,106135,,,1,100,,106136,,,1,100,,106137,,,1,100,,106138,,,1,100,,106139,,,1,88,,106140,,,1,95,,106141,,,1,105,,106142,,,1,110,,106143,,,1,100,,106144,,,1,205,,106145,,,1,208,,106146,,,1
4800,'20260210',531,,106147,,,1,92,,106148,,,1,98,,106149,,,1,92,,106150,,,1,107,,106151,,,1,105,,106152,,,1,100,,106153,,,1,100,,106154,,,1,100,,106155,,,1,100,,106156,,,1,88,,106157,,,1,95,,106158,,,1,105,,106159,,,1,110,,106160,,,1,100,,106161,,,1,205,,106162,,,1,208,,106163,,,1
4800,'20260211',531,,106164,,,1,92,,106165,,,1,98,,106166,,,1,92,,106167,,,1,107,,106168,,,1,105,,106169,,,1,100,,106170,,,1,100,,106171,,,1,100,,106172,,,1,100,,106173,,,1,88,,106174,,,1,95,,106175,,,1,105,,106176,,,1,110,,106177,,,1,100,,106178,,,1,205,,106179,,,1,208,,106180,,,1
4800,'20260212',531,,106181,,,1,92,,106182,,,1,98,,106183,,,1,92,,106184,,,1,107,,106185,,,1,105,,106186,,,1,100,,106187,,,1,100,,106188,,,1,100,,106189,,,1,100,,106190,,,1,88,,106191,,,1,95,,106192,,,1,105,,106193,,,1,110,,106194,,,1,100,,106195,,,1,205,,106196,,,1,208,,106197,,,1
4800,'20260213',531,,106198,,,1,92,,106199,,,1,98,,106200,,,1,92,,106201,,,1,107,,106202,,,1,105,,106203,,,1,100,,106204,,,1,100,,106205,,,1,100,,106206,,,1,100,,106207,,,1,88,,106208,,,1,95,,106209,,,1,105,,106210,,,1,110,,106211,,,1,100,,106212,,,1,205,,106213,,,1,208,,106214,,,1
4800,'20260217',531,,106215,,,1,92,,106216,,,1,98,,106217,,,1,92,,106218,,,1,107,,106219,,,1,105,,106220,,,1,100,,106221,,,1,100,,106222,,,1,100,,106223,,,1,100,,106224,,,1,88,,106225,,,1,95,,106226,,,1,105,,106227,,,1,110,,106228,,,1,100,,106229,,,1,205,,106230,,,1,208,,106231,,,1
4800,'20260218',531,,106232,,,1,92,,106233,,,1,98,,106234,,,1,92,,106235,,,1,107,,106236,,,1,105,,106237,,,1,100,,106238,,,1,100,,106239,,,1,100,,106240,,,1,100,,106241,,,1,88,,106242,,,1,95,,106243,,,1,105,,106244,,,1,110,,106245,,,1,100,,106246,,,1,205,,106247,,,1,208,,106248,,,1
4800,'20260219',531,,106249,,,1,92,,106250,,,1,98,,106251,,,1,92,,106252,,,1,107,,106253,,,1,105,,106254,,,1,100,,106255,,,1,100,,106256,,,1,100,,106257,,,1,100,,106258,,,1,88,,106259,,,1,95,,106260,,,1,105,,106261,,,1,110,,106262,,,1,100,,106263,,,1,205,,106264,,,1,208,,106265,,,1
4800,'20260220',531,,106266,,,1,92,,106267,,,1,98,,106268,,,1,92,,106269,,,1,107,,106270,,,1,105,,106271,,,1,100,,106272,,,1,100,,106273,,,1,100,,106274,,,1,100,,106275,,,1,88,,106276,,,1,95,,106277,,,1,105,,106278,,,1,110,,106279,,,1,100,,106280,,,1,205,,106281,,,1,208,,106282,,,1
4800,'20260223',531,,106283,,,1,92,,106284,,,1,98,,106285,,,1,92,,106286,,,1,107,,106287,,,1,105,,106288,,,1,100,,106289,,,1,100,,106290,,,1,100,,106291,,,1,100,,106292,,,1,88,,106293,,,1,95,,106294,,,1,105,,106295,,,1,110,,106296,,,1,100,,106297,,,1,205,,106298,,,1,208,,106299,,,1
4800,'20260224',531,,106300,,,1,92,,106301,,,1,98,,106302,,,1,92,,106303,,,1,107,,106304,,,1,105,,106305,,,1,100,,106306,,,1,100,,106307,,,1,100,,106308,,,1,100,,106309,,,1,88,,106310,,,1,95,,106311,,,1,105,,106312,,,1,110,,106313,,,1,100,,106314,,,1,205,,106315,,,1,208,,106316,,,1
4800,'20260225',531,,106317,,,1,92,,106318,,,1,98,,106319,,,1,92,,106320,,,1,107,,106321,,,1,105,,106322,,,1,100,,106323,,,1,100,,106324,,,1,100,,106325,,,1,100,,106326,,,1,88,,106327,,,1,95,,106328,,,1,105,,106329,,,1,110,,106330,,,1,100,,106331,,,1,205,,106332,,,1,208,,106333,,,1
4800,'20260226',531,,106334,,,1,92,,106335,,,1,98,,106336,,,1,92,,106337,,,1,107,,106338,,,1,105,,106339,,,1,100,,106340,,,1,100,,106341,,,1,100,,106342,,,1,100,,106343,,,1,88,,106344,,,1,95,,106345,,,1,105,,106346,,,1,110,,106347,,,1,100,,106348,,,1,205,,106349,,,1,208,,106350,,,1
4800,'20260227',531,,106351,,,1,92,,106352,,,1,98,,106353,,,1,92,,106354,,,1,107,,106355,,,1,105,,106356,,,1,100,,106357,,,1,100,,106358,,,1,100,,106359,,,1,100,,106360,,,1,88,,106361,,,1,95,,106362,,,1,105,,106363,,,1,110,,106364,,,1,100,,106365,,,1,205,,106366,,,1,208,,106367,,,1
4800,'20260302',531,,106368,,,1,92,,106369,,,1,98,,106370,,,1,92,,106371,,,1,107,,106372,,,1,105,,106373,,,1,100,,106374,,,1,100,,106375,,,1,100,,106376,,,1,100,,106377,,,1,88,,106378,,,1,95,,106379,,,1,105,,106380,,,1,110,,106381,,,1,100,,106382,,,1,205,,106383,,,1,208,,106384,,,1
4800,'20260303',531,,106385,,,1,92,,106386,,,1,98,,106387,,,1,92,,106388,,,1,107,,106389,,,1,105,,106390,,,1,100,,106391,,,1,100,,106392,,,1,100,,106393,,,1,100,,106394,,,1,88,,106395,,,1,95,,106396,,,1,105,,106397,,,1,110,,106398,,,1,100,,106399,,,1,205,,106400,,,1,208,,106401,,,1
4800,'20260304',531,,106402,,,1,92,,106403,,,1,98,,106404,,,1,92,,106405,,,1,107,,106406,,,1,105,,106407,,,1,100,,106408,,,1,100,,106409,,,1,100,,106410,,,1,100,,106411,,,1,88,,106412,,,1,95,,106413,,,1,105,,106414,,,1,110,,106415,,,1,100,,106416,,,1,205,,106417,,,1,208,,106418,,,1
4800,'20260305',531,,106419,,,1,92,,106420,,,1,98,,106421,,,1,92,,106422,,,1,107,,106423,,,1,105,,106424,,,1,100,,106425,,,1,100,,106426,,,1,100,,106427,,,1,100,,106428,,,1,88,,106429,,,1,95,,106430,,,1,105,,106431,,,1,110,,106432,,,1,100,,106433,,,1,205,,106434,,,1,208,,106435,,,1
4800,'20260306',531,,106436,,,1,92,,106437,,,1,98,,106438,,,1,92,,106439,,,1,107,,106440,,,1,105,,106441,,,1,100,,106442,,,1,100,,106443,,,1,100,,106444,,,1,100,,106445,,,1,88,,106446,,,1,95,,106447,,,1,105,,106448,,,1,110,,106449,,,1,100,,106450,,,1,205,,106451,,,1,208,,106452,,,1
4800,'20260309',531,,106453,,,1,92,,106454,,,1,98,,106455,,,1,92,,106456,,,1,107,,106457,,,1,105,,106458,,,1,100,,106459,,,1,100,,106460,,,1,100,,106461,,,1,100,,106462,,,1,88,,106463,,,1,95,,106464,,,1,105,,106465,,,1,110,,106466,,,1,100,,106467,,,1,205,,106468,,,1,208,,106469,,,1
4800,'20260310',531,,106470,,,1,92,,106471,,,1,98,,106472,,,1,92,,106473,,,1,107,,106474,,,1,105,,106475,,,1,100,,106476,,,1,100,,106477,,,1,100,,106478,,,1,100,,106479,,,1,88,,106480,,,1,95,,106481,,,1,105,,106482,,,1,110,,106483,,,1,100,,106484,,,1,205,,106485,,,1,208,,106486,,,1
4800,'20260311',531,,106487,,,1,92,,106488,,,1,98,,106489,,,1,92,,106490,,,1,107,,106491,,,1,105,,106492,,,1,100,,106493,,,1,100,,106494,,,1,100,,106495,,,1,100,,106496,,,1,88,,106497,,,1,95,,106498,,,1,105,,106499,,,1,110,,106500,,,1,100,,106501,,,1,205,,106502,,,1,208,,106503,,,1
4800,'20260312',531,,106504,,,1,92,,106505,,,1,98,,106506,,,1,92,,106507,,,1,107,,106508,,,1,105,,106509,,,1,100,,106510,,,1,100,,106511,,,1,100,,106512,,,1,100,,106513,,,1,88,,106514,,,1,95,,106515,,,1,105,,106516,,,1,110,,106517,,,1,100,,106518,,,1,205,,106519,,,1,208,,106520,,,1
4800,'20260313',531,,106521,,,1,92,,106522,,,1,98,,106523,,,1,92,,106524,,,1,107,,106525,,,1,105,,106526,,,1,100,,106527,,,1,100,,106528,,,1,100,,106529,,,1,100,,106530,,,1,88,,106531,,,1,95,,106532,,,1,105,,106533,,,1,110,,106534,,,1,100,,106535,,,1,205,,106536,,,1,208,,106537,,,1
4800,'20260316',531,,106538,,,1,92,,106539,,,1,98,,106540,,,1,92,,106541,,,1,107,,106542,,,1,105,,106543,,,1,100,,106544,,,1,100,,106545,,,1,100,,106546,,,1,100,,106547,,,1,88,,106548,,,1,95,,106549,,,1,105,,106550,,,1,110,,106551,,,1,100,,106552,,,1,205,,106553,,,1,208,,106554,,,1
4800,'20260317',531,,106555,,,1,92,,106556,,,1,98,,106557,,,1,92,,106558,,,1,107,,106559,,,1,105,,106560,,,1,100,,106561,,,1,100,,106562,,,1,100,,106563,,,1,100,,106564,,,1,88,,106565,,,1,95,,106566,,,1,105,,106567,,,1,110,,106568,,,1,100,,106569,,,1,205,,106570,,,1,208,,106571,,,1
4800,'20260318',531,,106572,,,1,92,,106573,,,1,98,,106574,,,1,92,,106575,,,1,107,,106576,,,1,105,,106577,,,1,100,,106578,,,1,100,,106579,,,1,100,,106580,,,1,100,,106581,,,1,88,,106582,,,1,95,,106583,,,1,105,,106584,,,1,110,,106585,,,1,100,,106586,,,1,205,,106587,,,1,208,,106588,,,1
4800,'20260319',531,,106589,,,1,92,,106590,,,1,98,,106591,,,1,92,,106592,,,1,107,,106593,,,1,105,,106594,,,1,100,,106595,,,1,100,,106596,,,1,100,,106597,,,1,100,,106598,,,1,88,,106599,,,1,95,,106600,,,1,105,,106601,,,1,110,,106602,,,1,100,,106603,,,1,205,,106604,,,1,208,,106605,,,1
4800,'20260320',531,,106606,,,1,92,,106607,,,1,98,,106608,,,1,92,,106609,,,1,107,,106610,,,1,105,,106611,,,1,100,,106612,,,1,100,,106613,,,1,100,,106614,,,1,100,,106615,,,1,88,,106616,,,1,95,,106617,,,1,105,,106618,,,1,110,,106619,,,1,100,,106620,,,1,205,,106621,,,1,208,,106622,,,1
4800,'20260323',531,,106623,,,1,92,,106624,,,1,98,,106625,,,1,92,,106626,,,1,107,,106627,,,1,105,,106628,,,1,100,,106629,,,1,100,,106630,,,1,100,,106631,,,1,100,,106632,,,1,88,,106633,,,1,95,,106634,,,1,105,,106635,,,1,110,,106636,,,1,100,,106637,,,1,205,,106638,,,1,208,,106639,,,1
4800,'20260324',531,,106640,,,1,92,,106641,,,1,98,,106642,,,1,92,,106643,,,1,107,,106644,,,1,105,,106645,,,1,100,,106646,,,1,100,,106647,,,1,100,,106648,,,1,100,,106649,,,1,88,,106650,,,1,95,,106651,,,1,105,,106652,,,1,110,,106653,,,1,100,,106654,,,1,205,,106655,,,1,208,,106656,,,1
4800,'20260325',531,,106657,,,1,92,,106658,,,1,98,,106659,,,1,92,,106660,,,1,107,,106661,,,1,105,,106662,,,1,100,,106663,,,1,100,,106664,,,1,100,,106665,,,1,100,,106666,,,1,88,,106667,,,1,95,,106668,,,1,105,,106669,,,1,110,,106670,,,1,100,,106671,,,1,205,,106672,,,1,208,,106673,,,1
4800,'20260326',531,,106674,,,1,92,,106675,,,1,98,,106676,,,1,92,,106677,,,1,107,,106678,,,1,105,,106679,,,1,100,,106680,,,1,100,,106681,,,1,100,,106682,,,1,100,,106683,,,1,88,,106684,,,1,95,,106685,,,1,105,,106686,,,1,110,,106687,,,1,100,,106688,,,1,205,,106689,,,1,208,,106690,,,1
4800,'20260327',531,,106691,,,1,92,,106692,,,1,98,,106693,,,1,92,,106694,,,1,107,,106695,,,1,105,,106696,,,1,100,,106697,,,1,100,,106698,,,1,100,,106699,,,1,100,,106700,,,1,88,,106701,,,1,95,,106702,,,1,105,,106703,,,1,110,,106704,,,1,100,,106705,,,1,205,,106706,,,1,208,,106707,,,1
4800,'20260330',531,,106708,,,1,92,,106709,,,1,98,,106710,,,1,92,,106711,,,1,107,,106712,,,1,105,,106713,,,1,100,,106714,,,1,100,,106715,,,1,100,,106716,,,1,100,,106717,,,1,88,,106718,,,1,95,,106719,,,1,105,,106720,,,1,110,,106721,,,1,100,,106722,,,1,205,,106723,,,1,208,,106724,,,1
4800,'20260331',531,,106725,,,1,92,,106726,,,1,98,,106727,,,1,92,,106728,,,1,107,,106729,,,1,105,,106730,,,1,100,,106731,,,1,100,,106732,,,1,100,,106733,,,1,100,,106734,,,1,88,,106735,,,1,95,,106736,,,1,105,,106737,,,1,110,,106738,,,1,100,,106739,,,1,205,,106740,,,1,208,,106741,,,1
4800,'20260401',531,,106742,,,1,92,,106743,,,1,98,,106744,,,1,92,,106745,,,1,107,,106746,,,1,105,,106747,,,1,100,,106748,,,1,100,,106749,,,1,100,,106750,,,1,100,,106751,,,1,88,,106752,,,1,95,,106753,,,1,105,,106754,,,1,110,,106755,,,1,100,,106756,,,1,205,,106757,,,1,208,,106758,,,1
4800,'20260402',531,,106759,,,1,92,,106760,,,1,98,,106761,,,1,92,,106762,,,1,107,,106763,,,1,105,,106764,,,1,100,,106765,,,1,100,,106766,,,1,100,,106767,,,1,100,,106768,,,1,88,,106769,,,1,95,,106770,,,1,105,,106771,,,1,110,,106772,,,1,100,,106773,,,1,205,,106774,,,1,208,,106775,,,1
4800,'20260406',531,,106776,,,1,92,,106777,,,1,98,,106778,,,1,92,,106779,,,1,107,,106780,,,1,105,,106781,,,1,100,,106782,,,1,100,,106783,,,1,100,,106784,,,1,100,,106785,,,1,88,,106786,,,1,95,,106787,,,1,105,,106788,,,1,110,,106789,,,1,100,,106790,,,1,205,,106791,,,1,208,,106792,,,1
4800,'20260407',531,,106793,,,1,92,,106794,,,1,98,,106795,,,1,92,,106796,,,1,107,,106797,,,1,105,,106798,,,1,100,,106799,,,1,100,,106800,,,1,100,,106801,,,1,100,,106802,,,1,88,,106803,,,1,95,,106804,,,1,105,,106805,,,1,110,,106806,,,1,100,,106807,,,1,205,,106808,,,1,208,,106809,,,1
4800,'20260408',531,,106810,,,1,92,,106811,,,1,98,,106812,,,1,92,,106813,,,1,107,,106814,,,1,105,,106815,,,1,100,,106816,,,1,100,,106817,,,1,100,,106818,,,1,100,,106819,,,1,88,,106820,,,1,95,,106821,,,1,105,,106822,,,1,110,,106823,,,1,100,,106824,,,1,205,,106825,,,1,208,,106826,,,1
4800,'20260409',531,,106827,,,1,92,,106828,,,1,98,,106829,,,1,92,,106830,,,1,107,,106831,,,1,105,,106832,,,1,100,,106833,,,1,100,,106834,,,1,100,,106835,,,1,100,,106836,,,1,88,,106837,,,1,95,,106838,,,1,105,,106839,,,1,110,,106840,,,1,100,,106841,,,1,205,,106842,,,1,208,,106843,,,1
4800,'20260410',531,,106844,,,1,92,,106845,,,1,98,,106846,,,1,92,,106847,,,1,107,,106848,,,1,105,,106849,,,1,100,,106850,,,1,100,,106851,,,1,100,,106852,,,1,100,,106853,,,1,88,,106854,,,1,95,,106855,,,1,105,,106856,,,1,110,,106857,,,1,100,,106858,,,1,205,,106859,,,1,208,,106860,,,1
4800,'20260413',531,,106861,,,1,92,,106862,,,1,98,,106863,,,1,92,,106864,,,1,107,,106865,,,1,105,,106866,,,1,100,,106867,,,1,100,,106868,,,1,100,,106869,,,1,100,,106870,,,1,88,,106871,,,1,95,,106872,,,1,105,,106873,,,1,110,,106874,,,1,100,,106875,,,1,205,,106876,,,1,208,,106877,,,1
4800,'20260414',531,,106878,,,1,92,,106879,,,1,98,,106880,,,1,92,,106881,,,1,107,,106882,,,1,105,,106883,,,1,100,,106884,,,1,100,,106885,,,1,100,,106886,,,1,100,,106887,,,1,88,,106888,,,1,95,,106889,,,1,105,,106890,,,1,110,,106891,,,1,100,,106892,,,1,205,,106893,,,1,208,,106894,,,1
4800,'20260415',531,,106895,,,1,92,,106896,,,1,98,,106897,,,1,92,,106898,,,1,107,,106899,,,1,105,,106900,,,1,100,,106901,,,1,100,,106902,,,1,100,,106903,,,1,100,,106904,,,1,88,,106905,,,1,95,,106906,,,1,105,,106907,,,1,110,,106908,,,1,100,,106909,,,1,205,,106910,,,1,208,,106911,,,1
4800,'20260416',531,,106912,,,1,92,,106913,,,1,98,,106914,,,1,92,,106915,,,1,107,,106916,,,1,105,,106917,,,1,100,,106918,,,1,100,,106919,,,1,100,,106920,,,1,100,,106921,,,1,88,,106922,,,1,95,,106923,,,1,105,,106924,,,1,110,,106925,,,1,100,,106926,,,1,205,,106927,,,1,208,,106928,,,1
4800,'20260417',531,,106929,,,1,92,,106930,,,1,98,,106931,,,1,92,,106932,,,1,107,,106933,,,1,105,,106934,,,1,100,,106935,,,1,100,,106936,,,1,100,,106937,,,1,100,,106938,,,1,88,,106939,,,1,95,,106940,,,1,105,,106941,,,1,110,,106942,,,1,100,,106943,,,1,205,,106944,,,1,208,,106945,,,1
4800,'20260420',531,,106946,,,1,92,,106947,,,1,98,,106948,,,1,92,,106949,,,1,107,,106950,,,1,105,,106951,,,1,100,,106952,,,1,100,,106953,,,1,100,,106954,,,1,100,,106955,,,1,88,,106956,,,1,95,,106957,,,1,105,,106958,,,1,110,,106959,,,1,100,,106960,,,1,205,,106961,,,1,208,,106962,,,1
4800,'20260421',531,,106963,,,1,92,,106964,,,1,98,,106965,,,1,92,,106966,,,1,107,,106967,,,1,105,,106968,,,1,100,,106969,,,1,100,,106970,,,1,100,,106971,,,1,100,,106972,,,1,88,,106973,,,1,95,,106974,,,1,105,,106975,,,1,110,,106976,,,1,100,,106977,,,1,205,,106978,,,1,208,,106979,,,1
4800,'20260422',531,,106980,,,1,92,,106981,,,1,98,,106982,,,1,92,,106983,,,1,107,,106984,,,1,105,,106985,,,1,100,,106986,,,1,100,,106987,,,1,100,,106988,,,1,100,,106989,,,1,88,,106990,,,1,95,,106991,,,1,105,,106992,,,1,110,,106993,,,1,100,,106994,,,1,205,,106995,,,1,208,,106996,,,1
4800,'20260423',531,,106997,,,1,92,,106998,,,1,98,,106999,,,1,92,,107000,,,1,107,,107001,,,1,105,,107002,,,1,100,,107003,,,1,100,,107004,,,1,100,,107005,,,1,100,,107006,,,1,88,,107007,,,1,95,,107008,,,1,105,,107009,,,1,110,,107010,,,1,100,,107011,,,1,205,,107012,,,1,208,,107013,,,1
4800,'20260424',531,,107014,,,1,92,,107015,,,1,98,,107016,,,1,92,,107017,,,1,107,,107018,,,1,105,,107019,,,1,100,,107020,,,1,100,,107021,,,1,100,,107022,,,1,100,,107023,,,1,88,,107024,,,1,95,,107025,,,1,105,,107026,,,1,110,,107027,,,1,100,,107028,,,1,205,,107029,,,1,208,,107030,,,1
