2100,'20260409',358,,12371,16,,,1,75,,12372,16,,,1,25,,12373,16,,,1,470,,12376,16,0,7 29 30,1,30,,12378,16,0,7 29 30,1,75,,12381,16,0,7 29 30,1,70,,12383,16,0,7 29 30,1,35,,12386,16,0,7 29 30,1,100,,12389,16,0,7 29 30,1,100,,12392,16,0,7 29 30,1,95,,12395,16,0,7 29 30,1,102,,12398,16,0,7 29 30,1,95,,12402,16,,,1,100,,12403,16,,,1,100,,12404,16,,,1,100,,12405,16,,,1,100,,12406,16,,,1,102,,12407,16,,,1,100,,12408,16,,,1,105,,12409,16,,,1,101,,12410,16,,,1
2100,'20260410',358,,12411,16,,,1,75,,12412,16,,,1,25,,12413,16,,,1,470,,12416,16,0,7 29 30,1,30,,12418,16,0,7 29 30,1,75,,12421,16,0,7 29 30,1,70,,12423,16,0,7 29 30,1,35,,12426,16,0,7 29 30,1,100,,12429,16,0,7 29 30,1,100,,12432,16,0,7 29 30,1,95,,12435,16,0,7 29 30,1,102,,12438,16,0,7 29 30,1,95,,12442,16,,,1,100,,12443,16,,,1,100,,12444,16,,,1,100,,12445,16,,,1,100,,12446,16,,,1,102,,12447,16,,,1,100,,12448,16,,,1,105,,12449,16,,,1,101,,12450,16,,,1
2100,'20260411',507,,12451,16,0,57 29 30,1,100,,12452,16,0,57 29 30,1,33,,12453,16,0,57 29 30,1,105,,12454,16,0,7 29 30,1,100,,12457,16,0,7 29 30,1,100,,12461,16,0,7 29 30,1,96,,12465,16,0,7 29 30,1,101,,12469,16,0,7 29 30,1,102,,12472,16,0,7 29 30,1,100,,12475,16,0,7 29 30,1,100,,12478,16,0,7 29 30,1,100,,12481,16,0,7 29 30,1,95,,12484,16,0,7 29 30,1,98,,12487,16,0,7 29 30,1,105,,12489,16,0,7 29 30,1,100,,12491,16,0,57 29 30,1,95,,12492,16,0,57 29 30,1,102,,12493,16,0,57 29 30,1,100,,12494,16,0,57 29 30,1,104,,12495,16,0,57 29 30,1,100,,12496,16,0,57 29 30,1
2100,'20260412',507,,12497,16,0,57 29 30,1,100,,12498,16,0,57 29 30,1,33,,12499,16,0,57 29 30,1,105,,12500,16,0,7 29 30,1,100,,12503,16,0,7 29 30,1,100,,12507,16,0,7 29 30,1,96,,12511,16,0,7 29 30,1,101,,12515,16,0,7 29 30,1,102,,12518,16,0,7 29 30,1,100,,12521,16,0,7 29 30,1,100,,12524,16,0,7 29 30,1,100,,12527,16,0,7 29 30,1,95,,12530,16,0,7 29 30,1,98,,12533,16,0,7 29 30,1,105,,12535,16,0,7 29 30,1,100,,12537,16,0,57 29 30,1,95,,12538,16,0,57 29 30,1,102,,12539,16,0,57 29 30,1,100,,12540,16,0,57 29 30,1,104,,12541,16,0,57 29 30,1,100,,12542,16,0,57 29 30,1
2100,'20260413',358,,12543,16,,,1,75,,12544,16,,,1,25,,12545,16,,,1,470,,12548,16,0,7 29 30,1,30,,12550,16,0,7 29 30,1,75,,12553,16,0,7 29 30,1,70,,12555,16,0,7 29 30,1,35,,12558,16,0,7 29 30,1,100,,12561,16,0,7 29 30,1,100,,12564,16,0,7 29 30,1,95,,12567,16,0,7 29 30,1,102,,12570,16,0,7 29 30,1,95,,12574,16,,,1,100,,12575,16,,,1,100,,12576,16,,,1,100,,12577,16,,,1,100,,12578,16,,,1,102,,12579,16,,,1,100,,12580,16,,,1,105,,12581,16,,,1,101,,12582,16,,,1
2100,'20260414',358,,12583,16,,,1,75,,12584,16,,,1,25,,12585,16,,,1,470,,12588,16,0,7 29 30,1,30,,12590,16,0,7 29 30,1,75,,12593,16,0,7 29 30,1,70,,12595,16,0,7 29 30,1,35,,12598,16,0,7 29 30,1,100,,12601,16,0,7 29 30,1,100,,12604,16,0,7 29 30,1,95,,12607,16,0,7 29 30,1,102,,12610,16,0,7 29 30,1,95,,12614,16,,,1,100,,12615,16,,,1,100,,12616,16,,,1,100,,12617,16,,,1,100,,12618,16,,,1,102,,12619,16,,,1,100,,12620,16,,,1,105,,12621,16,,,1,101,,12622,16,,,1
2100,'20260415',358,,12623,16,,,1,75,,12624,16,,,1,25,,12625,16,,,1,470,,12628,16,0,7 29 30,1,30,,12630,16,0,7 29 30,1,75,,12633,16,0,7 29 30,1,70,,12635,16,0,7 29 30,1,35,,12638,16,0,7 29 30,1,100,,12641,16,0,7 29 30,1,100,,12644,16,0,7 29 30,1,95,,12647,16,0,7 29 30,1,102,,12650,16,0,7 29 30,1,95,,12654,16,,,1,100,,12655,16,,,1,100,,12656,16,,,1,100,,12657,16,,,1,100,,12658,16,,,1,102,,12659,16,,,1,100,,12660,16,,,1,105,,12661,16,,,1,101,,12662,16,,,1
2100,'20260416',358,,12663,16,,,1,75,,12664,16,,,1,25,,12665,16,,,1,470,,12668,16,0,7 29 30,1,30,,12670,16,0,7 29 30,1,75,,12673,16,0,7 29 30,1,70,,12675,16,0,7 29 30,1,35,,12678,16,0,7 29 30,1,100,,12681,16,0,7 29 30,1,100,,12684,16,0,7 29 30,1,95,,12687,16,0,7 29 30,1,102,,12690,16,0,7 29 30,1,95,,12694,16,,,1,100,,12695,16,,,1,100,,12696,16,,,1,100,,12697,16,,,1,100,,12698,16,,,1,102,,12699,16,,,1,100,,12700,16,,,1,105,,12701,16,,,1,101,,12702,16,,,1
2100,'20260417',358,,12703,16,,,1,75,,12704,16,,,1,25,,12705,16,,,1,470,,12708,16,0,7 29 30,1,30,,12710,16,0,7 29 30,1,75,,12713,16,0,7 29 30,1,70,,12715,16,0,7 29 30,1,35,,12718,16,0,7 29 30,1,100,,12721,16,0,7 29 30,1,100,,12724,16,0,7 29 30,1,95,,12727,16,0,7 29 30,1,102,,12730,16,0,7 29 30,1,95,,12734,16,,,1,100,,12735,16,,,1,100,,12736,16,,,1,100,,12737,16,,,1,100,,12738,16,,,1,102,,12739,16,,,1,100,,12740,16,,,1,105,,12741,16,,,1,101,,12742,16,,,1
2100,'20260418',507,,12743,16,0,57 29 30,1,100,,12744,16,0,57 29 30,1,33,,12745,16,0,57 29 30,1,105,,12746,16,0,7 29 30,1,100,,12749,16,0,7 29 30,1,100,,12753,16,0,7 29 30,1,96,,12757,16,0,7 29 30,1,101,,12761,16,0,7 29 30,1,102,,12764,16,0,7 29 30,1,100,,12767,16,0,7 29 30,1,100,,12770,16,0,7 29 30,1,100,,12773,16,0,7 29 30,1,95,,12776,16,0,7 29 30,1,98,,12779,16,0,7 29 30,1,105,,12781,16,0,7 29 30,1,100,,12783,16,0,57 29 30,1,95,,12784,16,0,57 29 30,1,102,,12785,16,0,57 29 30,1,100,,12786,16,0,57 29 30,1,104,,12787,16,0,57 29 30,1,100,,12788,16,0,57 29 30,1
2100,'20260419',507,,12789,16,0,57 29 30,1,100,,12790,16,0,57 29 30,1,33,,12791,16,0,57 29 30,1,105,,12792,16,0,7 29 30,1,100,,12795,16,0,7 29 30,1,100,,12799,16,0,7 29 30,1,96,,12803,16,0,7 29 30,1,101,,12807,16,0,7 29 30,1,102,,12810,16,0,7 29 30,1,100,,12813,16,0,7 29 30,1,100,,12816,16,0,7 29 30,1,100,,12819,16,0,7 29 30,1,95,,12822,16,0,7 29 30,1,98,,12825,16,0,7 29 30,1,105,,12827,16,0,7 29 30,1,100,,12829,16,0,57 29 30,1,95,,12830,16,0,57 29 30,1,102,,12831,16,0,57 29 30,1,100,,12832,16,0,57 29 30,1,104,,12833,16,0,57 29 30,1,100,,12834,16,0,57 29 30,1
2100,'20260420',358,,12835,16,,,1,75,,12836,16,,,1,25,,12837,16,,,1,470,,12840,16,0,7 29 30,1,30,,12842,16,0,7 29 30,1,75,,12845,16,0,7 29 30,1,70,,12847,16,0,7 29 30,1,35,,12850,16,0,7 29 30,1,100,,12853,16,0,7 29 30,1,100,,12856,16,0,7 29 30,1,95,,12859,16,0,7 29 30,1,102,,12862,16,0,7 29 30,1,95,,12866,16,,,1,100,,12867,16,,,1,100,,12868,16,,,1,100,,12869,16,,,1,100,,12870,16,,,1,102,,12871,16,,,1,100,,12872,16,,,1,105,,12873,16,,,1,101,,12874,16,,,1
2100,'20260421',358,,12875,16,,,1,75,,12876,16,,,1,25,,12877,16,,,1,470,,12880,16,0,7 29 30,1,30,,12882,16,0,7 29 30,1,75,,12885,16,0,7 29 30,1,70,,12887,16,0,7 29 30,1,35,,12890,16,0,7 29 30,1,100,,12893,16,0,7 29 30,1,100,,12896,16,0,7 29 30,1,95,,12899,16,0,7 29 30,1,102,,12902,16,0,7 29 30,1,95,,12906,16,,,1,100,,12907,16,,,1,100,,12908,16,,,1,100,,12909,16,,,1,100,,12910,16,,,1,102,,12911,16,,,1,100,,12912,16,,,1,105,,12913,16,,,1,101,,12914,16,,,1
2100,'20260422',358,,12915,16,,,1,75,,12916,16,,,1,25,,12917,16,,,1,470,,12920,16,0,7 29 30,1,30,,12922,16,0,7 29 30,1,75,,12925,16,0,7 29 30,1,70,,12927,16,0,7 29 30,1,35,,12930,16,0,7 29 30,1,100,,12933,16,0,7 29 30,1,100,,12936,16,0,7 29 30,1,95,,12939,16,0,7 29 30,1,102,,12942,16,0,7 29 30,1,95,,12946,16,,,1,100,,12947,16,,,1,100,,12948,16,,,1,100,,12949,16,,,1,100,,12950,16,,,1,102,,12951,16,,,1,100,,12952,16,,,1,105,,12953,16,,,1,101,,12954,16,,,1
2100,'20260423',358,,12955,16,,,1,75,,12956,16,,,1,25,,12957,16,,,1,470,,12960,16,0,7 29 30,1,30,,12962,16,0,7 29 30,1,75,,12965,16,0,7 29 30,1,70,,12967,16,0,7 29 30,1,35,,12970,16,0,7 29 30,1,100,,12973,16,0,7 29 30,1,100,,12976,16,0,7 29 30,1,95,,12979,16,0,7 29 30,1,102,,12982,16,0,7 29 30,1,95,,12986,16,,,1,100,,12987,16,,,1,100,,12988,16,,,1,100,,12989,16,,,1,100,,12990,16,,,1,102,,12991,16,,,1,100,,12992,16,,,1,105,,12993,16,,,1,101,,12994,16,,,1
2100,'20260424',358,,12995,16,,,1,75,,12996,16,,,1,25,,12997,16,,,1,470,,13000,16,0,7 29 30,1,30,,13002,16,0,7 29 30,1,75,,13005,16,0,7 29 30,1,70,,13007,16,0,7 29 30,1,35,,13010,16,0,7 29 30,1,100,,13013,16,0,7 29 30,1,100,,13016,16,0,7 29 30,1,95,,13019,16,0,7 29 30,1,102,,13022,16,0,7 29 30,1,95,,13026,16,,,1,100,,13027,16,,,1,100,,13028,16,,,1,100,,13029,16,,,1,100,,13030,16,,,1,102,,13031,16,,,1,100,,13032,16,,,1,105,,13033,16,,,1,101,,13034,16,,,1
2700,'20260409',519,,19020,16,0,7 6,1,85,,19022,16,0,7 6,1,22,,19023,16,0,7 6,1,16,,19024,16,0,7 6,1,65,,19025,16,0,7 6,1,25,,19026,16,0,7 6,1,70,,19027,16,0,7 6,1,35,,19028,16,0,7 6,1,105,,19029,16,0,7 6,1,100,,19030,16,0,7 6,1,463,,19035,16,0,7 6,1,35,,19036,16,0,7 6,1,65,,19037,16,0,7 6,1,35,,19039,16,0,7 6,1,75,,19040,16,0,7 6,1,40,,19041,16,0,7 6,1,90,,19042,16,0,7 6,1
2700,'20260410',519,,19046,16,0,7 6,1,85,,19047,16,0,7 6,1,22,,19048,16,0,7 6,1,16,,19049,16,0,7 6,1,65,,19050,16,0,7 6,1,25,,19051,16,0,7 6,1,70,,19052,16,0,7 6,1,35,,19053,16,0,7 6,1,105,,19054,16,0,7 6,1,100,,19055,16,0,7 6,1,463,,19060,16,0,7 6,1,35,,19061,16,0,7 6,1,65,,19062,16,0,7 6,1,35,,19063,16,0,7 6,1,75,,19064,16,0,7 6,1,40,,19065,16,0,7 6,1,90,,19066,16,0,7 6,1
2700,'20260411',547,,19070,16,0,7 6,1
2700,'20260412',547,,19087,16,0,7 6,1
2700,'20260413',519,,19104,16,0,7 6,1,85,,19106,16,0,7 6,1,22,,19107,16,0,7 6,1,16,,19108,16,0,7 6,1,65,,19109,16,0,7 6,1,25,,19110,16,0,7 6,1,70,,19111,16,0,7 6,1,35,,19112,16,0,7 6,1,105,,19113,16,0,7 6,1,100,,19114,16,0,7 6,1,463,,19119,16,0,7 6,1,35,,19120,16,0,7 6,1,65,,19121,16,0,7 6,1,35,,19123,16,0,7 6,1,75,,19124,16,0,7 6,1,40,,19125,16,0,7 6,1,90,,19126,16,0,7 6,1
2700,'20260414',519,,19130,16,0,7 6,1,85,,19132,16,0,7 6,1,22,,19133,16,0,7 6,1,16,,19134,16,0,7 6,1,65,,19135,16,0,7 6,1,25,,19136,16,0,7 6,1,70,,19137,16,0,7 6,1,35,,19138,16,0,7 6,1,105,,19139,16,0,7 6,1,100,,19140,16,0,7 6,1,463,,19145,16,0,7 6,1,35,,19146,16,0,7 6,1,65,,19147,16,0,7 6,1,35,,19149,16,0,7 6,1,75,,19150,16,0,7 6,1,40,,19151,16,0,7 6,1,90,,19152,16,0,7 6,1
2700,'20260415',519,,19156,16,0,7 6,1,85,,19158,16,0,7 6,1,22,,19159,16,0,7 6,1,16,,19160,16,0,7 6,1,65,,19161,16,0,7 6,1,25,,19162,16,0,7 6,1,70,,19163,16,0,7 6,1,35,,19164,16,0,7 6,1,105,,19165,16,0,7 6,1,100,,19166,16,0,7 6,1,463,,19171,16,0,7 6,1,35,,19172,16,0,7 6,1,65,,19173,16,0,7 6,1,35,,19175,16,0,7 6,1,75,,19176,16,0,7 6,1,40,,19177,16,0,7 6,1,90,,19178,16,0,7 6,1
2700,'20260416',519,,19182,16,0,7 6,1,85,,19184,16,0,7 6,1,22,,19185,16,0,7 6,1,16,,19186,16,0,7 6,1,65,,19187,16,0,7 6,1,25,,19188,16,0,7 6,1,70,,19189,16,0,7 6,1,35,,19190,16,0,7 6,1,105,,19191,16,0,7 6,1,100,,19192,16,0,7 6,1,463,,19197,16,0,7 6,1,35,,19198,16,0,7 6,1,65,,19199,16,0,7 6,1,35,,19201,16,0,7 6,1,75,,19202,16,0,7 6,1,40,,19203,16,0,7 6,1,90,,19204,16,0,7 6,1
2700,'20260417',519,,19208,16,0,7 6,1,85,,19209,16,0,7 6,1,22,,19210,16,0,7 6,1,16,,19211,16,0,7 6,1,65,,19212,16,0,7 6,1,25,,19213,16,0,7 6,1,70,,19214,16,0,7 6,1,35,,19215,16,0,7 6,1,105,,19216,16,0,7 6,1,100,,19217,16,0,7 6,1,463,,19222,16,0,7 6,1,35,,19223,16,0,7 6,1,65,,19224,16,0,7 6,1,35,,19225,16,0,7 6,1,75,,19226,16,0,7 6,1,40,,19227,16,0,7 6,1,90,,19228,16,0,7 6,1
2700,'20260418',547,,19232,16,0,7 6,1
2700,'20260419',547,,19249,16,0,7 6,1
2700,'20260420',519,,19266,16,0,7 6,1,85,,19268,16,0,7 6,1,22,,19269,16,0,7 6,1,16,,19270,16,0,7 6,1,65,,19271,16,0,7 6,1,25,,19272,16,0,7 6,1,70,,19273,16,0,7 6,1,35,,19274,16,0,7 6,1,105,,19275,16,0,7 6,1,100,,19276,16,0,7 6,1,463,,19281,16,0,7 6,1,35,,19282,16,0,7 6,1,65,,19283,16,0,7 6,1,35,,19285,16,0,7 6,1,75,,19286,16,0,7 6,1,40,,19287,16,0,7 6,1,90,,19288,16,0,7 6,1
2700,'20260421',519,,19292,16,0,7 6,1,85,,19294,16,0,7 6,1,22,,19295,16,0,7 6,1,16,,19296,16,0,7 6,1,65,,19297,16,0,7 6,1,25,,19298,16,0,7 6,1,70,,19299,16,0,7 6,1,35,,19300,16,0,7 6,1,105,,19301,16,0,7 6,1,100,,19302,16,0,7 6,1,463,,19307,16,0,7 6,1,35,,19308,16,0,7 6,1,65,,19309,16,0,7 6,1,35,,19311,16,0,7 6,1,75,,19312,16,0,7 6,1,40,,19313,16,0,7 6,1,90,,19314,16,0,7 6,1
2700,'20260422',519,,19318,16,0,7 6,1,85,,19320,16,0,7 6,1,22,,19321,16,0,7 6,1,16,,19322,16,0,7 6,1,65,,19323,16,0,7 6,1,25,,19324,16,0,7 6,1,70,,19325,16,0,7 6,1,35,,19326,16,0,7 6,1,105,,19327,16,0,7 6,1,100,,19328,16,0,7 6,1,463,,19333,16,0,7 6,1,35,,19334,16,0,7 6,1,65,,19335,16,0,7 6,1,35,,19337,16,0,7 6,1,75,,19338,16,0,7 6,1,40,,19339,16,0,7 6,1,90,,19340,16,0,7 6,1
2700,'20260423',519,,19344,16,0,7 6,1,85,,19346,16,0,7 6,1,22,,19347,16,0,7 6,1,16,,19348,16,0,7 6,1,65,,19349,16,0,7 6,1,25,,19350,16,0,7 6,1,70,,19351,16,0,7 6,1,35,,19352,16,0,7 6,1,105,,19353,16,0,7 6,1,100,,19354,16,0,7 6,1,463,,19359,16,0,7 6,1,35,,19360,16,0,7 6,1,65,,19361,16,0,7 6,1,35,,19363,16,0,7 6,1,75,,19364,16,0,7 6,1,40,,19365,16,0,7 6,1,90,,19366,16,0,7 6,1
2700,'20260424',519,,19370,16,0,7 6,1,85,,19371,16,0,7 6,1,22,,19372,16,0,7 6,1,16,,19373,16,0,7 6,1,65,,19374,16,0,7 6,1,25,,19375,16,0,7 6,1,70,,19376,16,0,7 6,1,35,,19377,16,0,7 6,1,105,,19378,16,0,7 6,1,100,,19379,16,0,7 6,1,463,,19384,16,0,7 6,1,35,,19385,16,0,7 6,1,65,,19386,16,0,7 6,1,35,,19387,16,0,7 6,1,75,,19388,16,0,7 6,1,40,,19389,16,0,7 6,1,90,,19390,16,0,7 6,1
4800,'20260409',529,,45719,16,,,1,92,,45720,16,,,1,98,,45721,16,,,1,92,,45722,16,,,1,107,,45723,16,,,1,105,,45724,16,,,1,100,,45725,16,,,1,100,,45726,16,,,1,100,,45727,16,,,1,100,,45728,16,,,1,88,,45729,16,,,1,95,,45730,16,,,1,105,,45731,16,,,1,110,,45732,16,,,1,100,,45733,16,,,1,205,,45734,16,,,1,208,,45735,16,,,1
4800,'20260410',529,,45736,16,,,1,92,,45737,16,,,1,98,,45738,16,,,1,92,,45739,16,,,1,107,,45740,16,,,1,105,,45741,16,,,1,100,,45742,16,,,1,100,,45743,16,,,1,100,,45744,16,,,1,100,,45745,16,,,1,88,,45746,16,,,1,95,,45747,16,,,1,105,,45748,16,,,1,110,,45749,16,,,1,100,,45750,16,,,1,205,,45751,16,,,1,208,,45752,16,,,1
4800,'20260413',529,,45753,16,,,1,92,,45754,16,,,1,98,,45755,16,,,1,92,,45756,16,,,1,107,,45757,16,,,1,105,,45758,16,,,1,100,,45759,16,,,1,100,,45760,16,,,1,100,,45761,16,,,1,100,,45762,16,,,1,88,,45763,16,,,1,95,,45764,16,,,1,105,,45765,16,,,1,110,,45766,16,,,1,100,,45767,16,,,1,205,,45768,16,,,1,208,,45769,16,,,1
4800,'20260414',529,,45770,16,,,1,92,,45771,16,,,1,98,,45772,16,,,1,92,,45773,16,,,1,107,,45774,16,,,1,105,,45775,16,,,1,100,,45776,16,,,1,100,,45777,16,,,1,100,,45778,16,,,1,100,,45779,16,,,1,88,,45780,16,,,1,95,,45781,16,,,1,105,,45782,16,,,1,110,,45783,16,,,1,100,,45784,16,,,1,205,,45785,16,,,1,208,,45786,16,,,1
4800,'20260415',529,,45787,16,,,1,92,,45788,16,,,1,98,,45789,16,,,1,92,,45790,16,,,1,107,,45791,16,,,1,105,,45792,16,,,1,100,,45793,16,,,1,100,,45794,16,,,1,100,,45795,16,,,1,100,,45796,16,,,1,88,,45797,16,,,1,95,,45798,16,,,1,105,,45799,16,,,1,110,,45800,16,,,1,100,,45801,16,,,1,205,,45802,16,,,1,208,,45803,16,,,1
4800,'20260416',529,,45804,16,,,1,92,,45805,16,,,1,98,,45806,16,,,1,92,,45807,16,,,1,107,,45808,16,,,1,105,,45809,16,,,1,100,,45810,16,,,1,100,,45811,16,,,1,100,,45812,16,,,1,100,,45813,16,,,1,88,,45814,16,,,1,95,,45815,16,,,1,105,,45816,16,,,1,110,,45817,16,,,1,100,,45818,16,,,1,205,,45819,16,,,1,208,,45820,16,,,1
4800,'20260417',529,,45821,16,,,1,92,,45822,16,,,1,98,,45823,16,,,1,92,,45824,16,,,1,107,,45825,16,,,1,105,,45826,16,,,1,100,,45827,16,,,1,100,,45828,16,,,1,100,,45829,16,,,1,100,,45830,16,,,1,88,,45831,16,,,1,95,,45832,16,,,1,105,,45833,16,,,1,110,,45834,16,,,1,100,,45835,16,,,1,205,,45836,16,,,1,208,,45837,16,,,1
4800,'20260420',529,,45838,16,,,1,92,,45839,16,,,1,98,,45840,16,,,1,92,,45841,16,,,1,107,,45842,16,,,1,105,,45843,16,,,1,100,,45844,16,,,1,100,,45845,16,,,1,100,,45846,16,,,1,100,,45847,16,,,1,88,,45848,16,,,1,95,,45849,16,,,1,105,,45850,16,,,1,110,,45851,16,,,1,100,,45852,16,,,1,205,,45853,16,,,1,208,,45854,16,,,1
4800,'20260421',529,,45855,16,,,1,92,,45856,16,,,1,98,,45857,16,,,1,92,,45858,16,,,1,107,,45859,16,,,1,105,,45860,16,,,1,100,,45861,16,,,1,100,,45862,16,,,1,100,,45863,16,,,1,100,,45864,16,,,1,88,,45865,16,,,1,95,,45866,16,,,1,105,,45867,16,,,1,110,,45868,16,,,1,100,,45869,16,,,1,205,,45870,16,,,1,208,,45871,16,,,1
4800,'20260422',529,,45872,16,,,1,92,,45873,16,,,1,98,,45874,16,,,1,92,,45875,16,,,1,107,,45876,16,,,1,105,,45877,16,,,1,100,,45878,16,,,1,100,,45879,16,,,1,100,,45880,16,,,1,100,,45881,16,,,1,88,,45882,16,,,1,95,,45883,16,,,1,105,,45884,16,,,1,110,,45885,16,,,1,100,,45886,16,,,1,205,,45887,16,,,1,208,,45888,16,,,1
4800,'20260423',529,,45889,16,,,1,92,,45890,16,,,1,98,,45891,16,,,1,92,,45892,16,,,1,107,,45893,16,,,1,105,,45894,16,,,1,100,,45895,16,,,1,100,,45896,16,,,1,100,,45897,16,,,1,100,,45898,16,,,1,88,,45899,16,,,1,95,,45900,16,,,1,105,,45901,16,,,1,110,,45902,16,,,1,100,,45903,16,,,1,205,,45904,16,,,1,208,,45905,16,,,1
4800,'20260424',529,,45906,16,,,1,92,,45907,16,,,1,98,,45908,16,,,1,92,,45909,16,,,1,107,,45910,16,,,1,105,,45911,16,,,1,100,,45912,16,,,1,100,,45913,16,,,1,100,,45914,16,,,1,100,,45915,16,,,1,88,,45916,16,,,1,95,,45917,16,,,1,105,,45918,16,,,1,110,,45919,16,,,1,100,,45920,16,,,1,205,,45921,16,,,1,208,,45922,16,,,1
