2201,'20260506',735,,76591,16,,,1,97,,76592,16,,,1,202,,76593,16,,,1,200,,76594,16,,,1,200,,76595,16,,,1,205,,76596,16,,,1,194,,76597,16,,,1,200,,76598,16,,,1
2201,'20260507',735,,76599,16,,,1,97,,76600,16,,,1,202,,76601,16,,,1,200,,76602,16,,,1,200,,76603,16,,,1,205,,76604,16,,,1,194,,76605,16,,,1,200,,76606,16,,,1
2201,'20260508',735,,76607,16,,,1,97,,76608,16,,,1,202,,76609,16,,,1,200,,76610,16,,,1,200,,76611,16,,,1,205,,76612,16,,,1,194,,76613,16,,,1,200,,76614,16,,,1
2201,'20260511',735,,76615,16,,,1,97,,76616,16,,,1,202,,76617,16,,,1,200,,76618,16,,,1,200,,76619,16,,,1,205,,76620,16,,,1,194,,76621,16,,,1,200,,76622,16,,,1
2201,'20260512',735,,76623,16,,,1,97,,76624,16,,,1,202,,76625,16,,,1,200,,76626,16,,,1,200,,76627,16,,,1,205,,76628,16,,,1,194,,76629,16,,,1,200,,76630,16,,,1
2201,'20260513',735,,76631,16,,,1,97,,76632,16,,,1,202,,76633,16,,,1,200,,76634,16,,,1,200,,76635,16,,,1,205,,76636,16,,,1,194,,76637,16,,,1,200,,76638,16,,,1
2201,'20260514',735,,76639,16,,,1,97,,76640,16,,,1,202,,76641,16,,,1,200,,76642,16,,,1,200,,76643,16,,,1,205,,76644,16,,,1,194,,76645,16,,,1,200,,76646,16,,,1
2201,'20260515',735,,76647,16,,,1,97,,76648,16,,,1,202,,76649,16,,,1,200,,76650,16,,,1,200,,76651,16,,,1,205,,76652,16,,,1,194,,76653,16,,,1,200,,76654,16,,,1
2201,'20260519',735,,76655,16,,,1,97,,76656,16,,,1,202,,76657,16,,,1,200,,76658,16,,,1,200,,76659,16,,,1,205,,76660,16,,,1,194,,76661,16,,,1,200,,76662,16,,,1
2201,'20260520',735,,76663,16,,,1,97,,76664,16,,,1,202,,76665,16,,,1,200,,76666,16,,,1,200,,76667,16,,,1,205,,76668,16,,,1,194,,76669,16,,,1,200,,76670,16,,,1
2201,'20260521',735,,76671,16,,,1,97,,76672,16,,,1,202,,76673,16,,,1,200,,76674,16,,,1,200,,76675,16,,,1,205,,76676,16,,,1,194,,76677,16,,,1,200,,76678,16,,,1
2201,'20260522',735,,76679,16,,,1,97,,76680,16,,,1,202,,76681,16,,,1,200,,76682,16,,,1,200,,76683,16,,,1,205,,76684,16,,,1,194,,76685,16,,,1,200,,76686,16,,,1
2201,'20260525',735,,76687,16,,,1,97,,76688,16,,,1,202,,76689,16,,,1,200,,76690,16,,,1,200,,76691,16,,,1,205,,76692,16,,,1,194,,76693,16,,,1,200,,76694,16,,,1
2201,'20260526',735,,76695,16,,,1,97,,76696,16,,,1,202,,76697,16,,,1,200,,76698,16,,,1,200,,76699,16,,,1,205,,76700,16,,,1,194,,76701,16,,,1,200,,76702,16,,,1
2201,'20260527',735,,76703,16,,,1,97,,76704,16,,,1,202,,76705,16,,,1,200,,76706,16,,,1,200,,76707,16,,,1,205,,76708,16,,,1,194,,76709,16,,,1,200,,76710,16,,,1
2201,'20260528',735,,76711,16,,,1,97,,76712,16,,,1,202,,76713,16,,,1,200,,76714,16,,,1,200,,76715,16,,,1,205,,76716,16,,,1,194,,76717,16,,,1,200,,76718,16,,,1
2201,'20260529',735,,76719,16,,,1,97,,76720,16,,,1,202,,76721,16,,,1,200,,76722,16,,,1,200,,76723,16,,,1,205,,76724,16,,,1,194,,76725,16,,,1,200,,76726,16,,,1
2201,'20260601',735,,76727,16,,,1,97,,76728,16,,,1,202,,76729,16,,,1,200,,76730,16,,,1,200,,76731,16,,,1,205,,76732,16,,,1,194,,76733,16,,,1,200,,76734,16,,,1
2201,'20260602',735,,76735,16,,,1,97,,76736,16,,,1,202,,76737,16,,,1,200,,76738,16,,,1,200,,76739,16,,,1,205,,76740,16,,,1,194,,76741,16,,,1,200,,76742,16,,,1
2201,'20260603',735,,76743,16,,,1,97,,76744,16,,,1,202,,76745,16,,,1,200,,76746,16,,,1,200,,76747,16,,,1,205,,76748,16,,,1,194,,76749,16,,,1,200,,76750,16,,,1
2201,'20260604',735,,76751,16,,,1,97,,76752,16,,,1,202,,76753,16,,,1,200,,76754,16,,,1,200,,76755,16,,,1,205,,76756,16,,,1,194,,76757,16,,,1,200,,76758,16,,,1
2201,'20260605',735,,76759,16,,,1,97,,76760,16,,,1,202,,76761,16,,,1,200,,76762,16,,,1,200,,76763,16,,,1,205,,76764,16,,,1,194,,76765,16,,,1,200,,76766,16,,,1
2201,'20260608',735,,76767,16,,,1,97,,76768,16,,,1,202,,76769,16,,,1,200,,76770,16,,,1,200,,76771,16,,,1,205,,76772,16,,,1,194,,76773,16,,,1,200,,76774,16,,,1
2201,'20260609',735,,76775,16,,,1,97,,76776,16,,,1,202,,76777,16,,,1,200,,76778,16,,,1,200,,76779,16,,,1,205,,76780,16,,,1,194,,76781,16,,,1,200,,76782,16,,,1
2201,'20260610',735,,76783,16,,,1,97,,76784,16,,,1,202,,76785,16,,,1,200,,76786,16,,,1,200,,76787,16,,,1,205,,76788,16,,,1,194,,76789,16,,,1,200,,76790,16,,,1
2201,'20260611',735,,76791,16,,,1,97,,76792,16,,,1,202,,76793,16,,,1,200,,76794,16,,,1,200,,76795,16,,,1,205,,76796,16,,,1,194,,76797,16,,,1,200,,76798,16,,,1
2201,'20260612',735,,76799,16,,,1,97,,76800,16,,,1,202,,76801,16,,,1,200,,76802,16,,,1,200,,76803,16,,,1,205,,76804,16,,,1,194,,76805,16,,,1,200,,76806,16,,,1
5601,'20260506',612,,108006,25,0,56 9,1,45,,108007,8,0,5 56 9,1,55,,108008,25,0,56 9,1,15,,108009,8,0,5 56 9,1,17,,108010,25,0,56 9,1,15,,108011,8,0,5 56 9,1,55,,108012,25,0,56 9,1,30,,108013,25,0,56 9,1,70,,108014,25,0,56 9,1,35,,108015,25,0,56 9,1,68,,108016,25,0,56 9,1,30,,108017,25,0,56 9,1,75,,108018,25,0,56 9,1,30,,108019,25,0,56 9,1,70,,108020,25,0,56 9,1,30,,108021,25,0,56 9,1,70,,108022,25,0,56 9,1,25,,108023,25,0,56 9,1,70,,108024,25,0,56 9,1,30,,108025,25,0,56 9,1,70,,108026,25,0,56 9,1,30,,108027,25,0,56 9,1,70,,108028,25,0,56 9,1,42,,108029,25,0,56 9,1,60,,108030,25,0,56 9,1,35,,108031,25,0,56 9,1,70,,108032,25,0,56 9,1,30,,108034,25,0,56 9,1,65,,108035,25,0,56 9,1,30,,108037,25,0,56 9,1,65,,108038,25,0,56 9,1,30,,108039,25,0,56 9,1,83,,108040,25,0,56 9,1,85,,108041,25,0,56 9,1,100,,108042,25,0,56 9,1,200,,108043,25,0,56 9,1
5601,'20260507',612,,108044,25,0,56 9,1,45,,108045,8,0,5 56 9,1,55,,108046,25,0,56 9,1,15,,108047,8,0,5 56 9,1,17,,108048,25,0,56 9,1,15,,108049,8,0,5 56 9,1,55,,108050,25,0,56 9,1,30,,108051,25,0,56 9,1,70,,108052,25,0,56 9,1,35,,108053,25,0,56 9,1,68,,108054,25,0,56 9,1,30,,108055,25,0,56 9,1,75,,108056,25,0,56 9,1,30,,108057,25,0,56 9,1,70,,108058,25,0,56 9,1,30,,108059,25,0,56 9,1,70,,108060,25,0,56 9,1,25,,108061,25,0,56 9,1,70,,108062,25,0,56 9,1,30,,108063,25,0,56 9,1,70,,108064,25,0,56 9,1,30,,108065,25,0,56 9,1,70,,108066,25,0,56 9,1,42,,108067,25,0,56 9,1,60,,108068,25,0,56 9,1,35,,108069,25,0,56 9,1,70,,108070,25,0,56 9,1,30,,108072,25,0,56 9,1,65,,108073,25,0,56 9,1,30,,108075,25,0,56 9,1,65,,108076,25,0,56 9,1,30,,108077,25,0,56 9,1,83,,108078,25,0,56 9,1,85,,108079,25,0,56 9,1,100,,108080,25,0,56 9,1,200,,108081,25,0,56 9,1
5601,'20260508',612,,108082,25,0,56 9,1,45,,108083,8,0,5 56 9,1,55,,108084,25,0,56 9,1,15,,108085,8,0,5 56 9,1,17,,108086,25,0,56 9,1,15,,108087,8,0,5 56 9,1,55,,108088,25,0,56 9,1,30,,108089,25,0,56 9,1,70,,108090,25,0,56 9,1,35,,108091,25,0,56 9,1,68,,108092,25,0,56 9,1,30,,108093,25,0,56 9,1,75,,108094,25,0,56 9,1,30,,108095,25,0,56 9,1,70,,108096,25,0,56 9,1,30,,108097,25,0,56 9,1,70,,108098,25,0,56 9,1,25,,108099,25,0,56 9,1,70,,108100,25,0,56 9,1,30,,108101,25,0,56 9,1,70,,108102,25,0,56 9,1,30,,108103,25,0,56 9,1,70,,108104,25,0,56 9,1,42,,108105,25,0,56 9,1,60,,108106,25,0,56 9,1,35,,108107,25,0,56 9,1,70,,108108,25,0,56 9,1,30,,108110,25,0,56 9,1,65,,108111,25,0,56 9,1,30,,108113,25,0,56 9,1,65,,108114,25,0,56 9,1,30,,108115,25,0,56 9,1,83,,108116,25,0,56 9,1,85,,108117,25,0,56 9,1,100,,108118,25,0,56 9,1,200,,108119,25,0,56 9,1
5601,'20260511',612,,108120,25,0,56 9,1,45,,108121,8,0,5 56 9,1,55,,108122,25,0,56 9,1,15,,108123,8,0,5 56 9,1,17,,108124,25,0,56 9,1,15,,108125,8,0,5 56 9,1,55,,108126,25,0,56 9,1,30,,108127,25,0,56 9,1,70,,108128,25,0,56 9,1,35,,108129,25,0,56 9,1,68,,108130,25,0,56 9,1,30,,108131,25,0,56 9,1,75,,108132,25,0,56 9,1,30,,108133,25,0,56 9,1,70,,108134,25,0,56 9,1,30,,108135,25,0,56 9,1,70,,108136,25,0,56 9,1,25,,108137,25,0,56 9,1,70,,108138,25,0,56 9,1,30,,108139,25,0,56 9,1,70,,108140,25,0,56 9,1,30,,108141,25,0,56 9,1,70,,108142,25,0,56 9,1,42,,108143,25,0,56 9,1,60,,108144,25,0,56 9,1,35,,108145,25,0,56 9,1,70,,108146,25,0,56 9,1,30,,108148,25,0,56 9,1,65,,108149,25,0,56 9,1,30,,108151,25,0,56 9,1,65,,108152,25,0,56 9,1,30,,108153,25,0,56 9,1,83,,108154,25,0,56 9,1,85,,108155,25,0,56 9,1,100,,108156,25,0,56 9,1,200,,108157,25,0,56 9,1
5601,'20260512',612,,108158,25,0,56 9,1,45,,108159,8,0,5 56 9,1,55,,108160,25,0,56 9,1,15,,108161,8,0,5 56 9,1,17,,108162,25,0,56 9,1,15,,108163,8,0,5 56 9,1,55,,108164,25,0,56 9,1,30,,108165,25,0,56 9,1,70,,108166,25,0,56 9,1,35,,108167,25,0,56 9,1,68,,108168,25,0,56 9,1,30,,108169,25,0,56 9,1,75,,108170,25,0,56 9,1,30,,108171,25,0,56 9,1,70,,108172,25,0,56 9,1,30,,108173,25,0,56 9,1,70,,108174,25,0,56 9,1,25,,108175,25,0,56 9,1,70,,108176,25,0,56 9,1,30,,108177,25,0,56 9,1,70,,108178,25,0,56 9,1,30,,108179,25,0,56 9,1,70,,108180,25,0,56 9,1,42,,108181,25,0,56 9,1,60,,108182,25,0,56 9,1,35,,108183,25,0,56 9,1,70,,108184,25,0,56 9,1,30,,108186,25,0,56 9,1,65,,108187,25,0,56 9,1,30,,108189,25,0,56 9,1,65,,108190,25,0,56 9,1,30,,108191,25,0,56 9,1,83,,108192,25,0,56 9,1,85,,108193,25,0,56 9,1,100,,108194,25,0,56 9,1,200,,108195,25,0,56 9,1
5601,'20260513',612,,108196,25,0,56 9,1,45,,108197,8,0,5 56 9,1,55,,108198,25,0,56 9,1,15,,108199,8,0,5 56 9,1,17,,108200,25,0,56 9,1,15,,108201,8,0,5 56 9,1,55,,108202,25,0,56 9,1,30,,108203,25,0,56 9,1,70,,108204,25,0,56 9,1,35,,108205,25,0,56 9,1,68,,108206,25,0,56 9,1,30,,108207,25,0,56 9,1,75,,108208,25,0,56 9,1,30,,108209,25,0,56 9,1,70,,108210,25,0,56 9,1,30,,108211,25,0,56 9,1,70,,108212,25,0,56 9,1,25,,108213,25,0,56 9,1,70,,108214,25,0,56 9,1,30,,108215,25,0,56 9,1,70,,108216,25,0,56 9,1,30,,108217,25,0,56 9,1,70,,108218,25,0,56 9,1,42,,108219,25,0,56 9,1,60,,108220,25,0,56 9,1,35,,108221,25,0,56 9,1,70,,108222,25,0,56 9,1,30,,108224,25,0,56 9,1,65,,108225,25,0,56 9,1,30,,108227,25,0,56 9,1,65,,108228,25,0,56 9,1,30,,108229,25,0,56 9,1,83,,108230,25,0,56 9,1,85,,108231,25,0,56 9,1,100,,108232,25,0,56 9,1,200,,108233,25,0,56 9,1
5601,'20260514',612,,108234,25,0,56 9,1,45,,108235,8,0,5 56 9,1,55,,108236,25,0,56 9,1,15,,108237,8,0,5 56 9,1,17,,108238,25,0,56 9,1,15,,108239,8,0,5 56 9,1,55,,108240,25,0,56 9,1,30,,108241,25,0,56 9,1,70,,108242,25,0,56 9,1,35,,108243,25,0,56 9,1,68,,108244,25,0,56 9,1,30,,108245,25,0,56 9,1,75,,108246,25,0,56 9,1,30,,108247,25,0,56 9,1,70,,108248,25,0,56 9,1,30,,108249,25,0,56 9,1,70,,108250,25,0,56 9,1,25,,108251,25,0,56 9,1,70,,108252,25,0,56 9,1,30,,108253,25,0,56 9,1,70,,108254,25,0,56 9,1,30,,108255,25,0,56 9,1,70,,108256,25,0,56 9,1,42,,108257,25,0,56 9,1,60,,108258,25,0,56 9,1,35,,108259,25,0,56 9,1,70,,108260,25,0,56 9,1,30,,108262,25,0,56 9,1,65,,108263,25,0,56 9,1,30,,108265,25,0,56 9,1,65,,108266,25,0,56 9,1,30,,108267,25,0,56 9,1,83,,108268,25,0,56 9,1,85,,108269,25,0,56 9,1,100,,108270,25,0,56 9,1,200,,108271,25,0,56 9,1
5601,'20260515',612,,108272,25,0,56 9,1,45,,108273,8,0,5 56 9,1,55,,108274,25,0,56 9,1,15,,108275,8,0,5 56 9,1,17,,108276,25,0,56 9,1,15,,108277,8,0,5 56 9,1,55,,108278,25,0,56 9,1,30,,108279,25,0,56 9,1,70,,108280,25,0,56 9,1,35,,108281,25,0,56 9,1,68,,108282,25,0,56 9,1,30,,108283,25,0,56 9,1,75,,108284,25,0,56 9,1,30,,108285,25,0,56 9,1,70,,108286,25,0,56 9,1,30,,108287,25,0,56 9,1,70,,108288,25,0,56 9,1,25,,108289,25,0,56 9,1,70,,108290,25,0,56 9,1,30,,108291,25,0,56 9,1,70,,108292,25,0,56 9,1,30,,108293,25,0,56 9,1,70,,108294,25,0,56 9,1,42,,108295,25,0,56 9,1,60,,108296,25,0,56 9,1,35,,108297,25,0,56 9,1,70,,108298,25,0,56 9,1,30,,108300,25,0,56 9,1,65,,108301,25,0,56 9,1,30,,108303,25,0,56 9,1,65,,108304,25,0,56 9,1,30,,108305,25,0,56 9,1,83,,108306,25,0,56 9,1,85,,108307,25,0,56 9,1,100,,108308,25,0,56 9,1,200,,108309,25,0,56 9,1
5601,'20260519',612,,108310,25,0,56 9,1,45,,108311,8,0,5 56 9,1,55,,108312,25,0,56 9,1,15,,108313,8,0,5 56 9,1,17,,108314,25,0,56 9,1,15,,108315,8,0,5 56 9,1,55,,108316,25,0,56 9,1,30,,108317,25,0,56 9,1,70,,108318,25,0,56 9,1,35,,108319,25,0,56 9,1,68,,108320,25,0,56 9,1,30,,108321,25,0,56 9,1,75,,108322,25,0,56 9,1,30,,108323,25,0,56 9,1,70,,108324,25,0,56 9,1,30,,108325,25,0,56 9,1,70,,108326,25,0,56 9,1,25,,108327,25,0,56 9,1,70,,108328,25,0,56 9,1,30,,108329,25,0,56 9,1,70,,108330,25,0,56 9,1,30,,108331,25,0,56 9,1,70,,108332,25,0,56 9,1,42,,108333,25,0,56 9,1,60,,108334,25,0,56 9,1,35,,108335,25,0,56 9,1,70,,108336,25,0,56 9,1,30,,108338,25,0,56 9,1,65,,108339,25,0,56 9,1,30,,108341,25,0,56 9,1,65,,108342,25,0,56 9,1,30,,108343,25,0,56 9,1,83,,108344,25,0,56 9,1,85,,108345,25,0,56 9,1,100,,108346,25,0,56 9,1,200,,108347,25,0,56 9,1
5601,'20260520',612,,108348,25,0,56 9,1,45,,108349,8,0,5 56 9,1,55,,108350,25,0,56 9,1,15,,108351,8,0,5 56 9,1,17,,108352,25,0,56 9,1,15,,108353,8,0,5 56 9,1,55,,108354,25,0,56 9,1,30,,108355,25,0,56 9,1,70,,108356,25,0,56 9,1,35,,108357,25,0,56 9,1,68,,108358,25,0,56 9,1,30,,108359,25,0,56 9,1,75,,108360,25,0,56 9,1,30,,108361,25,0,56 9,1,70,,108362,25,0,56 9,1,30,,108363,25,0,56 9,1,70,,108364,25,0,56 9,1,25,,108365,25,0,56 9,1,70,,108366,25,0,56 9,1,30,,108367,25,0,56 9,1,70,,108368,25,0,56 9,1,30,,108369,25,0,56 9,1,70,,108370,25,0,56 9,1,42,,108371,25,0,56 9,1,60,,108372,25,0,56 9,1,35,,108373,25,0,56 9,1,70,,108374,25,0,56 9,1,30,,108376,25,0,56 9,1,65,,108377,25,0,56 9,1,30,,108379,25,0,56 9,1,65,,108380,25,0,56 9,1,30,,108381,25,0,56 9,1,83,,108382,25,0,56 9,1,85,,108383,25,0,56 9,1,100,,108384,25,0,56 9,1,200,,108385,25,0,56 9,1
5601,'20260521',612,,108386,25,0,56 9,1,45,,108387,8,0,5 56 9,1,55,,108388,25,0,56 9,1,15,,108389,8,0,5 56 9,1,17,,108390,25,0,56 9,1,15,,108391,8,0,5 56 9,1,55,,108392,25,0,56 9,1,30,,108393,25,0,56 9,1,70,,108394,25,0,56 9,1,35,,108395,25,0,56 9,1,68,,108396,25,0,56 9,1,30,,108397,25,0,56 9,1,75,,108398,25,0,56 9,1,30,,108399,25,0,56 9,1,70,,108400,25,0,56 9,1,30,,108401,25,0,56 9,1,70,,108402,25,0,56 9,1,25,,108403,25,0,56 9,1,70,,108404,25,0,56 9,1,30,,108405,25,0,56 9,1,70,,108406,25,0,56 9,1,30,,108407,25,0,56 9,1,70,,108408,25,0,56 9,1,42,,108409,25,0,56 9,1,60,,108410,25,0,56 9,1,35,,108411,25,0,56 9,1,70,,108412,25,0,56 9,1,30,,108414,25,0,56 9,1,65,,108415,25,0,56 9,1,30,,108417,25,0,56 9,1,65,,108418,25,0,56 9,1,30,,108419,25,0,56 9,1,83,,108420,25,0,56 9,1,85,,108421,25,0,56 9,1,100,,108422,25,0,56 9,1,200,,108423,25,0,56 9,1
5601,'20260522',612,,108424,25,0,56 9,1,45,,108425,8,0,5 56 9,1,55,,108426,25,0,56 9,1,15,,108427,8,0,5 56 9,1,17,,108428,25,0,56 9,1,15,,108429,8,0,5 56 9,1,55,,108430,25,0,56 9,1,30,,108431,25,0,56 9,1,70,,108432,25,0,56 9,1,35,,108433,25,0,56 9,1,68,,108434,25,0,56 9,1,30,,108435,25,0,56 9,1,75,,108436,25,0,56 9,1,30,,108437,25,0,56 9,1,70,,108438,25,0,56 9,1,30,,108439,25,0,56 9,1,70,,108440,25,0,56 9,1,25,,108441,25,0,56 9,1,70,,108442,25,0,56 9,1,30,,108443,25,0,56 9,1,70,,108444,25,0,56 9,1,30,,108445,25,0,56 9,1,70,,108446,25,0,56 9,1,42,,108447,25,0,56 9,1,60,,108448,25,0,56 9,1,35,,108449,25,0,56 9,1,70,,108450,25,0,56 9,1,30,,108452,25,0,56 9,1,65,,108453,25,0,56 9,1,30,,108455,25,0,56 9,1,65,,108456,25,0,56 9,1,30,,108457,25,0,56 9,1,83,,108458,25,0,56 9,1,85,,108459,25,0,56 9,1,100,,108460,25,0,56 9,1,200,,108461,25,0,56 9,1
5601,'20260525',612,,108462,25,0,56 9,1,45,,108463,8,0,5 56 9,1,55,,108464,25,0,56 9,1,15,,108465,8,0,5 56 9,1,17,,108466,25,0,56 9,1,15,,108467,8,0,5 56 9,1,55,,108468,25,0,56 9,1,30,,108469,25,0,56 9,1,70,,108470,25,0,56 9,1,35,,108471,25,0,56 9,1,68,,108472,25,0,56 9,1,30,,108473,25,0,56 9,1,75,,108474,25,0,56 9,1,30,,108475,25,0,56 9,1,70,,108476,25,0,56 9,1,30,,108477,25,0,56 9,1,70,,108478,25,0,56 9,1,25,,108479,25,0,56 9,1,70,,108480,25,0,56 9,1,30,,108481,25,0,56 9,1,70,,108482,25,0,56 9,1,30,,108483,25,0,56 9,1,70,,108484,25,0,56 9,1,42,,108485,25,0,56 9,1,60,,108486,25,0,56 9,1,35,,108487,25,0,56 9,1,70,,108488,25,0,56 9,1,30,,108490,25,0,56 9,1,65,,108491,25,0,56 9,1,30,,108493,25,0,56 9,1,65,,108494,25,0,56 9,1,30,,108495,25,0,56 9,1,83,,108496,25,0,56 9,1,85,,108497,25,0,56 9,1,100,,108498,25,0,56 9,1,200,,108499,25,0,56 9,1
5601,'20260526',612,,108500,25,0,56 9,1,45,,108501,8,0,5 56 9,1,55,,108502,25,0,56 9,1,15,,108503,8,0,5 56 9,1,17,,108504,25,0,56 9,1,15,,108505,8,0,5 56 9,1,55,,108506,25,0,56 9,1,30,,108507,25,0,56 9,1,70,,108508,25,0,56 9,1,35,,108509,25,0,56 9,1,68,,108510,25,0,56 9,1,30,,108511,25,0,56 9,1,75,,108512,25,0,56 9,1,30,,108513,25,0,56 9,1,70,,108514,25,0,56 9,1,30,,108515,25,0,56 9,1,70,,108516,25,0,56 9,1,25,,108517,25,0,56 9,1,70,,108518,25,0,56 9,1,30,,108519,25,0,56 9,1,70,,108520,25,0,56 9,1,30,,108521,25,0,56 9,1,70,,108522,25,0,56 9,1,42,,108523,25,0,56 9,1,60,,108524,25,0,56 9,1,35,,108525,25,0,56 9,1,70,,108526,25,0,56 9,1,30,,108528,25,0,56 9,1,65,,108529,25,0,56 9,1,30,,108531,25,0,56 9,1,65,,108532,25,0,56 9,1,30,,108533,25,0,56 9,1,83,,108534,25,0,56 9,1,85,,108535,25,0,56 9,1,100,,108536,25,0,56 9,1,200,,108537,25,0,56 9,1
5601,'20260527',612,,108538,25,0,56 9,1,45,,108539,8,0,5 56 9,1,55,,108540,25,0,56 9,1,15,,108541,8,0,5 56 9,1,17,,108542,25,0,56 9,1,15,,108543,8,0,5 56 9,1,55,,108544,25,0,56 9,1,30,,108545,25,0,56 9,1,70,,108546,25,0,56 9,1,35,,108547,25,0,56 9,1,68,,108548,25,0,56 9,1,30,,108549,25,0,56 9,1,75,,108550,25,0,56 9,1,30,,108551,25,0,56 9,1,70,,108552,25,0,56 9,1,30,,108553,25,0,56 9,1,70,,108554,25,0,56 9,1,25,,108555,25,0,56 9,1,70,,108556,25,0,56 9,1,30,,108557,25,0,56 9,1,70,,108558,25,0,56 9,1,30,,108559,25,0,56 9,1,70,,108560,25,0,56 9,1,42,,108561,25,0,56 9,1,60,,108562,25,0,56 9,1,35,,108563,25,0,56 9,1,70,,108564,25,0,56 9,1,30,,108566,25,0,56 9,1,65,,108567,25,0,56 9,1,30,,108569,25,0,56 9,1,65,,108570,25,0,56 9,1,30,,108571,25,0,56 9,1,83,,108572,25,0,56 9,1,85,,108573,25,0,56 9,1,100,,108574,25,0,56 9,1,200,,108575,25,0,56 9,1
5601,'20260528',612,,108576,25,0,56 9,1,45,,108577,8,0,5 56 9,1,55,,108578,25,0,56 9,1,15,,108579,8,0,5 56 9,1,17,,108580,25,0,56 9,1,15,,108581,8,0,5 56 9,1,55,,108582,25,0,56 9,1,30,,108583,25,0,56 9,1,70,,108584,25,0,56 9,1,35,,108585,25,0,56 9,1,68,,108586,25,0,56 9,1,30,,108587,25,0,56 9,1,75,,108588,25,0,56 9,1,30,,108589,25,0,56 9,1,70,,108590,25,0,56 9,1,30,,108591,25,0,56 9,1,70,,108592,25,0,56 9,1,25,,108593,25,0,56 9,1,70,,108594,25,0,56 9,1,30,,108595,25,0,56 9,1,70,,108596,25,0,56 9,1,30,,108597,25,0,56 9,1,70,,108598,25,0,56 9,1,42,,108599,25,0,56 9,1,60,,108600,25,0,56 9,1,35,,108601,25,0,56 9,1,70,,108602,25,0,56 9,1,30,,108604,25,0,56 9,1,65,,108605,25,0,56 9,1,30,,108607,25,0,56 9,1,65,,108608,25,0,56 9,1,30,,108609,25,0,56 9,1,83,,108610,25,0,56 9,1,85,,108611,25,0,56 9,1,100,,108612,25,0,56 9,1,200,,108613,25,0,56 9,1
5601,'20260529',612,,108614,25,0,56 9,1,45,,108615,8,0,5 56 9,1,55,,108616,25,0,56 9,1,15,,108617,8,0,5 56 9,1,17,,108618,25,0,56 9,1,15,,108619,8,0,5 56 9,1,55,,108620,25,0,56 9,1,30,,108621,25,0,56 9,1,70,,108622,25,0,56 9,1,35,,108623,25,0,56 9,1,68,,108624,25,0,56 9,1,30,,108625,25,0,56 9,1,75,,108626,25,0,56 9,1,30,,108627,25,0,56 9,1,70,,108628,25,0,56 9,1,30,,108629,25,0,56 9,1,70,,108630,25,0,56 9,1,25,,108631,25,0,56 9,1,70,,108632,25,0,56 9,1,30,,108633,25,0,56 9,1,70,,108634,25,0,56 9,1,30,,108635,25,0,56 9,1,70,,108636,25,0,56 9,1,42,,108637,25,0,56 9,1,60,,108638,25,0,56 9,1,35,,108639,25,0,56 9,1,70,,108640,25,0,56 9,1,30,,108642,25,0,56 9,1,65,,108643,25,0,56 9,1,30,,108645,25,0,56 9,1,65,,108646,25,0,56 9,1,30,,108647,25,0,56 9,1,83,,108648,25,0,56 9,1,85,,108649,25,0,56 9,1,100,,108650,25,0,56 9,1,200,,108651,25,0,56 9,1
5601,'20260601',612,,108652,25,0,56 9,1,45,,108653,8,0,5 56 9,1,55,,108654,25,0,56 9,1,15,,108655,8,0,5 56 9,1,17,,108656,25,0,56 9,1,15,,108657,8,0,5 56 9,1,55,,108658,25,0,56 9,1,30,,108659,25,0,56 9,1,70,,108660,25,0,56 9,1,35,,108661,25,0,56 9,1,68,,108662,25,0,56 9,1,30,,108663,25,0,56 9,1,75,,108664,25,0,56 9,1,30,,108665,25,0,56 9,1,70,,108666,25,0,56 9,1,30,,108667,25,0,56 9,1,70,,108668,25,0,56 9,1,25,,108669,25,0,56 9,1,70,,108670,25,0,56 9,1,30,,108671,25,0,56 9,1,70,,108672,25,0,56 9,1,30,,108673,25,0,56 9,1,70,,108674,25,0,56 9,1,42,,108675,25,0,56 9,1,60,,108676,25,0,56 9,1,35,,108677,25,0,56 9,1,70,,108678,25,0,56 9,1,30,,108680,25,0,56 9,1,65,,108681,25,0,56 9,1,30,,108683,25,0,56 9,1,65,,108684,25,0,56 9,1,30,,108685,25,0,56 9,1,83,,108686,25,0,56 9,1,85,,108687,25,0,56 9,1,100,,108688,25,0,56 9,1,200,,108689,25,0,56 9,1
5601,'20260602',612,,108690,25,0,56 9,1,45,,108691,8,0,5 56 9,1,55,,108692,25,0,56 9,1,15,,108693,8,0,5 56 9,1,17,,108694,25,0,56 9,1,15,,108695,8,0,5 56 9,1,55,,108696,25,0,56 9,1,30,,108697,25,0,56 9,1,70,,108698,25,0,56 9,1,35,,108699,25,0,56 9,1,68,,108700,25,0,56 9,1,30,,108701,25,0,56 9,1,75,,108702,25,0,56 9,1,30,,108703,25,0,56 9,1,70,,108704,25,0,56 9,1,30,,108705,25,0,56 9,1,70,,108706,25,0,56 9,1,25,,108707,25,0,56 9,1,70,,108708,25,0,56 9,1,30,,108709,25,0,56 9,1,70,,108710,25,0,56 9,1,30,,108711,25,0,56 9,1,70,,108712,25,0,56 9,1,42,,108713,25,0,56 9,1,60,,108714,25,0,56 9,1,35,,108715,25,0,56 9,1,70,,108716,25,0,56 9,1,30,,108718,25,0,56 9,1,65,,108719,25,0,56 9,1,30,,108721,25,0,56 9,1,65,,108722,25,0,56 9,1,30,,108723,25,0,56 9,1,83,,108724,25,0,56 9,1,85,,108725,25,0,56 9,1,100,,108726,25,0,56 9,1,200,,108727,25,0,56 9,1
5601,'20260603',612,,108728,25,0,56 9,1,45,,108729,8,0,5 56 9,1,55,,108730,25,0,56 9,1,15,,108731,8,0,5 56 9,1,17,,108732,25,0,56 9,1,15,,108733,8,0,5 56 9,1,55,,108734,25,0,56 9,1,30,,108735,25,0,56 9,1,70,,108736,25,0,56 9,1,35,,108737,25,0,56 9,1,68,,108738,25,0,56 9,1,30,,108739,25,0,56 9,1,75,,108740,25,0,56 9,1,30,,108741,25,0,56 9,1,70,,108742,25,0,56 9,1,30,,108743,25,0,56 9,1,70,,108744,25,0,56 9,1,25,,108745,25,0,56 9,1,70,,108746,25,0,56 9,1,30,,108747,25,0,56 9,1,70,,108748,25,0,56 9,1,30,,108749,25,0,56 9,1,70,,108750,25,0,56 9,1,42,,108751,25,0,56 9,1,60,,108752,25,0,56 9,1,35,,108753,25,0,56 9,1,70,,108754,25,0,56 9,1,30,,108756,25,0,56 9,1,65,,108757,25,0,56 9,1,30,,108759,25,0,56 9,1,65,,108760,25,0,56 9,1,30,,108761,25,0,56 9,1,83,,108762,25,0,56 9,1,85,,108763,25,0,56 9,1,100,,108764,25,0,56 9,1,200,,108765,25,0,56 9,1
5601,'20260604',612,,108766,25,0,56 9,1,45,,108767,8,0,5 56 9,1,55,,108768,25,0,56 9,1,15,,108769,8,0,5 56 9,1,17,,108770,25,0,56 9,1,15,,108771,8,0,5 56 9,1,55,,108772,25,0,56 9,1,30,,108773,25,0,56 9,1,70,,108774,25,0,56 9,1,35,,108775,25,0,56 9,1,68,,108776,25,0,56 9,1,30,,108777,25,0,56 9,1,75,,108778,25,0,56 9,1,30,,108779,25,0,56 9,1,70,,108780,25,0,56 9,1,30,,108781,25,0,56 9,1,70,,108782,25,0,56 9,1,25,,108783,25,0,56 9,1,70,,108784,25,0,56 9,1,30,,108785,25,0,56 9,1,70,,108786,25,0,56 9,1,30,,108787,25,0,56 9,1,70,,108788,25,0,56 9,1,42,,108789,25,0,56 9,1,60,,108790,25,0,56 9,1,35,,108791,25,0,56 9,1,70,,108792,25,0,56 9,1,30,,108794,25,0,56 9,1,65,,108795,25,0,56 9,1,30,,108797,25,0,56 9,1,65,,108798,25,0,56 9,1,30,,108799,25,0,56 9,1,83,,108800,25,0,56 9,1,85,,108801,25,0,56 9,1,100,,108802,25,0,56 9,1,200,,108803,25,0,56 9,1
5601,'20260605',612,,108804,25,0,56 9,1,45,,108805,8,0,5 56 9,1,55,,108806,25,0,56 9,1,15,,108807,8,0,5 56 9,1,17,,108808,25,0,56 9,1,15,,108809,8,0,5 56 9,1,55,,108810,25,0,56 9,1,30,,108811,25,0,56 9,1,70,,108812,25,0,56 9,1,35,,108813,25,0,56 9,1,68,,108814,25,0,56 9,1,30,,108815,25,0,56 9,1,75,,108816,25,0,56 9,1,30,,108817,25,0,56 9,1,70,,108818,25,0,56 9,1,30,,108819,25,0,56 9,1,70,,108820,25,0,56 9,1,25,,108821,25,0,56 9,1,70,,108822,25,0,56 9,1,30,,108823,25,0,56 9,1,70,,108824,25,0,56 9,1,30,,108825,25,0,56 9,1,70,,108826,25,0,56 9,1,42,,108827,25,0,56 9,1,60,,108828,25,0,56 9,1,35,,108829,25,0,56 9,1,70,,108830,25,0,56 9,1,30,,108832,25,0,56 9,1,65,,108833,25,0,56 9,1,30,,108835,25,0,56 9,1,65,,108836,25,0,56 9,1,30,,108837,25,0,56 9,1,83,,108838,25,0,56 9,1,85,,108839,25,0,56 9,1,100,,108840,25,0,56 9,1,200,,108841,25,0,56 9,1
5601,'20260608',612,,108842,25,0,56 9,1,45,,108843,8,0,5 56 9,1,55,,108844,25,0,56 9,1,15,,108845,8,0,5 56 9,1,17,,108846,25,0,56 9,1,15,,108847,8,0,5 56 9,1,55,,108848,25,0,56 9,1,30,,108849,25,0,56 9,1,70,,108850,25,0,56 9,1,35,,108851,25,0,56 9,1,68,,108852,25,0,56 9,1,30,,108853,25,0,56 9,1,75,,108854,25,0,56 9,1,30,,108855,25,0,56 9,1,70,,108856,25,0,56 9,1,30,,108857,25,0,56 9,1,70,,108858,25,0,56 9,1,25,,108859,25,0,56 9,1,70,,108860,25,0,56 9,1,30,,108861,25,0,56 9,1,70,,108862,25,0,56 9,1,30,,108863,25,0,56 9,1,70,,108864,25,0,56 9,1,42,,108865,25,0,56 9,1,60,,108866,25,0,56 9,1,35,,108867,25,0,56 9,1,70,,108868,25,0,56 9,1,30,,108870,25,0,56 9,1,65,,108871,25,0,56 9,1,30,,108873,25,0,56 9,1,65,,108874,25,0,56 9,1,30,,108875,25,0,56 9,1,83,,108876,25,0,56 9,1,85,,108877,25,0,56 9,1,100,,108878,25,0,56 9,1,200,,108879,25,0,56 9,1
5601,'20260609',612,,108880,25,0,56 9,1,45,,108881,8,0,5 56 9,1,55,,108882,25,0,56 9,1,15,,108883,8,0,5 56 9,1,17,,108884,25,0,56 9,1,15,,108885,8,0,5 56 9,1,55,,108886,25,0,56 9,1,30,,108887,25,0,56 9,1,70,,108888,25,0,56 9,1,35,,108889,25,0,56 9,1,68,,108890,25,0,56 9,1,30,,108891,25,0,56 9,1,75,,108892,25,0,56 9,1,30,,108893,25,0,56 9,1,70,,108894,25,0,56 9,1,30,,108895,25,0,56 9,1,70,,108896,25,0,56 9,1,25,,108897,25,0,56 9,1,70,,108898,25,0,56 9,1,30,,108899,25,0,56 9,1,70,,108900,25,0,56 9,1,30,,108901,25,0,56 9,1,70,,108902,25,0,56 9,1,42,,108903,25,0,56 9,1,60,,108904,25,0,56 9,1,35,,108905,25,0,56 9,1,70,,108906,25,0,56 9,1,30,,108908,25,0,56 9,1,65,,108909,25,0,56 9,1,30,,108911,25,0,56 9,1,65,,108912,25,0,56 9,1,30,,108913,25,0,56 9,1,83,,108914,25,0,56 9,1,85,,108915,25,0,56 9,1,100,,108916,25,0,56 9,1,200,,108917,25,0,56 9,1
5601,'20260610',612,,108918,25,0,56 9,1,45,,108919,8,0,5 56 9,1,55,,108920,25,0,56 9,1,15,,108921,8,0,5 56 9,1,17,,108922,25,0,56 9,1,15,,108923,8,0,5 56 9,1,55,,108924,25,0,56 9,1,30,,108925,25,0,56 9,1,70,,108926,25,0,56 9,1,35,,108927,25,0,56 9,1,68,,108928,25,0,56 9,1,30,,108929,25,0,56 9,1,75,,108930,25,0,56 9,1,30,,108931,25,0,56 9,1,70,,108932,25,0,56 9,1,30,,108933,25,0,56 9,1,70,,108934,25,0,56 9,1,25,,108935,25,0,56 9,1,70,,108936,25,0,56 9,1,30,,108937,25,0,56 9,1,70,,108938,25,0,56 9,1,30,,108939,25,0,56 9,1,70,,108940,25,0,56 9,1,42,,108941,25,0,56 9,1,60,,108942,25,0,56 9,1,35,,108943,25,0,56 9,1,70,,108944,25,0,56 9,1,30,,108946,25,0,56 9,1,65,,108947,25,0,56 9,1,30,,108949,25,0,56 9,1,65,,108950,25,0,56 9,1,30,,108951,25,0,56 9,1,83,,108952,25,0,56 9,1,85,,108953,25,0,56 9,1,100,,108954,25,0,56 9,1,200,,108955,25,0,56 9,1
5601,'20260611',612,,108956,25,0,56 9,1,45,,108957,8,0,5 56 9,1,55,,108958,25,0,56 9,1,15,,108959,8,0,5 56 9,1,17,,108960,25,0,56 9,1,15,,108961,8,0,5 56 9,1,55,,108962,25,0,56 9,1,30,,108963,25,0,56 9,1,70,,108964,25,0,56 9,1,35,,108965,25,0,56 9,1,68,,108966,25,0,56 9,1,30,,108967,25,0,56 9,1,75,,108968,25,0,56 9,1,30,,108969,25,0,56 9,1,70,,108970,25,0,56 9,1,30,,108971,25,0,56 9,1,70,,108972,25,0,56 9,1,25,,108973,25,0,56 9,1,70,,108974,25,0,56 9,1,30,,108975,25,0,56 9,1,70,,108976,25,0,56 9,1,30,,108977,25,0,56 9,1,70,,108978,25,0,56 9,1,42,,108979,25,0,56 9,1,60,,108980,25,0,56 9,1,35,,108981,25,0,56 9,1,70,,108982,25,0,56 9,1,30,,108984,25,0,56 9,1,65,,108985,25,0,56 9,1,30,,108987,25,0,56 9,1,65,,108988,25,0,56 9,1,30,,108989,25,0,56 9,1,83,,108990,25,0,56 9,1,85,,108991,25,0,56 9,1,100,,108992,25,0,56 9,1,200,,108993,25,0,56 9,1
5601,'20260612',612,,108994,25,0,56 9,1,45,,108995,8,0,5 56 9,1,55,,108996,25,0,56 9,1,15,,108997,8,0,5 56 9,1,17,,108998,25,0,56 9,1,15,,108999,8,0,5 56 9,1,55,,109000,25,0,56 9,1,30,,109001,25,0,56 9,1,70,,109002,25,0,56 9,1,35,,109003,25,0,56 9,1,68,,109004,25,0,56 9,1,30,,109005,25,0,56 9,1,75,,109006,25,0,56 9,1,30,,109007,25,0,56 9,1,70,,109008,25,0,56 9,1,30,,109009,25,0,56 9,1,70,,109010,25,0,56 9,1,25,,109011,25,0,56 9,1,70,,109012,25,0,56 9,1,30,,109013,25,0,56 9,1,70,,109014,25,0,56 9,1,30,,109015,25,0,56 9,1,70,,109016,25,0,56 9,1,42,,109017,25,0,56 9,1,60,,109018,25,0,56 9,1,35,,109019,25,0,56 9,1,70,,109020,25,0,56 9,1,30,,109022,25,0,56 9,1,65,,109023,25,0,56 9,1,30,,109025,25,0,56 9,1,65,,109026,25,0,56 9,1,30,,109027,25,0,56 9,1,83,,109028,25,0,56 9,1,85,,109029,25,0,56 9,1,100,,109030,25,0,56 9,1,200,,109031,25,0,56 9,1
