5201,'20260716',644,,197532,7,0,7 20 39,1
5201,'20260717',644,,197533,7,0,7 20 39,1
5201,'20260718',649,,197534,7,0,78 99 100,1,196,,197535,7,0,78 99 100,1,195,,197536,7,0,78 99 100,1,100,,197537,7,0,20 39,1,100,,197538,7,0,78 99 100,1,100,,197539,7,0,20 39,1,100,,197540,7,0,78 99 100,1,100,,197541,7,0,20 39,1,100,,197542,7,0,78 99 100,1,100,,197543,7,0,20 39,1,100,,197544,7,0,78 99 100,1,105,,197545,7,0,20 39,1,200,,197546,7,0,78 99 100,1
5201,'20260719',649,,197547,7,0,78 99 100,1,196,,197548,7,0,78 99 100,1,195,,197549,7,0,78 99 100,1,100,,197550,7,0,20 39,1,100,,197551,7,0,78 99 100,1,100,,197552,7,0,20 39,1,100,,197553,7,0,78 99 100,1,100,,197554,7,0,20 39,1,100,,197555,7,0,78 99 100,1,100,,197556,7,0,20 39,1,100,,197557,7,0,78 99 100,1,105,,197558,7,0,20 39,1,200,,197559,7,0,78 99 100,1
5201,'20260720',644,,197560,7,0,7 20 39,1
5201,'20260721',644,,197561,7,0,7 20 39,1
5201,'20260722',644,,197562,7,0,7 20 39,1
5201,'20260723',644,,197563,7,0,7 20 39,1
5201,'20260724',644,,197564,7,0,7 20 39,1
5201,'20260725',649,,197565,7,0,78 99 100,1,196,,197566,7,0,78 99 100,1,195,,197567,7,0,78 99 100,1,100,,197568,7,0,20 39,1,100,,197569,7,0,78 99 100,1,100,,197570,7,0,20 39,1,100,,197571,7,0,78 99 100,1,100,,197572,7,0,20 39,1,100,,197573,7,0,78 99 100,1,100,,197574,7,0,20 39,1,100,,197575,7,0,78 99 100,1,105,,197576,7,0,20 39,1,200,,197577,7,0,78 99 100,1
5201,'20260726',649,,197578,7,0,78 99 100,1,196,,197579,7,0,78 99 100,1,195,,197580,7,0,78 99 100,1,100,,197581,7,0,20 39,1,100,,197582,7,0,78 99 100,1,100,,197583,7,0,20 39,1,100,,197584,7,0,78 99 100,1,100,,197585,7,0,20 39,1,100,,197586,7,0,78 99 100,1,100,,197587,7,0,20 39,1,100,,197588,7,0,78 99 100,1,105,,197589,7,0,20 39,1,200,,197590,7,0,78 99 100,1
5201,'20260727',644,,197591,7,0,7 20 39,1
5201,'20260728',644,,197592,7,0,7 20 39,1
5201,'20260729',644,,197593,7,0,7 20 39,1
5201,'20260730',644,,197594,7,0,7 20 39,1
5201,'20260731',644,,197595,7,0,7 20 39,1
5201,'20260801',649,,197596,7,0,78 99 100,1,196,,197597,7,0,78 99 100,1,195,,197598,7,0,78 99 100,1,100,,197599,7,0,20 39,1,100,,197600,7,0,78 99 100,1,100,,197601,7,0,20 39,1,100,,197602,7,0,78 99 100,1,100,,197603,7,0,20 39,1,100,,197604,7,0,78 99 100,1,100,,197605,7,0,20 39,1,100,,197606,7,0,78 99 100,1,105,,197607,7,0,20 39,1,200,,197608,7,0,78 99 100,1
5201,'20260802',649,,197609,7,0,78 99 100,1,196,,197610,7,0,78 99 100,1,195,,197611,7,0,78 99 100,1,100,,197612,7,0,20 39,1,100,,197613,7,0,78 99 100,1,100,,197614,7,0,20 39,1,100,,197615,7,0,78 99 100,1,100,,197616,7,0,20 39,1,100,,197617,7,0,78 99 100,1,100,,197618,7,0,20 39,1,100,,197619,7,0,78 99 100,1,105,,197620,7,0,20 39,1,200,,197621,7,0,78 99 100,1
5201,'20260803',649,,197622,7,0,78 99 100,1,196,,197623,7,0,78 99 100,1,195,,197624,7,0,78 99 100,1,100,,197625,7,0,20 39,1,100,,197626,7,0,78 99 100,1,100,,197627,7,0,20 39,1,100,,197628,7,0,78 99 100,1,100,,197629,7,0,20 39,1,100,,197630,7,0,78 99 100,1,100,,197631,7,0,20 39,1,100,,197632,7,0,78 99 100,1,105,,197633,7,0,20 39,1,200,,197634,7,0,78 99 100,1
5201,'20260804',644,,197635,7,0,7 20 39,1
5201,'20260805',644,,197636,7,0,7 20 39,1
5201,'20260806',644,,197637,7,0,7 20 39,1
5201,'20260807',644,,197638,7,0,7 20 39,1
5201,'20260808',649,,197639,7,0,78 99 100,1,196,,197640,7,0,78 99 100,1,195,,197641,7,0,78 99 100,1,100,,197642,7,0,20 39,1,100,,197643,7,0,78 99 100,1,100,,197644,7,0,20 39,1,100,,197645,7,0,78 99 100,1,100,,197646,7,0,20 39,1,100,,197647,7,0,78 99 100,1,100,,197648,7,0,20 39,1,100,,197649,7,0,78 99 100,1,105,,197650,7,0,20 39,1,200,,197651,7,0,78 99 100,1
5201,'20260809',649,,197652,7,0,78 99 100,1,196,,197653,7,0,78 99 100,1,195,,197654,7,0,78 99 100,1,100,,197655,7,0,20 39,1,100,,197656,7,0,78 99 100,1,100,,197657,7,0,20 39,1,100,,197658,7,0,78 99 100,1,100,,197659,7,0,20 39,1,100,,197660,7,0,78 99 100,1,100,,197661,7,0,20 39,1,100,,197662,7,0,78 99 100,1,105,,197663,7,0,20 39,1,200,,197664,7,0,78 99 100,1
5201,'20260810',644,,197665,7,0,7 20 39,1
5201,'20260811',644,,197666,7,0,7 20 39,1
5201,'20260812',644,,197667,7,0,7 20 39,1
5201,'20260813',644,,197668,7,0,7 20 39,1
5201,'20260814',644,,197669,7,0,7 20 39,1
5201,'20260815',649,,197670,7,0,78 99 100,1,196,,197671,7,0,78 99 100,1,195,,197672,7,0,78 99 100,1,100,,197673,7,0,20 39,1,100,,197674,7,0,78 99 100,1,100,,197675,7,0,20 39,1,100,,197676,7,0,78 99 100,1,100,,197677,7,0,20 39,1,100,,197678,7,0,78 99 100,1,100,,197679,7,0,20 39,1,100,,197680,7,0,78 99 100,1,105,,197681,7,0,20 39,1,200,,197682,7,0,78 99 100,1
5201,'20260816',649,,197683,7,0,78 99 100,1,196,,197684,7,0,78 99 100,1,195,,197685,7,0,78 99 100,1,100,,197686,7,0,20 39,1,100,,197687,7,0,78 99 100,1,100,,197688,7,0,20 39,1,100,,197689,7,0,78 99 100,1,100,,197690,7,0,20 39,1,100,,197691,7,0,78 99 100,1,100,,197692,7,0,20 39,1,100,,197693,7,0,78 99 100,1,105,,197694,7,0,20 39,1,200,,197695,7,0,78 99 100,1
5201,'20260817',644,,197696,7,0,7 20 39,1
5201,'20260818',644,,197697,7,0,7 20 39,1
5201,'20260819',644,,197698,7,0,7 20 39,1
5201,'20260820',644,,197699,7,0,7 20 39,1
5201,'20260821',644,,197700,7,0,7 20 39,1
5201,'20260822',649,,197701,7,0,78 99 100,1,196,,197702,7,0,78 99 100,1,195,,197703,7,0,78 99 100,1,100,,197704,7,0,20 39,1,100,,197705,7,0,78 99 100,1,100,,197706,7,0,20 39,1,100,,197707,7,0,78 99 100,1,100,,197708,7,0,20 39,1,100,,197709,7,0,78 99 100,1,100,,197710,7,0,20 39,1,100,,197711,7,0,78 99 100,1,105,,197712,7,0,20 39,1,200,,197713,7,0,78 99 100,1
5201,'20260823',649,,197714,7,0,78 99 100,1,196,,197715,7,0,78 99 100,1,195,,197716,7,0,78 99 100,1,100,,197717,7,0,20 39,1,100,,197718,7,0,78 99 100,1,100,,197719,7,0,20 39,1,100,,197720,7,0,78 99 100,1,100,,197721,7,0,20 39,1,100,,197722,7,0,78 99 100,1,100,,197723,7,0,20 39,1,100,,197724,7,0,78 99 100,1,105,,197725,7,0,20 39,1,200,,197726,7,0,78 99 100,1
5201,'20260824',644,,197727,7,0,7 20 39,1
5201,'20260825',644,,197728,7,0,7 20 39,1
5201,'20260826',644,,197729,7,0,7 20 39,1
5201,'20260827',644,,197730,7,0,7 20 39,1
5201,'20260828',644,,197731,7,0,7 20 39,1
5201,'20260829',649,,197732,7,0,78 99 100,1,196,,197733,7,0,78 99 100,1,195,,197734,7,0,78 99 100,1,100,,197735,7,0,20 39,1,100,,197736,7,0,78 99 100,1,100,,197737,7,0,20 39,1,100,,197738,7,0,78 99 100,1,100,,197739,7,0,20 39,1,100,,197740,7,0,78 99 100,1,100,,197741,7,0,20 39,1,100,,197742,7,0,78 99 100,1,105,,197743,7,0,20 39,1,200,,197744,7,0,78 99 100,1
5201,'20260830',649,,197745,7,0,78 99 100,1,196,,197746,7,0,78 99 100,1,195,,197747,7,0,78 99 100,1,100,,197748,7,0,20 39,1,100,,197749,7,0,78 99 100,1,100,,197750,7,0,20 39,1,100,,197751,7,0,78 99 100,1,100,,197752,7,0,20 39,1,100,,197753,7,0,78 99 100,1,100,,197754,7,0,20 39,1,100,,197755,7,0,78 99 100,1,105,,197756,7,0,20 39,1,200,,197757,7,0,78 99 100,1
5201,'20260831',644,,197758,7,0,7 20 39,1
5201,'20260901',644,,197759,7,0,7 20 39,1
5201,'20260902',644,,197760,7,0,7 20 39,1
5201,'20260903',644,,197761,7,0,7 20 39,1
5201,'20260904',644,,197762,7,0,7 20 39,1
5601,'20260716',402,,200687,7,,,1,55,,200689,7,,,1,70,,200691,7,,,1,25,,200693,7,,,1,68,,200694,7,,,1,30,,200695,7,,,1,75,,200696,7,,,1,25,,200697,7,,,1,70,,200698,7,,,1,35,,200699,7,,,1,70,,200700,7,,,1,30,,200701,7,,,1,70,,200702,7,,,1,30,,200703,7,,,1,68,,200704,7,,,1,30,,200705,7,,,1,70,,200706,7,,,1,30,,200707,7,,,1,67,,200708,7,,,1,30,,200709,7,,,1,77,,200710,7,,,1,20,,200711,7,,,1,70,,200712,7,,,1,30,,200713,7,,,1,56,,200714,7,0,7 40 41,1,16,,200715,7,,,1,30,,200716,7,,,1,55,,200717,7,0,7 40 41,1,15,,200718,7,,,1,30,,200719,7,,,1,70,,200720,7,,,1,85,,200721,7,,,1,53,,200722,7,,,1,100,,200723,7,,,1,244,,200724,7,,,1
5601,'20260717',402,,200725,7,,,1,55,,200727,7,,,1,70,,200729,7,,,1,25,,200731,7,,,1,68,,200732,7,,,1,30,,200733,7,,,1,75,,200734,7,,,1,25,,200735,7,,,1,70,,200736,7,,,1,35,,200737,7,,,1,70,,200738,7,,,1,30,,200739,7,,,1,70,,200740,7,,,1,30,,200741,7,,,1,68,,200742,7,,,1,30,,200743,7,,,1,70,,200744,7,,,1,30,,200745,7,,,1,67,,200746,7,,,1,30,,200747,7,,,1,77,,200748,7,,,1,20,,200749,7,,,1,70,,200750,7,,,1,30,,200751,7,,,1,56,,200752,7,0,7 40 41,1,16,,200753,7,,,1,30,,200754,7,,,1,55,,200755,7,0,7 40 41,1,15,,200756,7,,,1,30,,200757,7,,,1,70,,200758,7,,,1,85,,200759,7,,,1,53,,200760,7,,,1,100,,200761,7,,,1,244,,200762,7,,,1
5601,'20260720',402,,200763,7,,,1,55,,200765,7,,,1,70,,200767,7,,,1,25,,200769,7,,,1,68,,200770,7,,,1,30,,200771,7,,,1,75,,200772,7,,,1,25,,200773,7,,,1,70,,200774,7,,,1,35,,200775,7,,,1,70,,200776,7,,,1,30,,200777,7,,,1,70,,200778,7,,,1,30,,200779,7,,,1,68,,200780,7,,,1,30,,200781,7,,,1,70,,200782,7,,,1,30,,200783,7,,,1,67,,200784,7,,,1,30,,200785,7,,,1,77,,200786,7,,,1,20,,200787,7,,,1,70,,200788,7,,,1,30,,200789,7,,,1,56,,200790,7,0,7 40 41,1,16,,200791,7,,,1,30,,200792,7,,,1,55,,200793,7,0,7 40 41,1,15,,200794,7,,,1,30,,200795,7,,,1,70,,200796,7,,,1,85,,200797,7,,,1,53,,200798,7,,,1,100,,200799,7,,,1,244,,200800,7,,,1
5601,'20260721',402,,200801,7,,,1,55,,200803,7,,,1,70,,200805,7,,,1,25,,200807,7,,,1,68,,200808,7,,,1,30,,200809,7,,,1,75,,200810,7,,,1,25,,200811,7,,,1,70,,200812,7,,,1,35,,200813,7,,,1,70,,200814,7,,,1,30,,200815,7,,,1,70,,200816,7,,,1,30,,200817,7,,,1,68,,200818,7,,,1,30,,200819,7,,,1,70,,200820,7,,,1,30,,200821,7,,,1,67,,200822,7,,,1,30,,200823,7,,,1,77,,200824,7,,,1,20,,200825,7,,,1,70,,200826,7,,,1,30,,200827,7,,,1,56,,200828,7,0,7 40 41,1,16,,200829,7,,,1,30,,200830,7,,,1,55,,200831,7,0,7 40 41,1,15,,200832,7,,,1,30,,200833,7,,,1,70,,200834,7,,,1,85,,200835,7,,,1,53,,200836,7,,,1,100,,200837,7,,,1,244,,200838,7,,,1
5601,'20260722',402,,200839,7,,,1,55,,200841,7,,,1,70,,200843,7,,,1,25,,200845,7,,,1,68,,200846,7,,,1,30,,200847,7,,,1,75,,200848,7,,,1,25,,200849,7,,,1,70,,200850,7,,,1,35,,200851,7,,,1,70,,200852,7,,,1,30,,200853,7,,,1,70,,200854,7,,,1,30,,200855,7,,,1,68,,200856,7,,,1,30,,200857,7,,,1,70,,200858,7,,,1,30,,200859,7,,,1,67,,200860,7,,,1,30,,200861,7,,,1,77,,200862,7,,,1,20,,200863,7,,,1,70,,200864,7,,,1,30,,200865,7,,,1,56,,200866,7,0,7 40 41,1,16,,200867,7,,,1,30,,200868,7,,,1,55,,200869,7,0,7 40 41,1,15,,200870,7,,,1,30,,200871,7,,,1,70,,200872,7,,,1,85,,200873,7,,,1,53,,200874,7,,,1,100,,200875,7,,,1,244,,200876,7,,,1
5601,'20260723',402,,200877,7,,,1,55,,200879,7,,,1,70,,200881,7,,,1,25,,200883,7,,,1,68,,200884,7,,,1,30,,200885,7,,,1,75,,200886,7,,,1,25,,200887,7,,,1,70,,200888,7,,,1,35,,200889,7,,,1,70,,200890,7,,,1,30,,200891,7,,,1,70,,200892,7,,,1,30,,200893,7,,,1,68,,200894,7,,,1,30,,200895,7,,,1,70,,200896,7,,,1,30,,200897,7,,,1,67,,200898,7,,,1,30,,200899,7,,,1,77,,200900,7,,,1,20,,200901,7,,,1,70,,200902,7,,,1,30,,200903,7,,,1,56,,200904,7,0,7 40 41,1,16,,200905,7,,,1,30,,200906,7,,,1,55,,200907,7,0,7 40 41,1,15,,200908,7,,,1,30,,200909,7,,,1,70,,200910,7,,,1,85,,200911,7,,,1,53,,200912,7,,,1,100,,200913,7,,,1,244,,200914,7,,,1
5601,'20260724',402,,200915,7,,,1,55,,200917,7,,,1,70,,200919,7,,,1,25,,200921,7,,,1,68,,200922,7,,,1,30,,200923,7,,,1,75,,200924,7,,,1,25,,200925,7,,,1,70,,200926,7,,,1,35,,200927,7,,,1,70,,200928,7,,,1,30,,200929,7,,,1,70,,200930,7,,,1,30,,200931,7,,,1,68,,200932,7,,,1,30,,200933,7,,,1,70,,200934,7,,,1,30,,200935,7,,,1,67,,200936,7,,,1,30,,200937,7,,,1,77,,200938,7,,,1,20,,200939,7,,,1,70,,200940,7,,,1,30,,200941,7,,,1,56,,200942,7,0,7 40 41,1,16,,200943,7,,,1,30,,200944,7,,,1,55,,200945,7,0,7 40 41,1,15,,200946,7,,,1,30,,200947,7,,,1,70,,200948,7,,,1,85,,200949,7,,,1,53,,200950,7,,,1,100,,200951,7,,,1,244,,200952,7,,,1
5601,'20260727',402,,200953,7,,,1,55,,200955,7,,,1,70,,200957,7,,,1,25,,200959,7,,,1,68,,200960,7,,,1,30,,200961,7,,,1,75,,200962,7,,,1,25,,200963,7,,,1,70,,200964,7,,,1,35,,200965,7,,,1,70,,200966,7,,,1,30,,200967,7,,,1,70,,200968,7,,,1,30,,200969,7,,,1,68,,200970,7,,,1,30,,200971,7,,,1,70,,200972,7,,,1,30,,200973,7,,,1,67,,200974,7,,,1,30,,200975,7,,,1,77,,200976,7,,,1,20,,200977,7,,,1,70,,200978,7,,,1,30,,200979,7,,,1,56,,200980,7,0,7 40 41,1,16,,200981,7,,,1,30,,200982,7,,,1,55,,200983,7,0,7 40 41,1,15,,200984,7,,,1,30,,200985,7,,,1,70,,200986,7,,,1,85,,200987,7,,,1,53,,200988,7,,,1,100,,200989,7,,,1,244,,200990,7,,,1
5601,'20260728',402,,200991,7,,,1,55,,200993,7,,,1,70,,200995,7,,,1,25,,200997,7,,,1,68,,200998,7,,,1,30,,200999,7,,,1,75,,201000,7,,,1,25,,201001,7,,,1,70,,201002,7,,,1,35,,201003,7,,,1,70,,201004,7,,,1,30,,201005,7,,,1,70,,201006,7,,,1,30,,201007,7,,,1,68,,201008,7,,,1,30,,201009,7,,,1,70,,201010,7,,,1,30,,201011,7,,,1,67,,201012,7,,,1,30,,201013,7,,,1,77,,201014,7,,,1,20,,201015,7,,,1,70,,201016,7,,,1,30,,201017,7,,,1,56,,201018,7,0,7 40 41,1,16,,201019,7,,,1,30,,201020,7,,,1,55,,201021,7,0,7 40 41,1,15,,201022,7,,,1,30,,201023,7,,,1,70,,201024,7,,,1,85,,201025,7,,,1,53,,201026,7,,,1,100,,201027,7,,,1,244,,201028,7,,,1
5601,'20260729',402,,201029,7,,,1,55,,201031,7,,,1,70,,201033,7,,,1,25,,201035,7,,,1,68,,201036,7,,,1,30,,201037,7,,,1,75,,201038,7,,,1,25,,201039,7,,,1,70,,201040,7,,,1,35,,201041,7,,,1,70,,201042,7,,,1,30,,201043,7,,,1,70,,201044,7,,,1,30,,201045,7,,,1,68,,201046,7,,,1,30,,201047,7,,,1,70,,201048,7,,,1,30,,201049,7,,,1,67,,201050,7,,,1,30,,201051,7,,,1,77,,201052,7,,,1,20,,201053,7,,,1,70,,201054,7,,,1,30,,201055,7,,,1,56,,201056,7,0,7 40 41,1,16,,201057,7,,,1,30,,201058,7,,,1,55,,201059,7,0,7 40 41,1,15,,201060,7,,,1,30,,201061,7,,,1,70,,201062,7,,,1,85,,201063,7,,,1,53,,201064,7,,,1,100,,201065,7,,,1,244,,201066,7,,,1
5601,'20260730',402,,201067,7,,,1,55,,201069,7,,,1,70,,201071,7,,,1,25,,201073,7,,,1,68,,201074,7,,,1,30,,201075,7,,,1,75,,201076,7,,,1,25,,201077,7,,,1,70,,201078,7,,,1,35,,201079,7,,,1,70,,201080,7,,,1,30,,201081,7,,,1,70,,201082,7,,,1,30,,201083,7,,,1,68,,201084,7,,,1,30,,201085,7,,,1,70,,201086,7,,,1,30,,201087,7,,,1,67,,201088,7,,,1,30,,201089,7,,,1,77,,201090,7,,,1,20,,201091,7,,,1,70,,201092,7,,,1,30,,201093,7,,,1,56,,201094,7,0,7 40 41,1,16,,201095,7,,,1,30,,201096,7,,,1,55,,201097,7,0,7 40 41,1,15,,201098,7,,,1,30,,201099,7,,,1,70,,201100,7,,,1,85,,201101,7,,,1,53,,201102,7,,,1,100,,201103,7,,,1,244,,201104,7,,,1
5601,'20260731',402,,201105,7,,,1,55,,201107,7,,,1,70,,201109,7,,,1,25,,201111,7,,,1,68,,201112,7,,,1,30,,201113,7,,,1,75,,201114,7,,,1,25,,201115,7,,,1,70,,201116,7,,,1,35,,201117,7,,,1,70,,201118,7,,,1,30,,201119,7,,,1,70,,201120,7,,,1,30,,201121,7,,,1,68,,201122,7,,,1,30,,201123,7,,,1,70,,201124,7,,,1,30,,201125,7,,,1,67,,201126,7,,,1,30,,201127,7,,,1,77,,201128,7,,,1,20,,201129,7,,,1,70,,201130,7,,,1,30,,201131,7,,,1,56,,201132,7,0,7 40 41,1,16,,201133,7,,,1,30,,201134,7,,,1,55,,201135,7,0,7 40 41,1,15,,201136,7,,,1,30,,201137,7,,,1,70,,201138,7,,,1,85,,201139,7,,,1,53,,201140,7,,,1,100,,201141,7,,,1,244,,201142,7,,,1
5601,'20260804',402,,201143,7,,,1,55,,201145,7,,,1,70,,201147,7,,,1,25,,201149,7,,,1,68,,201150,7,,,1,30,,201151,7,,,1,75,,201152,7,,,1,25,,201153,7,,,1,70,,201154,7,,,1,35,,201155,7,,,1,70,,201156,7,,,1,30,,201157,7,,,1,70,,201158,7,,,1,30,,201159,7,,,1,68,,201160,7,,,1,30,,201161,7,,,1,70,,201162,7,,,1,30,,201163,7,,,1,67,,201164,7,,,1,30,,201165,7,,,1,77,,201166,7,,,1,20,,201167,7,,,1,70,,201168,7,,,1,30,,201169,7,,,1,56,,201170,7,0,7 40 41,1,16,,201171,7,,,1,30,,201172,7,,,1,55,,201173,7,0,7 40 41,1,15,,201174,7,,,1,30,,201175,7,,,1,70,,201176,7,,,1,85,,201177,7,,,1,53,,201178,7,,,1,100,,201179,7,,,1,244,,201180,7,,,1
5601,'20260805',402,,201181,7,,,1,55,,201183,7,,,1,70,,201185,7,,,1,25,,201187,7,,,1,68,,201188,7,,,1,30,,201189,7,,,1,75,,201190,7,,,1,25,,201191,7,,,1,70,,201192,7,,,1,35,,201193,7,,,1,70,,201194,7,,,1,30,,201195,7,,,1,70,,201196,7,,,1,30,,201197,7,,,1,68,,201198,7,,,1,30,,201199,7,,,1,70,,201200,7,,,1,30,,201201,7,,,1,67,,201202,7,,,1,30,,201203,7,,,1,77,,201204,7,,,1,20,,201205,7,,,1,70,,201206,7,,,1,30,,201207,7,,,1,56,,201208,7,0,7 40 41,1,16,,201209,7,,,1,30,,201210,7,,,1,55,,201211,7,0,7 40 41,1,15,,201212,7,,,1,30,,201213,7,,,1,70,,201214,7,,,1,85,,201215,7,,,1,53,,201216,7,,,1,100,,201217,7,,,1,244,,201218,7,,,1
5601,'20260806',402,,201219,7,,,1,55,,201221,7,,,1,70,,201223,7,,,1,25,,201225,7,,,1,68,,201226,7,,,1,30,,201227,7,,,1,75,,201228,7,,,1,25,,201229,7,,,1,70,,201230,7,,,1,35,,201231,7,,,1,70,,201232,7,,,1,30,,201233,7,,,1,70,,201234,7,,,1,30,,201235,7,,,1,68,,201236,7,,,1,30,,201237,7,,,1,70,,201238,7,,,1,30,,201239,7,,,1,67,,201240,7,,,1,30,,201241,7,,,1,77,,201242,7,,,1,20,,201243,7,,,1,70,,201244,7,,,1,30,,201245,7,,,1,56,,201246,7,0,7 40 41,1,16,,201247,7,,,1,30,,201248,7,,,1,55,,201249,7,0,7 40 41,1,15,,201250,7,,,1,30,,201251,7,,,1,70,,201252,7,,,1,85,,201253,7,,,1,53,,201254,7,,,1,100,,201255,7,,,1,244,,201256,7,,,1
5601,'20260807',402,,201257,7,,,1,55,,201259,7,,,1,70,,201261,7,,,1,25,,201263,7,,,1,68,,201264,7,,,1,30,,201265,7,,,1,75,,201266,7,,,1,25,,201267,7,,,1,70,,201268,7,,,1,35,,201269,7,,,1,70,,201270,7,,,1,30,,201271,7,,,1,70,,201272,7,,,1,30,,201273,7,,,1,68,,201274,7,,,1,30,,201275,7,,,1,70,,201276,7,,,1,30,,201277,7,,,1,67,,201278,7,,,1,30,,201279,7,,,1,77,,201280,7,,,1,20,,201281,7,,,1,70,,201282,7,,,1,30,,201283,7,,,1,56,,201284,7,0,7 40 41,1,16,,201285,7,,,1,30,,201286,7,,,1,55,,201287,7,0,7 40 41,1,15,,201288,7,,,1,30,,201289,7,,,1,70,,201290,7,,,1,85,,201291,7,,,1,53,,201292,7,,,1,100,,201293,7,,,1,244,,201294,7,,,1
5601,'20260810',402,,201295,7,,,1,55,,201297,7,,,1,70,,201299,7,,,1,25,,201301,7,,,1,68,,201302,7,,,1,30,,201303,7,,,1,75,,201304,7,,,1,25,,201305,7,,,1,70,,201306,7,,,1,35,,201307,7,,,1,70,,201308,7,,,1,30,,201309,7,,,1,70,,201310,7,,,1,30,,201311,7,,,1,68,,201312,7,,,1,30,,201313,7,,,1,70,,201314,7,,,1,30,,201315,7,,,1,67,,201316,7,,,1,30,,201317,7,,,1,77,,201318,7,,,1,20,,201319,7,,,1,70,,201320,7,,,1,30,,201321,7,,,1,56,,201322,7,0,7 40 41,1,16,,201323,7,,,1,30,,201324,7,,,1,55,,201325,7,0,7 40 41,1,15,,201326,7,,,1,30,,201327,7,,,1,70,,201328,7,,,1,85,,201329,7,,,1,53,,201330,7,,,1,100,,201331,7,,,1,244,,201332,7,,,1
5601,'20260811',402,,201333,7,,,1,55,,201335,7,,,1,70,,201337,7,,,1,25,,201339,7,,,1,68,,201340,7,,,1,30,,201341,7,,,1,75,,201342,7,,,1,25,,201343,7,,,1,70,,201344,7,,,1,35,,201345,7,,,1,70,,201346,7,,,1,30,,201347,7,,,1,70,,201348,7,,,1,30,,201349,7,,,1,68,,201350,7,,,1,30,,201351,7,,,1,70,,201352,7,,,1,30,,201353,7,,,1,67,,201354,7,,,1,30,,201355,7,,,1,77,,201356,7,,,1,20,,201357,7,,,1,70,,201358,7,,,1,30,,201359,7,,,1,56,,201360,7,0,7 40 41,1,16,,201361,7,,,1,30,,201362,7,,,1,55,,201363,7,0,7 40 41,1,15,,201364,7,,,1,30,,201365,7,,,1,70,,201366,7,,,1,85,,201367,7,,,1,53,,201368,7,,,1,100,,201369,7,,,1,244,,201370,7,,,1
5601,'20260812',402,,201371,7,,,1,55,,201373,7,,,1,70,,201375,7,,,1,25,,201377,7,,,1,68,,201378,7,,,1,30,,201379,7,,,1,75,,201380,7,,,1,25,,201381,7,,,1,70,,201382,7,,,1,35,,201383,7,,,1,70,,201384,7,,,1,30,,201385,7,,,1,70,,201386,7,,,1,30,,201387,7,,,1,68,,201388,7,,,1,30,,201389,7,,,1,70,,201390,7,,,1,30,,201391,7,,,1,67,,201392,7,,,1,30,,201393,7,,,1,77,,201394,7,,,1,20,,201395,7,,,1,70,,201396,7,,,1,30,,201397,7,,,1,56,,201398,7,0,7 40 41,1,16,,201399,7,,,1,30,,201400,7,,,1,55,,201401,7,0,7 40 41,1,15,,201402,7,,,1,30,,201403,7,,,1,70,,201404,7,,,1,85,,201405,7,,,1,53,,201406,7,,,1,100,,201407,7,,,1,244,,201408,7,,,1
5601,'20260813',402,,201409,7,,,1,55,,201411,7,,,1,70,,201413,7,,,1,25,,201415,7,,,1,68,,201416,7,,,1,30,,201417,7,,,1,75,,201418,7,,,1,25,,201419,7,,,1,70,,201420,7,,,1,35,,201421,7,,,1,70,,201422,7,,,1,30,,201423,7,,,1,70,,201424,7,,,1,30,,201425,7,,,1,68,,201426,7,,,1,30,,201427,7,,,1,70,,201428,7,,,1,30,,201429,7,,,1,67,,201430,7,,,1,30,,201431,7,,,1,77,,201432,7,,,1,20,,201433,7,,,1,70,,201434,7,,,1,30,,201435,7,,,1,56,,201436,7,0,7 40 41,1,16,,201437,7,,,1,30,,201438,7,,,1,55,,201439,7,0,7 40 41,1,15,,201440,7,,,1,30,,201441,7,,,1,70,,201442,7,,,1,85,,201443,7,,,1,53,,201444,7,,,1,100,,201445,7,,,1,244,,201446,7,,,1
5601,'20260814',402,,201447,7,,,1,55,,201449,7,,,1,70,,201451,7,,,1,25,,201453,7,,,1,68,,201454,7,,,1,30,,201455,7,,,1,75,,201456,7,,,1,25,,201457,7,,,1,70,,201458,7,,,1,35,,201459,7,,,1,70,,201460,7,,,1,30,,201461,7,,,1,70,,201462,7,,,1,30,,201463,7,,,1,68,,201464,7,,,1,30,,201465,7,,,1,70,,201466,7,,,1,30,,201467,7,,,1,67,,201468,7,,,1,30,,201469,7,,,1,77,,201470,7,,,1,20,,201471,7,,,1,70,,201472,7,,,1,30,,201473,7,,,1,56,,201474,7,0,7 40 41,1,16,,201475,7,,,1,30,,201476,7,,,1,55,,201477,7,0,7 40 41,1,15,,201478,7,,,1,30,,201479,7,,,1,70,,201480,7,,,1,85,,201481,7,,,1,53,,201482,7,,,1,100,,201483,7,,,1,244,,201484,7,,,1
5601,'20260817',402,,201485,7,,,1,55,,201487,7,,,1,70,,201489,7,,,1,25,,201491,7,,,1,68,,201492,7,,,1,30,,201493,7,,,1,75,,201494,7,,,1,25,,201495,7,,,1,70,,201496,7,,,1,35,,201497,7,,,1,70,,201498,7,,,1,30,,201499,7,,,1,70,,201500,7,,,1,30,,201501,7,,,1,68,,201502,7,,,1,30,,201503,7,,,1,70,,201504,7,,,1,30,,201505,7,,,1,67,,201506,7,,,1,30,,201507,7,,,1,77,,201508,7,,,1,20,,201509,7,,,1,70,,201510,7,,,1,30,,201511,7,,,1,56,,201512,7,0,7 40 41,1,16,,201513,7,,,1,30,,201514,7,,,1,55,,201515,7,0,7 40 41,1,15,,201516,7,,,1,30,,201517,7,,,1,70,,201518,7,,,1,85,,201519,7,,,1,53,,201520,7,,,1,100,,201521,7,,,1,244,,201522,7,,,1
5601,'20260818',402,,201523,7,,,1,55,,201525,7,,,1,70,,201527,7,,,1,25,,201529,7,,,1,68,,201530,7,,,1,30,,201531,7,,,1,75,,201532,7,,,1,25,,201533,7,,,1,70,,201534,7,,,1,35,,201535,7,,,1,70,,201536,7,,,1,30,,201537,7,,,1,70,,201538,7,,,1,30,,201539,7,,,1,68,,201540,7,,,1,30,,201541,7,,,1,70,,201542,7,,,1,30,,201543,7,,,1,67,,201544,7,,,1,30,,201545,7,,,1,77,,201546,7,,,1,20,,201547,7,,,1,70,,201548,7,,,1,30,,201549,7,,,1,56,,201550,7,0,7 40 41,1,16,,201551,7,,,1,30,,201552,7,,,1,55,,201553,7,0,7 40 41,1,15,,201554,7,,,1,30,,201555,7,,,1,70,,201556,7,,,1,85,,201557,7,,,1,53,,201558,7,,,1,100,,201559,7,,,1,244,,201560,7,,,1
5601,'20260819',402,,201561,7,,,1,55,,201563,7,,,1,70,,201565,7,,,1,25,,201567,7,,,1,68,,201568,7,,,1,30,,201569,7,,,1,75,,201570,7,,,1,25,,201571,7,,,1,70,,201572,7,,,1,35,,201573,7,,,1,70,,201574,7,,,1,30,,201575,7,,,1,70,,201576,7,,,1,30,,201577,7,,,1,68,,201578,7,,,1,30,,201579,7,,,1,70,,201580,7,,,1,30,,201581,7,,,1,67,,201582,7,,,1,30,,201583,7,,,1,77,,201584,7,,,1,20,,201585,7,,,1,70,,201586,7,,,1,30,,201587,7,,,1,56,,201588,7,0,7 40 41,1,16,,201589,7,,,1,30,,201590,7,,,1,55,,201591,7,0,7 40 41,1,15,,201592,7,,,1,30,,201593,7,,,1,70,,201594,7,,,1,85,,201595,7,,,1,53,,201596,7,,,1,100,,201597,7,,,1,244,,201598,7,,,1
5601,'20260820',402,,201599,7,,,1,55,,201601,7,,,1,70,,201603,7,,,1,25,,201605,7,,,1,68,,201606,7,,,1,30,,201607,7,,,1,75,,201608,7,,,1,25,,201609,7,,,1,70,,201610,7,,,1,35,,201611,7,,,1,70,,201612,7,,,1,30,,201613,7,,,1,70,,201614,7,,,1,30,,201615,7,,,1,68,,201616,7,,,1,30,,201617,7,,,1,70,,201618,7,,,1,30,,201619,7,,,1,67,,201620,7,,,1,30,,201621,7,,,1,77,,201622,7,,,1,20,,201623,7,,,1,70,,201624,7,,,1,30,,201625,7,,,1,56,,201626,7,0,7 40 41,1,16,,201627,7,,,1,30,,201628,7,,,1,55,,201629,7,0,7 40 41,1,15,,201630,7,,,1,30,,201631,7,,,1,70,,201632,7,,,1,85,,201633,7,,,1,53,,201634,7,,,1,100,,201635,7,,,1,244,,201636,7,,,1
5601,'20260821',402,,201637,7,,,1,55,,201639,7,,,1,70,,201641,7,,,1,25,,201643,7,,,1,68,,201644,7,,,1,30,,201645,7,,,1,75,,201646,7,,,1,25,,201647,7,,,1,70,,201648,7,,,1,35,,201649,7,,,1,70,,201650,7,,,1,30,,201651,7,,,1,70,,201652,7,,,1,30,,201653,7,,,1,68,,201654,7,,,1,30,,201655,7,,,1,70,,201656,7,,,1,30,,201657,7,,,1,67,,201658,7,,,1,30,,201659,7,,,1,77,,201660,7,,,1,20,,201661,7,,,1,70,,201662,7,,,1,30,,201663,7,,,1,56,,201664,7,0,7 40 41,1,16,,201665,7,,,1,30,,201666,7,,,1,55,,201667,7,0,7 40 41,1,15,,201668,7,,,1,30,,201669,7,,,1,70,,201670,7,,,1,85,,201671,7,,,1,53,,201672,7,,,1,100,,201673,7,,,1,244,,201674,7,,,1
5601,'20260824',402,,201675,7,,,1,55,,201677,7,,,1,70,,201679,7,,,1,25,,201681,7,,,1,68,,201682,7,,,1,30,,201683,7,,,1,75,,201684,7,,,1,25,,201685,7,,,1,70,,201686,7,,,1,35,,201687,7,,,1,70,,201688,7,,,1,30,,201689,7,,,1,70,,201690,7,,,1,30,,201691,7,,,1,68,,201692,7,,,1,30,,201693,7,,,1,70,,201694,7,,,1,30,,201695,7,,,1,67,,201696,7,,,1,30,,201697,7,,,1,77,,201698,7,,,1,20,,201699,7,,,1,70,,201700,7,,,1,30,,201701,7,,,1,56,,201702,7,0,7 40 41,1,16,,201703,7,,,1,30,,201704,7,,,1,55,,201705,7,0,7 40 41,1,15,,201706,7,,,1,30,,201707,7,,,1,70,,201708,7,,,1,85,,201709,7,,,1,53,,201710,7,,,1,100,,201711,7,,,1,244,,201712,7,,,1
5601,'20260825',402,,201713,7,,,1,55,,201715,7,,,1,70,,201717,7,,,1,25,,201719,7,,,1,68,,201720,7,,,1,30,,201721,7,,,1,75,,201722,7,,,1,25,,201723,7,,,1,70,,201724,7,,,1,35,,201725,7,,,1,70,,201726,7,,,1,30,,201727,7,,,1,70,,201728,7,,,1,30,,201729,7,,,1,68,,201730,7,,,1,30,,201731,7,,,1,70,,201732,7,,,1,30,,201733,7,,,1,67,,201734,7,,,1,30,,201735,7,,,1,77,,201736,7,,,1,20,,201737,7,,,1,70,,201738,7,,,1,30,,201739,7,,,1,56,,201740,7,0,7 40 41,1,16,,201741,7,,,1,30,,201742,7,,,1,55,,201743,7,0,7 40 41,1,15,,201744,7,,,1,30,,201745,7,,,1,70,,201746,7,,,1,85,,201747,7,,,1,53,,201748,7,,,1,100,,201749,7,,,1,244,,201750,7,,,1
5601,'20260826',402,,201751,7,,,1,55,,201753,7,,,1,70,,201755,7,,,1,25,,201757,7,,,1,68,,201758,7,,,1,30,,201759,7,,,1,75,,201760,7,,,1,25,,201761,7,,,1,70,,201762,7,,,1,35,,201763,7,,,1,70,,201764,7,,,1,30,,201765,7,,,1,70,,201766,7,,,1,30,,201767,7,,,1,68,,201768,7,,,1,30,,201769,7,,,1,70,,201770,7,,,1,30,,201771,7,,,1,67,,201772,7,,,1,30,,201773,7,,,1,77,,201774,7,,,1,20,,201775,7,,,1,70,,201776,7,,,1,30,,201777,7,,,1,56,,201778,7,0,7 40 41,1,16,,201779,7,,,1,30,,201780,7,,,1,55,,201781,7,0,7 40 41,1,15,,201782,7,,,1,30,,201783,7,,,1,70,,201784,7,,,1,85,,201785,7,,,1,53,,201786,7,,,1,100,,201787,7,,,1,244,,201788,7,,,1
5601,'20260827',402,,201789,7,,,1,55,,201791,7,,,1,70,,201793,7,,,1,25,,201795,7,,,1,68,,201796,7,,,1,30,,201797,7,,,1,75,,201798,7,,,1,25,,201799,7,,,1,70,,201800,7,,,1,35,,201801,7,,,1,70,,201802,7,,,1,30,,201803,7,,,1,70,,201804,7,,,1,30,,201805,7,,,1,68,,201806,7,,,1,30,,201807,7,,,1,70,,201808,7,,,1,30,,201809,7,,,1,67,,201810,7,,,1,30,,201811,7,,,1,77,,201812,7,,,1,20,,201813,7,,,1,70,,201814,7,,,1,30,,201815,7,,,1,56,,201816,7,0,7 40 41,1,16,,201817,7,,,1,30,,201818,7,,,1,55,,201819,7,0,7 40 41,1,15,,201820,7,,,1,30,,201821,7,,,1,70,,201822,7,,,1,85,,201823,7,,,1,53,,201824,7,,,1,100,,201825,7,,,1,244,,201826,7,,,1
5601,'20260828',402,,201827,7,,,1,55,,201829,7,,,1,70,,201831,7,,,1,25,,201833,7,,,1,68,,201834,7,,,1,30,,201835,7,,,1,75,,201836,7,,,1,25,,201837,7,,,1,70,,201838,7,,,1,35,,201839,7,,,1,70,,201840,7,,,1,30,,201841,7,,,1,70,,201842,7,,,1,30,,201843,7,,,1,68,,201844,7,,,1,30,,201845,7,,,1,70,,201846,7,,,1,30,,201847,7,,,1,67,,201848,7,,,1,30,,201849,7,,,1,77,,201850,7,,,1,20,,201851,7,,,1,70,,201852,7,,,1,30,,201853,7,,,1,56,,201854,7,0,7 40 41,1,16,,201855,7,,,1,30,,201856,7,,,1,55,,201857,7,0,7 40 41,1,15,,201858,7,,,1,30,,201859,7,,,1,70,,201860,7,,,1,85,,201861,7,,,1,53,,201862,7,,,1,100,,201863,7,,,1,244,,201864,7,,,1
5601,'20260831',402,,201865,7,,,1,55,,201867,7,,,1,70,,201869,7,,,1,25,,201871,7,,,1,68,,201872,7,,,1,30,,201873,7,,,1,75,,201874,7,,,1,25,,201875,7,,,1,70,,201876,7,,,1,35,,201877,7,,,1,70,,201878,7,,,1,30,,201879,7,,,1,70,,201880,7,,,1,30,,201881,7,,,1,68,,201882,7,,,1,30,,201883,7,,,1,70,,201884,7,,,1,30,,201885,7,,,1,67,,201886,7,,,1,30,,201887,7,,,1,77,,201888,7,,,1,20,,201889,7,,,1,70,,201890,7,,,1,30,,201891,7,,,1,56,,201892,7,0,7 40 41,1,16,,201893,7,,,1,30,,201894,7,,,1,55,,201895,7,0,7 40 41,1,15,,201896,7,,,1,30,,201897,7,,,1,70,,201898,7,,,1,85,,201899,7,,,1,53,,201900,7,,,1,100,,201901,7,,,1,244,,201902,7,,,1
5601,'20260901',402,,201903,7,,,1,55,,201905,7,,,1,70,,201907,7,,,1,25,,201909,7,,,1,68,,201910,7,,,1,30,,201911,7,,,1,75,,201912,7,,,1,25,,201913,7,,,1,70,,201914,7,,,1,35,,201915,7,,,1,70,,201916,7,,,1,30,,201917,7,,,1,70,,201918,7,,,1,30,,201919,7,,,1,68,,201920,7,,,1,30,,201921,7,,,1,70,,201922,7,,,1,30,,201923,7,,,1,67,,201924,7,,,1,30,,201925,7,,,1,77,,201926,7,,,1,20,,201927,7,,,1,70,,201928,7,,,1,30,,201929,7,,,1,56,,201930,7,0,7 40 41,1,16,,201931,7,,,1,30,,201932,7,,,1,55,,201933,7,0,7 40 41,1,15,,201934,7,,,1,30,,201935,7,,,1,70,,201936,7,,,1,85,,201937,7,,,1,53,,201938,7,,,1,100,,201939,7,,,1,244,,201940,7,,,1
5601,'20260902',402,,201941,7,,,1,55,,201943,7,,,1,70,,201945,7,,,1,25,,201947,7,,,1,68,,201948,7,,,1,30,,201949,7,,,1,75,,201950,7,,,1,25,,201951,7,,,1,70,,201952,7,,,1,35,,201953,7,,,1,70,,201954,7,,,1,30,,201955,7,,,1,70,,201956,7,,,1,30,,201957,7,,,1,68,,201958,7,,,1,30,,201959,7,,,1,70,,201960,7,,,1,30,,201961,7,,,1,67,,201962,7,,,1,30,,201963,7,,,1,77,,201964,7,,,1,20,,201965,7,,,1,70,,201966,7,,,1,30,,201967,7,,,1,56,,201968,7,0,7 40 41,1,16,,201969,7,,,1,30,,201970,7,,,1,55,,201971,7,0,7 40 41,1,15,,201972,7,,,1,30,,201973,7,,,1,70,,201974,7,,,1,85,,201975,7,,,1,53,,201976,7,,,1,100,,201977,7,,,1,244,,201978,7,,,1
5601,'20260903',402,,201979,7,,,1,55,,201981,7,,,1,70,,201983,7,,,1,25,,201985,7,,,1,68,,201986,7,,,1,30,,201987,7,,,1,75,,201988,7,,,1,25,,201989,7,,,1,70,,201990,7,,,1,35,,201991,7,,,1,70,,201992,7,,,1,30,,201993,7,,,1,70,,201994,7,,,1,30,,201995,7,,,1,68,,201996,7,,,1,30,,201997,7,,,1,70,,201998,7,,,1,30,,201999,7,,,1,67,,202000,7,,,1,30,,202001,7,,,1,77,,202002,7,,,1,20,,202003,7,,,1,70,,202004,7,,,1,30,,202005,7,,,1,56,,202006,7,0,7 40 41,1,16,,202007,7,,,1,30,,202008,7,,,1,55,,202009,7,0,7 40 41,1,15,,202010,7,,,1,30,,202011,7,,,1,70,,202012,7,,,1,85,,202013,7,,,1,53,,202014,7,,,1,100,,202015,7,,,1,244,,202016,7,,,1
5601,'20260904',402,,202017,7,,,1,55,,202019,7,,,1,70,,202021,7,,,1,25,,202023,7,,,1,68,,202024,7,,,1,30,,202025,7,,,1,75,,202026,7,,,1,25,,202027,7,,,1,70,,202028,7,,,1,35,,202029,7,,,1,70,,202030,7,,,1,30,,202031,7,,,1,70,,202032,7,,,1,30,,202033,7,,,1,68,,202034,7,,,1,30,,202035,7,,,1,70,,202036,7,,,1,30,,202037,7,,,1,67,,202038,7,,,1,30,,202039,7,,,1,77,,202040,7,,,1,20,,202041,7,,,1,70,,202042,7,,,1,30,,202043,7,,,1,56,,202044,7,0,7 40 41,1,16,,202045,7,,,1,30,,202046,7,,,1,55,,202047,7,0,7 40 41,1,15,,202048,7,,,1,30,,202049,7,,,1,70,,202050,7,,,1,85,,202051,7,,,1,53,,202052,7,,,1,100,,202053,7,,,1,244,,202054,7,,,1
