6801,'20260716',431,,205248,14,0,5 16 26 9,1,594,,205249,14,0,88 9,1,100,,205250,14,0,88 9,1,382,,205251,14,0,5 16 26 9,1,200,,205252,14,0,5 16 26 9,1,118,,205253,14,0,88 9,1,107,,205254,14,0,88 9,1,385,,205255,14,0,5 16 26 9,1
6801,'20260717',431,,205256,14,0,5 16 26 9,1,594,,205257,14,0,88 9,1,100,,205258,14,0,88 9,1,382,,205259,14,0,5 16 26 9,1,200,,205260,14,0,5 16 26 9,1,118,,205261,14,0,88 9,1,107,,205262,14,0,88 9,1,385,,205263,14,0,5 16 26 9,1
6801,'20260718',933,,205264,14,0,88 9,1,300,,205265,14,0,88 9,1,300,,205266,14,0,88 9,1,300,,205267,14,0,88 9,1,505,,205268,14,0,5 16 26 9,1
6801,'20260719',933,,205269,14,0,88 9,1,300,,205270,14,0,88 9,1,300,,205271,14,0,88 9,1,300,,205272,14,0,88 9,1,505,,205273,14,0,5 16 26 9,1
6801,'20260720',431,,205274,14,0,5 16 26 9,1,594,,205275,14,0,88 9,1,100,,205276,14,0,88 9,1,382,,205277,14,0,5 16 26 9,1,200,,205278,14,0,5 16 26 9,1,118,,205279,14,0,88 9,1,107,,205280,14,0,88 9,1,385,,205281,14,0,5 16 26 9,1
6801,'20260721',431,,205282,14,0,5 16 26 9,1,594,,205283,14,0,88 9,1,100,,205284,14,0,88 9,1,382,,205285,14,0,5 16 26 9,1,200,,205286,14,0,5 16 26 9,1,118,,205287,14,0,88 9,1,107,,205288,14,0,88 9,1,385,,205289,14,0,5 16 26 9,1
6801,'20260722',431,,205290,14,0,5 16 26 9,1,594,,205291,14,0,88 9,1,100,,205292,14,0,88 9,1,382,,205293,14,0,5 16 26 9,1,200,,205294,14,0,5 16 26 9,1,118,,205295,14,0,88 9,1,107,,205296,14,0,88 9,1,385,,205297,14,0,5 16 26 9,1
6801,'20260723',431,,205298,14,0,5 16 26 9,1,594,,205299,14,0,88 9,1,100,,205300,14,0,88 9,1,382,,205301,14,0,5 16 26 9,1,200,,205302,14,0,5 16 26 9,1,118,,205303,14,0,88 9,1,107,,205304,14,0,88 9,1,385,,205305,14,0,5 16 26 9,1
6801,'20260724',431,,205306,14,0,5 16 26 9,1,594,,205307,14,0,88 9,1,100,,205308,14,0,88 9,1,382,,205309,14,0,5 16 26 9,1,200,,205310,14,0,5 16 26 9,1,118,,205311,14,0,88 9,1,107,,205312,14,0,88 9,1,385,,205313,14,0,5 16 26 9,1
6801,'20260725',558,,219963,14,0,53 20 39,1,170,,219965,14,0,53 20 39,1,100,,219967,14,0,53 20 39,1,105,,205314,14,0,88 9,1,195,,219969,14,0,53 20 39,1,105,,205315,14,0,88 9,1,195,,219971,14,0,53 20 39,1,105,,205316,14,0,88 9,1,195,,219973,14,0,53 20 39,1,105,,205317,14,0,88 9,1,195,,219975,14,0,53 20 39,1,310,,205318,14,0,5 16 26 9,1
6801,'20260726',558,,219976,14,0,53 20 39,1,170,,219978,14,0,53 20 39,1,100,,219980,14,0,53 20 39,1,105,,205319,14,0,88 9,1,195,,219982,14,0,53 20 39,1,105,,205320,14,0,88 9,1,195,,219984,14,0,53 20 39,1,105,,205321,14,0,88 9,1,195,,219986,14,0,53 20 39,1,105,,205322,14,0,88 9,1,195,,219988,14,0,53 20 39,1,310,,205323,14,0,5 16 26 9,1
6801,'20260727',431,,205324,14,0,5 16 26 9,1,594,,205325,14,0,88 9,1,100,,205326,14,0,88 9,1,382,,205327,14,0,5 16 26 9,1,200,,205328,14,0,5 16 26 9,1,118,,205329,14,0,88 9,1,107,,205330,14,0,88 9,1,385,,205331,14,0,5 16 26 9,1
6801,'20260728',431,,205332,14,0,5 16 26 9,1,594,,205333,14,0,88 9,1,100,,205334,14,0,88 9,1,382,,205335,14,0,5 16 26 9,1,200,,205336,14,0,5 16 26 9,1,118,,205337,14,0,88 9,1,107,,205338,14,0,88 9,1,385,,205339,14,0,5 16 26 9,1
6801,'20260729',431,,205340,14,0,5 16 26 9,1,594,,205341,14,0,88 9,1,100,,205342,14,0,88 9,1,382,,205343,14,0,5 16 26 9,1,200,,205344,14,0,5 16 26 9,1,118,,205345,14,0,88 9,1,107,,205346,14,0,88 9,1,385,,205347,14,0,5 16 26 9,1
6801,'20260730',431,,205348,14,0,5 16 26 9,1,594,,205349,14,0,88 9,1,100,,205350,14,0,88 9,1,382,,205351,14,0,5 16 26 9,1,200,,205352,14,0,5 16 26 9,1,118,,205353,14,0,88 9,1,107,,205354,14,0,88 9,1,385,,205355,14,0,5 16 26 9,1
6801,'20260731',431,,205356,14,0,5 16 26 9,1,594,,205357,14,0,88 9,1,100,,205358,14,0,88 9,1,382,,205359,14,0,5 16 26 9,1,200,,205360,14,0,5 16 26 9,1,118,,205361,14,0,88 9,1,107,,205362,14,0,88 9,1,385,,205363,14,0,5 16 26 9,1
6801,'20260801',933,,205364,14,0,88 9,1,300,,205365,14,0,88 9,1,300,,205366,14,0,88 9,1,300,,205367,14,0,88 9,1,505,,205368,14,0,5 16 26 9,1
6801,'20260802',933,,205369,14,0,88 9,1,300,,205370,14,0,88 9,1,300,,205371,14,0,88 9,1,300,,205372,14,0,88 9,1,505,,205373,14,0,5 16 26 9,1
6801,'20260803',933,,205374,14,0,88 9,1,300,,205375,14,0,88 9,1,300,,205376,14,0,88 9,1,300,,205377,14,0,88 9,1,505,,205378,14,0,5 16 26 9,1
6801,'20260804',431,,205379,14,0,5 16 26 9,1,594,,205380,14,0,88 9,1,100,,205381,14,0,88 9,1,382,,205382,14,0,5 16 26 9,1,200,,205383,14,0,5 16 26 9,1,118,,205384,14,0,88 9,1,107,,205385,14,0,88 9,1,385,,205386,14,0,5 16 26 9,1
6801,'20260805',431,,205387,14,0,5 16 26 9,1,594,,205388,14,0,88 9,1,100,,205389,14,0,88 9,1,382,,205390,14,0,5 16 26 9,1,200,,205391,14,0,5 16 26 9,1,118,,205392,14,0,88 9,1,107,,205393,14,0,88 9,1,385,,205394,14,0,5 16 26 9,1
6801,'20260806',431,,205395,14,0,5 16 26 9,1,594,,205396,14,0,88 9,1,100,,205397,14,0,88 9,1,382,,205398,14,0,5 16 26 9,1,200,,205399,14,0,5 16 26 9,1,118,,205400,14,0,88 9,1,107,,205401,14,0,88 9,1,385,,205402,14,0,5 16 26 9,1
6801,'20260807',431,,205403,14,0,5 16 26 9,1,594,,205404,14,0,88 9,1,100,,205405,14,0,88 9,1,382,,205406,14,0,5 16 26 9,1,200,,205407,14,0,5 16 26 9,1,118,,205408,14,0,88 9,1,107,,205409,14,0,88 9,1,385,,205410,14,0,5 16 26 9,1
6801,'20260808',933,,205411,14,0,88 9,1,300,,205412,14,0,88 9,1,300,,205413,14,0,88 9,1,300,,205414,14,0,88 9,1,505,,205415,14,0,5 16 26 9,1
6801,'20260809',933,,205416,14,0,88 9,1,300,,205417,14,0,88 9,1,300,,205418,14,0,88 9,1,300,,205419,14,0,88 9,1,505,,205420,14,0,5 16 26 9,1
6801,'20260810',431,,205421,14,0,5 16 26 9,1,594,,205422,14,0,88 9,1,100,,205423,14,0,88 9,1,382,,205424,14,0,5 16 26 9,1,200,,205425,14,0,5 16 26 9,1,118,,205426,14,0,88 9,1,107,,205427,14,0,88 9,1,385,,205428,14,0,5 16 26 9,1
6801,'20260811',431,,205429,14,0,5 16 26 9,1,594,,205430,14,0,88 9,1,100,,205431,14,0,88 9,1,382,,205432,14,0,5 16 26 9,1,200,,205433,14,0,5 16 26 9,1,118,,205434,14,0,88 9,1,107,,205435,14,0,88 9,1,385,,205436,14,0,5 16 26 9,1
6801,'20260812',431,,205437,14,0,5 16 26 9,1,594,,205438,14,0,88 9,1,100,,205439,14,0,88 9,1,382,,205440,14,0,5 16 26 9,1,200,,205441,14,0,5 16 26 9,1,118,,205442,14,0,88 9,1,107,,205443,14,0,88 9,1,385,,205444,14,0,5 16 26 9,1
6801,'20260813',431,,205445,14,0,5 16 26 9,1,594,,205446,14,0,88 9,1,100,,205447,14,0,88 9,1,382,,205448,14,0,5 16 26 9,1,200,,205449,14,0,5 16 26 9,1,118,,205450,14,0,88 9,1,107,,205451,14,0,88 9,1,385,,205452,14,0,5 16 26 9,1
6801,'20260814',431,,205453,14,0,5 16 26 9,1,594,,205454,14,0,88 9,1,100,,205455,14,0,88 9,1,382,,205456,14,0,5 16 26 9,1,200,,205457,14,0,5 16 26 9,1,118,,205458,14,0,88 9,1,107,,205459,14,0,88 9,1,385,,205460,14,0,5 16 26 9,1
6801,'20260815',933,,205461,14,0,88 9,1,300,,205462,14,0,88 9,1,300,,205463,14,0,88 9,1,300,,205464,14,0,88 9,1,505,,205465,14,0,5 16 26 9,1
6801,'20260816',933,,205466,14,0,88 9,1,300,,205467,14,0,88 9,1,300,,205468,14,0,88 9,1,300,,205469,14,0,88 9,1,505,,205470,14,0,5 16 26 9,1
6801,'20260817',431,,205471,14,0,5 16 26 9,1,594,,205472,14,0,88 9,1,100,,205473,14,0,88 9,1,382,,205474,14,0,5 16 26 9,1,200,,205475,14,0,5 16 26 9,1,118,,205476,14,0,88 9,1,107,,205477,14,0,88 9,1,385,,205478,14,0,5 16 26 9,1
6801,'20260818',431,,205479,14,0,5 16 26 9,1,594,,205480,14,0,88 9,1,100,,205481,14,0,88 9,1,382,,205482,14,0,5 16 26 9,1,200,,205483,14,0,5 16 26 9,1,118,,205484,14,0,88 9,1,107,,205485,14,0,88 9,1,385,,205486,14,0,5 16 26 9,1
6801,'20260819',431,,205487,14,0,5 16 26 9,1,594,,205488,14,0,88 9,1,100,,205489,14,0,88 9,1,382,,205490,14,0,5 16 26 9,1,200,,205491,14,0,5 16 26 9,1,118,,205492,14,0,88 9,1,107,,205493,14,0,88 9,1,385,,205494,14,0,5 16 26 9,1
6801,'20260820',431,,205495,14,0,5 16 26 9,1,594,,205496,14,0,88 9,1,100,,205497,14,0,88 9,1,382,,205498,14,0,5 16 26 9,1,200,,205499,14,0,5 16 26 9,1,118,,205500,14,0,88 9,1,107,,205501,14,0,88 9,1,385,,205502,14,0,5 16 26 9,1
6801,'20260821',431,,205503,14,0,5 16 26 9,1,594,,205504,14,0,88 9,1,100,,205505,14,0,88 9,1,382,,205506,14,0,5 16 26 9,1,200,,205507,14,0,5 16 26 9,1,118,,205508,14,0,88 9,1,107,,205509,14,0,88 9,1,385,,205510,14,0,5 16 26 9,1
6801,'20260822',933,,205511,14,0,88 9,1,300,,205512,14,0,88 9,1,300,,205513,14,0,88 9,1,300,,205514,14,0,88 9,1,505,,205515,14,0,5 16 26 9,1
6801,'20260823',933,,205516,14,0,88 9,1,300,,205517,14,0,88 9,1,300,,205518,14,0,88 9,1,300,,205519,14,0,88 9,1,505,,205520,14,0,5 16 26 9,1
6801,'20260824',431,,205521,14,0,5 16 26 9,1,594,,205522,14,0,88 9,1,100,,205523,14,0,88 9,1,382,,205524,14,0,5 16 26 9,1,200,,205525,14,0,5 16 26 9,1,118,,205526,14,0,88 9,1,107,,205527,14,0,88 9,1,385,,205528,14,0,5 16 26 9,1
6801,'20260825',431,,205529,14,0,5 16 26 9,1,594,,205530,14,0,88 9,1,100,,205531,14,0,88 9,1,382,,205532,14,0,5 16 26 9,1,200,,205533,14,0,5 16 26 9,1,118,,205534,14,0,88 9,1,107,,205535,14,0,88 9,1,385,,205536,14,0,5 16 26 9,1
6801,'20260826',431,,205537,14,0,5 16 26 9,1,594,,205538,14,0,88 9,1,100,,205539,14,0,88 9,1,382,,205540,14,0,5 16 26 9,1,200,,205541,14,0,5 16 26 9,1,118,,205542,14,0,88 9,1,107,,205543,14,0,88 9,1,385,,205544,14,0,5 16 26 9,1
6801,'20260827',431,,205545,14,0,5 16 26 9,1,594,,205546,14,0,88 9,1,100,,205547,14,0,88 9,1,382,,205548,14,0,5 16 26 9,1,200,,205549,14,0,5 16 26 9,1,118,,205550,14,0,88 9,1,107,,205551,14,0,88 9,1,385,,205552,14,0,5 16 26 9,1
6801,'20260828',431,,205553,14,0,5 16 26 9,1,594,,205554,14,0,88 9,1,100,,205555,14,0,88 9,1,382,,205556,14,0,5 16 26 9,1,200,,205557,14,0,5 16 26 9,1,118,,205558,14,0,88 9,1,107,,205559,14,0,88 9,1,385,,205560,14,0,5 16 26 9,1
6801,'20260829',933,,205561,14,0,88 9,1,300,,205562,14,0,88 9,1,300,,205563,14,0,88 9,1,300,,205564,14,0,88 9,1,505,,205565,14,0,5 16 26 9,1
6801,'20260830',933,,205566,14,0,88 9,1,300,,205567,14,0,88 9,1,300,,205568,14,0,88 9,1,300,,205569,14,0,88 9,1,505,,205570,14,0,5 16 26 9,1
6801,'20260831',431,,205571,14,0,5 16 26 9,1,594,,205572,14,0,88 9,1,100,,205573,14,0,88 9,1,382,,205574,14,0,5 16 26 9,1,200,,205575,14,0,5 16 26 9,1,118,,205576,14,0,88 9,1,107,,205577,14,0,88 9,1,385,,205578,14,0,5 16 26 9,1
6801,'20260901',431,,205579,14,0,5 16 26 9,1,594,,205580,14,0,88 9,1,100,,205581,14,0,88 9,1,382,,205582,14,0,5 16 26 9,1,200,,205583,14,0,5 16 26 9,1,118,,205584,14,0,88 9,1,107,,205585,14,0,88 9,1,385,,205586,14,0,5 16 26 9,1
6801,'20260902',431,,205587,14,0,5 16 26 9,1,594,,205588,14,0,88 9,1,100,,205589,14,0,88 9,1,382,,205590,14,0,5 16 26 9,1,200,,205591,14,0,5 16 26 9,1,118,,205592,14,0,88 9,1,107,,205593,14,0,88 9,1,385,,205594,14,0,5 16 26 9,1
6801,'20260903',431,,205595,14,0,5 16 26 9,1,594,,205596,14,0,88 9,1,100,,205597,14,0,88 9,1,382,,205598,14,0,5 16 26 9,1,200,,205599,14,0,5 16 26 9,1,118,,205600,14,0,88 9,1,107,,205601,14,0,88 9,1,385,,205602,14,0,5 16 26 9,1
6801,'20260904',431,,205603,14,0,5 16 26 9,1,594,,205604,14,0,88 9,1,100,,205605,14,0,88 9,1,382,,205606,14,0,5 16 26 9,1,200,,205607,14,0,5 16 26 9,1,118,,205608,14,0,88 9,1,107,,205609,14,0,88 9,1,385,,205610,14,0,5 16 26 9,1
