3100,'20260716',417,,164636,14,0,16 29 30,1,40,,164637,14,0,57 29 30,1,1158,,164639,40,0,5 18 9,1,100,,164640,40,0,5 18 9,1,33,,164641,40,0,5 18 9,1,599,,164642,14,0,16 29 30,1,100,,164643,14,0,16 29 30,1
3100,'20260717',417,,164644,14,0,16 29 30,1,40,,164645,14,0,57 29 30,1,1158,,164647,40,0,5 18 9,1,100,,164648,40,0,5 18 9,1,33,,164649,40,0,5 18 9,1,599,,164650,14,0,16 29 30,1,100,,164651,14,0,16 29 30,1
3100,'20260718',512,,164652,14,0,16 29 30,1,25,,164653,2,0,77 29 30,1,15,,164654,2,0,78 29 30,1,60,,164655,14,0,57 29 30,1,20,,164656,2,0,77 29 30,1,15,,164658,2,0,77 29 30,1,1670,,164659,14,0,16 29 30,1,102,,164660,14,0,16 29 30,1
3100,'20260719',512,,164661,14,0,16 29 30,1,25,,164662,2,0,77 29 30,1,15,,164663,2,0,78 29 30,1,60,,164664,14,0,57 29 30,1,20,,164665,2,0,77 29 30,1,15,,164667,2,0,77 29 30,1,1670,,164668,14,0,16 29 30,1,102,,164669,14,0,16 29 30,1
3100,'20260720',417,,164670,14,0,16 29 30,1,40,,164671,14,0,57 29 30,1,1158,,164673,40,0,5 18 9,1,100,,164674,40,0,5 18 9,1,33,,164675,40,0,5 18 9,1,599,,164676,14,0,16 29 30,1,100,,164677,14,0,16 29 30,1
3100,'20260721',417,,164678,14,0,16 29 30,1,40,,164679,14,0,57 29 30,1,1158,,164681,40,0,5 18 9,1,100,,164682,40,0,5 18 9,1,33,,164683,40,0,5 18 9,1,599,,164684,14,0,16 29 30,1,100,,164685,14,0,16 29 30,1
3100,'20260722',417,,164686,14,0,16 29 30,1,40,,164687,14,0,57 29 30,1,1158,,164689,40,0,5 18 9,1,100,,164690,40,0,5 18 9,1,33,,164691,40,0,5 18 9,1,599,,164692,14,0,16 29 30,1,100,,164693,14,0,16 29 30,1
3100,'20260723',417,,164694,14,0,16 29 30,1,40,,164695,14,0,57 29 30,1,1158,,164697,40,0,5 18 9,1,100,,164698,40,0,5 18 9,1,33,,164699,40,0,5 18 9,1,599,,164700,14,0,16 29 30,1,100,,164701,14,0,16 29 30,1
3100,'20260724',417,,164702,14,0,16 29 30,1,40,,164703,14,0,57 29 30,1,1158,,164705,40,0,5 18 9,1,100,,164706,40,0,5 18 9,1,33,,164707,40,0,5 18 9,1,599,,164708,14,0,16 29 30,1,100,,164709,14,0,16 29 30,1
3100,'20260725',512,,164710,14,0,16 29 30,1,25,,164711,2,0,77 29 30,1,15,,164712,2,0,78 29 30,1,60,,164713,14,0,57 29 30,1,20,,164714,2,0,77 29 30,1,15,,164716,2,0,77 29 30,1,156,,219535,43,0,71 20 39,1,755,,219536,43,0,71 20 39,1,345,,219537,44,0,61 20 39,1,5,,219538,43,0,71 20 39,1,409,,164717,14,0,16 29 30,1,102,,164718,14,0,16 29 30,1
3100,'20260726',512,,164719,14,0,16 29 30,1,25,,164720,2,0,77 29 30,1,15,,164721,2,0,78 29 30,1,60,,164722,14,0,57 29 30,1,20,,164723,2,0,77 29 30,1,15,,164725,2,0,77 29 30,1,156,,219539,43,0,71 20 39,1,755,,219540,43,0,71 20 39,1,345,,219541,44,0,61 20 39,1,5,,219542,43,0,71 20 39,1,409,,164726,14,0,16 29 30,1,102,,164727,14,0,16 29 30,1
3100,'20260727',417,,164728,14,0,16 29 30,1,40,,164729,14,0,57 29 30,1,1158,,164731,40,0,5 18 9,1,100,,164732,40,0,5 18 9,1,33,,164733,40,0,5 18 9,1,599,,164734,14,0,16 29 30,1,100,,164735,14,0,16 29 30,1
3100,'20260728',417,,164736,14,0,16 29 30,1,40,,164737,14,0,57 29 30,1,1158,,164739,40,0,5 18 9,1,100,,164740,40,0,5 18 9,1,33,,164741,40,0,5 18 9,1,599,,164742,14,0,16 29 30,1,100,,164743,14,0,16 29 30,1
3100,'20260729',417,,164744,14,0,16 29 30,1,40,,164745,14,0,57 29 30,1,1158,,164747,40,0,5 18 9,1,100,,164748,40,0,5 18 9,1,33,,164749,40,0,5 18 9,1,599,,164750,14,0,16 29 30,1,100,,164751,14,0,16 29 30,1
3100,'20260730',417,,164752,14,0,16 29 30,1,40,,164753,14,0,57 29 30,1,1158,,164755,40,0,5 18 9,1,100,,164756,40,0,5 18 9,1,33,,164757,40,0,5 18 9,1,599,,164758,14,0,16 29 30,1,100,,164759,14,0,16 29 30,1
3100,'20260731',417,,164760,14,0,16 29 30,1,40,,164761,14,0,57 29 30,1,1158,,164763,40,0,5 18 9,1,100,,164764,40,0,5 18 9,1,33,,164765,40,0,5 18 9,1,599,,164766,14,0,16 29 30,1,100,,164767,14,0,16 29 30,1
3100,'20260801',512,,164768,14,0,16 29 30,1,25,,164769,2,0,77 29 30,1,15,,164770,2,0,78 29 30,1,60,,164771,14,0,57 29 30,1,20,,164772,2,0,77 29 30,1,15,,164774,2,0,77 29 30,1,1670,,164775,14,0,16 29 30,1,102,,164776,14,0,16 29 30,1
3100,'20260802',512,,164777,14,0,16 29 30,1,25,,164778,2,0,77 29 30,1,15,,164779,2,0,78 29 30,1,60,,164780,14,0,57 29 30,1,20,,164781,2,0,77 29 30,1,15,,164783,2,0,77 29 30,1,1670,,164784,14,0,16 29 30,1,102,,164785,14,0,16 29 30,1
3100,'20260803',512,,164786,14,0,16 29 30,1,25,,164787,2,0,77 29 30,1,15,,164788,2,0,78 29 30,1,60,,164789,14,0,57 29 30,1,20,,164790,2,0,77 29 30,1,15,,164792,2,0,77 29 30,1,1670,,164793,14,0,16 29 30,1,102,,164794,14,0,16 29 30,1
3100,'20260804',417,,164795,14,0,16 29 30,1,40,,164796,14,0,57 29 30,1,1158,,164798,40,0,5 18 9,1,100,,164799,40,0,5 18 9,1,33,,164800,40,0,5 18 9,1,599,,164801,14,0,16 29 30,1,100,,164802,14,0,16 29 30,1
3100,'20260805',417,,164803,14,0,16 29 30,1,40,,164804,14,0,57 29 30,1,1158,,164806,40,0,5 18 9,1,100,,164807,40,0,5 18 9,1,33,,164808,40,0,5 18 9,1,599,,164809,14,0,16 29 30,1,100,,164810,14,0,16 29 30,1
3100,'20260806',417,,164811,14,0,16 29 30,1,40,,164812,14,0,57 29 30,1,1158,,164814,40,0,5 18 9,1,100,,164815,40,0,5 18 9,1,33,,164816,40,0,5 18 9,1,599,,164817,14,0,16 29 30,1,100,,164818,14,0,16 29 30,1
3100,'20260807',417,,164819,14,0,16 29 30,1,40,,164820,14,0,57 29 30,1,1158,,164822,40,0,5 18 9,1,100,,164823,40,0,5 18 9,1,33,,164824,40,0,5 18 9,1,599,,164825,14,0,16 29 30,1,100,,164826,14,0,16 29 30,1
3100,'20260808',512,,164827,14,0,16 29 30,1,25,,164828,2,0,77 29 30,1,15,,164829,2,0,78 29 30,1,60,,164830,14,0,57 29 30,1,20,,164831,2,0,77 29 30,1,15,,164833,2,0,77 29 30,1,1670,,164834,14,0,16 29 30,1,102,,164835,14,0,16 29 30,1
3100,'20260809',512,,164836,14,0,16 29 30,1,25,,164837,2,0,77 29 30,1,15,,164838,2,0,78 29 30,1,60,,164839,14,0,57 29 30,1,20,,164840,2,0,77 29 30,1,15,,164842,2,0,77 29 30,1,1670,,164843,14,0,16 29 30,1,102,,164844,14,0,16 29 30,1
3100,'20260810',417,,164845,14,0,16 29 30,1,40,,164846,14,0,57 29 30,1,1158,,164848,40,0,5 18 9,1,100,,164849,40,0,5 18 9,1,33,,164850,40,0,5 18 9,1,599,,164851,14,0,16 29 30,1,100,,164852,14,0,16 29 30,1
3100,'20260811',417,,164853,14,0,16 29 30,1,40,,164854,14,0,57 29 30,1,1158,,164856,40,0,5 18 9,1,100,,164857,40,0,5 18 9,1,33,,164858,40,0,5 18 9,1,599,,164859,14,0,16 29 30,1,100,,164860,14,0,16 29 30,1
3100,'20260812',417,,164861,14,0,16 29 30,1,40,,164862,14,0,57 29 30,1,1158,,164864,40,0,5 18 9,1,100,,164865,40,0,5 18 9,1,33,,164866,40,0,5 18 9,1,599,,164867,14,0,16 29 30,1,100,,164868,14,0,16 29 30,1
3100,'20260813',417,,164869,14,0,16 29 30,1,40,,164870,14,0,57 29 30,1,1158,,164872,40,0,5 18 9,1,100,,164873,40,0,5 18 9,1,33,,164874,40,0,5 18 9,1,599,,164875,14,0,16 29 30,1,100,,164876,14,0,16 29 30,1
3100,'20260814',417,,164877,14,0,16 29 30,1,40,,164878,14,0,57 29 30,1,1158,,164880,40,0,5 18 9,1,100,,164881,40,0,5 18 9,1,33,,164882,40,0,5 18 9,1,599,,164883,14,0,16 29 30,1,100,,164884,14,0,16 29 30,1
3100,'20260815',512,,164885,14,0,16 29 30,1,25,,164886,2,0,77 29 30,1,15,,164887,2,0,78 29 30,1,60,,164888,14,0,57 29 30,1,20,,164889,2,0,77 29 30,1,15,,164891,2,0,77 29 30,1,1670,,164892,14,0,16 29 30,1,102,,164893,14,0,16 29 30,1
3100,'20260816',512,,164894,14,0,16 29 30,1,25,,164895,2,0,77 29 30,1,15,,164896,2,0,78 29 30,1,60,,164897,14,0,57 29 30,1,20,,164898,2,0,77 29 30,1,15,,164900,2,0,77 29 30,1,1670,,164901,14,0,16 29 30,1,102,,164902,14,0,16 29 30,1
3100,'20260817',417,,164903,14,0,16 29 30,1,40,,164904,14,0,57 29 30,1,1158,,164906,40,0,5 18 9,1,100,,164907,40,0,5 18 9,1,33,,164908,40,0,5 18 9,1,599,,164909,14,0,16 29 30,1,100,,164910,14,0,16 29 30,1
3100,'20260818',417,,164911,14,0,16 29 30,1,40,,164912,14,0,57 29 30,1,1158,,164914,40,0,5 18 9,1,100,,164915,40,0,5 18 9,1,33,,164916,40,0,5 18 9,1,599,,164917,14,0,16 29 30,1,100,,164918,14,0,16 29 30,1
3100,'20260819',417,,164919,14,0,16 29 30,1,40,,164920,14,0,57 29 30,1,1158,,164922,40,0,5 18 9,1,100,,164923,40,0,5 18 9,1,33,,164924,40,0,5 18 9,1,599,,164925,14,0,16 29 30,1,100,,164926,14,0,16 29 30,1
3100,'20260820',417,,164927,14,0,16 29 30,1,40,,164928,14,0,57 29 30,1,1158,,164930,40,0,5 18 9,1,100,,164931,40,0,5 18 9,1,33,,164932,40,0,5 18 9,1,599,,164933,14,0,16 29 30,1,100,,164934,14,0,16 29 30,1
3100,'20260821',417,,164935,14,0,16 29 30,1,40,,164936,14,0,57 29 30,1,1158,,164938,40,0,5 18 9,1,100,,164939,40,0,5 18 9,1,33,,164940,40,0,5 18 9,1,599,,164941,14,0,16 29 30,1,100,,164942,14,0,16 29 30,1
3100,'20260822',512,,164943,14,0,16 29 30,1,25,,164944,2,0,77 29 30,1,15,,164945,2,0,78 29 30,1,60,,164946,14,0,57 29 30,1,20,,164947,2,0,77 29 30,1,15,,164949,2,0,77 29 30,1,1670,,164950,14,0,16 29 30,1,102,,164951,14,0,16 29 30,1
3100,'20260823',512,,164952,14,0,16 29 30,1,25,,164953,2,0,77 29 30,1,15,,164954,2,0,78 29 30,1,60,,164955,14,0,57 29 30,1,20,,164956,2,0,77 29 30,1,15,,164958,2,0,77 29 30,1,1670,,164959,14,0,16 29 30,1,102,,164960,14,0,16 29 30,1
3100,'20260824',417,,164961,14,0,16 29 30,1,40,,164962,14,0,57 29 30,1,1158,,164964,40,0,5 18 9,1,100,,164965,40,0,5 18 9,1,33,,164966,40,0,5 18 9,1,599,,164967,14,0,16 29 30,1,100,,164968,14,0,16 29 30,1
3100,'20260825',417,,164969,14,0,16 29 30,1,40,,164970,14,0,57 29 30,1,1158,,164972,40,0,5 18 9,1,100,,164973,40,0,5 18 9,1,33,,164974,40,0,5 18 9,1,599,,164975,14,0,16 29 30,1,100,,164976,14,0,16 29 30,1
3100,'20260826',417,,164977,14,0,16 29 30,1,40,,164978,14,0,57 29 30,1,1158,,164980,40,0,5 18 9,1,100,,164981,40,0,5 18 9,1,33,,164982,40,0,5 18 9,1,599,,164983,14,0,16 29 30,1,100,,164984,14,0,16 29 30,1
3100,'20260827',417,,164985,14,0,16 29 30,1,40,,164986,14,0,57 29 30,1,1158,,164988,40,0,5 18 9,1,100,,164989,40,0,5 18 9,1,33,,164990,40,0,5 18 9,1,599,,164991,14,0,16 29 30,1,100,,164992,14,0,16 29 30,1
3100,'20260828',417,,164993,14,0,16 29 30,1,40,,164994,14,0,57 29 30,1,1158,,164996,40,0,5 18 9,1,100,,164997,40,0,5 18 9,1,33,,164998,40,0,5 18 9,1,599,,164999,14,0,16 29 30,1,100,,165000,14,0,16 29 30,1
3100,'20260829',512,,165001,14,0,16 29 30,1,25,,165002,2,0,77 29 30,1,15,,165003,2,0,78 29 30,1,60,,165004,14,0,57 29 30,1,20,,165005,2,0,77 29 30,1,15,,165007,2,0,77 29 30,1,1670,,165008,14,0,16 29 30,1,102,,165009,14,0,16 29 30,1
3100,'20260830',512,,165010,14,0,16 29 30,1,25,,165011,2,0,77 29 30,1,15,,165012,2,0,78 29 30,1,60,,165013,14,0,57 29 30,1,20,,165014,2,0,77 29 30,1,15,,165016,2,0,77 29 30,1,1670,,165017,14,0,16 29 30,1,102,,165018,14,0,16 29 30,1
3100,'20260831',417,,165019,14,0,16 29 30,1,40,,165020,14,0,57 29 30,1,1158,,165022,40,0,5 18 9,1,100,,165023,40,0,5 18 9,1,33,,165024,40,0,5 18 9,1,599,,165025,14,0,16 29 30,1,100,,165026,14,0,16 29 30,1
3100,'20260901',417,,165027,14,0,16 29 30,1,40,,165028,14,0,57 29 30,1,1158,,165030,40,0,5 18 9,1,100,,165031,40,0,5 18 9,1,33,,165032,40,0,5 18 9,1,599,,165033,14,0,16 29 30,1,100,,165034,14,0,16 29 30,1
3100,'20260902',417,,165035,14,0,16 29 30,1,40,,165036,14,0,57 29 30,1,1158,,165038,40,0,5 18 9,1,100,,165039,40,0,5 18 9,1,33,,165040,40,0,5 18 9,1,599,,165041,14,0,16 29 30,1,100,,165042,14,0,16 29 30,1
3100,'20260903',417,,165043,14,0,16 29 30,1,40,,165044,14,0,57 29 30,1,1158,,165046,40,0,5 18 9,1,100,,165047,40,0,5 18 9,1,33,,165048,40,0,5 18 9,1,599,,165049,14,0,16 29 30,1,100,,165050,14,0,16 29 30,1
3100,'20260904',417,,165051,14,0,16 29 30,1,40,,165052,14,0,57 29 30,1,1158,,165054,40,0,5 18 9,1,100,,165055,40,0,5 18 9,1,33,,165056,40,0,5 18 9,1,599,,165057,14,0,16 29 30,1,100,,165058,14,0,16 29 30,1
3300,'20260716',512,,169150,14,0,16 24 25,1,21,,169151,2,0,5 24 25,1,20,,169152,2,0,5 24 25,1,55,,169153,2,0,5 24 25,1,13,,169154,14,0,16 24 25,1,17,,169155,2,0,5 24 25,1,15,,169156,2,0,5 24 25,1,48,,169157,40,,,1,12,,169158,2,0,5 24 25,1,15,,169159,2,0,5 24 25,1,27,,169160,14,0,16 24 25,1,95,,169161,40,,,1,68,,169162,2,0,5 24 25,1,30,,169163,2,0,5 24 25,1,100,,169165,2,0,5 24 25,1,100,,169166,2,0,5 24 25,1,100,,169168,2,0,5 24 25,1,95,,169169,2,0,5 24 25,1,100,,169171,2,0,5 24 25,1,100,,169173,2,0,5 24 25,1,279,,169177,40,,,1,126,,169179,2,0,5 24 25,1,100,,169181,2,0,5 24 25,1,100,,169183,2,0,5 24 25,1,92,,169184,14,0,52 18 9,1
3300,'20260717',512,,169185,14,0,16 24 25,1,21,,169186,2,0,5 24 25,1,20,,169187,2,0,5 24 25,1,55,,169188,2,0,5 24 25,1,13,,169189,14,0,16 24 25,1,17,,169190,2,0,5 24 25,1,15,,169191,2,0,5 24 25,1,48,,169192,40,,,1,12,,169193,2,0,5 24 25,1,15,,169194,2,0,5 24 25,1,27,,169195,14,0,16 24 25,1,95,,169196,40,,,1,68,,169197,2,0,5 24 25,1,30,,169198,2,0,5 24 25,1,100,,169200,2,0,5 24 25,1,100,,169201,2,0,5 24 25,1,100,,169203,2,0,5 24 25,1,95,,169204,2,0,5 24 25,1,100,,169206,2,0,5 24 25,1,100,,169208,2,0,5 24 25,1,279,,169212,40,,,1,126,,169214,2,0,5 24 25,1,100,,169216,2,0,5 24 25,1,100,,169218,2,0,5 24 25,1,92,,169219,14,0,52 18 9,1
3300,'20260718',735,,169220,40,,,1,198,,169221,40,,,1,202,,169223,40,,,1,200,,169224,40,,,1,200,,169225,40,,,1,200,,169226,40,,,1,200,,169228,40,,,1,200,,169229,40,,,1
3300,'20260719',735,,169231,40,,,1,198,,169232,40,,,1,202,,169234,40,,,1,200,,169235,40,,,1,200,,169236,40,,,1,200,,169237,40,,,1,200,,169239,40,,,1,200,,169240,40,,,1
3300,'20260720',512,,169242,14,0,16 24 25,1,21,,169243,2,0,5 24 25,1,20,,169244,2,0,5 24 25,1,55,,169245,2,0,5 24 25,1,13,,169246,14,0,16 24 25,1,17,,169247,2,0,5 24 25,1,15,,169248,2,0,5 24 25,1,48,,169249,40,,,1,12,,169250,2,0,5 24 25,1,15,,169251,2,0,5 24 25,1,27,,169252,14,0,16 24 25,1,95,,169253,40,,,1,68,,169254,2,0,5 24 25,1,30,,169255,2,0,5 24 25,1,100,,169257,2,0,5 24 25,1,100,,169258,2,0,5 24 25,1,100,,169260,2,0,5 24 25,1,95,,169261,2,0,5 24 25,1,100,,169263,2,0,5 24 25,1,100,,169265,2,0,5 24 25,1,279,,169269,40,,,1,126,,169271,2,0,5 24 25,1,100,,169273,2,0,5 24 25,1,100,,169275,2,0,5 24 25,1,92,,169276,14,0,52 18 9,1
3300,'20260721',512,,169277,14,0,16 24 25,1,21,,169278,2,0,5 24 25,1,20,,169279,2,0,5 24 25,1,55,,169280,2,0,5 24 25,1,13,,169281,14,0,16 24 25,1,17,,169282,2,0,5 24 25,1,15,,169283,2,0,5 24 25,1,48,,169284,40,,,1,12,,169285,2,0,5 24 25,1,15,,169286,2,0,5 24 25,1,27,,169287,14,0,16 24 25,1,95,,169288,40,,,1,68,,169289,2,0,5 24 25,1,30,,169290,2,0,5 24 25,1,100,,169292,2,0,5 24 25,1,100,,169293,2,0,5 24 25,1,100,,169295,2,0,5 24 25,1,95,,169296,2,0,5 24 25,1,100,,169298,2,0,5 24 25,1,100,,169300,2,0,5 24 25,1,279,,169304,40,,,1,126,,169306,2,0,5 24 25,1,100,,169308,2,0,5 24 25,1,100,,169310,2,0,5 24 25,1,92,,169311,14,0,52 18 9,1
3300,'20260722',512,,169312,14,0,16 24 25,1,21,,169313,2,0,5 24 25,1,20,,169314,2,0,5 24 25,1,55,,169315,2,0,5 24 25,1,13,,169316,14,0,16 24 25,1,17,,169317,2,0,5 24 25,1,15,,169318,2,0,5 24 25,1,48,,169319,40,,,1,12,,169320,2,0,5 24 25,1,15,,169321,2,0,5 24 25,1,27,,169322,14,0,16 24 25,1,95,,169323,40,,,1,68,,169324,2,0,5 24 25,1,30,,169325,2,0,5 24 25,1,100,,169327,2,0,5 24 25,1,100,,169328,2,0,5 24 25,1,100,,169330,2,0,5 24 25,1,95,,169331,2,0,5 24 25,1,100,,169333,2,0,5 24 25,1,100,,169335,2,0,5 24 25,1,279,,169339,40,,,1,126,,169341,2,0,5 24 25,1,100,,169343,2,0,5 24 25,1,100,,169345,2,0,5 24 25,1,92,,169346,14,0,52 18 9,1
3300,'20260723',512,,169347,14,0,16 24 25,1,21,,169348,2,0,5 24 25,1,20,,169349,2,0,5 24 25,1,55,,169350,2,0,5 24 25,1,13,,169351,14,0,16 24 25,1,17,,169352,2,0,5 24 25,1,15,,169353,2,0,5 24 25,1,48,,169354,40,,,1,12,,169355,2,0,5 24 25,1,15,,169356,2,0,5 24 25,1,27,,169357,14,0,16 24 25,1,95,,169358,40,,,1,68,,169359,2,0,5 24 25,1,30,,169360,2,0,5 24 25,1,100,,169362,2,0,5 24 25,1,100,,169363,2,0,5 24 25,1,100,,169365,2,0,5 24 25,1,95,,169366,2,0,5 24 25,1,100,,169368,2,0,5 24 25,1,100,,169370,2,0,5 24 25,1,279,,169374,40,,,1,126,,169376,2,0,5 24 25,1,100,,169378,2,0,5 24 25,1,100,,169380,2,0,5 24 25,1,92,,169381,14,0,52 18 9,1
3300,'20260724',512,,169382,14,0,16 24 25,1,21,,169383,2,0,5 24 25,1,20,,169384,2,0,5 24 25,1,55,,169385,2,0,5 24 25,1,13,,169386,14,0,16 24 25,1,17,,169387,2,0,5 24 25,1,15,,169388,2,0,5 24 25,1,48,,169389,40,,,1,12,,169390,2,0,5 24 25,1,15,,169391,2,0,5 24 25,1,27,,169392,14,0,16 24 25,1,95,,169393,40,,,1,68,,169394,2,0,5 24 25,1,30,,169395,2,0,5 24 25,1,100,,169397,2,0,5 24 25,1,100,,169398,2,0,5 24 25,1,100,,169400,2,0,5 24 25,1,95,,169401,2,0,5 24 25,1,100,,169403,2,0,5 24 25,1,100,,169405,2,0,5 24 25,1,279,,169409,40,,,1,126,,169411,2,0,5 24 25,1,100,,169413,2,0,5 24 25,1,100,,169415,2,0,5 24 25,1,92,,169416,14,0,52 18 9,1
3300,'20260725',735,,169417,40,,,1,198,,169418,40,,,1,202,,169420,40,,,1,200,,169421,40,,,1,200,,169422,40,,,1,200,,169423,40,,,1,200,,169425,40,,,1,200,,169426,40,,,1
3300,'20260726',735,,169428,40,,,1,198,,169429,40,,,1,202,,169431,40,,,1,200,,169432,40,,,1,200,,169433,40,,,1,200,,169434,40,,,1,200,,169436,40,,,1,200,,169437,40,,,1
3300,'20260727',512,,169439,14,0,16 24 25,1,21,,169440,2,0,5 24 25,1,20,,169441,2,0,5 24 25,1,55,,169442,2,0,5 24 25,1,13,,169443,14,0,16 24 25,1,17,,169444,2,0,5 24 25,1,15,,169445,2,0,5 24 25,1,48,,169446,40,,,1,12,,169447,2,0,5 24 25,1,15,,169448,2,0,5 24 25,1,27,,169449,14,0,16 24 25,1,95,,169450,40,,,1,68,,169451,2,0,5 24 25,1,30,,169452,2,0,5 24 25,1,100,,169454,2,0,5 24 25,1,100,,169455,2,0,5 24 25,1,100,,169457,2,0,5 24 25,1,95,,169458,2,0,5 24 25,1,100,,169460,2,0,5 24 25,1,100,,169462,2,0,5 24 25,1,279,,169466,40,,,1,126,,169468,2,0,5 24 25,1,100,,169470,2,0,5 24 25,1,100,,169472,2,0,5 24 25,1,92,,169473,14,0,52 18 9,1
3300,'20260728',512,,169474,14,0,16 24 25,1,21,,169475,2,0,5 24 25,1,20,,169476,2,0,5 24 25,1,55,,169477,2,0,5 24 25,1,13,,169478,14,0,16 24 25,1,17,,169479,2,0,5 24 25,1,15,,169480,2,0,5 24 25,1,48,,169481,40,,,1,12,,169482,2,0,5 24 25,1,15,,169483,2,0,5 24 25,1,27,,169484,14,0,16 24 25,1,95,,169485,40,,,1,68,,169486,2,0,5 24 25,1,30,,169487,2,0,5 24 25,1,100,,169489,2,0,5 24 25,1,100,,169490,2,0,5 24 25,1,100,,169492,2,0,5 24 25,1,95,,169493,2,0,5 24 25,1,100,,169495,2,0,5 24 25,1,100,,169497,2,0,5 24 25,1,279,,169501,40,,,1,126,,169503,2,0,5 24 25,1,100,,169505,2,0,5 24 25,1,100,,169507,2,0,5 24 25,1,92,,169508,14,0,52 18 9,1
3300,'20260729',512,,169509,14,0,16 24 25,1,21,,169510,2,0,5 24 25,1,20,,169511,2,0,5 24 25,1,55,,169512,2,0,5 24 25,1,13,,169513,14,0,16 24 25,1,17,,169514,2,0,5 24 25,1,15,,169515,2,0,5 24 25,1,48,,169516,40,,,1,12,,169517,2,0,5 24 25,1,15,,169518,2,0,5 24 25,1,27,,169519,14,0,16 24 25,1,95,,169520,40,,,1,68,,169521,2,0,5 24 25,1,30,,169522,2,0,5 24 25,1,100,,169524,2,0,5 24 25,1,100,,169525,2,0,5 24 25,1,100,,169527,2,0,5 24 25,1,95,,169528,2,0,5 24 25,1,100,,169530,2,0,5 24 25,1,100,,169532,2,0,5 24 25,1,279,,169536,40,,,1,126,,169538,2,0,5 24 25,1,100,,169540,2,0,5 24 25,1,100,,169542,2,0,5 24 25,1,92,,169543,14,0,52 18 9,1
3300,'20260730',512,,169544,14,0,16 24 25,1,21,,169545,2,0,5 24 25,1,20,,169546,2,0,5 24 25,1,55,,169547,2,0,5 24 25,1,13,,169548,14,0,16 24 25,1,17,,169549,2,0,5 24 25,1,15,,169550,2,0,5 24 25,1,48,,169551,40,,,1,12,,169552,2,0,5 24 25,1,15,,169553,2,0,5 24 25,1,27,,169554,14,0,16 24 25,1,95,,169555,40,,,1,68,,169556,2,0,5 24 25,1,30,,169557,2,0,5 24 25,1,100,,169559,2,0,5 24 25,1,100,,169560,2,0,5 24 25,1,100,,169562,2,0,5 24 25,1,95,,169563,2,0,5 24 25,1,100,,169565,2,0,5 24 25,1,100,,169567,2,0,5 24 25,1,279,,169571,40,,,1,126,,169573,2,0,5 24 25,1,100,,169575,2,0,5 24 25,1,100,,169577,2,0,5 24 25,1,92,,169578,14,0,52 18 9,1
3300,'20260731',512,,169579,14,0,16 24 25,1,21,,169580,2,0,5 24 25,1,20,,169581,2,0,5 24 25,1,55,,169582,2,0,5 24 25,1,13,,169583,14,0,16 24 25,1,17,,169584,2,0,5 24 25,1,15,,169585,2,0,5 24 25,1,48,,169586,40,,,1,12,,169587,2,0,5 24 25,1,15,,169588,2,0,5 24 25,1,27,,169589,14,0,16 24 25,1,95,,169590,40,,,1,68,,169591,2,0,5 24 25,1,30,,169592,2,0,5 24 25,1,100,,169594,2,0,5 24 25,1,100,,169595,2,0,5 24 25,1,100,,169597,2,0,5 24 25,1,95,,169598,2,0,5 24 25,1,100,,169600,2,0,5 24 25,1,100,,169602,2,0,5 24 25,1,279,,169606,40,,,1,126,,169608,2,0,5 24 25,1,100,,169610,2,0,5 24 25,1,100,,169612,2,0,5 24 25,1,92,,169613,14,0,52 18 9,1
3300,'20260801',735,,169614,40,,,1,198,,169615,40,,,1,202,,169617,40,,,1,200,,169618,40,,,1,200,,169619,40,,,1,200,,169620,40,,,1,200,,169622,40,,,1,200,,169623,40,,,1
3300,'20260802',735,,169625,40,,,1,198,,169626,40,,,1,202,,169628,40,,,1,200,,169629,40,,,1,200,,169630,40,,,1,200,,169631,40,,,1,200,,169633,40,,,1,200,,169634,40,,,1
3300,'20260803',735,,169636,40,,,1,198,,169637,40,,,1,202,,169639,40,,,1,200,,169640,40,,,1,200,,169641,40,,,1,200,,169642,40,,,1,200,,169644,40,,,1,200,,169645,40,,,1
3300,'20260804',512,,169647,14,0,16 24 25,1,21,,169648,2,0,5 24 25,1,20,,169649,2,0,5 24 25,1,55,,169650,2,0,5 24 25,1,13,,169651,14,0,16 24 25,1,17,,169652,2,0,5 24 25,1,15,,169653,2,0,5 24 25,1,48,,169654,40,,,1,12,,169655,2,0,5 24 25,1,15,,169656,2,0,5 24 25,1,27,,169657,14,0,16 24 25,1,95,,169658,40,,,1,68,,169659,2,0,5 24 25,1,30,,169660,2,0,5 24 25,1,100,,169662,2,0,5 24 25,1,100,,169663,2,0,5 24 25,1,100,,169665,2,0,5 24 25,1,95,,169666,2,0,5 24 25,1,100,,169668,2,0,5 24 25,1,100,,169670,2,0,5 24 25,1,279,,169674,40,,,1,126,,169676,2,0,5 24 25,1,100,,169678,2,0,5 24 25,1,100,,169680,2,0,5 24 25,1,92,,169681,14,0,52 18 9,1
3300,'20260805',512,,169682,14,0,16 24 25,1,21,,169683,2,0,5 24 25,1,20,,169684,2,0,5 24 25,1,55,,169685,2,0,5 24 25,1,13,,169686,14,0,16 24 25,1,17,,169687,2,0,5 24 25,1,15,,169688,2,0,5 24 25,1,48,,169689,40,,,1,12,,169690,2,0,5 24 25,1,15,,169691,2,0,5 24 25,1,27,,169692,14,0,16 24 25,1,95,,169693,40,,,1,68,,169694,2,0,5 24 25,1,30,,169695,2,0,5 24 25,1,100,,169697,2,0,5 24 25,1,100,,169698,2,0,5 24 25,1,100,,169700,2,0,5 24 25,1,95,,169701,2,0,5 24 25,1,100,,169703,2,0,5 24 25,1,100,,169705,2,0,5 24 25,1,279,,169709,40,,,1,126,,169711,2,0,5 24 25,1,100,,169713,2,0,5 24 25,1,100,,169715,2,0,5 24 25,1,92,,169716,14,0,52 18 9,1
3300,'20260806',512,,169717,14,0,16 24 25,1,21,,169718,2,0,5 24 25,1,20,,169719,2,0,5 24 25,1,55,,169720,2,0,5 24 25,1,13,,169721,14,0,16 24 25,1,17,,169722,2,0,5 24 25,1,15,,169723,2,0,5 24 25,1,48,,169724,40,,,1,12,,169725,2,0,5 24 25,1,15,,169726,2,0,5 24 25,1,27,,169727,14,0,16 24 25,1,95,,169728,40,,,1,68,,169729,2,0,5 24 25,1,30,,169730,2,0,5 24 25,1,100,,169732,2,0,5 24 25,1,100,,169733,2,0,5 24 25,1,100,,169735,2,0,5 24 25,1,95,,169736,2,0,5 24 25,1,100,,169738,2,0,5 24 25,1,100,,169740,2,0,5 24 25,1,279,,169744,40,,,1,126,,169746,2,0,5 24 25,1,100,,169748,2,0,5 24 25,1,100,,169750,2,0,5 24 25,1,92,,169751,14,0,52 18 9,1
3300,'20260807',512,,169752,14,0,16 24 25,1,21,,169753,2,0,5 24 25,1,20,,169754,2,0,5 24 25,1,55,,169755,2,0,5 24 25,1,13,,169756,14,0,16 24 25,1,17,,169757,2,0,5 24 25,1,15,,169758,2,0,5 24 25,1,48,,169759,40,,,1,12,,169760,2,0,5 24 25,1,15,,169761,2,0,5 24 25,1,27,,169762,14,0,16 24 25,1,95,,169763,40,,,1,68,,169764,2,0,5 24 25,1,30,,169765,2,0,5 24 25,1,100,,169767,2,0,5 24 25,1,100,,169768,2,0,5 24 25,1,100,,169770,2,0,5 24 25,1,95,,169771,2,0,5 24 25,1,100,,169773,2,0,5 24 25,1,100,,169775,2,0,5 24 25,1,279,,169779,40,,,1,126,,169781,2,0,5 24 25,1,100,,169783,2,0,5 24 25,1,100,,169785,2,0,5 24 25,1,92,,169786,14,0,52 18 9,1
3300,'20260808',735,,169787,40,,,1,198,,169788,40,,,1,202,,169790,40,,,1,200,,169791,40,,,1,200,,169792,40,,,1,200,,169793,40,,,1,200,,169795,40,,,1,200,,169796,40,,,1
3300,'20260809',735,,169798,40,,,1,198,,169799,40,,,1,202,,169801,40,,,1,200,,169802,40,,,1,200,,169803,40,,,1,200,,169804,40,,,1,200,,169806,40,,,1,200,,169807,40,,,1
3300,'20260810',512,,169809,14,0,16 24 25,1,21,,169810,2,0,5 24 25,1,20,,169811,2,0,5 24 25,1,55,,169812,2,0,5 24 25,1,13,,169813,14,0,16 24 25,1,17,,169814,2,0,5 24 25,1,15,,169815,2,0,5 24 25,1,48,,169816,40,,,1,12,,169817,2,0,5 24 25,1,15,,169818,2,0,5 24 25,1,27,,169819,14,0,16 24 25,1,95,,169820,40,,,1,68,,169821,2,0,5 24 25,1,30,,169822,2,0,5 24 25,1,100,,169824,2,0,5 24 25,1,100,,169825,2,0,5 24 25,1,100,,169827,2,0,5 24 25,1,95,,169828,2,0,5 24 25,1,100,,169830,2,0,5 24 25,1,100,,169832,2,0,5 24 25,1,279,,169836,40,,,1,126,,169838,2,0,5 24 25,1,100,,169840,2,0,5 24 25,1,100,,169842,2,0,5 24 25,1,92,,169843,14,0,52 18 9,1
3300,'20260811',512,,169844,14,0,16 24 25,1,21,,169845,2,0,5 24 25,1,20,,169846,2,0,5 24 25,1,55,,169847,2,0,5 24 25,1,13,,169848,14,0,16 24 25,1,17,,169849,2,0,5 24 25,1,15,,169850,2,0,5 24 25,1,48,,169851,40,,,1,12,,169852,2,0,5 24 25,1,15,,169853,2,0,5 24 25,1,27,,169854,14,0,16 24 25,1,95,,169855,40,,,1,68,,169856,2,0,5 24 25,1,30,,169857,2,0,5 24 25,1,100,,169859,2,0,5 24 25,1,100,,169860,2,0,5 24 25,1,100,,169862,2,0,5 24 25,1,95,,169863,2,0,5 24 25,1,100,,169865,2,0,5 24 25,1,100,,169867,2,0,5 24 25,1,279,,169871,40,,,1,126,,169873,2,0,5 24 25,1,100,,169875,2,0,5 24 25,1,100,,169877,2,0,5 24 25,1,92,,169878,14,0,52 18 9,1
3300,'20260812',512,,169879,14,0,16 24 25,1,21,,169880,2,0,5 24 25,1,20,,169881,2,0,5 24 25,1,55,,169882,2,0,5 24 25,1,13,,169883,14,0,16 24 25,1,17,,169884,2,0,5 24 25,1,15,,169885,2,0,5 24 25,1,48,,169886,40,,,1,12,,169887,2,0,5 24 25,1,15,,169888,2,0,5 24 25,1,27,,169889,14,0,16 24 25,1,95,,169890,40,,,1,68,,169891,2,0,5 24 25,1,30,,169892,2,0,5 24 25,1,100,,169894,2,0,5 24 25,1,100,,169895,2,0,5 24 25,1,100,,169897,2,0,5 24 25,1,95,,169898,2,0,5 24 25,1,100,,169900,2,0,5 24 25,1,100,,169902,2,0,5 24 25,1,279,,169906,40,,,1,126,,169908,2,0,5 24 25,1,100,,169910,2,0,5 24 25,1,100,,169912,2,0,5 24 25,1,92,,169913,14,0,52 18 9,1
3300,'20260813',512,,169914,14,0,16 24 25,1,21,,169915,2,0,5 24 25,1,20,,169916,2,0,5 24 25,1,55,,169917,2,0,5 24 25,1,13,,169918,14,0,16 24 25,1,17,,169919,2,0,5 24 25,1,15,,169920,2,0,5 24 25,1,48,,169921,40,,,1,12,,169922,2,0,5 24 25,1,15,,169923,2,0,5 24 25,1,27,,169924,14,0,16 24 25,1,95,,169925,40,,,1,68,,169926,2,0,5 24 25,1,30,,169927,2,0,5 24 25,1,100,,169929,2,0,5 24 25,1,100,,169930,2,0,5 24 25,1,100,,169932,2,0,5 24 25,1,95,,169933,2,0,5 24 25,1,100,,169935,2,0,5 24 25,1,100,,169937,2,0,5 24 25,1,279,,169941,40,,,1,126,,169943,2,0,5 24 25,1,100,,169945,2,0,5 24 25,1,100,,169947,2,0,5 24 25,1,92,,169948,14,0,52 18 9,1
3300,'20260814',512,,169949,14,0,16 24 25,1,21,,169950,2,0,5 24 25,1,20,,169951,2,0,5 24 25,1,55,,169952,2,0,5 24 25,1,13,,169953,14,0,16 24 25,1,17,,169954,2,0,5 24 25,1,15,,169955,2,0,5 24 25,1,48,,169956,40,,,1,12,,169957,2,0,5 24 25,1,15,,169958,2,0,5 24 25,1,27,,169959,14,0,16 24 25,1,95,,169960,40,,,1,68,,169961,2,0,5 24 25,1,30,,169962,2,0,5 24 25,1,100,,169964,2,0,5 24 25,1,100,,169965,2,0,5 24 25,1,100,,169967,2,0,5 24 25,1,95,,169968,2,0,5 24 25,1,100,,169970,2,0,5 24 25,1,100,,169972,2,0,5 24 25,1,279,,169976,40,,,1,126,,169978,2,0,5 24 25,1,100,,169980,2,0,5 24 25,1,100,,169982,2,0,5 24 25,1,92,,169983,14,0,52 18 9,1
3300,'20260815',735,,169984,40,,,1,198,,169985,40,,,1,202,,169987,40,,,1,200,,169988,40,,,1,200,,169989,40,,,1,200,,169990,40,,,1,200,,169992,40,,,1,200,,169993,40,,,1
3300,'20260816',735,,169995,40,,,1,198,,169996,40,,,1,202,,169998,40,,,1,200,,169999,40,,,1,200,,170000,40,,,1,200,,170001,40,,,1,200,,170003,40,,,1,200,,170004,40,,,1
3300,'20260817',512,,170006,14,0,16 24 25,1,21,,170007,2,0,5 24 25,1,20,,170008,2,0,5 24 25,1,55,,170009,2,0,5 24 25,1,13,,170010,14,0,16 24 25,1,17,,170011,2,0,5 24 25,1,15,,170012,2,0,5 24 25,1,48,,170013,40,,,1,12,,170014,2,0,5 24 25,1,15,,170015,2,0,5 24 25,1,27,,170016,14,0,16 24 25,1,95,,170017,40,,,1,68,,170018,2,0,5 24 25,1,30,,170019,2,0,5 24 25,1,100,,170021,2,0,5 24 25,1,100,,170022,2,0,5 24 25,1,100,,170024,2,0,5 24 25,1,95,,170025,2,0,5 24 25,1,100,,170027,2,0,5 24 25,1,100,,170029,2,0,5 24 25,1,279,,170033,40,,,1,126,,170035,2,0,5 24 25,1,100,,170037,2,0,5 24 25,1,100,,170039,2,0,5 24 25,1,92,,170040,14,0,52 18 9,1
3300,'20260818',512,,170041,14,0,16 24 25,1,21,,170042,2,0,5 24 25,1,20,,170043,2,0,5 24 25,1,55,,170044,2,0,5 24 25,1,13,,170045,14,0,16 24 25,1,17,,170046,2,0,5 24 25,1,15,,170047,2,0,5 24 25,1,48,,170048,40,,,1,12,,170049,2,0,5 24 25,1,15,,170050,2,0,5 24 25,1,27,,170051,14,0,16 24 25,1,95,,170052,40,,,1,68,,170053,2,0,5 24 25,1,30,,170054,2,0,5 24 25,1,100,,170056,2,0,5 24 25,1,100,,170057,2,0,5 24 25,1,100,,170059,2,0,5 24 25,1,95,,170060,2,0,5 24 25,1,100,,170062,2,0,5 24 25,1,100,,170064,2,0,5 24 25,1,279,,170068,40,,,1,126,,170070,2,0,5 24 25,1,100,,170072,2,0,5 24 25,1,100,,170074,2,0,5 24 25,1,92,,170075,14,0,52 18 9,1
3300,'20260819',512,,170076,14,0,16 24 25,1,21,,170077,2,0,5 24 25,1,20,,170078,2,0,5 24 25,1,55,,170079,2,0,5 24 25,1,13,,170080,14,0,16 24 25,1,17,,170081,2,0,5 24 25,1,15,,170082,2,0,5 24 25,1,48,,170083,40,,,1,12,,170084,2,0,5 24 25,1,15,,170085,2,0,5 24 25,1,27,,170086,14,0,16 24 25,1,95,,170087,40,,,1,68,,170088,2,0,5 24 25,1,30,,170089,2,0,5 24 25,1,100,,170091,2,0,5 24 25,1,100,,170092,2,0,5 24 25,1,100,,170094,2,0,5 24 25,1,95,,170095,2,0,5 24 25,1,100,,170097,2,0,5 24 25,1,100,,170099,2,0,5 24 25,1,279,,170103,40,,,1,126,,170105,2,0,5 24 25,1,100,,170107,2,0,5 24 25,1,100,,170109,2,0,5 24 25,1,92,,170110,14,0,52 18 9,1
3300,'20260820',512,,170111,14,0,16 24 25,1,21,,170112,2,0,5 24 25,1,20,,170113,2,0,5 24 25,1,55,,170114,2,0,5 24 25,1,13,,170115,14,0,16 24 25,1,17,,170116,2,0,5 24 25,1,15,,170117,2,0,5 24 25,1,48,,170118,40,,,1,12,,170119,2,0,5 24 25,1,15,,170120,2,0,5 24 25,1,27,,170121,14,0,16 24 25,1,95,,170122,40,,,1,68,,170123,2,0,5 24 25,1,30,,170124,2,0,5 24 25,1,100,,170126,2,0,5 24 25,1,100,,170127,2,0,5 24 25,1,100,,170129,2,0,5 24 25,1,95,,170130,2,0,5 24 25,1,100,,170132,2,0,5 24 25,1,100,,170134,2,0,5 24 25,1,279,,170138,40,,,1,126,,170140,2,0,5 24 25,1,100,,170142,2,0,5 24 25,1,100,,170144,2,0,5 24 25,1,92,,170145,14,0,52 18 9,1
3300,'20260821',512,,170146,14,0,16 24 25,1,21,,170147,2,0,5 24 25,1,20,,170148,2,0,5 24 25,1,55,,170149,2,0,5 24 25,1,13,,170150,14,0,16 24 25,1,17,,170151,2,0,5 24 25,1,15,,170152,2,0,5 24 25,1,48,,170153,40,,,1,12,,170154,2,0,5 24 25,1,15,,170155,2,0,5 24 25,1,27,,170156,14,0,16 24 25,1,95,,170157,40,,,1,68,,170158,2,0,5 24 25,1,30,,170159,2,0,5 24 25,1,100,,170161,2,0,5 24 25,1,100,,170162,2,0,5 24 25,1,100,,170164,2,0,5 24 25,1,95,,170165,2,0,5 24 25,1,100,,170167,2,0,5 24 25,1,100,,170169,2,0,5 24 25,1,279,,170173,40,,,1,126,,170175,2,0,5 24 25,1,100,,170177,2,0,5 24 25,1,100,,170179,2,0,5 24 25,1,92,,170180,14,0,52 18 9,1
3300,'20260822',735,,170181,40,,,1,198,,170182,40,,,1,202,,170184,40,,,1,200,,170185,40,,,1,200,,170186,40,,,1,200,,170187,40,,,1,200,,170189,40,,,1,200,,170190,40,,,1
3300,'20260823',735,,170192,40,,,1,198,,170193,40,,,1,202,,170195,40,,,1,200,,170196,40,,,1,200,,170197,40,,,1,200,,170198,40,,,1,200,,170200,40,,,1,200,,170201,40,,,1
3300,'20260824',512,,170203,14,0,16 24 25,1,21,,170204,2,0,5 24 25,1,20,,170205,2,0,5 24 25,1,55,,170206,2,0,5 24 25,1,13,,170207,14,0,16 24 25,1,17,,170208,2,0,5 24 25,1,15,,170209,2,0,5 24 25,1,48,,170210,40,,,1,12,,170211,2,0,5 24 25,1,15,,170212,2,0,5 24 25,1,27,,170213,14,0,16 24 25,1,95,,170214,40,,,1,68,,170215,2,0,5 24 25,1,30,,170216,2,0,5 24 25,1,100,,170218,2,0,5 24 25,1,100,,170219,2,0,5 24 25,1,100,,170221,2,0,5 24 25,1,95,,170222,2,0,5 24 25,1,100,,170224,2,0,5 24 25,1,100,,170226,2,0,5 24 25,1,279,,170230,40,,,1,126,,170232,2,0,5 24 25,1,100,,170234,2,0,5 24 25,1,100,,170236,2,0,5 24 25,1,92,,170237,14,0,52 18 9,1
3300,'20260825',512,,170238,14,0,16 24 25,1,21,,170239,2,0,5 24 25,1,20,,170240,2,0,5 24 25,1,55,,170241,2,0,5 24 25,1,13,,170242,14,0,16 24 25,1,17,,170243,2,0,5 24 25,1,15,,170244,2,0,5 24 25,1,48,,170245,40,,,1,12,,170246,2,0,5 24 25,1,15,,170247,2,0,5 24 25,1,27,,170248,14,0,16 24 25,1,95,,170249,40,,,1,68,,170250,2,0,5 24 25,1,30,,170251,2,0,5 24 25,1,100,,170253,2,0,5 24 25,1,100,,170254,2,0,5 24 25,1,100,,170256,2,0,5 24 25,1,95,,170257,2,0,5 24 25,1,100,,170259,2,0,5 24 25,1,100,,170261,2,0,5 24 25,1,279,,170265,40,,,1,126,,170267,2,0,5 24 25,1,100,,170269,2,0,5 24 25,1,100,,170271,2,0,5 24 25,1,92,,170272,14,0,52 18 9,1
3300,'20260826',512,,170273,14,0,16 24 25,1,21,,170274,2,0,5 24 25,1,20,,170275,2,0,5 24 25,1,55,,170276,2,0,5 24 25,1,13,,170277,14,0,16 24 25,1,17,,170278,2,0,5 24 25,1,15,,170279,2,0,5 24 25,1,48,,170280,40,,,1,12,,170281,2,0,5 24 25,1,15,,170282,2,0,5 24 25,1,27,,170283,14,0,16 24 25,1,95,,170284,40,,,1,68,,170285,2,0,5 24 25,1,30,,170286,2,0,5 24 25,1,100,,170288,2,0,5 24 25,1,100,,170289,2,0,5 24 25,1,100,,170291,2,0,5 24 25,1,95,,170292,2,0,5 24 25,1,100,,170294,2,0,5 24 25,1,100,,170296,2,0,5 24 25,1,279,,170300,40,,,1,126,,170302,2,0,5 24 25,1,100,,170304,2,0,5 24 25,1,100,,170306,2,0,5 24 25,1,92,,170307,14,0,52 18 9,1
3300,'20260827',512,,170308,14,0,16 24 25,1,21,,170309,2,0,5 24 25,1,20,,170310,2,0,5 24 25,1,55,,170311,2,0,5 24 25,1,13,,170312,14,0,16 24 25,1,17,,170313,2,0,5 24 25,1,15,,170314,2,0,5 24 25,1,48,,170315,40,,,1,12,,170316,2,0,5 24 25,1,15,,170317,2,0,5 24 25,1,27,,170318,14,0,16 24 25,1,95,,170319,40,,,1,68,,170320,2,0,5 24 25,1,30,,170321,2,0,5 24 25,1,100,,170323,2,0,5 24 25,1,100,,170324,2,0,5 24 25,1,100,,170326,2,0,5 24 25,1,95,,170327,2,0,5 24 25,1,100,,170329,2,0,5 24 25,1,100,,170331,2,0,5 24 25,1,279,,170335,40,,,1,126,,170337,2,0,5 24 25,1,100,,170339,2,0,5 24 25,1,100,,170341,2,0,5 24 25,1,92,,170342,14,0,52 18 9,1
3300,'20260828',512,,170343,14,0,16 24 25,1,21,,170344,2,0,5 24 25,1,20,,170345,2,0,5 24 25,1,55,,170346,2,0,5 24 25,1,13,,170347,14,0,16 24 25,1,17,,170348,2,0,5 24 25,1,15,,170349,2,0,5 24 25,1,48,,170350,40,,,1,12,,170351,2,0,5 24 25,1,15,,170352,2,0,5 24 25,1,27,,170353,14,0,16 24 25,1,95,,170354,40,,,1,68,,170355,2,0,5 24 25,1,30,,170356,2,0,5 24 25,1,100,,170358,2,0,5 24 25,1,100,,170359,2,0,5 24 25,1,100,,170361,2,0,5 24 25,1,95,,170362,2,0,5 24 25,1,100,,170364,2,0,5 24 25,1,100,,170366,2,0,5 24 25,1,279,,170370,40,,,1,126,,170372,2,0,5 24 25,1,100,,170374,2,0,5 24 25,1,100,,170376,2,0,5 24 25,1,92,,170377,14,0,52 18 9,1
3300,'20260829',735,,170378,40,,,1,198,,170379,40,,,1,202,,170381,40,,,1,200,,170382,40,,,1,200,,170383,40,,,1,200,,170384,40,,,1,200,,170386,40,,,1,200,,170387,40,,,1
3300,'20260830',735,,170389,40,,,1,198,,170390,40,,,1,202,,170392,40,,,1,200,,170393,40,,,1,200,,170394,40,,,1,200,,170395,40,,,1,200,,170397,40,,,1,200,,170398,40,,,1
3300,'20260831',512,,170400,14,0,16 24 25,1,21,,170401,2,0,5 24 25,1,20,,170402,2,0,5 24 25,1,55,,170403,2,0,5 24 25,1,13,,170404,14,0,16 24 25,1,17,,170405,2,0,5 24 25,1,15,,170406,2,0,5 24 25,1,48,,170407,40,,,1,12,,170408,2,0,5 24 25,1,15,,170409,2,0,5 24 25,1,27,,170410,14,0,16 24 25,1,95,,170411,40,,,1,68,,170412,2,0,5 24 25,1,30,,170413,2,0,5 24 25,1,100,,170415,2,0,5 24 25,1,100,,170416,2,0,5 24 25,1,100,,170418,2,0,5 24 25,1,95,,170419,2,0,5 24 25,1,100,,170421,2,0,5 24 25,1,100,,170423,2,0,5 24 25,1,279,,170427,40,,,1,126,,170429,2,0,5 24 25,1,100,,170431,2,0,5 24 25,1,100,,170433,2,0,5 24 25,1,92,,170434,14,0,52 18 9,1
3300,'20260901',512,,170435,14,0,16 24 25,1,21,,170436,2,0,5 24 25,1,20,,170437,2,0,5 24 25,1,55,,170438,2,0,5 24 25,1,13,,170439,14,0,16 24 25,1,17,,170440,2,0,5 24 25,1,15,,170441,2,0,5 24 25,1,48,,170442,40,,,1,12,,170443,2,0,5 24 25,1,15,,170444,2,0,5 24 25,1,27,,170445,14,0,16 24 25,1,95,,170446,40,,,1,68,,170447,2,0,5 24 25,1,30,,170448,2,0,5 24 25,1,100,,170450,2,0,5 24 25,1,100,,170451,2,0,5 24 25,1,100,,170453,2,0,5 24 25,1,95,,170454,2,0,5 24 25,1,100,,170456,2,0,5 24 25,1,100,,170458,2,0,5 24 25,1,279,,170462,40,,,1,126,,170464,2,0,5 24 25,1,100,,170466,2,0,5 24 25,1,100,,170468,2,0,5 24 25,1,92,,170469,14,0,52 18 9,1
3300,'20260902',512,,170470,14,0,16 24 25,1,21,,170471,2,0,5 24 25,1,20,,170472,2,0,5 24 25,1,55,,170473,2,0,5 24 25,1,13,,170474,14,0,16 24 25,1,17,,170475,2,0,5 24 25,1,15,,170476,2,0,5 24 25,1,48,,170477,40,,,1,12,,170478,2,0,5 24 25,1,15,,170479,2,0,5 24 25,1,27,,170480,14,0,16 24 25,1,95,,170481,40,,,1,68,,170482,2,0,5 24 25,1,30,,170483,2,0,5 24 25,1,100,,170485,2,0,5 24 25,1,100,,170486,2,0,5 24 25,1,100,,170488,2,0,5 24 25,1,95,,170489,2,0,5 24 25,1,100,,170491,2,0,5 24 25,1,100,,170493,2,0,5 24 25,1,279,,170497,40,,,1,126,,170499,2,0,5 24 25,1,100,,170501,2,0,5 24 25,1,100,,170503,2,0,5 24 25,1,92,,170504,14,0,52 18 9,1
3300,'20260903',512,,170505,14,0,16 24 25,1,21,,170506,2,0,5 24 25,1,20,,170507,2,0,5 24 25,1,55,,170508,2,0,5 24 25,1,13,,170509,14,0,16 24 25,1,17,,170510,2,0,5 24 25,1,15,,170511,2,0,5 24 25,1,48,,170512,40,,,1,12,,170513,2,0,5 24 25,1,15,,170514,2,0,5 24 25,1,27,,170515,14,0,16 24 25,1,95,,170516,40,,,1,68,,170517,2,0,5 24 25,1,30,,170518,2,0,5 24 25,1,100,,170520,2,0,5 24 25,1,100,,170521,2,0,5 24 25,1,100,,170523,2,0,5 24 25,1,95,,170524,2,0,5 24 25,1,100,,170526,2,0,5 24 25,1,100,,170528,2,0,5 24 25,1,279,,170532,40,,,1,126,,170534,2,0,5 24 25,1,100,,170536,2,0,5 24 25,1,100,,170538,2,0,5 24 25,1,92,,170539,14,0,52 18 9,1
3300,'20260904',512,,170540,14,0,16 24 25,1,21,,170541,2,0,5 24 25,1,20,,170542,2,0,5 24 25,1,55,,170543,2,0,5 24 25,1,13,,170544,14,0,16 24 25,1,17,,170545,2,0,5 24 25,1,15,,170546,2,0,5 24 25,1,48,,170547,40,,,1,12,,170548,2,0,5 24 25,1,15,,170549,2,0,5 24 25,1,27,,170550,14,0,16 24 25,1,95,,170551,40,,,1,68,,170552,2,0,5 24 25,1,30,,170553,2,0,5 24 25,1,100,,170555,2,0,5 24 25,1,100,,170556,2,0,5 24 25,1,100,,170558,2,0,5 24 25,1,95,,170559,2,0,5 24 25,1,100,,170561,2,0,5 24 25,1,100,,170563,2,0,5 24 25,1,279,,170567,40,,,1,126,,170569,2,0,5 24 25,1,100,,170571,2,0,5 24 25,1,100,,170573,2,0,5 24 25,1,92,,170574,14,0,52 18 9,1
