3100,'20260629',1522,,164498,14,0,5 18 9,1,100,,164499,14,0,5 18 9,1,33,,164500,14,0,5 18 9,1
3100,'20260630',1522,,164506,14,0,5 18 9,1,100,,164507,14,0,5 18 9,1,33,,164508,14,0,5 18 9,1
3100,'20260702',1522,,164523,14,0,5 18 9,1,100,,164524,14,0,5 18 9,1,33,,164525,14,0,5 18 9,1
3100,'20260703',1522,,164531,14,0,5 18 9,1,100,,164532,14,0,5 18 9,1,33,,164533,14,0,5 18 9,1
3100,'20260706',1522,,164557,14,0,5 18 9,1,100,,164558,14,0,5 18 9,1,33,,164559,14,0,5 18 9,1
3100,'20260707',1522,,164565,14,0,5 18 9,1,100,,164566,14,0,5 18 9,1,33,,164567,14,0,5 18 9,1
3100,'20260708',1522,,164573,14,0,5 18 9,1,100,,164574,14,0,5 18 9,1,33,,164575,14,0,5 18 9,1
3100,'20260709',1522,,164581,14,0,5 18 9,1,100,,164582,14,0,5 18 9,1,33,,164583,14,0,5 18 9,1
3100,'20260710',1522,,164589,14,0,5 18 9,1,100,,164590,14,0,5 18 9,1,33,,164591,14,0,5 18 9,1
3100,'20260713',1522,,164615,14,0,5 18 9,1,100,,164616,14,0,5 18 9,1,33,,164617,14,0,5 18 9,1
3100,'20260714',1522,,164623,14,0,5 18 9,1,100,,164624,14,0,5 18 9,1,33,,164625,14,0,5 18 9,1
3100,'20260715',1522,,164631,14,0,5 18 9,1,100,,164632,14,0,5 18 9,1,33,,164633,14,0,5 18 9,1
3100,'20260716',1522,,164639,14,0,5 18 9,1,100,,164640,14,0,5 18 9,1,33,,164641,14,0,5 18 9,1
3100,'20260717',1522,,164647,14,0,5 18 9,1,100,,164648,14,0,5 18 9,1,33,,164649,14,0,5 18 9,1
3100,'20260720',1522,,164673,14,0,5 18 9,1,100,,164674,14,0,5 18 9,1,33,,164675,14,0,5 18 9,1
3100,'20260721',1522,,164681,14,0,5 18 9,1,100,,164682,14,0,5 18 9,1,33,,164683,14,0,5 18 9,1
3100,'20260722',1522,,164689,14,0,5 18 9,1,100,,164690,14,0,5 18 9,1,33,,164691,14,0,5 18 9,1
3100,'20260723',1522,,164697,14,0,5 18 9,1,100,,164698,14,0,5 18 9,1,33,,164699,14,0,5 18 9,1
3100,'20260724',1522,,164705,14,0,5 18 9,1,100,,164706,14,0,5 18 9,1,33,,164707,14,0,5 18 9,1
3100,'20260727',1522,,164731,14,0,5 18 9,1,100,,164732,14,0,5 18 9,1,33,,164733,14,0,5 18 9,1
3100,'20260728',1522,,164739,14,0,5 18 9,1,100,,164740,14,0,5 18 9,1,33,,164741,14,0,5 18 9,1
3100,'20260729',1522,,164747,14,0,5 18 9,1,100,,164748,14,0,5 18 9,1,33,,164749,14,0,5 18 9,1
3100,'20260730',1522,,164755,14,0,5 18 9,1,100,,164756,14,0,5 18 9,1,33,,164757,14,0,5 18 9,1
3100,'20260731',1522,,164763,14,0,5 18 9,1,100,,164764,14,0,5 18 9,1,33,,164765,14,0,5 18 9,1
3100,'20260804',1522,,164798,14,0,5 18 9,1,100,,164799,14,0,5 18 9,1,33,,164800,14,0,5 18 9,1
3100,'20260805',1522,,164806,14,0,5 18 9,1,100,,164807,14,0,5 18 9,1,33,,164808,14,0,5 18 9,1
3100,'20260806',1522,,164814,14,0,5 18 9,1,100,,164815,14,0,5 18 9,1,33,,164816,14,0,5 18 9,1
3100,'20260807',1522,,164822,14,0,5 18 9,1,100,,164823,14,0,5 18 9,1,33,,164824,14,0,5 18 9,1
3100,'20260810',1522,,164848,14,0,5 18 9,1,100,,164849,14,0,5 18 9,1,33,,164850,14,0,5 18 9,1
3100,'20260811',1522,,164856,14,0,5 18 9,1,100,,164857,14,0,5 18 9,1,33,,164858,14,0,5 18 9,1
3100,'20260812',1522,,164864,14,0,5 18 9,1,100,,164865,14,0,5 18 9,1,33,,164866,14,0,5 18 9,1
3100,'20260813',1522,,164872,14,0,5 18 9,1,100,,164873,14,0,5 18 9,1,33,,164874,14,0,5 18 9,1
3100,'20260814',1522,,164880,14,0,5 18 9,1,100,,164881,14,0,5 18 9,1,33,,164882,14,0,5 18 9,1
3100,'20260817',1522,,164906,14,0,5 18 9,1,100,,164907,14,0,5 18 9,1,33,,164908,14,0,5 18 9,1
3100,'20260818',1522,,164914,14,0,5 18 9,1,100,,164915,14,0,5 18 9,1,33,,164916,14,0,5 18 9,1
3100,'20260819',1522,,164922,14,0,5 18 9,1,100,,164923,14,0,5 18 9,1,33,,164924,14,0,5 18 9,1
3100,'20260820',1522,,164930,14,0,5 18 9,1,100,,164931,14,0,5 18 9,1,33,,164932,14,0,5 18 9,1
3100,'20260821',1522,,164938,14,0,5 18 9,1,100,,164939,14,0,5 18 9,1,33,,164940,14,0,5 18 9,1
3100,'20260824',1522,,164964,14,0,5 18 9,1,100,,164965,14,0,5 18 9,1,33,,164966,14,0,5 18 9,1
3100,'20260825',1522,,164972,14,0,5 18 9,1,100,,164973,14,0,5 18 9,1,33,,164974,14,0,5 18 9,1
3100,'20260826',1522,,164980,14,0,5 18 9,1,100,,164981,14,0,5 18 9,1,33,,164982,14,0,5 18 9,1
3100,'20260827',1522,,164988,14,0,5 18 9,1,100,,164989,14,0,5 18 9,1,33,,164990,14,0,5 18 9,1
3100,'20260828',1522,,164996,14,0,5 18 9,1,100,,164997,14,0,5 18 9,1,33,,164998,14,0,5 18 9,1
3100,'20260831',1522,,165022,14,0,5 18 9,1,100,,165023,14,0,5 18 9,1,33,,165024,14,0,5 18 9,1
3100,'20260901',1522,,165030,14,0,5 18 9,1,100,,165031,14,0,5 18 9,1,33,,165032,14,0,5 18 9,1
3100,'20260902',1522,,165038,14,0,5 18 9,1,100,,165039,14,0,5 18 9,1,33,,165040,14,0,5 18 9,1
3100,'20260903',1522,,165046,14,0,5 18 9,1,100,,165047,14,0,5 18 9,1,33,,165048,14,0,5 18 9,1
3100,'20260904',1522,,165054,14,0,5 18 9,1,100,,165055,14,0,5 18 9,1,33,,165056,14,0,5 18 9,1
3300,'20260629',613,,168682,14,,,1,145,,168686,14,,,1,186,,168689,14,0,57 14 15 9,1,200,,168692,14,0,57 14 15 9,1,200,,168695,14,0,57 14 15 9,1,95,,168697,14,0,57 14 15 9,1,290,,168702,14,,,1,116,,168703,14,0,57 14 15 9,1,200,,168707,14,0,57 14 15 9,1
3300,'20260630',613,,168717,14,,,1,145,,168721,14,,,1,186,,168724,14,0,57 14 15 9,1,200,,168727,14,0,57 14 15 9,1,200,,168730,14,0,57 14 15 9,1,95,,168732,14,0,57 14 15 9,1,290,,168737,14,,,1,116,,168738,14,0,57 14 15 9,1,200,,168742,14,0,57 14 15 9,1
3300,'20260701',648,,168745,14,,,1,195,,168746,14,,,1,97,,168747,14,0,57 14 15 9,1,100,,168748,14,,,1,200,,168749,14,,,1,200,,168750,14,,,1,200,,168751,14,,,1,205,,168753,14,,,1,200,,168754,14,,,1
3300,'20260702',613,,168763,14,,,1,145,,168767,14,,,1,186,,168770,14,0,57 14 15 9,1,200,,168773,14,0,57 14 15 9,1,200,,168776,14,0,57 14 15 9,1,95,,168778,14,0,57 14 15 9,1,290,,168783,14,,,1,116,,168784,14,0,57 14 15 9,1,200,,168788,14,0,57 14 15 9,1
3300,'20260703',613,,168798,14,,,1,145,,168802,14,,,1,186,,168805,14,0,57 14 15 9,1,200,,168808,14,0,57 14 15 9,1,200,,168811,14,0,57 14 15 9,1,95,,168813,14,0,57 14 15 9,1,290,,168818,14,,,1,116,,168819,14,0,57 14 15 9,1,200,,168823,14,0,57 14 15 9,1
3300,'20260704',648,,168826,14,,,1,195,,168827,14,,,1,97,,168828,14,0,57 14 15 9,1,100,,168829,14,,,1,200,,168830,14,,,1,200,,168831,14,,,1,200,,168832,14,,,1,205,,168834,14,,,1,200,,168835,14,,,1
3300,'20260705',648,,168837,14,,,1,195,,168838,14,,,1,97,,168839,14,0,57 14 15 9,1,100,,168840,14,,,1,200,,168841,14,,,1,200,,168842,14,,,1,200,,168843,14,,,1,205,,168845,14,,,1,200,,168846,14,,,1
3300,'20260706',613,,168855,14,,,1,145,,168859,14,,,1,186,,168862,14,0,57 14 15 9,1,200,,168865,14,0,57 14 15 9,1,200,,168868,14,0,57 14 15 9,1,95,,168870,14,0,57 14 15 9,1,290,,168875,14,,,1,116,,168876,14,0,57 14 15 9,1,200,,168880,14,0,57 14 15 9,1
3300,'20260707',613,,168890,14,,,1,145,,168894,14,,,1,186,,168897,14,0,57 14 15 9,1,200,,168900,14,0,57 14 15 9,1,200,,168903,14,0,57 14 15 9,1,95,,168905,14,0,57 14 15 9,1,290,,168910,14,,,1,116,,168911,14,0,57 14 15 9,1,200,,168915,14,0,57 14 15 9,1
3300,'20260708',613,,168925,14,,,1,145,,168929,14,,,1,186,,168932,14,0,57 14 15 9,1,200,,168935,14,0,57 14 15 9,1,200,,168938,14,0,57 14 15 9,1,95,,168940,14,0,57 14 15 9,1,290,,168945,14,,,1,116,,168946,14,0,57 14 15 9,1,200,,168950,14,0,57 14 15 9,1
3300,'20260709',613,,168960,14,,,1,145,,168964,14,,,1,186,,168967,14,0,57 14 15 9,1,200,,168970,14,0,57 14 15 9,1,200,,168973,14,0,57 14 15 9,1,95,,168975,14,0,57 14 15 9,1,290,,168980,14,,,1,116,,168981,14,0,57 14 15 9,1,200,,168985,14,0,57 14 15 9,1
3300,'20260710',613,,168995,14,,,1,145,,168999,14,,,1,186,,169002,14,0,57 14 15 9,1,200,,169005,14,0,57 14 15 9,1,200,,169008,14,0,57 14 15 9,1,95,,169010,14,0,57 14 15 9,1,290,,169015,14,,,1,116,,169016,14,0,57 14 15 9,1,200,,169020,14,0,57 14 15 9,1
3300,'20260711',648,,169023,14,,,1,195,,169024,14,,,1,97,,169025,14,0,57 14 15 9,1,100,,169026,14,,,1,200,,169027,14,,,1,200,,169028,14,,,1,200,,169029,14,,,1,205,,169031,14,,,1,200,,169032,14,,,1
3300,'20260712',648,,169034,14,,,1,195,,169035,14,,,1,97,,169036,14,0,57 14 15 9,1,100,,169037,14,,,1,200,,169038,14,,,1,200,,169039,14,,,1,200,,169040,14,,,1,205,,169042,14,,,1,200,,169043,14,,,1
3300,'20260713',613,,169052,14,,,1,145,,169056,14,,,1,186,,169059,14,0,57 14 15 9,1,200,,169062,14,0,57 14 15 9,1,200,,169065,14,0,57 14 15 9,1,95,,169067,14,0,57 14 15 9,1,290,,169072,14,,,1,116,,169073,14,0,57 14 15 9,1,200,,169077,14,0,57 14 15 9,1
3300,'20260714',613,,169087,14,,,1,145,,169091,14,,,1,186,,169094,14,0,57 14 15 9,1,200,,169097,14,0,57 14 15 9,1,200,,169100,14,0,57 14 15 9,1,95,,169102,14,0,57 14 15 9,1,290,,169107,14,,,1,116,,169108,14,0,57 14 15 9,1,200,,169112,14,0,57 14 15 9,1
3300,'20260715',613,,169122,14,,,1,145,,169126,14,,,1,186,,169129,14,0,57 14 15 9,1,200,,169132,14,0,57 14 15 9,1,200,,169135,14,0,57 14 15 9,1,95,,169137,14,0,57 14 15 9,1,290,,169142,14,,,1,116,,169143,14,0,57 14 15 9,1,200,,169147,14,0,57 14 15 9,1
3300,'20260716',613,,169157,14,,,1,145,,169161,14,,,1,186,,169164,14,0,57 14 15 9,1,200,,169167,14,0,57 14 15 9,1,200,,169170,14,0,57 14 15 9,1,95,,169172,14,0,57 14 15 9,1,290,,169177,14,,,1,116,,169178,14,0,57 14 15 9,1,200,,169182,14,0,57 14 15 9,1
3300,'20260717',613,,169192,14,,,1,145,,169196,14,,,1,186,,169199,14,0,57 14 15 9,1,200,,169202,14,0,57 14 15 9,1,200,,169205,14,0,57 14 15 9,1,95,,169207,14,0,57 14 15 9,1,290,,169212,14,,,1,116,,169213,14,0,57 14 15 9,1,200,,169217,14,0,57 14 15 9,1
3300,'20260718',648,,169220,14,,,1,195,,169221,14,,,1,97,,169222,14,0,57 14 15 9,1,100,,169223,14,,,1,200,,169224,14,,,1,200,,169225,14,,,1,200,,169226,14,,,1,205,,169228,14,,,1,200,,169229,14,,,1
3300,'20260719',648,,169231,14,,,1,195,,169232,14,,,1,97,,169233,14,0,57 14 15 9,1,100,,169234,14,,,1,200,,169235,14,,,1,200,,169236,14,,,1,200,,169237,14,,,1,205,,169239,14,,,1,200,,169240,14,,,1
3300,'20260720',613,,169249,14,,,1,145,,169253,14,,,1,186,,169256,14,0,57 14 15 9,1,200,,169259,14,0,57 14 15 9,1,200,,169262,14,0,57 14 15 9,1,95,,169264,14,0,57 14 15 9,1,290,,169269,14,,,1,116,,169270,14,0,57 14 15 9,1,200,,169274,14,0,57 14 15 9,1
3300,'20260721',613,,169284,14,,,1,145,,169288,14,,,1,186,,169291,14,0,57 14 15 9,1,200,,169294,14,0,57 14 15 9,1,200,,169297,14,0,57 14 15 9,1,95,,169299,14,0,57 14 15 9,1,290,,169304,14,,,1,116,,169305,14,0,57 14 15 9,1,200,,169309,14,0,57 14 15 9,1
3300,'20260722',613,,169319,14,,,1,145,,169323,14,,,1,186,,169326,14,0,57 14 15 9,1,200,,169329,14,0,57 14 15 9,1,200,,169332,14,0,57 14 15 9,1,95,,169334,14,0,57 14 15 9,1,290,,169339,14,,,1,116,,169340,14,0,57 14 15 9,1,200,,169344,14,0,57 14 15 9,1
3300,'20260723',613,,169354,14,,,1,145,,169358,14,,,1,186,,169361,14,0,57 14 15 9,1,200,,169364,14,0,57 14 15 9,1,200,,169367,14,0,57 14 15 9,1,95,,169369,14,0,57 14 15 9,1,290,,169374,14,,,1,116,,169375,14,0,57 14 15 9,1,200,,169379,14,0,57 14 15 9,1
3300,'20260724',613,,169389,14,,,1,145,,169393,14,,,1,186,,169396,14,0,57 14 15 9,1,200,,169399,14,0,57 14 15 9,1,200,,169402,14,0,57 14 15 9,1,95,,169404,14,0,57 14 15 9,1,290,,169409,14,,,1,116,,169410,14,0,57 14 15 9,1,200,,169414,14,0,57 14 15 9,1
3300,'20260725',648,,169417,14,,,1,195,,169418,14,,,1,97,,169419,14,0,57 14 15 9,1,100,,169420,14,,,1,200,,169421,14,,,1,200,,169422,14,,,1,200,,169423,14,,,1,205,,169425,14,,,1,200,,169426,14,,,1
3300,'20260726',648,,169428,14,,,1,195,,169429,14,,,1,97,,169430,14,0,57 14 15 9,1,100,,169431,14,,,1,200,,169432,14,,,1,200,,169433,14,,,1,200,,169434,14,,,1,205,,169436,14,,,1,200,,169437,14,,,1
3300,'20260727',613,,169446,14,,,1,145,,169450,14,,,1,186,,169453,14,0,57 14 15 9,1,200,,169456,14,0,57 14 15 9,1,200,,169459,14,0,57 14 15 9,1,95,,169461,14,0,57 14 15 9,1,290,,169466,14,,,1,116,,169467,14,0,57 14 15 9,1,200,,169471,14,0,57 14 15 9,1
3300,'20260728',613,,169481,14,,,1,145,,169485,14,,,1,186,,169488,14,0,57 14 15 9,1,200,,169491,14,0,57 14 15 9,1,200,,169494,14,0,57 14 15 9,1,95,,169496,14,0,57 14 15 9,1,290,,169501,14,,,1,116,,169502,14,0,57 14 15 9,1,200,,169506,14,0,57 14 15 9,1
3300,'20260729',613,,169516,14,,,1,145,,169520,14,,,1,186,,169523,14,0,57 14 15 9,1,200,,169526,14,0,57 14 15 9,1,200,,169529,14,0,57 14 15 9,1,95,,169531,14,0,57 14 15 9,1,290,,169536,14,,,1,116,,169537,14,0,57 14 15 9,1,200,,169541,14,0,57 14 15 9,1
3300,'20260730',613,,169551,14,,,1,145,,169555,14,,,1,186,,169558,14,0,57 14 15 9,1,200,,169561,14,0,57 14 15 9,1,200,,169564,14,0,57 14 15 9,1,95,,169566,14,0,57 14 15 9,1,290,,169571,14,,,1,116,,169572,14,0,57 14 15 9,1,200,,169576,14,0,57 14 15 9,1
3300,'20260731',613,,169586,14,,,1,145,,169590,14,,,1,186,,169593,14,0,57 14 15 9,1,200,,169596,14,0,57 14 15 9,1,200,,169599,14,0,57 14 15 9,1,95,,169601,14,0,57 14 15 9,1,290,,169606,14,,,1,116,,169607,14,0,57 14 15 9,1,200,,169611,14,0,57 14 15 9,1
3300,'20260801',648,,169614,14,,,1,195,,169615,14,,,1,97,,169616,14,0,57 14 15 9,1,100,,169617,14,,,1,200,,169618,14,,,1,200,,169619,14,,,1,200,,169620,14,,,1,205,,169622,14,,,1,200,,169623,14,,,1
3300,'20260802',648,,169625,14,,,1,195,,169626,14,,,1,97,,169627,14,0,57 14 15 9,1,100,,169628,14,,,1,200,,169629,14,,,1,200,,169630,14,,,1,200,,169631,14,,,1,205,,169633,14,,,1,200,,169634,14,,,1
3300,'20260803',648,,169636,14,,,1,195,,169637,14,,,1,97,,169638,14,0,57 14 15 9,1,100,,169639,14,,,1,200,,169640,14,,,1,200,,169641,14,,,1,200,,169642,14,,,1,205,,169644,14,,,1,200,,169645,14,,,1
3300,'20260804',613,,169654,14,,,1,145,,169658,14,,,1,186,,169661,14,0,57 14 15 9,1,200,,169664,14,0,57 14 15 9,1,200,,169667,14,0,57 14 15 9,1,95,,169669,14,0,57 14 15 9,1,290,,169674,14,,,1,116,,169675,14,0,57 14 15 9,1,200,,169679,14,0,57 14 15 9,1
3300,'20260805',613,,169689,14,,,1,145,,169693,14,,,1,186,,169696,14,0,57 14 15 9,1,200,,169699,14,0,57 14 15 9,1,200,,169702,14,0,57 14 15 9,1,95,,169704,14,0,57 14 15 9,1,290,,169709,14,,,1,116,,169710,14,0,57 14 15 9,1,200,,169714,14,0,57 14 15 9,1
3300,'20260806',613,,169724,14,,,1,145,,169728,14,,,1,186,,169731,14,0,57 14 15 9,1,200,,169734,14,0,57 14 15 9,1,200,,169737,14,0,57 14 15 9,1,95,,169739,14,0,57 14 15 9,1,290,,169744,14,,,1,116,,169745,14,0,57 14 15 9,1,200,,169749,14,0,57 14 15 9,1
3300,'20260807',613,,169759,14,,,1,145,,169763,14,,,1,186,,169766,14,0,57 14 15 9,1,200,,169769,14,0,57 14 15 9,1,200,,169772,14,0,57 14 15 9,1,95,,169774,14,0,57 14 15 9,1,290,,169779,14,,,1,116,,169780,14,0,57 14 15 9,1,200,,169784,14,0,57 14 15 9,1
3300,'20260808',648,,169787,14,,,1,195,,169788,14,,,1,97,,169789,14,0,57 14 15 9,1,100,,169790,14,,,1,200,,169791,14,,,1,200,,169792,14,,,1,200,,169793,14,,,1,205,,169795,14,,,1,200,,169796,14,,,1
3300,'20260809',648,,169798,14,,,1,195,,169799,14,,,1,97,,169800,14,0,57 14 15 9,1,100,,169801,14,,,1,200,,169802,14,,,1,200,,169803,14,,,1,200,,169804,14,,,1,205,,169806,14,,,1,200,,169807,14,,,1
3300,'20260810',613,,169816,14,,,1,145,,169820,14,,,1,186,,169823,14,0,57 14 15 9,1,200,,169826,14,0,57 14 15 9,1,200,,169829,14,0,57 14 15 9,1,95,,169831,14,0,57 14 15 9,1,290,,169836,14,,,1,116,,169837,14,0,57 14 15 9,1,200,,169841,14,0,57 14 15 9,1
3300,'20260811',613,,169851,14,,,1,145,,169855,14,,,1,186,,169858,14,0,57 14 15 9,1,200,,169861,14,0,57 14 15 9,1,200,,169864,14,0,57 14 15 9,1,95,,169866,14,0,57 14 15 9,1,290,,169871,14,,,1,116,,169872,14,0,57 14 15 9,1,200,,169876,14,0,57 14 15 9,1
3300,'20260812',613,,169886,14,,,1,145,,169890,14,,,1,186,,169893,14,0,57 14 15 9,1,200,,169896,14,0,57 14 15 9,1,200,,169899,14,0,57 14 15 9,1,95,,169901,14,0,57 14 15 9,1,290,,169906,14,,,1,116,,169907,14,0,57 14 15 9,1,200,,169911,14,0,57 14 15 9,1
3300,'20260813',613,,169921,14,,,1,145,,169925,14,,,1,186,,169928,14,0,57 14 15 9,1,200,,169931,14,0,57 14 15 9,1,200,,169934,14,0,57 14 15 9,1,95,,169936,14,0,57 14 15 9,1,290,,169941,14,,,1,116,,169942,14,0,57 14 15 9,1,200,,169946,14,0,57 14 15 9,1
3300,'20260814',613,,169956,14,,,1,145,,169960,14,,,1,186,,169963,14,0,57 14 15 9,1,200,,169966,14,0,57 14 15 9,1,200,,169969,14,0,57 14 15 9,1,95,,169971,14,0,57 14 15 9,1,290,,169976,14,,,1,116,,169977,14,0,57 14 15 9,1,200,,169981,14,0,57 14 15 9,1
3300,'20260815',648,,169984,14,,,1,195,,169985,14,,,1,97,,169986,14,0,57 14 15 9,1,100,,169987,14,,,1,200,,169988,14,,,1,200,,169989,14,,,1,200,,169990,14,,,1,205,,169992,14,,,1,200,,169993,14,,,1
3300,'20260816',648,,169995,14,,,1,195,,169996,14,,,1,97,,169997,14,0,57 14 15 9,1,100,,169998,14,,,1,200,,169999,14,,,1,200,,170000,14,,,1,200,,170001,14,,,1,205,,170003,14,,,1,200,,170004,14,,,1
3300,'20260817',613,,170013,14,,,1,145,,170017,14,,,1,186,,170020,14,0,57 14 15 9,1,200,,170023,14,0,57 14 15 9,1,200,,170026,14,0,57 14 15 9,1,95,,170028,14,0,57 14 15 9,1,290,,170033,14,,,1,116,,170034,14,0,57 14 15 9,1,200,,170038,14,0,57 14 15 9,1
3300,'20260818',613,,170048,14,,,1,145,,170052,14,,,1,186,,170055,14,0,57 14 15 9,1,200,,170058,14,0,57 14 15 9,1,200,,170061,14,0,57 14 15 9,1,95,,170063,14,0,57 14 15 9,1,290,,170068,14,,,1,116,,170069,14,0,57 14 15 9,1,200,,170073,14,0,57 14 15 9,1
3300,'20260819',613,,170083,14,,,1,145,,170087,14,,,1,186,,170090,14,0,57 14 15 9,1,200,,170093,14,0,57 14 15 9,1,200,,170096,14,0,57 14 15 9,1,95,,170098,14,0,57 14 15 9,1,290,,170103,14,,,1,116,,170104,14,0,57 14 15 9,1,200,,170108,14,0,57 14 15 9,1
3300,'20260820',613,,170118,14,,,1,145,,170122,14,,,1,186,,170125,14,0,57 14 15 9,1,200,,170128,14,0,57 14 15 9,1,200,,170131,14,0,57 14 15 9,1,95,,170133,14,0,57 14 15 9,1,290,,170138,14,,,1,116,,170139,14,0,57 14 15 9,1,200,,170143,14,0,57 14 15 9,1
3300,'20260821',613,,170153,14,,,1,145,,170157,14,,,1,186,,170160,14,0,57 14 15 9,1,200,,170163,14,0,57 14 15 9,1,200,,170166,14,0,57 14 15 9,1,95,,170168,14,0,57 14 15 9,1,290,,170173,14,,,1,116,,170174,14,0,57 14 15 9,1,200,,170178,14,0,57 14 15 9,1
3300,'20260822',648,,170181,14,,,1,195,,170182,14,,,1,97,,170183,14,0,57 14 15 9,1,100,,170184,14,,,1,200,,170185,14,,,1,200,,170186,14,,,1,200,,170187,14,,,1,205,,170189,14,,,1,200,,170190,14,,,1
3300,'20260823',648,,170192,14,,,1,195,,170193,14,,,1,97,,170194,14,0,57 14 15 9,1,100,,170195,14,,,1,200,,170196,14,,,1,200,,170197,14,,,1,200,,170198,14,,,1,205,,170200,14,,,1,200,,170201,14,,,1
3300,'20260824',613,,170210,14,,,1,145,,170214,14,,,1,186,,170217,14,0,57 14 15 9,1,200,,170220,14,0,57 14 15 9,1,200,,170223,14,0,57 14 15 9,1,95,,170225,14,0,57 14 15 9,1,290,,170230,14,,,1,116,,170231,14,0,57 14 15 9,1,200,,170235,14,0,57 14 15 9,1
3300,'20260825',613,,170245,14,,,1,145,,170249,14,,,1,186,,170252,14,0,57 14 15 9,1,200,,170255,14,0,57 14 15 9,1,200,,170258,14,0,57 14 15 9,1,95,,170260,14,0,57 14 15 9,1,290,,170265,14,,,1,116,,170266,14,0,57 14 15 9,1,200,,170270,14,0,57 14 15 9,1
3300,'20260826',613,,170280,14,,,1,145,,170284,14,,,1,186,,170287,14,0,57 14 15 9,1,200,,170290,14,0,57 14 15 9,1,200,,170293,14,0,57 14 15 9,1,95,,170295,14,0,57 14 15 9,1,290,,170300,14,,,1,116,,170301,14,0,57 14 15 9,1,200,,170305,14,0,57 14 15 9,1
3300,'20260827',613,,170315,14,,,1,145,,170319,14,,,1,186,,170322,14,0,57 14 15 9,1,200,,170325,14,0,57 14 15 9,1,200,,170328,14,0,57 14 15 9,1,95,,170330,14,0,57 14 15 9,1,290,,170335,14,,,1,116,,170336,14,0,57 14 15 9,1,200,,170340,14,0,57 14 15 9,1
3300,'20260828',613,,170350,14,,,1,145,,170354,14,,,1,186,,170357,14,0,57 14 15 9,1,200,,170360,14,0,57 14 15 9,1,200,,170363,14,0,57 14 15 9,1,95,,170365,14,0,57 14 15 9,1,290,,170370,14,,,1,116,,170371,14,0,57 14 15 9,1,200,,170375,14,0,57 14 15 9,1
3300,'20260829',648,,170378,14,,,1,195,,170379,14,,,1,97,,170380,14,0,57 14 15 9,1,100,,170381,14,,,1,200,,170382,14,,,1,200,,170383,14,,,1,200,,170384,14,,,1,205,,170386,14,,,1,200,,170387,14,,,1
3300,'20260830',648,,170389,14,,,1,195,,170390,14,,,1,97,,170391,14,0,57 14 15 9,1,100,,170392,14,,,1,200,,170393,14,,,1,200,,170394,14,,,1,200,,170395,14,,,1,205,,170397,14,,,1,200,,170398,14,,,1
3300,'20260831',613,,170407,14,,,1,145,,170411,14,,,1,186,,170414,14,0,57 14 15 9,1,200,,170417,14,0,57 14 15 9,1,200,,170420,14,0,57 14 15 9,1,95,,170422,14,0,57 14 15 9,1,290,,170427,14,,,1,116,,170428,14,0,57 14 15 9,1,200,,170432,14,0,57 14 15 9,1
3300,'20260901',613,,170442,14,,,1,145,,170446,14,,,1,186,,170449,14,0,57 14 15 9,1,200,,170452,14,0,57 14 15 9,1,200,,170455,14,0,57 14 15 9,1,95,,170457,14,0,57 14 15 9,1,290,,170462,14,,,1,116,,170463,14,0,57 14 15 9,1,200,,170467,14,0,57 14 15 9,1
3300,'20260902',613,,170477,14,,,1,145,,170481,14,,,1,186,,170484,14,0,57 14 15 9,1,200,,170487,14,0,57 14 15 9,1,200,,170490,14,0,57 14 15 9,1,95,,170492,14,0,57 14 15 9,1,290,,170497,14,,,1,116,,170498,14,0,57 14 15 9,1,200,,170502,14,0,57 14 15 9,1
3300,'20260903',613,,170512,14,,,1,145,,170516,14,,,1,186,,170519,14,0,57 14 15 9,1,200,,170522,14,0,57 14 15 9,1,200,,170525,14,0,57 14 15 9,1,95,,170527,14,0,57 14 15 9,1,290,,170532,14,,,1,116,,170533,14,0,57 14 15 9,1,200,,170537,14,0,57 14 15 9,1
3300,'20260904',613,,170547,14,,,1,145,,170551,14,,,1,186,,170554,14,0,57 14 15 9,1,200,,170557,14,0,57 14 15 9,1,200,,170560,14,0,57 14 15 9,1,95,,170562,14,0,57 14 15 9,1,290,,170567,14,,,1,116,,170568,14,0,57 14 15 9,1,200,,170572,14,0,57 14 15 9,1
