3700,'20260716',1428,,175879,33,,,1,305,,175880,33,,,1,106,,175881,33,,,1,99,,175882,33,,,1,183,,175883,33,,,1
3700,'20260717',1428,,175886,33,,,1,305,,175887,33,,,1,106,,175888,33,,,1,99,,175889,33,,,1,183,,175890,33,,,1
3700,'20260720',1428,,175893,33,,,1,305,,175894,33,,,1,106,,175895,33,,,1,99,,175896,33,,,1,183,,175897,33,,,1
3700,'20260721',1428,,175900,33,,,1,305,,175901,33,,,1,106,,175902,33,,,1,99,,175903,33,,,1,183,,175904,33,,,1
3700,'20260722',1428,,175907,33,,,1,305,,175908,33,,,1,106,,175909,33,,,1,99,,175910,33,,,1,183,,175911,33,,,1
3700,'20260723',1428,,175914,33,,,1,305,,175915,33,,,1,106,,175916,33,,,1,99,,175917,33,,,1,183,,175918,33,,,1
3700,'20260724',1428,,175921,33,,,1,305,,175922,33,,,1,106,,175923,33,,,1,99,,175924,33,,,1,183,,175925,33,,,1
3700,'20260727',1428,,175928,33,,,1,305,,175929,33,,,1,106,,175930,33,,,1,99,,175931,33,,,1,183,,175932,33,,,1
3700,'20260728',1428,,175935,33,,,1,305,,175936,33,,,1,106,,175937,33,,,1,99,,175938,33,,,1,183,,175939,33,,,1
3700,'20260729',1428,,175942,33,,,1,305,,175943,33,,,1,106,,175944,33,,,1,99,,175945,33,,,1,183,,175946,33,,,1
3700,'20260730',1428,,175949,33,,,1,305,,175950,33,,,1,106,,175951,33,,,1,99,,175952,33,,,1,183,,175953,33,,,1
3700,'20260731',1428,,175956,33,,,1,305,,175957,33,,,1,106,,175958,33,,,1,99,,175959,33,,,1,183,,175960,33,,,1
3700,'20260804',1428,,175963,33,,,1,305,,175964,33,,,1,106,,175965,33,,,1,99,,175966,33,,,1,183,,175967,33,,,1
3700,'20260805',1428,,175970,33,,,1,305,,175971,33,,,1,106,,175972,33,,,1,99,,175973,33,,,1,183,,175974,33,,,1
3700,'20260806',1428,,175977,33,,,1,305,,175978,33,,,1,106,,175979,33,,,1,99,,175980,33,,,1,183,,175981,33,,,1
3700,'20260807',1428,,175984,33,,,1,305,,175985,33,,,1,106,,175986,33,,,1,99,,175987,33,,,1,183,,175988,33,,,1
3700,'20260810',1428,,175991,33,,,1,305,,175992,33,,,1,106,,175993,33,,,1,99,,175994,33,,,1,183,,175995,33,,,1
3700,'20260811',1428,,175998,33,,,1,305,,175999,33,,,1,106,,176000,33,,,1,99,,176001,33,,,1,183,,176002,33,,,1
3700,'20260812',1428,,176005,33,,,1,305,,176006,33,,,1,106,,176007,33,,,1,99,,176008,33,,,1,183,,176009,33,,,1
3700,'20260813',1428,,176012,33,,,1,305,,176013,33,,,1,106,,176014,33,,,1,99,,176015,33,,,1,183,,176016,33,,,1
3700,'20260814',1428,,176019,33,,,1,305,,176020,33,,,1,106,,176021,33,,,1,99,,176022,33,,,1,183,,176023,33,,,1
3700,'20260817',1428,,176026,33,,,1,305,,176027,33,,,1,106,,176028,33,,,1,99,,176029,33,,,1,183,,176030,33,,,1
3700,'20260818',1428,,176033,33,,,1,305,,176034,33,,,1,106,,176035,33,,,1,99,,176036,33,,,1,183,,176037,33,,,1
3700,'20260819',1428,,176040,33,,,1,305,,176041,33,,,1,106,,176042,33,,,1,99,,176043,33,,,1,183,,176044,33,,,1
3700,'20260820',1428,,176047,33,,,1,305,,176048,33,,,1,106,,176049,33,,,1,99,,176050,33,,,1,183,,176051,33,,,1
3700,'20260821',1428,,176054,33,,,1,305,,176055,33,,,1,106,,176056,33,,,1,99,,176057,33,,,1,183,,176058,33,,,1
3700,'20260824',1428,,176061,33,,,1,305,,176062,33,,,1,106,,176063,33,,,1,99,,176064,33,,,1,183,,176065,33,,,1
3700,'20260825',1428,,176068,33,,,1,305,,176069,33,,,1,106,,176070,33,,,1,99,,176071,33,,,1,183,,176072,33,,,1
3700,'20260826',1428,,176075,33,,,1,305,,176076,33,,,1,106,,176077,33,,,1,99,,176078,33,,,1,183,,176079,33,,,1
3700,'20260827',1428,,176082,33,,,1,305,,176083,33,,,1,106,,176084,33,,,1,99,,176085,33,,,1,183,,176086,33,,,1
3700,'20260828',1428,,176089,33,,,1,305,,176090,33,,,1,106,,176091,33,,,1,99,,176092,33,,,1,183,,176093,33,,,1
3700,'20260831',1428,,176096,33,,,1,305,,176097,33,,,1,106,,176098,33,,,1,99,,176099,33,,,1,183,,176100,33,,,1
3700,'20260901',1428,,176103,33,,,1,305,,176104,33,,,1,106,,176105,33,,,1,99,,176106,33,,,1,183,,176107,33,,,1
3700,'20260902',1428,,176110,33,,,1,305,,176111,33,,,1,106,,176112,33,,,1,99,,176113,33,,,1,183,,176114,33,,,1
3700,'20260903',1428,,176117,33,,,1,305,,176118,33,,,1,106,,176119,33,,,1,99,,176120,33,,,1,183,,176121,33,,,1
3700,'20260904',1428,,176124,33,,,1,305,,176125,33,,,1,106,,176126,33,,,1,99,,176127,33,,,1,183,,176128,33,,,1
3701,'20260716',448,,176283,13,,,1,187,,176284,13,,,1,95,,176285,13,,,1,883,,176286,13,0,31 18 9,1
3701,'20260717',448,,176290,13,,,1,187,,176291,13,,,1,95,,176292,13,,,1,883,,176293,13,0,31 18 9,1
3701,'20260720',448,,176297,13,,,1,187,,176298,13,,,1,95,,176299,13,,,1,883,,176300,13,0,31 18 9,1
3701,'20260721',448,,176304,13,,,1,187,,176305,13,,,1,95,,176306,13,,,1,883,,176307,13,0,31 18 9,1
3701,'20260722',448,,176311,13,,,1,187,,176312,13,,,1,95,,176313,13,,,1,883,,176314,13,0,31 18 9,1
3701,'20260723',448,,176318,13,,,1,187,,176319,13,,,1,95,,176320,13,,,1,883,,176321,13,0,31 18 9,1
3701,'20260724',448,,176325,13,,,1,187,,176326,13,,,1,95,,176327,13,,,1,883,,176328,13,0,31 18 9,1
3701,'20260727',448,,176332,13,,,1,187,,176333,13,,,1,95,,176334,13,,,1,883,,176335,13,0,31 18 9,1
3701,'20260728',448,,176339,13,,,1,187,,176340,13,,,1,95,,176341,13,,,1,883,,176342,13,0,31 18 9,1
3701,'20260729',448,,176346,13,,,1,187,,176347,13,,,1,95,,176348,13,,,1,883,,176349,13,0,31 18 9,1
3701,'20260730',448,,176353,13,,,1,187,,176354,13,,,1,95,,176355,13,,,1,883,,176356,13,0,31 18 9,1
3701,'20260731',448,,176360,13,,,1,187,,176361,13,,,1,95,,176362,13,,,1,883,,176363,13,0,31 18 9,1
3701,'20260804',448,,176367,13,,,1,187,,176368,13,,,1,95,,176369,13,,,1,883,,176370,13,0,31 18 9,1
3701,'20260805',448,,176374,13,,,1,187,,176375,13,,,1,95,,176376,13,,,1,883,,176377,13,0,31 18 9,1
3701,'20260806',448,,176381,13,,,1,187,,176382,13,,,1,95,,176383,13,,,1,883,,176384,13,0,31 18 9,1
3701,'20260807',448,,176388,13,,,1,187,,176389,13,,,1,95,,176390,13,,,1,883,,176391,13,0,31 18 9,1
3701,'20260810',448,,176395,13,,,1,187,,176396,13,,,1,95,,176397,13,,,1,883,,176398,13,0,31 18 9,1
3701,'20260811',448,,176402,13,,,1,187,,176403,13,,,1,95,,176404,13,,,1,883,,176405,13,0,31 18 9,1
3701,'20260812',448,,176409,13,,,1,187,,176410,13,,,1,95,,176411,13,,,1,883,,176412,13,0,31 18 9,1
3701,'20260813',448,,176416,13,,,1,187,,176417,13,,,1,95,,176418,13,,,1,883,,176419,13,0,31 18 9,1
3701,'20260814',448,,176423,13,,,1,187,,176424,13,,,1,95,,176425,13,,,1,883,,176426,13,0,31 18 9,1
3701,'20260817',448,,176430,13,,,1,187,,176431,13,,,1,95,,176432,13,,,1,883,,176433,13,0,31 18 9,1
3701,'20260818',448,,176437,13,,,1,187,,176438,13,,,1,95,,176439,13,,,1,883,,176440,13,0,31 18 9,1
3701,'20260819',448,,176444,13,,,1,187,,176445,13,,,1,95,,176446,13,,,1,883,,176447,13,0,31 18 9,1
3701,'20260820',448,,176451,13,,,1,187,,176452,13,,,1,95,,176453,13,,,1,883,,176454,13,0,31 18 9,1
3701,'20260821',448,,176458,13,,,1,187,,176459,13,,,1,95,,176460,13,,,1,883,,176461,13,0,31 18 9,1
3701,'20260824',448,,176465,13,,,1,187,,176466,13,,,1,95,,176467,13,,,1,883,,176468,13,0,31 18 9,1
3701,'20260825',448,,176472,13,,,1,187,,176473,13,,,1,95,,176474,13,,,1,883,,176475,13,0,31 18 9,1
3701,'20260826',448,,176479,13,,,1,187,,176480,13,,,1,95,,176481,13,,,1,883,,176482,13,0,31 18 9,1
3701,'20260827',448,,176486,13,,,1,187,,176487,13,,,1,95,,176488,13,,,1,883,,176489,13,0,31 18 9,1
3701,'20260828',448,,176493,13,,,1,187,,176494,13,,,1,95,,176495,13,,,1,883,,176496,13,0,31 18 9,1
3701,'20260831',448,,176500,13,,,1,187,,176501,13,,,1,95,,176502,13,,,1,883,,176503,13,0,31 18 9,1
3701,'20260901',448,,176507,13,,,1,187,,176508,13,,,1,95,,176509,13,,,1,883,,176510,13,0,31 18 9,1
3701,'20260902',448,,176514,13,,,1,187,,176515,13,,,1,95,,176516,13,,,1,883,,176517,13,0,31 18 9,1
3701,'20260903',448,,176521,13,,,1,187,,176522,13,,,1,95,,176523,13,,,1,883,,176524,13,0,31 18 9,1
3701,'20260904',448,,176528,13,,,1,187,,176529,13,,,1,95,,176530,13,,,1,883,,176531,13,0,31 18 9,1
