6101,'20260401',527,,49888,17,,,1,414,,49889,17,,,1,102,,49890,17,,,1,100,,49891,17,,,1,100,,49892,17,,,1,100,,49893,17,,,1
6101,'20260402',527,,49894,17,,,1,414,,49895,17,,,1,102,,49896,17,,,1,100,,49897,17,,,1,100,,49898,17,,,1,100,,49899,17,,,1
6101,'20260406',527,,49900,17,,,1,414,,49901,17,,,1,102,,49902,17,,,1,100,,49903,17,,,1,100,,49904,17,,,1,100,,49905,17,,,1
6101,'20260407',527,,49906,17,,,1,414,,49907,17,,,1,102,,49908,17,,,1,100,,49909,17,,,1,100,,49910,17,,,1,100,,49911,17,,,1
6101,'20260408',527,,49912,17,,,1,414,,49913,17,,,1,102,,49914,17,,,1,100,,49915,17,,,1,100,,49916,17,,,1,100,,49917,17,,,1
6101,'20260409',527,,49918,17,,,1,414,,49919,17,,,1,102,,49920,17,,,1,100,,49921,17,,,1,100,,49922,17,,,1,100,,49923,17,,,1
6101,'20260410',527,,49924,17,,,1,414,,49925,17,,,1,102,,49926,17,,,1,100,,49927,17,,,1,100,,49928,17,,,1,100,,49929,17,,,1
6101,'20260413',527,,49930,17,,,1,414,,49931,17,,,1,102,,49932,17,,,1,100,,49933,17,,,1,100,,49934,17,,,1,100,,49935,17,,,1
6101,'20260414',527,,49936,17,,,1,414,,49937,17,,,1,102,,49938,17,,,1,100,,49939,17,,,1,100,,49940,17,,,1,100,,49941,17,,,1
6101,'20260415',527,,49942,17,,,1,414,,49943,17,,,1,102,,49944,17,,,1,100,,49945,17,,,1,100,,49946,17,,,1,100,,49947,17,,,1
6101,'20260416',527,,49948,17,,,1,414,,49949,17,,,1,102,,49950,17,,,1,100,,49951,17,,,1,100,,49952,17,,,1,100,,49953,17,,,1
6101,'20260417',527,,49954,17,,,1,414,,49955,17,,,1,102,,49956,17,,,1,100,,49957,17,,,1,100,,49958,17,,,1,100,,49959,17,,,1
6101,'20260420',527,,49960,17,,,1,414,,49961,17,,,1,102,,49962,17,,,1,100,,49963,17,,,1,100,,49964,17,,,1,100,,49965,17,,,1
6101,'20260421',527,,49966,17,,,1,414,,49967,17,,,1,102,,49968,17,,,1,100,,49969,17,,,1,100,,49970,17,,,1,100,,49971,17,,,1
6101,'20260422',527,,49972,17,,,1,414,,49973,17,,,1,102,,49974,17,,,1,100,,49975,17,,,1,100,,49976,17,,,1,100,,49977,17,,,1
6101,'20260423',527,,49978,17,,,1,414,,49979,17,,,1,102,,49980,17,,,1,100,,49981,17,,,1,100,,49982,17,,,1,100,,49983,17,,,1
6101,'20260424',527,,49984,17,,,1,414,,49985,17,,,1,102,,49986,17,,,1,100,,49987,17,,,1,100,,49988,17,,,1,100,,49989,17,,,1
