9200,'20260310',526,,54071,6,0,11 12 9,1,207,,54072,6,0,11 12 9,1,103,,54073,6,0,11 12 9,1,90,,54074,6,0,11 12 9,1,97,,54075,6,0,11 12 9,1,105,,54076,6,0,11 12 9,1,100,,54077,6,0,11 12 9,1,95,,54078,6,0,11 12 9,1,105,,54079,6,0,11 12 9,1,102,,54080,6,0,11 12 9,1,88,,54082,6,0,7 19 1 20 21 22,1,12,,54081,6,0,11 12 9,1,88,,54084,6,0,7 19 1 20 21 22,1,20,,54083,6,0,11 12 9,1,80,,54085,6,0,7 19 1 20 21 22,1,20,,54086,6,0,11 12 9,1,78,,54087,6,0,7 19 1 20 21 22,1,21,,54088,6,0,11 12 9,1,86,,54089,6,0,11 12 9,1,104,,54090,6,0,11 12 9,1,100,,54091,6,0,11 12 9,1,100,,54092,6,0,11 12 9,1,199,,54093,6,0,11 12 9,1
9200,'20260311',526,,54094,6,0,11 12 9,1,207,,54095,6,0,11 12 9,1,103,,54096,6,0,11 12 9,1,90,,54097,6,0,11 12 9,1,97,,54098,6,0,11 12 9,1,105,,54099,6,0,11 12 9,1,100,,54100,6,0,11 12 9,1,95,,54101,6,0,11 12 9,1,105,,54102,6,0,11 12 9,1,102,,54103,6,0,11 12 9,1,88,,54105,6,0,7 19 1 20 21 22,1,12,,54104,6,0,11 12 9,1,88,,54107,6,0,7 19 1 20 21 22,1,20,,54106,6,0,11 12 9,1,80,,54108,6,0,7 19 1 20 21 22,1,20,,54109,6,0,11 12 9,1,78,,54110,6,0,7 19 1 20 21 22,1,21,,54111,6,0,11 12 9,1,86,,54112,6,0,11 12 9,1,104,,54113,6,0,11 12 9,1,100,,54114,6,0,11 12 9,1,100,,54115,6,0,11 12 9,1,199,,54116,6,0,11 12 9,1
9200,'20260312',526,,54117,6,0,11 12 9,1,207,,54118,6,0,11 12 9,1,103,,54119,6,0,11 12 9,1,90,,54120,6,0,11 12 9,1,97,,54121,6,0,11 12 9,1,105,,54122,6,0,11 12 9,1,100,,54123,6,0,11 12 9,1,95,,54124,6,0,11 12 9,1,105,,54125,6,0,11 12 9,1,102,,54126,6,0,11 12 9,1,88,,54128,6,0,7 19 1 20 21 22,1,12,,54127,6,0,11 12 9,1,88,,54130,6,0,7 19 1 20 21 22,1,20,,54129,6,0,11 12 9,1,80,,54131,6,0,7 19 1 20 21 22,1,20,,54132,6,0,11 12 9,1,78,,54133,6,0,7 19 1 20 21 22,1,21,,54134,6,0,11 12 9,1,86,,54135,6,0,11 12 9,1,104,,54136,6,0,11 12 9,1,100,,54137,6,0,11 12 9,1,100,,54138,6,0,11 12 9,1,199,,54139,6,0,11 12 9,1
9200,'20260313',526,,54140,6,0,11 12 9,1,207,,54141,6,0,11 12 9,1,103,,54142,6,0,11 12 9,1,90,,54143,6,0,11 12 9,1,97,,54144,6,0,11 12 9,1,105,,54145,6,0,11 12 9,1,100,,54146,6,0,11 12 9,1,95,,54147,6,0,11 12 9,1,105,,54148,6,0,11 12 9,1,102,,54149,6,0,11 12 9,1,88,,54151,6,0,7 19 1 20 21 22,1,12,,54150,6,0,11 12 9,1,88,,54153,6,0,7 19 1 20 21 22,1,20,,54152,6,0,11 12 9,1,80,,54154,6,0,7 19 1 20 21 22,1,20,,54155,6,0,11 12 9,1,78,,54156,6,0,7 19 1 20 21 22,1,21,,54157,6,0,11 12 9,1,86,,54158,6,0,11 12 9,1,104,,54159,6,0,11 12 9,1,100,,54160,6,0,11 12 9,1,100,,54161,6,0,11 12 9,1,199,,54162,6,0,11 12 9,1
9200,'20260314',731,,54163,6,0,11 12 9,1,101,,54164,6,0,11 12 9,1,105,,54165,6,0,11 12 9,1,97,,54166,6,0,11 12 9,1,100,,54167,6,0,11 12 9,1,100,,54168,6,0,11 12 9,1,100,,54169,6,0,11 12 9,1,105,,54170,6,0,11 12 9,1,100,,54171,6,0,11 12 9,1,98,,54172,6,0,11 12 9,1,105,,54173,6,0,11 12 9,1,97,,54174,6,0,11 12 9,1,100,,54175,6,0,11 12 9,1,98,,54176,6,0,11 12 9,1,100,,54177,6,0,11 12 9,1,100,,54178,6,0,11 12 9,1,99,,54179,6,0,11 12 9,1,200,,54180,6,0,11 12 9,1
9200,'20260315',731,,54181,6,0,11 12 9,1,101,,54182,6,0,11 12 9,1,105,,54183,6,0,11 12 9,1,97,,54184,6,0,11 12 9,1,100,,54185,6,0,11 12 9,1,100,,54186,6,0,11 12 9,1,100,,54187,6,0,11 12 9,1,105,,54188,6,0,11 12 9,1,100,,54189,6,0,11 12 9,1,98,,54190,6,0,11 12 9,1,105,,54191,6,0,11 12 9,1,97,,54192,6,0,11 12 9,1,100,,54193,6,0,11 12 9,1,98,,54194,6,0,11 12 9,1,100,,54195,6,0,11 12 9,1,100,,54196,6,0,11 12 9,1,99,,54197,6,0,11 12 9,1,200,,54198,6,0,11 12 9,1
9200,'20260316',526,,54199,6,0,11 12 9,1,207,,54200,6,0,11 12 9,1,103,,54201,6,0,11 12 9,1,90,,54202,6,0,11 12 9,1,97,,54203,6,0,11 12 9,1,105,,54204,6,0,11 12 9,1,100,,54205,6,0,11 12 9,1,95,,54206,6,0,11 12 9,1,105,,54207,6,0,11 12 9,1,102,,54208,6,0,11 12 9,1,88,,54210,6,0,7 19 1 20 21 22,1,12,,54209,6,0,11 12 9,1,88,,54212,6,0,7 19 1 20 21 22,1,20,,54211,6,0,11 12 9,1,80,,54213,6,0,7 19 1 20 21 22,1,20,,54214,6,0,11 12 9,1,78,,54215,6,0,7 19 1 20 21 22,1,21,,54216,6,0,11 12 9,1,86,,54217,6,0,11 12 9,1,104,,54218,6,0,11 12 9,1,100,,54219,6,0,11 12 9,1,100,,54220,6,0,11 12 9,1,199,,54221,6,0,11 12 9,1
9200,'20260317',526,,54222,6,0,11 12 9,1,207,,54223,6,0,11 12 9,1,103,,54224,6,0,11 12 9,1,90,,54225,6,0,11 12 9,1,97,,54226,6,0,11 12 9,1,105,,54227,6,0,11 12 9,1,100,,54228,6,0,11 12 9,1,95,,54229,6,0,11 12 9,1,105,,54230,6,0,11 12 9,1,102,,54231,6,0,11 12 9,1,88,,54233,6,0,7 19 1 20 21 22,1,12,,54232,6,0,11 12 9,1,88,,54235,6,0,7 19 1 20 21 22,1,20,,54234,6,0,11 12 9,1,80,,54236,6,0,7 19 1 20 21 22,1,20,,54237,6,0,11 12 9,1,78,,54238,6,0,7 19 1 20 21 22,1,21,,54239,6,0,11 12 9,1,86,,54240,6,0,11 12 9,1,104,,54241,6,0,11 12 9,1,100,,54242,6,0,11 12 9,1,100,,54243,6,0,11 12 9,1,199,,54244,6,0,11 12 9,1
9200,'20260318',526,,54245,6,0,11 12 9,1,207,,54246,6,0,11 12 9,1,103,,54247,6,0,11 12 9,1,90,,54248,6,0,11 12 9,1,97,,54249,6,0,11 12 9,1,105,,54250,6,0,11 12 9,1,100,,54251,6,0,11 12 9,1,95,,54252,6,0,11 12 9,1,105,,54253,6,0,11 12 9,1,102,,54254,6,0,11 12 9,1,88,,54256,6,0,7 19 1 20 21 22,1,12,,54255,6,0,11 12 9,1,88,,54258,6,0,7 19 1 20 21 22,1,20,,54257,6,0,11 12 9,1,80,,54259,6,0,7 19 1 20 21 22,1,20,,54260,6,0,11 12 9,1,78,,54261,6,0,7 19 1 20 21 22,1,21,,54262,6,0,11 12 9,1,86,,54263,6,0,11 12 9,1,104,,54264,6,0,11 12 9,1,100,,54265,6,0,11 12 9,1,100,,54266,6,0,11 12 9,1,199,,54267,6,0,11 12 9,1
9200,'20260319',526,,54268,6,0,11 12 9,1,207,,54269,6,0,11 12 9,1,103,,54270,6,0,11 12 9,1,90,,54271,6,0,11 12 9,1,97,,54272,6,0,11 12 9,1,105,,54273,6,0,11 12 9,1,100,,54274,6,0,11 12 9,1,95,,54275,6,0,11 12 9,1,105,,54276,6,0,11 12 9,1,102,,54277,6,0,11 12 9,1,88,,54279,6,0,7 19 1 20 21 22,1,12,,54278,6,0,11 12 9,1,88,,54281,6,0,7 19 1 20 21 22,1,20,,54280,6,0,11 12 9,1,80,,54282,6,0,7 19 1 20 21 22,1,20,,54283,6,0,11 12 9,1,78,,54284,6,0,7 19 1 20 21 22,1,21,,54285,6,0,11 12 9,1,86,,54286,6,0,11 12 9,1,104,,54287,6,0,11 12 9,1,100,,54288,6,0,11 12 9,1,100,,54289,6,0,11 12 9,1,199,,54290,6,0,11 12 9,1
9200,'20260320',526,,54291,6,0,11 12 9,1,207,,54292,6,0,11 12 9,1,103,,54293,6,0,11 12 9,1,90,,54294,6,0,11 12 9,1,97,,54295,6,0,11 12 9,1,105,,54296,6,0,11 12 9,1,100,,54297,6,0,11 12 9,1,95,,54298,6,0,11 12 9,1,105,,54299,6,0,11 12 9,1,102,,54300,6,0,11 12 9,1,88,,54302,6,0,7 19 1 20 21 22,1,12,,54301,6,0,11 12 9,1,88,,54304,6,0,7 19 1 20 21 22,1,20,,54303,6,0,11 12 9,1,80,,54305,6,0,7 19 1 20 21 22,1,20,,54306,6,0,11 12 9,1,78,,54307,6,0,7 19 1 20 21 22,1,21,,54308,6,0,11 12 9,1,86,,54309,6,0,11 12 9,1,104,,54310,6,0,11 12 9,1,100,,54311,6,0,11 12 9,1,100,,54312,6,0,11 12 9,1,199,,54313,6,0,11 12 9,1
9200,'20260321',731,,54314,6,0,11 12 9,1,101,,54315,6,0,11 12 9,1,105,,54316,6,0,11 12 9,1,97,,54317,6,0,11 12 9,1,100,,54318,6,0,11 12 9,1,100,,54319,6,0,11 12 9,1,100,,54320,6,0,11 12 9,1,105,,54321,6,0,11 12 9,1,100,,54322,6,0,11 12 9,1,98,,54323,6,0,11 12 9,1,105,,54324,6,0,11 12 9,1,97,,54325,6,0,11 12 9,1,100,,54326,6,0,11 12 9,1,98,,54327,6,0,11 12 9,1,100,,54328,6,0,11 12 9,1,100,,54329,6,0,11 12 9,1,99,,54330,6,0,11 12 9,1,200,,54331,6,0,11 12 9,1
9200,'20260322',731,,54332,6,0,11 12 9,1,101,,54333,6,0,11 12 9,1,105,,54334,6,0,11 12 9,1,97,,54335,6,0,11 12 9,1,100,,54336,6,0,11 12 9,1,100,,54337,6,0,11 12 9,1,100,,54338,6,0,11 12 9,1,105,,54339,6,0,11 12 9,1,100,,54340,6,0,11 12 9,1,98,,54341,6,0,11 12 9,1,105,,54342,6,0,11 12 9,1,97,,54343,6,0,11 12 9,1,100,,54344,6,0,11 12 9,1,98,,54345,6,0,11 12 9,1,100,,54346,6,0,11 12 9,1,100,,54347,6,0,11 12 9,1,99,,54348,6,0,11 12 9,1,200,,54349,6,0,11 12 9,1
9200,'20260323',526,,54350,6,0,11 12 9,1,207,,54351,6,0,11 12 9,1,103,,54352,6,0,11 12 9,1,90,,54353,6,0,11 12 9,1,97,,54354,6,0,11 12 9,1,105,,54355,6,0,11 12 9,1,100,,54356,6,0,11 12 9,1,95,,54357,6,0,11 12 9,1,105,,54358,6,0,11 12 9,1,102,,54359,6,0,11 12 9,1,88,,54361,6,0,7 19 1 20 21 22,1,12,,54360,6,0,11 12 9,1,88,,54363,6,0,7 19 1 20 21 22,1,20,,54362,6,0,11 12 9,1,80,,54364,6,0,7 19 1 20 21 22,1,20,,54365,6,0,11 12 9,1,78,,54366,6,0,7 19 1 20 21 22,1,21,,54367,6,0,11 12 9,1,86,,54368,6,0,11 12 9,1,104,,54369,6,0,11 12 9,1,100,,54370,6,0,11 12 9,1,100,,54371,6,0,11 12 9,1,199,,54372,6,0,11 12 9,1
9200,'20260324',526,,54373,6,0,11 12 9,1,207,,54374,6,0,11 12 9,1,103,,54375,6,0,11 12 9,1,90,,54376,6,0,11 12 9,1,97,,54377,6,0,11 12 9,1,105,,54378,6,0,11 12 9,1,100,,54379,6,0,11 12 9,1,95,,54380,6,0,11 12 9,1,105,,54381,6,0,11 12 9,1,102,,54382,6,0,11 12 9,1,88,,54384,6,0,7 19 1 20 21 22,1,12,,54383,6,0,11 12 9,1,88,,54386,6,0,7 19 1 20 21 22,1,20,,54385,6,0,11 12 9,1,80,,54387,6,0,7 19 1 20 21 22,1,20,,54388,6,0,11 12 9,1,78,,54389,6,0,7 19 1 20 21 22,1,21,,54390,6,0,11 12 9,1,86,,54391,6,0,11 12 9,1,104,,54392,6,0,11 12 9,1,100,,54393,6,0,11 12 9,1,100,,54394,6,0,11 12 9,1,199,,54395,6,0,11 12 9,1
9200,'20260325',526,,54396,6,0,11 12 9,1,207,,54397,6,0,11 12 9,1,103,,54398,6,0,11 12 9,1,90,,54399,6,0,11 12 9,1,97,,54400,6,0,11 12 9,1,105,,54401,6,0,11 12 9,1,100,,54402,6,0,11 12 9,1,95,,54403,6,0,11 12 9,1,105,,54404,6,0,11 12 9,1,102,,54405,6,0,11 12 9,1,88,,54407,6,0,7 19 1 20 21 22,1,12,,54406,6,0,11 12 9,1,88,,54409,6,0,7 19 1 20 21 22,1,20,,54408,6,0,11 12 9,1,80,,54410,6,0,7 19 1 20 21 22,1,20,,54411,6,0,11 12 9,1,78,,54412,6,0,7 19 1 20 21 22,1,21,,54413,6,0,11 12 9,1,86,,54414,6,0,11 12 9,1,104,,54415,6,0,11 12 9,1,100,,54416,6,0,11 12 9,1,100,,54417,6,0,11 12 9,1,199,,54418,6,0,11 12 9,1
9200,'20260326',526,,54419,6,0,11 12 9,1,207,,54420,6,0,11 12 9,1,103,,54421,6,0,11 12 9,1,90,,54422,6,0,11 12 9,1,97,,54423,6,0,11 12 9,1,105,,54424,6,0,11 12 9,1,100,,54425,6,0,11 12 9,1,95,,54426,6,0,11 12 9,1,105,,54427,6,0,11 12 9,1,102,,54428,6,0,11 12 9,1,88,,54430,6,0,7 19 1 20 21 22,1,12,,54429,6,0,11 12 9,1,88,,54432,6,0,7 19 1 20 21 22,1,20,,54431,6,0,11 12 9,1,80,,54433,6,0,7 19 1 20 21 22,1,20,,54434,6,0,11 12 9,1,78,,54435,6,0,7 19 1 20 21 22,1,21,,54436,6,0,11 12 9,1,86,,54437,6,0,11 12 9,1,104,,54438,6,0,11 12 9,1,100,,54439,6,0,11 12 9,1,100,,54440,6,0,11 12 9,1,199,,54441,6,0,11 12 9,1
9200,'20260327',526,,54442,6,0,11 12 9,1,207,,54443,6,0,11 12 9,1,103,,54444,6,0,11 12 9,1,90,,54445,6,0,11 12 9,1,97,,54446,6,0,11 12 9,1,105,,54447,6,0,11 12 9,1,100,,54448,6,0,11 12 9,1,95,,54449,6,0,11 12 9,1,105,,54450,6,0,11 12 9,1,102,,54451,6,0,11 12 9,1,88,,54453,6,0,7 19 1 20 21 22,1,12,,54452,6,0,11 12 9,1,88,,54455,6,0,7 19 1 20 21 22,1,20,,54454,6,0,11 12 9,1,80,,54456,6,0,7 19 1 20 21 22,1,20,,54457,6,0,11 12 9,1,78,,54458,6,0,7 19 1 20 21 22,1,21,,54459,6,0,11 12 9,1,86,,54460,6,0,11 12 9,1,104,,54461,6,0,11 12 9,1,100,,54462,6,0,11 12 9,1,100,,54463,6,0,11 12 9,1,199,,54464,6,0,11 12 9,1
9200,'20260328',731,,54465,6,0,11 12 9,1,101,,54466,6,0,11 12 9,1,105,,54467,6,0,11 12 9,1,97,,54468,6,0,11 12 9,1,100,,54469,6,0,11 12 9,1,100,,54470,6,0,11 12 9,1,100,,54471,6,0,11 12 9,1,105,,54472,6,0,11 12 9,1,100,,54473,6,0,11 12 9,1,98,,54474,6,0,11 12 9,1,105,,54475,6,0,11 12 9,1,97,,54476,6,0,11 12 9,1,100,,54477,6,0,11 12 9,1,98,,54478,6,0,11 12 9,1,100,,54479,6,0,11 12 9,1,100,,54480,6,0,11 12 9,1,99,,54481,6,0,11 12 9,1,200,,54482,6,0,11 12 9,1
9200,'20260329',731,,54483,6,0,11 12 9,1,101,,54484,6,0,11 12 9,1,105,,54485,6,0,11 12 9,1,97,,54486,6,0,11 12 9,1,100,,54487,6,0,11 12 9,1,100,,54488,6,0,11 12 9,1,100,,54489,6,0,11 12 9,1,105,,54490,6,0,11 12 9,1,100,,54491,6,0,11 12 9,1,98,,54492,6,0,11 12 9,1,105,,54493,6,0,11 12 9,1,97,,54494,6,0,11 12 9,1,100,,54495,6,0,11 12 9,1,98,,54496,6,0,11 12 9,1,100,,54497,6,0,11 12 9,1,100,,54498,6,0,11 12 9,1,99,,54499,6,0,11 12 9,1,200,,54500,6,0,11 12 9,1
9200,'20260330',526,,54501,6,0,11 12 9,1,207,,54502,6,0,11 12 9,1,103,,54503,6,0,11 12 9,1,90,,54504,6,0,11 12 9,1,97,,54505,6,0,11 12 9,1,105,,54506,6,0,11 12 9,1,100,,54507,6,0,11 12 9,1,95,,54508,6,0,11 12 9,1,105,,54509,6,0,11 12 9,1,102,,54510,6,0,11 12 9,1,88,,54512,6,0,7 19 1 20 21 22,1,12,,54511,6,0,11 12 9,1,88,,54514,6,0,7 19 1 20 21 22,1,20,,54513,6,0,11 12 9,1,80,,54515,6,0,7 19 1 20 21 22,1,20,,54516,6,0,11 12 9,1,78,,54517,6,0,7 19 1 20 21 22,1,21,,54518,6,0,11 12 9,1,86,,54519,6,0,11 12 9,1,104,,54520,6,0,11 12 9,1,100,,54521,6,0,11 12 9,1,100,,54522,6,0,11 12 9,1,199,,54523,6,0,11 12 9,1
9200,'20260331',526,,54524,6,0,11 12 9,1,207,,54525,6,0,11 12 9,1,103,,54526,6,0,11 12 9,1,90,,54527,6,0,11 12 9,1,97,,54528,6,0,11 12 9,1,105,,54529,6,0,11 12 9,1,100,,54530,6,0,11 12 9,1,95,,54531,6,0,11 12 9,1,105,,54532,6,0,11 12 9,1,102,,54533,6,0,11 12 9,1,88,,54535,6,0,7 19 1 20 21 22,1,12,,54534,6,0,11 12 9,1,88,,54537,6,0,7 19 1 20 21 22,1,20,,54536,6,0,11 12 9,1,80,,54538,6,0,7 19 1 20 21 22,1,20,,54539,6,0,11 12 9,1,78,,54540,6,0,7 19 1 20 21 22,1,21,,54541,6,0,11 12 9,1,86,,54542,6,0,11 12 9,1,104,,54543,6,0,11 12 9,1,100,,54544,6,0,11 12 9,1,100,,54545,6,0,11 12 9,1,199,,54546,6,0,11 12 9,1
9200,'20260401',526,,54547,6,0,11 12 9,1,207,,54548,6,0,11 12 9,1,103,,54549,6,0,11 12 9,1,90,,54550,6,0,11 12 9,1,97,,54551,6,0,11 12 9,1,105,,54552,6,0,11 12 9,1,100,,54553,6,0,11 12 9,1,95,,54554,6,0,11 12 9,1,105,,54555,6,0,11 12 9,1,102,,54556,6,0,11 12 9,1,88,,54558,6,0,7 19 1 20 21 22,1,12,,54557,6,0,11 12 9,1,88,,54560,6,0,7 19 1 20 21 22,1,20,,54559,6,0,11 12 9,1,80,,54561,6,0,7 19 1 20 21 22,1,20,,54562,6,0,11 12 9,1,78,,54563,6,0,7 19 1 20 21 22,1,21,,54564,6,0,11 12 9,1,86,,54565,6,0,11 12 9,1,104,,54566,6,0,11 12 9,1,100,,54567,6,0,11 12 9,1,100,,54568,6,0,11 12 9,1,199,,54569,6,0,11 12 9,1
9200,'20260402',526,,54570,6,0,11 12 9,1,207,,54571,6,0,11 12 9,1,103,,54572,6,0,11 12 9,1,90,,54573,6,0,11 12 9,1,97,,54574,6,0,11 12 9,1,105,,54575,6,0,11 12 9,1,100,,54576,6,0,11 12 9,1,95,,54577,6,0,11 12 9,1,105,,54578,6,0,11 12 9,1,102,,54579,6,0,11 12 9,1,88,,54581,6,0,7 19 1 20 21 22,1,12,,54580,6,0,11 12 9,1,88,,54583,6,0,7 19 1 20 21 22,1,20,,54582,6,0,11 12 9,1,80,,54584,6,0,7 19 1 20 21 22,1,20,,54585,6,0,11 12 9,1,78,,54586,6,0,7 19 1 20 21 22,1,21,,54587,6,0,11 12 9,1,86,,54588,6,0,11 12 9,1,104,,54589,6,0,11 12 9,1,100,,54590,6,0,11 12 9,1,100,,54591,6,0,11 12 9,1,199,,54592,6,0,11 12 9,1
9200,'20260403',731,,54593,6,0,11 12 9,1,101,,54594,6,0,11 12 9,1,105,,54595,6,0,11 12 9,1,97,,54596,6,0,11 12 9,1,100,,54597,6,0,11 12 9,1,100,,54598,6,0,11 12 9,1,100,,54599,6,0,11 12 9,1,105,,54600,6,0,11 12 9,1,100,,54601,6,0,11 12 9,1,98,,54602,6,0,11 12 9,1,105,,54603,6,0,11 12 9,1,97,,54604,6,0,11 12 9,1,100,,54605,6,0,11 12 9,1,98,,54606,6,0,11 12 9,1,100,,54607,6,0,11 12 9,1,100,,54608,6,0,11 12 9,1,99,,54609,6,0,11 12 9,1,200,,54610,6,0,11 12 9,1
9200,'20260404',731,,54611,6,0,11 12 9,1,101,,54612,6,0,11 12 9,1,105,,54613,6,0,11 12 9,1,97,,54614,6,0,11 12 9,1,100,,54615,6,0,11 12 9,1,100,,54616,6,0,11 12 9,1,100,,54617,6,0,11 12 9,1,105,,54618,6,0,11 12 9,1,100,,54619,6,0,11 12 9,1,98,,54620,6,0,11 12 9,1,105,,54621,6,0,11 12 9,1,97,,54622,6,0,11 12 9,1,100,,54623,6,0,11 12 9,1,98,,54624,6,0,11 12 9,1,100,,54625,6,0,11 12 9,1,100,,54626,6,0,11 12 9,1,99,,54627,6,0,11 12 9,1,200,,54628,6,0,11 12 9,1
9200,'20260405',731,,54629,6,0,11 12 9,1,101,,54630,6,0,11 12 9,1,105,,54631,6,0,11 12 9,1,97,,54632,6,0,11 12 9,1,100,,54633,6,0,11 12 9,1,100,,54634,6,0,11 12 9,1,100,,54635,6,0,11 12 9,1,105,,54636,6,0,11 12 9,1,100,,54637,6,0,11 12 9,1,98,,54638,6,0,11 12 9,1,105,,54639,6,0,11 12 9,1,97,,54640,6,0,11 12 9,1,100,,54641,6,0,11 12 9,1,98,,54642,6,0,11 12 9,1,100,,54643,6,0,11 12 9,1,100,,54644,6,0,11 12 9,1,99,,54645,6,0,11 12 9,1,200,,54646,6,0,11 12 9,1
9200,'20260406',526,,54647,6,0,11 12 9,1,207,,54648,6,0,11 12 9,1,103,,54649,6,0,11 12 9,1,90,,54650,6,0,11 12 9,1,97,,54651,6,0,11 12 9,1,105,,54652,6,0,11 12 9,1,100,,54653,6,0,11 12 9,1,95,,54654,6,0,11 12 9,1,105,,54655,6,0,11 12 9,1,102,,54656,6,0,11 12 9,1,88,,54658,6,0,7 19 1 20 21 22,1,12,,54657,6,0,11 12 9,1,88,,54660,6,0,7 19 1 20 21 22,1,20,,54659,6,0,11 12 9,1,80,,54661,6,0,7 19 1 20 21 22,1,20,,54662,6,0,11 12 9,1,78,,54663,6,0,7 19 1 20 21 22,1,21,,54664,6,0,11 12 9,1,86,,54665,6,0,11 12 9,1,104,,54666,6,0,11 12 9,1,100,,54667,6,0,11 12 9,1,100,,54668,6,0,11 12 9,1,199,,54669,6,0,11 12 9,1
9200,'20260407',526,,54670,6,0,11 12 9,1,207,,54671,6,0,11 12 9,1,103,,54672,6,0,11 12 9,1,90,,54673,6,0,11 12 9,1,97,,54674,6,0,11 12 9,1,105,,54675,6,0,11 12 9,1,100,,54676,6,0,11 12 9,1,95,,54677,6,0,11 12 9,1,105,,54678,6,0,11 12 9,1,102,,54679,6,0,11 12 9,1,88,,54681,6,0,7 19 1 20 21 22,1,12,,54680,6,0,11 12 9,1,88,,54683,6,0,7 19 1 20 21 22,1,20,,54682,6,0,11 12 9,1,80,,54684,6,0,7 19 1 20 21 22,1,20,,54685,6,0,11 12 9,1,78,,54686,6,0,7 19 1 20 21 22,1,21,,54687,6,0,11 12 9,1,86,,54688,6,0,11 12 9,1,104,,54689,6,0,11 12 9,1,100,,54690,6,0,11 12 9,1,100,,54691,6,0,11 12 9,1,199,,54692,6,0,11 12 9,1
9200,'20260408',526,,54693,6,0,11 12 9,1,207,,54694,6,0,11 12 9,1,103,,54695,6,0,11 12 9,1,90,,54696,6,0,11 12 9,1,97,,54697,6,0,11 12 9,1,105,,54698,6,0,11 12 9,1,100,,54699,6,0,11 12 9,1,95,,54700,6,0,11 12 9,1,105,,54701,6,0,11 12 9,1,102,,54702,6,0,11 12 9,1,88,,54704,6,0,7 19 1 20 21 22,1,12,,54703,6,0,11 12 9,1,88,,54706,6,0,7 19 1 20 21 22,1,20,,54705,6,0,11 12 9,1,80,,54707,6,0,7 19 1 20 21 22,1,20,,54708,6,0,11 12 9,1,78,,54709,6,0,7 19 1 20 21 22,1,21,,54710,6,0,11 12 9,1,86,,54711,6,0,11 12 9,1,104,,54712,6,0,11 12 9,1,100,,54713,6,0,11 12 9,1,100,,54714,6,0,11 12 9,1,199,,54715,6,0,11 12 9,1
9200,'20260409',526,,54716,6,0,11 12 9,1,207,,54717,6,0,11 12 9,1,103,,54718,6,0,11 12 9,1,90,,54719,6,0,11 12 9,1,97,,54720,6,0,11 12 9,1,105,,54721,6,0,11 12 9,1,100,,54722,6,0,11 12 9,1,95,,54723,6,0,11 12 9,1,105,,54724,6,0,11 12 9,1,102,,54725,6,0,11 12 9,1,88,,54727,6,0,7 19 1 20 21 22,1,12,,54726,6,0,11 12 9,1,88,,54729,6,0,7 19 1 20 21 22,1,20,,54728,6,0,11 12 9,1,80,,54730,6,0,7 19 1 20 21 22,1,20,,54731,6,0,11 12 9,1,78,,54732,6,0,7 19 1 20 21 22,1,21,,54733,6,0,11 12 9,1,86,,54734,6,0,11 12 9,1,104,,54735,6,0,11 12 9,1,100,,54736,6,0,11 12 9,1,100,,54737,6,0,11 12 9,1,199,,54738,6,0,11 12 9,1
9200,'20260410',526,,54739,6,0,11 12 9,1,207,,54740,6,0,11 12 9,1,103,,54741,6,0,11 12 9,1,90,,54742,6,0,11 12 9,1,97,,54743,6,0,11 12 9,1,105,,54744,6,0,11 12 9,1,100,,54745,6,0,11 12 9,1,95,,54746,6,0,11 12 9,1,105,,54747,6,0,11 12 9,1,102,,54748,6,0,11 12 9,1,88,,54750,6,0,7 19 1 20 21 22,1,12,,54749,6,0,11 12 9,1,88,,54752,6,0,7 19 1 20 21 22,1,20,,54751,6,0,11 12 9,1,80,,54753,6,0,7 19 1 20 21 22,1,20,,54754,6,0,11 12 9,1,78,,54755,6,0,7 19 1 20 21 22,1,21,,54756,6,0,11 12 9,1,86,,54757,6,0,11 12 9,1,104,,54758,6,0,11 12 9,1,100,,54759,6,0,11 12 9,1,100,,54760,6,0,11 12 9,1,199,,54761,6,0,11 12 9,1
9200,'20260411',731,,54762,6,0,11 12 9,1,101,,54763,6,0,11 12 9,1,105,,54764,6,0,11 12 9,1,97,,54765,6,0,11 12 9,1,100,,54766,6,0,11 12 9,1,100,,54767,6,0,11 12 9,1,100,,54768,6,0,11 12 9,1,105,,54769,6,0,11 12 9,1,100,,54770,6,0,11 12 9,1,98,,54771,6,0,11 12 9,1,105,,54772,6,0,11 12 9,1,97,,54773,6,0,11 12 9,1,100,,54774,6,0,11 12 9,1,98,,54775,6,0,11 12 9,1,100,,54776,6,0,11 12 9,1,100,,54777,6,0,11 12 9,1,99,,54778,6,0,11 12 9,1,200,,54779,6,0,11 12 9,1
9200,'20260412',731,,54780,6,0,11 12 9,1,101,,54781,6,0,11 12 9,1,105,,54782,6,0,11 12 9,1,97,,54783,6,0,11 12 9,1,100,,54784,6,0,11 12 9,1,100,,54785,6,0,11 12 9,1,100,,54786,6,0,11 12 9,1,105,,54787,6,0,11 12 9,1,100,,54788,6,0,11 12 9,1,98,,54789,6,0,11 12 9,1,105,,54790,6,0,11 12 9,1,97,,54791,6,0,11 12 9,1,100,,54792,6,0,11 12 9,1,98,,54793,6,0,11 12 9,1,100,,54794,6,0,11 12 9,1,100,,54795,6,0,11 12 9,1,99,,54796,6,0,11 12 9,1,200,,54797,6,0,11 12 9,1
9200,'20260413',526,,54798,6,0,11 12 9,1,207,,54799,6,0,11 12 9,1,103,,54800,6,0,11 12 9,1,90,,54801,6,0,11 12 9,1,97,,54802,6,0,11 12 9,1,105,,54803,6,0,11 12 9,1,100,,54804,6,0,11 12 9,1,95,,54805,6,0,11 12 9,1,105,,54806,6,0,11 12 9,1,102,,54807,6,0,11 12 9,1,88,,54809,6,0,7 19 1 20 21 22,1,12,,54808,6,0,11 12 9,1,88,,54811,6,0,7 19 1 20 21 22,1,20,,54810,6,0,11 12 9,1,80,,54812,6,0,7 19 1 20 21 22,1,20,,54813,6,0,11 12 9,1,78,,54814,6,0,7 19 1 20 21 22,1,21,,54815,6,0,11 12 9,1,86,,54816,6,0,11 12 9,1,104,,54817,6,0,11 12 9,1,100,,54818,6,0,11 12 9,1,100,,54819,6,0,11 12 9,1,199,,54820,6,0,11 12 9,1
9200,'20260414',526,,54821,6,0,11 12 9,1,207,,54822,6,0,11 12 9,1,103,,54823,6,0,11 12 9,1,90,,54824,6,0,11 12 9,1,97,,54825,6,0,11 12 9,1,105,,54826,6,0,11 12 9,1,100,,54827,6,0,11 12 9,1,95,,54828,6,0,11 12 9,1,105,,54829,6,0,11 12 9,1,102,,54830,6,0,11 12 9,1,88,,54832,6,0,7 19 1 20 21 22,1,12,,54831,6,0,11 12 9,1,88,,54834,6,0,7 19 1 20 21 22,1,20,,54833,6,0,11 12 9,1,80,,54835,6,0,7 19 1 20 21 22,1,20,,54836,6,0,11 12 9,1,78,,54837,6,0,7 19 1 20 21 22,1,21,,54838,6,0,11 12 9,1,86,,54839,6,0,11 12 9,1,104,,54840,6,0,11 12 9,1,100,,54841,6,0,11 12 9,1,100,,54842,6,0,11 12 9,1,199,,54843,6,0,11 12 9,1
9200,'20260415',526,,54844,6,0,11 12 9,1,207,,54845,6,0,11 12 9,1,103,,54846,6,0,11 12 9,1,90,,54847,6,0,11 12 9,1,97,,54848,6,0,11 12 9,1,105,,54849,6,0,11 12 9,1,100,,54850,6,0,11 12 9,1,95,,54851,6,0,11 12 9,1,105,,54852,6,0,11 12 9,1,102,,54853,6,0,11 12 9,1,88,,54855,6,0,7 19 1 20 21 22,1,12,,54854,6,0,11 12 9,1,88,,54857,6,0,7 19 1 20 21 22,1,20,,54856,6,0,11 12 9,1,80,,54858,6,0,7 19 1 20 21 22,1,20,,54859,6,0,11 12 9,1,78,,54860,6,0,7 19 1 20 21 22,1,21,,54861,6,0,11 12 9,1,86,,54862,6,0,11 12 9,1,104,,54863,6,0,11 12 9,1,100,,54864,6,0,11 12 9,1,100,,54865,6,0,11 12 9,1,199,,54866,6,0,11 12 9,1
9200,'20260416',526,,54867,6,0,11 12 9,1,207,,54868,6,0,11 12 9,1,103,,54869,6,0,11 12 9,1,90,,54870,6,0,11 12 9,1,97,,54871,6,0,11 12 9,1,105,,54872,6,0,11 12 9,1,100,,54873,6,0,11 12 9,1,95,,54874,6,0,11 12 9,1,105,,54875,6,0,11 12 9,1,102,,54876,6,0,11 12 9,1,88,,54878,6,0,7 19 1 20 21 22,1,12,,54877,6,0,11 12 9,1,88,,54880,6,0,7 19 1 20 21 22,1,20,,54879,6,0,11 12 9,1,80,,54881,6,0,7 19 1 20 21 22,1,20,,54882,6,0,11 12 9,1,78,,54883,6,0,7 19 1 20 21 22,1,21,,54884,6,0,11 12 9,1,86,,54885,6,0,11 12 9,1,104,,54886,6,0,11 12 9,1,100,,54887,6,0,11 12 9,1,100,,54888,6,0,11 12 9,1,199,,54889,6,0,11 12 9,1
9200,'20260417',526,,54890,6,0,11 12 9,1,207,,54891,6,0,11 12 9,1,103,,54892,6,0,11 12 9,1,90,,54893,6,0,11 12 9,1,97,,54894,6,0,11 12 9,1,105,,54895,6,0,11 12 9,1,100,,54896,6,0,11 12 9,1,95,,54897,6,0,11 12 9,1,105,,54898,6,0,11 12 9,1,102,,54899,6,0,11 12 9,1,88,,54901,6,0,7 19 1 20 21 22,1,12,,54900,6,0,11 12 9,1,88,,54903,6,0,7 19 1 20 21 22,1,20,,54902,6,0,11 12 9,1,80,,54904,6,0,7 19 1 20 21 22,1,20,,54905,6,0,11 12 9,1,78,,54906,6,0,7 19 1 20 21 22,1,21,,54907,6,0,11 12 9,1,86,,54908,6,0,11 12 9,1,104,,54909,6,0,11 12 9,1,100,,54910,6,0,11 12 9,1,100,,54911,6,0,11 12 9,1,199,,54912,6,0,11 12 9,1
9200,'20260418',731,,54913,6,0,11 12 9,1,101,,54914,6,0,11 12 9,1,105,,54915,6,0,11 12 9,1,97,,54916,6,0,11 12 9,1,100,,54917,6,0,11 12 9,1,100,,54918,6,0,11 12 9,1,100,,54919,6,0,11 12 9,1,105,,54920,6,0,11 12 9,1,100,,54921,6,0,11 12 9,1,98,,54922,6,0,11 12 9,1,105,,54923,6,0,11 12 9,1,97,,54924,6,0,11 12 9,1,100,,54925,6,0,11 12 9,1,98,,54926,6,0,11 12 9,1,100,,54927,6,0,11 12 9,1,100,,54928,6,0,11 12 9,1,99,,54929,6,0,11 12 9,1,200,,54930,6,0,11 12 9,1
9200,'20260419',731,,54931,6,0,11 12 9,1,101,,54932,6,0,11 12 9,1,105,,54933,6,0,11 12 9,1,97,,54934,6,0,11 12 9,1,100,,54935,6,0,11 12 9,1,100,,54936,6,0,11 12 9,1,100,,54937,6,0,11 12 9,1,105,,54938,6,0,11 12 9,1,100,,54939,6,0,11 12 9,1,98,,54940,6,0,11 12 9,1,105,,54941,6,0,11 12 9,1,97,,54942,6,0,11 12 9,1,100,,54943,6,0,11 12 9,1,98,,54944,6,0,11 12 9,1,100,,54945,6,0,11 12 9,1,100,,54946,6,0,11 12 9,1,99,,54947,6,0,11 12 9,1,200,,54948,6,0,11 12 9,1
9200,'20260420',526,,54949,6,0,11 12 9,1,207,,54950,6,0,11 12 9,1,103,,54951,6,0,11 12 9,1,90,,54952,6,0,11 12 9,1,97,,54953,6,0,11 12 9,1,105,,54954,6,0,11 12 9,1,100,,54955,6,0,11 12 9,1,95,,54956,6,0,11 12 9,1,105,,54957,6,0,11 12 9,1,102,,54958,6,0,11 12 9,1,88,,54960,6,0,7 19 1 20 21 22,1,12,,54959,6,0,11 12 9,1,88,,54962,6,0,7 19 1 20 21 22,1,20,,54961,6,0,11 12 9,1,80,,54963,6,0,7 19 1 20 21 22,1,20,,54964,6,0,11 12 9,1,78,,54965,6,0,7 19 1 20 21 22,1,21,,54966,6,0,11 12 9,1,86,,54967,6,0,11 12 9,1,104,,54968,6,0,11 12 9,1,100,,54969,6,0,11 12 9,1,100,,54970,6,0,11 12 9,1,199,,54971,6,0,11 12 9,1
9200,'20260421',526,,54972,6,0,11 12 9,1,207,,54973,6,0,11 12 9,1,103,,54974,6,0,11 12 9,1,90,,54975,6,0,11 12 9,1,97,,54976,6,0,11 12 9,1,105,,54977,6,0,11 12 9,1,100,,54978,6,0,11 12 9,1,95,,54979,6,0,11 12 9,1,105,,54980,6,0,11 12 9,1,102,,54981,6,0,11 12 9,1,88,,54983,6,0,7 19 1 20 21 22,1,12,,54982,6,0,11 12 9,1,88,,54985,6,0,7 19 1 20 21 22,1,20,,54984,6,0,11 12 9,1,80,,54986,6,0,7 19 1 20 21 22,1,20,,54987,6,0,11 12 9,1,78,,54988,6,0,7 19 1 20 21 22,1,21,,54989,6,0,11 12 9,1,86,,54990,6,0,11 12 9,1,104,,54991,6,0,11 12 9,1,100,,54992,6,0,11 12 9,1,100,,54993,6,0,11 12 9,1,199,,54994,6,0,11 12 9,1
9200,'20260422',526,,54995,6,0,11 12 9,1,207,,54996,6,0,11 12 9,1,103,,54997,6,0,11 12 9,1,90,,54998,6,0,11 12 9,1,97,,54999,6,0,11 12 9,1,105,,55000,6,0,11 12 9,1,100,,55001,6,0,11 12 9,1,95,,55002,6,0,11 12 9,1,105,,55003,6,0,11 12 9,1,102,,55004,6,0,11 12 9,1,88,,55006,6,0,7 19 1 20 21 22,1,12,,55005,6,0,11 12 9,1,88,,55008,6,0,7 19 1 20 21 22,1,20,,55007,6,0,11 12 9,1,80,,55009,6,0,7 19 1 20 21 22,1,20,,55010,6,0,11 12 9,1,78,,55011,6,0,7 19 1 20 21 22,1,21,,55012,6,0,11 12 9,1,86,,55013,6,0,11 12 9,1,104,,55014,6,0,11 12 9,1,100,,55015,6,0,11 12 9,1,100,,55016,6,0,11 12 9,1,199,,55017,6,0,11 12 9,1
9200,'20260423',526,,55018,6,0,11 12 9,1,207,,55019,6,0,11 12 9,1,103,,55020,6,0,11 12 9,1,90,,55021,6,0,11 12 9,1,97,,55022,6,0,11 12 9,1,105,,55023,6,0,11 12 9,1,100,,55024,6,0,11 12 9,1,95,,55025,6,0,11 12 9,1,105,,55026,6,0,11 12 9,1,102,,55027,6,0,11 12 9,1,88,,55029,6,0,7 19 1 20 21 22,1,12,,55028,6,0,11 12 9,1,88,,55031,6,0,7 19 1 20 21 22,1,20,,55030,6,0,11 12 9,1,80,,55032,6,0,7 19 1 20 21 22,1,20,,55033,6,0,11 12 9,1,78,,55034,6,0,7 19 1 20 21 22,1,21,,55035,6,0,11 12 9,1,86,,55036,6,0,11 12 9,1,104,,55037,6,0,11 12 9,1,100,,55038,6,0,11 12 9,1,100,,55039,6,0,11 12 9,1,199,,55040,6,0,11 12 9,1
9200,'20260424',526,,55041,6,0,11 12 9,1,207,,55042,6,0,11 12 9,1,103,,55043,6,0,11 12 9,1,90,,55044,6,0,11 12 9,1,97,,55045,6,0,11 12 9,1,105,,55046,6,0,11 12 9,1,100,,55047,6,0,11 12 9,1,95,,55048,6,0,11 12 9,1,105,,55049,6,0,11 12 9,1,102,,55050,6,0,11 12 9,1,88,,55052,6,0,7 19 1 20 21 22,1,12,,55051,6,0,11 12 9,1,88,,55054,6,0,7 19 1 20 21 22,1,20,,55053,6,0,11 12 9,1,80,,55055,6,0,7 19 1 20 21 22,1,20,,55056,6,0,11 12 9,1,78,,55057,6,0,7 19 1 20 21 22,1,21,,55058,6,0,11 12 9,1,86,,55059,6,0,11 12 9,1,104,,55060,6,0,11 12 9,1,100,,55061,6,0,11 12 9,1,100,,55062,6,0,11 12 9,1,199,,55063,6,0,11 12 9,1
