6500,'20260506',2502,,109672,10,0,16 16 26 9,1,200,,109673,10,0,16 16 26 9,1
6500,'20260507',2502,,109676,10,0,16 16 26 9,1,200,,109677,10,0,16 16 26 9,1
6500,'20260508',2502,,109680,10,0,16 16 26 9,1,200,,109681,10,0,16 16 26 9,1
6500,'20260509',2422,,109683,10,0,16 16 26 9,1,85,,109684,10,0,16 16 26 9,1,100,,109685,10,0,16 16 26 9,1,95,,109686,10,0,16 16 26 9,1
6500,'20260510',2422,,109688,10,0,16 16 26 9,1,85,,109689,10,0,16 16 26 9,1,195,,109690,10,0,16 16 26 9,1
6500,'20260511',2502,,109693,10,0,16 16 26 9,1,200,,109694,10,0,16 16 26 9,1
6500,'20260512',2502,,109697,10,0,16 16 26 9,1,200,,109698,10,0,16 16 26 9,1
6500,'20260513',2502,,109701,10,0,16 16 26 9,1,200,,109702,10,0,16 16 26 9,1
6500,'20260514',2502,,109705,10,0,16 16 26 9,1,200,,109706,10,0,16 16 26 9,1
6500,'20260515',2502,,109709,10,0,16 16 26 9,1,200,,109710,10,0,16 16 26 9,1
6500,'20260516',2422,,109712,10,0,16 16 26 9,1,85,,109713,10,0,16 16 26 9,1,100,,109714,10,0,16 16 26 9,1,95,,109715,10,0,16 16 26 9,1
6500,'20260517',2422,,109717,10,0,16 16 26 9,1,85,,109718,10,0,16 16 26 9,1,195,,109719,10,0,16 16 26 9,1
6500,'20260518',2422,,109721,10,0,16 16 26 9,1,85,,109722,10,0,16 16 26 9,1,100,,109723,10,0,16 16 26 9,1,95,,109724,10,0,16 16 26 9,1
6500,'20260519',2502,,109727,10,0,16 16 26 9,1,200,,109728,10,0,16 16 26 9,1
6500,'20260520',2502,,109731,10,0,16 16 26 9,1,200,,109732,10,0,16 16 26 9,1
6500,'20260521',2502,,109735,10,0,16 16 26 9,1,200,,109736,10,0,16 16 26 9,1
6500,'20260522',2502,,109739,10,0,16 16 26 9,1,200,,109740,10,0,16 16 26 9,1
6500,'20260523',910,,119821,10,0,68 16 26 9,1,115,,119822,10,0,53 88 9,1,95,,119824,10,0,53 88 9,1,90,,119826,10,0,68 16 26 9,1,115,,119827,10,0,53 88 9,1,95,,119829,10,0,53 88 9,1,90,,119831,10,0,68 16 26 9,1,110,,119832,10,0,53 88 9,1,105,,119834,10,0,53 88 9,1,80,,119836,10,0,68 16 26 9,1,120,,119837,10,0,53 88 9,1,95,,119839,10,0,53 88 9,1,90,,119841,10,0,68 16 26 9,1,130,,119842,10,0,53 88 9,1,70,,119843,10,0,68 16 26 9,1,112,,109742,10,0,16 16 26 9,1,85,,109743,10,0,16 16 26 9,1,100,,109744,10,0,16 16 26 9,1,95,,109745,10,0,16 16 26 9,1
6500,'20260524',910,,119844,10,0,68 16 26 9,1,115,,119845,10,0,53 88 9,1,95,,119847,10,0,53 88 9,1,90,,119849,10,0,68 16 26 9,1,115,,119850,10,0,53 88 9,1,95,,119852,10,0,53 88 9,1,90,,119854,10,0,68 16 26 9,1,110,,119855,10,0,53 88 9,1,105,,119857,10,0,53 88 9,1,80,,119859,10,0,68 16 26 9,1,120,,119860,10,0,53 88 9,1,95,,119862,10,0,53 88 9,1,90,,119864,10,0,68 16 26 9,1,130,,119865,10,0,53 88 9,1,70,,119866,10,0,68 16 26 9,1,112,,109747,10,0,16 16 26 9,1,85,,109748,10,0,16 16 26 9,1,195,,109749,10,0,16 16 26 9,1
6500,'20260525',1350,,119867,6,0,77 88 9,1,775,,119868,10,0,57 88 9,1,377,,109752,10,0,16 16 26 9,1,200,,109753,10,0,16 16 26 9,1
6500,'20260526',2502,,109756,10,0,16 16 26 9,1,200,,109757,10,0,16 16 26 9,1
6500,'20260527',2502,,109760,10,0,16 16 26 9,1,200,,109761,10,0,16 16 26 9,1
6500,'20260528',2502,,109764,10,0,16 16 26 9,1,200,,109765,10,0,16 16 26 9,1
6500,'20260529',2502,,109768,10,0,16 16 26 9,1,200,,109769,10,0,16 16 26 9,1
6500,'20260530',2422,,109771,10,0,16 16 26 9,1,85,,109772,10,0,16 16 26 9,1,100,,109773,10,0,16 16 26 9,1,95,,109774,10,0,16 16 26 9,1
6500,'20260531',2422,,109776,10,0,16 16 26 9,1,85,,109777,10,0,16 16 26 9,1,195,,109778,10,0,16 16 26 9,1
6500,'20260601',2502,,109781,10,0,16 16 26 9,1,200,,109782,10,0,16 16 26 9,1
6500,'20260602',2502,,109785,10,0,16 16 26 9,1,200,,109786,10,0,16 16 26 9,1
6500,'20260603',2502,,109789,10,0,16 16 26 9,1,200,,109790,10,0,16 16 26 9,1
6500,'20260604',2502,,109793,10,0,16 16 26 9,1,200,,109794,10,0,16 16 26 9,1
6500,'20260605',2502,,109797,10,0,16 16 26 9,1,200,,109798,10,0,16 16 26 9,1
6500,'20260606',2422,,109800,10,0,16 16 26 9,1,85,,109801,10,0,16 16 26 9,1,100,,109802,10,0,16 16 26 9,1,95,,109803,10,0,16 16 26 9,1
6500,'20260607',2422,,109805,10,0,16 16 26 9,1,85,,109806,10,0,16 16 26 9,1,195,,109807,10,0,16 16 26 9,1
6500,'20260608',2502,,109810,10,0,16 16 26 9,1,200,,109811,10,0,16 16 26 9,1
6500,'20260609',2502,,109814,10,0,16 16 26 9,1,200,,109815,10,0,16 16 26 9,1
6500,'20260610',2502,,109818,10,0,16 16 26 9,1,200,,109819,10,0,16 16 26 9,1
6500,'20260611',2502,,109822,10,0,16 16 26 9,1,200,,109823,10,0,16 16 26 9,1
6500,'20260612',2502,,109826,10,0,16 16 26 9,1,200,,109827,10,0,16 16 26 9,1
6800,'20260523',955,,119918,10,0,53 27 28 9,1,345,,119920,10,0,53 27 28 9,1,300,,119922,10,0,53 27 28 9,1,300,,119924,10,0,53 27 28 9,1,255,,119926,10,0,53 27 28 9,1,200,,119928,10,0,53 27 28 9,1
6800,'20260524',955,,119931,10,0,53 27 28 9,1,345,,119933,10,0,53 27 28 9,1,300,,119935,10,0,53 27 28 9,1,300,,119937,10,0,53 27 28 9,1,255,,119939,10,0,53 27 28 9,1,200,,119941,10,0,53 27 28 9,1
