2101,'20260716',653,,145260,29,,,1,157,,145261,29,,,1,116,,145262,29,,,1,95,,145263,29,,,1,100,,145264,29,,,1,25,,145266,9,0,7 8 9,1,100,,145269,9,0,7 8 9,1,65,,145270,9,0,7 8 9,1,30,,145272,9,0,7 8 9,1,66,,145274,9,0,7 8 9,1,30,,145276,9,0,7 8 9,1,120,,145280,9,0,7 8 9,1,464,,145284,9,0,7 8 9,1,30,,145286,9,0,7 8 9,1,65,,145289,9,0,7 8 9,1,30,,145291,9,0,7 8 9,1,70,,145294,9,0,7 8 9,1,100,,145297,9,0,7 8 9,1,96,,145299,9,0,7 8 9,1,117,,145301,29,,,1,92,,145302,29,,,1,96,,145303,29,,,1
2101,'20260717',653,,145304,29,,,1,157,,145305,29,,,1,116,,145306,29,,,1,95,,145307,29,,,1,100,,145308,29,,,1,25,,145310,9,0,7 8 9,1,100,,145313,9,0,7 8 9,1,65,,145314,9,0,7 8 9,1,30,,145316,9,0,7 8 9,1,66,,145318,9,0,7 8 9,1,30,,145320,9,0,7 8 9,1,120,,145324,9,0,7 8 9,1,464,,145328,9,0,7 8 9,1,30,,145330,9,0,7 8 9,1,65,,145333,9,0,7 8 9,1,30,,145335,9,0,7 8 9,1,70,,145338,9,0,7 8 9,1,100,,145341,9,0,7 8 9,1,96,,145343,9,0,7 8 9,1,117,,145345,29,,,1,92,,145346,29,,,1,96,,145347,29,,,1
2101,'20260718',838,,145348,29,0,57 8 9,1,100,,145349,29,0,57 8 9,1,95,,145350,29,0,57 8 9,1,110,,145351,29,0,57 8 9,1,94,,145354,9,0,7 8 9,1,110,,145356,9,0,7 8 9,1,105,,145358,9,0,7 8 9,1,94,,145360,9,0,7 8 9,1,105,,145363,9,0,7 8 9,1,108,,145366,9,0,7 8 9,1,97,,145370,9,0,7 8 9,1,90,,145374,9,0,7 8 9,1,95,,145378,9,0,7 8 9,1,100,,145381,9,0,7 8 9,1,97,,145384,9,0,7 8 9,1,95,,145387,9,0,7 8 9,1,100,,145390,9,0,7 8 9,1,93,,145391,29,0,57 8 9,1,98,,145392,29,0,57 8 9,1,100,,145393,29,0,57 8 9,1
2101,'20260719',838,,145394,29,0,57 8 9,1,100,,145395,29,0,57 8 9,1,95,,145396,29,0,57 8 9,1,110,,145397,29,0,57 8 9,1,94,,145399,9,0,7 8 9,1,110,,145401,9,0,7 8 9,1,105,,145403,9,0,7 8 9,1,94,,145405,9,0,7 8 9,1,105,,145408,9,0,7 8 9,1,108,,145411,9,0,7 8 9,1,97,,145415,9,0,7 8 9,1,90,,145419,9,0,7 8 9,1,95,,145423,9,0,7 8 9,1,100,,145426,9,0,7 8 9,1,97,,145429,9,0,7 8 9,1,95,,145432,9,0,7 8 9,1,100,,145434,9,0,7 8 9,1,93,,145435,29,0,57 8 9,1,98,,145436,29,0,57 8 9,1,100,,145437,29,0,57 8 9,1
2101,'20260720',653,,145438,29,,,1,157,,145439,29,,,1,116,,145440,29,,,1,95,,145441,29,,,1,100,,145442,29,,,1,25,,145444,9,0,7 8 9,1,100,,145447,9,0,7 8 9,1,65,,145448,9,0,7 8 9,1,30,,145450,9,0,7 8 9,1,66,,145452,9,0,7 8 9,1,30,,145454,9,0,7 8 9,1,120,,145458,9,0,7 8 9,1,464,,145462,9,0,7 8 9,1,30,,145464,9,0,7 8 9,1,65,,145467,9,0,7 8 9,1,30,,145469,9,0,7 8 9,1,70,,145472,9,0,7 8 9,1,100,,145475,9,0,7 8 9,1,96,,145477,9,0,7 8 9,1,117,,145479,29,,,1,92,,145480,29,,,1,96,,145481,29,,,1
2101,'20260721',653,,145482,29,,,1,157,,145483,29,,,1,116,,145484,29,,,1,95,,145485,29,,,1,100,,145486,29,,,1,25,,145488,9,0,7 8 9,1,100,,145491,9,0,7 8 9,1,65,,145492,9,0,7 8 9,1,30,,145494,9,0,7 8 9,1,66,,145496,9,0,7 8 9,1,30,,145498,9,0,7 8 9,1,120,,145502,9,0,7 8 9,1,464,,145506,9,0,7 8 9,1,30,,145508,9,0,7 8 9,1,65,,145511,9,0,7 8 9,1,30,,145513,9,0,7 8 9,1,70,,145516,9,0,7 8 9,1,100,,145519,9,0,7 8 9,1,96,,145521,9,0,7 8 9,1,117,,145523,29,,,1,92,,145524,29,,,1,96,,145525,29,,,1
2101,'20260722',653,,145526,29,,,1,157,,145527,29,,,1,116,,145528,29,,,1,95,,145529,29,,,1,100,,145530,29,,,1,25,,145532,9,0,7 8 9,1,100,,145535,9,0,7 8 9,1,65,,145536,9,0,7 8 9,1,30,,145538,9,0,7 8 9,1,66,,145540,9,0,7 8 9,1,30,,145542,9,0,7 8 9,1,120,,145546,9,0,7 8 9,1,464,,145550,9,0,7 8 9,1,30,,145552,9,0,7 8 9,1,65,,145555,9,0,7 8 9,1,30,,145557,9,0,7 8 9,1,70,,145560,9,0,7 8 9,1,100,,145563,9,0,7 8 9,1,96,,145565,9,0,7 8 9,1,117,,145567,29,,,1,92,,145568,29,,,1,96,,145569,29,,,1
2101,'20260723',653,,145570,29,,,1,157,,145571,29,,,1,116,,145572,29,,,1,95,,145573,29,,,1,100,,145574,29,,,1,25,,145576,9,0,7 8 9,1,100,,145579,9,0,7 8 9,1,65,,145580,9,0,7 8 9,1,30,,145582,9,0,7 8 9,1,66,,145584,9,0,7 8 9,1,30,,145586,9,0,7 8 9,1,120,,145590,9,0,7 8 9,1,464,,145594,9,0,7 8 9,1,30,,145596,9,0,7 8 9,1,65,,145599,9,0,7 8 9,1,30,,145601,9,0,7 8 9,1,70,,145604,9,0,7 8 9,1,100,,145607,9,0,7 8 9,1,96,,145609,9,0,7 8 9,1,117,,145611,29,,,1,92,,145612,29,,,1,96,,145613,29,,,1
2101,'20260724',653,,145614,29,,,1,157,,145615,29,,,1,116,,145616,29,,,1,95,,145617,29,,,1,100,,145618,29,,,1,25,,145620,9,0,7 8 9,1,100,,145623,9,0,7 8 9,1,65,,145624,9,0,7 8 9,1,30,,145626,9,0,7 8 9,1,66,,145628,9,0,7 8 9,1,30,,145630,9,0,7 8 9,1,120,,145634,9,0,7 8 9,1,464,,145638,9,0,7 8 9,1,30,,145640,9,0,7 8 9,1,65,,145643,9,0,7 8 9,1,30,,145645,9,0,7 8 9,1,70,,145648,9,0,7 8 9,1,100,,145651,9,0,7 8 9,1,96,,145653,9,0,7 8 9,1,117,,145655,29,,,1,92,,145656,29,,,1,96,,145657,29,,,1
2101,'20260725',838,,145658,29,0,57 8 9,1,100,,145659,29,0,57 8 9,1,95,,145660,29,0,57 8 9,1,110,,145661,29,0,57 8 9,1,94,,145664,9,0,7 8 9,1,110,,145666,9,0,7 8 9,1,105,,145668,9,0,7 8 9,1,94,,145670,9,0,7 8 9,1,105,,145673,9,0,7 8 9,1,108,,145676,9,0,7 8 9,1,97,,145680,9,0,7 8 9,1,90,,145684,9,0,7 8 9,1,95,,145688,9,0,7 8 9,1,100,,145691,9,0,7 8 9,1,97,,145694,9,0,7 8 9,1,95,,145697,9,0,7 8 9,1,100,,145700,9,0,7 8 9,1,93,,145701,29,0,57 8 9,1,98,,145702,29,0,57 8 9,1,100,,145703,29,0,57 8 9,1
2101,'20260726',838,,145704,29,0,57 8 9,1,100,,145705,29,0,57 8 9,1,95,,145706,29,0,57 8 9,1,110,,145707,29,0,57 8 9,1,94,,145709,9,0,7 8 9,1,110,,145711,9,0,7 8 9,1,105,,145713,9,0,7 8 9,1,94,,145715,9,0,7 8 9,1,105,,145718,9,0,7 8 9,1,108,,145721,9,0,7 8 9,1,97,,145725,9,0,7 8 9,1,90,,145729,9,0,7 8 9,1,95,,145733,9,0,7 8 9,1,100,,145736,9,0,7 8 9,1,97,,145739,9,0,7 8 9,1,95,,145742,9,0,7 8 9,1,100,,145744,9,0,7 8 9,1,93,,145745,29,0,57 8 9,1,98,,145746,29,0,57 8 9,1,100,,145747,29,0,57 8 9,1
2101,'20260727',653,,145748,29,,,1,157,,145749,29,,,1,116,,145750,29,,,1,95,,145751,29,,,1,100,,145752,29,,,1,25,,145754,9,0,7 8 9,1,100,,145757,9,0,7 8 9,1,65,,145758,9,0,7 8 9,1,30,,145760,9,0,7 8 9,1,66,,145762,9,0,7 8 9,1,30,,145764,9,0,7 8 9,1,120,,145768,9,0,7 8 9,1,464,,145772,9,0,7 8 9,1,30,,145774,9,0,7 8 9,1,65,,145777,9,0,7 8 9,1,30,,145779,9,0,7 8 9,1,70,,145782,9,0,7 8 9,1,100,,145785,9,0,7 8 9,1,96,,145787,9,0,7 8 9,1,117,,145789,29,,,1,92,,145790,29,,,1,96,,145791,29,,,1
2101,'20260728',653,,145792,29,,,1,157,,145793,29,,,1,116,,145794,29,,,1,95,,145795,29,,,1,100,,145796,29,,,1,25,,145798,9,0,7 8 9,1,100,,145801,9,0,7 8 9,1,65,,145802,9,0,7 8 9,1,30,,145804,9,0,7 8 9,1,66,,145806,9,0,7 8 9,1,30,,145808,9,0,7 8 9,1,120,,145812,9,0,7 8 9,1,464,,145816,9,0,7 8 9,1,30,,145818,9,0,7 8 9,1,65,,145821,9,0,7 8 9,1,30,,145823,9,0,7 8 9,1,70,,145826,9,0,7 8 9,1,100,,145829,9,0,7 8 9,1,96,,145831,9,0,7 8 9,1,117,,145833,29,,,1,92,,145834,29,,,1,96,,145835,29,,,1
2101,'20260729',653,,145836,29,,,1,157,,145837,29,,,1,116,,145838,29,,,1,95,,145839,29,,,1,100,,145840,29,,,1,25,,145842,9,0,7 8 9,1,100,,145845,9,0,7 8 9,1,65,,145846,9,0,7 8 9,1,30,,145848,9,0,7 8 9,1,66,,145850,9,0,7 8 9,1,30,,145852,9,0,7 8 9,1,120,,145856,9,0,7 8 9,1,464,,145860,9,0,7 8 9,1,30,,145862,9,0,7 8 9,1,65,,145865,9,0,7 8 9,1,30,,145867,9,0,7 8 9,1,70,,145870,9,0,7 8 9,1,100,,145873,9,0,7 8 9,1,96,,145875,9,0,7 8 9,1,117,,145877,29,,,1,92,,145878,29,,,1,96,,145879,29,,,1
2101,'20260730',653,,145880,29,,,1,157,,145881,29,,,1,116,,145882,29,,,1,95,,145883,29,,,1,100,,145884,29,,,1,25,,145886,9,0,7 8 9,1,100,,145889,9,0,7 8 9,1,65,,145890,9,0,7 8 9,1,30,,145892,9,0,7 8 9,1,66,,145894,9,0,7 8 9,1,30,,145896,9,0,7 8 9,1,120,,145900,9,0,7 8 9,1,464,,145904,9,0,7 8 9,1,30,,145906,9,0,7 8 9,1,65,,145909,9,0,7 8 9,1,30,,145911,9,0,7 8 9,1,70,,145914,9,0,7 8 9,1,100,,145917,9,0,7 8 9,1,96,,145919,9,0,7 8 9,1,117,,145921,29,,,1,92,,145922,29,,,1,96,,145923,29,,,1
2101,'20260731',653,,145924,29,,,1,157,,145925,29,,,1,116,,145926,29,,,1,95,,145927,29,,,1,100,,145928,29,,,1,25,,145930,9,0,7 8 9,1,100,,145933,9,0,7 8 9,1,65,,145934,9,0,7 8 9,1,30,,145936,9,0,7 8 9,1,66,,145938,9,0,7 8 9,1,30,,145940,9,0,7 8 9,1,120,,145944,9,0,7 8 9,1,464,,145948,9,0,7 8 9,1,30,,145950,9,0,7 8 9,1,65,,145953,9,0,7 8 9,1,30,,145955,9,0,7 8 9,1,70,,145958,9,0,7 8 9,1,100,,145961,9,0,7 8 9,1,96,,145963,9,0,7 8 9,1,117,,145965,29,,,1,92,,145966,29,,,1,96,,145967,29,,,1
2101,'20260801',838,,145968,29,0,57 8 9,1,100,,145969,29,0,57 8 9,1,95,,145970,29,0,57 8 9,1,110,,145971,29,0,57 8 9,1,94,,145974,9,0,7 8 9,1,110,,145976,9,0,7 8 9,1,105,,145978,9,0,7 8 9,1,94,,145980,9,0,7 8 9,1,105,,145983,9,0,7 8 9,1,108,,145986,9,0,7 8 9,1,97,,145990,9,0,7 8 9,1,90,,145994,9,0,7 8 9,1,95,,145998,9,0,7 8 9,1,100,,146001,9,0,7 8 9,1,97,,146004,9,0,7 8 9,1,95,,146007,9,0,7 8 9,1,100,,146010,9,0,7 8 9,1,93,,146011,29,0,57 8 9,1,98,,146012,29,0,57 8 9,1,100,,146013,29,0,57 8 9,1
2101,'20260802',838,,146014,29,0,57 8 9,1,100,,146015,29,0,57 8 9,1,95,,146016,29,0,57 8 9,1,110,,146017,29,0,57 8 9,1,94,,146019,9,0,7 8 9,1,110,,146021,9,0,7 8 9,1,105,,146023,9,0,7 8 9,1,94,,146025,9,0,7 8 9,1,105,,146028,9,0,7 8 9,1,108,,146031,9,0,7 8 9,1,97,,146035,9,0,7 8 9,1,90,,146039,9,0,7 8 9,1,95,,146043,9,0,7 8 9,1,100,,146046,9,0,7 8 9,1,97,,146049,9,0,7 8 9,1,95,,146052,9,0,7 8 9,1,100,,146054,9,0,7 8 9,1,93,,146055,29,0,57 8 9,1,98,,146056,29,0,57 8 9,1,100,,146057,29,0,57 8 9,1
2101,'20260803',838,,146058,29,0,57 8 9,1,100,,146059,29,0,57 8 9,1,95,,146060,29,0,57 8 9,1,110,,146061,29,0,57 8 9,1,94,,146064,9,0,7 8 9,1,110,,146066,9,0,7 8 9,1,105,,146068,9,0,7 8 9,1,94,,146070,9,0,7 8 9,1,105,,146073,9,0,7 8 9,1,108,,146076,9,0,7 8 9,1,97,,146080,9,0,7 8 9,1,90,,146084,9,0,7 8 9,1,95,,146088,9,0,7 8 9,1,100,,146091,9,0,7 8 9,1,97,,146094,9,0,7 8 9,1,95,,146097,9,0,7 8 9,1,100,,146100,9,0,7 8 9,1,93,,146101,29,0,57 8 9,1,98,,146102,29,0,57 8 9,1,100,,146103,29,0,57 8 9,1
2101,'20260804',653,,146104,29,,,1,157,,146105,29,,,1,116,,146106,29,,,1,95,,146107,29,,,1,100,,146108,29,,,1,25,,146110,9,0,7 8 9,1,100,,146113,9,0,7 8 9,1,65,,146114,9,0,7 8 9,1,30,,146116,9,0,7 8 9,1,66,,146118,9,0,7 8 9,1,30,,146120,9,0,7 8 9,1,120,,146124,9,0,7 8 9,1,464,,146128,9,0,7 8 9,1,30,,146130,9,0,7 8 9,1,65,,146133,9,0,7 8 9,1,30,,146135,9,0,7 8 9,1,70,,146138,9,0,7 8 9,1,100,,146141,9,0,7 8 9,1,96,,146143,9,0,7 8 9,1,117,,146145,29,,,1,92,,146146,29,,,1,96,,146147,29,,,1
2101,'20260805',653,,146148,29,,,1,157,,146149,29,,,1,116,,146150,29,,,1,95,,146151,29,,,1,100,,146152,29,,,1,25,,146154,9,0,7 8 9,1,100,,146157,9,0,7 8 9,1,65,,146158,9,0,7 8 9,1,30,,146160,9,0,7 8 9,1,66,,146162,9,0,7 8 9,1,30,,146164,9,0,7 8 9,1,120,,146168,9,0,7 8 9,1,464,,146172,9,0,7 8 9,1,30,,146174,9,0,7 8 9,1,65,,146177,9,0,7 8 9,1,30,,146179,9,0,7 8 9,1,70,,146182,9,0,7 8 9,1,100,,146185,9,0,7 8 9,1,96,,146187,9,0,7 8 9,1,117,,146189,29,,,1,92,,146190,29,,,1,96,,146191,29,,,1
2101,'20260806',653,,146192,29,,,1,157,,146193,29,,,1,116,,146194,29,,,1,95,,146195,29,,,1,100,,146196,29,,,1,25,,146198,9,0,7 8 9,1,100,,146201,9,0,7 8 9,1,65,,146202,9,0,7 8 9,1,30,,146204,9,0,7 8 9,1,66,,146206,9,0,7 8 9,1,30,,146208,9,0,7 8 9,1,120,,146212,9,0,7 8 9,1,464,,146216,9,0,7 8 9,1,30,,146218,9,0,7 8 9,1,65,,146221,9,0,7 8 9,1,30,,146223,9,0,7 8 9,1,70,,146226,9,0,7 8 9,1,100,,146229,9,0,7 8 9,1,96,,146231,9,0,7 8 9,1,117,,146233,29,,,1,92,,146234,29,,,1,96,,146235,29,,,1
2101,'20260807',653,,146236,29,,,1,157,,146237,29,,,1,116,,146238,29,,,1,95,,146239,29,,,1,100,,146240,29,,,1,25,,146242,9,0,7 8 9,1,100,,146245,9,0,7 8 9,1,65,,146246,9,0,7 8 9,1,30,,146248,9,0,7 8 9,1,66,,146250,9,0,7 8 9,1,30,,146252,9,0,7 8 9,1,120,,146256,9,0,7 8 9,1,464,,146260,9,0,7 8 9,1,30,,146262,9,0,7 8 9,1,65,,146265,9,0,7 8 9,1,30,,146267,9,0,7 8 9,1,70,,146270,9,0,7 8 9,1,100,,146273,9,0,7 8 9,1,96,,146275,9,0,7 8 9,1,117,,146277,29,,,1,92,,146278,29,,,1,96,,146279,29,,,1
2101,'20260808',838,,146280,29,0,57 8 9,1,100,,146281,29,0,57 8 9,1,95,,146282,29,0,57 8 9,1,110,,146283,29,0,57 8 9,1,94,,146286,9,0,7 8 9,1,110,,146288,9,0,7 8 9,1,105,,146290,9,0,7 8 9,1,94,,146292,9,0,7 8 9,1,105,,146295,9,0,7 8 9,1,108,,146298,9,0,7 8 9,1,97,,146302,9,0,7 8 9,1,90,,146306,9,0,7 8 9,1,95,,146310,9,0,7 8 9,1,100,,146313,9,0,7 8 9,1,97,,146316,9,0,7 8 9,1,95,,146319,9,0,7 8 9,1,100,,146322,9,0,7 8 9,1,93,,146323,29,0,57 8 9,1,98,,146324,29,0,57 8 9,1,100,,146325,29,0,57 8 9,1
2101,'20260809',838,,146326,29,0,57 8 9,1,100,,146327,29,0,57 8 9,1,95,,146328,29,0,57 8 9,1,110,,146329,29,0,57 8 9,1,94,,146331,9,0,7 8 9,1,110,,146333,9,0,7 8 9,1,105,,146335,9,0,7 8 9,1,94,,146337,9,0,7 8 9,1,105,,146340,9,0,7 8 9,1,108,,146343,9,0,7 8 9,1,97,,146347,9,0,7 8 9,1,90,,146351,9,0,7 8 9,1,95,,146355,9,0,7 8 9,1,100,,146358,9,0,7 8 9,1,97,,146361,9,0,7 8 9,1,95,,146364,9,0,7 8 9,1,100,,146366,9,0,7 8 9,1,93,,146367,29,0,57 8 9,1,98,,146368,29,0,57 8 9,1,100,,146369,29,0,57 8 9,1
2101,'20260810',653,,146370,29,,,1,157,,146371,29,,,1,116,,146372,29,,,1,95,,146373,29,,,1,100,,146374,29,,,1,25,,146376,9,0,7 8 9,1,100,,146379,9,0,7 8 9,1,65,,146380,9,0,7 8 9,1,30,,146382,9,0,7 8 9,1,66,,146384,9,0,7 8 9,1,30,,146386,9,0,7 8 9,1,120,,146390,9,0,7 8 9,1,464,,146394,9,0,7 8 9,1,30,,146396,9,0,7 8 9,1,65,,146399,9,0,7 8 9,1,30,,146401,9,0,7 8 9,1,70,,146404,9,0,7 8 9,1,100,,146407,9,0,7 8 9,1,96,,146409,9,0,7 8 9,1,117,,146411,29,,,1,92,,146412,29,,,1,96,,146413,29,,,1
2101,'20260811',653,,146414,29,,,1,157,,146415,29,,,1,116,,146416,29,,,1,95,,146417,29,,,1,100,,146418,29,,,1,25,,146420,9,0,7 8 9,1,100,,146423,9,0,7 8 9,1,65,,146424,9,0,7 8 9,1,30,,146426,9,0,7 8 9,1,66,,146428,9,0,7 8 9,1,30,,146430,9,0,7 8 9,1,120,,146434,9,0,7 8 9,1,464,,146438,9,0,7 8 9,1,30,,146440,9,0,7 8 9,1,65,,146443,9,0,7 8 9,1,30,,146445,9,0,7 8 9,1,70,,146448,9,0,7 8 9,1,100,,146451,9,0,7 8 9,1,96,,146453,9,0,7 8 9,1,117,,146455,29,,,1,92,,146456,29,,,1,96,,146457,29,,,1
2101,'20260812',653,,146458,29,,,1,157,,146459,29,,,1,116,,146460,29,,,1,95,,146461,29,,,1,100,,146462,29,,,1,25,,146464,9,0,7 8 9,1,100,,146467,9,0,7 8 9,1,65,,146468,9,0,7 8 9,1,30,,146470,9,0,7 8 9,1,66,,146472,9,0,7 8 9,1,30,,146474,9,0,7 8 9,1,120,,146478,9,0,7 8 9,1,464,,146482,9,0,7 8 9,1,30,,146484,9,0,7 8 9,1,65,,146487,9,0,7 8 9,1,30,,146489,9,0,7 8 9,1,70,,146492,9,0,7 8 9,1,100,,146495,9,0,7 8 9,1,96,,146497,9,0,7 8 9,1,117,,146499,29,,,1,92,,146500,29,,,1,96,,146501,29,,,1
2101,'20260813',653,,146502,29,,,1,157,,146503,29,,,1,116,,146504,29,,,1,95,,146505,29,,,1,100,,146506,29,,,1,25,,146508,9,0,7 8 9,1,100,,146511,9,0,7 8 9,1,65,,146512,9,0,7 8 9,1,30,,146514,9,0,7 8 9,1,66,,146516,9,0,7 8 9,1,30,,146518,9,0,7 8 9,1,120,,146522,9,0,7 8 9,1,464,,146526,9,0,7 8 9,1,30,,146528,9,0,7 8 9,1,65,,146531,9,0,7 8 9,1,30,,146533,9,0,7 8 9,1,70,,146536,9,0,7 8 9,1,100,,146539,9,0,7 8 9,1,96,,146541,9,0,7 8 9,1,117,,146543,29,,,1,92,,146544,29,,,1,96,,146545,29,,,1
2101,'20260814',653,,146546,29,,,1,157,,146547,29,,,1,116,,146548,29,,,1,95,,146549,29,,,1,100,,146550,29,,,1,25,,146552,9,0,7 8 9,1,100,,146555,9,0,7 8 9,1,65,,146556,9,0,7 8 9,1,30,,146558,9,0,7 8 9,1,66,,146560,9,0,7 8 9,1,30,,146562,9,0,7 8 9,1,120,,146566,9,0,7 8 9,1,464,,146570,9,0,7 8 9,1,30,,146572,9,0,7 8 9,1,65,,146575,9,0,7 8 9,1,30,,146577,9,0,7 8 9,1,70,,146580,9,0,7 8 9,1,100,,146583,9,0,7 8 9,1,96,,146585,9,0,7 8 9,1,117,,146587,29,,,1,92,,146588,29,,,1,96,,146589,29,,,1
2101,'20260815',838,,146590,29,0,57 8 9,1,100,,146591,29,0,57 8 9,1,95,,146592,29,0,57 8 9,1,110,,146593,29,0,57 8 9,1,94,,146596,9,0,7 8 9,1,110,,146598,9,0,7 8 9,1,105,,146600,9,0,7 8 9,1,94,,146602,9,0,7 8 9,1,105,,146605,9,0,7 8 9,1,108,,146608,9,0,7 8 9,1,97,,146612,9,0,7 8 9,1,90,,146616,9,0,7 8 9,1,95,,146620,9,0,7 8 9,1,100,,146623,9,0,7 8 9,1,97,,146626,9,0,7 8 9,1,95,,146629,9,0,7 8 9,1,100,,146632,9,0,7 8 9,1,93,,146633,29,0,57 8 9,1,98,,146634,29,0,57 8 9,1,100,,146635,29,0,57 8 9,1
2101,'20260816',838,,146636,29,0,57 8 9,1,100,,146637,29,0,57 8 9,1,95,,146638,29,0,57 8 9,1,110,,146639,29,0,57 8 9,1,94,,146641,9,0,7 8 9,1,110,,146643,9,0,7 8 9,1,105,,146645,9,0,7 8 9,1,94,,146647,9,0,7 8 9,1,105,,146650,9,0,7 8 9,1,108,,146653,9,0,7 8 9,1,97,,146657,9,0,7 8 9,1,90,,146661,9,0,7 8 9,1,95,,146665,9,0,7 8 9,1,100,,146668,9,0,7 8 9,1,97,,146671,9,0,7 8 9,1,95,,146674,9,0,7 8 9,1,100,,146676,9,0,7 8 9,1,93,,146677,29,0,57 8 9,1,98,,146678,29,0,57 8 9,1,100,,146679,29,0,57 8 9,1
2101,'20260817',653,,146680,29,,,1,157,,146681,29,,,1,116,,146682,29,,,1,95,,146683,29,,,1,100,,146684,29,,,1,25,,146686,9,0,7 8 9,1,100,,146689,9,0,7 8 9,1,65,,146690,9,0,7 8 9,1,30,,146692,9,0,7 8 9,1,66,,146694,9,0,7 8 9,1,30,,146696,9,0,7 8 9,1,120,,146700,9,0,7 8 9,1,464,,146704,9,0,7 8 9,1,30,,146706,9,0,7 8 9,1,65,,146709,9,0,7 8 9,1,30,,146711,9,0,7 8 9,1,70,,146714,9,0,7 8 9,1,100,,146717,9,0,7 8 9,1,96,,146719,9,0,7 8 9,1,117,,146721,29,,,1,92,,146722,29,,,1,96,,146723,29,,,1
2101,'20260818',653,,146724,29,,,1,157,,146725,29,,,1,116,,146726,29,,,1,95,,146727,29,,,1,100,,146728,29,,,1,25,,146730,9,0,7 8 9,1,100,,146733,9,0,7 8 9,1,65,,146734,9,0,7 8 9,1,30,,146736,9,0,7 8 9,1,66,,146738,9,0,7 8 9,1,30,,146740,9,0,7 8 9,1,120,,146744,9,0,7 8 9,1,464,,146748,9,0,7 8 9,1,30,,146750,9,0,7 8 9,1,65,,146753,9,0,7 8 9,1,30,,146755,9,0,7 8 9,1,70,,146758,9,0,7 8 9,1,100,,146761,9,0,7 8 9,1,96,,146763,9,0,7 8 9,1,117,,146765,29,,,1,92,,146766,29,,,1,96,,146767,29,,,1
2101,'20260819',653,,146768,29,,,1,157,,146769,29,,,1,116,,146770,29,,,1,95,,146771,29,,,1,100,,146772,29,,,1,25,,146774,9,0,7 8 9,1,100,,146777,9,0,7 8 9,1,65,,146778,9,0,7 8 9,1,30,,146780,9,0,7 8 9,1,66,,146782,9,0,7 8 9,1,30,,146784,9,0,7 8 9,1,120,,146788,9,0,7 8 9,1,464,,146792,9,0,7 8 9,1,30,,146794,9,0,7 8 9,1,65,,146797,9,0,7 8 9,1,30,,146799,9,0,7 8 9,1,70,,146802,9,0,7 8 9,1,100,,146805,9,0,7 8 9,1,96,,146807,9,0,7 8 9,1,117,,146809,29,,,1,92,,146810,29,,,1,96,,146811,29,,,1
2101,'20260820',653,,146812,29,,,1,157,,146813,29,,,1,116,,146814,29,,,1,95,,146815,29,,,1,100,,146816,29,,,1,25,,146818,9,0,7 8 9,1,100,,146821,9,0,7 8 9,1,65,,146822,9,0,7 8 9,1,30,,146824,9,0,7 8 9,1,66,,146826,9,0,7 8 9,1,30,,146828,9,0,7 8 9,1,120,,146832,9,0,7 8 9,1,464,,146836,9,0,7 8 9,1,30,,146838,9,0,7 8 9,1,65,,146841,9,0,7 8 9,1,30,,146843,9,0,7 8 9,1,70,,146846,9,0,7 8 9,1,100,,146849,9,0,7 8 9,1,96,,146851,9,0,7 8 9,1,117,,146853,29,,,1,92,,146854,29,,,1,96,,146855,29,,,1
2101,'20260821',653,,146856,29,,,1,157,,146857,29,,,1,116,,146858,29,,,1,95,,146859,29,,,1,100,,146860,29,,,1,25,,146862,9,0,7 8 9,1,100,,146865,9,0,7 8 9,1,65,,146866,9,0,7 8 9,1,30,,146868,9,0,7 8 9,1,66,,146870,9,0,7 8 9,1,30,,146872,9,0,7 8 9,1,120,,146876,9,0,7 8 9,1,464,,146880,9,0,7 8 9,1,30,,146882,9,0,7 8 9,1,65,,146885,9,0,7 8 9,1,30,,146887,9,0,7 8 9,1,70,,146890,9,0,7 8 9,1,100,,146893,9,0,7 8 9,1,96,,146895,9,0,7 8 9,1,117,,146897,29,,,1,92,,146898,29,,,1,96,,146899,29,,,1
2101,'20260822',838,,146900,29,0,57 8 9,1,100,,146901,29,0,57 8 9,1,95,,146902,29,0,57 8 9,1,110,,146903,29,0,57 8 9,1,94,,146906,9,0,7 8 9,1,110,,146908,9,0,7 8 9,1,105,,146910,9,0,7 8 9,1,94,,146912,9,0,7 8 9,1,105,,146915,9,0,7 8 9,1,108,,146918,9,0,7 8 9,1,97,,146922,9,0,7 8 9,1,90,,146926,9,0,7 8 9,1,95,,146930,9,0,7 8 9,1,100,,146933,9,0,7 8 9,1,97,,146936,9,0,7 8 9,1,95,,146939,9,0,7 8 9,1,100,,146942,9,0,7 8 9,1,93,,146943,29,0,57 8 9,1,98,,146944,29,0,57 8 9,1,100,,146945,29,0,57 8 9,1
2101,'20260823',838,,146946,29,0,57 8 9,1,100,,146947,29,0,57 8 9,1,95,,146948,29,0,57 8 9,1,110,,146949,29,0,57 8 9,1,94,,146951,9,0,7 8 9,1,110,,146953,9,0,7 8 9,1,105,,146955,9,0,7 8 9,1,94,,146957,9,0,7 8 9,1,105,,146960,9,0,7 8 9,1,108,,146963,9,0,7 8 9,1,97,,146967,9,0,7 8 9,1,90,,146971,9,0,7 8 9,1,95,,146975,9,0,7 8 9,1,100,,146978,9,0,7 8 9,1,97,,146981,9,0,7 8 9,1,95,,146984,9,0,7 8 9,1,100,,146986,9,0,7 8 9,1,93,,146987,29,0,57 8 9,1,98,,146988,29,0,57 8 9,1,100,,146989,29,0,57 8 9,1
2101,'20260824',653,,146990,29,,,1,157,,146991,29,,,1,116,,146992,29,,,1,95,,146993,29,,,1,100,,146994,29,,,1,25,,146996,9,0,7 8 9,1,100,,146999,9,0,7 8 9,1,65,,147000,9,0,7 8 9,1,30,,147002,9,0,7 8 9,1,66,,147004,9,0,7 8 9,1,30,,147006,9,0,7 8 9,1,120,,147010,9,0,7 8 9,1,464,,147014,9,0,7 8 9,1,30,,147016,9,0,7 8 9,1,65,,147019,9,0,7 8 9,1,30,,147021,9,0,7 8 9,1,70,,147024,9,0,7 8 9,1,100,,147027,9,0,7 8 9,1,96,,147029,9,0,7 8 9,1,117,,147031,29,,,1,92,,147032,29,,,1,96,,147033,29,,,1
2101,'20260825',653,,147034,29,,,1,157,,147035,29,,,1,116,,147036,29,,,1,95,,147037,29,,,1,100,,147038,29,,,1,25,,147040,9,0,7 8 9,1,100,,147043,9,0,7 8 9,1,65,,147044,9,0,7 8 9,1,30,,147046,9,0,7 8 9,1,66,,147048,9,0,7 8 9,1,30,,147050,9,0,7 8 9,1,120,,147054,9,0,7 8 9,1,464,,147058,9,0,7 8 9,1,30,,147060,9,0,7 8 9,1,65,,147063,9,0,7 8 9,1,30,,147065,9,0,7 8 9,1,70,,147068,9,0,7 8 9,1,100,,147071,9,0,7 8 9,1,96,,147073,9,0,7 8 9,1,117,,147075,29,,,1,92,,147076,29,,,1,96,,147077,29,,,1
2101,'20260826',653,,147078,29,,,1,157,,147079,29,,,1,116,,147080,29,,,1,95,,147081,29,,,1,100,,147082,29,,,1,25,,147084,9,0,7 8 9,1,100,,147087,9,0,7 8 9,1,65,,147088,9,0,7 8 9,1,30,,147090,9,0,7 8 9,1,66,,147092,9,0,7 8 9,1,30,,147094,9,0,7 8 9,1,120,,147098,9,0,7 8 9,1,464,,147102,9,0,7 8 9,1,30,,147104,9,0,7 8 9,1,65,,147107,9,0,7 8 9,1,30,,147109,9,0,7 8 9,1,70,,147112,9,0,7 8 9,1,100,,147115,9,0,7 8 9,1,96,,147117,9,0,7 8 9,1,117,,147119,29,,,1,92,,147120,29,,,1,96,,147121,29,,,1
2101,'20260827',653,,147122,29,,,1,157,,147123,29,,,1,116,,147124,29,,,1,95,,147125,29,,,1,100,,147126,29,,,1,25,,147128,9,0,7 8 9,1,100,,147131,9,0,7 8 9,1,65,,147132,9,0,7 8 9,1,30,,147134,9,0,7 8 9,1,66,,147136,9,0,7 8 9,1,30,,147138,9,0,7 8 9,1,120,,147142,9,0,7 8 9,1,464,,147146,9,0,7 8 9,1,30,,147148,9,0,7 8 9,1,65,,147151,9,0,7 8 9,1,30,,147153,9,0,7 8 9,1,70,,147156,9,0,7 8 9,1,100,,147159,9,0,7 8 9,1,96,,147161,9,0,7 8 9,1,117,,147163,29,,,1,92,,147164,29,,,1,96,,147165,29,,,1
2101,'20260828',653,,147166,29,,,1,157,,147167,29,,,1,116,,147168,29,,,1,95,,147169,29,,,1,100,,147170,29,,,1,25,,147172,9,0,7 8 9,1,100,,147175,9,0,7 8 9,1,65,,147176,9,0,7 8 9,1,30,,147178,9,0,7 8 9,1,66,,147180,9,0,7 8 9,1,30,,147182,9,0,7 8 9,1,120,,147186,9,0,7 8 9,1,464,,147190,9,0,7 8 9,1,30,,147192,9,0,7 8 9,1,65,,147195,9,0,7 8 9,1,30,,147197,9,0,7 8 9,1,70,,147200,9,0,7 8 9,1,100,,147203,9,0,7 8 9,1,96,,147205,9,0,7 8 9,1,117,,147207,29,,,1,92,,147208,29,,,1,96,,147209,29,,,1
2101,'20260829',838,,147210,29,0,57 8 9,1,100,,147211,29,0,57 8 9,1,95,,147212,29,0,57 8 9,1,110,,147213,29,0,57 8 9,1,94,,147216,9,0,7 8 9,1,110,,147218,9,0,7 8 9,1,105,,147220,9,0,7 8 9,1,94,,147222,9,0,7 8 9,1,105,,147225,9,0,7 8 9,1,108,,147228,9,0,7 8 9,1,97,,147232,9,0,7 8 9,1,90,,147236,9,0,7 8 9,1,95,,147240,9,0,7 8 9,1,100,,147243,9,0,7 8 9,1,97,,147246,9,0,7 8 9,1,95,,147249,9,0,7 8 9,1,100,,147252,9,0,7 8 9,1,93,,147253,29,0,57 8 9,1,98,,147254,29,0,57 8 9,1,100,,147255,29,0,57 8 9,1
2101,'20260830',838,,147256,29,0,57 8 9,1,100,,147257,29,0,57 8 9,1,95,,147258,29,0,57 8 9,1,110,,147259,29,0,57 8 9,1,94,,147261,9,0,7 8 9,1,110,,147263,9,0,7 8 9,1,105,,147265,9,0,7 8 9,1,94,,147267,9,0,7 8 9,1,105,,147270,9,0,7 8 9,1,108,,147273,9,0,7 8 9,1,97,,147277,9,0,7 8 9,1,90,,147281,9,0,7 8 9,1,95,,147285,9,0,7 8 9,1,100,,147288,9,0,7 8 9,1,97,,147291,9,0,7 8 9,1,95,,147294,9,0,7 8 9,1,100,,147296,9,0,7 8 9,1,93,,147297,29,0,57 8 9,1,98,,147298,29,0,57 8 9,1,100,,147299,29,0,57 8 9,1
2101,'20260831',653,,147300,29,,,1,157,,147301,29,,,1,116,,147302,29,,,1,95,,147303,29,,,1,100,,147304,29,,,1,25,,147306,9,0,7 8 9,1,100,,147309,9,0,7 8 9,1,65,,147310,9,0,7 8 9,1,30,,147312,9,0,7 8 9,1,66,,147314,9,0,7 8 9,1,30,,147316,9,0,7 8 9,1,120,,147320,9,0,7 8 9,1,464,,147324,9,0,7 8 9,1,30,,147326,9,0,7 8 9,1,65,,147329,9,0,7 8 9,1,30,,147331,9,0,7 8 9,1,70,,147334,9,0,7 8 9,1,100,,147337,9,0,7 8 9,1,96,,147339,9,0,7 8 9,1,117,,147341,29,,,1,92,,147342,29,,,1,96,,147343,29,,,1
2101,'20260901',653,,147344,29,,,1,157,,147345,29,,,1,116,,147346,29,,,1,95,,147347,29,,,1,100,,147348,29,,,1,25,,147350,9,0,7 8 9,1,100,,147353,9,0,7 8 9,1,65,,147354,9,0,7 8 9,1,30,,147356,9,0,7 8 9,1,66,,147358,9,0,7 8 9,1,30,,147360,9,0,7 8 9,1,120,,147364,9,0,7 8 9,1,464,,147368,9,0,7 8 9,1,30,,147370,9,0,7 8 9,1,65,,147373,9,0,7 8 9,1,30,,147375,9,0,7 8 9,1,70,,147378,9,0,7 8 9,1,100,,147381,9,0,7 8 9,1,96,,147383,9,0,7 8 9,1,117,,147385,29,,,1,92,,147386,29,,,1,96,,147387,29,,,1
2101,'20260902',653,,147388,29,,,1,157,,147389,29,,,1,116,,147390,29,,,1,95,,147391,29,,,1,100,,147392,29,,,1,25,,147394,9,0,7 8 9,1,100,,147397,9,0,7 8 9,1,65,,147398,9,0,7 8 9,1,30,,147400,9,0,7 8 9,1,66,,147402,9,0,7 8 9,1,30,,147404,9,0,7 8 9,1,120,,147408,9,0,7 8 9,1,464,,147412,9,0,7 8 9,1,30,,147414,9,0,7 8 9,1,65,,147417,9,0,7 8 9,1,30,,147419,9,0,7 8 9,1,70,,147422,9,0,7 8 9,1,100,,147425,9,0,7 8 9,1,96,,147427,9,0,7 8 9,1,117,,147429,29,,,1,92,,147430,29,,,1,96,,147431,29,,,1
2101,'20260903',653,,147432,29,,,1,157,,147433,29,,,1,116,,147434,29,,,1,95,,147435,29,,,1,100,,147436,29,,,1,25,,147438,9,0,7 8 9,1,100,,147441,9,0,7 8 9,1,65,,147442,9,0,7 8 9,1,30,,147444,9,0,7 8 9,1,66,,147446,9,0,7 8 9,1,30,,147448,9,0,7 8 9,1,120,,147452,9,0,7 8 9,1,464,,147456,9,0,7 8 9,1,30,,147458,9,0,7 8 9,1,65,,147461,9,0,7 8 9,1,30,,147463,9,0,7 8 9,1,70,,147466,9,0,7 8 9,1,100,,147469,9,0,7 8 9,1,96,,147471,9,0,7 8 9,1,117,,147473,29,,,1,92,,147474,29,,,1,96,,147475,29,,,1
2101,'20260904',653,,147476,29,,,1,157,,147477,29,,,1,116,,147478,29,,,1,95,,147479,29,,,1,100,,147480,29,,,1,25,,147482,9,0,7 8 9,1,100,,147485,9,0,7 8 9,1,65,,147486,9,0,7 8 9,1,30,,147488,9,0,7 8 9,1,66,,147490,9,0,7 8 9,1,30,,147492,9,0,7 8 9,1,120,,147496,9,0,7 8 9,1,464,,147500,9,0,7 8 9,1,30,,147502,9,0,7 8 9,1,65,,147505,9,0,7 8 9,1,30,,147507,9,0,7 8 9,1,70,,147510,9,0,7 8 9,1,100,,147513,9,0,7 8 9,1,96,,147515,9,0,7 8 9,1,117,,147517,29,,,1,92,,147518,29,,,1,96,,147519,29,,,1
2701,'20260716',621,,156162,23,0,7 8 9,1,113,,156163,24,0,57 8 9,1,25,,156164,24,0,57 8 9,1,70,,156166,24,0,57 8 9,1,26,,156168,24,0,57 8 9,1,70,,156170,24,0,57 8 9,1,81,,156171,23,0,7 8 9,1,530,,156176,24,0,57 8 9,1,114,,156178,24,0,57 8 9,1,70,,156179,24,0,57 8 9,1,32,,156180,24,0,57 8 9,1,74,,156181,24,0,57 8 9,1,25,,156182,24,0,57 8 9,1,70,,156183,23,0,7 8 9,1,25,,156184,23,0,7 8 9,1
2701,'20260717',621,,156190,23,0,7 8 9,1,113,,156191,24,0,57 8 9,1,25,,156192,24,0,57 8 9,1,70,,156194,24,0,57 8 9,1,26,,156196,24,0,57 8 9,1,70,,156198,24,0,57 8 9,1,81,,156199,23,0,7 8 9,1,530,,156204,24,0,57 8 9,1,114,,156206,24,0,57 8 9,1,70,,156207,24,0,57 8 9,1,32,,156208,24,0,57 8 9,1,74,,156209,24,0,57 8 9,1,25,,156210,24,0,57 8 9,1,70,,156211,23,0,7 8 9,1,25,,156212,23,0,7 8 9,1
2701,'20260718',721,,156218,23,0,7 8 9,1
2701,'20260719',721,,156234,23,0,7 8 9,1
2701,'20260720',621,,156250,23,0,7 8 9,1,113,,156251,24,0,57 8 9,1,25,,156252,24,0,57 8 9,1,70,,156254,24,0,57 8 9,1,26,,156256,24,0,57 8 9,1,70,,156258,24,0,57 8 9,1,81,,156259,23,0,7 8 9,1,530,,156264,24,0,57 8 9,1,114,,156266,24,0,57 8 9,1,70,,156267,24,0,57 8 9,1,32,,156268,24,0,57 8 9,1,74,,156269,24,0,57 8 9,1,25,,156270,24,0,57 8 9,1,70,,156271,23,0,7 8 9,1,25,,156272,23,0,7 8 9,1
2701,'20260721',621,,156278,23,0,7 8 9,1,113,,156279,24,0,57 8 9,1,25,,156280,24,0,57 8 9,1,70,,156282,24,0,57 8 9,1,26,,156284,24,0,57 8 9,1,70,,156286,24,0,57 8 9,1,81,,156287,23,0,7 8 9,1,530,,156292,24,0,57 8 9,1,114,,156294,24,0,57 8 9,1,70,,156295,24,0,57 8 9,1,32,,156296,24,0,57 8 9,1,74,,156297,24,0,57 8 9,1,25,,156298,24,0,57 8 9,1,70,,156299,23,0,7 8 9,1,25,,156300,23,0,7 8 9,1
2701,'20260722',621,,156306,23,0,7 8 9,1,113,,156307,24,0,57 8 9,1,25,,156308,24,0,57 8 9,1,70,,156310,24,0,57 8 9,1,26,,156312,24,0,57 8 9,1,70,,156314,24,0,57 8 9,1,81,,156315,23,0,7 8 9,1,530,,156320,24,0,57 8 9,1,114,,156322,24,0,57 8 9,1,70,,156323,24,0,57 8 9,1,32,,156324,24,0,57 8 9,1,74,,156325,24,0,57 8 9,1,25,,156326,24,0,57 8 9,1,70,,156327,23,0,7 8 9,1,25,,156328,23,0,7 8 9,1
2701,'20260723',621,,156334,23,0,7 8 9,1,113,,156335,24,0,57 8 9,1,25,,156336,24,0,57 8 9,1,70,,156338,24,0,57 8 9,1,26,,156340,24,0,57 8 9,1,70,,156342,24,0,57 8 9,1,81,,156343,23,0,7 8 9,1,530,,156348,24,0,57 8 9,1,114,,156350,24,0,57 8 9,1,70,,156351,24,0,57 8 9,1,32,,156352,24,0,57 8 9,1,74,,156353,24,0,57 8 9,1,25,,156354,24,0,57 8 9,1,70,,156355,23,0,7 8 9,1,25,,156356,23,0,7 8 9,1
2701,'20260724',621,,156362,23,0,7 8 9,1,113,,156363,24,0,57 8 9,1,25,,156364,24,0,57 8 9,1,70,,156366,24,0,57 8 9,1,26,,156368,24,0,57 8 9,1,70,,156370,24,0,57 8 9,1,81,,156371,23,0,7 8 9,1,530,,156376,24,0,57 8 9,1,114,,156378,24,0,57 8 9,1,70,,156379,24,0,57 8 9,1,32,,156380,24,0,57 8 9,1,74,,156381,24,0,57 8 9,1,25,,156382,24,0,57 8 9,1,70,,156383,23,0,7 8 9,1,25,,156384,23,0,7 8 9,1
2701,'20260725',721,,156390,23,0,7 8 9,1
2701,'20260726',721,,156406,23,0,7 8 9,1
2701,'20260727',621,,156422,23,0,7 8 9,1,113,,156423,24,0,57 8 9,1,25,,156424,24,0,57 8 9,1,70,,156426,24,0,57 8 9,1,26,,156428,24,0,57 8 9,1,70,,156430,24,0,57 8 9,1,81,,156431,23,0,7 8 9,1,530,,156436,24,0,57 8 9,1,114,,156438,24,0,57 8 9,1,70,,156439,24,0,57 8 9,1,32,,156440,24,0,57 8 9,1,74,,156441,24,0,57 8 9,1,25,,156442,24,0,57 8 9,1,70,,156443,23,0,7 8 9,1,25,,156444,23,0,7 8 9,1
2701,'20260728',621,,156450,23,0,7 8 9,1,113,,156451,24,0,57 8 9,1,25,,156452,24,0,57 8 9,1,70,,156454,24,0,57 8 9,1,26,,156456,24,0,57 8 9,1,70,,156458,24,0,57 8 9,1,81,,156459,23,0,7 8 9,1,530,,156464,24,0,57 8 9,1,114,,156466,24,0,57 8 9,1,70,,156467,24,0,57 8 9,1,32,,156468,24,0,57 8 9,1,74,,156469,24,0,57 8 9,1,25,,156470,24,0,57 8 9,1,70,,156471,23,0,7 8 9,1,25,,156472,23,0,7 8 9,1
2701,'20260729',621,,156478,23,0,7 8 9,1,113,,156479,24,0,57 8 9,1,25,,156480,24,0,57 8 9,1,70,,156482,24,0,57 8 9,1,26,,156484,24,0,57 8 9,1,70,,156486,24,0,57 8 9,1,81,,156487,23,0,7 8 9,1,530,,156492,24,0,57 8 9,1,114,,156494,24,0,57 8 9,1,70,,156495,24,0,57 8 9,1,32,,156496,24,0,57 8 9,1,74,,156497,24,0,57 8 9,1,25,,156498,24,0,57 8 9,1,70,,156499,23,0,7 8 9,1,25,,156500,23,0,7 8 9,1
2701,'20260730',621,,156506,23,0,7 8 9,1,113,,156507,24,0,57 8 9,1,25,,156508,24,0,57 8 9,1,70,,156510,24,0,57 8 9,1,26,,156512,24,0,57 8 9,1,70,,156514,24,0,57 8 9,1,81,,156515,23,0,7 8 9,1,530,,156520,24,0,57 8 9,1,114,,156522,24,0,57 8 9,1,70,,156523,24,0,57 8 9,1,32,,156524,24,0,57 8 9,1,74,,156525,24,0,57 8 9,1,25,,156526,24,0,57 8 9,1,70,,156527,23,0,7 8 9,1,25,,156528,23,0,7 8 9,1
2701,'20260731',621,,156534,23,0,7 8 9,1,113,,156535,24,0,57 8 9,1,25,,156536,24,0,57 8 9,1,70,,156538,24,0,57 8 9,1,26,,156540,24,0,57 8 9,1,70,,156542,24,0,57 8 9,1,81,,156543,23,0,7 8 9,1,530,,156548,24,0,57 8 9,1,114,,156550,24,0,57 8 9,1,70,,156551,24,0,57 8 9,1,32,,156552,24,0,57 8 9,1,74,,156553,24,0,57 8 9,1,25,,156554,24,0,57 8 9,1,70,,156555,23,0,7 8 9,1,25,,156556,23,0,7 8 9,1
2701,'20260801',721,,156562,23,0,7 8 9,1
2701,'20260802',721,,156578,23,0,7 8 9,1
2701,'20260803',721,,156594,23,0,7 8 9,1
2701,'20260804',621,,156610,23,0,7 8 9,1,113,,156611,24,0,57 8 9,1,25,,156612,24,0,57 8 9,1,70,,156614,24,0,57 8 9,1,26,,156616,24,0,57 8 9,1,70,,156618,24,0,57 8 9,1,81,,156619,23,0,7 8 9,1,530,,156624,24,0,57 8 9,1,114,,156626,24,0,57 8 9,1,70,,156627,24,0,57 8 9,1,32,,156628,24,0,57 8 9,1,74,,156629,24,0,57 8 9,1,25,,156630,24,0,57 8 9,1,70,,156631,23,0,7 8 9,1,25,,156632,23,0,7 8 9,1
2701,'20260805',621,,156638,23,0,7 8 9,1,113,,156639,24,0,57 8 9,1,25,,156640,24,0,57 8 9,1,70,,156642,24,0,57 8 9,1,26,,156644,24,0,57 8 9,1,70,,156646,24,0,57 8 9,1,81,,156647,23,0,7 8 9,1,530,,156652,24,0,57 8 9,1,114,,156654,24,0,57 8 9,1,70,,156655,24,0,57 8 9,1,32,,156656,24,0,57 8 9,1,74,,156657,24,0,57 8 9,1,25,,156658,24,0,57 8 9,1,70,,156659,23,0,7 8 9,1,25,,156660,23,0,7 8 9,1
2701,'20260806',621,,156666,23,0,7 8 9,1,113,,156667,24,0,57 8 9,1,25,,156668,24,0,57 8 9,1,70,,156670,24,0,57 8 9,1,26,,156672,24,0,57 8 9,1,70,,156674,24,0,57 8 9,1,81,,156675,23,0,7 8 9,1,530,,156680,24,0,57 8 9,1,114,,156682,24,0,57 8 9,1,70,,156683,24,0,57 8 9,1,32,,156684,24,0,57 8 9,1,74,,156685,24,0,57 8 9,1,25,,156686,24,0,57 8 9,1,70,,156687,23,0,7 8 9,1,25,,156688,23,0,7 8 9,1
2701,'20260807',621,,156694,23,0,7 8 9,1,113,,156695,24,0,57 8 9,1,25,,156696,24,0,57 8 9,1,70,,156698,24,0,57 8 9,1,26,,156700,24,0,57 8 9,1,70,,156702,24,0,57 8 9,1,81,,156703,23,0,7 8 9,1,530,,156708,24,0,57 8 9,1,114,,156710,24,0,57 8 9,1,70,,156711,24,0,57 8 9,1,32,,156712,24,0,57 8 9,1,74,,156713,24,0,57 8 9,1,25,,156714,24,0,57 8 9,1,70,,156715,23,0,7 8 9,1,25,,156716,23,0,7 8 9,1
2701,'20260808',721,,156722,23,0,7 8 9,1
2701,'20260809',721,,156738,23,0,7 8 9,1
2701,'20260810',621,,156754,23,0,7 8 9,1,113,,156755,24,0,57 8 9,1,25,,156756,24,0,57 8 9,1,70,,156758,24,0,57 8 9,1,26,,156760,24,0,57 8 9,1,70,,156762,24,0,57 8 9,1,81,,156763,23,0,7 8 9,1,530,,156768,24,0,57 8 9,1,114,,156770,24,0,57 8 9,1,70,,156771,24,0,57 8 9,1,32,,156772,24,0,57 8 9,1,74,,156773,24,0,57 8 9,1,25,,156774,24,0,57 8 9,1,70,,156775,23,0,7 8 9,1,25,,156776,23,0,7 8 9,1
2701,'20260811',621,,156782,23,0,7 8 9,1,113,,156783,24,0,57 8 9,1,25,,156784,24,0,57 8 9,1,70,,156786,24,0,57 8 9,1,26,,156788,24,0,57 8 9,1,70,,156790,24,0,57 8 9,1,81,,156791,23,0,7 8 9,1,530,,156796,24,0,57 8 9,1,114,,156798,24,0,57 8 9,1,70,,156799,24,0,57 8 9,1,32,,156800,24,0,57 8 9,1,74,,156801,24,0,57 8 9,1,25,,156802,24,0,57 8 9,1,70,,156803,23,0,7 8 9,1,25,,156804,23,0,7 8 9,1
2701,'20260812',621,,156810,23,0,7 8 9,1,113,,156811,24,0,57 8 9,1,25,,156812,24,0,57 8 9,1,70,,156814,24,0,57 8 9,1,26,,156816,24,0,57 8 9,1,70,,156818,24,0,57 8 9,1,81,,156819,23,0,7 8 9,1,530,,156824,24,0,57 8 9,1,114,,156826,24,0,57 8 9,1,70,,156827,24,0,57 8 9,1,32,,156828,24,0,57 8 9,1,74,,156829,24,0,57 8 9,1,25,,156830,24,0,57 8 9,1,70,,156831,23,0,7 8 9,1,25,,156832,23,0,7 8 9,1
2701,'20260813',621,,156838,23,0,7 8 9,1,113,,156839,24,0,57 8 9,1,25,,156840,24,0,57 8 9,1,70,,156842,24,0,57 8 9,1,26,,156844,24,0,57 8 9,1,70,,156846,24,0,57 8 9,1,81,,156847,23,0,7 8 9,1,530,,156852,24,0,57 8 9,1,114,,156854,24,0,57 8 9,1,70,,156855,24,0,57 8 9,1,32,,156856,24,0,57 8 9,1,74,,156857,24,0,57 8 9,1,25,,156858,24,0,57 8 9,1,70,,156859,23,0,7 8 9,1,25,,156860,23,0,7 8 9,1
2701,'20260814',621,,156866,23,0,7 8 9,1,113,,156867,24,0,57 8 9,1,25,,156868,24,0,57 8 9,1,70,,156870,24,0,57 8 9,1,26,,156872,24,0,57 8 9,1,70,,156874,24,0,57 8 9,1,81,,156875,23,0,7 8 9,1,530,,156880,24,0,57 8 9,1,114,,156882,24,0,57 8 9,1,70,,156883,24,0,57 8 9,1,32,,156884,24,0,57 8 9,1,74,,156885,24,0,57 8 9,1,25,,156886,24,0,57 8 9,1,70,,156887,23,0,7 8 9,1,25,,156888,23,0,7 8 9,1
2701,'20260815',721,,156894,23,0,7 8 9,1
2701,'20260816',721,,156910,23,0,7 8 9,1
2701,'20260817',621,,156926,23,0,7 8 9,1,113,,156927,24,0,57 8 9,1,25,,156928,24,0,57 8 9,1,70,,156930,24,0,57 8 9,1,26,,156932,24,0,57 8 9,1,70,,156934,24,0,57 8 9,1,81,,156935,23,0,7 8 9,1,530,,156940,24,0,57 8 9,1,114,,156942,24,0,57 8 9,1,70,,156943,24,0,57 8 9,1,32,,156944,24,0,57 8 9,1,74,,156945,24,0,57 8 9,1,25,,156946,24,0,57 8 9,1,70,,156947,23,0,7 8 9,1,25,,156948,23,0,7 8 9,1
2701,'20260818',621,,156954,23,0,7 8 9,1,113,,156955,24,0,57 8 9,1,25,,156956,24,0,57 8 9,1,70,,156958,24,0,57 8 9,1,26,,156960,24,0,57 8 9,1,70,,156962,24,0,57 8 9,1,81,,156963,23,0,7 8 9,1,530,,156968,24,0,57 8 9,1,114,,156970,24,0,57 8 9,1,70,,156971,24,0,57 8 9,1,32,,156972,24,0,57 8 9,1,74,,156973,24,0,57 8 9,1,25,,156974,24,0,57 8 9,1,70,,156975,23,0,7 8 9,1,25,,156976,23,0,7 8 9,1
2701,'20260819',621,,156982,23,0,7 8 9,1,113,,156983,24,0,57 8 9,1,25,,156984,24,0,57 8 9,1,70,,156986,24,0,57 8 9,1,26,,156988,24,0,57 8 9,1,70,,156990,24,0,57 8 9,1,81,,156991,23,0,7 8 9,1,530,,156996,24,0,57 8 9,1,114,,156998,24,0,57 8 9,1,70,,156999,24,0,57 8 9,1,32,,157000,24,0,57 8 9,1,74,,157001,24,0,57 8 9,1,25,,157002,24,0,57 8 9,1,70,,157003,23,0,7 8 9,1,25,,157004,23,0,7 8 9,1
2701,'20260820',621,,157010,23,0,7 8 9,1,113,,157011,24,0,57 8 9,1,25,,157012,24,0,57 8 9,1,70,,157014,24,0,57 8 9,1,26,,157016,24,0,57 8 9,1,70,,157018,24,0,57 8 9,1,81,,157019,23,0,7 8 9,1,530,,157024,24,0,57 8 9,1,114,,157026,24,0,57 8 9,1,70,,157027,24,0,57 8 9,1,32,,157028,24,0,57 8 9,1,74,,157029,24,0,57 8 9,1,25,,157030,24,0,57 8 9,1,70,,157031,23,0,7 8 9,1,25,,157032,23,0,7 8 9,1
2701,'20260821',621,,157038,23,0,7 8 9,1,113,,157039,24,0,57 8 9,1,25,,157040,24,0,57 8 9,1,70,,157042,24,0,57 8 9,1,26,,157044,24,0,57 8 9,1,70,,157046,24,0,57 8 9,1,81,,157047,23,0,7 8 9,1,530,,157052,24,0,57 8 9,1,114,,157054,24,0,57 8 9,1,70,,157055,24,0,57 8 9,1,32,,157056,24,0,57 8 9,1,74,,157057,24,0,57 8 9,1,25,,157058,24,0,57 8 9,1,70,,157059,23,0,7 8 9,1,25,,157060,23,0,7 8 9,1
2701,'20260822',721,,157066,23,0,7 8 9,1
2701,'20260823',721,,157082,23,0,7 8 9,1
2701,'20260824',621,,157098,23,0,7 8 9,1,113,,157099,24,0,57 8 9,1,25,,157100,24,0,57 8 9,1,70,,157102,24,0,57 8 9,1,26,,157104,24,0,57 8 9,1,70,,157106,24,0,57 8 9,1,81,,157107,23,0,7 8 9,1,530,,157112,24,0,57 8 9,1,114,,157114,24,0,57 8 9,1,70,,157115,24,0,57 8 9,1,32,,157116,24,0,57 8 9,1,74,,157117,24,0,57 8 9,1,25,,157118,24,0,57 8 9,1,70,,157119,23,0,7 8 9,1,25,,157120,23,0,7 8 9,1
2701,'20260825',621,,157126,23,0,7 8 9,1,113,,157127,24,0,57 8 9,1,25,,157128,24,0,57 8 9,1,70,,157130,24,0,57 8 9,1,26,,157132,24,0,57 8 9,1,70,,157134,24,0,57 8 9,1,81,,157135,23,0,7 8 9,1,530,,157140,24,0,57 8 9,1,114,,157142,24,0,57 8 9,1,70,,157143,24,0,57 8 9,1,32,,157144,24,0,57 8 9,1,74,,157145,24,0,57 8 9,1,25,,157146,24,0,57 8 9,1,70,,157147,23,0,7 8 9,1,25,,157148,23,0,7 8 9,1
2701,'20260826',621,,157154,23,0,7 8 9,1,113,,157155,24,0,57 8 9,1,25,,157156,24,0,57 8 9,1,70,,157158,24,0,57 8 9,1,26,,157160,24,0,57 8 9,1,70,,157162,24,0,57 8 9,1,81,,157163,23,0,7 8 9,1,530,,157168,24,0,57 8 9,1,114,,157170,24,0,57 8 9,1,70,,157171,24,0,57 8 9,1,32,,157172,24,0,57 8 9,1,74,,157173,24,0,57 8 9,1,25,,157174,24,0,57 8 9,1,70,,157175,23,0,7 8 9,1,25,,157176,23,0,7 8 9,1
2701,'20260827',621,,157182,23,0,7 8 9,1,113,,157183,24,0,57 8 9,1,25,,157184,24,0,57 8 9,1,70,,157186,24,0,57 8 9,1,26,,157188,24,0,57 8 9,1,70,,157190,24,0,57 8 9,1,81,,157191,23,0,7 8 9,1,530,,157196,24,0,57 8 9,1,114,,157198,24,0,57 8 9,1,70,,157199,24,0,57 8 9,1,32,,157200,24,0,57 8 9,1,74,,157201,24,0,57 8 9,1,25,,157202,24,0,57 8 9,1,70,,157203,23,0,7 8 9,1,25,,157204,23,0,7 8 9,1
2701,'20260828',621,,157210,23,0,7 8 9,1,113,,157211,24,0,57 8 9,1,25,,157212,24,0,57 8 9,1,70,,157214,24,0,57 8 9,1,26,,157216,24,0,57 8 9,1,70,,157218,24,0,57 8 9,1,81,,157219,23,0,7 8 9,1,530,,157224,24,0,57 8 9,1,114,,157226,24,0,57 8 9,1,70,,157227,24,0,57 8 9,1,32,,157228,24,0,57 8 9,1,74,,157229,24,0,57 8 9,1,25,,157230,24,0,57 8 9,1,70,,157231,23,0,7 8 9,1,25,,157232,23,0,7 8 9,1
2701,'20260829',721,,157238,23,0,7 8 9,1
2701,'20260830',721,,157254,23,0,7 8 9,1
2701,'20260831',621,,157270,23,0,7 8 9,1,113,,157271,24,0,57 8 9,1,25,,157272,24,0,57 8 9,1,70,,157274,24,0,57 8 9,1,26,,157276,24,0,57 8 9,1,70,,157278,24,0,57 8 9,1,81,,157279,23,0,7 8 9,1,530,,157284,24,0,57 8 9,1,114,,157286,24,0,57 8 9,1,70,,157287,24,0,57 8 9,1,32,,157288,24,0,57 8 9,1,74,,157289,24,0,57 8 9,1,25,,157290,24,0,57 8 9,1,70,,157291,23,0,7 8 9,1,25,,157292,23,0,7 8 9,1
2701,'20260901',621,,157298,23,0,7 8 9,1,113,,157299,24,0,57 8 9,1,25,,157300,24,0,57 8 9,1,70,,157302,24,0,57 8 9,1,26,,157304,24,0,57 8 9,1,70,,157306,24,0,57 8 9,1,81,,157307,23,0,7 8 9,1,530,,157312,24,0,57 8 9,1,114,,157314,24,0,57 8 9,1,70,,157315,24,0,57 8 9,1,32,,157316,24,0,57 8 9,1,74,,157317,24,0,57 8 9,1,25,,157318,24,0,57 8 9,1,70,,157319,23,0,7 8 9,1,25,,157320,23,0,7 8 9,1
2701,'20260902',621,,157326,23,0,7 8 9,1,113,,157327,24,0,57 8 9,1,25,,157328,24,0,57 8 9,1,70,,157330,24,0,57 8 9,1,26,,157332,24,0,57 8 9,1,70,,157334,24,0,57 8 9,1,81,,157335,23,0,7 8 9,1,530,,157340,24,0,57 8 9,1,114,,157342,24,0,57 8 9,1,70,,157343,24,0,57 8 9,1,32,,157344,24,0,57 8 9,1,74,,157345,24,0,57 8 9,1,25,,157346,24,0,57 8 9,1,70,,157347,23,0,7 8 9,1,25,,157348,23,0,7 8 9,1
2701,'20260903',621,,157354,23,0,7 8 9,1,113,,157355,24,0,57 8 9,1,25,,157356,24,0,57 8 9,1,70,,157358,24,0,57 8 9,1,26,,157360,24,0,57 8 9,1,70,,157362,24,0,57 8 9,1,81,,157363,23,0,7 8 9,1,530,,157368,24,0,57 8 9,1,114,,157370,24,0,57 8 9,1,70,,157371,24,0,57 8 9,1,32,,157372,24,0,57 8 9,1,74,,157373,24,0,57 8 9,1,25,,157374,24,0,57 8 9,1,70,,157375,23,0,7 8 9,1,25,,157376,23,0,7 8 9,1
2701,'20260904',621,,157382,23,0,7 8 9,1,113,,157383,24,0,57 8 9,1,25,,157384,24,0,57 8 9,1,70,,157386,24,0,57 8 9,1,26,,157388,24,0,57 8 9,1,70,,157390,24,0,57 8 9,1,81,,157391,23,0,7 8 9,1,530,,157396,24,0,57 8 9,1,114,,157398,24,0,57 8 9,1,70,,157399,24,0,57 8 9,1,32,,157400,24,0,57 8 9,1,74,,157401,24,0,57 8 9,1,25,,157402,24,0,57 8 9,1,70,,157403,23,0,7 8 9,1,25,,157404,23,0,7 8 9,1
4801,'20260716',634,,196395,12,,,1,101,,196396,12,,,1,105,,196397,12,,,1,98,,196398,12,,,1,97,,196399,12,,,1,200,,196400,12,,,1,205,,196401,12,,,1,100,,196402,12,,,1,104,,196403,12,,,1,105,,196404,12,,,1,93,,196405,12,,,1,92,,196406,12,,,1,100,,196407,12,,,1,100,,196408,12,,,1,197,,196409,12,,,1,200,,196410,12,,,1
4801,'20260717',634,,196411,12,,,1,101,,196412,12,,,1,105,,196413,12,,,1,98,,196414,12,,,1,97,,196415,12,,,1,200,,196416,12,,,1,205,,196417,12,,,1,100,,196418,12,,,1,104,,196419,12,,,1,105,,196420,12,,,1,93,,196421,12,,,1,92,,196422,12,,,1,100,,196423,12,,,1,100,,196424,12,,,1,197,,196425,12,,,1,200,,196426,12,,,1
4801,'20260720',634,,196427,12,,,1,101,,196428,12,,,1,105,,196429,12,,,1,98,,196430,12,,,1,97,,196431,12,,,1,200,,196432,12,,,1,205,,196433,12,,,1,100,,196434,12,,,1,104,,196435,12,,,1,105,,196436,12,,,1,93,,196437,12,,,1,92,,196438,12,,,1,100,,196439,12,,,1,100,,196440,12,,,1,197,,196441,12,,,1,200,,196442,12,,,1
4801,'20260721',634,,196443,12,,,1,101,,196444,12,,,1,105,,196445,12,,,1,98,,196446,12,,,1,97,,196447,12,,,1,200,,196448,12,,,1,205,,196449,12,,,1,100,,196450,12,,,1,104,,196451,12,,,1,105,,196452,12,,,1,93,,196453,12,,,1,92,,196454,12,,,1,100,,196455,12,,,1,100,,196456,12,,,1,197,,196457,12,,,1,200,,196458,12,,,1
4801,'20260722',634,,196459,12,,,1,101,,196460,12,,,1,105,,196461,12,,,1,98,,196462,12,,,1,97,,196463,12,,,1,200,,196464,12,,,1,205,,196465,12,,,1,100,,196466,12,,,1,104,,196467,12,,,1,105,,196468,12,,,1,93,,196469,12,,,1,92,,196470,12,,,1,100,,196471,12,,,1,100,,196472,12,,,1,197,,196473,12,,,1,200,,196474,12,,,1
4801,'20260723',634,,196475,12,,,1,101,,196476,12,,,1,105,,196477,12,,,1,98,,196478,12,,,1,97,,196479,12,,,1,200,,196480,12,,,1,205,,196481,12,,,1,100,,196482,12,,,1,104,,196483,12,,,1,105,,196484,12,,,1,93,,196485,12,,,1,92,,196486,12,,,1,100,,196487,12,,,1,100,,196488,12,,,1,197,,196489,12,,,1,200,,196490,12,,,1
4801,'20260724',634,,196491,12,,,1,101,,196492,12,,,1,105,,196493,12,,,1,98,,196494,12,,,1,97,,196495,12,,,1,200,,196496,12,,,1,205,,196497,12,,,1,100,,196498,12,,,1,104,,196499,12,,,1,105,,196500,12,,,1,93,,196501,12,,,1,92,,196502,12,,,1,100,,196503,12,,,1,100,,196504,12,,,1,197,,196505,12,,,1,200,,196506,12,,,1
4801,'20260727',634,,196507,12,,,1,101,,196508,12,,,1,105,,196509,12,,,1,98,,196510,12,,,1,97,,196511,12,,,1,200,,196512,12,,,1,205,,196513,12,,,1,100,,196514,12,,,1,104,,196515,12,,,1,105,,196516,12,,,1,93,,196517,12,,,1,92,,196518,12,,,1,100,,196519,12,,,1,100,,196520,12,,,1,197,,196521,12,,,1,200,,196522,12,,,1
4801,'20260728',634,,196523,12,,,1,101,,196524,12,,,1,105,,196525,12,,,1,98,,196526,12,,,1,97,,196527,12,,,1,200,,196528,12,,,1,205,,196529,12,,,1,100,,196530,12,,,1,104,,196531,12,,,1,105,,196532,12,,,1,93,,196533,12,,,1,92,,196534,12,,,1,100,,196535,12,,,1,100,,196536,12,,,1,197,,196537,12,,,1,200,,196538,12,,,1
4801,'20260729',634,,196539,12,,,1,101,,196540,12,,,1,105,,196541,12,,,1,98,,196542,12,,,1,97,,196543,12,,,1,200,,196544,12,,,1,205,,196545,12,,,1,100,,196546,12,,,1,104,,196547,12,,,1,105,,196548,12,,,1,93,,196549,12,,,1,92,,196550,12,,,1,100,,196551,12,,,1,100,,196552,12,,,1,197,,196553,12,,,1,200,,196554,12,,,1
4801,'20260730',634,,196555,12,,,1,101,,196556,12,,,1,105,,196557,12,,,1,98,,196558,12,,,1,97,,196559,12,,,1,200,,196560,12,,,1,205,,196561,12,,,1,100,,196562,12,,,1,104,,196563,12,,,1,105,,196564,12,,,1,93,,196565,12,,,1,92,,196566,12,,,1,100,,196567,12,,,1,100,,196568,12,,,1,197,,196569,12,,,1,200,,196570,12,,,1
4801,'20260731',634,,196571,12,,,1,101,,196572,12,,,1,105,,196573,12,,,1,98,,196574,12,,,1,97,,196575,12,,,1,200,,196576,12,,,1,205,,196577,12,,,1,100,,196578,12,,,1,104,,196579,12,,,1,105,,196580,12,,,1,93,,196581,12,,,1,92,,196582,12,,,1,100,,196583,12,,,1,100,,196584,12,,,1,197,,196585,12,,,1,200,,196586,12,,,1
4801,'20260804',634,,196587,12,,,1,101,,196588,12,,,1,105,,196589,12,,,1,98,,196590,12,,,1,97,,196591,12,,,1,200,,196592,12,,,1,205,,196593,12,,,1,100,,196594,12,,,1,104,,196595,12,,,1,105,,196596,12,,,1,93,,196597,12,,,1,92,,196598,12,,,1,100,,196599,12,,,1,100,,196600,12,,,1,197,,196601,12,,,1,200,,196602,12,,,1
4801,'20260805',634,,196603,12,,,1,101,,196604,12,,,1,105,,196605,12,,,1,98,,196606,12,,,1,97,,196607,12,,,1,200,,196608,12,,,1,205,,196609,12,,,1,100,,196610,12,,,1,104,,196611,12,,,1,105,,196612,12,,,1,93,,196613,12,,,1,92,,196614,12,,,1,100,,196615,12,,,1,100,,196616,12,,,1,197,,196617,12,,,1,200,,196618,12,,,1
4801,'20260806',634,,196619,12,,,1,101,,196620,12,,,1,105,,196621,12,,,1,98,,196622,12,,,1,97,,196623,12,,,1,200,,196624,12,,,1,205,,196625,12,,,1,100,,196626,12,,,1,104,,196627,12,,,1,105,,196628,12,,,1,93,,196629,12,,,1,92,,196630,12,,,1,100,,196631,12,,,1,100,,196632,12,,,1,197,,196633,12,,,1,200,,196634,12,,,1
4801,'20260807',634,,196635,12,,,1,101,,196636,12,,,1,105,,196637,12,,,1,98,,196638,12,,,1,97,,196639,12,,,1,200,,196640,12,,,1,205,,196641,12,,,1,100,,196642,12,,,1,104,,196643,12,,,1,105,,196644,12,,,1,93,,196645,12,,,1,92,,196646,12,,,1,100,,196647,12,,,1,100,,196648,12,,,1,197,,196649,12,,,1,200,,196650,12,,,1
4801,'20260810',634,,196651,12,,,1,101,,196652,12,,,1,105,,196653,12,,,1,98,,196654,12,,,1,97,,196655,12,,,1,200,,196656,12,,,1,205,,196657,12,,,1,100,,196658,12,,,1,104,,196659,12,,,1,105,,196660,12,,,1,93,,196661,12,,,1,92,,196662,12,,,1,100,,196663,12,,,1,100,,196664,12,,,1,197,,196665,12,,,1,200,,196666,12,,,1
4801,'20260811',634,,196667,12,,,1,101,,196668,12,,,1,105,,196669,12,,,1,98,,196670,12,,,1,97,,196671,12,,,1,200,,196672,12,,,1,205,,196673,12,,,1,100,,196674,12,,,1,104,,196675,12,,,1,105,,196676,12,,,1,93,,196677,12,,,1,92,,196678,12,,,1,100,,196679,12,,,1,100,,196680,12,,,1,197,,196681,12,,,1,200,,196682,12,,,1
4801,'20260812',634,,196683,12,,,1,101,,196684,12,,,1,105,,196685,12,,,1,98,,196686,12,,,1,97,,196687,12,,,1,200,,196688,12,,,1,205,,196689,12,,,1,100,,196690,12,,,1,104,,196691,12,,,1,105,,196692,12,,,1,93,,196693,12,,,1,92,,196694,12,,,1,100,,196695,12,,,1,100,,196696,12,,,1,197,,196697,12,,,1,200,,196698,12,,,1
4801,'20260813',634,,196699,12,,,1,101,,196700,12,,,1,105,,196701,12,,,1,98,,196702,12,,,1,97,,196703,12,,,1,200,,196704,12,,,1,205,,196705,12,,,1,100,,196706,12,,,1,104,,196707,12,,,1,105,,196708,12,,,1,93,,196709,12,,,1,92,,196710,12,,,1,100,,196711,12,,,1,100,,196712,12,,,1,197,,196713,12,,,1,200,,196714,12,,,1
4801,'20260814',634,,196715,12,,,1,101,,196716,12,,,1,105,,196717,12,,,1,98,,196718,12,,,1,97,,196719,12,,,1,200,,196720,12,,,1,205,,196721,12,,,1,100,,196722,12,,,1,104,,196723,12,,,1,105,,196724,12,,,1,93,,196725,12,,,1,92,,196726,12,,,1,100,,196727,12,,,1,100,,196728,12,,,1,197,,196729,12,,,1,200,,196730,12,,,1
4801,'20260817',634,,196731,12,,,1,101,,196732,12,,,1,105,,196733,12,,,1,98,,196734,12,,,1,97,,196735,12,,,1,200,,196736,12,,,1,205,,196737,12,,,1,100,,196738,12,,,1,104,,196739,12,,,1,105,,196740,12,,,1,93,,196741,12,,,1,92,,196742,12,,,1,100,,196743,12,,,1,100,,196744,12,,,1,197,,196745,12,,,1,200,,196746,12,,,1
4801,'20260818',634,,196747,12,,,1,101,,196748,12,,,1,105,,196749,12,,,1,98,,196750,12,,,1,97,,196751,12,,,1,200,,196752,12,,,1,205,,196753,12,,,1,100,,196754,12,,,1,104,,196755,12,,,1,105,,196756,12,,,1,93,,196757,12,,,1,92,,196758,12,,,1,100,,196759,12,,,1,100,,196760,12,,,1,197,,196761,12,,,1,200,,196762,12,,,1
4801,'20260819',634,,196763,12,,,1,101,,196764,12,,,1,105,,196765,12,,,1,98,,196766,12,,,1,97,,196767,12,,,1,200,,196768,12,,,1,205,,196769,12,,,1,100,,196770,12,,,1,104,,196771,12,,,1,105,,196772,12,,,1,93,,196773,12,,,1,92,,196774,12,,,1,100,,196775,12,,,1,100,,196776,12,,,1,197,,196777,12,,,1,200,,196778,12,,,1
4801,'20260820',634,,196779,12,,,1,101,,196780,12,,,1,105,,196781,12,,,1,98,,196782,12,,,1,97,,196783,12,,,1,200,,196784,12,,,1,205,,196785,12,,,1,100,,196786,12,,,1,104,,196787,12,,,1,105,,196788,12,,,1,93,,196789,12,,,1,92,,196790,12,,,1,100,,196791,12,,,1,100,,196792,12,,,1,197,,196793,12,,,1,200,,196794,12,,,1
4801,'20260821',634,,196795,12,,,1,101,,196796,12,,,1,105,,196797,12,,,1,98,,196798,12,,,1,97,,196799,12,,,1,200,,196800,12,,,1,205,,196801,12,,,1,100,,196802,12,,,1,104,,196803,12,,,1,105,,196804,12,,,1,93,,196805,12,,,1,92,,196806,12,,,1,100,,196807,12,,,1,100,,196808,12,,,1,197,,196809,12,,,1,200,,196810,12,,,1
4801,'20260824',634,,196811,12,,,1,101,,196812,12,,,1,105,,196813,12,,,1,98,,196814,12,,,1,97,,196815,12,,,1,200,,196816,12,,,1,205,,196817,12,,,1,100,,196818,12,,,1,104,,196819,12,,,1,105,,196820,12,,,1,93,,196821,12,,,1,92,,196822,12,,,1,100,,196823,12,,,1,100,,196824,12,,,1,197,,196825,12,,,1,200,,196826,12,,,1
4801,'20260825',634,,196827,12,,,1,101,,196828,12,,,1,105,,196829,12,,,1,98,,196830,12,,,1,97,,196831,12,,,1,200,,196832,12,,,1,205,,196833,12,,,1,100,,196834,12,,,1,104,,196835,12,,,1,105,,196836,12,,,1,93,,196837,12,,,1,92,,196838,12,,,1,100,,196839,12,,,1,100,,196840,12,,,1,197,,196841,12,,,1,200,,196842,12,,,1
4801,'20260826',634,,196843,12,,,1,101,,196844,12,,,1,105,,196845,12,,,1,98,,196846,12,,,1,97,,196847,12,,,1,200,,196848,12,,,1,205,,196849,12,,,1,100,,196850,12,,,1,104,,196851,12,,,1,105,,196852,12,,,1,93,,196853,12,,,1,92,,196854,12,,,1,100,,196855,12,,,1,100,,196856,12,,,1,197,,196857,12,,,1,200,,196858,12,,,1
4801,'20260827',634,,196859,12,,,1,101,,196860,12,,,1,105,,196861,12,,,1,98,,196862,12,,,1,97,,196863,12,,,1,200,,196864,12,,,1,205,,196865,12,,,1,100,,196866,12,,,1,104,,196867,12,,,1,105,,196868,12,,,1,93,,196869,12,,,1,92,,196870,12,,,1,100,,196871,12,,,1,100,,196872,12,,,1,197,,196873,12,,,1,200,,196874,12,,,1
4801,'20260828',634,,196875,12,,,1,101,,196876,12,,,1,105,,196877,12,,,1,98,,196878,12,,,1,97,,196879,12,,,1,200,,196880,12,,,1,205,,196881,12,,,1,100,,196882,12,,,1,104,,196883,12,,,1,105,,196884,12,,,1,93,,196885,12,,,1,92,,196886,12,,,1,100,,196887,12,,,1,100,,196888,12,,,1,197,,196889,12,,,1,200,,196890,12,,,1
4801,'20260831',634,,196891,12,,,1,101,,196892,12,,,1,105,,196893,12,,,1,98,,196894,12,,,1,97,,196895,12,,,1,200,,196896,12,,,1,205,,196897,12,,,1,100,,196898,12,,,1,104,,196899,12,,,1,105,,196900,12,,,1,93,,196901,12,,,1,92,,196902,12,,,1,100,,196903,12,,,1,100,,196904,12,,,1,197,,196905,12,,,1,200,,196906,12,,,1
4801,'20260901',634,,196907,12,,,1,101,,196908,12,,,1,105,,196909,12,,,1,98,,196910,12,,,1,97,,196911,12,,,1,200,,196912,12,,,1,205,,196913,12,,,1,100,,196914,12,,,1,104,,196915,12,,,1,105,,196916,12,,,1,93,,196917,12,,,1,92,,196918,12,,,1,100,,196919,12,,,1,100,,196920,12,,,1,197,,196921,12,,,1,200,,196922,12,,,1
4801,'20260902',634,,196923,12,,,1,101,,196924,12,,,1,105,,196925,12,,,1,98,,196926,12,,,1,97,,196927,12,,,1,200,,196928,12,,,1,205,,196929,12,,,1,100,,196930,12,,,1,104,,196931,12,,,1,105,,196932,12,,,1,93,,196933,12,,,1,92,,196934,12,,,1,100,,196935,12,,,1,100,,196936,12,,,1,197,,196937,12,,,1,200,,196938,12,,,1
4801,'20260903',634,,196939,12,,,1,101,,196940,12,,,1,105,,196941,12,,,1,98,,196942,12,,,1,97,,196943,12,,,1,200,,196944,12,,,1,205,,196945,12,,,1,100,,196946,12,,,1,104,,196947,12,,,1,105,,196948,12,,,1,93,,196949,12,,,1,92,,196950,12,,,1,100,,196951,12,,,1,100,,196952,12,,,1,197,,196953,12,,,1,200,,196954,12,,,1
4801,'20260904',634,,196955,12,,,1,101,,196956,12,,,1,105,,196957,12,,,1,98,,196958,12,,,1,97,,196959,12,,,1,200,,196960,12,,,1,205,,196961,12,,,1,100,,196962,12,,,1,104,,196963,12,,,1,105,,196964,12,,,1,93,,196965,12,,,1,92,,196966,12,,,1,100,,196967,12,,,1,100,,196968,12,,,1,197,,196969,12,,,1,200,,196970,12,,,1
