1800,'20260305',430,,17618,0,53 29 30,1,1795,,17623,0,16 29 30,1,100,,17624,0,16 29 30,1
1800,'20260306',430,,17625,0,53 29 30,1
1800,'20260307',445,,17630,0,5 29 30,1,80,,17631,0,68 29 30,1,28,,17632,0,68 29 30,1,65,,17633,0,68 29 30,1,30,,17634,0,7 29 30,1
1800,'20260308',445,,17642,0,5 29 30,1,80,,17643,0,68 29 30,1,28,,17644,0,68 29 30,1,65,,17645,0,68 29 30,1,30,,17646,0,7 29 30,1,1665,,17654,0,16 29 30,1
1800,'20260309',430,,17655,0,53 29 30,1,1795,,17660,0,16 29 30,1,100,,17661,0,16 29 30,1
1800,'20260310',430,,17662,0,53 29 30,1,1795,,17667,0,16 29 30,1,100,,17668,0,16 29 30,1
1800,'20260311',430,,17669,0,53 29 30,1,1795,,17674,0,16 29 30,1,100,,17675,0,16 29 30,1
1800,'20260312',430,,17676,0,53 29 30,1,1795,,17681,0,16 29 30,1,100,,17682,0,16 29 30,1
1800,'20260313',430,,17683,0,53 29 30,1
1800,'20260314',445,,17688,0,5 29 30,1,80,,17689,0,68 29 30,1,28,,17690,0,68 29 30,1,65,,17691,0,68 29 30,1,30,,17692,0,7 29 30,1
1800,'20260315',445,,17700,0,5 29 30,1,80,,17701,0,68 29 30,1,28,,17702,0,68 29 30,1,65,,17703,0,68 29 30,1,30,,17704,0,7 29 30,1,1665,,17712,0,16 29 30,1
1800,'20260316',430,,17713,0,53 29 30,1,1795,,17718,0,16 29 30,1,100,,17719,0,16 29 30,1
1800,'20260317',430,,17720,0,53 29 30,1,1795,,17725,0,16 29 30,1,100,,17726,0,16 29 30,1
1800,'20260318',430,,17727,0,53 29 30,1,1795,,17732,0,16 29 30,1,100,,17733,0,16 29 30,1
1800,'20260319',430,,17734,0,53 29 30,1,1795,,17739,0,16 29 30,1,100,,17740,0,16 29 30,1
1800,'20260320',430,,17741,0,53 29 30,1,1910,,138242,0,16 29 30,1
1800,'20260321',445,,17746,0,5 29 30,1,80,,17747,0,68 29 30,1,28,,17748,0,68 29 30,1,65,,17749,0,68 29 30,1,30,,17750,0,7 29 30,1
1800,'20260322',445,,17758,0,5 29 30,1,80,,17759,0,68 29 30,1,28,,17760,0,68 29 30,1,65,,17761,0,68 29 30,1,30,,17762,0,7 29 30,1,1665,,17770,0,16 29 30,1
1800,'20260323',430,,17771,0,53 29 30,1,1795,,17776,0,16 29 30,1,100,,17777,0,16 29 30,1
1800,'20260324',430,,17778,0,53 29 30,1,1795,,17783,0,16 29 30,1,100,,17784,0,16 29 30,1
1800,'20260325',430,,17785,0,53 29 30,1,1795,,17790,0,16 29 30,1,100,,17791,0,16 29 30,1
1800,'20260326',430,,17792,0,53 29 30,1,1795,,17797,0,16 29 30,1,100,,17798,0,16 29 30,1
1800,'20260327',430,,17799,0,53 29 30,1
1800,'20260328',445,,17804,0,5 29 30,1,80,,17805,0,68 29 30,1,28,,17806,0,68 29 30,1,65,,17807,0,68 29 30,1,30,,17808,0,7 29 30,1
1800,'20260329',445,,17816,0,5 29 30,1,80,,17817,0,68 29 30,1,28,,17818,0,68 29 30,1,65,,17819,0,68 29 30,1,30,,17820,0,7 29 30,1,1665,,17828,0,16 29 30,1
1800,'20260330',430,,17829,0,53 29 30,1,1795,,17834,0,16 29 30,1,100,,17835,0,16 29 30,1
1800,'20260331',430,,17836,0,53 29 30,1,1795,,17841,0,16 29 30,1,100,,17842,0,16 29 30,1
1800,'20260401',430,,17843,0,53 29 30,1,1795,,17848,0,16 29 30,1,100,,17849,0,16 29 30,1
1800,'20260402',430,,17850,0,53 29 30,1,1795,,17855,0,16 29 30,1,100,,17856,0,16 29 30,1
1800,'20260403',445,,17857,0,5 29 30,1,80,,17858,0,68 29 30,1,28,,17859,0,68 29 30,1,65,,17860,0,68 29 30,1,30,,17861,0,7 29 30,1
1800,'20260404',445,,17869,0,5 29 30,1,80,,17870,0,68 29 30,1,28,,17871,0,68 29 30,1,65,,17872,0,68 29 30,1,30,,17873,0,7 29 30,1
1800,'20260405',445,,17881,0,5 29 30,1,80,,17882,0,68 29 30,1,28,,17883,0,68 29 30,1,65,,17884,0,68 29 30,1,30,,17885,0,7 29 30,1,1665,,17893,0,16 29 30,1
1800,'20260406',430,,17894,0,53 29 30,1,1795,,17899,0,16 29 30,1,100,,17900,0,16 29 30,1
1800,'20260407',430,,17901,0,53 29 30,1,1795,,17906,0,16 29 30,1,100,,17907,0,16 29 30,1
1800,'20260408',430,,17908,0,53 29 30,1,1795,,17913,0,16 29 30,1,100,,17914,0,16 29 30,1
1800,'20260409',430,,17915,0,53 29 30,1,1795,,17920,0,16 29 30,1,100,,17921,0,16 29 30,1
1800,'20260410',430,,17922,0,53 29 30,1
1800,'20260411',445,,17927,0,5 29 30,1,80,,17928,0,68 29 30,1,28,,17929,0,68 29 30,1,65,,17930,0,68 29 30,1,30,,17931,0,7 29 30,1
1800,'20260412',445,,17939,0,5 29 30,1,80,,17940,0,68 29 30,1,28,,17941,0,68 29 30,1,65,,17942,0,68 29 30,1,30,,17943,0,7 29 30,1,1665,,17951,0,16 29 30,1
1800,'20260413',430,,17952,0,53 29 30,1,1795,,17957,0,16 29 30,1,100,,17958,0,16 29 30,1
1800,'20260414',430,,17959,0,53 29 30,1,1795,,17964,0,16 29 30,1,100,,17965,0,16 29 30,1
1800,'20260415',430,,17966,0,53 29 30,1,1795,,17971,0,16 29 30,1,100,,17972,0,16 29 30,1
1800,'20260416',430,,17973,0,53 29 30,1,1795,,17978,0,16 29 30,1,100,,17979,0,16 29 30,1
1800,'20260417',430,,17980,0,53 29 30,1
1800,'20260418',445,,17985,0,5 29 30,1,80,,17986,0,68 29 30,1,28,,17987,0,68 29 30,1,65,,17988,0,68 29 30,1,30,,17989,0,7 29 30,1
1800,'20260419',445,,17997,0,5 29 30,1,80,,17998,0,68 29 30,1,28,,17999,0,68 29 30,1,65,,18000,0,68 29 30,1,30,,18001,0,7 29 30,1,1665,,18009,0,16 29 30,1
1800,'20260420',430,,18010,0,53 29 30,1,1795,,18015,0,16 29 30,1,100,,18016,0,16 29 30,1
1800,'20260421',430,,18017,0,53 29 30,1,1795,,18022,0,16 29 30,1,100,,18023,0,16 29 30,1
1800,'20260422',430,,18024,0,53 29 30,1,1795,,18029,0,16 29 30,1,100,,18030,0,16 29 30,1
1800,'20260423',430,,18031,0,53 29 30,1,1795,,18036,0,16 29 30,1,100,,18037,0,16 29 30,1
1800,'20260424',430,,18038,0,53 29 30,1
