7000,'20260716',1133,,205875,18,0,34 35,1,200,,205876,18,0,34 35,1,202,,205877,18,0,34 35,1,222,,205878,3,0,5 35,1,191,,205879,18,0,34 35,1,82,,205880,18,0,34 35,1,100,,205881,18,0,34 35,1,204,,205882,18,0,34 35,1
7000,'20260717',1133,,205883,18,0,34 35,1,200,,205884,18,0,34 35,1,202,,205885,18,0,34 35,1,222,,205886,3,0,5 35,1,191,,205887,18,0,34 35,1,82,,205888,18,0,34 35,1,100,,205889,18,0,34 35,1,204,,205890,18,0,34 35,1
7000,'20260718',1032,,205891,18,0,34 35,1,200,,205892,18,0,34 35,1,200,,205893,18,0,34 35,1,200,,205894,18,0,34 35,1,200,,205895,18,0,34 35,1,200,,205896,18,0,34 35,1,194,,205897,3,0,5 35,1,202,,205898,3,0,5 35,1
7000,'20260719',1032,,205899,18,0,34 35,1,200,,205900,18,0,34 35,1,200,,205901,18,0,34 35,1,200,,205902,18,0,34 35,1,200,,205903,18,0,34 35,1,200,,205904,18,0,34 35,1,194,,205905,3,0,5 35,1,202,,205906,3,0,5 35,1
7000,'20260720',1133,,205907,18,0,34 35,1,200,,205908,18,0,34 35,1,202,,205909,18,0,34 35,1,222,,205910,3,0,5 35,1,191,,205911,18,0,34 35,1,82,,205912,18,0,34 35,1,100,,205913,18,0,34 35,1,204,,205914,18,0,34 35,1
7000,'20260721',1133,,205915,18,0,34 35,1,200,,205916,18,0,34 35,1,202,,205917,18,0,34 35,1,222,,205918,3,0,5 35,1,191,,205919,18,0,34 35,1,82,,205920,18,0,34 35,1,100,,205921,18,0,34 35,1,204,,205922,18,0,34 35,1
7000,'20260722',1133,,205923,18,0,34 35,1,200,,205924,18,0,34 35,1,202,,205925,18,0,34 35,1,222,,205926,3,0,5 35,1,191,,205927,18,0,34 35,1,82,,205928,18,0,34 35,1,100,,205929,18,0,34 35,1,204,,205930,18,0,34 35,1
7000,'20260723',1133,,205931,18,0,34 35,1,200,,205932,18,0,34 35,1,202,,205933,18,0,34 35,1,222,,205934,3,0,5 35,1,191,,205935,18,0,34 35,1,82,,205936,18,0,34 35,1,100,,205937,18,0,34 35,1,204,,205938,18,0,34 35,1
7000,'20260724',1133,,205939,18,0,34 35,1,200,,205940,18,0,34 35,1,202,,205941,18,0,34 35,1,222,,205942,3,0,5 35,1,191,,205943,18,0,34 35,1,82,,205944,18,0,34 35,1,100,,205945,18,0,34 35,1,204,,205946,18,0,34 35,1
7000,'20260725',1032,,205947,18,0,34 35,1,200,,205948,18,0,34 35,1,200,,205949,18,0,34 35,1,200,,205950,18,0,34 35,1,200,,205951,18,0,34 35,1,200,,205952,18,0,34 35,1,194,,205953,3,0,5 35,1,202,,205954,3,0,5 35,1
7000,'20260726',1032,,205955,18,0,34 35,1,200,,205956,18,0,34 35,1,200,,205957,18,0,34 35,1,200,,205958,18,0,34 35,1,200,,205959,18,0,34 35,1,200,,205960,18,0,34 35,1,194,,205961,3,0,5 35,1,202,,205962,3,0,5 35,1
7000,'20260727',1133,,205963,18,0,34 35,1,200,,205964,18,0,34 35,1,202,,205965,18,0,34 35,1,222,,205966,3,0,5 35,1,191,,205967,18,0,34 35,1,82,,205968,18,0,34 35,1,100,,205969,18,0,34 35,1,204,,205970,18,0,34 35,1
7000,'20260728',1133,,205971,18,0,34 35,1,200,,205972,18,0,34 35,1,202,,205973,18,0,34 35,1,222,,205974,3,0,5 35,1,191,,205975,18,0,34 35,1,82,,205976,18,0,34 35,1,100,,205977,18,0,34 35,1,204,,205978,18,0,34 35,1
7000,'20260729',1133,,205979,18,0,34 35,1,200,,205980,18,0,34 35,1,202,,205981,18,0,34 35,1,222,,205982,3,0,5 35,1,191,,205983,18,0,34 35,1,82,,205984,18,0,34 35,1,100,,205985,18,0,34 35,1,204,,205986,18,0,34 35,1
7000,'20260730',1133,,205987,18,0,34 35,1,200,,205988,18,0,34 35,1,202,,205989,18,0,34 35,1,222,,205990,3,0,5 35,1,191,,205991,18,0,34 35,1,82,,205992,18,0,34 35,1,100,,205993,18,0,34 35,1,204,,205994,18,0,34 35,1
7000,'20260731',1133,,205995,18,0,34 35,1,200,,205996,18,0,34 35,1,202,,205997,18,0,34 35,1,222,,205998,3,0,5 35,1,191,,205999,18,0,34 35,1,82,,206000,18,0,34 35,1,100,,206001,18,0,34 35,1,204,,206002,18,0,34 35,1
7000,'20260801',1032,,206003,18,0,34 35,1,200,,206004,18,0,34 35,1,200,,206005,18,0,34 35,1,200,,206006,18,0,34 35,1,200,,206007,18,0,34 35,1,200,,206008,18,0,34 35,1,194,,206009,3,0,5 35,1,202,,206010,3,0,5 35,1
7000,'20260802',1032,,206011,18,0,34 35,1,200,,206012,18,0,34 35,1,200,,206013,18,0,34 35,1,200,,206014,18,0,34 35,1,200,,206015,18,0,34 35,1,200,,206016,18,0,34 35,1,194,,206017,3,0,5 35,1,202,,206018,3,0,5 35,1
7000,'20260803',1032,,206019,18,0,34 35,1,200,,206020,18,0,34 35,1,200,,206021,18,0,34 35,1,200,,206022,18,0,34 35,1,200,,206023,18,0,34 35,1,200,,206024,18,0,34 35,1,194,,206025,3,0,5 35,1,202,,206026,3,0,5 35,1
7000,'20260804',1133,,206027,18,0,34 35,1,200,,206028,18,0,34 35,1,202,,206029,18,0,34 35,1,222,,206030,3,0,5 35,1,191,,206031,18,0,34 35,1,82,,206032,18,0,34 35,1,100,,206033,18,0,34 35,1,204,,206034,18,0,34 35,1
7000,'20260805',1133,,206035,18,0,34 35,1,200,,206036,18,0,34 35,1,202,,206037,18,0,34 35,1,222,,206038,3,0,5 35,1,191,,206039,18,0,34 35,1,82,,206040,18,0,34 35,1,100,,206041,18,0,34 35,1,204,,206042,18,0,34 35,1
7000,'20260806',1133,,206043,18,0,34 35,1,200,,206044,18,0,34 35,1,202,,206045,18,0,34 35,1,222,,206046,3,0,5 35,1,191,,206047,18,0,34 35,1,82,,206048,18,0,34 35,1,100,,206049,18,0,34 35,1,204,,206050,18,0,34 35,1
7000,'20260807',1133,,206051,18,0,34 35,1,200,,206052,18,0,34 35,1,202,,206053,18,0,34 35,1,222,,206054,3,0,5 35,1,191,,206055,18,0,34 35,1,82,,206056,18,0,34 35,1,100,,206057,18,0,34 35,1,204,,206058,18,0,34 35,1
7000,'20260808',1032,,206059,18,0,34 35,1,200,,206060,18,0,34 35,1,200,,206061,18,0,34 35,1,200,,206062,18,0,34 35,1,200,,206063,18,0,34 35,1,200,,206064,18,0,34 35,1,194,,206065,3,0,5 35,1,202,,206066,3,0,5 35,1
7000,'20260809',1032,,206067,18,0,34 35,1,200,,206068,18,0,34 35,1,200,,206069,18,0,34 35,1,200,,206070,18,0,34 35,1,200,,206071,18,0,34 35,1,200,,206072,18,0,34 35,1,194,,206073,3,0,5 35,1,202,,206074,3,0,5 35,1
7000,'20260810',1133,,206075,18,0,34 35,1,200,,206076,18,0,34 35,1,202,,206077,18,0,34 35,1,222,,206078,3,0,5 35,1,191,,206079,18,0,34 35,1,82,,206080,18,0,34 35,1,100,,206081,18,0,34 35,1,204,,206082,18,0,34 35,1
7000,'20260811',1133,,206083,18,0,34 35,1,200,,206084,18,0,34 35,1,202,,206085,18,0,34 35,1,222,,206086,3,0,5 35,1,191,,206087,18,0,34 35,1,82,,206088,18,0,34 35,1,100,,206089,18,0,34 35,1,204,,206090,18,0,34 35,1
7000,'20260812',1133,,206091,18,0,34 35,1,200,,206092,18,0,34 35,1,202,,206093,18,0,34 35,1,222,,206094,3,0,5 35,1,191,,206095,18,0,34 35,1,82,,206096,18,0,34 35,1,100,,206097,18,0,34 35,1,204,,206098,18,0,34 35,1
7000,'20260813',1133,,206099,18,0,34 35,1,200,,206100,18,0,34 35,1,202,,206101,18,0,34 35,1,222,,206102,3,0,5 35,1,191,,206103,18,0,34 35,1,82,,206104,18,0,34 35,1,100,,206105,18,0,34 35,1,204,,206106,18,0,34 35,1
7000,'20260814',1133,,206107,18,0,34 35,1,200,,206108,18,0,34 35,1,202,,206109,18,0,34 35,1,222,,206110,3,0,5 35,1,191,,206111,18,0,34 35,1,82,,206112,18,0,34 35,1,100,,206113,18,0,34 35,1,204,,206114,18,0,34 35,1
7000,'20260815',1032,,206115,18,0,34 35,1,200,,206116,18,0,34 35,1,200,,206117,18,0,34 35,1,200,,206118,18,0,34 35,1,200,,206119,18,0,34 35,1,200,,206120,18,0,34 35,1,194,,206121,3,0,5 35,1,202,,206122,3,0,5 35,1
7000,'20260816',1032,,206123,18,0,34 35,1,200,,206124,18,0,34 35,1,200,,206125,18,0,34 35,1,200,,206126,18,0,34 35,1,200,,206127,18,0,34 35,1,200,,206128,18,0,34 35,1,194,,206129,3,0,5 35,1,202,,206130,3,0,5 35,1
7000,'20260817',1133,,206131,18,0,34 35,1,200,,206132,18,0,34 35,1,202,,206133,18,0,34 35,1,222,,206134,3,0,5 35,1,191,,206135,18,0,34 35,1,82,,206136,18,0,34 35,1,100,,206137,18,0,34 35,1,204,,206138,18,0,34 35,1
7000,'20260818',1133,,206139,18,0,34 35,1,200,,206140,18,0,34 35,1,202,,206141,18,0,34 35,1,222,,206142,3,0,5 35,1,191,,206143,18,0,34 35,1,82,,206144,18,0,34 35,1,100,,206145,18,0,34 35,1,204,,206146,18,0,34 35,1
7000,'20260819',1133,,206147,18,0,34 35,1,200,,206148,18,0,34 35,1,202,,206149,18,0,34 35,1,222,,206150,3,0,5 35,1,191,,206151,18,0,34 35,1,82,,206152,18,0,34 35,1,100,,206153,18,0,34 35,1,204,,206154,18,0,34 35,1
7000,'20260820',1133,,206155,18,0,34 35,1,200,,206156,18,0,34 35,1,202,,206157,18,0,34 35,1,222,,206158,3,0,5 35,1,191,,206159,18,0,34 35,1,82,,206160,18,0,34 35,1,100,,206161,18,0,34 35,1,204,,206162,18,0,34 35,1
7000,'20260821',1133,,206163,18,0,34 35,1,200,,206164,18,0,34 35,1,202,,206165,18,0,34 35,1,222,,206166,3,0,5 35,1,191,,206167,18,0,34 35,1,82,,206168,18,0,34 35,1,100,,206169,18,0,34 35,1,204,,206170,18,0,34 35,1
7000,'20260822',1032,,206171,18,0,34 35,1,200,,206172,18,0,34 35,1,200,,206173,18,0,34 35,1,200,,206174,18,0,34 35,1,200,,206175,18,0,34 35,1,200,,206176,18,0,34 35,1,194,,206177,3,0,5 35,1,202,,206178,3,0,5 35,1
7000,'20260823',1032,,206179,18,0,34 35,1,200,,206180,18,0,34 35,1,200,,206181,18,0,34 35,1,200,,206182,18,0,34 35,1,200,,206183,18,0,34 35,1,200,,206184,18,0,34 35,1,194,,206185,3,0,5 35,1,202,,206186,3,0,5 35,1
7000,'20260824',1133,,206187,18,0,34 35,1,200,,206188,18,0,34 35,1,202,,206189,18,0,34 35,1,222,,206190,3,0,5 35,1,191,,206191,18,0,34 35,1,82,,206192,18,0,34 35,1,100,,206193,18,0,34 35,1,204,,206194,18,0,34 35,1
7000,'20260825',1133,,206195,18,0,34 35,1,200,,206196,18,0,34 35,1,202,,206197,18,0,34 35,1,222,,206198,3,0,5 35,1,191,,206199,18,0,34 35,1,82,,206200,18,0,34 35,1,100,,206201,18,0,34 35,1,204,,206202,18,0,34 35,1
7000,'20260826',1133,,206203,18,0,34 35,1,200,,206204,18,0,34 35,1,202,,206205,18,0,34 35,1,222,,206206,3,0,5 35,1,191,,206207,18,0,34 35,1,82,,206208,18,0,34 35,1,100,,206209,18,0,34 35,1,204,,206210,18,0,34 35,1
7000,'20260827',1133,,206211,18,0,34 35,1,200,,206212,18,0,34 35,1,202,,206213,18,0,34 35,1,222,,206214,3,0,5 35,1,191,,206215,18,0,34 35,1,82,,206216,18,0,34 35,1,100,,206217,18,0,34 35,1,204,,206218,18,0,34 35,1
7000,'20260828',1133,,206219,18,0,34 35,1,200,,206220,18,0,34 35,1,202,,206221,18,0,34 35,1,222,,206222,3,0,5 35,1,191,,206223,18,0,34 35,1,82,,206224,18,0,34 35,1,100,,206225,18,0,34 35,1,204,,206226,18,0,34 35,1
7000,'20260829',1032,,206227,18,0,34 35,1,200,,206228,18,0,34 35,1,200,,206229,18,0,34 35,1,200,,206230,18,0,34 35,1,200,,206231,18,0,34 35,1,200,,206232,18,0,34 35,1,194,,206233,3,0,5 35,1,202,,206234,3,0,5 35,1
7000,'20260830',1032,,206235,18,0,34 35,1,200,,206236,18,0,34 35,1,200,,206237,18,0,34 35,1,200,,206238,18,0,34 35,1,200,,206239,18,0,34 35,1,200,,206240,18,0,34 35,1,194,,206241,3,0,5 35,1,202,,206242,3,0,5 35,1
7000,'20260831',1133,,206243,18,0,34 35,1,200,,206244,18,0,34 35,1,202,,206245,18,0,34 35,1,222,,206246,3,0,5 35,1,191,,206247,18,0,34 35,1,82,,206248,18,0,34 35,1,100,,206249,18,0,34 35,1,204,,206250,18,0,34 35,1
7000,'20260901',1133,,206251,18,0,34 35,1,200,,206252,18,0,34 35,1,202,,206253,18,0,34 35,1,222,,206254,3,0,5 35,1,191,,206255,18,0,34 35,1,82,,206256,18,0,34 35,1,100,,206257,18,0,34 35,1,204,,206258,18,0,34 35,1
7000,'20260902',1133,,206259,18,0,34 35,1,200,,206260,18,0,34 35,1,202,,206261,18,0,34 35,1,222,,206262,3,0,5 35,1,191,,206263,18,0,34 35,1,82,,206264,18,0,34 35,1,100,,206265,18,0,34 35,1,204,,206266,18,0,34 35,1
7000,'20260903',1133,,206267,18,0,34 35,1,200,,206268,18,0,34 35,1,202,,206269,18,0,34 35,1,222,,206270,3,0,5 35,1,191,,206271,18,0,34 35,1,82,,206272,18,0,34 35,1,100,,206273,18,0,34 35,1,204,,206274,18,0,34 35,1
7000,'20260904',1133,,206275,18,0,34 35,1,200,,206276,18,0,34 35,1,202,,206277,18,0,34 35,1,222,,206278,3,0,5 35,1,191,,206279,18,0,34 35,1,82,,206280,18,0,34 35,1,100,,206281,18,0,34 35,1,204,,206282,18,0,34 35,1
7100,'20260716',804,,207061,31,,,1,119,,207062,31,,,1
7100,'20260717',804,,207065,31,,,1,119,,207066,31,,,1
7100,'20260718',859,,207069,31,,,1
7100,'20260719',859,,207073,31,,,1
7100,'20260720',804,,207077,31,,,1,119,,207078,31,,,1
7100,'20260721',804,,207081,31,,,1,119,,207082,31,,,1
7100,'20260722',804,,207085,31,,,1,119,,207086,31,,,1
7100,'20260723',804,,207089,31,,,1,119,,207090,31,,,1
7100,'20260724',804,,207093,31,,,1,119,,207094,31,,,1
7100,'20260725',859,,207097,31,,,1
7100,'20260726',859,,207101,31,,,1
7100,'20260727',804,,207105,31,,,1,119,,207106,31,,,1
7100,'20260728',804,,207109,31,,,1,119,,207110,31,,,1
7100,'20260729',804,,207113,31,,,1,119,,207114,31,,,1
7100,'20260730',804,,207117,31,,,1,119,,207118,31,,,1
7100,'20260731',804,,207121,31,,,1,119,,207122,31,,,1
7100,'20260801',859,,207125,31,,,1
7100,'20260802',859,,207129,31,,,1
7100,'20260803',859,,207133,31,,,1
7100,'20260804',804,,207137,31,,,1,119,,207138,31,,,1
7100,'20260805',804,,207141,31,,,1,119,,207142,31,,,1
7100,'20260806',804,,207145,31,,,1,119,,207146,31,,,1
7100,'20260807',804,,207149,31,,,1,119,,207150,31,,,1
7100,'20260808',859,,207153,31,,,1
7100,'20260809',859,,207157,31,,,1
7100,'20260810',804,,207161,31,,,1,119,,207162,31,,,1
7100,'20260811',804,,207165,31,,,1,119,,207166,31,,,1
7100,'20260812',804,,207169,31,,,1,119,,207170,31,,,1
7100,'20260813',804,,207173,31,,,1,119,,207174,31,,,1
7100,'20260814',804,,207177,31,,,1,119,,207178,31,,,1
7100,'20260815',859,,207181,31,,,1
7100,'20260816',859,,207185,31,,,1
7100,'20260817',804,,207189,31,,,1,119,,207190,31,,,1
7100,'20260818',804,,207193,31,,,1,119,,207194,31,,,1
7100,'20260819',804,,207197,31,,,1,119,,207198,31,,,1
7100,'20260820',804,,207201,31,,,1,119,,207202,31,,,1
7100,'20260821',804,,207205,31,,,1,119,,207206,31,,,1
7100,'20260822',859,,207209,31,,,1
7100,'20260823',859,,207213,31,,,1
7100,'20260824',804,,207217,31,,,1,119,,207218,31,,,1
7100,'20260825',804,,207221,31,,,1,119,,207222,31,,,1
7100,'20260826',804,,207225,31,,,1,119,,207226,31,,,1
7100,'20260827',804,,207229,31,,,1,119,,207230,31,,,1
7100,'20260828',804,,207233,31,,,1,119,,207234,31,,,1
7100,'20260829',859,,207237,31,,,1
7100,'20260830',859,,207241,31,,,1
7100,'20260831',804,,207245,31,,,1,119,,207246,31,,,1
7100,'20260901',804,,207249,31,,,1,119,,207250,31,,,1
7100,'20260902',804,,207253,31,,,1,119,,207254,31,,,1
7100,'20260903',804,,207257,31,,,1,119,,207258,31,,,1
7100,'20260904',804,,207261,31,,,1,119,,207262,31,,,1
