3200,'20260310',604,,25969,5,,,1,15,,25970,5,,,1,15,,25971,5,,,1,10,,25972,5,,,1,10,,25973,5,,,1,48,,25974,5,,,1,12,,25975,5,,,1,5,,25976,7,0,5 6,1,5,,25977,5,,,1,10,,25978,5,,,1,5,,25979,7,0,5 6,1,5,,25980,5,,,1,6,,25981,7,0,5 6,1,51,,25982,5,,,1,5,,25983,7,0,5 6,1,11,,25984,5,,,1,15,,25985,5,,,1,15,,25986,5,,,1,70,,25987,5,,,1,27,,25988,5,,,1,110,,25989,5,,,1,100,,25990,5,,,1,100,,25991,5,,,1,72,,25992,5,,,1,31,,25993,5,,,1,100,,25994,5,,,1
3200,'20260311',604,,25995,5,,,1,15,,25996,5,,,1,15,,25997,5,,,1,10,,25998,5,,,1,10,,25999,5,,,1,48,,26000,5,,,1,12,,26001,5,,,1,5,,26002,7,0,5 6,1,5,,26003,5,,,1,10,,26004,5,,,1,5,,26005,7,0,5 6,1,5,,26006,5,,,1,6,,26007,7,0,5 6,1,51,,26008,5,,,1,5,,26009,7,0,5 6,1,11,,26010,5,,,1,15,,26011,5,,,1,15,,26012,5,,,1,70,,26013,5,,,1,27,,26014,5,,,1,110,,26015,5,,,1,100,,26016,5,,,1,100,,26017,5,,,1,72,,26018,5,,,1,31,,26019,5,,,1,100,,26020,5,,,1
3200,'20260312',604,,26021,5,,,1,15,,26022,5,,,1,15,,26023,5,,,1,10,,26024,5,,,1,10,,26025,5,,,1,48,,26026,5,,,1,12,,26027,5,,,1,5,,26028,7,0,5 6,1,5,,26029,5,,,1,10,,26030,5,,,1,5,,26031,7,0,5 6,1,5,,26032,5,,,1,6,,26033,7,0,5 6,1,51,,26034,5,,,1,5,,26035,7,0,5 6,1,11,,26036,5,,,1,15,,26037,5,,,1,15,,26038,5,,,1,70,,26039,5,,,1,27,,26040,5,,,1,110,,26041,5,,,1,100,,26042,5,,,1,100,,26043,5,,,1,72,,26044,5,,,1,31,,26045,5,,,1,100,,26046,5,,,1
3200,'20260313',604,,26047,5,,,1,15,,26048,5,,,1,15,,26049,5,,,1,10,,26050,5,,,1,10,,26051,5,,,1,48,,26052,5,,,1,12,,26053,5,,,1,5,,26054,7,0,5 6,1,5,,26055,5,,,1,10,,26056,5,,,1,5,,26057,7,0,5 6,1,5,,26058,5,,,1,6,,26059,7,0,5 6,1,51,,26060,5,,,1,5,,26061,7,0,5 6,1,11,,26062,5,,,1,15,,26063,5,,,1,15,,26064,5,,,1,70,,26065,5,,,1,27,,26066,5,,,1,110,,26067,5,,,1,100,,26068,5,,,1,100,,26069,5,,,1,72,,26070,5,,,1,31,,26071,5,,,1,100,,26072,5,,,1
3200,'20260316',604,,26073,5,,,1,15,,26074,5,,,1,15,,26075,5,,,1,10,,26076,5,,,1,10,,26077,5,,,1,48,,26078,5,,,1,12,,26079,5,,,1,5,,26080,7,0,5 6,1,5,,26081,5,,,1,10,,26082,5,,,1,5,,26083,7,0,5 6,1,5,,26084,5,,,1,6,,26085,7,0,5 6,1,51,,26086,5,,,1,5,,26087,7,0,5 6,1,11,,26088,5,,,1,15,,26089,5,,,1,15,,26090,5,,,1,70,,26091,5,,,1,27,,26092,5,,,1,110,,26093,5,,,1,100,,26094,5,,,1,100,,26095,5,,,1,72,,26096,5,,,1,31,,26097,5,,,1,100,,26098,5,,,1
3200,'20260317',604,,26099,5,,,1,15,,26100,5,,,1,15,,26101,5,,,1,10,,26102,5,,,1,10,,26103,5,,,1,48,,26104,5,,,1,12,,26105,5,,,1,5,,26106,7,0,5 6,1,5,,26107,5,,,1,10,,26108,5,,,1,5,,26109,7,0,5 6,1,5,,26110,5,,,1,6,,26111,7,0,5 6,1,51,,26112,5,,,1,5,,26113,7,0,5 6,1,11,,26114,5,,,1,15,,26115,5,,,1,15,,26116,5,,,1,70,,26117,5,,,1,27,,26118,5,,,1,110,,26119,5,,,1,100,,26120,5,,,1,100,,26121,5,,,1,72,,26122,5,,,1,31,,26123,5,,,1,100,,26124,5,,,1
3200,'20260318',604,,26125,5,,,1,15,,26126,5,,,1,15,,26127,5,,,1,10,,26128,5,,,1,10,,26129,5,,,1,48,,26130,5,,,1,12,,26131,5,,,1,5,,26132,7,0,5 6,1,5,,26133,5,,,1,10,,26134,5,,,1,5,,26135,7,0,5 6,1,5,,26136,5,,,1,6,,26137,7,0,5 6,1,51,,26138,5,,,1,5,,26139,7,0,5 6,1,11,,26140,5,,,1,15,,26141,5,,,1,15,,26142,5,,,1,70,,26143,5,,,1,27,,26144,5,,,1,110,,26145,5,,,1,100,,26146,5,,,1,100,,26147,5,,,1,72,,26148,5,,,1,31,,26149,5,,,1,100,,26150,5,,,1
3200,'20260319',604,,26151,5,,,1,15,,26152,5,,,1,15,,26153,5,,,1,10,,26154,5,,,1,10,,26155,5,,,1,48,,26156,5,,,1,12,,26157,5,,,1,5,,26158,7,0,5 6,1,5,,26159,5,,,1,10,,26160,5,,,1,5,,26161,7,0,5 6,1,5,,26162,5,,,1,6,,26163,7,0,5 6,1,51,,26164,5,,,1,5,,26165,7,0,5 6,1,11,,26166,5,,,1,15,,26167,5,,,1,15,,26168,5,,,1,70,,26169,5,,,1,27,,26170,5,,,1,110,,26171,5,,,1,100,,26172,5,,,1,100,,26173,5,,,1,72,,26174,5,,,1,31,,26175,5,,,1,100,,26176,5,,,1
3200,'20260320',604,,26177,5,,,1,15,,26178,5,,,1,15,,26179,5,,,1,10,,26180,5,,,1,10,,26181,5,,,1,48,,26182,5,,,1,12,,26183,5,,,1,5,,26184,7,0,5 6,1,5,,26185,5,,,1,10,,26186,5,,,1,5,,26187,7,0,5 6,1,5,,26188,5,,,1,6,,26189,7,0,5 6,1,51,,26190,5,,,1,5,,26191,7,0,5 6,1,11,,26192,5,,,1,15,,26193,5,,,1,15,,26194,5,,,1,70,,26195,5,,,1,27,,26196,5,,,1,110,,26197,5,,,1,100,,26198,5,,,1,100,,26199,5,,,1,72,,26200,5,,,1,31,,26201,5,,,1,100,,26202,5,,,1
3200,'20260323',604,,26203,5,,,1,15,,26204,5,,,1,15,,26205,5,,,1,10,,26206,5,,,1,10,,26207,5,,,1,48,,26208,5,,,1,12,,26209,5,,,1,5,,26210,7,0,5 6,1,5,,26211,5,,,1,10,,26212,5,,,1,5,,26213,7,0,5 6,1,5,,26214,5,,,1,6,,26215,7,0,5 6,1,51,,26216,5,,,1,5,,26217,7,0,5 6,1,11,,26218,5,,,1,15,,26219,5,,,1,15,,26220,5,,,1,70,,26221,5,,,1,27,,26222,5,,,1,110,,26223,5,,,1,100,,26224,5,,,1,100,,26225,5,,,1,72,,26226,5,,,1,31,,26227,5,,,1,100,,26228,5,,,1
3200,'20260324',604,,26229,5,,,1,15,,26230,5,,,1,15,,26231,5,,,1,10,,26232,5,,,1,10,,26233,5,,,1,48,,26234,5,,,1,12,,26235,5,,,1,5,,26236,7,0,5 6,1,5,,26237,5,,,1,10,,26238,5,,,1,5,,26239,7,0,5 6,1,5,,26240,5,,,1,6,,26241,7,0,5 6,1,51,,26242,5,,,1,5,,26243,7,0,5 6,1,11,,26244,5,,,1,15,,26245,5,,,1,15,,26246,5,,,1,70,,26247,5,,,1,27,,26248,5,,,1,110,,26249,5,,,1,100,,26250,5,,,1,100,,26251,5,,,1,72,,26252,5,,,1,31,,26253,5,,,1,100,,26254,5,,,1
3200,'20260325',604,,26255,5,,,1,15,,26256,5,,,1,15,,26257,5,,,1,10,,26258,5,,,1,10,,26259,5,,,1,48,,26260,5,,,1,12,,26261,5,,,1,5,,26262,7,0,5 6,1,5,,26263,5,,,1,10,,26264,5,,,1,5,,26265,7,0,5 6,1,5,,26266,5,,,1,6,,26267,7,0,5 6,1,51,,26268,5,,,1,5,,26269,7,0,5 6,1,11,,26270,5,,,1,15,,26271,5,,,1,15,,26272,5,,,1,70,,26273,5,,,1,27,,26274,5,,,1,110,,26275,5,,,1,100,,26276,5,,,1,100,,26277,5,,,1,72,,26278,5,,,1,31,,26279,5,,,1,100,,26280,5,,,1
3200,'20260326',604,,26281,5,,,1,15,,26282,5,,,1,15,,26283,5,,,1,10,,26284,5,,,1,10,,26285,5,,,1,48,,26286,5,,,1,12,,26287,5,,,1,5,,26288,7,0,5 6,1,5,,26289,5,,,1,10,,26290,5,,,1,5,,26291,7,0,5 6,1,5,,26292,5,,,1,6,,26293,7,0,5 6,1,51,,26294,5,,,1,5,,26295,7,0,5 6,1,11,,26296,5,,,1,15,,26297,5,,,1,15,,26298,5,,,1,70,,26299,5,,,1,27,,26300,5,,,1,110,,26301,5,,,1,100,,26302,5,,,1,100,,26303,5,,,1,72,,26304,5,,,1,31,,26305,5,,,1,100,,26306,5,,,1
3200,'20260327',604,,26307,5,,,1,15,,26308,5,,,1,15,,26309,5,,,1,10,,26310,5,,,1,10,,26311,5,,,1,48,,26312,5,,,1,12,,26313,5,,,1,5,,26314,7,0,5 6,1,5,,26315,5,,,1,10,,26316,5,,,1,5,,26317,7,0,5 6,1,5,,26318,5,,,1,6,,26319,7,0,5 6,1,51,,26320,5,,,1,5,,26321,7,0,5 6,1,11,,26322,5,,,1,15,,26323,5,,,1,15,,26324,5,,,1,70,,26325,5,,,1,27,,26326,5,,,1,110,,26327,5,,,1,100,,26328,5,,,1,100,,26329,5,,,1,72,,26330,5,,,1,31,,26331,5,,,1,100,,26332,5,,,1
3200,'20260330',604,,26333,5,,,1,15,,26334,5,,,1,15,,26335,5,,,1,10,,26336,5,,,1,10,,26337,5,,,1,48,,26338,5,,,1,12,,26339,5,,,1,5,,26340,7,0,5 6,1,5,,26341,5,,,1,10,,26342,5,,,1,5,,26343,7,0,5 6,1,5,,26344,5,,,1,6,,26345,7,0,5 6,1,51,,26346,5,,,1,5,,26347,7,0,5 6,1,11,,26348,5,,,1,15,,26349,5,,,1,15,,26350,5,,,1,70,,26351,5,,,1,27,,26352,5,,,1,110,,26353,5,,,1,100,,26354,5,,,1,100,,26355,5,,,1,72,,26356,5,,,1,31,,26357,5,,,1,100,,26358,5,,,1
3200,'20260331',604,,26359,5,,,1,15,,26360,5,,,1,15,,26361,5,,,1,10,,26362,5,,,1,10,,26363,5,,,1,48,,26364,5,,,1,12,,26365,5,,,1,5,,26366,7,0,5 6,1,5,,26367,5,,,1,10,,26368,5,,,1,5,,26369,7,0,5 6,1,5,,26370,5,,,1,6,,26371,7,0,5 6,1,51,,26372,5,,,1,5,,26373,7,0,5 6,1,11,,26374,5,,,1,15,,26375,5,,,1,15,,26376,5,,,1,70,,26377,5,,,1,27,,26378,5,,,1,110,,26379,5,,,1,100,,26380,5,,,1,100,,26381,5,,,1,72,,26382,5,,,1,31,,26383,5,,,1,100,,26384,5,,,1
3200,'20260401',604,,26385,5,,,1,15,,26386,5,,,1,15,,26387,5,,,1,10,,26388,5,,,1,10,,26389,5,,,1,48,,26390,5,,,1,12,,26391,5,,,1,5,,26392,7,0,5 6,1,5,,26393,5,,,1,10,,26394,5,,,1,5,,26395,7,0,5 6,1,5,,26396,5,,,1,6,,26397,7,0,5 6,1,51,,26398,5,,,1,5,,26399,7,0,5 6,1,11,,26400,5,,,1,15,,26401,5,,,1,15,,26402,5,,,1,70,,26403,5,,,1,27,,26404,5,,,1,110,,26405,5,,,1,100,,26406,5,,,1,100,,26407,5,,,1,72,,26408,5,,,1,31,,26409,5,,,1,100,,26410,5,,,1
3200,'20260402',604,,26411,5,,,1,15,,26412,5,,,1,15,,26413,5,,,1,10,,26414,5,,,1,10,,26415,5,,,1,48,,26416,5,,,1,12,,26417,5,,,1,5,,26418,7,0,5 6,1,5,,26419,5,,,1,10,,26420,5,,,1,5,,26421,7,0,5 6,1,5,,26422,5,,,1,6,,26423,7,0,5 6,1,51,,26424,5,,,1,5,,26425,7,0,5 6,1,11,,26426,5,,,1,15,,26427,5,,,1,15,,26428,5,,,1,70,,26429,5,,,1,27,,26430,5,,,1,110,,26431,5,,,1,100,,26432,5,,,1,100,,26433,5,,,1,72,,26434,5,,,1,31,,26435,5,,,1,100,,26436,5,,,1
3200,'20260406',604,,26437,5,,,1,15,,26438,5,,,1,15,,26439,5,,,1,10,,26440,5,,,1,10,,26441,5,,,1,48,,26442,5,,,1,12,,26443,5,,,1,5,,26444,7,0,5 6,1,5,,26445,5,,,1,10,,26446,5,,,1,5,,26447,7,0,5 6,1,5,,26448,5,,,1,6,,26449,7,0,5 6,1,51,,26450,5,,,1,5,,26451,7,0,5 6,1,11,,26452,5,,,1,15,,26453,5,,,1,15,,26454,5,,,1,70,,26455,5,,,1,27,,26456,5,,,1,110,,26457,5,,,1,100,,26458,5,,,1,100,,26459,5,,,1,72,,26460,5,,,1,31,,26461,5,,,1,100,,26462,5,,,1
3200,'20260407',604,,26463,5,,,1,15,,26464,5,,,1,15,,26465,5,,,1,10,,26466,5,,,1,10,,26467,5,,,1,48,,26468,5,,,1,12,,26469,5,,,1,5,,26470,7,0,5 6,1,5,,26471,5,,,1,10,,26472,5,,,1,5,,26473,7,0,5 6,1,5,,26474,5,,,1,6,,26475,7,0,5 6,1,51,,26476,5,,,1,5,,26477,7,0,5 6,1,11,,26478,5,,,1,15,,26479,5,,,1,15,,26480,5,,,1,70,,26481,5,,,1,27,,26482,5,,,1,110,,26483,5,,,1,100,,26484,5,,,1,100,,26485,5,,,1,72,,26486,5,,,1,31,,26487,5,,,1,100,,26488,5,,,1
3200,'20260408',604,,26489,5,,,1,15,,26490,5,,,1,15,,26491,5,,,1,10,,26492,5,,,1,10,,26493,5,,,1,48,,26494,5,,,1,12,,26495,5,,,1,5,,26496,7,0,5 6,1,5,,26497,5,,,1,10,,26498,5,,,1,5,,26499,7,0,5 6,1,5,,26500,5,,,1,6,,26501,7,0,5 6,1,51,,26502,5,,,1,5,,26503,7,0,5 6,1,11,,26504,5,,,1,15,,26505,5,,,1,15,,26506,5,,,1,70,,26507,5,,,1,27,,26508,5,,,1,110,,26509,5,,,1,100,,26510,5,,,1,100,,26511,5,,,1,72,,26512,5,,,1,31,,26513,5,,,1,100,,26514,5,,,1
3200,'20260409',604,,26515,5,,,1,15,,26516,5,,,1,15,,26517,5,,,1,10,,26518,5,,,1,10,,26519,5,,,1,48,,26520,5,,,1,12,,26521,5,,,1,5,,26522,7,0,5 6,1,5,,26523,5,,,1,10,,26524,5,,,1,5,,26525,7,0,5 6,1,5,,26526,5,,,1,6,,26527,7,0,5 6,1,51,,26528,5,,,1,5,,26529,7,0,5 6,1,11,,26530,5,,,1,15,,26531,5,,,1,15,,26532,5,,,1,70,,26533,5,,,1,27,,26534,5,,,1,110,,26535,5,,,1,100,,26536,5,,,1,100,,26537,5,,,1,72,,26538,5,,,1,31,,26539,5,,,1,100,,26540,5,,,1
3200,'20260410',604,,26541,5,,,1,15,,26542,5,,,1,15,,26543,5,,,1,10,,26544,5,,,1,10,,26545,5,,,1,48,,26546,5,,,1,12,,26547,5,,,1,5,,26548,7,0,5 6,1,5,,26549,5,,,1,10,,26550,5,,,1,5,,26551,7,0,5 6,1,5,,26552,5,,,1,6,,26553,7,0,5 6,1,51,,26554,5,,,1,5,,26555,7,0,5 6,1,11,,26556,5,,,1,15,,26557,5,,,1,15,,26558,5,,,1,70,,26559,5,,,1,27,,26560,5,,,1,110,,26561,5,,,1,100,,26562,5,,,1,100,,26563,5,,,1,72,,26564,5,,,1,31,,26565,5,,,1,100,,26566,5,,,1
3200,'20260413',604,,26567,5,,,1,15,,26568,5,,,1,15,,26569,5,,,1,10,,26570,5,,,1,10,,26571,5,,,1,48,,26572,5,,,1,12,,26573,5,,,1,5,,26574,7,0,5 6,1,5,,26575,5,,,1,10,,26576,5,,,1,5,,26577,7,0,5 6,1,5,,26578,5,,,1,6,,26579,7,0,5 6,1,51,,26580,5,,,1,5,,26581,7,0,5 6,1,11,,26582,5,,,1,15,,26583,5,,,1,15,,26584,5,,,1,70,,26585,5,,,1,27,,26586,5,,,1,110,,26587,5,,,1,100,,26588,5,,,1,100,,26589,5,,,1,72,,26590,5,,,1,31,,26591,5,,,1,100,,26592,5,,,1
3200,'20260414',604,,26593,5,,,1,15,,26594,5,,,1,15,,26595,5,,,1,10,,26596,5,,,1,10,,26597,5,,,1,48,,26598,5,,,1,12,,26599,5,,,1,5,,26600,7,0,5 6,1,5,,26601,5,,,1,10,,26602,5,,,1,5,,26603,7,0,5 6,1,5,,26604,5,,,1,6,,26605,7,0,5 6,1,51,,26606,5,,,1,5,,26607,7,0,5 6,1,11,,26608,5,,,1,15,,26609,5,,,1,15,,26610,5,,,1,70,,26611,5,,,1,27,,26612,5,,,1,110,,26613,5,,,1,100,,26614,5,,,1,100,,26615,5,,,1,72,,26616,5,,,1,31,,26617,5,,,1,100,,26618,5,,,1
3200,'20260415',604,,26619,5,,,1,15,,26620,5,,,1,15,,26621,5,,,1,10,,26622,5,,,1,10,,26623,5,,,1,48,,26624,5,,,1,12,,26625,5,,,1,5,,26626,7,0,5 6,1,5,,26627,5,,,1,10,,26628,5,,,1,5,,26629,7,0,5 6,1,5,,26630,5,,,1,6,,26631,7,0,5 6,1,51,,26632,5,,,1,5,,26633,7,0,5 6,1,11,,26634,5,,,1,15,,26635,5,,,1,15,,26636,5,,,1,70,,26637,5,,,1,27,,26638,5,,,1,110,,26639,5,,,1,100,,26640,5,,,1,100,,26641,5,,,1,72,,26642,5,,,1,31,,26643,5,,,1,100,,26644,5,,,1
3200,'20260416',604,,26645,5,,,1,15,,26646,5,,,1,15,,26647,5,,,1,10,,26648,5,,,1,10,,26649,5,,,1,48,,26650,5,,,1,12,,26651,5,,,1,5,,26652,7,0,5 6,1,5,,26653,5,,,1,10,,26654,5,,,1,5,,26655,7,0,5 6,1,5,,26656,5,,,1,6,,26657,7,0,5 6,1,51,,26658,5,,,1,5,,26659,7,0,5 6,1,11,,26660,5,,,1,15,,26661,5,,,1,15,,26662,5,,,1,70,,26663,5,,,1,27,,26664,5,,,1,110,,26665,5,,,1,100,,26666,5,,,1,100,,26667,5,,,1,72,,26668,5,,,1,31,,26669,5,,,1,100,,26670,5,,,1
3200,'20260417',604,,26671,5,,,1,15,,26672,5,,,1,15,,26673,5,,,1,10,,26674,5,,,1,10,,26675,5,,,1,48,,26676,5,,,1,12,,26677,5,,,1,5,,26678,7,0,5 6,1,5,,26679,5,,,1,10,,26680,5,,,1,5,,26681,7,0,5 6,1,5,,26682,5,,,1,6,,26683,7,0,5 6,1,51,,26684,5,,,1,5,,26685,7,0,5 6,1,11,,26686,5,,,1,15,,26687,5,,,1,15,,26688,5,,,1,70,,26689,5,,,1,27,,26690,5,,,1,110,,26691,5,,,1,100,,26692,5,,,1,100,,26693,5,,,1,72,,26694,5,,,1,31,,26695,5,,,1,100,,26696,5,,,1
3200,'20260420',604,,26697,5,,,1,15,,26698,5,,,1,15,,26699,5,,,1,10,,26700,5,,,1,10,,26701,5,,,1,48,,26702,5,,,1,12,,26703,5,,,1,5,,26704,7,0,5 6,1,5,,26705,5,,,1,10,,26706,5,,,1,5,,26707,7,0,5 6,1,5,,26708,5,,,1,6,,26709,7,0,5 6,1,51,,26710,5,,,1,5,,26711,7,0,5 6,1,11,,26712,5,,,1,15,,26713,5,,,1,15,,26714,5,,,1,70,,26715,5,,,1,27,,26716,5,,,1,110,,26717,5,,,1,100,,26718,5,,,1,100,,26719,5,,,1,72,,26720,5,,,1,31,,26721,5,,,1,100,,26722,5,,,1
3200,'20260421',604,,26723,5,,,1,15,,26724,5,,,1,15,,26725,5,,,1,10,,26726,5,,,1,10,,26727,5,,,1,48,,26728,5,,,1,12,,26729,5,,,1,5,,26730,7,0,5 6,1,5,,26731,5,,,1,10,,26732,5,,,1,5,,26733,7,0,5 6,1,5,,26734,5,,,1,6,,26735,7,0,5 6,1,51,,26736,5,,,1,5,,26737,7,0,5 6,1,11,,26738,5,,,1,15,,26739,5,,,1,15,,26740,5,,,1,70,,26741,5,,,1,27,,26742,5,,,1,110,,26743,5,,,1,100,,26744,5,,,1,100,,26745,5,,,1,72,,26746,5,,,1,31,,26747,5,,,1,100,,26748,5,,,1
3200,'20260422',604,,26749,5,,,1,15,,26750,5,,,1,15,,26751,5,,,1,10,,26752,5,,,1,10,,26753,5,,,1,48,,26754,5,,,1,12,,26755,5,,,1,5,,26756,7,0,5 6,1,5,,26757,5,,,1,10,,26758,5,,,1,5,,26759,7,0,5 6,1,5,,26760,5,,,1,6,,26761,7,0,5 6,1,51,,26762,5,,,1,5,,26763,7,0,5 6,1,11,,26764,5,,,1,15,,26765,5,,,1,15,,26766,5,,,1,70,,26767,5,,,1,27,,26768,5,,,1,110,,26769,5,,,1,100,,26770,5,,,1,100,,26771,5,,,1,72,,26772,5,,,1,31,,26773,5,,,1,100,,26774,5,,,1
3200,'20260423',604,,26775,5,,,1,15,,26776,5,,,1,15,,26777,5,,,1,10,,26778,5,,,1,10,,26779,5,,,1,48,,26780,5,,,1,12,,26781,5,,,1,5,,26782,7,0,5 6,1,5,,26783,5,,,1,10,,26784,5,,,1,5,,26785,7,0,5 6,1,5,,26786,5,,,1,6,,26787,7,0,5 6,1,51,,26788,5,,,1,5,,26789,7,0,5 6,1,11,,26790,5,,,1,15,,26791,5,,,1,15,,26792,5,,,1,70,,26793,5,,,1,27,,26794,5,,,1,110,,26795,5,,,1,100,,26796,5,,,1,100,,26797,5,,,1,72,,26798,5,,,1,31,,26799,5,,,1,100,,26800,5,,,1
3200,'20260424',604,,26801,5,,,1,15,,26802,5,,,1,15,,26803,5,,,1,10,,26804,5,,,1,10,,26805,5,,,1,48,,26806,5,,,1,12,,26807,5,,,1,5,,26808,7,0,5 6,1,5,,26809,5,,,1,10,,26810,5,,,1,5,,26811,7,0,5 6,1,5,,26812,5,,,1,6,,26813,7,0,5 6,1,51,,26814,5,,,1,5,,26815,7,0,5 6,1,11,,26816,5,,,1,15,,26817,5,,,1,15,,26818,5,,,1,70,,26819,5,,,1,27,,26820,5,,,1,110,,26821,5,,,1,100,,26822,5,,,1,100,,26823,5,,,1,72,,26824,5,,,1,31,,26825,5,,,1,100,,26826,5,,,1
