3100,'20260421',430,,25427,20,0,16 29 30,1,80,,25428,20,0,57 29 30,1,1130,,25430,46,0,5 18 9,1,100,,25431,46,0,5 18 9,1,73,,25432,46,0,5 18 9,1,592,,25433,20,0,16 29 30,1,100,,25434,20,0,16 29 30,1
3100,'20260422',430,,25435,20,0,16 29 30,1,80,,25436,20,0,57 29 30,1,1130,,25438,46,0,5 18 9,1,100,,25439,46,0,5 18 9,1,73,,25440,46,0,5 18 9,1,592,,25441,20,0,16 29 30,1,100,,25442,20,0,16 29 30,1
3100,'20260423',430,,25443,20,0,16 29 30,1,80,,25444,20,0,57 29 30,1,1130,,25446,46,0,5 18 9,1,100,,25447,46,0,5 18 9,1,73,,25448,46,0,5 18 9,1,592,,25449,20,0,16 29 30,1,100,,25450,20,0,16 29 30,1
3100,'20260424',430,,25451,20,0,16 29 30,1,80,,25452,20,0,57 29 30,1,1130,,25454,46,0,5 18 9,1,100,,25455,46,0,5 18 9,1,73,,25456,46,0,5 18 9,1,592,,25457,20,0,16 29 30,1,100,,25458,20,0,16 29 30,1
3101,'20260421',610,,25921,1,0,37 43 44 47,1,20,,25922,1,0,37 43 44 47,1,21,,25923,11,0,43 44 47,1,59,,25924,1,0,37 43 44 47,1,35,,25925,9,0,5 43 44 47,1,100,,25926,9,0,5 43 44 47,1,1661,,25928,9,0,77 14 15 9,1,20,,25930,9,0,7 43 44 47,1,99,,25931,11,0,16 17 9,1,96,,25932,11,0,16 17 9,1
3101,'20260422',610,,25933,1,0,37 43 44 47,1,20,,25934,1,0,37 43 44 47,1,21,,25935,11,0,43 44 47,1,59,,25936,1,0,37 43 44 47,1,35,,25937,9,0,5 43 44 47,1,100,,25938,9,0,5 43 44 47,1,1661,,25940,9,0,77 14 15 9,1,20,,25942,9,0,7 43 44 47,1,99,,25943,11,0,16 17 9,1,96,,25944,11,0,16 17 9,1
3101,'20260423',610,,25945,1,0,37 43 44 47,1,20,,25946,1,0,37 43 44 47,1,21,,25947,11,0,43 44 47,1,59,,25948,1,0,37 43 44 47,1,35,,25949,9,0,5 43 44 47,1,100,,25950,9,0,5 43 44 47,1,1661,,25952,9,0,77 14 15 9,1,20,,25954,9,0,7 43 44 47,1,99,,25955,11,0,16 17 9,1,96,,25956,11,0,16 17 9,1
3101,'20260424',610,,25957,1,0,37 43 44 47,1,20,,25958,1,0,37 43 44 47,1,21,,25959,11,0,43 44 47,1,59,,25960,1,0,37 43 44 47,1,35,,25961,9,0,5 43 44 47,1,100,,25962,9,0,5 43 44 47,1,1661,,25964,9,0,77 14 15 9,1,20,,25966,9,0,7 43 44 47,1,99,,25967,11,0,16 17 9,1,96,,25968,11,0,16 17 9,1
3300,'20260421',528,,28723,20,0,16 24 25,1,82,,28724,20,0,16 24 25,1,10,,28725,8,0,5 24 25,1,10,,28726,1,0,7 24 25,1,10,,28727,20,0,16 24 25,1,10,,28728,8,0,5 24 25,1,50,,28729,1,0,7 24 25,1,10,,28730,20,0,16 24 25,1,10,,28731,46,,,1,10,,28732,8,0,5 24 25,1,15,,28733,20,0,16 24 25,1,70,,28734,20,0,16 24 25,1,95,,28735,46,,,1,20,,28736,8,0,5 24 25,1,70,,28737,8,0,5 24 25,1,105,,28739,8,0,5 24 25,1,100,,28740,8,0,5 24 25,1,100,,28742,8,0,5 24 25,1,95,,28743,8,0,5 24 25,1,100,,28745,8,0,5 24 25,1,105,,28747,8,0,5 24 25,1,40,,28748,1,0,7 24 25,1,70,,28749,1,0,7 24 25,1,30,,28750,1,0,7 24 25,1,100,,28751,46,,,1,162,,28753,8,0,5 24 25,1,100,,28755,8,0,5 24 25,1,98,,28757,8,0,5 24 25,1,51,,28758,20,0,52 18 9,1,154,,28759,1,0,7 24 25,1
3300,'20260422',528,,28760,20,0,16 24 25,1,82,,28761,20,0,16 24 25,1,10,,28762,8,0,5 24 25,1,10,,28763,1,0,7 24 25,1,10,,28764,20,0,16 24 25,1,10,,28765,8,0,5 24 25,1,50,,28766,1,0,7 24 25,1,10,,28767,20,0,16 24 25,1,10,,28768,46,,,1,10,,28769,8,0,5 24 25,1,15,,28770,20,0,16 24 25,1,70,,28771,20,0,16 24 25,1,95,,28772,46,,,1,20,,28773,8,0,5 24 25,1,70,,28774,8,0,5 24 25,1,105,,28776,8,0,5 24 25,1,100,,28777,8,0,5 24 25,1,100,,28779,8,0,5 24 25,1,95,,28780,8,0,5 24 25,1,100,,28782,8,0,5 24 25,1,105,,28784,8,0,5 24 25,1,40,,28785,1,0,7 24 25,1,70,,28786,1,0,7 24 25,1,30,,28787,1,0,7 24 25,1,100,,28788,46,,,1,162,,28790,8,0,5 24 25,1,100,,28792,8,0,5 24 25,1,98,,28794,8,0,5 24 25,1,51,,28795,20,0,52 18 9,1,154,,28796,1,0,7 24 25,1
3300,'20260423',528,,28797,20,0,16 24 25,1,82,,28798,20,0,16 24 25,1,10,,28799,8,0,5 24 25,1,10,,28800,1,0,7 24 25,1,10,,28801,20,0,16 24 25,1,10,,28802,8,0,5 24 25,1,50,,28803,1,0,7 24 25,1,10,,28804,20,0,16 24 25,1,10,,28805,46,,,1,10,,28806,8,0,5 24 25,1,15,,28807,20,0,16 24 25,1,70,,28808,20,0,16 24 25,1,95,,28809,46,,,1,20,,28810,8,0,5 24 25,1,70,,28811,8,0,5 24 25,1,105,,28813,8,0,5 24 25,1,100,,28814,8,0,5 24 25,1,100,,28816,8,0,5 24 25,1,95,,28817,8,0,5 24 25,1,100,,28819,8,0,5 24 25,1,105,,28821,8,0,5 24 25,1,40,,28822,1,0,7 24 25,1,70,,28823,1,0,7 24 25,1,30,,28824,1,0,7 24 25,1,100,,28825,46,,,1,162,,28827,8,0,5 24 25,1,100,,28829,8,0,5 24 25,1,98,,28831,8,0,5 24 25,1,51,,28832,20,0,52 18 9,1,154,,28833,1,0,7 24 25,1
3300,'20260424',528,,28834,20,0,16 24 25,1,82,,28835,20,0,16 24 25,1,10,,28836,8,0,5 24 25,1,10,,28837,1,0,7 24 25,1,10,,28838,20,0,16 24 25,1,10,,28839,8,0,5 24 25,1,50,,28840,1,0,7 24 25,1,10,,28841,20,0,16 24 25,1,10,,28842,46,,,1,10,,28843,8,0,5 24 25,1,15,,28844,20,0,16 24 25,1,70,,28845,20,0,16 24 25,1,95,,28846,46,,,1,20,,28847,8,0,5 24 25,1,70,,28848,8,0,5 24 25,1,105,,28850,8,0,5 24 25,1,100,,28851,8,0,5 24 25,1,100,,28853,8,0,5 24 25,1,95,,28854,8,0,5 24 25,1,100,,28856,8,0,5 24 25,1,105,,28858,8,0,5 24 25,1,40,,28859,1,0,7 24 25,1,70,,28860,1,0,7 24 25,1,30,,28861,1,0,7 24 25,1,100,,28862,46,,,1,162,,28864,8,0,5 24 25,1,100,,28866,8,0,5 24 25,1,98,,28868,8,0,5 24 25,1,51,,28869,20,0,52 18 9,1,154,,28870,1,0,7 24 25,1
3301,'20260421',730,,30013,13,4,,1,110,,30014,13,4,,1,82,,30015,13,,,1,100,,30016,13,,,1,100,,30017,13,,,1,100,,30018,13,,,1,104,,30019,13,,,1,100,,30020,13,,,1,79,,30021,13,0,5 14 15 9,1,25,,30022,13,,,1,22,,30023,13,0,5 14 15 9,1,58,,30024,13,0,16 17 9,1,17,,30025,13,0,5 14 15 9,1,17,,30026,13,,,1,60,,30027,13,0,5 14 15 9,1,15,,30028,13,,,1,15,,30029,13,0,5 14 15 9,1,20,,30030,13,0,16 17 9,1,50,,30031,13,0,16 17 9,1,11,,30032,13,0,5 14 15 9,1,15,,30033,13,,,1,25,,30034,13,0,16 17 9,1,63,,30035,13,0,16 17 9,1,18,,30036,13,,,1,70,,30037,13,0,5 14 15 9,1,23,,30038,13,0,16 17 9,1,25,,30039,13,0,5 14 15 9,1,70,,30040,13,,,1,30,,30041,13,0,5 14 15 9,1,70,,30042,13,0,16 17 9,1,30,,30043,13,0,5 14 15 9,1,66,,30044,13,,,1,100,,30045,13,0,16 17 9,1,95,,30046,13,4,,1
3301,'20260422',730,,30047,13,4,,1,110,,30048,13,4,,1,82,,30049,13,,,1,100,,30050,13,,,1,100,,30051,13,,,1,100,,30052,13,,,1,104,,30053,13,,,1,100,,30054,13,,,1,79,,30055,13,0,5 14 15 9,1,25,,30056,13,,,1,22,,30057,13,0,5 14 15 9,1,58,,30058,13,0,16 17 9,1,17,,30059,13,0,5 14 15 9,1,17,,30060,13,,,1,60,,30061,13,0,5 14 15 9,1,15,,30062,13,,,1,15,,30063,13,0,5 14 15 9,1,20,,30064,13,0,16 17 9,1,50,,30065,13,0,16 17 9,1,11,,30066,13,0,5 14 15 9,1,15,,30067,13,,,1,25,,30068,13,0,16 17 9,1,63,,30069,13,0,16 17 9,1,18,,30070,13,,,1,70,,30071,13,0,5 14 15 9,1,23,,30072,13,0,16 17 9,1,25,,30073,13,0,5 14 15 9,1,70,,30074,13,,,1,30,,30075,13,0,5 14 15 9,1,70,,30076,13,0,16 17 9,1,30,,30077,13,0,5 14 15 9,1,66,,30078,13,,,1,100,,30079,13,0,16 17 9,1,95,,30080,13,4,,1
3301,'20260423',730,,30081,13,4,,1,110,,30082,13,4,,1,82,,30083,13,,,1,100,,30084,13,,,1,100,,30085,13,,,1,100,,30086,13,,,1,104,,30087,13,,,1,100,,30088,13,,,1,79,,30089,13,0,5 14 15 9,1,25,,30090,13,,,1,22,,30091,13,0,5 14 15 9,1,58,,30092,13,0,16 17 9,1,17,,30093,13,0,5 14 15 9,1,17,,30094,13,,,1,60,,30095,13,0,5 14 15 9,1,15,,30096,13,,,1,15,,30097,13,0,5 14 15 9,1,20,,30098,13,0,16 17 9,1,50,,30099,13,0,16 17 9,1,11,,30100,13,0,5 14 15 9,1,15,,30101,13,,,1,25,,30102,13,0,16 17 9,1,63,,30103,13,0,16 17 9,1,18,,30104,13,,,1,70,,30105,13,0,5 14 15 9,1,23,,30106,13,0,16 17 9,1,25,,30107,13,0,5 14 15 9,1,70,,30108,13,,,1,30,,30109,13,0,5 14 15 9,1,70,,30110,13,0,16 17 9,1,30,,30111,13,0,5 14 15 9,1,66,,30112,13,,,1,100,,30113,13,0,16 17 9,1,95,,30114,13,4,,1
3301,'20260424',730,,30115,13,4,,1,110,,30116,13,4,,1,82,,30117,13,,,1,100,,30118,13,,,1,100,,30119,13,,,1,100,,30120,13,,,1,104,,30121,13,,,1,100,,30122,13,,,1,79,,30123,13,0,5 14 15 9,1,25,,30124,13,,,1,22,,30125,13,0,5 14 15 9,1,58,,30126,13,0,16 17 9,1,17,,30127,13,0,5 14 15 9,1,17,,30128,13,,,1,60,,30129,13,0,5 14 15 9,1,15,,30130,13,,,1,15,,30131,13,0,5 14 15 9,1,20,,30132,13,0,16 17 9,1,50,,30133,13,0,16 17 9,1,11,,30134,13,0,5 14 15 9,1,15,,30135,13,,,1,25,,30136,13,0,16 17 9,1,63,,30137,13,0,16 17 9,1,18,,30138,13,,,1,70,,30139,13,0,5 14 15 9,1,23,,30140,13,0,16 17 9,1,25,,30141,13,0,5 14 15 9,1,70,,30142,13,,,1,30,,30143,13,0,5 14 15 9,1,70,,30144,13,0,16 17 9,1,30,,30145,13,0,5 14 15 9,1,66,,30146,13,,,1,100,,30147,13,0,16 17 9,1,95,,30148,13,4,,1
3700,'20260421',546,,32425,1,0,7 81 82,1,155,,32426,1,0,7 81 82,1,628,,32427,1,,,1,300,,32428,1,,,1,109,,32429,1,,,1,101,,32430,1,,,1,190,,32431,1,,,1
3700,'20260422',546,,32432,1,0,7 81 82,1,155,,32433,1,0,7 81 82,1,628,,32434,1,,,1,300,,32435,1,,,1,109,,32436,1,,,1,101,,32437,1,,,1,190,,32438,1,,,1
3700,'20260423',546,,32439,1,0,7 81 82,1,155,,32440,1,0,7 81 82,1,628,,32441,1,,,1,300,,32442,1,,,1,109,,32443,1,,,1,101,,32444,1,,,1,190,,32445,1,,,1
3700,'20260424',546,,32446,1,0,7 81 82,1,155,,32447,1,0,7 81 82,1,628,,32448,1,,,1,300,,32449,1,,,1,109,,32450,1,,,1,101,,32451,1,,,1,190,,32452,1,,,1
3701,'20260421',535,,32656,35,4,,1,192,,32657,35,4,,1,100,,32658,35,4,,1,808,,32659,35,4,,1,302,,32660,20,4,,1,100,,32661,20,4,,1,214,,32662,20,4,,1
3701,'20260422',535,,32663,35,4,,1,192,,32664,35,4,,1,100,,32665,35,4,,1,808,,32666,35,4,,1,302,,32667,20,4,,1,100,,32668,20,4,,1,214,,32669,20,4,,1
3701,'20260423',535,,32670,35,4,,1,192,,32671,35,4,,1,100,,32672,35,4,,1,808,,32673,35,4,,1,302,,32674,20,4,,1,100,,32675,20,4,,1,214,,32676,20,4,,1
3701,'20260424',535,,32677,35,4,,1,192,,32678,35,4,,1,100,,32679,35,4,,1,808,,32680,35,4,,1,302,,32681,20,4,,1,100,,32682,20,4,,1,214,,32683,20,4,,1
