2100,'20260722',420,,141762,30,,,1,37,,141763,30,,,1,65,,141764,30,,,1,391,,141768,6,0,5 29 30,1,100,,141774,6,0,5 29 30,1,100,,141780,6,0,16 29 30,1,95,,141784,6,0,16 29 30,1,45,,141788,6,0,16 29 30,1,150,,141791,6,0,16 29 30,1,97,,141793,6,0,16 29 30,1,53,,141796,6,0,16 29 30,1,147,,141798,30,,,1,105,,141799,30,,,1,95,,141800,30,,,1,100,,141801,30,,,1,59,,141802,30,,,1,100,,141803,30,,,1,97,,141804,30,,,1,100,,141805,30,,,1,144,,141806,30,,,1
2100,'20260723',420,,141807,30,,,1,37,,141808,30,,,1,65,,141809,30,,,1,391,,141813,6,0,5 29 30,1,100,,141819,6,0,5 29 30,1,100,,141825,6,0,16 29 30,1,95,,141829,6,0,16 29 30,1,45,,141833,6,0,16 29 30,1,150,,141836,6,0,16 29 30,1,97,,141838,6,0,16 29 30,1,53,,141841,6,0,16 29 30,1,147,,141843,30,,,1,105,,141844,30,,,1,95,,141845,30,,,1,100,,141846,30,,,1,59,,141847,30,,,1,100,,141848,30,,,1,97,,141849,30,,,1,100,,141850,30,,,1,144,,141851,30,,,1
2100,'20260724',420,,141852,30,,,1,37,,141853,30,,,1,65,,141854,30,,,1,391,,141858,6,0,5 29 30,1,100,,141864,6,0,5 29 30,1,100,,141870,6,0,16 29 30,1,95,,141874,6,0,16 29 30,1,45,,141878,6,0,16 29 30,1,150,,141881,6,0,16 29 30,1,97,,141883,6,0,16 29 30,1,53,,141886,6,0,16 29 30,1,147,,141888,30,,,1,105,,141889,30,,,1,95,,141890,30,,,1,100,,141891,30,,,1,59,,141892,30,,,1,100,,141893,30,,,1,97,,141894,30,,,1,100,,141895,30,,,1,144,,141896,30,,,1
2100,'20260725',521,,141897,30,0,57 29 30,1,100,,141898,30,0,57 29 30,1,36,,141899,30,0,57 29 30,1,150,,141902,8,0,34 29 30,1,100,,141906,8,0,34 29 30,1,100,,141910,8,0,34 29 30,1,100,,141914,8,0,34 29 30,1,100,,141917,8,0,34 29 30,1,100,,141920,8,0,34 29 30,1,100,,141923,8,0,34 29 30,1,100,,141926,8,0,34 29 30,1,100,,141929,8,0,34 29 30,1,100,,141932,8,0,34 29 30,1,100,,141935,8,0,34 29 30,1,100,,141937,8,0,34 29 30,1,93,,141939,30,0,57 29 30,1,55,,141940,30,0,57 29 30,1,100,,141941,30,0,57 29 30,1,100,,141942,30,0,57 29 30,1,102,,141943,30,0,57 29 30,1,100,,141944,30,0,57 29 30,1
2100,'20260726',521,,141945,30,0,57 29 30,1,100,,141946,30,0,57 29 30,1,36,,141947,30,0,57 29 30,1,150,,141949,8,0,34 29 30,1,100,,141952,8,0,34 29 30,1,100,,141955,8,0,34 29 30,1,100,,141958,8,0,34 29 30,1,100,,141961,8,0,34 29 30,1,100,,141964,8,0,34 29 30,1,100,,141967,8,0,34 29 30,1,100,,141970,8,0,34 29 30,1,100,,141973,8,0,34 29 30,1,100,,141976,8,0,34 29 30,1,100,,141979,8,0,34 29 30,1,100,,141981,8,0,34 29 30,1,93,,141982,30,0,57 29 30,1,55,,141983,30,0,57 29 30,1,100,,141984,30,0,57 29 30,1,100,,141985,30,0,57 29 30,1,102,,141986,30,0,57 29 30,1,100,,141987,30,0,57 29 30,1
2100,'20260727',420,,141988,30,,,1,37,,141989,30,,,1,65,,141990,30,,,1,391,,141994,6,0,5 29 30,1,100,,142000,6,0,5 29 30,1,100,,142006,6,0,16 29 30,1,95,,142010,6,0,16 29 30,1,45,,142014,6,0,16 29 30,1,150,,142017,6,0,16 29 30,1,97,,142019,6,0,16 29 30,1,53,,142022,6,0,16 29 30,1,147,,142024,30,,,1,105,,142025,30,,,1,95,,142026,30,,,1,100,,142027,30,,,1,59,,142028,30,,,1,100,,142029,30,,,1,97,,142030,30,,,1,100,,142031,30,,,1,144,,142032,30,,,1
2100,'20260728',420,,142033,30,,,1,37,,142034,30,,,1,65,,142035,30,,,1,391,,142039,6,0,5 29 30,1,100,,142045,6,0,5 29 30,1,100,,142051,6,0,16 29 30,1,95,,142055,6,0,16 29 30,1,45,,142059,6,0,16 29 30,1,150,,142062,6,0,16 29 30,1,97,,142064,6,0,16 29 30,1,53,,142067,6,0,16 29 30,1,147,,142069,30,,,1,105,,142070,30,,,1,95,,142071,30,,,1,100,,142072,30,,,1,59,,142073,30,,,1,100,,142074,30,,,1,97,,142075,30,,,1,100,,142076,30,,,1,144,,142077,30,,,1
2100,'20260729',420,,142078,30,,,1,37,,142079,30,,,1,65,,142080,30,,,1,391,,142084,6,0,5 29 30,1,100,,142090,6,0,5 29 30,1,100,,142096,6,0,16 29 30,1,95,,142100,6,0,16 29 30,1,45,,142104,6,0,16 29 30,1,150,,142107,6,0,16 29 30,1,97,,142109,6,0,16 29 30,1,53,,142112,6,0,16 29 30,1,147,,142114,30,,,1,105,,142115,30,,,1,95,,142116,30,,,1,100,,142117,30,,,1,59,,142118,30,,,1,100,,142119,30,,,1,97,,142120,30,,,1,100,,142121,30,,,1,144,,142122,30,,,1
2100,'20260730',420,,142123,30,,,1,37,,142124,30,,,1,65,,142125,30,,,1,391,,142129,6,0,5 29 30,1,100,,142135,6,0,5 29 30,1,100,,142141,6,0,16 29 30,1,95,,142145,6,0,16 29 30,1,45,,142149,6,0,16 29 30,1,150,,142152,6,0,16 29 30,1,97,,142154,6,0,16 29 30,1,53,,142157,6,0,16 29 30,1,147,,142159,30,,,1,105,,142160,30,,,1,95,,142161,30,,,1,100,,142162,30,,,1,59,,142163,30,,,1,100,,142164,30,,,1,97,,142165,30,,,1,100,,142166,30,,,1,144,,142167,30,,,1
2100,'20260731',420,,142168,30,,,1,37,,142169,30,,,1,65,,142170,30,,,1,391,,142174,6,0,5 29 30,1,100,,142180,6,0,5 29 30,1,100,,142186,6,0,16 29 30,1,95,,142190,6,0,16 29 30,1,45,,142194,6,0,16 29 30,1,150,,142197,6,0,16 29 30,1,97,,142199,6,0,16 29 30,1,53,,142202,6,0,16 29 30,1,147,,142204,30,,,1,105,,142205,30,,,1,95,,142206,30,,,1,100,,142207,30,,,1,59,,142208,30,,,1,100,,142209,30,,,1,97,,142210,30,,,1,100,,142211,30,,,1,144,,142212,30,,,1
2100,'20260801',521,,142213,30,0,57 29 30,1,100,,142214,30,0,57 29 30,1,36,,142215,30,0,57 29 30,1,150,,142218,8,0,34 29 30,1,100,,142222,8,0,34 29 30,1,100,,142226,8,0,34 29 30,1,100,,142230,8,0,34 29 30,1,100,,142233,8,0,34 29 30,1,100,,142236,8,0,34 29 30,1,100,,142239,8,0,34 29 30,1,100,,142242,8,0,34 29 30,1,100,,142245,8,0,34 29 30,1,100,,142248,8,0,34 29 30,1,100,,142251,8,0,34 29 30,1,100,,142253,8,0,34 29 30,1,93,,142255,30,0,57 29 30,1,55,,142256,30,0,57 29 30,1,100,,142257,30,0,57 29 30,1,100,,142258,30,0,57 29 30,1,102,,142259,30,0,57 29 30,1,100,,142260,30,0,57 29 30,1
2100,'20260802',521,,142261,30,0,57 29 30,1,100,,142262,30,0,57 29 30,1,36,,142263,30,0,57 29 30,1,150,,142265,8,0,34 29 30,1,100,,142268,8,0,34 29 30,1,100,,142271,8,0,34 29 30,1,100,,142274,8,0,34 29 30,1,100,,142277,8,0,34 29 30,1,100,,142280,8,0,34 29 30,1,100,,142283,8,0,34 29 30,1,100,,142286,8,0,34 29 30,1,100,,142289,8,0,34 29 30,1,100,,142292,8,0,34 29 30,1,100,,142295,8,0,34 29 30,1,100,,142297,8,0,34 29 30,1,93,,142298,30,0,57 29 30,1,55,,142299,30,0,57 29 30,1,100,,142300,30,0,57 29 30,1,100,,142301,30,0,57 29 30,1,102,,142302,30,0,57 29 30,1,100,,142303,30,0,57 29 30,1
2100,'20260803',521,,142304,30,0,57 29 30,1,100,,142305,30,0,57 29 30,1,36,,142306,30,0,57 29 30,1,150,,142309,8,0,34 29 30,1,100,,142313,8,0,34 29 30,1,100,,142317,8,0,34 29 30,1,100,,142321,8,0,34 29 30,1,100,,142324,8,0,34 29 30,1,100,,142327,8,0,34 29 30,1,100,,142330,8,0,34 29 30,1,100,,142333,8,0,34 29 30,1,100,,142336,8,0,34 29 30,1,100,,142339,8,0,34 29 30,1,100,,142342,8,0,34 29 30,1,100,,142344,8,0,34 29 30,1,93,,142346,30,0,57 29 30,1,55,,142347,30,0,57 29 30,1,100,,142348,30,0,57 29 30,1,100,,142349,30,0,57 29 30,1,102,,142350,30,0,57 29 30,1,100,,142351,30,0,57 29 30,1
2100,'20260804',420,,142352,30,,,1,37,,142353,30,,,1,65,,142354,30,,,1,391,,142358,6,0,5 29 30,1,100,,142364,6,0,5 29 30,1,100,,142370,6,0,16 29 30,1,95,,142374,6,0,16 29 30,1,45,,142378,6,0,16 29 30,1,150,,142381,6,0,16 29 30,1,97,,142383,6,0,16 29 30,1,53,,142386,6,0,16 29 30,1,147,,142388,30,,,1,105,,142389,30,,,1,95,,142390,30,,,1,100,,142391,30,,,1,59,,142392,30,,,1,100,,142393,30,,,1,97,,142394,30,,,1,100,,142395,30,,,1,144,,142396,30,,,1
2100,'20260805',420,,142397,30,,,1,37,,142398,30,,,1,65,,142399,30,,,1,391,,142403,6,0,5 29 30,1,100,,142409,6,0,5 29 30,1,100,,142415,6,0,16 29 30,1,95,,142419,6,0,16 29 30,1,45,,142423,6,0,16 29 30,1,150,,142426,6,0,16 29 30,1,97,,142428,6,0,16 29 30,1,53,,142431,6,0,16 29 30,1,147,,142433,30,,,1,105,,142434,30,,,1,95,,142435,30,,,1,100,,142436,30,,,1,59,,142437,30,,,1,100,,142438,30,,,1,97,,142439,30,,,1,100,,142440,30,,,1,144,,142441,30,,,1
2100,'20260806',420,,142442,30,,,1,37,,142443,30,,,1,65,,142444,30,,,1,391,,142448,6,0,5 29 30,1,100,,142454,6,0,5 29 30,1,100,,142460,6,0,16 29 30,1,95,,142464,6,0,16 29 30,1,45,,142468,6,0,16 29 30,1,150,,142471,6,0,16 29 30,1,97,,142473,6,0,16 29 30,1,53,,142476,6,0,16 29 30,1,147,,142478,30,,,1,105,,142479,30,,,1,95,,142480,30,,,1,100,,142481,30,,,1,59,,142482,30,,,1,100,,142483,30,,,1,97,,142484,30,,,1,100,,142485,30,,,1,144,,142486,30,,,1
2100,'20260807',420,,142487,30,,,1,37,,142488,30,,,1,65,,142489,30,,,1,391,,142493,6,0,5 29 30,1,100,,142499,6,0,5 29 30,1,100,,142505,6,0,16 29 30,1,95,,142509,6,0,16 29 30,1,45,,142513,6,0,16 29 30,1,150,,142516,6,0,16 29 30,1,97,,142518,6,0,16 29 30,1,53,,142521,6,0,16 29 30,1,147,,142523,30,,,1,105,,142524,30,,,1,95,,142525,30,,,1,100,,142526,30,,,1,59,,142527,30,,,1,100,,142528,30,,,1,97,,142529,30,,,1,100,,142530,30,,,1,144,,142531,30,,,1
2100,'20260808',521,,142532,30,0,57 29 30,1,100,,142533,30,0,57 29 30,1,36,,142534,30,0,57 29 30,1,150,,142537,8,0,34 29 30,1,100,,142541,8,0,34 29 30,1,100,,142545,8,0,34 29 30,1,100,,142549,8,0,34 29 30,1,100,,142552,8,0,34 29 30,1,100,,142555,8,0,34 29 30,1,100,,142558,8,0,34 29 30,1,100,,142561,8,0,34 29 30,1,100,,142564,8,0,34 29 30,1,100,,142567,8,0,34 29 30,1,100,,142570,8,0,34 29 30,1,100,,142572,8,0,34 29 30,1,93,,142574,30,0,57 29 30,1,55,,142575,30,0,57 29 30,1,100,,142576,30,0,57 29 30,1,100,,142577,30,0,57 29 30,1,102,,142578,30,0,57 29 30,1,100,,142579,30,0,57 29 30,1
2100,'20260809',521,,142580,30,0,57 29 30,1,100,,142581,30,0,57 29 30,1,36,,142582,30,0,57 29 30,1,150,,142584,8,0,34 29 30,1,100,,142587,8,0,34 29 30,1,100,,142590,8,0,34 29 30,1,100,,142593,8,0,34 29 30,1,100,,142596,8,0,34 29 30,1,100,,142599,8,0,34 29 30,1,100,,142602,8,0,34 29 30,1,100,,142605,8,0,34 29 30,1,100,,142608,8,0,34 29 30,1,100,,142611,8,0,34 29 30,1,100,,142614,8,0,34 29 30,1,100,,142616,8,0,34 29 30,1,93,,142617,30,0,57 29 30,1,55,,142618,30,0,57 29 30,1,100,,142619,30,0,57 29 30,1,100,,142620,30,0,57 29 30,1,102,,142621,30,0,57 29 30,1,100,,142622,30,0,57 29 30,1
2100,'20260810',420,,142623,30,,,1,37,,142624,30,,,1,65,,142625,30,,,1,391,,142629,6,0,5 29 30,1,100,,142635,6,0,5 29 30,1,100,,142641,6,0,16 29 30,1,95,,142645,6,0,16 29 30,1,45,,142649,6,0,16 29 30,1,150,,142652,6,0,16 29 30,1,97,,142654,6,0,16 29 30,1,53,,142657,6,0,16 29 30,1,147,,142659,30,,,1,105,,142660,30,,,1,95,,142661,30,,,1,100,,142662,30,,,1,59,,142663,30,,,1,100,,142664,30,,,1,97,,142665,30,,,1,100,,142666,30,,,1,144,,142667,30,,,1
2100,'20260811',420,,142668,30,,,1,37,,142669,30,,,1,65,,142670,30,,,1,391,,142674,6,0,5 29 30,1,100,,142680,6,0,5 29 30,1,100,,142686,6,0,16 29 30,1,95,,142690,6,0,16 29 30,1,45,,142694,6,0,16 29 30,1,150,,142697,6,0,16 29 30,1,97,,142699,6,0,16 29 30,1,53,,142702,6,0,16 29 30,1,147,,142704,30,,,1,105,,142705,30,,,1,95,,142706,30,,,1,100,,142707,30,,,1,59,,142708,30,,,1,100,,142709,30,,,1,97,,142710,30,,,1,100,,142711,30,,,1,144,,142712,30,,,1
2100,'20260812',420,,142713,30,,,1,37,,142714,30,,,1,65,,142715,30,,,1,391,,142719,6,0,5 29 30,1,100,,142725,6,0,5 29 30,1,100,,142731,6,0,16 29 30,1,95,,142735,6,0,16 29 30,1,45,,142739,6,0,16 29 30,1,150,,142742,6,0,16 29 30,1,97,,142744,6,0,16 29 30,1,53,,142747,6,0,16 29 30,1,147,,142749,30,,,1,105,,142750,30,,,1,95,,142751,30,,,1,100,,142752,30,,,1,59,,142753,30,,,1,100,,142754,30,,,1,97,,142755,30,,,1,100,,142756,30,,,1,144,,142757,30,,,1
2100,'20260813',420,,142758,30,,,1,37,,142759,30,,,1,65,,142760,30,,,1,391,,142764,6,0,5 29 30,1,100,,142770,6,0,5 29 30,1,100,,142776,6,0,16 29 30,1,95,,142780,6,0,16 29 30,1,45,,142784,6,0,16 29 30,1,150,,142787,6,0,16 29 30,1,97,,142789,6,0,16 29 30,1,53,,142792,6,0,16 29 30,1,147,,142794,30,,,1,105,,142795,30,,,1,95,,142796,30,,,1,100,,142797,30,,,1,59,,142798,30,,,1,100,,142799,30,,,1,97,,142800,30,,,1,100,,142801,30,,,1,144,,142802,30,,,1
2100,'20260814',420,,142803,30,,,1,37,,142804,30,,,1,65,,142805,30,,,1,391,,142809,6,0,5 29 30,1,100,,142815,6,0,5 29 30,1,100,,142821,6,0,16 29 30,1,95,,142825,6,0,16 29 30,1,45,,142829,6,0,16 29 30,1,150,,142832,6,0,16 29 30,1,97,,142834,6,0,16 29 30,1,53,,142837,6,0,16 29 30,1,147,,142839,30,,,1,105,,142840,30,,,1,95,,142841,30,,,1,100,,142842,30,,,1,59,,142843,30,,,1,100,,142844,30,,,1,97,,142845,30,,,1,100,,142846,30,,,1,144,,142847,30,,,1
2100,'20260815',521,,142848,30,0,57 29 30,1,100,,142849,30,0,57 29 30,1,36,,142850,30,0,57 29 30,1,150,,142853,8,0,34 29 30,1,100,,142857,8,0,34 29 30,1,100,,142861,8,0,34 29 30,1,100,,142865,8,0,34 29 30,1,100,,142868,8,0,34 29 30,1,100,,142871,8,0,34 29 30,1,100,,142874,8,0,34 29 30,1,100,,142877,8,0,34 29 30,1,100,,142880,8,0,34 29 30,1,100,,142883,8,0,34 29 30,1,100,,142886,8,0,34 29 30,1,100,,142888,8,0,34 29 30,1,93,,142890,30,0,57 29 30,1,55,,142891,30,0,57 29 30,1,100,,142892,30,0,57 29 30,1,100,,142893,30,0,57 29 30,1,102,,142894,30,0,57 29 30,1,100,,142895,30,0,57 29 30,1
2100,'20260816',521,,142896,30,0,57 29 30,1,100,,142897,30,0,57 29 30,1,36,,142898,30,0,57 29 30,1,150,,142900,8,0,34 29 30,1,100,,142903,8,0,34 29 30,1,100,,142906,8,0,34 29 30,1,100,,142909,8,0,34 29 30,1,100,,142912,8,0,34 29 30,1,100,,142915,8,0,34 29 30,1,100,,142918,8,0,34 29 30,1,100,,142921,8,0,34 29 30,1,100,,142924,8,0,34 29 30,1,100,,142927,8,0,34 29 30,1,100,,142930,8,0,34 29 30,1,100,,142932,8,0,34 29 30,1,93,,142933,30,0,57 29 30,1,55,,142934,30,0,57 29 30,1,100,,142935,30,0,57 29 30,1,100,,142936,30,0,57 29 30,1,102,,142937,30,0,57 29 30,1,100,,142938,30,0,57 29 30,1
2100,'20260817',420,,142939,30,,,1,37,,142940,30,,,1,65,,142941,30,,,1,391,,142945,6,0,5 29 30,1,100,,142951,6,0,5 29 30,1,100,,142957,6,0,16 29 30,1,95,,142961,6,0,16 29 30,1,45,,142965,6,0,16 29 30,1,150,,142968,6,0,16 29 30,1,97,,142970,6,0,16 29 30,1,53,,142973,6,0,16 29 30,1,147,,142975,30,,,1,105,,142976,30,,,1,95,,142977,30,,,1,100,,142978,30,,,1,59,,142979,30,,,1,100,,142980,30,,,1,97,,142981,30,,,1,100,,142982,30,,,1,144,,142983,30,,,1
2100,'20260818',420,,142984,30,,,1,37,,142985,30,,,1,65,,142986,30,,,1,391,,142990,6,0,5 29 30,1,100,,142996,6,0,5 29 30,1,100,,143002,6,0,16 29 30,1,95,,143006,6,0,16 29 30,1,45,,143010,6,0,16 29 30,1,150,,143013,6,0,16 29 30,1,97,,143015,6,0,16 29 30,1,53,,143018,6,0,16 29 30,1,147,,143020,30,,,1,105,,143021,30,,,1,95,,143022,30,,,1,100,,143023,30,,,1,59,,143024,30,,,1,100,,143025,30,,,1,97,,143026,30,,,1,100,,143027,30,,,1,144,,143028,30,,,1
2100,'20260819',420,,143029,30,,,1,37,,143030,30,,,1,65,,143031,30,,,1,391,,143035,6,0,5 29 30,1,100,,143041,6,0,5 29 30,1,100,,143047,6,0,16 29 30,1,95,,143051,6,0,16 29 30,1,45,,143055,6,0,16 29 30,1,150,,143058,6,0,16 29 30,1,97,,143060,6,0,16 29 30,1,53,,143063,6,0,16 29 30,1,147,,143065,30,,,1,105,,143066,30,,,1,95,,143067,30,,,1,100,,143068,30,,,1,59,,143069,30,,,1,100,,143070,30,,,1,97,,143071,30,,,1,100,,143072,30,,,1,144,,143073,30,,,1
2100,'20260820',420,,143074,30,,,1,37,,143075,30,,,1,65,,143076,30,,,1,391,,143080,6,0,5 29 30,1,100,,143086,6,0,5 29 30,1,100,,143092,6,0,16 29 30,1,95,,143096,6,0,16 29 30,1,45,,143100,6,0,16 29 30,1,150,,143103,6,0,16 29 30,1,97,,143105,6,0,16 29 30,1,53,,143108,6,0,16 29 30,1,147,,143110,30,,,1,105,,143111,30,,,1,95,,143112,30,,,1,100,,143113,30,,,1,59,,143114,30,,,1,100,,143115,30,,,1,97,,143116,30,,,1,100,,143117,30,,,1,144,,143118,30,,,1
2100,'20260821',420,,143119,30,,,1,37,,143120,30,,,1,65,,143121,30,,,1,391,,143125,6,0,5 29 30,1,100,,143131,6,0,5 29 30,1,100,,143137,6,0,16 29 30,1,95,,143141,6,0,16 29 30,1,45,,143145,6,0,16 29 30,1,150,,143148,6,0,16 29 30,1,97,,143150,6,0,16 29 30,1,53,,143153,6,0,16 29 30,1,147,,143155,30,,,1,105,,143156,30,,,1,95,,143157,30,,,1,100,,143158,30,,,1,59,,143159,30,,,1,100,,143160,30,,,1,97,,143161,30,,,1,100,,143162,30,,,1,144,,143163,30,,,1
2100,'20260822',521,,143164,30,0,57 29 30,1,100,,143165,30,0,57 29 30,1,36,,143166,30,0,57 29 30,1,150,,143169,8,0,34 29 30,1,100,,143173,8,0,34 29 30,1,100,,143177,8,0,34 29 30,1,100,,143181,8,0,34 29 30,1,100,,143184,8,0,34 29 30,1,100,,143187,8,0,34 29 30,1,100,,143190,8,0,34 29 30,1,100,,143193,8,0,34 29 30,1,100,,143196,8,0,34 29 30,1,100,,143199,8,0,34 29 30,1,100,,143202,8,0,34 29 30,1,100,,143204,8,0,34 29 30,1,93,,143206,30,0,57 29 30,1,55,,143207,30,0,57 29 30,1,100,,143208,30,0,57 29 30,1,100,,143209,30,0,57 29 30,1,102,,143210,30,0,57 29 30,1,100,,143211,30,0,57 29 30,1
2100,'20260823',521,,143212,30,0,57 29 30,1,100,,143213,30,0,57 29 30,1,36,,143214,30,0,57 29 30,1,150,,143216,8,0,34 29 30,1,100,,143219,8,0,34 29 30,1,100,,143222,8,0,34 29 30,1,100,,143225,8,0,34 29 30,1,100,,143228,8,0,34 29 30,1,100,,143231,8,0,34 29 30,1,100,,143234,8,0,34 29 30,1,100,,143237,8,0,34 29 30,1,100,,143240,8,0,34 29 30,1,100,,143243,8,0,34 29 30,1,100,,143246,8,0,34 29 30,1,100,,143248,8,0,34 29 30,1,93,,143249,30,0,57 29 30,1,55,,143250,30,0,57 29 30,1,100,,143251,30,0,57 29 30,1,100,,143252,30,0,57 29 30,1,102,,143253,30,0,57 29 30,1,100,,143254,30,0,57 29 30,1
2100,'20260824',420,,143255,30,,,1,37,,143256,30,,,1,65,,143257,30,,,1,391,,143261,6,0,5 29 30,1,100,,143267,6,0,5 29 30,1,100,,143273,6,0,16 29 30,1,95,,143277,6,0,16 29 30,1,45,,143281,6,0,16 29 30,1,150,,143284,6,0,16 29 30,1,97,,143286,6,0,16 29 30,1,53,,143289,6,0,16 29 30,1,147,,143291,30,,,1,105,,143292,30,,,1,95,,143293,30,,,1,100,,143294,30,,,1,59,,143295,30,,,1,100,,143296,30,,,1,97,,143297,30,,,1,100,,143298,30,,,1,144,,143299,30,,,1
2100,'20260825',420,,143300,30,,,1,37,,143301,30,,,1,65,,143302,30,,,1,391,,143306,6,0,5 29 30,1,100,,143312,6,0,5 29 30,1,100,,143318,6,0,16 29 30,1,95,,143322,6,0,16 29 30,1,45,,143326,6,0,16 29 30,1,150,,143329,6,0,16 29 30,1,97,,143331,6,0,16 29 30,1,53,,143334,6,0,16 29 30,1,147,,143336,30,,,1,105,,143337,30,,,1,95,,143338,30,,,1,100,,143339,30,,,1,59,,143340,30,,,1,100,,143341,30,,,1,97,,143342,30,,,1,100,,143343,30,,,1,144,,143344,30,,,1
2100,'20260826',420,,143345,30,,,1,37,,143346,30,,,1,65,,143347,30,,,1,391,,143351,6,0,5 29 30,1,100,,143357,6,0,5 29 30,1,100,,143363,6,0,16 29 30,1,95,,143367,6,0,16 29 30,1,45,,143371,6,0,16 29 30,1,150,,143374,6,0,16 29 30,1,97,,143376,6,0,16 29 30,1,53,,143379,6,0,16 29 30,1,147,,143381,30,,,1,105,,143382,30,,,1,95,,143383,30,,,1,100,,143384,30,,,1,59,,143385,30,,,1,100,,143386,30,,,1,97,,143387,30,,,1,100,,143388,30,,,1,144,,143389,30,,,1
2100,'20260827',420,,143390,30,,,1,37,,143391,30,,,1,65,,143392,30,,,1,391,,143396,6,0,5 29 30,1,100,,143402,6,0,5 29 30,1,100,,143408,6,0,16 29 30,1,95,,143412,6,0,16 29 30,1,45,,143416,6,0,16 29 30,1,150,,143419,6,0,16 29 30,1,97,,143421,6,0,16 29 30,1,53,,143424,6,0,16 29 30,1,147,,143426,30,,,1,105,,143427,30,,,1,95,,143428,30,,,1,100,,143429,30,,,1,59,,143430,30,,,1,100,,143431,30,,,1,97,,143432,30,,,1,100,,143433,30,,,1,144,,143434,30,,,1
2100,'20260828',420,,143435,30,,,1,37,,143436,30,,,1,65,,143437,30,,,1,391,,143441,6,0,5 29 30,1,100,,143447,6,0,5 29 30,1,100,,143453,6,0,16 29 30,1,95,,143457,6,0,16 29 30,1,45,,143461,6,0,16 29 30,1,150,,143464,6,0,16 29 30,1,97,,143466,6,0,16 29 30,1,53,,143469,6,0,16 29 30,1,147,,143471,30,,,1,105,,143472,30,,,1,95,,143473,30,,,1,100,,143474,30,,,1,59,,143475,30,,,1,100,,143476,30,,,1,97,,143477,30,,,1,100,,143478,30,,,1,144,,143479,30,,,1
2100,'20260829',521,,143480,30,0,57 29 30,1,100,,143481,30,0,57 29 30,1,36,,143482,30,0,57 29 30,1,150,,143485,8,0,34 29 30,1,100,,143489,8,0,34 29 30,1,100,,143493,8,0,34 29 30,1,100,,143497,8,0,34 29 30,1,100,,143500,8,0,34 29 30,1,100,,143503,8,0,34 29 30,1,100,,143506,8,0,34 29 30,1,100,,143509,8,0,34 29 30,1,100,,143512,8,0,34 29 30,1,100,,143515,8,0,34 29 30,1,100,,143518,8,0,34 29 30,1,100,,143520,8,0,34 29 30,1,93,,143522,30,0,57 29 30,1,55,,143523,30,0,57 29 30,1,100,,143524,30,0,57 29 30,1,100,,143525,30,0,57 29 30,1,102,,143526,30,0,57 29 30,1,100,,143527,30,0,57 29 30,1
2100,'20260830',521,,143528,30,0,57 29 30,1,100,,143529,30,0,57 29 30,1,36,,143530,30,0,57 29 30,1,150,,143532,8,0,34 29 30,1,100,,143535,8,0,34 29 30,1,100,,143538,8,0,34 29 30,1,100,,143541,8,0,34 29 30,1,100,,143544,8,0,34 29 30,1,100,,143547,8,0,34 29 30,1,100,,143550,8,0,34 29 30,1,100,,143553,8,0,34 29 30,1,100,,143556,8,0,34 29 30,1,100,,143559,8,0,34 29 30,1,100,,143562,8,0,34 29 30,1,100,,143564,8,0,34 29 30,1,93,,143565,30,0,57 29 30,1,55,,143566,30,0,57 29 30,1,100,,143567,30,0,57 29 30,1,100,,143568,30,0,57 29 30,1,102,,143569,30,0,57 29 30,1,100,,143570,30,0,57 29 30,1
2100,'20260831',420,,143571,30,,,1,37,,143572,30,,,1,65,,143573,30,,,1,391,,143577,6,0,5 29 30,1,100,,143583,6,0,5 29 30,1,100,,143589,6,0,16 29 30,1,95,,143593,6,0,16 29 30,1,45,,143597,6,0,16 29 30,1,150,,143600,6,0,16 29 30,1,97,,143602,6,0,16 29 30,1,53,,143605,6,0,16 29 30,1,147,,143607,30,,,1,105,,143608,30,,,1,95,,143609,30,,,1,100,,143610,30,,,1,59,,143611,30,,,1,100,,143612,30,,,1,97,,143613,30,,,1,100,,143614,30,,,1,144,,143615,30,,,1
2100,'20260901',420,,143616,30,,,1,37,,143617,30,,,1,65,,143618,30,,,1,391,,143622,6,0,5 29 30,1,100,,143628,6,0,5 29 30,1,100,,143634,6,0,16 29 30,1,95,,143638,6,0,16 29 30,1,45,,143642,6,0,16 29 30,1,150,,143645,6,0,16 29 30,1,97,,143647,6,0,16 29 30,1,53,,143650,6,0,16 29 30,1,147,,143652,30,,,1,105,,143653,30,,,1,95,,143654,30,,,1,100,,143655,30,,,1,59,,143656,30,,,1,100,,143657,30,,,1,97,,143658,30,,,1,100,,143659,30,,,1,144,,143660,30,,,1
2100,'20260902',420,,143661,30,,,1,37,,143662,30,,,1,65,,143663,30,,,1,391,,143667,6,0,5 29 30,1,100,,143673,6,0,5 29 30,1,100,,143679,6,0,16 29 30,1,95,,143683,6,0,16 29 30,1,45,,143687,6,0,16 29 30,1,150,,143690,6,0,16 29 30,1,97,,143692,6,0,16 29 30,1,53,,143695,6,0,16 29 30,1,147,,143697,30,,,1,105,,143698,30,,,1,95,,143699,30,,,1,100,,143700,30,,,1,59,,143701,30,,,1,100,,143702,30,,,1,97,,143703,30,,,1,100,,143704,30,,,1,144,,143705,30,,,1
2100,'20260903',420,,143706,30,,,1,37,,143707,30,,,1,65,,143708,30,,,1,391,,143712,6,0,5 29 30,1,100,,143718,6,0,5 29 30,1,100,,143724,6,0,16 29 30,1,95,,143728,6,0,16 29 30,1,45,,143732,6,0,16 29 30,1,150,,143735,6,0,16 29 30,1,97,,143737,6,0,16 29 30,1,53,,143740,6,0,16 29 30,1,147,,143742,30,,,1,105,,143743,30,,,1,95,,143744,30,,,1,100,,143745,30,,,1,59,,143746,30,,,1,100,,143747,30,,,1,97,,143748,30,,,1,100,,143749,30,,,1,144,,143750,30,,,1
2100,'20260904',420,,143751,30,,,1,37,,143752,30,,,1,65,,143753,30,,,1,391,,143757,6,0,5 29 30,1,100,,143763,6,0,5 29 30,1,100,,143769,6,0,16 29 30,1,95,,143773,6,0,16 29 30,1,45,,143777,6,0,16 29 30,1,150,,143780,6,0,16 29 30,1,97,,143782,6,0,16 29 30,1,53,,143785,6,0,16 29 30,1,147,,143787,30,,,1,105,,143788,30,,,1,95,,143789,30,,,1,100,,143790,30,,,1,59,,143791,30,,,1,100,,143792,30,,,1,97,,143793,30,,,1,100,,143794,30,,,1,144,,143795,30,,,1
