6800,'20260629',735,,204417,41,4,,1,102,,204418,33,4,,1,110,,204419,33,4,,1,386,,204420,41,4,,1,99,,204421,41,4,,1,304,,204422,33,4,,1,396,,204424,41,4,,1,90,,204425,41,4,,1,95,,204426,41,4,,1
6800,'20260630',735,,204427,41,4,,1,102,,204428,33,4,,1,110,,204429,33,4,,1,386,,204430,41,4,,1,99,,204431,41,4,,1,304,,204432,33,4,,1,396,,204434,41,4,,1,90,,204435,41,4,,1,95,,204436,41,4,,1
6800,'20260701',922,,204437,41,4,,1,305,,204438,41,4,,1,300,,204439,41,4,,1,400,,204440,41,4,,1,200,,204441,41,4,,1,475,,204442,33,4,,1
6800,'20260702',735,,204443,41,4,,1,102,,204444,33,4,,1,110,,204445,33,4,,1,386,,204446,41,4,,1,99,,204447,41,4,,1,304,,204448,33,4,,1,396,,204450,41,4,,1,90,,204451,41,4,,1,95,,204452,41,4,,1
6800,'20260703',735,,204453,41,4,,1,102,,204454,33,4,,1,110,,204455,33,4,,1,386,,204456,41,4,,1,99,,204457,41,4,,1,304,,204458,33,4,,1,396,,204460,41,4,,1,90,,204461,41,4,,1,95,,204462,41,4,,1
6800,'20260704',922,,204463,41,4,,1,305,,204464,41,4,,1,300,,204465,41,4,,1,400,,204466,41,4,,1,200,,204467,41,4,,1,475,,204468,33,4,,1
6800,'20260705',922,,204469,41,4,,1,305,,204470,41,4,,1,300,,204471,41,4,,1,400,,204472,41,4,,1,200,,204473,41,4,,1,475,,204474,33,4,,1
6800,'20260706',735,,204475,41,4,,1,102,,204476,33,4,,1,110,,204477,33,4,,1,386,,204478,41,4,,1,99,,204479,41,4,,1,304,,204480,33,4,,1,396,,204482,41,4,,1,90,,204483,41,4,,1,95,,204484,41,4,,1
6800,'20260707',735,,204485,41,4,,1,102,,204486,33,4,,1,110,,204487,33,4,,1,386,,204488,41,4,,1,99,,204489,41,4,,1,304,,204490,33,4,,1,396,,204492,41,4,,1,90,,204493,41,4,,1,95,,204494,41,4,,1
6800,'20260708',735,,204495,41,4,,1,102,,204496,33,4,,1,110,,204497,33,4,,1,386,,204498,41,4,,1,99,,204499,41,4,,1,304,,204500,33,4,,1,396,,204502,41,4,,1,90,,204503,41,4,,1,95,,204504,41,4,,1
6800,'20260709',735,,204505,41,4,,1,102,,204506,33,4,,1,110,,204507,33,4,,1,386,,204508,41,4,,1,99,,204509,41,4,,1,304,,204510,33,4,,1,396,,204512,41,4,,1,90,,204513,41,4,,1,95,,204514,41,4,,1
6800,'20260710',735,,204515,41,4,,1,102,,204516,33,4,,1,110,,204517,33,4,,1,386,,204518,41,4,,1,99,,204519,41,4,,1,304,,204520,33,4,,1,396,,204522,41,4,,1,90,,204523,41,4,,1,95,,204524,41,4,,1
6800,'20260711',922,,204525,41,4,,1,305,,204526,41,4,,1,300,,204527,41,4,,1,400,,204528,41,4,,1,200,,204529,41,4,,1,475,,204530,33,4,,1
6800,'20260712',922,,204531,41,4,,1,305,,204532,41,4,,1,300,,204533,41,4,,1,400,,204534,41,4,,1,200,,204535,41,4,,1,475,,204536,33,4,,1
6800,'20260713',735,,204537,41,4,,1,102,,204538,33,4,,1,110,,204539,33,4,,1,386,,204540,41,4,,1,99,,204541,41,4,,1,304,,204542,33,4,,1,396,,204544,41,4,,1,90,,204545,41,4,,1,95,,204546,41,4,,1
6800,'20260714',735,,204547,41,4,,1,102,,204548,33,4,,1,110,,204549,33,4,,1,386,,204550,41,4,,1,99,,204551,41,4,,1,304,,204552,33,4,,1,396,,204554,41,4,,1,90,,204555,41,4,,1,95,,204556,41,4,,1
6800,'20260715',735,,204557,41,4,,1,102,,204558,33,4,,1,110,,204559,33,4,,1,386,,204560,41,4,,1,99,,204561,41,4,,1,304,,204562,33,4,,1,396,,204564,41,4,,1,90,,204565,41,4,,1,95,,204566,41,4,,1
6800,'20260716',735,,204567,41,4,,1,102,,204568,33,4,,1,110,,204569,33,4,,1,386,,204570,41,4,,1,99,,204571,41,4,,1,304,,204572,33,4,,1,396,,204574,41,4,,1,90,,204575,41,4,,1,95,,204576,41,4,,1
6800,'20260717',735,,204577,41,4,,1,102,,204578,33,4,,1,110,,204579,33,4,,1,386,,204580,41,4,,1,99,,204581,41,4,,1,304,,204582,33,4,,1,396,,204584,41,4,,1,90,,204585,41,4,,1,95,,204586,41,4,,1
6800,'20260718',922,,204587,41,4,,1,305,,204588,41,4,,1,300,,204589,41,4,,1,400,,204590,41,4,,1,200,,204591,41,4,,1,475,,204592,33,4,,1
6800,'20260719',922,,204593,41,4,,1,305,,204594,41,4,,1,300,,204595,41,4,,1,400,,204596,41,4,,1,200,,204597,41,4,,1,475,,204598,33,4,,1
6800,'20260720',735,,204599,41,4,,1,102,,204600,33,4,,1,110,,204601,33,4,,1,386,,204602,41,4,,1,99,,204603,41,4,,1,304,,204604,33,4,,1,396,,204606,41,4,,1,90,,204607,41,4,,1,95,,204608,41,4,,1
6800,'20260721',735,,204609,41,4,,1,102,,204610,33,4,,1,110,,204611,33,4,,1,386,,204612,41,4,,1,99,,204613,41,4,,1,304,,204614,33,4,,1,396,,204616,41,4,,1,90,,204617,41,4,,1,95,,204618,41,4,,1
6800,'20260722',735,,204619,41,4,,1,102,,204620,33,4,,1,110,,204621,33,4,,1,386,,204622,41,4,,1,99,,204623,41,4,,1,304,,204624,33,4,,1,396,,204626,41,4,,1,90,,204627,41,4,,1,95,,204628,41,4,,1
6800,'20260723',735,,204629,41,4,,1,102,,204630,33,4,,1,110,,204631,33,4,,1,386,,204632,41,4,,1,99,,204633,41,4,,1,304,,204634,33,4,,1,396,,204636,41,4,,1,90,,204637,41,4,,1,95,,204638,41,4,,1
6800,'20260724',735,,204639,41,4,,1,102,,204640,33,4,,1,110,,204641,33,4,,1,386,,204642,41,4,,1,99,,204643,41,4,,1,304,,204644,33,4,,1,396,,204646,41,4,,1,90,,204647,41,4,,1,95,,204648,41,4,,1
6800,'20260725',922,,204649,41,4,,1,305,,204650,41,4,,1,300,,204651,41,4,,1,400,,204652,41,4,,1,200,,204653,41,4,,1,475,,204654,33,4,,1
6800,'20260726',922,,204655,41,4,,1,305,,204656,41,4,,1,300,,204657,41,4,,1,400,,204658,41,4,,1,200,,204659,41,4,,1,475,,204660,33,4,,1
6800,'20260727',735,,204661,41,4,,1,102,,204662,33,4,,1,110,,204663,33,4,,1,386,,204664,41,4,,1,99,,204665,41,4,,1,304,,204666,33,4,,1,396,,204668,41,4,,1,90,,204669,41,4,,1,95,,204670,41,4,,1
6800,'20260728',735,,204671,41,4,,1,102,,204672,33,4,,1,110,,204673,33,4,,1,386,,204674,41,4,,1,99,,204675,41,4,,1,304,,204676,33,4,,1,396,,204678,41,4,,1,90,,204679,41,4,,1,95,,204680,41,4,,1
6800,'20260729',735,,204681,41,4,,1,102,,204682,33,4,,1,110,,204683,33,4,,1,386,,204684,41,4,,1,99,,204685,41,4,,1,304,,204686,33,4,,1,396,,204688,41,4,,1,90,,204689,41,4,,1,95,,204690,41,4,,1
6800,'20260730',735,,204691,41,4,,1,102,,204692,33,4,,1,110,,204693,33,4,,1,386,,204694,41,4,,1,99,,204695,41,4,,1,304,,204696,33,4,,1,396,,204698,41,4,,1,90,,204699,41,4,,1,95,,204700,41,4,,1
6800,'20260731',735,,204701,41,4,,1,102,,204702,33,4,,1,110,,204703,33,4,,1,386,,204704,41,4,,1,99,,204705,41,4,,1,304,,204706,33,4,,1,396,,204708,41,4,,1,90,,204709,41,4,,1,95,,204710,41,4,,1
6800,'20260801',922,,204711,41,4,,1,305,,204712,41,4,,1,300,,204713,41,4,,1,400,,204714,41,4,,1,200,,204715,41,4,,1,475,,204716,33,4,,1
6800,'20260802',922,,204717,41,4,,1,305,,204718,41,4,,1,300,,204719,41,4,,1,400,,204720,41,4,,1,200,,204721,41,4,,1,475,,204722,33,4,,1
6800,'20260803',922,,204723,41,4,,1,305,,204724,41,4,,1,300,,204725,41,4,,1,400,,204726,41,4,,1,200,,204727,41,4,,1,475,,204728,33,4,,1
6800,'20260804',735,,204729,41,4,,1,102,,204730,33,4,,1,110,,204731,33,4,,1,386,,204732,41,4,,1,99,,204733,41,4,,1,304,,204734,33,4,,1,396,,204736,41,4,,1,90,,204737,41,4,,1,95,,204738,41,4,,1
6800,'20260805',735,,204739,41,4,,1,102,,204740,33,4,,1,110,,204741,33,4,,1,386,,204742,41,4,,1,99,,204743,41,4,,1,304,,204744,33,4,,1,396,,204746,41,4,,1,90,,204747,41,4,,1,95,,204748,41,4,,1
6800,'20260806',735,,204749,41,4,,1,102,,204750,33,4,,1,110,,204751,33,4,,1,386,,204752,41,4,,1,99,,204753,41,4,,1,304,,204754,33,4,,1,396,,204756,41,4,,1,90,,204757,41,4,,1,95,,204758,41,4,,1
6800,'20260807',735,,204759,41,4,,1,102,,204760,33,4,,1,110,,204761,33,4,,1,386,,204762,41,4,,1,99,,204763,41,4,,1,304,,204764,33,4,,1,396,,204766,41,4,,1,90,,204767,41,4,,1,95,,204768,41,4,,1
6800,'20260808',922,,204769,41,4,,1,305,,204770,41,4,,1,300,,204771,41,4,,1,400,,204772,41,4,,1,200,,204773,41,4,,1,475,,204774,33,4,,1
6800,'20260809',922,,204775,41,4,,1,305,,204776,41,4,,1,300,,204777,41,4,,1,400,,204778,41,4,,1,200,,204779,41,4,,1,475,,204780,33,4,,1
6800,'20260810',735,,204781,41,4,,1,102,,204782,33,4,,1,110,,204783,33,4,,1,386,,204784,41,4,,1,99,,204785,41,4,,1,304,,204786,33,4,,1,396,,204788,41,4,,1,90,,204789,41,4,,1,95,,204790,41,4,,1
6800,'20260811',735,,204791,41,4,,1,102,,204792,33,4,,1,110,,204793,33,4,,1,386,,204794,41,4,,1,99,,204795,41,4,,1,304,,204796,33,4,,1,396,,204798,41,4,,1,90,,204799,41,4,,1,95,,204800,41,4,,1
6800,'20260812',735,,204801,41,4,,1,102,,204802,33,4,,1,110,,204803,33,4,,1,386,,204804,41,4,,1,99,,204805,41,4,,1,304,,204806,33,4,,1,396,,204808,41,4,,1,90,,204809,41,4,,1,95,,204810,41,4,,1
6800,'20260813',735,,204811,41,4,,1,102,,204812,33,4,,1,110,,204813,33,4,,1,386,,204814,41,4,,1,99,,204815,41,4,,1,304,,204816,33,4,,1,396,,204818,41,4,,1,90,,204819,41,4,,1,95,,204820,41,4,,1
6800,'20260814',735,,204821,41,4,,1,102,,204822,33,4,,1,110,,204823,33,4,,1,386,,204824,41,4,,1,99,,204825,41,4,,1,304,,204826,33,4,,1,396,,204828,41,4,,1,90,,204829,41,4,,1,95,,204830,41,4,,1
6800,'20260815',922,,204831,41,4,,1,305,,204832,41,4,,1,300,,204833,41,4,,1,400,,204834,41,4,,1,200,,204835,41,4,,1,475,,204836,33,4,,1
6800,'20260816',922,,204837,41,4,,1,305,,204838,41,4,,1,300,,204839,41,4,,1,400,,204840,41,4,,1,200,,204841,41,4,,1,475,,204842,33,4,,1
6800,'20260817',735,,204843,41,4,,1,102,,204844,33,4,,1,110,,204845,33,4,,1,386,,204846,41,4,,1,99,,204847,41,4,,1,304,,204848,33,4,,1,396,,204850,41,4,,1,90,,204851,41,4,,1,95,,204852,41,4,,1
6800,'20260818',735,,204853,41,4,,1,102,,204854,33,4,,1,110,,204855,33,4,,1,386,,204856,41,4,,1,99,,204857,41,4,,1,304,,204858,33,4,,1,396,,204860,41,4,,1,90,,204861,41,4,,1,95,,204862,41,4,,1
6800,'20260819',735,,204863,41,4,,1,102,,204864,33,4,,1,110,,204865,33,4,,1,386,,204866,41,4,,1,99,,204867,41,4,,1,304,,204868,33,4,,1,396,,204870,41,4,,1,90,,204871,41,4,,1,95,,204872,41,4,,1
6800,'20260820',735,,204873,41,4,,1,102,,204874,33,4,,1,110,,204875,33,4,,1,386,,204876,41,4,,1,99,,204877,41,4,,1,304,,204878,33,4,,1,396,,204880,41,4,,1,90,,204881,41,4,,1,95,,204882,41,4,,1
6800,'20260821',735,,204883,41,4,,1,102,,204884,33,4,,1,110,,204885,33,4,,1,386,,204886,41,4,,1,99,,204887,41,4,,1,304,,204888,33,4,,1,396,,204890,41,4,,1,90,,204891,41,4,,1,95,,204892,41,4,,1
6800,'20260822',922,,204893,41,4,,1,305,,204894,41,4,,1,300,,204895,41,4,,1,400,,204896,41,4,,1,200,,204897,41,4,,1,475,,204898,33,4,,1
6800,'20260823',922,,204899,41,4,,1,305,,204900,41,4,,1,300,,204901,41,4,,1,400,,204902,41,4,,1,200,,204903,41,4,,1,475,,204904,33,4,,1
6800,'20260824',735,,204905,41,4,,1,102,,204906,33,4,,1,110,,204907,33,4,,1,386,,204908,41,4,,1,99,,204909,41,4,,1,304,,204910,33,4,,1,396,,204912,41,4,,1,90,,204913,41,4,,1,95,,204914,41,4,,1
6800,'20260825',735,,204915,41,4,,1,102,,204916,33,4,,1,110,,204917,33,4,,1,386,,204918,41,4,,1,99,,204919,41,4,,1,304,,204920,33,4,,1,396,,204922,41,4,,1,90,,204923,41,4,,1,95,,204924,41,4,,1
6800,'20260826',735,,204925,41,4,,1,102,,204926,33,4,,1,110,,204927,33,4,,1,386,,204928,41,4,,1,99,,204929,41,4,,1,304,,204930,33,4,,1,396,,204932,41,4,,1,90,,204933,41,4,,1,95,,204934,41,4,,1
6800,'20260827',735,,204935,41,4,,1,102,,204936,33,4,,1,110,,204937,33,4,,1,386,,204938,41,4,,1,99,,204939,41,4,,1,304,,204940,33,4,,1,396,,204942,41,4,,1,90,,204943,41,4,,1,95,,204944,41,4,,1
6800,'20260828',735,,204945,41,4,,1,102,,204946,33,4,,1,110,,204947,33,4,,1,386,,204948,41,4,,1,99,,204949,41,4,,1,304,,204950,33,4,,1,396,,204952,41,4,,1,90,,204953,41,4,,1,95,,204954,41,4,,1
6800,'20260829',922,,204955,41,4,,1,305,,204956,41,4,,1,300,,204957,41,4,,1,400,,204958,41,4,,1,200,,204959,41,4,,1,475,,204960,33,4,,1
6800,'20260830',922,,204961,41,4,,1,305,,204962,41,4,,1,300,,204963,41,4,,1,400,,204964,41,4,,1,200,,204965,41,4,,1,475,,204966,33,4,,1
6800,'20260831',735,,204967,41,4,,1,102,,204968,33,4,,1,110,,204969,33,4,,1,386,,204970,41,4,,1,99,,204971,41,4,,1,304,,204972,33,4,,1,396,,204974,41,4,,1,90,,204975,41,4,,1,95,,204976,41,4,,1
6800,'20260901',735,,204977,41,4,,1,102,,204978,33,4,,1,110,,204979,33,4,,1,386,,204980,41,4,,1,99,,204981,41,4,,1,304,,204982,33,4,,1,396,,204984,41,4,,1,90,,204985,41,4,,1,95,,204986,41,4,,1
6800,'20260902',735,,204987,41,4,,1,102,,204988,33,4,,1,110,,204989,33,4,,1,386,,204990,41,4,,1,99,,204991,41,4,,1,304,,204992,33,4,,1,396,,204994,41,4,,1,90,,204995,41,4,,1,95,,204996,41,4,,1
6800,'20260903',735,,204997,41,4,,1,102,,204998,33,4,,1,110,,204999,33,4,,1,386,,205000,41,4,,1,99,,205001,41,4,,1,304,,205002,33,4,,1,396,,205004,41,4,,1,90,,205005,41,4,,1,95,,205006,41,4,,1
6800,'20260904',735,,205007,41,4,,1,102,,205008,33,4,,1,110,,205009,33,4,,1,386,,205010,41,4,,1,99,,205011,41,4,,1,304,,205012,33,4,,1,396,,205014,41,4,,1,90,,205015,41,4,,1,95,,205016,41,4,,1
6801,'20260629',410,,205127,1,0,5 16 26 9,1,590,,205128,1,,,1,100,,205129,1,,,1,340,,205130,1,0,5 16 26 9,1,200,,205131,1,0,5 16 26 9,1,160,,205132,1,,,1,110,,205133,1,,,1,345,,205134,1,0,5 16 26 9,1
6801,'20260630',410,,205135,1,0,5 16 26 9,1,590,,205136,1,,,1,100,,205137,1,,,1,340,,205138,1,0,5 16 26 9,1,200,,205139,1,0,5 16 26 9,1,160,,205140,1,,,1,110,,205141,1,,,1,345,,205142,1,0,5 16 26 9,1
6801,'20260701',910,,205143,1,,,1,300,,205144,1,,,1,300,,205145,1,,,1,300,,205146,1,,,1,505,,205147,1,0,5 16 26 9,1
6801,'20260702',410,,205148,1,0,5 16 26 9,1,590,,205149,1,,,1,100,,205150,1,,,1,340,,205151,1,0,5 16 26 9,1,200,,205152,1,0,5 16 26 9,1,160,,205153,1,,,1,110,,205154,1,,,1,345,,205155,1,0,5 16 26 9,1
6801,'20260703',410,,205156,1,0,5 16 26 9,1,590,,205157,1,,,1,100,,205158,1,,,1,340,,205159,1,0,5 16 26 9,1,200,,205160,1,0,5 16 26 9,1,160,,205161,1,,,1,110,,205162,1,,,1,345,,205163,1,0,5 16 26 9,1
6801,'20260704',910,,205164,1,,,1,300,,205165,1,,,1,300,,205166,1,,,1,300,,205167,1,,,1,505,,205168,1,0,5 16 26 9,1
6801,'20260705',910,,205169,1,,,1,300,,205170,1,,,1,300,,205171,1,,,1,300,,205172,1,,,1,505,,205173,1,0,5 16 26 9,1
6801,'20260706',410,,205174,1,0,5 16 26 9,1,590,,205175,1,,,1,100,,205176,1,,,1,340,,205177,1,0,5 16 26 9,1,200,,205178,1,0,5 16 26 9,1,160,,205179,1,,,1,110,,205180,1,,,1,345,,205181,1,0,5 16 26 9,1
6801,'20260707',410,,205182,1,0,5 16 26 9,1,590,,205183,1,,,1,100,,205184,1,,,1,340,,205185,1,0,5 16 26 9,1,200,,205186,1,0,5 16 26 9,1,160,,205187,1,,,1,110,,205188,1,,,1,345,,205189,1,0,5 16 26 9,1
6801,'20260708',410,,205190,1,0,5 16 26 9,1,590,,205191,1,,,1,100,,205192,1,,,1,340,,205193,1,0,5 16 26 9,1,200,,205194,1,0,5 16 26 9,1,160,,205195,1,,,1,110,,205196,1,,,1,345,,205197,1,0,5 16 26 9,1
6801,'20260709',410,,205198,1,0,5 16 26 9,1,590,,205199,1,,,1,100,,205200,1,,,1,340,,205201,1,0,5 16 26 9,1,200,,205202,1,0,5 16 26 9,1,160,,205203,1,,,1,110,,205204,1,,,1,345,,205205,1,0,5 16 26 9,1
6801,'20260710',410,,205206,1,0,5 16 26 9,1,590,,205207,1,,,1,100,,205208,1,,,1,340,,205209,1,0,5 16 26 9,1,200,,205210,1,0,5 16 26 9,1,160,,205211,1,,,1,110,,205212,1,,,1,345,,205213,1,0,5 16 26 9,1
6801,'20260711',910,,205214,1,,,1,300,,205215,1,,,1,300,,205216,1,,,1,300,,205217,1,,,1,505,,205218,1,0,5 16 26 9,1
6801,'20260712',910,,205219,1,,,1,300,,205220,1,,,1,300,,205221,1,,,1,300,,205222,1,,,1,505,,205223,1,0,5 16 26 9,1
6801,'20260713',410,,205224,1,0,5 16 26 9,1,590,,205225,1,,,1,100,,205226,1,,,1,340,,205227,1,0,5 16 26 9,1,200,,205228,1,0,5 16 26 9,1,160,,205229,1,,,1,110,,205230,1,,,1,345,,205231,1,0,5 16 26 9,1
6801,'20260714',410,,205232,1,0,5 16 26 9,1,590,,205233,1,,,1,100,,205234,1,,,1,340,,205235,1,0,5 16 26 9,1,200,,205236,1,0,5 16 26 9,1,160,,205237,1,,,1,110,,205238,1,,,1,345,,205239,1,0,5 16 26 9,1
6801,'20260715',410,,205240,1,0,5 16 26 9,1,590,,205241,1,,,1,100,,205242,1,,,1,340,,205243,1,0,5 16 26 9,1,200,,205244,1,0,5 16 26 9,1,160,,205245,1,,,1,110,,205246,1,,,1,345,,205247,1,0,5 16 26 9,1
6801,'20260716',410,,205248,1,0,5 16 26 9,1,590,,205249,1,,,1,100,,205250,1,,,1,340,,205251,1,0,5 16 26 9,1,200,,205252,1,0,5 16 26 9,1,160,,205253,1,,,1,110,,205254,1,,,1,345,,205255,1,0,5 16 26 9,1
6801,'20260717',410,,205256,1,0,5 16 26 9,1,590,,205257,1,,,1,100,,205258,1,,,1,340,,205259,1,0,5 16 26 9,1,200,,205260,1,0,5 16 26 9,1,160,,205261,1,,,1,110,,205262,1,,,1,345,,205263,1,0,5 16 26 9,1
6801,'20260718',910,,205264,1,,,1,300,,205265,1,,,1,300,,205266,1,,,1,300,,205267,1,,,1,505,,205268,1,0,5 16 26 9,1
6801,'20260719',910,,205269,1,,,1,300,,205270,1,,,1,300,,205271,1,,,1,300,,205272,1,,,1,505,,205273,1,0,5 16 26 9,1
6801,'20260720',410,,205274,1,0,5 16 26 9,1,590,,205275,1,,,1,100,,205276,1,,,1,340,,205277,1,0,5 16 26 9,1,200,,205278,1,0,5 16 26 9,1,160,,205279,1,,,1,110,,205280,1,,,1,345,,205281,1,0,5 16 26 9,1
6801,'20260721',410,,205282,1,0,5 16 26 9,1,590,,205283,1,,,1,100,,205284,1,,,1,340,,205285,1,0,5 16 26 9,1,200,,205286,1,0,5 16 26 9,1,160,,205287,1,,,1,110,,205288,1,,,1,345,,205289,1,0,5 16 26 9,1
6801,'20260722',410,,205290,1,0,5 16 26 9,1,590,,205291,1,,,1,100,,205292,1,,,1,340,,205293,1,0,5 16 26 9,1,200,,205294,1,0,5 16 26 9,1,160,,205295,1,,,1,110,,205296,1,,,1,345,,205297,1,0,5 16 26 9,1
6801,'20260723',410,,205298,1,0,5 16 26 9,1,590,,205299,1,,,1,100,,205300,1,,,1,340,,205301,1,0,5 16 26 9,1,200,,205302,1,0,5 16 26 9,1,160,,205303,1,,,1,110,,205304,1,,,1,345,,205305,1,0,5 16 26 9,1
6801,'20260724',410,,205306,1,0,5 16 26 9,1,590,,205307,1,,,1,100,,205308,1,,,1,340,,205309,1,0,5 16 26 9,1,200,,205310,1,0,5 16 26 9,1,160,,205311,1,,,1,110,,205312,1,,,1,345,,205313,1,0,5 16 26 9,1
6801,'20260725',910,,205314,1,,,1,300,,205315,1,,,1,300,,205316,1,,,1,300,,205317,1,,,1,505,,205318,1,0,5 16 26 9,1
6801,'20260726',910,,205319,1,,,1,300,,205320,1,,,1,300,,205321,1,,,1,300,,205322,1,,,1,505,,205323,1,0,5 16 26 9,1
6801,'20260727',410,,205324,1,0,5 16 26 9,1,590,,205325,1,,,1,100,,205326,1,,,1,340,,205327,1,0,5 16 26 9,1,200,,205328,1,0,5 16 26 9,1,160,,205329,1,,,1,110,,205330,1,,,1,345,,205331,1,0,5 16 26 9,1
6801,'20260728',410,,205332,1,0,5 16 26 9,1,590,,205333,1,,,1,100,,205334,1,,,1,340,,205335,1,0,5 16 26 9,1,200,,205336,1,0,5 16 26 9,1,160,,205337,1,,,1,110,,205338,1,,,1,345,,205339,1,0,5 16 26 9,1
6801,'20260729',410,,205340,1,0,5 16 26 9,1,590,,205341,1,,,1,100,,205342,1,,,1,340,,205343,1,0,5 16 26 9,1,200,,205344,1,0,5 16 26 9,1,160,,205345,1,,,1,110,,205346,1,,,1,345,,205347,1,0,5 16 26 9,1
6801,'20260730',410,,205348,1,0,5 16 26 9,1,590,,205349,1,,,1,100,,205350,1,,,1,340,,205351,1,0,5 16 26 9,1,200,,205352,1,0,5 16 26 9,1,160,,205353,1,,,1,110,,205354,1,,,1,345,,205355,1,0,5 16 26 9,1
6801,'20260731',410,,205356,1,0,5 16 26 9,1,590,,205357,1,,,1,100,,205358,1,,,1,340,,205359,1,0,5 16 26 9,1,200,,205360,1,0,5 16 26 9,1,160,,205361,1,,,1,110,,205362,1,,,1,345,,205363,1,0,5 16 26 9,1
6801,'20260801',910,,205364,1,,,1,300,,205365,1,,,1,300,,205366,1,,,1,300,,205367,1,,,1,505,,205368,1,0,5 16 26 9,1
6801,'20260802',910,,205369,1,,,1,300,,205370,1,,,1,300,,205371,1,,,1,300,,205372,1,,,1,505,,205373,1,0,5 16 26 9,1
6801,'20260803',910,,205374,1,,,1,300,,205375,1,,,1,300,,205376,1,,,1,300,,205377,1,,,1,505,,205378,1,0,5 16 26 9,1
6801,'20260804',410,,205379,1,0,5 16 26 9,1,590,,205380,1,,,1,100,,205381,1,,,1,340,,205382,1,0,5 16 26 9,1,200,,205383,1,0,5 16 26 9,1,160,,205384,1,,,1,110,,205385,1,,,1,345,,205386,1,0,5 16 26 9,1
6801,'20260805',410,,205387,1,0,5 16 26 9,1,590,,205388,1,,,1,100,,205389,1,,,1,340,,205390,1,0,5 16 26 9,1,200,,205391,1,0,5 16 26 9,1,160,,205392,1,,,1,110,,205393,1,,,1,345,,205394,1,0,5 16 26 9,1
6801,'20260806',410,,205395,1,0,5 16 26 9,1,590,,205396,1,,,1,100,,205397,1,,,1,340,,205398,1,0,5 16 26 9,1,200,,205399,1,0,5 16 26 9,1,160,,205400,1,,,1,110,,205401,1,,,1,345,,205402,1,0,5 16 26 9,1
6801,'20260807',410,,205403,1,0,5 16 26 9,1,590,,205404,1,,,1,100,,205405,1,,,1,340,,205406,1,0,5 16 26 9,1,200,,205407,1,0,5 16 26 9,1,160,,205408,1,,,1,110,,205409,1,,,1,345,,205410,1,0,5 16 26 9,1
6801,'20260808',910,,205411,1,,,1,300,,205412,1,,,1,300,,205413,1,,,1,300,,205414,1,,,1,505,,205415,1,0,5 16 26 9,1
6801,'20260809',910,,205416,1,,,1,300,,205417,1,,,1,300,,205418,1,,,1,300,,205419,1,,,1,505,,205420,1,0,5 16 26 9,1
6801,'20260810',410,,205421,1,0,5 16 26 9,1,590,,205422,1,,,1,100,,205423,1,,,1,340,,205424,1,0,5 16 26 9,1,200,,205425,1,0,5 16 26 9,1,160,,205426,1,,,1,110,,205427,1,,,1,345,,205428,1,0,5 16 26 9,1
6801,'20260811',410,,205429,1,0,5 16 26 9,1,590,,205430,1,,,1,100,,205431,1,,,1,340,,205432,1,0,5 16 26 9,1,200,,205433,1,0,5 16 26 9,1,160,,205434,1,,,1,110,,205435,1,,,1,345,,205436,1,0,5 16 26 9,1
6801,'20260812',410,,205437,1,0,5 16 26 9,1,590,,205438,1,,,1,100,,205439,1,,,1,340,,205440,1,0,5 16 26 9,1,200,,205441,1,0,5 16 26 9,1,160,,205442,1,,,1,110,,205443,1,,,1,345,,205444,1,0,5 16 26 9,1
6801,'20260813',410,,205445,1,0,5 16 26 9,1,590,,205446,1,,,1,100,,205447,1,,,1,340,,205448,1,0,5 16 26 9,1,200,,205449,1,0,5 16 26 9,1,160,,205450,1,,,1,110,,205451,1,,,1,345,,205452,1,0,5 16 26 9,1
6801,'20260814',410,,205453,1,0,5 16 26 9,1,590,,205454,1,,,1,100,,205455,1,,,1,340,,205456,1,0,5 16 26 9,1,200,,205457,1,0,5 16 26 9,1,160,,205458,1,,,1,110,,205459,1,,,1,345,,205460,1,0,5 16 26 9,1
6801,'20260815',910,,205461,1,,,1,300,,205462,1,,,1,300,,205463,1,,,1,300,,205464,1,,,1,505,,205465,1,0,5 16 26 9,1
6801,'20260816',910,,205466,1,,,1,300,,205467,1,,,1,300,,205468,1,,,1,300,,205469,1,,,1,505,,205470,1,0,5 16 26 9,1
6801,'20260817',410,,205471,1,0,5 16 26 9,1,590,,205472,1,,,1,100,,205473,1,,,1,340,,205474,1,0,5 16 26 9,1,200,,205475,1,0,5 16 26 9,1,160,,205476,1,,,1,110,,205477,1,,,1,345,,205478,1,0,5 16 26 9,1
6801,'20260818',410,,205479,1,0,5 16 26 9,1,590,,205480,1,,,1,100,,205481,1,,,1,340,,205482,1,0,5 16 26 9,1,200,,205483,1,0,5 16 26 9,1,160,,205484,1,,,1,110,,205485,1,,,1,345,,205486,1,0,5 16 26 9,1
6801,'20260819',410,,205487,1,0,5 16 26 9,1,590,,205488,1,,,1,100,,205489,1,,,1,340,,205490,1,0,5 16 26 9,1,200,,205491,1,0,5 16 26 9,1,160,,205492,1,,,1,110,,205493,1,,,1,345,,205494,1,0,5 16 26 9,1
6801,'20260820',410,,205495,1,0,5 16 26 9,1,590,,205496,1,,,1,100,,205497,1,,,1,340,,205498,1,0,5 16 26 9,1,200,,205499,1,0,5 16 26 9,1,160,,205500,1,,,1,110,,205501,1,,,1,345,,205502,1,0,5 16 26 9,1
6801,'20260821',410,,205503,1,0,5 16 26 9,1,590,,205504,1,,,1,100,,205505,1,,,1,340,,205506,1,0,5 16 26 9,1,200,,205507,1,0,5 16 26 9,1,160,,205508,1,,,1,110,,205509,1,,,1,345,,205510,1,0,5 16 26 9,1
6801,'20260822',910,,205511,1,,,1,300,,205512,1,,,1,300,,205513,1,,,1,300,,205514,1,,,1,505,,205515,1,0,5 16 26 9,1
6801,'20260823',910,,205516,1,,,1,300,,205517,1,,,1,300,,205518,1,,,1,300,,205519,1,,,1,505,,205520,1,0,5 16 26 9,1
6801,'20260824',410,,205521,1,0,5 16 26 9,1,590,,205522,1,,,1,100,,205523,1,,,1,340,,205524,1,0,5 16 26 9,1,200,,205525,1,0,5 16 26 9,1,160,,205526,1,,,1,110,,205527,1,,,1,345,,205528,1,0,5 16 26 9,1
6801,'20260825',410,,205529,1,0,5 16 26 9,1,590,,205530,1,,,1,100,,205531,1,,,1,340,,205532,1,0,5 16 26 9,1,200,,205533,1,0,5 16 26 9,1,160,,205534,1,,,1,110,,205535,1,,,1,345,,205536,1,0,5 16 26 9,1
6801,'20260826',410,,205537,1,0,5 16 26 9,1,590,,205538,1,,,1,100,,205539,1,,,1,340,,205540,1,0,5 16 26 9,1,200,,205541,1,0,5 16 26 9,1,160,,205542,1,,,1,110,,205543,1,,,1,345,,205544,1,0,5 16 26 9,1
6801,'20260827',410,,205545,1,0,5 16 26 9,1,590,,205546,1,,,1,100,,205547,1,,,1,340,,205548,1,0,5 16 26 9,1,200,,205549,1,0,5 16 26 9,1,160,,205550,1,,,1,110,,205551,1,,,1,345,,205552,1,0,5 16 26 9,1
6801,'20260828',410,,205553,1,0,5 16 26 9,1,590,,205554,1,,,1,100,,205555,1,,,1,340,,205556,1,0,5 16 26 9,1,200,,205557,1,0,5 16 26 9,1,160,,205558,1,,,1,110,,205559,1,,,1,345,,205560,1,0,5 16 26 9,1
6801,'20260829',910,,205561,1,,,1,300,,205562,1,,,1,300,,205563,1,,,1,300,,205564,1,,,1,505,,205565,1,0,5 16 26 9,1
6801,'20260830',910,,205566,1,,,1,300,,205567,1,,,1,300,,205568,1,,,1,300,,205569,1,,,1,505,,205570,1,0,5 16 26 9,1
6801,'20260831',410,,205571,1,0,5 16 26 9,1,590,,205572,1,,,1,100,,205573,1,,,1,340,,205574,1,0,5 16 26 9,1,200,,205575,1,0,5 16 26 9,1,160,,205576,1,,,1,110,,205577,1,,,1,345,,205578,1,0,5 16 26 9,1
6801,'20260901',410,,205579,1,0,5 16 26 9,1,590,,205580,1,,,1,100,,205581,1,,,1,340,,205582,1,0,5 16 26 9,1,200,,205583,1,0,5 16 26 9,1,160,,205584,1,,,1,110,,205585,1,,,1,345,,205586,1,0,5 16 26 9,1
6801,'20260902',410,,205587,1,0,5 16 26 9,1,590,,205588,1,,,1,100,,205589,1,,,1,340,,205590,1,0,5 16 26 9,1,200,,205591,1,0,5 16 26 9,1,160,,205592,1,,,1,110,,205593,1,,,1,345,,205594,1,0,5 16 26 9,1
6801,'20260903',410,,205595,1,0,5 16 26 9,1,590,,205596,1,,,1,100,,205597,1,,,1,340,,205598,1,0,5 16 26 9,1,200,,205599,1,0,5 16 26 9,1,160,,205600,1,,,1,110,,205601,1,,,1,345,,205602,1,0,5 16 26 9,1
6801,'20260904',410,,205603,1,0,5 16 26 9,1,590,,205604,1,,,1,100,,205605,1,,,1,340,,205606,1,0,5 16 26 9,1,200,,205607,1,0,5 16 26 9,1,160,,205608,1,,,1,110,,205609,1,,,1,345,,205610,1,0,5 16 26 9,1
