3801,'20260716',513,,176695,4,,,1,100,,176696,4,,,1
3801,'20260717',513,,176697,4,,,1,100,,176698,4,,,1
3801,'20260720',513,,176699,4,,,1,100,,176700,4,,,1
3801,'20260721',513,,176701,4,,,1,100,,176702,4,,,1
3801,'20260722',513,,176703,4,,,1,100,,176704,4,,,1
3801,'20260723',513,,176705,4,,,1,100,,176706,4,,,1
3801,'20260724',513,,176707,4,,,1,100,,176708,4,,,1
3801,'20260727',513,,176709,4,,,1,100,,176710,4,,,1
3801,'20260728',513,,176711,4,,,1,100,,176712,4,,,1
3801,'20260729',513,,176713,4,,,1,100,,176714,4,,,1
3801,'20260730',513,,176715,4,,,1,100,,176716,4,,,1
3801,'20260731',513,,176717,4,,,1,100,,176718,4,,,1
3801,'20260804',513,,176719,4,,,1,100,,176720,4,,,1
3801,'20260805',513,,176721,4,,,1,100,,176722,4,,,1
3801,'20260806',513,,176723,4,,,1,100,,176724,4,,,1
3801,'20260807',513,,176725,4,,,1,100,,176726,4,,,1
3801,'20260810',513,,176727,4,,,1,100,,176728,4,,,1
3801,'20260811',513,,176729,4,,,1,100,,176730,4,,,1
3801,'20260812',513,,176731,4,,,1,100,,176732,4,,,1
3801,'20260813',513,,176733,4,,,1,100,,176734,4,,,1
3801,'20260814',513,,176735,4,,,1,100,,176736,4,,,1
3801,'20260817',513,,176737,4,,,1,100,,176738,4,,,1
3801,'20260818',513,,176739,4,,,1,100,,176740,4,,,1
3801,'20260819',513,,176741,4,,,1,100,,176742,4,,,1
3801,'20260820',513,,176743,4,,,1,100,,176744,4,,,1
3801,'20260821',513,,176745,4,,,1,100,,176746,4,,,1
3801,'20260824',513,,176747,4,,,1,100,,176748,4,,,1
3801,'20260825',513,,176749,4,,,1,100,,176750,4,,,1
3801,'20260826',513,,176751,4,,,1,100,,176752,4,,,1
3801,'20260827',513,,176753,4,,,1,100,,176754,4,,,1
3801,'20260828',513,,176755,4,,,1,100,,176756,4,,,1
3801,'20260831',513,,176757,4,,,1,100,,176758,4,,,1
3801,'20260901',513,,176759,4,,,1,100,,176760,4,,,1
3801,'20260902',513,,176761,4,,,1,100,,176762,4,,,1
3801,'20260903',513,,176763,4,,,1,100,,176764,4,,,1
3801,'20260904',513,,176765,4,,,1,100,,176766,4,,,1
