4100,'20260409',516,,38655,11,,,1,25,,38657,11,,,1,69,,38662,11,,,1,32,,38668,11,,,1,73,,38674,11,,,1,31,,38678,11,,,1,75,,38682,11,,,1,25,,38685,11,,,1,71,,38688,11,,,1,30,,38691,11,,,1,75,,38694,11,,,1,22,,38697,11,,,1,70,,38700,11,,,1,25,,38703,11,,,1,73,,38706,11,,,1,30,,38709,11,,,1,70,,38712,11,,,1,26,,38715,11,,,1,70,,38717,11,,,1,27,,38720,11,,,1,77,,38722,11,,,1,30,,38724,11,,,1,70,,38726,11,,,1,35,,38728,11,,,1,73,,38730,11,,,1,35,,38732,11,,,1,70,,38734,11,,,1,29,,38736,11,,,1,70,,38737,11,,,1,25,,38738,11,,,1,97,,38739,11,,,1,100,,38740,11,,,1,100,,38741,11,,,1
4100,'20260410',516,,38742,11,,,1,25,,38744,11,,,1,69,,38749,11,,,1,32,,38755,11,,,1,73,,38761,11,,,1,31,,38765,11,,,1,75,,38769,11,,,1,25,,38772,11,,,1,71,,38775,11,,,1,30,,38778,11,,,1,75,,38781,11,,,1,22,,38784,11,,,1,70,,38787,11,,,1,25,,38790,11,,,1,73,,38793,11,,,1,30,,38796,11,,,1,70,,38799,11,,,1,26,,38802,11,,,1,70,,38804,11,,,1,27,,38807,11,,,1,77,,38809,11,,,1,30,,38811,11,,,1,70,,38813,11,,,1,35,,38815,11,,,1,73,,38817,11,,,1,35,,38819,11,,,1,70,,38821,11,,,1,29,,38823,11,,,1,70,,38824,11,,,1,25,,38825,11,,,1,97,,38826,11,,,1,100,,38827,11,,,1,100,,38828,11,,,1
4100,'20260413',516,,38829,11,,,1,25,,38831,11,,,1,69,,38836,11,,,1,32,,38842,11,,,1,73,,38848,11,,,1,31,,38852,11,,,1,75,,38855,11,,,1,25,,38857,11,,,1,71,,38859,11,,,1,30,,38862,11,,,1,75,,38865,11,,,1,22,,38868,11,,,1,70,,38870,11,,,1,25,,38872,11,,,1,73,,38875,11,,,1,30,,38878,11,,,1,70,,38881,11,,,1,26,,38884,11,,,1,70,,38886,11,,,1,27,,38889,11,,,1,77,,38891,11,,,1,30,,38893,11,,,1,70,,38895,11,,,1,35,,38897,11,,,1,73,,38899,11,,,1,35,,38901,11,,,1,70,,38903,11,,,1,29,,38905,11,,,1,70,,38906,11,,,1,25,,38907,11,,,1,97,,38908,11,,,1,100,,38909,11,,,1,100,,38910,11,,,1
4100,'20260414',516,,38911,11,,,1,25,,38913,11,,,1,69,,38918,11,,,1,32,,38924,11,,,1,73,,38930,11,,,1,31,,38934,11,,,1,75,,38937,11,,,1,25,,38939,11,,,1,71,,38941,11,,,1,30,,38944,11,,,1,75,,38947,11,,,1,22,,38950,11,,,1,70,,38952,11,,,1,25,,38954,11,,,1,73,,38957,11,,,1,30,,38960,11,,,1,70,,38963,11,,,1,26,,38966,11,,,1,70,,38968,11,,,1,27,,38971,11,,,1,77,,38973,11,,,1,30,,38975,11,,,1,70,,38977,11,,,1,35,,38979,11,,,1,73,,38981,11,,,1,35,,38983,11,,,1,70,,38985,11,,,1,29,,38987,11,,,1,70,,38988,11,,,1,25,,38989,11,,,1,97,,38990,11,,,1,100,,38991,11,,,1,100,,38992,11,,,1
4100,'20260415',516,,38993,11,,,1,25,,38995,11,,,1,69,,39000,11,,,1,32,,39006,11,,,1,73,,39012,11,,,1,31,,39016,11,,,1,75,,39019,11,,,1,25,,39021,11,,,1,71,,39023,11,,,1,30,,39026,11,,,1,75,,39029,11,,,1,22,,39032,11,,,1,70,,39034,11,,,1,25,,39036,11,,,1,73,,39039,11,,,1,30,,39042,11,,,1,70,,39045,11,,,1,26,,39048,11,,,1,70,,39050,11,,,1,27,,39053,11,,,1,77,,39055,11,,,1,30,,39057,11,,,1,70,,39059,11,,,1,35,,39061,11,,,1,73,,39063,11,,,1,35,,39065,11,,,1,70,,39067,11,,,1,29,,39069,11,,,1,70,,39070,11,,,1,25,,39071,11,,,1,97,,39072,11,,,1,100,,39073,11,,,1,100,,39074,11,,,1
4100,'20260416',516,,39075,11,,,1,25,,39077,11,,,1,69,,39082,11,,,1,32,,39088,11,,,1,73,,39094,11,,,1,31,,39098,11,,,1,75,,39101,11,,,1,25,,39103,11,,,1,71,,39105,11,,,1,30,,39108,11,,,1,75,,39111,11,,,1,22,,39114,11,,,1,70,,39116,11,,,1,25,,39118,11,,,1,73,,39121,11,,,1,30,,39124,11,,,1,70,,39127,11,,,1,26,,39130,11,,,1,70,,39132,11,,,1,27,,39135,11,,,1,77,,39137,11,,,1,30,,39139,11,,,1,70,,39141,11,,,1,35,,39143,11,,,1,73,,39145,11,,,1,35,,39147,11,,,1,70,,39149,11,,,1,29,,39151,11,,,1,70,,39152,11,,,1,25,,39153,11,,,1,97,,39154,11,,,1,100,,39155,11,,,1,100,,39156,11,,,1
4100,'20260417',516,,39157,11,,,1,25,,39159,11,,,1,69,,39164,11,,,1,32,,39170,11,,,1,73,,39176,11,,,1,31,,39180,11,,,1,75,,39183,11,,,1,25,,39185,11,,,1,71,,39187,11,,,1,30,,39190,11,,,1,75,,39193,11,,,1,22,,39196,11,,,1,70,,39198,11,,,1,25,,39200,11,,,1,73,,39203,11,,,1,30,,39206,11,,,1,70,,39209,11,,,1,26,,39212,11,,,1,70,,39214,11,,,1,27,,39217,11,,,1,77,,39219,11,,,1,30,,39221,11,,,1,70,,39223,11,,,1,35,,39225,11,,,1,73,,39227,11,,,1,35,,39229,11,,,1,70,,39231,11,,,1,29,,39233,11,,,1,70,,39234,11,,,1,25,,39235,11,,,1,97,,39236,11,,,1,100,,39237,11,,,1,100,,39238,11,,,1
4100,'20260420',516,,39239,11,,,1,25,,39241,11,,,1,69,,39246,11,,,1,32,,39252,11,,,1,73,,39258,11,,,1,31,,39262,11,,,1,75,,39265,11,,,1,25,,39267,11,,,1,71,,39269,11,,,1,30,,39272,11,,,1,75,,39275,11,,,1,22,,39278,11,,,1,70,,39280,11,,,1,25,,39282,11,,,1,73,,39285,11,,,1,30,,39288,11,,,1,70,,39291,11,,,1,26,,39294,11,,,1,70,,39296,11,,,1,27,,39299,11,,,1,77,,39301,11,,,1,30,,39303,11,,,1,70,,39305,11,,,1,35,,39307,11,,,1,73,,39309,11,,,1,35,,39311,11,,,1,70,,39313,11,,,1,29,,39315,11,,,1,70,,39316,11,,,1,25,,39317,11,,,1,97,,39318,11,,,1,100,,39319,11,,,1,100,,39320,11,,,1
4100,'20260421',516,,39321,11,,,1,25,,39323,11,,,1,69,,39328,11,,,1,32,,39334,11,,,1,73,,39340,11,,,1,31,,39344,11,,,1,75,,39347,11,,,1,25,,39349,11,,,1,71,,39351,11,,,1,30,,39354,11,,,1,75,,39357,11,,,1,22,,39360,11,,,1,70,,39362,11,,,1,25,,39364,11,,,1,73,,39367,11,,,1,30,,39370,11,,,1,70,,39373,11,,,1,26,,39376,11,,,1,70,,39378,11,,,1,27,,39381,11,,,1,77,,39383,11,,,1,30,,39385,11,,,1,70,,39387,11,,,1,35,,39389,11,,,1,73,,39391,11,,,1,35,,39393,11,,,1,70,,39395,11,,,1,29,,39397,11,,,1,70,,39398,11,,,1,25,,39399,11,,,1,97,,39400,11,,,1,100,,39401,11,,,1,100,,39402,11,,,1
4100,'20260422',516,,39403,11,,,1,25,,39405,11,,,1,69,,39410,11,,,1,32,,39416,11,,,1,73,,39422,11,,,1,31,,39426,11,,,1,75,,39429,11,,,1,25,,39431,11,,,1,71,,39433,11,,,1,30,,39436,11,,,1,75,,39439,11,,,1,22,,39442,11,,,1,70,,39444,11,,,1,25,,39446,11,,,1,73,,39449,11,,,1,30,,39452,11,,,1,70,,39455,11,,,1,26,,39458,11,,,1,70,,39460,11,,,1,27,,39463,11,,,1,77,,39465,11,,,1,30,,39467,11,,,1,70,,39469,11,,,1,35,,39471,11,,,1,73,,39473,11,,,1,35,,39475,11,,,1,70,,39477,11,,,1,29,,39479,11,,,1,70,,39480,11,,,1,25,,39481,11,,,1,97,,39482,11,,,1,100,,39483,11,,,1,100,,39484,11,,,1
4100,'20260423',516,,39485,11,,,1,25,,39487,11,,,1,69,,39492,11,,,1,32,,39498,11,,,1,73,,39504,11,,,1,31,,39508,11,,,1,75,,39511,11,,,1,25,,39513,11,,,1,71,,39515,11,,,1,30,,39518,11,,,1,75,,39521,11,,,1,22,,39524,11,,,1,70,,39526,11,,,1,25,,39528,11,,,1,73,,39531,11,,,1,30,,39534,11,,,1,70,,39537,11,,,1,26,,39540,11,,,1,70,,39542,11,,,1,27,,39545,11,,,1,77,,39547,11,,,1,30,,39549,11,,,1,70,,39551,11,,,1,35,,39553,11,,,1,73,,39555,11,,,1,35,,39557,11,,,1,70,,39559,11,,,1,29,,39561,11,,,1,70,,39562,11,,,1,25,,39563,11,,,1,97,,39564,11,,,1,100,,39565,11,,,1,100,,39566,11,,,1
4100,'20260424',516,,39567,11,,,1,25,,39569,11,,,1,69,,39574,11,,,1,32,,39580,11,,,1,73,,39586,11,,,1,31,,39590,11,,,1,75,,39593,11,,,1,25,,39595,11,,,1,71,,39597,11,,,1,30,,39600,11,,,1,75,,39603,11,,,1,22,,39606,11,,,1,70,,39608,11,,,1,25,,39610,11,,,1,73,,39613,11,,,1,30,,39616,11,,,1,70,,39619,11,,,1,26,,39622,11,,,1,70,,39624,11,,,1,27,,39627,11,,,1,77,,39629,11,,,1,30,,39631,11,,,1,70,,39633,11,,,1,35,,39635,11,,,1,73,,39637,11,,,1,35,,39639,11,,,1,70,,39641,11,,,1,29,,39643,11,,,1,70,,39644,11,,,1,25,,39645,11,,,1,97,,39646,11,,,1,100,,39647,11,,,1,100,,39648,11,,,1
4101,'20260409',724,,41035,20,,,1,29,,41036,20,,,1,70,,41037,20,,,1,30,,41038,20,,,1,85,,41039,20,,,1,68,,41040,20,,,1,30,,41041,20,,,1,70,,41042,20,,,1,25,,41043,20,,,1,75,,41044,20,,,1,37,,41045,20,,,1,75,,41046,20,,,1,30,,41048,20,,,1,70,,41050,20,,,1,25,,41052,20,,,1,65,,41054,20,,,1,23,,41056,20,,,1,20,,41058,20,,,1,80,,41061,20,,,1,77,,41064,20,,,1,40,,41067,20,,,1,75,,41070,20,,,1,33,,41075,20,,,1,75,,41079,20,,,1,20,,41082,20,,,1,65,,41085,20,,,1,40,,41088,20,,,1,80,,41091,20,,,1,15,,41093,20,,,1,70,,41095,20,,,1,30,,41097,20,,,1,95,,41099,20,,,1,87,,41100,20,,,1
4101,'20260410',724,,41101,20,,,1,29,,41102,20,,,1,70,,41103,20,,,1,30,,41104,20,,,1,85,,41105,20,,,1,68,,41106,20,,,1,30,,41107,20,,,1,70,,41108,20,,,1,25,,41109,20,,,1,75,,41110,20,,,1,37,,41111,20,,,1,75,,41112,20,,,1,30,,41114,20,,,1,70,,41116,20,,,1,25,,41118,20,,,1,65,,41120,20,,,1,23,,41122,20,,,1,20,,41124,20,,,1,80,,41127,20,,,1,77,,41130,20,,,1,40,,41133,20,,,1,75,,41136,20,,,1,33,,41141,20,,,1,75,,41145,20,,,1,20,,41148,20,,,1,65,,41151,20,,,1,40,,41154,20,,,1,80,,41157,20,,,1,15,,41159,20,,,1,70,,41161,20,,,1,30,,41163,20,,,1,95,,41165,20,,,1,87,,41166,20,,,1
4101,'20260413',724,,41167,20,,,1,29,,41168,20,,,1,70,,41169,20,,,1,30,,41170,20,,,1,85,,41171,20,,,1,68,,41172,20,,,1,30,,41173,20,,,1,70,,41174,20,,,1,25,,41175,20,,,1,75,,41176,20,,,1,37,,41177,20,,,1,75,,41178,20,,,1,30,,41180,20,,,1,70,,41182,20,,,1,25,,41184,20,,,1,65,,41186,20,,,1,23,,41188,20,,,1,20,,41190,20,,,1,80,,41193,20,,,1,77,,41196,20,,,1,40,,41199,20,,,1,75,,41202,20,,,1,33,,41207,20,,,1,75,,41211,20,,,1,20,,41214,20,,,1,65,,41216,20,,,1,40,,41218,20,,,1,80,,41220,20,,,1,15,,41222,20,,,1,70,,41224,20,,,1,30,,41226,20,,,1,95,,41228,20,,,1,87,,41229,20,,,1
4101,'20260414',724,,41230,20,,,1,29,,41231,20,,,1,70,,41232,20,,,1,30,,41233,20,,,1,85,,41234,20,,,1,68,,41235,20,,,1,30,,41236,20,,,1,70,,41237,20,,,1,25,,41238,20,,,1,75,,41239,20,,,1,37,,41240,20,,,1,75,,41241,20,,,1,30,,41243,20,,,1,70,,41245,20,,,1,25,,41247,20,,,1,65,,41249,20,,,1,23,,41251,20,,,1,20,,41253,20,,,1,80,,41256,20,,,1,77,,41259,20,,,1,40,,41262,20,,,1,75,,41265,20,,,1,33,,41270,20,,,1,75,,41274,20,,,1,20,,41277,20,,,1,65,,41279,20,,,1,40,,41281,20,,,1,80,,41283,20,,,1,15,,41285,20,,,1,70,,41287,20,,,1,30,,41289,20,,,1,95,,41291,20,,,1,87,,41292,20,,,1
4101,'20260415',724,,41293,20,,,1,29,,41294,20,,,1,70,,41295,20,,,1,30,,41296,20,,,1,85,,41297,20,,,1,68,,41298,20,,,1,30,,41299,20,,,1,70,,41300,20,,,1,25,,41301,20,,,1,75,,41302,20,,,1,37,,41303,20,,,1,75,,41304,20,,,1,30,,41306,20,,,1,70,,41308,20,,,1,25,,41310,20,,,1,65,,41312,20,,,1,23,,41314,20,,,1,20,,41316,20,,,1,80,,41319,20,,,1,77,,41322,20,,,1,40,,41325,20,,,1,75,,41328,20,,,1,33,,41333,20,,,1,75,,41337,20,,,1,20,,41340,20,,,1,65,,41342,20,,,1,40,,41344,20,,,1,80,,41346,20,,,1,15,,41348,20,,,1,70,,41350,20,,,1,30,,41352,20,,,1,95,,41354,20,,,1,87,,41355,20,,,1
4101,'20260416',724,,41356,20,,,1,29,,41357,20,,,1,70,,41358,20,,,1,30,,41359,20,,,1,85,,41360,20,,,1,68,,41361,20,,,1,30,,41362,20,,,1,70,,41363,20,,,1,25,,41364,20,,,1,75,,41365,20,,,1,37,,41366,20,,,1,75,,41367,20,,,1,30,,41369,20,,,1,70,,41371,20,,,1,25,,41373,20,,,1,65,,41375,20,,,1,23,,41377,20,,,1,20,,41379,20,,,1,80,,41382,20,,,1,77,,41385,20,,,1,40,,41388,20,,,1,75,,41391,20,,,1,33,,41396,20,,,1,75,,41400,20,,,1,20,,41403,20,,,1,65,,41405,20,,,1,40,,41407,20,,,1,80,,41409,20,,,1,15,,41411,20,,,1,70,,41413,20,,,1,30,,41415,20,,,1,95,,41417,20,,,1,87,,41418,20,,,1
4101,'20260417',724,,41419,20,,,1,29,,41420,20,,,1,70,,41421,20,,,1,30,,41422,20,,,1,85,,41423,20,,,1,68,,41424,20,,,1,30,,41425,20,,,1,70,,41426,20,,,1,25,,41427,20,,,1,75,,41428,20,,,1,37,,41429,20,,,1,75,,41430,20,,,1,30,,41432,20,,,1,70,,41434,20,,,1,25,,41436,20,,,1,65,,41438,20,,,1,23,,41440,20,,,1,20,,41442,20,,,1,80,,41445,20,,,1,77,,41448,20,,,1,40,,41451,20,,,1,75,,41454,20,,,1,33,,41459,20,,,1,75,,41463,20,,,1,20,,41466,20,,,1,65,,41468,20,,,1,40,,41470,20,,,1,80,,41472,20,,,1,15,,41474,20,,,1,70,,41476,20,,,1,30,,41478,20,,,1,95,,41480,20,,,1,87,,41481,20,,,1
4101,'20260420',724,,41482,20,,,1,29,,41483,20,,,1,70,,41484,20,,,1,30,,41485,20,,,1,85,,41486,20,,,1,68,,41487,20,,,1,30,,41488,20,,,1,70,,41489,20,,,1,25,,41490,20,,,1,75,,41491,20,,,1,37,,41492,20,,,1,75,,41493,20,,,1,30,,41495,20,,,1,70,,41497,20,,,1,25,,41499,20,,,1,65,,41501,20,,,1,23,,41503,20,,,1,20,,41505,20,,,1,80,,41508,20,,,1,77,,41511,20,,,1,40,,41514,20,,,1,75,,41517,20,,,1,33,,41522,20,,,1,75,,41526,20,,,1,20,,41529,20,,,1,65,,41531,20,,,1,40,,41533,20,,,1,80,,41535,20,,,1,15,,41537,20,,,1,70,,41539,20,,,1,30,,41541,20,,,1,95,,41543,20,,,1,87,,41544,20,,,1
4101,'20260421',724,,41545,20,,,1,29,,41546,20,,,1,70,,41547,20,,,1,30,,41548,20,,,1,85,,41549,20,,,1,68,,41550,20,,,1,30,,41551,20,,,1,70,,41552,20,,,1,25,,41553,20,,,1,75,,41554,20,,,1,37,,41555,20,,,1,75,,41556,20,,,1,30,,41558,20,,,1,70,,41560,20,,,1,25,,41562,20,,,1,65,,41564,20,,,1,23,,41566,20,,,1,20,,41568,20,,,1,80,,41571,20,,,1,77,,41574,20,,,1,40,,41577,20,,,1,75,,41580,20,,,1,33,,41585,20,,,1,75,,41589,20,,,1,20,,41592,20,,,1,65,,41594,20,,,1,40,,41596,20,,,1,80,,41598,20,,,1,15,,41600,20,,,1,70,,41602,20,,,1,30,,41604,20,,,1,95,,41606,20,,,1,87,,41607,20,,,1
4101,'20260422',724,,41608,20,,,1,29,,41609,20,,,1,70,,41610,20,,,1,30,,41611,20,,,1,85,,41612,20,,,1,68,,41613,20,,,1,30,,41614,20,,,1,70,,41615,20,,,1,25,,41616,20,,,1,75,,41617,20,,,1,37,,41618,20,,,1,75,,41619,20,,,1,30,,41621,20,,,1,70,,41623,20,,,1,25,,41625,20,,,1,65,,41627,20,,,1,23,,41629,20,,,1,20,,41631,20,,,1,80,,41634,20,,,1,77,,41637,20,,,1,40,,41640,20,,,1,75,,41643,20,,,1,33,,41648,20,,,1,75,,41652,20,,,1,20,,41655,20,,,1,65,,41657,20,,,1,40,,41659,20,,,1,80,,41661,20,,,1,15,,41663,20,,,1,70,,41665,20,,,1,30,,41667,20,,,1,95,,41669,20,,,1,87,,41670,20,,,1
4101,'20260423',724,,41671,20,,,1,29,,41672,20,,,1,70,,41673,20,,,1,30,,41674,20,,,1,85,,41675,20,,,1,68,,41676,20,,,1,30,,41677,20,,,1,70,,41678,20,,,1,25,,41679,20,,,1,75,,41680,20,,,1,37,,41681,20,,,1,75,,41682,20,,,1,30,,41684,20,,,1,70,,41686,20,,,1,25,,41688,20,,,1,65,,41690,20,,,1,23,,41692,20,,,1,20,,41694,20,,,1,80,,41697,20,,,1,77,,41700,20,,,1,40,,41703,20,,,1,75,,41706,20,,,1,33,,41711,20,,,1,75,,41715,20,,,1,20,,41718,20,,,1,65,,41720,20,,,1,40,,41722,20,,,1,80,,41724,20,,,1,15,,41726,20,,,1,70,,41728,20,,,1,30,,41730,20,,,1,95,,41732,20,,,1,87,,41733,20,,,1
4101,'20260424',724,,41734,20,,,1,29,,41735,20,,,1,70,,41736,20,,,1,30,,41737,20,,,1,85,,41738,20,,,1,68,,41739,20,,,1,30,,41740,20,,,1,70,,41741,20,,,1,25,,41742,20,,,1,75,,41743,20,,,1,37,,41744,20,,,1,75,,41745,20,,,1,30,,41747,20,,,1,70,,41749,20,,,1,25,,41751,20,,,1,65,,41753,20,,,1,23,,41755,20,,,1,20,,41757,20,,,1,80,,41760,20,,,1,77,,41763,20,,,1,40,,41766,20,,,1,75,,41769,20,,,1,33,,41774,20,,,1,75,,41778,20,,,1,20,,41781,20,,,1,65,,41783,20,,,1,40,,41785,20,,,1,80,,41787,20,,,1,15,,41789,20,,,1,70,,41791,20,,,1,30,,41793,20,,,1,95,,41795,20,,,1,87,,41796,20,,,1
4700,'20260409',1306,,43079,3,0,53 54 25,1,95,,43080,3,0,53 54 25,1,27,,43082,3,0,53 54 25,1,79,,43083,3,0,53 54 25,1,30,,43085,3,0,53 54 25,1,70,,43087,3,0,53 54 25,1,35,,43090,3,0,53 54 25,1,68,,43093,3,0,53 54 25,1,5,,43094,3,0,53 54 25,1,30,,43097,3,0,53 54 25,1,5,,43099,3,0,53 54 25,1,65,,43101,3,0,53 54 25,1,5,,43103,3,0,53 54 25,1,24,,43104,3,0,53 54 25,1,5,,43105,3,0,53 54 25,1,70,,43107,3,0,53 54 25,1,20,,43108,3,0,53 54 25,1,62,,43110,3,0,53 54 25,1,15,,43112,11,,,1,15,,43113,3,0,53 54 25,1,70,,43115,3,0,53 54 25,1,15,,43117,11,,,1,15,,43118,3,0,53 54 25,1,85,,43121,11,,,1,100,,43122,11,,,1,25,,43123,11,,,1
4700,'20260410',1306,,43125,3,0,53 54 25,1,95,,43126,3,0,53 54 25,1,27,,43128,3,0,53 54 25,1,79,,43129,3,0,53 54 25,1,30,,43131,3,0,53 54 25,1,70,,43133,3,0,53 54 25,1,35,,43136,3,0,53 54 25,1,68,,43139,3,0,53 54 25,1,5,,43140,3,0,53 54 25,1,30,,43143,3,0,53 54 25,1,5,,43145,3,0,53 54 25,1,65,,43147,3,0,53 54 25,1,5,,43149,3,0,53 54 25,1,24,,43150,3,0,53 54 25,1,5,,43151,3,0,53 54 25,1,70,,43153,3,0,53 54 25,1,20,,43154,3,0,53 54 25,1,62,,43156,3,0,53 54 25,1,15,,43158,11,,,1,15,,43159,3,0,53 54 25,1,70,,43161,3,0,53 54 25,1,15,,43163,11,,,1,15,,43164,3,0,53 54 25,1,85,,43167,11,,,1,100,,43168,11,,,1,25,,43169,11,,,1
4700,'20260411',516,,43170,11,,,1,100,,43171,11,,,1,30,,43172,11,,,1,70,,43173,11,,,1,30,,43174,11,,,1,70,,43175,11,,,1,30,,43176,11,,,1,68,,43177,11,,,1,30,,43178,11,,,1,70,,43179,11,,,1,30,,43180,11,,,1,70,,43181,11,,,1,30,,43182,11,,,1,70,,43183,11,,,1,30,,43184,11,,,1,65,,43185,11,,,1,34,,43186,11,,,1,70,,43187,11,,,1,30,,43188,11,,,1,70,,43189,11,,,1,30,,43190,11,,,1,70,,43191,11,,,1,30,,43192,11,,,1,70,,43193,11,,,1,30,,43194,11,,,1,70,,43195,11,,,1,30,,43196,11,,,1,70,,43197,11,,,1,30,,43198,11,,,1,71,,43199,11,,,1,30,,43200,11,,,1,70,,43201,11,,,1,30,,43202,11,,,1,100,,43203,11,,,1,100,,43204,11,,,1
4700,'20260412',516,,43205,11,,,1,100,,43206,11,,,1,30,,43207,11,,,1,70,,43208,11,,,1,30,,43209,11,,,1,70,,43210,11,,,1,30,,43211,11,,,1,68,,43212,11,,,1,30,,43213,11,,,1,70,,43214,11,,,1,30,,43215,11,,,1,70,,43216,11,,,1,30,,43217,11,,,1,70,,43218,11,,,1,30,,43219,11,,,1,65,,43220,11,,,1,34,,43221,11,,,1,70,,43222,11,,,1,30,,43223,11,,,1,70,,43224,11,,,1,30,,43225,11,,,1,70,,43226,11,,,1,30,,43227,11,,,1,70,,43228,11,,,1,30,,43229,11,,,1,70,,43230,11,,,1,30,,43231,11,,,1,70,,43232,11,,,1,30,,43233,11,,,1,71,,43234,11,,,1,30,,43235,11,,,1,70,,43236,11,,,1,30,,43237,11,,,1,100,,43238,11,,,1,100,,43239,11,,,1
4700,'20260413',1507,,43242,3,0,53 54 25,1,30,,43244,3,0,53 54 25,1,70,,43246,3,0,53 54 25,1,35,,43249,3,0,53 54 25,1,68,,43252,3,0,53 54 25,1,5,,43253,3,0,53 54 25,1,35,,43256,3,0,53 54 25,1,65,,43258,3,0,53 54 25,1,29,,43260,3,0,53 54 25,1,75,,43262,3,0,53 54 25,1,82,,43264,3,0,53 54 25,1,15,,43266,11,,,1,85,,43268,3,0,53 54 25,1,15,,43270,11,,,1,100,,43273,11,,,1,100,,43274,11,,,1,25,,43275,11,,,1
4700,'20260414',1507,,43278,3,0,53 54 25,1,30,,43280,3,0,53 54 25,1,70,,43282,3,0,53 54 25,1,35,,43285,3,0,53 54 25,1,68,,43288,3,0,53 54 25,1,5,,43289,3,0,53 54 25,1,35,,43292,3,0,53 54 25,1,65,,43294,3,0,53 54 25,1,29,,43296,3,0,53 54 25,1,75,,43298,3,0,53 54 25,1,82,,43300,3,0,53 54 25,1,15,,43302,11,,,1,85,,43304,3,0,53 54 25,1,15,,43306,11,,,1,100,,43309,11,,,1,100,,43310,11,,,1,25,,43311,11,,,1
4700,'20260415',1507,,43314,3,0,53 54 25,1,30,,43316,3,0,53 54 25,1,70,,43318,3,0,53 54 25,1,35,,43321,3,0,53 54 25,1,68,,43324,3,0,53 54 25,1,5,,43325,3,0,53 54 25,1,35,,43328,3,0,53 54 25,1,65,,43330,3,0,53 54 25,1,29,,43332,3,0,53 54 25,1,75,,43334,3,0,53 54 25,1,82,,43336,3,0,53 54 25,1,15,,43338,11,,,1,85,,43340,3,0,53 54 25,1,15,,43342,11,,,1,100,,43345,11,,,1,100,,43346,11,,,1,25,,43347,11,,,1
4700,'20260416',1507,,43350,3,0,53 54 25,1,30,,43352,3,0,53 54 25,1,70,,43354,3,0,53 54 25,1,35,,43357,3,0,53 54 25,1,68,,43360,3,0,53 54 25,1,5,,43361,3,0,53 54 25,1,35,,43364,3,0,53 54 25,1,65,,43366,3,0,53 54 25,1,29,,43368,3,0,53 54 25,1,75,,43370,3,0,53 54 25,1,82,,43372,3,0,53 54 25,1,15,,43374,11,,,1,85,,43376,3,0,53 54 25,1,15,,43378,11,,,1,100,,43381,11,,,1,100,,43382,11,,,1,25,,43383,11,,,1
4700,'20260417',1507,,43386,3,0,53 54 25,1,30,,43388,3,0,53 54 25,1,70,,43390,3,0,53 54 25,1,35,,43393,3,0,53 54 25,1,68,,43396,3,0,53 54 25,1,5,,43397,3,0,53 54 25,1,35,,43400,3,0,53 54 25,1,65,,43402,3,0,53 54 25,1,29,,43404,3,0,53 54 25,1,75,,43406,3,0,53 54 25,1,82,,43408,3,0,53 54 25,1,15,,43410,11,,,1,85,,43412,3,0,53 54 25,1,15,,43414,11,,,1,100,,43417,11,,,1,100,,43418,11,,,1,25,,43419,11,,,1
4700,'20260418',516,,43420,11,,,1,100,,43421,11,,,1,30,,43422,11,,,1,70,,43423,11,,,1,30,,43424,11,,,1,70,,43425,11,,,1,30,,43426,11,,,1,68,,43427,11,,,1,30,,43428,11,,,1,70,,43429,11,,,1,30,,43430,11,,,1,70,,43431,11,,,1,30,,43432,11,,,1,70,,43433,11,,,1,30,,43434,11,,,1,65,,43435,11,,,1,34,,43436,11,,,1,70,,43437,11,,,1,30,,43438,11,,,1,70,,43439,11,,,1,30,,43440,11,,,1,70,,43441,11,,,1,30,,43442,11,,,1,70,,43443,11,,,1,30,,43444,11,,,1,70,,43445,11,,,1,30,,43446,11,,,1,70,,43447,11,,,1,30,,43448,11,,,1,71,,43449,11,,,1,30,,43450,11,,,1,70,,43451,11,,,1,30,,43452,11,,,1,100,,43453,11,,,1,100,,43454,11,,,1
4700,'20260419',516,,43455,11,,,1,100,,43456,11,,,1,30,,43457,11,,,1,70,,43458,11,,,1,30,,43459,11,,,1,70,,43460,11,,,1,30,,43461,11,,,1,68,,43462,11,,,1,30,,43463,11,,,1,70,,43464,11,,,1,30,,43465,11,,,1,70,,43466,11,,,1,30,,43467,11,,,1,70,,43468,11,,,1,30,,43469,11,,,1,65,,43470,11,,,1,34,,43471,11,,,1,70,,43472,11,,,1,30,,43473,11,,,1,70,,43474,11,,,1,30,,43475,11,,,1,70,,43476,11,,,1,30,,43477,11,,,1,70,,43478,11,,,1,30,,43479,11,,,1,70,,43480,11,,,1,30,,43481,11,,,1,70,,43482,11,,,1,30,,43483,11,,,1,71,,43484,11,,,1,30,,43485,11,,,1,70,,43486,11,,,1,30,,43487,11,,,1,100,,43488,11,,,1,100,,43489,11,,,1
4700,'20260420',1507,,43492,3,0,53 54 25,1,30,,43494,3,0,53 54 25,1,70,,43496,3,0,53 54 25,1,35,,43499,3,0,53 54 25,1,68,,43502,3,0,53 54 25,1,5,,43503,3,0,53 54 25,1,35,,43506,3,0,53 54 25,1,65,,43508,3,0,53 54 25,1,29,,43510,3,0,53 54 25,1,75,,43512,3,0,53 54 25,1,82,,43514,3,0,53 54 25,1,15,,43516,11,,,1,85,,43518,3,0,53 54 25,1,15,,43520,11,,,1,100,,43523,11,,,1,100,,43524,11,,,1,25,,43525,11,,,1
4700,'20260421',1507,,43528,3,0,53 54 25,1,30,,43530,3,0,53 54 25,1,70,,43532,3,0,53 54 25,1,35,,43535,3,0,53 54 25,1,68,,43538,3,0,53 54 25,1,5,,43539,3,0,53 54 25,1,35,,43542,3,0,53 54 25,1,65,,43544,3,0,53 54 25,1,29,,43546,3,0,53 54 25,1,75,,43548,3,0,53 54 25,1,82,,43550,3,0,53 54 25,1,15,,43552,11,,,1,85,,43554,3,0,53 54 25,1,15,,43556,11,,,1,100,,43559,11,,,1,100,,43560,11,,,1,25,,43561,11,,,1
4700,'20260422',1507,,43564,3,0,53 54 25,1,30,,43566,3,0,53 54 25,1,70,,43568,3,0,53 54 25,1,35,,43571,3,0,53 54 25,1,68,,43574,3,0,53 54 25,1,5,,43575,3,0,53 54 25,1,35,,43578,3,0,53 54 25,1,65,,43580,3,0,53 54 25,1,29,,43582,3,0,53 54 25,1,75,,43584,3,0,53 54 25,1,82,,43586,3,0,53 54 25,1,15,,43588,11,,,1,85,,43590,3,0,53 54 25,1,15,,43592,11,,,1,100,,43595,11,,,1,100,,43596,11,,,1,25,,43597,11,,,1
4700,'20260423',1507,,43600,3,0,53 54 25,1,30,,43602,3,0,53 54 25,1,70,,43604,3,0,53 54 25,1,35,,43607,3,0,53 54 25,1,68,,43610,3,0,53 54 25,1,5,,43611,3,0,53 54 25,1,35,,43614,3,0,53 54 25,1,65,,43616,3,0,53 54 25,1,29,,43618,3,0,53 54 25,1,75,,43620,3,0,53 54 25,1,82,,43622,3,0,53 54 25,1,15,,43624,11,,,1,85,,43626,3,0,53 54 25,1,15,,43628,11,,,1,100,,43631,11,,,1,100,,43632,11,,,1,25,,43633,11,,,1
4700,'20260424',1507,,43636,3,0,53 54 25,1,30,,43638,3,0,53 54 25,1,70,,43640,3,0,53 54 25,1,35,,43643,3,0,53 54 25,1,68,,43646,3,0,53 54 25,1,5,,43647,3,0,53 54 25,1,35,,43650,3,0,53 54 25,1,65,,43652,3,0,53 54 25,1,29,,43654,3,0,53 54 25,1,75,,43656,3,0,53 54 25,1,82,,43658,3,0,53 54 25,1,15,,43660,11,,,1,85,,43662,3,0,53 54 25,1,15,,43664,11,,,1,100,,43667,11,,,1,100,,43668,11,,,1,25,,43669,11,,,1
4701,'20260409',543,,44804,6,,,1,103,,44805,6,,,1,65,,44806,6,,,1,8,,44807,3,0,53 55 43,1,14,,44810,3,0,53 55 43,1,5,,44811,3,0,53 55 43,1,5,,44812,3,0,53 55 43,1,5,,44813,3,0,53 55 43,1,55,,44815,3,0,53 55 43,1,10,,44816,3,0,53 55 43,1,20,,44818,3,0,53 55 43,1,10,,44820,3,0,53 55 43,1,65,,44822,3,0,53 55 43,1,15,,44824,3,0,53 55 43,1,10,,44825,3,0,53 55 43,1,20,,44828,3,0,53 55 43,1,65,,44830,3,0,53 55 43,1,8,,44831,6,,,1,27,,44833,3,0,53 55 43,1,65,,44835,3,0,53 55 43,1,30,,44837,3,0,53 55 43,1,80,,44839,3,0,53 55 43,1,73,,44840,6,,,1,1312,,44842,6,,,1
4701,'20260410',543,,44843,6,,,1,103,,44844,6,,,1,65,,44845,6,,,1,8,,44846,3,0,53 55 43,1,14,,44849,3,0,53 55 43,1,5,,44850,3,0,53 55 43,1,5,,44851,3,0,53 55 43,1,5,,44852,3,0,53 55 43,1,55,,44854,3,0,53 55 43,1,10,,44855,3,0,53 55 43,1,20,,44857,3,0,53 55 43,1,10,,44859,3,0,53 55 43,1,65,,44861,3,0,53 55 43,1,15,,44863,3,0,53 55 43,1,10,,44864,3,0,53 55 43,1,20,,44867,3,0,53 55 43,1,65,,44869,3,0,53 55 43,1,8,,44870,6,,,1,27,,44872,3,0,53 55 43,1,65,,44874,3,0,53 55 43,1,30,,44876,3,0,53 55 43,1,80,,44878,3,0,53 55 43,1,73,,44879,6,,,1,1312,,44881,6,,,1
4701,'20260411',741,,44882,6,,,1,70,,44883,6,,,1,30,,44884,6,,,1,70,,44885,6,,,1,25,,44886,6,,,1,75,,44887,6,,,1,25,,44888,6,,,1,75,,44889,6,,,1,30,,44890,6,,,1,70,,44891,6,,,1,30,,44892,6,,,1,75,,44893,6,,,1,30,,44894,6,,,1,70,,44895,6,,,1,30,,44896,6,,,1,70,,44897,6,,,1,30,,44898,6,,,1,72,,44899,6,,,1,30,,44900,6,,,1,70,,44901,6,,,1,30,,44902,6,,,1,70,,44903,6,,,1,30,,44904,6,,,1,70,,44905,6,,,1,30,,44906,6,,,1,70,,44907,6,,,1,25,,44908,6,,,1,70,,44909,6,,,1,30,,44910,6,,,1,68,,44911,6,,,1,30,,44912,6,,,1,70,,44913,6,,,1,30,,44914,6,,,1,170,,44915,6,,,1,100,,44916,6,,,1
4701,'20260412',741,,44917,6,,,1,70,,44918,6,,,1,30,,44919,6,,,1,70,,44920,6,,,1,25,,44921,6,,,1,75,,44922,6,,,1,25,,44923,6,,,1,75,,44924,6,,,1,30,,44925,6,,,1,70,,44926,6,,,1,30,,44927,6,,,1,75,,44928,6,,,1,30,,44929,6,,,1,70,,44930,6,,,1,30,,44931,6,,,1,70,,44932,6,,,1,30,,44933,6,,,1,72,,44934,6,,,1,30,,44935,6,,,1,70,,44936,6,,,1,30,,44937,6,,,1,70,,44938,6,,,1,30,,44939,6,,,1,70,,44940,6,,,1,30,,44941,6,,,1,70,,44942,6,,,1,25,,44943,6,,,1,70,,44944,6,,,1,30,,44945,6,,,1,68,,44946,6,,,1,30,,44947,6,,,1,70,,44948,6,,,1,30,,44949,6,,,1,170,,44950,6,,,1,100,,44951,6,,,1
4701,'20260413',543,,44952,6,,,1,103,,44953,6,,,1,65,,44954,6,,,1,22,,44957,3,0,53 55 43,1,5,,44958,3,0,53 55 43,1,10,,44959,3,0,53 55 43,1,65,,44961,3,0,53 55 43,1,20,,44963,3,0,53 55 43,1,10,,44965,3,0,53 55 43,1,65,,44967,3,0,53 55 43,1,15,,44969,3,0,53 55 43,1,10,,44970,3,0,53 55 43,1,93,,44974,6,,,1,27,,44976,3,0,53 55 43,1,65,,44978,3,0,53 55 43,1,30,,44980,3,0,53 55 43,1,80,,44982,3,0,53 55 43,1,73,,44983,6,,,1,1312,,44985,6,,,1
4701,'20260414',543,,44986,6,,,1,103,,44987,6,,,1,65,,44988,6,,,1,22,,44991,3,0,53 55 43,1,5,,44992,3,0,53 55 43,1,10,,44993,3,0,53 55 43,1,65,,44995,3,0,53 55 43,1,20,,44997,3,0,53 55 43,1,10,,44999,3,0,53 55 43,1,65,,45001,3,0,53 55 43,1,15,,45003,3,0,53 55 43,1,10,,45004,3,0,53 55 43,1,93,,45008,6,,,1,27,,45010,3,0,53 55 43,1,65,,45012,3,0,53 55 43,1,30,,45014,3,0,53 55 43,1,80,,45016,3,0,53 55 43,1,73,,45017,6,,,1,1312,,45019,6,,,1
4701,'20260415',543,,45020,6,,,1,103,,45021,6,,,1,65,,45022,6,,,1,22,,45025,3,0,53 55 43,1,5,,45026,3,0,53 55 43,1,10,,45027,3,0,53 55 43,1,65,,45029,3,0,53 55 43,1,20,,45031,3,0,53 55 43,1,10,,45033,3,0,53 55 43,1,65,,45035,3,0,53 55 43,1,15,,45037,3,0,53 55 43,1,10,,45038,3,0,53 55 43,1,93,,45042,6,,,1,27,,45044,3,0,53 55 43,1,65,,45046,3,0,53 55 43,1,30,,45048,3,0,53 55 43,1,80,,45050,3,0,53 55 43,1,73,,45051,6,,,1,1312,,45053,6,,,1
4701,'20260416',543,,45054,6,,,1,103,,45055,6,,,1,65,,45056,6,,,1,22,,45059,3,0,53 55 43,1,5,,45060,3,0,53 55 43,1,10,,45061,3,0,53 55 43,1,65,,45063,3,0,53 55 43,1,20,,45065,3,0,53 55 43,1,10,,45067,3,0,53 55 43,1,65,,45069,3,0,53 55 43,1,15,,45071,3,0,53 55 43,1,10,,45072,3,0,53 55 43,1,93,,45076,6,,,1,27,,45078,3,0,53 55 43,1,65,,45080,3,0,53 55 43,1,30,,45082,3,0,53 55 43,1,80,,45084,3,0,53 55 43,1,73,,45085,6,,,1,1312,,45087,6,,,1
4701,'20260417',543,,45088,6,,,1,103,,45089,6,,,1,65,,45090,6,,,1,22,,45093,3,0,53 55 43,1,5,,45094,3,0,53 55 43,1,10,,45095,3,0,53 55 43,1,65,,45097,3,0,53 55 43,1,20,,45099,3,0,53 55 43,1,10,,45101,3,0,53 55 43,1,65,,45103,3,0,53 55 43,1,15,,45105,3,0,53 55 43,1,10,,45106,3,0,53 55 43,1,93,,45110,6,,,1,27,,45112,3,0,53 55 43,1,65,,45114,3,0,53 55 43,1,30,,45116,3,0,53 55 43,1,80,,45118,3,0,53 55 43,1,73,,45119,6,,,1,1312,,45121,6,,,1
4701,'20260418',741,,45122,6,,,1,70,,45123,6,,,1,30,,45124,6,,,1,70,,45125,6,,,1,25,,45126,6,,,1,75,,45127,6,,,1,25,,45128,6,,,1,75,,45129,6,,,1,30,,45130,6,,,1,70,,45131,6,,,1,30,,45132,6,,,1,75,,45133,6,,,1,30,,45134,6,,,1,70,,45135,6,,,1,30,,45136,6,,,1,70,,45137,6,,,1,30,,45138,6,,,1,72,,45139,6,,,1,30,,45140,6,,,1,70,,45141,6,,,1,30,,45142,6,,,1,70,,45143,6,,,1,30,,45144,6,,,1,70,,45145,6,,,1,30,,45146,6,,,1,70,,45147,6,,,1,25,,45148,6,,,1,70,,45149,6,,,1,30,,45150,6,,,1,68,,45151,6,,,1,30,,45152,6,,,1,70,,45153,6,,,1,30,,45154,6,,,1,170,,45155,6,,,1,100,,45156,6,,,1
4701,'20260419',741,,45157,6,,,1,70,,45158,6,,,1,30,,45159,6,,,1,70,,45160,6,,,1,25,,45161,6,,,1,75,,45162,6,,,1,25,,45163,6,,,1,75,,45164,6,,,1,30,,45165,6,,,1,70,,45166,6,,,1,30,,45167,6,,,1,75,,45168,6,,,1,30,,45169,6,,,1,70,,45170,6,,,1,30,,45171,6,,,1,70,,45172,6,,,1,30,,45173,6,,,1,72,,45174,6,,,1,30,,45175,6,,,1,70,,45176,6,,,1,30,,45177,6,,,1,70,,45178,6,,,1,30,,45179,6,,,1,70,,45180,6,,,1,30,,45181,6,,,1,70,,45182,6,,,1,25,,45183,6,,,1,70,,45184,6,,,1,30,,45185,6,,,1,68,,45186,6,,,1,30,,45187,6,,,1,70,,45188,6,,,1,30,,45189,6,,,1,170,,45190,6,,,1,100,,45191,6,,,1
4701,'20260420',543,,45192,6,,,1,103,,45193,6,,,1,65,,45194,6,,,1,22,,45197,3,0,53 55 43,1,5,,45198,3,0,53 55 43,1,10,,45199,3,0,53 55 43,1,65,,45201,3,0,53 55 43,1,20,,45203,3,0,53 55 43,1,10,,45205,3,0,53 55 43,1,65,,45207,3,0,53 55 43,1,15,,45209,3,0,53 55 43,1,10,,45210,3,0,53 55 43,1,93,,45214,6,,,1,27,,45216,3,0,53 55 43,1,65,,45218,3,0,53 55 43,1,30,,45220,3,0,53 55 43,1,80,,45222,3,0,53 55 43,1,73,,45223,6,,,1,1312,,45225,6,,,1
4701,'20260421',543,,45226,6,,,1,103,,45227,6,,,1,65,,45228,6,,,1,22,,45231,3,0,53 55 43,1,5,,45232,3,0,53 55 43,1,10,,45233,3,0,53 55 43,1,65,,45235,3,0,53 55 43,1,20,,45237,3,0,53 55 43,1,10,,45239,3,0,53 55 43,1,65,,45241,3,0,53 55 43,1,15,,45243,3,0,53 55 43,1,10,,45244,3,0,53 55 43,1,93,,45248,6,,,1,27,,45250,3,0,53 55 43,1,65,,45252,3,0,53 55 43,1,30,,45254,3,0,53 55 43,1,80,,45256,3,0,53 55 43,1,73,,45257,6,,,1,1312,,45259,6,,,1
4701,'20260422',543,,45260,6,,,1,103,,45261,6,,,1,65,,45262,6,,,1,22,,45265,3,0,53 55 43,1,5,,45266,3,0,53 55 43,1,10,,45267,3,0,53 55 43,1,65,,45269,3,0,53 55 43,1,20,,45271,3,0,53 55 43,1,10,,45273,3,0,53 55 43,1,65,,45275,3,0,53 55 43,1,15,,45277,3,0,53 55 43,1,10,,45278,3,0,53 55 43,1,93,,45282,6,,,1,27,,45284,3,0,53 55 43,1,65,,45286,3,0,53 55 43,1,30,,45288,3,0,53 55 43,1,80,,45290,3,0,53 55 43,1,73,,45291,6,,,1,1312,,45293,6,,,1
4701,'20260423',543,,45294,6,,,1,103,,45295,6,,,1,65,,45296,6,,,1,22,,45299,3,0,53 55 43,1,5,,45300,3,0,53 55 43,1,10,,45301,3,0,53 55 43,1,65,,45303,3,0,53 55 43,1,20,,45305,3,0,53 55 43,1,10,,45307,3,0,53 55 43,1,65,,45309,3,0,53 55 43,1,15,,45311,3,0,53 55 43,1,10,,45312,3,0,53 55 43,1,93,,45316,6,,,1,27,,45318,3,0,53 55 43,1,65,,45320,3,0,53 55 43,1,30,,45322,3,0,53 55 43,1,80,,45324,3,0,53 55 43,1,73,,45325,6,,,1,1312,,45327,6,,,1
4701,'20260424',543,,45328,6,,,1,103,,45329,6,,,1,65,,45330,6,,,1,22,,45333,3,0,53 55 43,1,5,,45334,3,0,53 55 43,1,10,,45335,3,0,53 55 43,1,65,,45337,3,0,53 55 43,1,20,,45339,3,0,53 55 43,1,10,,45341,3,0,53 55 43,1,65,,45343,3,0,53 55 43,1,15,,45345,3,0,53 55 43,1,10,,45346,3,0,53 55 43,1,93,,45350,6,,,1,27,,45352,3,0,53 55 43,1,65,,45354,3,0,53 55 43,1,30,,45356,3,0,53 55 43,1,80,,45358,3,0,53 55 43,1,73,,45359,6,,,1,1312,,45361,6,,,1
