3100,'20260722',1533,,164689,21,0,5 18 9,1,100,,164690,21,0,5 18 9,1,73,,164691,21,0,5 18 9,1
3100,'20260723',1533,,164697,21,0,5 18 9,1,100,,164698,21,0,5 18 9,1,73,,164699,21,0,5 18 9,1
3100,'20260724',1533,,164705,21,0,5 18 9,1,100,,164706,21,0,5 18 9,1,73,,164707,21,0,5 18 9,1
3100,'20260725',731,,219535,24,0,71 20 39,1,786,,219536,24,0,71 20 39,1,305,,219537,25,0,61 20 39,1,5,,219538,24,0,71 20 39,1
3100,'20260726',731,,219539,24,0,71 20 39,1,786,,219540,24,0,71 20 39,1,305,,219541,25,0,61 20 39,1,5,,219542,24,0,71 20 39,1
3100,'20260727',1533,,164731,21,0,5 18 9,1,100,,164732,21,0,5 18 9,1,73,,164733,21,0,5 18 9,1
3100,'20260728',1533,,164739,21,0,5 18 9,1,100,,164740,21,0,5 18 9,1,73,,164741,21,0,5 18 9,1
3100,'20260729',1533,,164747,21,0,5 18 9,1,100,,164748,21,0,5 18 9,1,73,,164749,21,0,5 18 9,1
3100,'20260730',1533,,164755,21,0,5 18 9,1,100,,164756,21,0,5 18 9,1,73,,164757,21,0,5 18 9,1
3100,'20260731',1533,,164763,21,0,5 18 9,1,100,,164764,21,0,5 18 9,1,73,,164765,21,0,5 18 9,1
3100,'20260804',1533,,164798,21,0,5 18 9,1,100,,164799,21,0,5 18 9,1,73,,164800,21,0,5 18 9,1
3100,'20260805',1533,,164806,21,0,5 18 9,1,100,,164807,21,0,5 18 9,1,73,,164808,21,0,5 18 9,1
3100,'20260806',1533,,164814,21,0,5 18 9,1,100,,164815,21,0,5 18 9,1,73,,164816,21,0,5 18 9,1
3100,'20260807',1533,,164822,21,0,5 18 9,1,100,,164823,21,0,5 18 9,1,73,,164824,21,0,5 18 9,1
3100,'20260810',1533,,164848,21,0,5 18 9,1,100,,164849,21,0,5 18 9,1,73,,164850,21,0,5 18 9,1
3100,'20260811',1533,,164856,21,0,5 18 9,1,100,,164857,21,0,5 18 9,1,73,,164858,21,0,5 18 9,1
3100,'20260812',1533,,164864,21,0,5 18 9,1,100,,164865,21,0,5 18 9,1,73,,164866,21,0,5 18 9,1
3100,'20260813',1533,,164872,21,0,5 18 9,1,100,,164873,21,0,5 18 9,1,73,,164874,21,0,5 18 9,1
3100,'20260814',1533,,164880,21,0,5 18 9,1,100,,164881,21,0,5 18 9,1,73,,164882,21,0,5 18 9,1
3100,'20260817',1533,,164906,21,0,5 18 9,1,100,,164907,21,0,5 18 9,1,73,,164908,21,0,5 18 9,1
3100,'20260818',1533,,164914,21,0,5 18 9,1,100,,164915,21,0,5 18 9,1,73,,164916,21,0,5 18 9,1
3100,'20260819',1533,,164922,21,0,5 18 9,1,100,,164923,21,0,5 18 9,1,73,,164924,21,0,5 18 9,1
3100,'20260820',1533,,164930,21,0,5 18 9,1,100,,164931,21,0,5 18 9,1,73,,164932,21,0,5 18 9,1
3100,'20260821',1533,,164938,21,0,5 18 9,1,100,,164939,21,0,5 18 9,1,73,,164940,21,0,5 18 9,1
3100,'20260824',1533,,164964,21,0,5 18 9,1,100,,164965,21,0,5 18 9,1,73,,164966,21,0,5 18 9,1
3100,'20260825',1533,,164972,21,0,5 18 9,1,100,,164973,21,0,5 18 9,1,73,,164974,21,0,5 18 9,1
3100,'20260826',1533,,164980,21,0,5 18 9,1,100,,164981,21,0,5 18 9,1,73,,164982,21,0,5 18 9,1
3100,'20260827',1533,,164988,21,0,5 18 9,1,100,,164989,21,0,5 18 9,1,73,,164990,21,0,5 18 9,1
3100,'20260828',1533,,164996,21,0,5 18 9,1,100,,164997,21,0,5 18 9,1,73,,164998,21,0,5 18 9,1
3100,'20260831',1533,,165022,21,0,5 18 9,1,100,,165023,21,0,5 18 9,1,73,,165024,21,0,5 18 9,1
3100,'20260901',1533,,165030,21,0,5 18 9,1,100,,165031,21,0,5 18 9,1,73,,165032,21,0,5 18 9,1
3100,'20260902',1533,,165038,21,0,5 18 9,1,100,,165039,21,0,5 18 9,1,73,,165040,21,0,5 18 9,1
3100,'20260903',1533,,165046,21,0,5 18 9,1,100,,165047,21,0,5 18 9,1,73,,165048,21,0,5 18 9,1
3100,'20260904',1533,,165054,21,0,5 18 9,1,100,,165055,21,0,5 18 9,1,73,,165056,21,0,5 18 9,1
3300,'20260722',624,,169319,21,,,1,185,,169323,21,,,1,146,,169326,21,0,57 14 15 9,1,200,,169329,21,0,57 14 15 9,1,200,,169332,21,0,57 14 15 9,1,95,,169334,21,0,57 14 15 9,1,290,,169339,21,,,1,116,,169340,21,0,57 14 15 9,1,200,,169344,21,0,57 14 15 9,1
3300,'20260723',624,,169354,21,,,1,185,,169358,21,,,1,146,,169361,21,0,57 14 15 9,1,200,,169364,21,0,57 14 15 9,1,200,,169367,21,0,57 14 15 9,1,95,,169369,21,0,57 14 15 9,1,290,,169374,21,,,1,116,,169375,21,0,57 14 15 9,1,200,,169379,21,0,57 14 15 9,1
3300,'20260724',624,,169389,21,,,1,185,,169393,21,,,1,146,,169396,21,0,57 14 15 9,1,200,,169399,21,0,57 14 15 9,1,200,,169402,21,0,57 14 15 9,1,95,,169404,21,0,57 14 15 9,1,290,,169409,21,,,1,116,,169410,21,0,57 14 15 9,1,200,,169414,21,0,57 14 15 9,1
3300,'20260725',702,,169417,21,,,1,155,,169418,21,,,1,97,,169419,21,0,57 14 15 9,1,100,,169420,21,,,1,200,,169421,21,,,1,200,,169422,21,,,1,200,,169423,21,,,1,205,,169425,21,,,1,200,,169426,21,,,1
3300,'20260726',702,,169428,21,,,1,155,,169429,21,,,1,97,,169430,21,0,57 14 15 9,1,100,,169431,21,,,1,200,,169432,21,,,1,200,,169433,21,,,1,200,,169434,21,,,1,205,,169436,21,,,1,200,,169437,21,,,1
3300,'20260727',624,,169446,21,,,1,185,,169450,21,,,1,146,,169453,21,0,57 14 15 9,1,200,,169456,21,0,57 14 15 9,1,200,,169459,21,0,57 14 15 9,1,95,,169461,21,0,57 14 15 9,1,290,,169466,21,,,1,116,,169467,21,0,57 14 15 9,1,200,,169471,21,0,57 14 15 9,1
3300,'20260728',624,,169481,21,,,1,185,,169485,21,,,1,146,,169488,21,0,57 14 15 9,1,200,,169491,21,0,57 14 15 9,1,200,,169494,21,0,57 14 15 9,1,95,,169496,21,0,57 14 15 9,1,290,,169501,21,,,1,116,,169502,21,0,57 14 15 9,1,200,,169506,21,0,57 14 15 9,1
3300,'20260729',624,,169516,21,,,1,185,,169520,21,,,1,146,,169523,21,0,57 14 15 9,1,200,,169526,21,0,57 14 15 9,1,200,,169529,21,0,57 14 15 9,1,95,,169531,21,0,57 14 15 9,1,290,,169536,21,,,1,116,,169537,21,0,57 14 15 9,1,200,,169541,21,0,57 14 15 9,1
3300,'20260730',624,,169551,21,,,1,185,,169555,21,,,1,146,,169558,21,0,57 14 15 9,1,200,,169561,21,0,57 14 15 9,1,200,,169564,21,0,57 14 15 9,1,95,,169566,21,0,57 14 15 9,1,290,,169571,21,,,1,116,,169572,21,0,57 14 15 9,1,200,,169576,21,0,57 14 15 9,1
3300,'20260731',624,,169586,21,,,1,185,,169590,21,,,1,146,,169593,21,0,57 14 15 9,1,200,,169596,21,0,57 14 15 9,1,200,,169599,21,0,57 14 15 9,1,95,,169601,21,0,57 14 15 9,1,290,,169606,21,,,1,116,,169607,21,0,57 14 15 9,1,200,,169611,21,0,57 14 15 9,1
3300,'20260801',702,,169614,21,,,1,155,,169615,21,,,1,97,,169616,21,0,57 14 15 9,1,100,,169617,21,,,1,200,,169618,21,,,1,200,,169619,21,,,1,200,,169620,21,,,1,205,,169622,21,,,1,200,,169623,21,,,1
3300,'20260802',702,,169625,21,,,1,155,,169626,21,,,1,97,,169627,21,0,57 14 15 9,1,100,,169628,21,,,1,200,,169629,21,,,1,200,,169630,21,,,1,200,,169631,21,,,1,205,,169633,21,,,1,200,,169634,21,,,1
3300,'20260803',702,,169636,21,,,1,155,,169637,21,,,1,97,,169638,21,0,57 14 15 9,1,100,,169639,21,,,1,200,,169640,21,,,1,200,,169641,21,,,1,200,,169642,21,,,1,205,,169644,21,,,1,200,,169645,21,,,1
3300,'20260804',624,,169654,21,,,1,185,,169658,21,,,1,146,,169661,21,0,57 14 15 9,1,200,,169664,21,0,57 14 15 9,1,200,,169667,21,0,57 14 15 9,1,95,,169669,21,0,57 14 15 9,1,290,,169674,21,,,1,116,,169675,21,0,57 14 15 9,1,200,,169679,21,0,57 14 15 9,1
3300,'20260805',624,,169689,21,,,1,185,,169693,21,,,1,146,,169696,21,0,57 14 15 9,1,200,,169699,21,0,57 14 15 9,1,200,,169702,21,0,57 14 15 9,1,95,,169704,21,0,57 14 15 9,1,290,,169709,21,,,1,116,,169710,21,0,57 14 15 9,1,200,,169714,21,0,57 14 15 9,1
3300,'20260806',624,,169724,21,,,1,185,,169728,21,,,1,146,,169731,21,0,57 14 15 9,1,200,,169734,21,0,57 14 15 9,1,200,,169737,21,0,57 14 15 9,1,95,,169739,21,0,57 14 15 9,1,290,,169744,21,,,1,116,,169745,21,0,57 14 15 9,1,200,,169749,21,0,57 14 15 9,1
3300,'20260807',624,,169759,21,,,1,185,,169763,21,,,1,146,,169766,21,0,57 14 15 9,1,200,,169769,21,0,57 14 15 9,1,200,,169772,21,0,57 14 15 9,1,95,,169774,21,0,57 14 15 9,1,290,,169779,21,,,1,116,,169780,21,0,57 14 15 9,1,200,,169784,21,0,57 14 15 9,1
3300,'20260808',702,,169787,21,,,1,155,,169788,21,,,1,97,,169789,21,0,57 14 15 9,1,100,,169790,21,,,1,200,,169791,21,,,1,200,,169792,21,,,1,200,,169793,21,,,1,205,,169795,21,,,1,200,,169796,21,,,1
3300,'20260809',702,,169798,21,,,1,155,,169799,21,,,1,97,,169800,21,0,57 14 15 9,1,100,,169801,21,,,1,200,,169802,21,,,1,200,,169803,21,,,1,200,,169804,21,,,1,205,,169806,21,,,1,200,,169807,21,,,1
3300,'20260810',624,,169816,21,,,1,185,,169820,21,,,1,146,,169823,21,0,57 14 15 9,1,200,,169826,21,0,57 14 15 9,1,200,,169829,21,0,57 14 15 9,1,95,,169831,21,0,57 14 15 9,1,290,,169836,21,,,1,116,,169837,21,0,57 14 15 9,1,200,,169841,21,0,57 14 15 9,1
3300,'20260811',624,,169851,21,,,1,185,,169855,21,,,1,146,,169858,21,0,57 14 15 9,1,200,,169861,21,0,57 14 15 9,1,200,,169864,21,0,57 14 15 9,1,95,,169866,21,0,57 14 15 9,1,290,,169871,21,,,1,116,,169872,21,0,57 14 15 9,1,200,,169876,21,0,57 14 15 9,1
3300,'20260812',624,,169886,21,,,1,185,,169890,21,,,1,146,,169893,21,0,57 14 15 9,1,200,,169896,21,0,57 14 15 9,1,200,,169899,21,0,57 14 15 9,1,95,,169901,21,0,57 14 15 9,1,290,,169906,21,,,1,116,,169907,21,0,57 14 15 9,1,200,,169911,21,0,57 14 15 9,1
3300,'20260813',624,,169921,21,,,1,185,,169925,21,,,1,146,,169928,21,0,57 14 15 9,1,200,,169931,21,0,57 14 15 9,1,200,,169934,21,0,57 14 15 9,1,95,,169936,21,0,57 14 15 9,1,290,,169941,21,,,1,116,,169942,21,0,57 14 15 9,1,200,,169946,21,0,57 14 15 9,1
3300,'20260814',624,,169956,21,,,1,185,,169960,21,,,1,146,,169963,21,0,57 14 15 9,1,200,,169966,21,0,57 14 15 9,1,200,,169969,21,0,57 14 15 9,1,95,,169971,21,0,57 14 15 9,1,290,,169976,21,,,1,116,,169977,21,0,57 14 15 9,1,200,,169981,21,0,57 14 15 9,1
3300,'20260815',702,,169984,21,,,1,155,,169985,21,,,1,97,,169986,21,0,57 14 15 9,1,100,,169987,21,,,1,200,,169988,21,,,1,200,,169989,21,,,1,200,,169990,21,,,1,205,,169992,21,,,1,200,,169993,21,,,1
3300,'20260816',702,,169995,21,,,1,155,,169996,21,,,1,97,,169997,21,0,57 14 15 9,1,100,,169998,21,,,1,200,,169999,21,,,1,200,,170000,21,,,1,200,,170001,21,,,1,205,,170003,21,,,1,200,,170004,21,,,1
3300,'20260817',624,,170013,21,,,1,185,,170017,21,,,1,146,,170020,21,0,57 14 15 9,1,200,,170023,21,0,57 14 15 9,1,200,,170026,21,0,57 14 15 9,1,95,,170028,21,0,57 14 15 9,1,290,,170033,21,,,1,116,,170034,21,0,57 14 15 9,1,200,,170038,21,0,57 14 15 9,1
3300,'20260818',624,,170048,21,,,1,185,,170052,21,,,1,146,,170055,21,0,57 14 15 9,1,200,,170058,21,0,57 14 15 9,1,200,,170061,21,0,57 14 15 9,1,95,,170063,21,0,57 14 15 9,1,290,,170068,21,,,1,116,,170069,21,0,57 14 15 9,1,200,,170073,21,0,57 14 15 9,1
3300,'20260819',624,,170083,21,,,1,185,,170087,21,,,1,146,,170090,21,0,57 14 15 9,1,200,,170093,21,0,57 14 15 9,1,200,,170096,21,0,57 14 15 9,1,95,,170098,21,0,57 14 15 9,1,290,,170103,21,,,1,116,,170104,21,0,57 14 15 9,1,200,,170108,21,0,57 14 15 9,1
3300,'20260820',624,,170118,21,,,1,185,,170122,21,,,1,146,,170125,21,0,57 14 15 9,1,200,,170128,21,0,57 14 15 9,1,200,,170131,21,0,57 14 15 9,1,95,,170133,21,0,57 14 15 9,1,290,,170138,21,,,1,116,,170139,21,0,57 14 15 9,1,200,,170143,21,0,57 14 15 9,1
3300,'20260821',624,,170153,21,,,1,185,,170157,21,,,1,146,,170160,21,0,57 14 15 9,1,200,,170163,21,0,57 14 15 9,1,200,,170166,21,0,57 14 15 9,1,95,,170168,21,0,57 14 15 9,1,290,,170173,21,,,1,116,,170174,21,0,57 14 15 9,1,200,,170178,21,0,57 14 15 9,1
3300,'20260822',702,,170181,21,,,1,155,,170182,21,,,1,97,,170183,21,0,57 14 15 9,1,100,,170184,21,,,1,200,,170185,21,,,1,200,,170186,21,,,1,200,,170187,21,,,1,205,,170189,21,,,1,200,,170190,21,,,1
3300,'20260823',702,,170192,21,,,1,155,,170193,21,,,1,97,,170194,21,0,57 14 15 9,1,100,,170195,21,,,1,200,,170196,21,,,1,200,,170197,21,,,1,200,,170198,21,,,1,205,,170200,21,,,1,200,,170201,21,,,1
3300,'20260824',624,,170210,21,,,1,185,,170214,21,,,1,146,,170217,21,0,57 14 15 9,1,200,,170220,21,0,57 14 15 9,1,200,,170223,21,0,57 14 15 9,1,95,,170225,21,0,57 14 15 9,1,290,,170230,21,,,1,116,,170231,21,0,57 14 15 9,1,200,,170235,21,0,57 14 15 9,1
3300,'20260825',624,,170245,21,,,1,185,,170249,21,,,1,146,,170252,21,0,57 14 15 9,1,200,,170255,21,0,57 14 15 9,1,200,,170258,21,0,57 14 15 9,1,95,,170260,21,0,57 14 15 9,1,290,,170265,21,,,1,116,,170266,21,0,57 14 15 9,1,200,,170270,21,0,57 14 15 9,1
3300,'20260826',624,,170280,21,,,1,185,,170284,21,,,1,146,,170287,21,0,57 14 15 9,1,200,,170290,21,0,57 14 15 9,1,200,,170293,21,0,57 14 15 9,1,95,,170295,21,0,57 14 15 9,1,290,,170300,21,,,1,116,,170301,21,0,57 14 15 9,1,200,,170305,21,0,57 14 15 9,1
3300,'20260827',624,,170315,21,,,1,185,,170319,21,,,1,146,,170322,21,0,57 14 15 9,1,200,,170325,21,0,57 14 15 9,1,200,,170328,21,0,57 14 15 9,1,95,,170330,21,0,57 14 15 9,1,290,,170335,21,,,1,116,,170336,21,0,57 14 15 9,1,200,,170340,21,0,57 14 15 9,1
3300,'20260828',624,,170350,21,,,1,185,,170354,21,,,1,146,,170357,21,0,57 14 15 9,1,200,,170360,21,0,57 14 15 9,1,200,,170363,21,0,57 14 15 9,1,95,,170365,21,0,57 14 15 9,1,290,,170370,21,,,1,116,,170371,21,0,57 14 15 9,1,200,,170375,21,0,57 14 15 9,1
3300,'20260829',702,,170378,21,,,1,155,,170379,21,,,1,97,,170380,21,0,57 14 15 9,1,100,,170381,21,,,1,200,,170382,21,,,1,200,,170383,21,,,1,200,,170384,21,,,1,205,,170386,21,,,1,200,,170387,21,,,1
3300,'20260830',702,,170389,21,,,1,155,,170390,21,,,1,97,,170391,21,0,57 14 15 9,1,100,,170392,21,,,1,200,,170393,21,,,1,200,,170394,21,,,1,200,,170395,21,,,1,205,,170397,21,,,1,200,,170398,21,,,1
3300,'20260831',624,,170407,21,,,1,185,,170411,21,,,1,146,,170414,21,0,57 14 15 9,1,200,,170417,21,0,57 14 15 9,1,200,,170420,21,0,57 14 15 9,1,95,,170422,21,0,57 14 15 9,1,290,,170427,21,,,1,116,,170428,21,0,57 14 15 9,1,200,,170432,21,0,57 14 15 9,1
3300,'20260901',624,,170442,21,,,1,185,,170446,21,,,1,146,,170449,21,0,57 14 15 9,1,200,,170452,21,0,57 14 15 9,1,200,,170455,21,0,57 14 15 9,1,95,,170457,21,0,57 14 15 9,1,290,,170462,21,,,1,116,,170463,21,0,57 14 15 9,1,200,,170467,21,0,57 14 15 9,1
3300,'20260902',624,,170477,21,,,1,185,,170481,21,,,1,146,,170484,21,0,57 14 15 9,1,200,,170487,21,0,57 14 15 9,1,200,,170490,21,0,57 14 15 9,1,95,,170492,21,0,57 14 15 9,1,290,,170497,21,,,1,116,,170498,21,0,57 14 15 9,1,200,,170502,21,0,57 14 15 9,1
3300,'20260903',624,,170512,21,,,1,185,,170516,21,,,1,146,,170519,21,0,57 14 15 9,1,200,,170522,21,0,57 14 15 9,1,200,,170525,21,0,57 14 15 9,1,95,,170527,21,0,57 14 15 9,1,290,,170532,21,,,1,116,,170533,21,0,57 14 15 9,1,200,,170537,21,0,57 14 15 9,1
3300,'20260904',624,,170547,21,,,1,185,,170551,21,,,1,146,,170554,21,0,57 14 15 9,1,200,,170557,21,0,57 14 15 9,1,200,,170560,21,0,57 14 15 9,1,95,,170562,21,0,57 14 15 9,1,290,,170567,21,,,1,116,,170568,21,0,57 14 15 9,1,200,,170572,21,0,57 14 15 9,1
