3800,'20260716',1644,,176579,9,,,1,268,,176580,9,,,1
3800,'20260717',1644,,176581,9,,,1,268,,176582,9,,,1
3800,'20260720',1644,,176583,9,,,1,268,,176584,9,,,1
3800,'20260721',1644,,176585,9,,,1,268,,176586,9,,,1
3800,'20260722',1644,,176587,9,,,1,268,,176588,9,,,1
3800,'20260723',1644,,176589,9,,,1,268,,176590,9,,,1
3800,'20260724',1644,,176591,9,,,1,268,,176592,9,,,1
3800,'20260727',1644,,176593,9,,,1,268,,176594,9,,,1
3800,'20260728',1644,,176595,9,,,1,268,,176596,9,,,1
3800,'20260729',1644,,176597,9,,,1,268,,176598,9,,,1
3800,'20260730',1644,,176599,9,,,1,268,,176600,9,,,1
3800,'20260731',1644,,176601,9,,,1,268,,176602,9,,,1
3800,'20260804',1644,,176603,9,,,1,268,,176604,9,,,1
3800,'20260805',1644,,176605,9,,,1,268,,176606,9,,,1
3800,'20260806',1644,,176607,9,,,1,268,,176608,9,,,1
3800,'20260807',1644,,176609,9,,,1,268,,176610,9,,,1
3800,'20260810',1644,,176611,9,,,1,268,,176612,9,,,1
3800,'20260811',1644,,176613,9,,,1,268,,176614,9,,,1
3800,'20260812',1644,,176615,9,,,1,268,,176616,9,,,1
3800,'20260813',1644,,176617,9,,,1,268,,176618,9,,,1
3800,'20260814',1644,,176619,9,,,1,268,,176620,9,,,1
3800,'20260817',1644,,176621,9,,,1,268,,176622,9,,,1
3800,'20260818',1644,,176623,9,,,1,268,,176624,9,,,1
3800,'20260819',1644,,176625,9,,,1,268,,176626,9,,,1
3800,'20260820',1644,,176627,9,,,1,268,,176628,9,,,1
3800,'20260821',1644,,176629,9,,,1,268,,176630,9,,,1
3800,'20260824',1644,,176631,9,,,1,268,,176632,9,,,1
3800,'20260825',1644,,176633,9,,,1,268,,176634,9,,,1
3800,'20260826',1644,,176635,9,,,1,268,,176636,9,,,1
3800,'20260827',1644,,176637,9,,,1,268,,176638,9,,,1
3800,'20260828',1644,,176639,9,,,1,268,,176640,9,,,1
3800,'20260831',1644,,176641,9,,,1,268,,176642,9,,,1
3800,'20260901',1644,,176643,9,,,1,268,,176644,9,,,1
3800,'20260902',1644,,176645,9,,,1,268,,176646,9,,,1
3800,'20260903',1644,,176647,9,,,1,268,,176648,9,,,1
3800,'20260904',1644,,176649,9,,,1,268,,176650,9,,,1
