1901,'20260722',617,,138592,9,,,1,15,,138593,9,,,1,15,,138594,9,,,1,55,,138595,9,,,1,10,,138596,9,,,1,10,,138597,9,,,1,10,,138598,9,,,1,10,,138599,9,,,1,15,,138600,9,,,1,55,,138601,9,,,1,20,,138602,9,,,1,25,,138603,9,,,1,70,,138604,9,,,1,30,,138605,9,,,1,100,,138606,9,,,1,100,,138607,9,,,1,100,,138608,9,,,1,100,,138609,9,,,1,100,,138610,9,,,1,70,,138611,9,,,1,20,,138612,9,,,1,60,,138613,9,,,1,15,,138614,9,,,1,15,,138615,9,,,1,15,,138616,9,,,1,55,,138617,9,,,1,20,,138618,9,,,1,25,,138619,9,,,1,60,,138620,9,,,1,20,,138621,9,,,1,25,,138622,9,,,1,100,,138623,9,,,1,100,,138624,9,,,1,100,,138625,9,,,1,198,,138626,9,,,1
1901,'20260723',617,,138627,9,,,1,15,,138628,9,,,1,15,,138629,9,,,1,55,,138630,9,,,1,10,,138631,9,,,1,10,,138632,9,,,1,10,,138633,9,,,1,10,,138634,9,,,1,15,,138635,9,,,1,55,,138636,9,,,1,20,,138637,9,,,1,25,,138638,9,,,1,70,,138639,9,,,1,30,,138640,9,,,1,100,,138641,9,,,1,100,,138642,9,,,1,100,,138643,9,,,1,100,,138644,9,,,1,100,,138645,9,,,1,70,,138646,9,,,1,20,,138647,9,,,1,60,,138648,9,,,1,15,,138649,9,,,1,15,,138650,9,,,1,15,,138651,9,,,1,55,,138652,9,,,1,20,,138653,9,,,1,25,,138654,9,,,1,60,,138655,9,,,1,20,,138656,9,,,1,25,,138657,9,,,1,100,,138658,9,,,1,100,,138659,9,,,1,100,,138660,9,,,1,198,,138661,9,,,1
1901,'20260724',617,,138662,9,,,1,15,,138663,9,,,1,15,,138664,9,,,1,55,,138665,9,,,1,10,,138666,9,,,1,10,,138667,9,,,1,10,,138668,9,,,1,10,,138669,9,,,1,15,,138670,9,,,1,55,,138671,9,,,1,20,,138672,9,,,1,25,,138673,9,,,1,70,,138674,9,,,1,30,,138675,9,,,1,100,,138676,9,,,1,100,,138677,9,,,1,100,,138678,9,,,1,100,,138679,9,,,1,100,,138680,9,,,1,70,,138681,9,,,1,20,,138682,9,,,1,60,,138683,9,,,1,15,,138684,9,,,1,15,,138685,9,,,1,15,,138686,9,,,1,55,,138687,9,,,1,20,,138688,9,,,1,25,,138689,9,,,1,60,,138690,9,,,1,20,,138691,9,,,1,25,,138692,9,,,1,100,,138693,9,,,1,100,,138694,9,,,1,100,,138695,9,,,1,198,,138696,9,,,1
1901,'20260725',655,,138697,9,,,1,102,,138698,9,,,1,100,,138699,9,,,1,100,,138700,9,,,1,100,,138701,9,,,1,102,,138702,9,,,1,100,,138703,9,,,1,70,,138704,9,,,1,30,,138705,9,,,1,70,,138706,9,,,1,30,,138707,9,,,1,70,,138708,9,,,1,30,,138709,9,,,1,68,,138710,9,,,1,30,,138711,9,,,1,70,,138712,9,,,1,30,,138713,9,,,1,100,,138714,9,,,1,100,,138715,9,,,1,98,,138716,9,,,1,100,,138717,9,,,1,200,,138718,9,,,1
1901,'20260726',655,,138719,9,,,1,102,,138720,9,,,1,100,,138721,9,,,1,100,,138722,9,,,1,100,,138723,9,,,1,102,,138724,9,,,1,100,,138725,9,,,1,70,,138726,9,,,1,30,,138727,9,,,1,70,,138728,9,,,1,30,,138729,9,,,1,70,,138730,9,,,1,30,,138731,9,,,1,68,,138732,9,,,1,30,,138733,9,,,1,70,,138734,9,,,1,30,,138735,9,,,1,100,,138736,9,,,1,100,,138737,9,,,1,98,,138738,9,,,1,100,,138739,9,,,1,200,,138740,9,,,1
1901,'20260727',617,,138741,9,,,1,15,,138742,9,,,1,15,,138743,9,,,1,55,,138744,9,,,1,10,,138745,9,,,1,10,,138746,9,,,1,10,,138747,9,,,1,10,,138748,9,,,1,15,,138749,9,,,1,55,,138750,9,,,1,20,,138751,9,,,1,25,,138752,9,,,1,70,,138753,9,,,1,30,,138754,9,,,1,100,,138755,9,,,1,100,,138756,9,,,1,100,,138757,9,,,1,100,,138758,9,,,1,100,,138759,9,,,1,70,,138760,9,,,1,20,,138761,9,,,1,60,,138762,9,,,1,15,,138763,9,,,1,15,,138764,9,,,1,15,,138765,9,,,1,55,,138766,9,,,1,20,,138767,9,,,1,25,,138768,9,,,1,60,,138769,9,,,1,20,,138770,9,,,1,25,,138771,9,,,1,100,,138772,9,,,1,100,,138773,9,,,1,100,,138774,9,,,1,198,,138775,9,,,1
1901,'20260728',617,,138776,9,,,1,15,,138777,9,,,1,15,,138778,9,,,1,55,,138779,9,,,1,10,,138780,9,,,1,10,,138781,9,,,1,10,,138782,9,,,1,10,,138783,9,,,1,15,,138784,9,,,1,55,,138785,9,,,1,20,,138786,9,,,1,25,,138787,9,,,1,70,,138788,9,,,1,30,,138789,9,,,1,100,,138790,9,,,1,100,,138791,9,,,1,100,,138792,9,,,1,100,,138793,9,,,1,100,,138794,9,,,1,70,,138795,9,,,1,20,,138796,9,,,1,60,,138797,9,,,1,15,,138798,9,,,1,15,,138799,9,,,1,15,,138800,9,,,1,55,,138801,9,,,1,20,,138802,9,,,1,25,,138803,9,,,1,60,,138804,9,,,1,20,,138805,9,,,1,25,,138806,9,,,1,100,,138807,9,,,1,100,,138808,9,,,1,100,,138809,9,,,1,198,,138810,9,,,1
1901,'20260729',617,,138811,9,,,1,15,,138812,9,,,1,15,,138813,9,,,1,55,,138814,9,,,1,10,,138815,9,,,1,10,,138816,9,,,1,10,,138817,9,,,1,10,,138818,9,,,1,15,,138819,9,,,1,55,,138820,9,,,1,20,,138821,9,,,1,25,,138822,9,,,1,70,,138823,9,,,1,30,,138824,9,,,1,100,,138825,9,,,1,100,,138826,9,,,1,100,,138827,9,,,1,100,,138828,9,,,1,100,,138829,9,,,1,70,,138830,9,,,1,20,,138831,9,,,1,60,,138832,9,,,1,15,,138833,9,,,1,15,,138834,9,,,1,15,,138835,9,,,1,55,,138836,9,,,1,20,,138837,9,,,1,25,,138838,9,,,1,60,,138839,9,,,1,20,,138840,9,,,1,25,,138841,9,,,1,100,,138842,9,,,1,100,,138843,9,,,1,100,,138844,9,,,1,198,,138845,9,,,1
1901,'20260730',617,,138846,9,,,1,15,,138847,9,,,1,15,,138848,9,,,1,55,,138849,9,,,1,10,,138850,9,,,1,10,,138851,9,,,1,10,,138852,9,,,1,10,,138853,9,,,1,15,,138854,9,,,1,55,,138855,9,,,1,20,,138856,9,,,1,25,,138857,9,,,1,70,,138858,9,,,1,30,,138859,9,,,1,100,,138860,9,,,1,100,,138861,9,,,1,100,,138862,9,,,1,100,,138863,9,,,1,100,,138864,9,,,1,70,,138865,9,,,1,20,,138866,9,,,1,60,,138867,9,,,1,15,,138868,9,,,1,15,,138869,9,,,1,15,,138870,9,,,1,55,,138871,9,,,1,20,,138872,9,,,1,25,,138873,9,,,1,60,,138874,9,,,1,20,,138875,9,,,1,25,,138876,9,,,1,100,,138877,9,,,1,100,,138878,9,,,1,100,,138879,9,,,1,198,,138880,9,,,1
1901,'20260731',617,,138881,9,,,1,15,,138882,9,,,1,15,,138883,9,,,1,55,,138884,9,,,1,10,,138885,9,,,1,10,,138886,9,,,1,10,,138887,9,,,1,10,,138888,9,,,1,15,,138889,9,,,1,55,,138890,9,,,1,20,,138891,9,,,1,25,,138892,9,,,1,70,,138893,9,,,1,30,,138894,9,,,1,100,,138895,9,,,1,100,,138896,9,,,1,100,,138897,9,,,1,100,,138898,9,,,1,100,,138899,9,,,1,70,,138900,9,,,1,20,,138901,9,,,1,60,,138902,9,,,1,15,,138903,9,,,1,15,,138904,9,,,1,15,,138905,9,,,1,55,,138906,9,,,1,20,,138907,9,,,1,25,,138908,9,,,1,60,,138909,9,,,1,20,,138910,9,,,1,25,,138911,9,,,1,100,,138912,9,,,1,100,,138913,9,,,1,100,,138914,9,,,1,198,,138915,9,,,1
1901,'20260801',655,,138916,9,,,1,102,,138917,9,,,1,100,,138918,9,,,1,100,,138919,9,,,1,100,,138920,9,,,1,102,,138921,9,,,1,100,,138922,9,,,1,70,,138923,9,,,1,30,,138924,9,,,1,70,,138925,9,,,1,30,,138926,9,,,1,70,,138927,9,,,1,30,,138928,9,,,1,68,,138929,9,,,1,30,,138930,9,,,1,70,,138931,9,,,1,30,,138932,9,,,1,100,,138933,9,,,1,100,,138934,9,,,1,98,,138935,9,,,1,100,,138936,9,,,1,200,,138937,9,,,1
1901,'20260802',655,,138938,9,,,1,102,,138939,9,,,1,100,,138940,9,,,1,100,,138941,9,,,1,100,,138942,9,,,1,102,,138943,9,,,1,100,,138944,9,,,1,70,,138945,9,,,1,30,,138946,9,,,1,70,,138947,9,,,1,30,,138948,9,,,1,70,,138949,9,,,1,30,,138950,9,,,1,68,,138951,9,,,1,30,,138952,9,,,1,70,,138953,9,,,1,30,,138954,9,,,1,100,,138955,9,,,1,100,,138956,9,,,1,98,,138957,9,,,1,100,,138958,9,,,1,200,,138959,9,,,1
1901,'20260803',655,,138960,9,,,1,102,,138961,9,,,1,100,,138962,9,,,1,100,,138963,9,,,1,100,,138964,9,,,1,102,,138965,9,,,1,100,,138966,9,,,1,70,,138967,9,,,1,30,,138968,9,,,1,70,,138969,9,,,1,30,,138970,9,,,1,70,,138971,9,,,1,30,,138972,9,,,1,68,,138973,9,,,1,30,,138974,9,,,1,70,,138975,9,,,1,30,,138976,9,,,1,100,,138977,9,,,1,100,,138978,9,,,1,98,,138979,9,,,1,100,,138980,9,,,1,200,,138981,9,,,1
1901,'20260804',617,,138982,9,,,1,15,,138983,9,,,1,15,,138984,9,,,1,55,,138985,9,,,1,10,,138986,9,,,1,10,,138987,9,,,1,10,,138988,9,,,1,10,,138989,9,,,1,15,,138990,9,,,1,55,,138991,9,,,1,20,,138992,9,,,1,25,,138993,9,,,1,70,,138994,9,,,1,30,,138995,9,,,1,100,,138996,9,,,1,100,,138997,9,,,1,100,,138998,9,,,1,100,,138999,9,,,1,100,,139000,9,,,1,70,,139001,9,,,1,20,,139002,9,,,1,60,,139003,9,,,1,15,,139004,9,,,1,15,,139005,9,,,1,15,,139006,9,,,1,55,,139007,9,,,1,20,,139008,9,,,1,25,,139009,9,,,1,60,,139010,9,,,1,20,,139011,9,,,1,25,,139012,9,,,1,100,,139013,9,,,1,100,,139014,9,,,1,100,,139015,9,,,1,198,,139016,9,,,1
1901,'20260805',617,,139017,9,,,1,15,,139018,9,,,1,15,,139019,9,,,1,55,,139020,9,,,1,10,,139021,9,,,1,10,,139022,9,,,1,10,,139023,9,,,1,10,,139024,9,,,1,15,,139025,9,,,1,55,,139026,9,,,1,20,,139027,9,,,1,25,,139028,9,,,1,70,,139029,9,,,1,30,,139030,9,,,1,100,,139031,9,,,1,100,,139032,9,,,1,100,,139033,9,,,1,100,,139034,9,,,1,100,,139035,9,,,1,70,,139036,9,,,1,20,,139037,9,,,1,60,,139038,9,,,1,15,,139039,9,,,1,15,,139040,9,,,1,15,,139041,9,,,1,55,,139042,9,,,1,20,,139043,9,,,1,25,,139044,9,,,1,60,,139045,9,,,1,20,,139046,9,,,1,25,,139047,9,,,1,100,,139048,9,,,1,100,,139049,9,,,1,100,,139050,9,,,1,198,,139051,9,,,1
1901,'20260806',617,,139052,9,,,1,15,,139053,9,,,1,15,,139054,9,,,1,55,,139055,9,,,1,10,,139056,9,,,1,10,,139057,9,,,1,10,,139058,9,,,1,10,,139059,9,,,1,15,,139060,9,,,1,55,,139061,9,,,1,20,,139062,9,,,1,25,,139063,9,,,1,70,,139064,9,,,1,30,,139065,9,,,1,100,,139066,9,,,1,100,,139067,9,,,1,100,,139068,9,,,1,100,,139069,9,,,1,100,,139070,9,,,1,70,,139071,9,,,1,20,,139072,9,,,1,60,,139073,9,,,1,15,,139074,9,,,1,15,,139075,9,,,1,15,,139076,9,,,1,55,,139077,9,,,1,20,,139078,9,,,1,25,,139079,9,,,1,60,,139080,9,,,1,20,,139081,9,,,1,25,,139082,9,,,1,100,,139083,9,,,1,100,,139084,9,,,1,100,,139085,9,,,1,198,,139086,9,,,1
1901,'20260807',617,,139087,9,,,1,15,,139088,9,,,1,15,,139089,9,,,1,55,,139090,9,,,1,10,,139091,9,,,1,10,,139092,9,,,1,10,,139093,9,,,1,10,,139094,9,,,1,15,,139095,9,,,1,55,,139096,9,,,1,20,,139097,9,,,1,25,,139098,9,,,1,70,,139099,9,,,1,30,,139100,9,,,1,100,,139101,9,,,1,100,,139102,9,,,1,100,,139103,9,,,1,100,,139104,9,,,1,100,,139105,9,,,1,70,,139106,9,,,1,20,,139107,9,,,1,60,,139108,9,,,1,15,,139109,9,,,1,15,,139110,9,,,1,15,,139111,9,,,1,55,,139112,9,,,1,20,,139113,9,,,1,25,,139114,9,,,1,60,,139115,9,,,1,20,,139116,9,,,1,25,,139117,9,,,1,100,,139118,9,,,1,100,,139119,9,,,1,100,,139120,9,,,1,198,,139121,9,,,1
1901,'20260808',655,,139122,9,,,1,102,,139123,9,,,1,100,,139124,9,,,1,100,,139125,9,,,1,100,,139126,9,,,1,102,,139127,9,,,1,100,,139128,9,,,1,70,,139129,9,,,1,30,,139130,9,,,1,70,,139131,9,,,1,30,,139132,9,,,1,70,,139133,9,,,1,30,,139134,9,,,1,68,,139135,9,,,1,30,,139136,9,,,1,70,,139137,9,,,1,30,,139138,9,,,1,100,,139139,9,,,1,100,,139140,9,,,1,98,,139141,9,,,1,100,,139142,9,,,1,200,,139143,9,,,1
1901,'20260809',655,,139144,9,,,1,102,,139145,9,,,1,100,,139146,9,,,1,100,,139147,9,,,1,100,,139148,9,,,1,102,,139149,9,,,1,100,,139150,9,,,1,70,,139151,9,,,1,30,,139152,9,,,1,70,,139153,9,,,1,30,,139154,9,,,1,70,,139155,9,,,1,30,,139156,9,,,1,68,,139157,9,,,1,30,,139158,9,,,1,70,,139159,9,,,1,30,,139160,9,,,1,100,,139161,9,,,1,100,,139162,9,,,1,98,,139163,9,,,1,100,,139164,9,,,1,200,,139165,9,,,1
1901,'20260810',617,,139166,9,,,1,15,,139167,9,,,1,15,,139168,9,,,1,55,,139169,9,,,1,10,,139170,9,,,1,10,,139171,9,,,1,10,,139172,9,,,1,10,,139173,9,,,1,15,,139174,9,,,1,55,,139175,9,,,1,20,,139176,9,,,1,25,,139177,9,,,1,70,,139178,9,,,1,30,,139179,9,,,1,100,,139180,9,,,1,100,,139181,9,,,1,100,,139182,9,,,1,100,,139183,9,,,1,100,,139184,9,,,1,70,,139185,9,,,1,20,,139186,9,,,1,60,,139187,9,,,1,15,,139188,9,,,1,15,,139189,9,,,1,15,,139190,9,,,1,55,,139191,9,,,1,20,,139192,9,,,1,25,,139193,9,,,1,60,,139194,9,,,1,20,,139195,9,,,1,25,,139196,9,,,1,100,,139197,9,,,1,100,,139198,9,,,1,100,,139199,9,,,1,198,,139200,9,,,1
1901,'20260811',617,,139201,9,,,1,15,,139202,9,,,1,15,,139203,9,,,1,55,,139204,9,,,1,10,,139205,9,,,1,10,,139206,9,,,1,10,,139207,9,,,1,10,,139208,9,,,1,15,,139209,9,,,1,55,,139210,9,,,1,20,,139211,9,,,1,25,,139212,9,,,1,70,,139213,9,,,1,30,,139214,9,,,1,100,,139215,9,,,1,100,,139216,9,,,1,100,,139217,9,,,1,100,,139218,9,,,1,100,,139219,9,,,1,70,,139220,9,,,1,20,,139221,9,,,1,60,,139222,9,,,1,15,,139223,9,,,1,15,,139224,9,,,1,15,,139225,9,,,1,55,,139226,9,,,1,20,,139227,9,,,1,25,,139228,9,,,1,60,,139229,9,,,1,20,,139230,9,,,1,25,,139231,9,,,1,100,,139232,9,,,1,100,,139233,9,,,1,100,,139234,9,,,1,198,,139235,9,,,1
1901,'20260812',617,,139236,9,,,1,15,,139237,9,,,1,15,,139238,9,,,1,55,,139239,9,,,1,10,,139240,9,,,1,10,,139241,9,,,1,10,,139242,9,,,1,10,,139243,9,,,1,15,,139244,9,,,1,55,,139245,9,,,1,20,,139246,9,,,1,25,,139247,9,,,1,70,,139248,9,,,1,30,,139249,9,,,1,100,,139250,9,,,1,100,,139251,9,,,1,100,,139252,9,,,1,100,,139253,9,,,1,100,,139254,9,,,1,70,,139255,9,,,1,20,,139256,9,,,1,60,,139257,9,,,1,15,,139258,9,,,1,15,,139259,9,,,1,15,,139260,9,,,1,55,,139261,9,,,1,20,,139262,9,,,1,25,,139263,9,,,1,60,,139264,9,,,1,20,,139265,9,,,1,25,,139266,9,,,1,100,,139267,9,,,1,100,,139268,9,,,1,100,,139269,9,,,1,198,,139270,9,,,1
1901,'20260813',617,,139271,9,,,1,15,,139272,9,,,1,15,,139273,9,,,1,55,,139274,9,,,1,10,,139275,9,,,1,10,,139276,9,,,1,10,,139277,9,,,1,10,,139278,9,,,1,15,,139279,9,,,1,55,,139280,9,,,1,20,,139281,9,,,1,25,,139282,9,,,1,70,,139283,9,,,1,30,,139284,9,,,1,100,,139285,9,,,1,100,,139286,9,,,1,100,,139287,9,,,1,100,,139288,9,,,1,100,,139289,9,,,1,70,,139290,9,,,1,20,,139291,9,,,1,60,,139292,9,,,1,15,,139293,9,,,1,15,,139294,9,,,1,15,,139295,9,,,1,55,,139296,9,,,1,20,,139297,9,,,1,25,,139298,9,,,1,60,,139299,9,,,1,20,,139300,9,,,1,25,,139301,9,,,1,100,,139302,9,,,1,100,,139303,9,,,1,100,,139304,9,,,1,198,,139305,9,,,1
1901,'20260814',617,,139306,9,,,1,15,,139307,9,,,1,15,,139308,9,,,1,55,,139309,9,,,1,10,,139310,9,,,1,10,,139311,9,,,1,10,,139312,9,,,1,10,,139313,9,,,1,15,,139314,9,,,1,55,,139315,9,,,1,20,,139316,9,,,1,25,,139317,9,,,1,70,,139318,9,,,1,30,,139319,9,,,1,100,,139320,9,,,1,100,,139321,9,,,1,100,,139322,9,,,1,100,,139323,9,,,1,100,,139324,9,,,1,70,,139325,9,,,1,20,,139326,9,,,1,60,,139327,9,,,1,15,,139328,9,,,1,15,,139329,9,,,1,15,,139330,9,,,1,55,,139331,9,,,1,20,,139332,9,,,1,25,,139333,9,,,1,60,,139334,9,,,1,20,,139335,9,,,1,25,,139336,9,,,1,100,,139337,9,,,1,100,,139338,9,,,1,100,,139339,9,,,1,198,,139340,9,,,1
1901,'20260815',655,,139341,9,,,1,102,,139342,9,,,1,100,,139343,9,,,1,100,,139344,9,,,1,100,,139345,9,,,1,102,,139346,9,,,1,100,,139347,9,,,1,70,,139348,9,,,1,30,,139349,9,,,1,70,,139350,9,,,1,30,,139351,9,,,1,70,,139352,9,,,1,30,,139353,9,,,1,68,,139354,9,,,1,30,,139355,9,,,1,70,,139356,9,,,1,30,,139357,9,,,1,100,,139358,9,,,1,100,,139359,9,,,1,98,,139360,9,,,1,100,,139361,9,,,1,200,,139362,9,,,1
1901,'20260816',655,,139363,9,,,1,102,,139364,9,,,1,100,,139365,9,,,1,100,,139366,9,,,1,100,,139367,9,,,1,102,,139368,9,,,1,100,,139369,9,,,1,70,,139370,9,,,1,30,,139371,9,,,1,70,,139372,9,,,1,30,,139373,9,,,1,70,,139374,9,,,1,30,,139375,9,,,1,68,,139376,9,,,1,30,,139377,9,,,1,70,,139378,9,,,1,30,,139379,9,,,1,100,,139380,9,,,1,100,,139381,9,,,1,98,,139382,9,,,1,100,,139383,9,,,1,200,,139384,9,,,1
1901,'20260817',617,,139385,9,,,1,15,,139386,9,,,1,15,,139387,9,,,1,55,,139388,9,,,1,10,,139389,9,,,1,10,,139390,9,,,1,10,,139391,9,,,1,10,,139392,9,,,1,15,,139393,9,,,1,55,,139394,9,,,1,20,,139395,9,,,1,25,,139396,9,,,1,70,,139397,9,,,1,30,,139398,9,,,1,100,,139399,9,,,1,100,,139400,9,,,1,100,,139401,9,,,1,100,,139402,9,,,1,100,,139403,9,,,1,70,,139404,9,,,1,20,,139405,9,,,1,60,,139406,9,,,1,15,,139407,9,,,1,15,,139408,9,,,1,15,,139409,9,,,1,55,,139410,9,,,1,20,,139411,9,,,1,25,,139412,9,,,1,60,,139413,9,,,1,20,,139414,9,,,1,25,,139415,9,,,1,100,,139416,9,,,1,100,,139417,9,,,1,100,,139418,9,,,1,198,,139419,9,,,1
1901,'20260818',617,,139420,9,,,1,15,,139421,9,,,1,15,,139422,9,,,1,55,,139423,9,,,1,10,,139424,9,,,1,10,,139425,9,,,1,10,,139426,9,,,1,10,,139427,9,,,1,15,,139428,9,,,1,55,,139429,9,,,1,20,,139430,9,,,1,25,,139431,9,,,1,70,,139432,9,,,1,30,,139433,9,,,1,100,,139434,9,,,1,100,,139435,9,,,1,100,,139436,9,,,1,100,,139437,9,,,1,100,,139438,9,,,1,70,,139439,9,,,1,20,,139440,9,,,1,60,,139441,9,,,1,15,,139442,9,,,1,15,,139443,9,,,1,15,,139444,9,,,1,55,,139445,9,,,1,20,,139446,9,,,1,25,,139447,9,,,1,60,,139448,9,,,1,20,,139449,9,,,1,25,,139450,9,,,1,100,,139451,9,,,1,100,,139452,9,,,1,100,,139453,9,,,1,198,,139454,9,,,1
1901,'20260819',617,,139455,9,,,1,15,,139456,9,,,1,15,,139457,9,,,1,55,,139458,9,,,1,10,,139459,9,,,1,10,,139460,9,,,1,10,,139461,9,,,1,10,,139462,9,,,1,15,,139463,9,,,1,55,,139464,9,,,1,20,,139465,9,,,1,25,,139466,9,,,1,70,,139467,9,,,1,30,,139468,9,,,1,100,,139469,9,,,1,100,,139470,9,,,1,100,,139471,9,,,1,100,,139472,9,,,1,100,,139473,9,,,1,70,,139474,9,,,1,20,,139475,9,,,1,60,,139476,9,,,1,15,,139477,9,,,1,15,,139478,9,,,1,15,,139479,9,,,1,55,,139480,9,,,1,20,,139481,9,,,1,25,,139482,9,,,1,60,,139483,9,,,1,20,,139484,9,,,1,25,,139485,9,,,1,100,,139486,9,,,1,100,,139487,9,,,1,100,,139488,9,,,1,198,,139489,9,,,1
1901,'20260820',617,,139490,9,,,1,15,,139491,9,,,1,15,,139492,9,,,1,55,,139493,9,,,1,10,,139494,9,,,1,10,,139495,9,,,1,10,,139496,9,,,1,10,,139497,9,,,1,15,,139498,9,,,1,55,,139499,9,,,1,20,,139500,9,,,1,25,,139501,9,,,1,70,,139502,9,,,1,30,,139503,9,,,1,100,,139504,9,,,1,100,,139505,9,,,1,100,,139506,9,,,1,100,,139507,9,,,1,100,,139508,9,,,1,70,,139509,9,,,1,20,,139510,9,,,1,60,,139511,9,,,1,15,,139512,9,,,1,15,,139513,9,,,1,15,,139514,9,,,1,55,,139515,9,,,1,20,,139516,9,,,1,25,,139517,9,,,1,60,,139518,9,,,1,20,,139519,9,,,1,25,,139520,9,,,1,100,,139521,9,,,1,100,,139522,9,,,1,100,,139523,9,,,1,198,,139524,9,,,1
1901,'20260821',617,,139525,9,,,1,15,,139526,9,,,1,15,,139527,9,,,1,55,,139528,9,,,1,10,,139529,9,,,1,10,,139530,9,,,1,10,,139531,9,,,1,10,,139532,9,,,1,15,,139533,9,,,1,55,,139534,9,,,1,20,,139535,9,,,1,25,,139536,9,,,1,70,,139537,9,,,1,30,,139538,9,,,1,100,,139539,9,,,1,100,,139540,9,,,1,100,,139541,9,,,1,100,,139542,9,,,1,100,,139543,9,,,1,70,,139544,9,,,1,20,,139545,9,,,1,60,,139546,9,,,1,15,,139547,9,,,1,15,,139548,9,,,1,15,,139549,9,,,1,55,,139550,9,,,1,20,,139551,9,,,1,25,,139552,9,,,1,60,,139553,9,,,1,20,,139554,9,,,1,25,,139555,9,,,1,100,,139556,9,,,1,100,,139557,9,,,1,100,,139558,9,,,1,198,,139559,9,,,1
1901,'20260822',655,,139560,9,,,1,102,,139561,9,,,1,100,,139562,9,,,1,100,,139563,9,,,1,100,,139564,9,,,1,102,,139565,9,,,1,100,,139566,9,,,1,70,,139567,9,,,1,30,,139568,9,,,1,70,,139569,9,,,1,30,,139570,9,,,1,70,,139571,9,,,1,30,,139572,9,,,1,68,,139573,9,,,1,30,,139574,9,,,1,70,,139575,9,,,1,30,,139576,9,,,1,100,,139577,9,,,1,100,,139578,9,,,1,98,,139579,9,,,1,100,,139580,9,,,1,200,,139581,9,,,1
1901,'20260823',655,,139582,9,,,1,102,,139583,9,,,1,100,,139584,9,,,1,100,,139585,9,,,1,100,,139586,9,,,1,102,,139587,9,,,1,100,,139588,9,,,1,70,,139589,9,,,1,30,,139590,9,,,1,70,,139591,9,,,1,30,,139592,9,,,1,70,,139593,9,,,1,30,,139594,9,,,1,68,,139595,9,,,1,30,,139596,9,,,1,70,,139597,9,,,1,30,,139598,9,,,1,100,,139599,9,,,1,100,,139600,9,,,1,98,,139601,9,,,1,100,,139602,9,,,1,200,,139603,9,,,1
1901,'20260824',617,,139604,9,,,1,15,,139605,9,,,1,15,,139606,9,,,1,55,,139607,9,,,1,10,,139608,9,,,1,10,,139609,9,,,1,10,,139610,9,,,1,10,,139611,9,,,1,15,,139612,9,,,1,55,,139613,9,,,1,20,,139614,9,,,1,25,,139615,9,,,1,70,,139616,9,,,1,30,,139617,9,,,1,100,,139618,9,,,1,100,,139619,9,,,1,100,,139620,9,,,1,100,,139621,9,,,1,100,,139622,9,,,1,70,,139623,9,,,1,20,,139624,9,,,1,60,,139625,9,,,1,15,,139626,9,,,1,15,,139627,9,,,1,15,,139628,9,,,1,55,,139629,9,,,1,20,,139630,9,,,1,25,,139631,9,,,1,60,,139632,9,,,1,20,,139633,9,,,1,25,,139634,9,,,1,100,,139635,9,,,1,100,,139636,9,,,1,100,,139637,9,,,1,198,,139638,9,,,1
1901,'20260825',617,,139639,9,,,1,15,,139640,9,,,1,15,,139641,9,,,1,55,,139642,9,,,1,10,,139643,9,,,1,10,,139644,9,,,1,10,,139645,9,,,1,10,,139646,9,,,1,15,,139647,9,,,1,55,,139648,9,,,1,20,,139649,9,,,1,25,,139650,9,,,1,70,,139651,9,,,1,30,,139652,9,,,1,100,,139653,9,,,1,100,,139654,9,,,1,100,,139655,9,,,1,100,,139656,9,,,1,100,,139657,9,,,1,70,,139658,9,,,1,20,,139659,9,,,1,60,,139660,9,,,1,15,,139661,9,,,1,15,,139662,9,,,1,15,,139663,9,,,1,55,,139664,9,,,1,20,,139665,9,,,1,25,,139666,9,,,1,60,,139667,9,,,1,20,,139668,9,,,1,25,,139669,9,,,1,100,,139670,9,,,1,100,,139671,9,,,1,100,,139672,9,,,1,198,,139673,9,,,1
1901,'20260826',617,,139674,9,,,1,15,,139675,9,,,1,15,,139676,9,,,1,55,,139677,9,,,1,10,,139678,9,,,1,10,,139679,9,,,1,10,,139680,9,,,1,10,,139681,9,,,1,15,,139682,9,,,1,55,,139683,9,,,1,20,,139684,9,,,1,25,,139685,9,,,1,70,,139686,9,,,1,30,,139687,9,,,1,100,,139688,9,,,1,100,,139689,9,,,1,100,,139690,9,,,1,100,,139691,9,,,1,100,,139692,9,,,1,70,,139693,9,,,1,20,,139694,9,,,1,60,,139695,9,,,1,15,,139696,9,,,1,15,,139697,9,,,1,15,,139698,9,,,1,55,,139699,9,,,1,20,,139700,9,,,1,25,,139701,9,,,1,60,,139702,9,,,1,20,,139703,9,,,1,25,,139704,9,,,1,100,,139705,9,,,1,100,,139706,9,,,1,100,,139707,9,,,1,198,,139708,9,,,1
1901,'20260827',617,,139709,9,,,1,15,,139710,9,,,1,15,,139711,9,,,1,55,,139712,9,,,1,10,,139713,9,,,1,10,,139714,9,,,1,10,,139715,9,,,1,10,,139716,9,,,1,15,,139717,9,,,1,55,,139718,9,,,1,20,,139719,9,,,1,25,,139720,9,,,1,70,,139721,9,,,1,30,,139722,9,,,1,100,,139723,9,,,1,100,,139724,9,,,1,100,,139725,9,,,1,100,,139726,9,,,1,100,,139727,9,,,1,70,,139728,9,,,1,20,,139729,9,,,1,60,,139730,9,,,1,15,,139731,9,,,1,15,,139732,9,,,1,15,,139733,9,,,1,55,,139734,9,,,1,20,,139735,9,,,1,25,,139736,9,,,1,60,,139737,9,,,1,20,,139738,9,,,1,25,,139739,9,,,1,100,,139740,9,,,1,100,,139741,9,,,1,100,,139742,9,,,1,198,,139743,9,,,1
1901,'20260828',617,,139744,9,,,1,15,,139745,9,,,1,15,,139746,9,,,1,55,,139747,9,,,1,10,,139748,9,,,1,10,,139749,9,,,1,10,,139750,9,,,1,10,,139751,9,,,1,15,,139752,9,,,1,55,,139753,9,,,1,20,,139754,9,,,1,25,,139755,9,,,1,70,,139756,9,,,1,30,,139757,9,,,1,100,,139758,9,,,1,100,,139759,9,,,1,100,,139760,9,,,1,100,,139761,9,,,1,100,,139762,9,,,1,70,,139763,9,,,1,20,,139764,9,,,1,60,,139765,9,,,1,15,,139766,9,,,1,15,,139767,9,,,1,15,,139768,9,,,1,55,,139769,9,,,1,20,,139770,9,,,1,25,,139771,9,,,1,60,,139772,9,,,1,20,,139773,9,,,1,25,,139774,9,,,1,100,,139775,9,,,1,100,,139776,9,,,1,100,,139777,9,,,1,198,,139778,9,,,1
1901,'20260829',655,,139779,9,,,1,102,,139780,9,,,1,100,,139781,9,,,1,100,,139782,9,,,1,100,,139783,9,,,1,102,,139784,9,,,1,100,,139785,9,,,1,70,,139786,9,,,1,30,,139787,9,,,1,70,,139788,9,,,1,30,,139789,9,,,1,70,,139790,9,,,1,30,,139791,9,,,1,68,,139792,9,,,1,30,,139793,9,,,1,70,,139794,9,,,1,30,,139795,9,,,1,100,,139796,9,,,1,100,,139797,9,,,1,98,,139798,9,,,1,100,,139799,9,,,1,200,,139800,9,,,1
1901,'20260830',655,,139801,9,,,1,102,,139802,9,,,1,100,,139803,9,,,1,100,,139804,9,,,1,100,,139805,9,,,1,102,,139806,9,,,1,100,,139807,9,,,1,70,,139808,9,,,1,30,,139809,9,,,1,70,,139810,9,,,1,30,,139811,9,,,1,70,,139812,9,,,1,30,,139813,9,,,1,68,,139814,9,,,1,30,,139815,9,,,1,70,,139816,9,,,1,30,,139817,9,,,1,100,,139818,9,,,1,100,,139819,9,,,1,98,,139820,9,,,1,100,,139821,9,,,1,200,,139822,9,,,1
1901,'20260831',617,,139823,9,,,1,15,,139824,9,,,1,15,,139825,9,,,1,55,,139826,9,,,1,10,,139827,9,,,1,10,,139828,9,,,1,10,,139829,9,,,1,10,,139830,9,,,1,15,,139831,9,,,1,55,,139832,9,,,1,20,,139833,9,,,1,25,,139834,9,,,1,70,,139835,9,,,1,30,,139836,9,,,1,100,,139837,9,,,1,100,,139838,9,,,1,100,,139839,9,,,1,100,,139840,9,,,1,100,,139841,9,,,1,70,,139842,9,,,1,20,,139843,9,,,1,60,,139844,9,,,1,15,,139845,9,,,1,15,,139846,9,,,1,15,,139847,9,,,1,55,,139848,9,,,1,20,,139849,9,,,1,25,,139850,9,,,1,60,,139851,9,,,1,20,,139852,9,,,1,25,,139853,9,,,1,100,,139854,9,,,1,100,,139855,9,,,1,100,,139856,9,,,1,198,,139857,9,,,1
1901,'20260901',617,,139858,9,,,1,15,,139859,9,,,1,15,,139860,9,,,1,55,,139861,9,,,1,10,,139862,9,,,1,10,,139863,9,,,1,10,,139864,9,,,1,10,,139865,9,,,1,15,,139866,9,,,1,55,,139867,9,,,1,20,,139868,9,,,1,25,,139869,9,,,1,70,,139870,9,,,1,30,,139871,9,,,1,100,,139872,9,,,1,100,,139873,9,,,1,100,,139874,9,,,1,100,,139875,9,,,1,100,,139876,9,,,1,70,,139877,9,,,1,20,,139878,9,,,1,60,,139879,9,,,1,15,,139880,9,,,1,15,,139881,9,,,1,15,,139882,9,,,1,55,,139883,9,,,1,20,,139884,9,,,1,25,,139885,9,,,1,60,,139886,9,,,1,20,,139887,9,,,1,25,,139888,9,,,1,100,,139889,9,,,1,100,,139890,9,,,1,100,,139891,9,,,1,198,,139892,9,,,1
1901,'20260902',617,,139893,9,,,1,15,,139894,9,,,1,15,,139895,9,,,1,55,,139896,9,,,1,10,,139897,9,,,1,10,,139898,9,,,1,10,,139899,9,,,1,10,,139900,9,,,1,15,,139901,9,,,1,55,,139902,9,,,1,20,,139903,9,,,1,25,,139904,9,,,1,70,,139905,9,,,1,30,,139906,9,,,1,100,,139907,9,,,1,100,,139908,9,,,1,100,,139909,9,,,1,100,,139910,9,,,1,100,,139911,9,,,1,70,,139912,9,,,1,20,,139913,9,,,1,60,,139914,9,,,1,15,,139915,9,,,1,15,,139916,9,,,1,15,,139917,9,,,1,55,,139918,9,,,1,20,,139919,9,,,1,25,,139920,9,,,1,60,,139921,9,,,1,20,,139922,9,,,1,25,,139923,9,,,1,100,,139924,9,,,1,100,,139925,9,,,1,100,,139926,9,,,1,198,,139927,9,,,1
1901,'20260903',617,,139928,9,,,1,15,,139929,9,,,1,15,,139930,9,,,1,55,,139931,9,,,1,10,,139932,9,,,1,10,,139933,9,,,1,10,,139934,9,,,1,10,,139935,9,,,1,15,,139936,9,,,1,55,,139937,9,,,1,20,,139938,9,,,1,25,,139939,9,,,1,70,,139940,9,,,1,30,,139941,9,,,1,100,,139942,9,,,1,100,,139943,9,,,1,100,,139944,9,,,1,100,,139945,9,,,1,100,,139946,9,,,1,70,,139947,9,,,1,20,,139948,9,,,1,60,,139949,9,,,1,15,,139950,9,,,1,15,,139951,9,,,1,15,,139952,9,,,1,55,,139953,9,,,1,20,,139954,9,,,1,25,,139955,9,,,1,60,,139956,9,,,1,20,,139957,9,,,1,25,,139958,9,,,1,100,,139959,9,,,1,100,,139960,9,,,1,100,,139961,9,,,1,198,,139962,9,,,1
1901,'20260904',617,,139963,9,,,1,15,,139964,9,,,1,15,,139965,9,,,1,55,,139966,9,,,1,10,,139967,9,,,1,10,,139968,9,,,1,10,,139969,9,,,1,10,,139970,9,,,1,15,,139971,9,,,1,55,,139972,9,,,1,20,,139973,9,,,1,25,,139974,9,,,1,70,,139975,9,,,1,30,,139976,9,,,1,100,,139977,9,,,1,100,,139978,9,,,1,100,,139979,9,,,1,100,,139980,9,,,1,100,,139981,9,,,1,70,,139982,9,,,1,20,,139983,9,,,1,60,,139984,9,,,1,15,,139985,9,,,1,15,,139986,9,,,1,15,,139987,9,,,1,55,,139988,9,,,1,20,,139989,9,,,1,25,,139990,9,,,1,60,,139991,9,,,1,20,,139992,9,,,1,25,,139993,9,,,1,100,,139994,9,,,1,100,,139995,9,,,1,100,,139996,9,,,1,198,,139997,9,,,1
2701,'20260722',535,,156306,9,0,7 8 9,1,102,,156307,9,0,57 8 9,1,20,,156308,9,0,57 8 9,1,60,,156309,9,0,34 10 9,1,10,,156310,9,0,57 8 9,1,10,,156311,9,0,34 10 9,1,10,,156312,9,0,57 8 9,1,55,,156313,9,0,34 10 9,1,15,,156314,9,0,57 8 9,1,90,,156315,9,0,7 8 9,1,120,,156316,9,0,5 10 9,1,100,,156317,9,0,5 10 9,1,95,,156318,9,0,5 10 9,1,105,,156319,9,0,5 10 9,1,100,,156320,9,0,57 8 9,1,77,,156321,9,0,34 10 9,1,30,,156322,9,0,57 8 9,1,70,,156323,9,0,57 8 9,1,33,,156324,9,0,57 8 9,1,75,,156325,9,0,57 8 9,1,30,,156326,9,0,57 8 9,1,75,,156327,9,0,7 8 9,1,30,,156328,9,0,7 8 9,1,75,,156329,9,0,5 10 9,1,100,,156330,9,0,5 10 9,1,100,,156331,9,0,5 10 9,1,100,,156332,9,0,5 10 9,1,198,,156333,9,0,5 10 9,1
2701,'20260723',535,,156334,9,0,7 8 9,1,102,,156335,9,0,57 8 9,1,20,,156336,9,0,57 8 9,1,60,,156337,9,0,34 10 9,1,10,,156338,9,0,57 8 9,1,10,,156339,9,0,34 10 9,1,10,,156340,9,0,57 8 9,1,55,,156341,9,0,34 10 9,1,15,,156342,9,0,57 8 9,1,90,,156343,9,0,7 8 9,1,120,,156344,9,0,5 10 9,1,100,,156345,9,0,5 10 9,1,95,,156346,9,0,5 10 9,1,105,,156347,9,0,5 10 9,1,100,,156348,9,0,57 8 9,1,77,,156349,9,0,34 10 9,1,30,,156350,9,0,57 8 9,1,70,,156351,9,0,57 8 9,1,33,,156352,9,0,57 8 9,1,75,,156353,9,0,57 8 9,1,30,,156354,9,0,57 8 9,1,75,,156355,9,0,7 8 9,1,30,,156356,9,0,7 8 9,1,75,,156357,9,0,5 10 9,1,100,,156358,9,0,5 10 9,1,100,,156359,9,0,5 10 9,1,100,,156360,9,0,5 10 9,1,198,,156361,9,0,5 10 9,1
2701,'20260724',535,,156362,9,0,7 8 9,1,102,,156363,9,0,57 8 9,1,20,,156364,9,0,57 8 9,1,60,,156365,9,0,34 10 9,1,10,,156366,9,0,57 8 9,1,10,,156367,9,0,34 10 9,1,10,,156368,9,0,57 8 9,1,55,,156369,9,0,34 10 9,1,15,,156370,9,0,57 8 9,1,90,,156371,9,0,7 8 9,1,120,,156372,9,0,5 10 9,1,100,,156373,9,0,5 10 9,1,95,,156374,9,0,5 10 9,1,105,,156375,9,0,5 10 9,1,100,,156376,9,0,57 8 9,1,77,,156377,9,0,34 10 9,1,30,,156378,9,0,57 8 9,1,70,,156379,9,0,57 8 9,1,33,,156380,9,0,57 8 9,1,75,,156381,9,0,57 8 9,1,30,,156382,9,0,57 8 9,1,75,,156383,9,0,7 8 9,1,30,,156384,9,0,7 8 9,1,75,,156385,9,0,5 10 9,1,100,,156386,9,0,5 10 9,1,100,,156387,9,0,5 10 9,1,100,,156388,9,0,5 10 9,1,198,,156389,9,0,5 10 9,1
2701,'20260725',635,,156390,9,0,7 8 9,1,102,,156391,9,0,5 10 9,1,100,,156392,9,0,5 10 9,1,95,,156393,9,0,5 10 9,1,102,,156394,9,0,5 10 9,1,100,,156395,9,0,5 10 9,1,105,,156396,9,0,5 10 9,1,95,,156397,9,0,5 10 9,1,105,,156398,9,0,5 10 9,1,100,,156399,9,0,5 10 9,1,100,,156400,9,0,5 10 9,1,100,,156401,9,0,5 10 9,1,98,,156402,9,0,5 10 9,1,100,,156403,9,0,5 10 9,1,200,,156404,9,0,5 10 9,1,198,,156405,9,0,5 10 9,1
2701,'20260726',635,,156406,9,0,7 8 9,1,102,,156407,9,0,5 10 9,1,100,,156408,9,0,5 10 9,1,95,,156409,9,0,5 10 9,1,102,,156410,9,0,5 10 9,1,100,,156411,9,0,5 10 9,1,105,,156412,9,0,5 10 9,1,95,,156413,9,0,5 10 9,1,105,,156414,9,0,5 10 9,1,100,,156415,9,0,5 10 9,1,100,,156416,9,0,5 10 9,1,100,,156417,9,0,5 10 9,1,98,,156418,9,0,5 10 9,1,100,,156419,9,0,5 10 9,1,200,,156420,9,0,5 10 9,1,198,,156421,9,0,5 10 9,1
2701,'20260727',535,,156422,9,0,7 8 9,1,102,,156423,9,0,57 8 9,1,20,,156424,9,0,57 8 9,1,60,,156425,9,0,34 10 9,1,10,,156426,9,0,57 8 9,1,10,,156427,9,0,34 10 9,1,10,,156428,9,0,57 8 9,1,55,,156429,9,0,34 10 9,1,15,,156430,9,0,57 8 9,1,90,,156431,9,0,7 8 9,1,120,,156432,9,0,5 10 9,1,100,,156433,9,0,5 10 9,1,95,,156434,9,0,5 10 9,1,105,,156435,9,0,5 10 9,1,100,,156436,9,0,57 8 9,1,77,,156437,9,0,34 10 9,1,30,,156438,9,0,57 8 9,1,70,,156439,9,0,57 8 9,1,33,,156440,9,0,57 8 9,1,75,,156441,9,0,57 8 9,1,30,,156442,9,0,57 8 9,1,75,,156443,9,0,7 8 9,1,30,,156444,9,0,7 8 9,1,75,,156445,9,0,5 10 9,1,100,,156446,9,0,5 10 9,1,100,,156447,9,0,5 10 9,1,100,,156448,9,0,5 10 9,1,198,,156449,9,0,5 10 9,1
2701,'20260728',535,,156450,9,0,7 8 9,1,102,,156451,9,0,57 8 9,1,20,,156452,9,0,57 8 9,1,60,,156453,9,0,34 10 9,1,10,,156454,9,0,57 8 9,1,10,,156455,9,0,34 10 9,1,10,,156456,9,0,57 8 9,1,55,,156457,9,0,34 10 9,1,15,,156458,9,0,57 8 9,1,90,,156459,9,0,7 8 9,1,120,,156460,9,0,5 10 9,1,100,,156461,9,0,5 10 9,1,95,,156462,9,0,5 10 9,1,105,,156463,9,0,5 10 9,1,100,,156464,9,0,57 8 9,1,77,,156465,9,0,34 10 9,1,30,,156466,9,0,57 8 9,1,70,,156467,9,0,57 8 9,1,33,,156468,9,0,57 8 9,1,75,,156469,9,0,57 8 9,1,30,,156470,9,0,57 8 9,1,75,,156471,9,0,7 8 9,1,30,,156472,9,0,7 8 9,1,75,,156473,9,0,5 10 9,1,100,,156474,9,0,5 10 9,1,100,,156475,9,0,5 10 9,1,100,,156476,9,0,5 10 9,1,198,,156477,9,0,5 10 9,1
2701,'20260729',535,,156478,9,0,7 8 9,1,102,,156479,9,0,57 8 9,1,20,,156480,9,0,57 8 9,1,60,,156481,9,0,34 10 9,1,10,,156482,9,0,57 8 9,1,10,,156483,9,0,34 10 9,1,10,,156484,9,0,57 8 9,1,55,,156485,9,0,34 10 9,1,15,,156486,9,0,57 8 9,1,90,,156487,9,0,7 8 9,1,120,,156488,9,0,5 10 9,1,100,,156489,9,0,5 10 9,1,95,,156490,9,0,5 10 9,1,105,,156491,9,0,5 10 9,1,100,,156492,9,0,57 8 9,1,77,,156493,9,0,34 10 9,1,30,,156494,9,0,57 8 9,1,70,,156495,9,0,57 8 9,1,33,,156496,9,0,57 8 9,1,75,,156497,9,0,57 8 9,1,30,,156498,9,0,57 8 9,1,75,,156499,9,0,7 8 9,1,30,,156500,9,0,7 8 9,1,75,,156501,9,0,5 10 9,1,100,,156502,9,0,5 10 9,1,100,,156503,9,0,5 10 9,1,100,,156504,9,0,5 10 9,1,198,,156505,9,0,5 10 9,1
2701,'20260730',535,,156506,9,0,7 8 9,1,102,,156507,9,0,57 8 9,1,20,,156508,9,0,57 8 9,1,60,,156509,9,0,34 10 9,1,10,,156510,9,0,57 8 9,1,10,,156511,9,0,34 10 9,1,10,,156512,9,0,57 8 9,1,55,,156513,9,0,34 10 9,1,15,,156514,9,0,57 8 9,1,90,,156515,9,0,7 8 9,1,120,,156516,9,0,5 10 9,1,100,,156517,9,0,5 10 9,1,95,,156518,9,0,5 10 9,1,105,,156519,9,0,5 10 9,1,100,,156520,9,0,57 8 9,1,77,,156521,9,0,34 10 9,1,30,,156522,9,0,57 8 9,1,70,,156523,9,0,57 8 9,1,33,,156524,9,0,57 8 9,1,75,,156525,9,0,57 8 9,1,30,,156526,9,0,57 8 9,1,75,,156527,9,0,7 8 9,1,30,,156528,9,0,7 8 9,1,75,,156529,9,0,5 10 9,1,100,,156530,9,0,5 10 9,1,100,,156531,9,0,5 10 9,1,100,,156532,9,0,5 10 9,1,198,,156533,9,0,5 10 9,1
2701,'20260731',535,,156534,9,0,7 8 9,1,102,,156535,9,0,57 8 9,1,20,,156536,9,0,57 8 9,1,60,,156537,9,0,34 10 9,1,10,,156538,9,0,57 8 9,1,10,,156539,9,0,34 10 9,1,10,,156540,9,0,57 8 9,1,55,,156541,9,0,34 10 9,1,15,,156542,9,0,57 8 9,1,90,,156543,9,0,7 8 9,1,120,,156544,9,0,5 10 9,1,100,,156545,9,0,5 10 9,1,95,,156546,9,0,5 10 9,1,105,,156547,9,0,5 10 9,1,100,,156548,9,0,57 8 9,1,77,,156549,9,0,34 10 9,1,30,,156550,9,0,57 8 9,1,70,,156551,9,0,57 8 9,1,33,,156552,9,0,57 8 9,1,75,,156553,9,0,57 8 9,1,30,,156554,9,0,57 8 9,1,75,,156555,9,0,7 8 9,1,30,,156556,9,0,7 8 9,1,75,,156557,9,0,5 10 9,1,100,,156558,9,0,5 10 9,1,100,,156559,9,0,5 10 9,1,100,,156560,9,0,5 10 9,1,198,,156561,9,0,5 10 9,1
2701,'20260801',635,,156562,9,0,7 8 9,1,102,,156563,9,0,5 10 9,1,100,,156564,9,0,5 10 9,1,95,,156565,9,0,5 10 9,1,102,,156566,9,0,5 10 9,1,100,,156567,9,0,5 10 9,1,105,,156568,9,0,5 10 9,1,95,,156569,9,0,5 10 9,1,105,,156570,9,0,5 10 9,1,100,,156571,9,0,5 10 9,1,100,,156572,9,0,5 10 9,1,100,,156573,9,0,5 10 9,1,98,,156574,9,0,5 10 9,1,100,,156575,9,0,5 10 9,1,200,,156576,9,0,5 10 9,1,198,,156577,9,0,5 10 9,1
2701,'20260802',635,,156578,9,0,7 8 9,1,102,,156579,9,0,5 10 9,1,100,,156580,9,0,5 10 9,1,95,,156581,9,0,5 10 9,1,102,,156582,9,0,5 10 9,1,100,,156583,9,0,5 10 9,1,105,,156584,9,0,5 10 9,1,95,,156585,9,0,5 10 9,1,105,,156586,9,0,5 10 9,1,100,,156587,9,0,5 10 9,1,100,,156588,9,0,5 10 9,1,100,,156589,9,0,5 10 9,1,98,,156590,9,0,5 10 9,1,100,,156591,9,0,5 10 9,1,200,,156592,9,0,5 10 9,1,198,,156593,9,0,5 10 9,1
2701,'20260803',635,,156594,9,0,7 8 9,1,102,,156595,9,0,5 10 9,1,100,,156596,9,0,5 10 9,1,95,,156597,9,0,5 10 9,1,102,,156598,9,0,5 10 9,1,100,,156599,9,0,5 10 9,1,105,,156600,9,0,5 10 9,1,95,,156601,9,0,5 10 9,1,105,,156602,9,0,5 10 9,1,100,,156603,9,0,5 10 9,1,100,,156604,9,0,5 10 9,1,100,,156605,9,0,5 10 9,1,98,,156606,9,0,5 10 9,1,100,,156607,9,0,5 10 9,1,200,,156608,9,0,5 10 9,1,198,,156609,9,0,5 10 9,1
2701,'20260804',535,,156610,9,0,7 8 9,1,102,,156611,9,0,57 8 9,1,20,,156612,9,0,57 8 9,1,60,,156613,9,0,34 10 9,1,10,,156614,9,0,57 8 9,1,10,,156615,9,0,34 10 9,1,10,,156616,9,0,57 8 9,1,55,,156617,9,0,34 10 9,1,15,,156618,9,0,57 8 9,1,90,,156619,9,0,7 8 9,1,120,,156620,9,0,5 10 9,1,100,,156621,9,0,5 10 9,1,95,,156622,9,0,5 10 9,1,105,,156623,9,0,5 10 9,1,100,,156624,9,0,57 8 9,1,77,,156625,9,0,34 10 9,1,30,,156626,9,0,57 8 9,1,70,,156627,9,0,57 8 9,1,33,,156628,9,0,57 8 9,1,75,,156629,9,0,57 8 9,1,30,,156630,9,0,57 8 9,1,75,,156631,9,0,7 8 9,1,30,,156632,9,0,7 8 9,1,75,,156633,9,0,5 10 9,1,100,,156634,9,0,5 10 9,1,100,,156635,9,0,5 10 9,1,100,,156636,9,0,5 10 9,1,198,,156637,9,0,5 10 9,1
2701,'20260805',535,,156638,9,0,7 8 9,1,102,,156639,9,0,57 8 9,1,20,,156640,9,0,57 8 9,1,60,,156641,9,0,34 10 9,1,10,,156642,9,0,57 8 9,1,10,,156643,9,0,34 10 9,1,10,,156644,9,0,57 8 9,1,55,,156645,9,0,34 10 9,1,15,,156646,9,0,57 8 9,1,90,,156647,9,0,7 8 9,1,120,,156648,9,0,5 10 9,1,100,,156649,9,0,5 10 9,1,95,,156650,9,0,5 10 9,1,105,,156651,9,0,5 10 9,1,100,,156652,9,0,57 8 9,1,77,,156653,9,0,34 10 9,1,30,,156654,9,0,57 8 9,1,70,,156655,9,0,57 8 9,1,33,,156656,9,0,57 8 9,1,75,,156657,9,0,57 8 9,1,30,,156658,9,0,57 8 9,1,75,,156659,9,0,7 8 9,1,30,,156660,9,0,7 8 9,1,75,,156661,9,0,5 10 9,1,100,,156662,9,0,5 10 9,1,100,,156663,9,0,5 10 9,1,100,,156664,9,0,5 10 9,1,198,,156665,9,0,5 10 9,1
2701,'20260806',535,,156666,9,0,7 8 9,1,102,,156667,9,0,57 8 9,1,20,,156668,9,0,57 8 9,1,60,,156669,9,0,34 10 9,1,10,,156670,9,0,57 8 9,1,10,,156671,9,0,34 10 9,1,10,,156672,9,0,57 8 9,1,55,,156673,9,0,34 10 9,1,15,,156674,9,0,57 8 9,1,90,,156675,9,0,7 8 9,1,120,,156676,9,0,5 10 9,1,100,,156677,9,0,5 10 9,1,95,,156678,9,0,5 10 9,1,105,,156679,9,0,5 10 9,1,100,,156680,9,0,57 8 9,1,77,,156681,9,0,34 10 9,1,30,,156682,9,0,57 8 9,1,70,,156683,9,0,57 8 9,1,33,,156684,9,0,57 8 9,1,75,,156685,9,0,57 8 9,1,30,,156686,9,0,57 8 9,1,75,,156687,9,0,7 8 9,1,30,,156688,9,0,7 8 9,1,75,,156689,9,0,5 10 9,1,100,,156690,9,0,5 10 9,1,100,,156691,9,0,5 10 9,1,100,,156692,9,0,5 10 9,1,198,,156693,9,0,5 10 9,1
2701,'20260807',535,,156694,9,0,7 8 9,1,102,,156695,9,0,57 8 9,1,20,,156696,9,0,57 8 9,1,60,,156697,9,0,34 10 9,1,10,,156698,9,0,57 8 9,1,10,,156699,9,0,34 10 9,1,10,,156700,9,0,57 8 9,1,55,,156701,9,0,34 10 9,1,15,,156702,9,0,57 8 9,1,90,,156703,9,0,7 8 9,1,120,,156704,9,0,5 10 9,1,100,,156705,9,0,5 10 9,1,95,,156706,9,0,5 10 9,1,105,,156707,9,0,5 10 9,1,100,,156708,9,0,57 8 9,1,77,,156709,9,0,34 10 9,1,30,,156710,9,0,57 8 9,1,70,,156711,9,0,57 8 9,1,33,,156712,9,0,57 8 9,1,75,,156713,9,0,57 8 9,1,30,,156714,9,0,57 8 9,1,75,,156715,9,0,7 8 9,1,30,,156716,9,0,7 8 9,1,75,,156717,9,0,5 10 9,1,100,,156718,9,0,5 10 9,1,100,,156719,9,0,5 10 9,1,100,,156720,9,0,5 10 9,1,198,,156721,9,0,5 10 9,1
2701,'20260808',635,,156722,9,0,7 8 9,1,102,,156723,9,0,5 10 9,1,100,,156724,9,0,5 10 9,1,95,,156725,9,0,5 10 9,1,102,,156726,9,0,5 10 9,1,100,,156727,9,0,5 10 9,1,105,,156728,9,0,5 10 9,1,95,,156729,9,0,5 10 9,1,105,,156730,9,0,5 10 9,1,100,,156731,9,0,5 10 9,1,100,,156732,9,0,5 10 9,1,100,,156733,9,0,5 10 9,1,98,,156734,9,0,5 10 9,1,100,,156735,9,0,5 10 9,1,200,,156736,9,0,5 10 9,1,198,,156737,9,0,5 10 9,1
2701,'20260809',635,,156738,9,0,7 8 9,1,102,,156739,9,0,5 10 9,1,100,,156740,9,0,5 10 9,1,95,,156741,9,0,5 10 9,1,102,,156742,9,0,5 10 9,1,100,,156743,9,0,5 10 9,1,105,,156744,9,0,5 10 9,1,95,,156745,9,0,5 10 9,1,105,,156746,9,0,5 10 9,1,100,,156747,9,0,5 10 9,1,100,,156748,9,0,5 10 9,1,100,,156749,9,0,5 10 9,1,98,,156750,9,0,5 10 9,1,100,,156751,9,0,5 10 9,1,200,,156752,9,0,5 10 9,1,198,,156753,9,0,5 10 9,1
2701,'20260810',535,,156754,9,0,7 8 9,1,102,,156755,9,0,57 8 9,1,20,,156756,9,0,57 8 9,1,60,,156757,9,0,34 10 9,1,10,,156758,9,0,57 8 9,1,10,,156759,9,0,34 10 9,1,10,,156760,9,0,57 8 9,1,55,,156761,9,0,34 10 9,1,15,,156762,9,0,57 8 9,1,90,,156763,9,0,7 8 9,1,120,,156764,9,0,5 10 9,1,100,,156765,9,0,5 10 9,1,95,,156766,9,0,5 10 9,1,105,,156767,9,0,5 10 9,1,100,,156768,9,0,57 8 9,1,77,,156769,9,0,34 10 9,1,30,,156770,9,0,57 8 9,1,70,,156771,9,0,57 8 9,1,33,,156772,9,0,57 8 9,1,75,,156773,9,0,57 8 9,1,30,,156774,9,0,57 8 9,1,75,,156775,9,0,7 8 9,1,30,,156776,9,0,7 8 9,1,75,,156777,9,0,5 10 9,1,100,,156778,9,0,5 10 9,1,100,,156779,9,0,5 10 9,1,100,,156780,9,0,5 10 9,1,198,,156781,9,0,5 10 9,1
2701,'20260811',535,,156782,9,0,7 8 9,1,102,,156783,9,0,57 8 9,1,20,,156784,9,0,57 8 9,1,60,,156785,9,0,34 10 9,1,10,,156786,9,0,57 8 9,1,10,,156787,9,0,34 10 9,1,10,,156788,9,0,57 8 9,1,55,,156789,9,0,34 10 9,1,15,,156790,9,0,57 8 9,1,90,,156791,9,0,7 8 9,1,120,,156792,9,0,5 10 9,1,100,,156793,9,0,5 10 9,1,95,,156794,9,0,5 10 9,1,105,,156795,9,0,5 10 9,1,100,,156796,9,0,57 8 9,1,77,,156797,9,0,34 10 9,1,30,,156798,9,0,57 8 9,1,70,,156799,9,0,57 8 9,1,33,,156800,9,0,57 8 9,1,75,,156801,9,0,57 8 9,1,30,,156802,9,0,57 8 9,1,75,,156803,9,0,7 8 9,1,30,,156804,9,0,7 8 9,1,75,,156805,9,0,5 10 9,1,100,,156806,9,0,5 10 9,1,100,,156807,9,0,5 10 9,1,100,,156808,9,0,5 10 9,1,198,,156809,9,0,5 10 9,1
2701,'20260812',535,,156810,9,0,7 8 9,1,102,,156811,9,0,57 8 9,1,20,,156812,9,0,57 8 9,1,60,,156813,9,0,34 10 9,1,10,,156814,9,0,57 8 9,1,10,,156815,9,0,34 10 9,1,10,,156816,9,0,57 8 9,1,55,,156817,9,0,34 10 9,1,15,,156818,9,0,57 8 9,1,90,,156819,9,0,7 8 9,1,120,,156820,9,0,5 10 9,1,100,,156821,9,0,5 10 9,1,95,,156822,9,0,5 10 9,1,105,,156823,9,0,5 10 9,1,100,,156824,9,0,57 8 9,1,77,,156825,9,0,34 10 9,1,30,,156826,9,0,57 8 9,1,70,,156827,9,0,57 8 9,1,33,,156828,9,0,57 8 9,1,75,,156829,9,0,57 8 9,1,30,,156830,9,0,57 8 9,1,75,,156831,9,0,7 8 9,1,30,,156832,9,0,7 8 9,1,75,,156833,9,0,5 10 9,1,100,,156834,9,0,5 10 9,1,100,,156835,9,0,5 10 9,1,100,,156836,9,0,5 10 9,1,198,,156837,9,0,5 10 9,1
2701,'20260813',535,,156838,9,0,7 8 9,1,102,,156839,9,0,57 8 9,1,20,,156840,9,0,57 8 9,1,60,,156841,9,0,34 10 9,1,10,,156842,9,0,57 8 9,1,10,,156843,9,0,34 10 9,1,10,,156844,9,0,57 8 9,1,55,,156845,9,0,34 10 9,1,15,,156846,9,0,57 8 9,1,90,,156847,9,0,7 8 9,1,120,,156848,9,0,5 10 9,1,100,,156849,9,0,5 10 9,1,95,,156850,9,0,5 10 9,1,105,,156851,9,0,5 10 9,1,100,,156852,9,0,57 8 9,1,77,,156853,9,0,34 10 9,1,30,,156854,9,0,57 8 9,1,70,,156855,9,0,57 8 9,1,33,,156856,9,0,57 8 9,1,75,,156857,9,0,57 8 9,1,30,,156858,9,0,57 8 9,1,75,,156859,9,0,7 8 9,1,30,,156860,9,0,7 8 9,1,75,,156861,9,0,5 10 9,1,100,,156862,9,0,5 10 9,1,100,,156863,9,0,5 10 9,1,100,,156864,9,0,5 10 9,1,198,,156865,9,0,5 10 9,1
2701,'20260814',535,,156866,9,0,7 8 9,1,102,,156867,9,0,57 8 9,1,20,,156868,9,0,57 8 9,1,60,,156869,9,0,34 10 9,1,10,,156870,9,0,57 8 9,1,10,,156871,9,0,34 10 9,1,10,,156872,9,0,57 8 9,1,55,,156873,9,0,34 10 9,1,15,,156874,9,0,57 8 9,1,90,,156875,9,0,7 8 9,1,120,,156876,9,0,5 10 9,1,100,,156877,9,0,5 10 9,1,95,,156878,9,0,5 10 9,1,105,,156879,9,0,5 10 9,1,100,,156880,9,0,57 8 9,1,77,,156881,9,0,34 10 9,1,30,,156882,9,0,57 8 9,1,70,,156883,9,0,57 8 9,1,33,,156884,9,0,57 8 9,1,75,,156885,9,0,57 8 9,1,30,,156886,9,0,57 8 9,1,75,,156887,9,0,7 8 9,1,30,,156888,9,0,7 8 9,1,75,,156889,9,0,5 10 9,1,100,,156890,9,0,5 10 9,1,100,,156891,9,0,5 10 9,1,100,,156892,9,0,5 10 9,1,198,,156893,9,0,5 10 9,1
2701,'20260815',635,,156894,9,0,7 8 9,1,102,,156895,9,0,5 10 9,1,100,,156896,9,0,5 10 9,1,95,,156897,9,0,5 10 9,1,102,,156898,9,0,5 10 9,1,100,,156899,9,0,5 10 9,1,105,,156900,9,0,5 10 9,1,95,,156901,9,0,5 10 9,1,105,,156902,9,0,5 10 9,1,100,,156903,9,0,5 10 9,1,100,,156904,9,0,5 10 9,1,100,,156905,9,0,5 10 9,1,98,,156906,9,0,5 10 9,1,100,,156907,9,0,5 10 9,1,200,,156908,9,0,5 10 9,1,198,,156909,9,0,5 10 9,1
2701,'20260816',635,,156910,9,0,7 8 9,1,102,,156911,9,0,5 10 9,1,100,,156912,9,0,5 10 9,1,95,,156913,9,0,5 10 9,1,102,,156914,9,0,5 10 9,1,100,,156915,9,0,5 10 9,1,105,,156916,9,0,5 10 9,1,95,,156917,9,0,5 10 9,1,105,,156918,9,0,5 10 9,1,100,,156919,9,0,5 10 9,1,100,,156920,9,0,5 10 9,1,100,,156921,9,0,5 10 9,1,98,,156922,9,0,5 10 9,1,100,,156923,9,0,5 10 9,1,200,,156924,9,0,5 10 9,1,198,,156925,9,0,5 10 9,1
2701,'20260817',535,,156926,9,0,7 8 9,1,102,,156927,9,0,57 8 9,1,20,,156928,9,0,57 8 9,1,60,,156929,9,0,34 10 9,1,10,,156930,9,0,57 8 9,1,10,,156931,9,0,34 10 9,1,10,,156932,9,0,57 8 9,1,55,,156933,9,0,34 10 9,1,15,,156934,9,0,57 8 9,1,90,,156935,9,0,7 8 9,1,120,,156936,9,0,5 10 9,1,100,,156937,9,0,5 10 9,1,95,,156938,9,0,5 10 9,1,105,,156939,9,0,5 10 9,1,100,,156940,9,0,57 8 9,1,77,,156941,9,0,34 10 9,1,30,,156942,9,0,57 8 9,1,70,,156943,9,0,57 8 9,1,33,,156944,9,0,57 8 9,1,75,,156945,9,0,57 8 9,1,30,,156946,9,0,57 8 9,1,75,,156947,9,0,7 8 9,1,30,,156948,9,0,7 8 9,1,75,,156949,9,0,5 10 9,1,100,,156950,9,0,5 10 9,1,100,,156951,9,0,5 10 9,1,100,,156952,9,0,5 10 9,1,198,,156953,9,0,5 10 9,1
2701,'20260818',535,,156954,9,0,7 8 9,1,102,,156955,9,0,57 8 9,1,20,,156956,9,0,57 8 9,1,60,,156957,9,0,34 10 9,1,10,,156958,9,0,57 8 9,1,10,,156959,9,0,34 10 9,1,10,,156960,9,0,57 8 9,1,55,,156961,9,0,34 10 9,1,15,,156962,9,0,57 8 9,1,90,,156963,9,0,7 8 9,1,120,,156964,9,0,5 10 9,1,100,,156965,9,0,5 10 9,1,95,,156966,9,0,5 10 9,1,105,,156967,9,0,5 10 9,1,100,,156968,9,0,57 8 9,1,77,,156969,9,0,34 10 9,1,30,,156970,9,0,57 8 9,1,70,,156971,9,0,57 8 9,1,33,,156972,9,0,57 8 9,1,75,,156973,9,0,57 8 9,1,30,,156974,9,0,57 8 9,1,75,,156975,9,0,7 8 9,1,30,,156976,9,0,7 8 9,1,75,,156977,9,0,5 10 9,1,100,,156978,9,0,5 10 9,1,100,,156979,9,0,5 10 9,1,100,,156980,9,0,5 10 9,1,198,,156981,9,0,5 10 9,1
2701,'20260819',535,,156982,9,0,7 8 9,1,102,,156983,9,0,57 8 9,1,20,,156984,9,0,57 8 9,1,60,,156985,9,0,34 10 9,1,10,,156986,9,0,57 8 9,1,10,,156987,9,0,34 10 9,1,10,,156988,9,0,57 8 9,1,55,,156989,9,0,34 10 9,1,15,,156990,9,0,57 8 9,1,90,,156991,9,0,7 8 9,1,120,,156992,9,0,5 10 9,1,100,,156993,9,0,5 10 9,1,95,,156994,9,0,5 10 9,1,105,,156995,9,0,5 10 9,1,100,,156996,9,0,57 8 9,1,77,,156997,9,0,34 10 9,1,30,,156998,9,0,57 8 9,1,70,,156999,9,0,57 8 9,1,33,,157000,9,0,57 8 9,1,75,,157001,9,0,57 8 9,1,30,,157002,9,0,57 8 9,1,75,,157003,9,0,7 8 9,1,30,,157004,9,0,7 8 9,1,75,,157005,9,0,5 10 9,1,100,,157006,9,0,5 10 9,1,100,,157007,9,0,5 10 9,1,100,,157008,9,0,5 10 9,1,198,,157009,9,0,5 10 9,1
2701,'20260820',535,,157010,9,0,7 8 9,1,102,,157011,9,0,57 8 9,1,20,,157012,9,0,57 8 9,1,60,,157013,9,0,34 10 9,1,10,,157014,9,0,57 8 9,1,10,,157015,9,0,34 10 9,1,10,,157016,9,0,57 8 9,1,55,,157017,9,0,34 10 9,1,15,,157018,9,0,57 8 9,1,90,,157019,9,0,7 8 9,1,120,,157020,9,0,5 10 9,1,100,,157021,9,0,5 10 9,1,95,,157022,9,0,5 10 9,1,105,,157023,9,0,5 10 9,1,100,,157024,9,0,57 8 9,1,77,,157025,9,0,34 10 9,1,30,,157026,9,0,57 8 9,1,70,,157027,9,0,57 8 9,1,33,,157028,9,0,57 8 9,1,75,,157029,9,0,57 8 9,1,30,,157030,9,0,57 8 9,1,75,,157031,9,0,7 8 9,1,30,,157032,9,0,7 8 9,1,75,,157033,9,0,5 10 9,1,100,,157034,9,0,5 10 9,1,100,,157035,9,0,5 10 9,1,100,,157036,9,0,5 10 9,1,198,,157037,9,0,5 10 9,1
2701,'20260821',535,,157038,9,0,7 8 9,1,102,,157039,9,0,57 8 9,1,20,,157040,9,0,57 8 9,1,60,,157041,9,0,34 10 9,1,10,,157042,9,0,57 8 9,1,10,,157043,9,0,34 10 9,1,10,,157044,9,0,57 8 9,1,55,,157045,9,0,34 10 9,1,15,,157046,9,0,57 8 9,1,90,,157047,9,0,7 8 9,1,120,,157048,9,0,5 10 9,1,100,,157049,9,0,5 10 9,1,95,,157050,9,0,5 10 9,1,105,,157051,9,0,5 10 9,1,100,,157052,9,0,57 8 9,1,77,,157053,9,0,34 10 9,1,30,,157054,9,0,57 8 9,1,70,,157055,9,0,57 8 9,1,33,,157056,9,0,57 8 9,1,75,,157057,9,0,57 8 9,1,30,,157058,9,0,57 8 9,1,75,,157059,9,0,7 8 9,1,30,,157060,9,0,7 8 9,1,75,,157061,9,0,5 10 9,1,100,,157062,9,0,5 10 9,1,100,,157063,9,0,5 10 9,1,100,,157064,9,0,5 10 9,1,198,,157065,9,0,5 10 9,1
2701,'20260822',635,,157066,9,0,7 8 9,1,102,,157067,9,0,5 10 9,1,100,,157068,9,0,5 10 9,1,95,,157069,9,0,5 10 9,1,102,,157070,9,0,5 10 9,1,100,,157071,9,0,5 10 9,1,105,,157072,9,0,5 10 9,1,95,,157073,9,0,5 10 9,1,105,,157074,9,0,5 10 9,1,100,,157075,9,0,5 10 9,1,100,,157076,9,0,5 10 9,1,100,,157077,9,0,5 10 9,1,98,,157078,9,0,5 10 9,1,100,,157079,9,0,5 10 9,1,200,,157080,9,0,5 10 9,1,198,,157081,9,0,5 10 9,1
2701,'20260823',635,,157082,9,0,7 8 9,1,102,,157083,9,0,5 10 9,1,100,,157084,9,0,5 10 9,1,95,,157085,9,0,5 10 9,1,102,,157086,9,0,5 10 9,1,100,,157087,9,0,5 10 9,1,105,,157088,9,0,5 10 9,1,95,,157089,9,0,5 10 9,1,105,,157090,9,0,5 10 9,1,100,,157091,9,0,5 10 9,1,100,,157092,9,0,5 10 9,1,100,,157093,9,0,5 10 9,1,98,,157094,9,0,5 10 9,1,100,,157095,9,0,5 10 9,1,200,,157096,9,0,5 10 9,1,198,,157097,9,0,5 10 9,1
2701,'20260824',535,,157098,9,0,7 8 9,1,102,,157099,9,0,57 8 9,1,20,,157100,9,0,57 8 9,1,60,,157101,9,0,34 10 9,1,10,,157102,9,0,57 8 9,1,10,,157103,9,0,34 10 9,1,10,,157104,9,0,57 8 9,1,55,,157105,9,0,34 10 9,1,15,,157106,9,0,57 8 9,1,90,,157107,9,0,7 8 9,1,120,,157108,9,0,5 10 9,1,100,,157109,9,0,5 10 9,1,95,,157110,9,0,5 10 9,1,105,,157111,9,0,5 10 9,1,100,,157112,9,0,57 8 9,1,77,,157113,9,0,34 10 9,1,30,,157114,9,0,57 8 9,1,70,,157115,9,0,57 8 9,1,33,,157116,9,0,57 8 9,1,75,,157117,9,0,57 8 9,1,30,,157118,9,0,57 8 9,1,75,,157119,9,0,7 8 9,1,30,,157120,9,0,7 8 9,1,75,,157121,9,0,5 10 9,1,100,,157122,9,0,5 10 9,1,100,,157123,9,0,5 10 9,1,100,,157124,9,0,5 10 9,1,198,,157125,9,0,5 10 9,1
2701,'20260825',535,,157126,9,0,7 8 9,1,102,,157127,9,0,57 8 9,1,20,,157128,9,0,57 8 9,1,60,,157129,9,0,34 10 9,1,10,,157130,9,0,57 8 9,1,10,,157131,9,0,34 10 9,1,10,,157132,9,0,57 8 9,1,55,,157133,9,0,34 10 9,1,15,,157134,9,0,57 8 9,1,90,,157135,9,0,7 8 9,1,120,,157136,9,0,5 10 9,1,100,,157137,9,0,5 10 9,1,95,,157138,9,0,5 10 9,1,105,,157139,9,0,5 10 9,1,100,,157140,9,0,57 8 9,1,77,,157141,9,0,34 10 9,1,30,,157142,9,0,57 8 9,1,70,,157143,9,0,57 8 9,1,33,,157144,9,0,57 8 9,1,75,,157145,9,0,57 8 9,1,30,,157146,9,0,57 8 9,1,75,,157147,9,0,7 8 9,1,30,,157148,9,0,7 8 9,1,75,,157149,9,0,5 10 9,1,100,,157150,9,0,5 10 9,1,100,,157151,9,0,5 10 9,1,100,,157152,9,0,5 10 9,1,198,,157153,9,0,5 10 9,1
2701,'20260826',535,,157154,9,0,7 8 9,1,102,,157155,9,0,57 8 9,1,20,,157156,9,0,57 8 9,1,60,,157157,9,0,34 10 9,1,10,,157158,9,0,57 8 9,1,10,,157159,9,0,34 10 9,1,10,,157160,9,0,57 8 9,1,55,,157161,9,0,34 10 9,1,15,,157162,9,0,57 8 9,1,90,,157163,9,0,7 8 9,1,120,,157164,9,0,5 10 9,1,100,,157165,9,0,5 10 9,1,95,,157166,9,0,5 10 9,1,105,,157167,9,0,5 10 9,1,100,,157168,9,0,57 8 9,1,77,,157169,9,0,34 10 9,1,30,,157170,9,0,57 8 9,1,70,,157171,9,0,57 8 9,1,33,,157172,9,0,57 8 9,1,75,,157173,9,0,57 8 9,1,30,,157174,9,0,57 8 9,1,75,,157175,9,0,7 8 9,1,30,,157176,9,0,7 8 9,1,75,,157177,9,0,5 10 9,1,100,,157178,9,0,5 10 9,1,100,,157179,9,0,5 10 9,1,100,,157180,9,0,5 10 9,1,198,,157181,9,0,5 10 9,1
2701,'20260827',535,,157182,9,0,7 8 9,1,102,,157183,9,0,57 8 9,1,20,,157184,9,0,57 8 9,1,60,,157185,9,0,34 10 9,1,10,,157186,9,0,57 8 9,1,10,,157187,9,0,34 10 9,1,10,,157188,9,0,57 8 9,1,55,,157189,9,0,34 10 9,1,15,,157190,9,0,57 8 9,1,90,,157191,9,0,7 8 9,1,120,,157192,9,0,5 10 9,1,100,,157193,9,0,5 10 9,1,95,,157194,9,0,5 10 9,1,105,,157195,9,0,5 10 9,1,100,,157196,9,0,57 8 9,1,77,,157197,9,0,34 10 9,1,30,,157198,9,0,57 8 9,1,70,,157199,9,0,57 8 9,1,33,,157200,9,0,57 8 9,1,75,,157201,9,0,57 8 9,1,30,,157202,9,0,57 8 9,1,75,,157203,9,0,7 8 9,1,30,,157204,9,0,7 8 9,1,75,,157205,9,0,5 10 9,1,100,,157206,9,0,5 10 9,1,100,,157207,9,0,5 10 9,1,100,,157208,9,0,5 10 9,1,198,,157209,9,0,5 10 9,1
2701,'20260828',535,,157210,9,0,7 8 9,1,102,,157211,9,0,57 8 9,1,20,,157212,9,0,57 8 9,1,60,,157213,9,0,34 10 9,1,10,,157214,9,0,57 8 9,1,10,,157215,9,0,34 10 9,1,10,,157216,9,0,57 8 9,1,55,,157217,9,0,34 10 9,1,15,,157218,9,0,57 8 9,1,90,,157219,9,0,7 8 9,1,120,,157220,9,0,5 10 9,1,100,,157221,9,0,5 10 9,1,95,,157222,9,0,5 10 9,1,105,,157223,9,0,5 10 9,1,100,,157224,9,0,57 8 9,1,77,,157225,9,0,34 10 9,1,30,,157226,9,0,57 8 9,1,70,,157227,9,0,57 8 9,1,33,,157228,9,0,57 8 9,1,75,,157229,9,0,57 8 9,1,30,,157230,9,0,57 8 9,1,75,,157231,9,0,7 8 9,1,30,,157232,9,0,7 8 9,1,75,,157233,9,0,5 10 9,1,100,,157234,9,0,5 10 9,1,100,,157235,9,0,5 10 9,1,100,,157236,9,0,5 10 9,1,198,,157237,9,0,5 10 9,1
2701,'20260829',635,,157238,9,0,7 8 9,1,102,,157239,9,0,5 10 9,1,100,,157240,9,0,5 10 9,1,95,,157241,9,0,5 10 9,1,102,,157242,9,0,5 10 9,1,100,,157243,9,0,5 10 9,1,105,,157244,9,0,5 10 9,1,95,,157245,9,0,5 10 9,1,105,,157246,9,0,5 10 9,1,100,,157247,9,0,5 10 9,1,100,,157248,9,0,5 10 9,1,100,,157249,9,0,5 10 9,1,98,,157250,9,0,5 10 9,1,100,,157251,9,0,5 10 9,1,200,,157252,9,0,5 10 9,1,198,,157253,9,0,5 10 9,1
2701,'20260830',635,,157254,9,0,7 8 9,1,102,,157255,9,0,5 10 9,1,100,,157256,9,0,5 10 9,1,95,,157257,9,0,5 10 9,1,102,,157258,9,0,5 10 9,1,100,,157259,9,0,5 10 9,1,105,,157260,9,0,5 10 9,1,95,,157261,9,0,5 10 9,1,105,,157262,9,0,5 10 9,1,100,,157263,9,0,5 10 9,1,100,,157264,9,0,5 10 9,1,100,,157265,9,0,5 10 9,1,98,,157266,9,0,5 10 9,1,100,,157267,9,0,5 10 9,1,200,,157268,9,0,5 10 9,1,198,,157269,9,0,5 10 9,1
2701,'20260831',535,,157270,9,0,7 8 9,1,102,,157271,9,0,57 8 9,1,20,,157272,9,0,57 8 9,1,60,,157273,9,0,34 10 9,1,10,,157274,9,0,57 8 9,1,10,,157275,9,0,34 10 9,1,10,,157276,9,0,57 8 9,1,55,,157277,9,0,34 10 9,1,15,,157278,9,0,57 8 9,1,90,,157279,9,0,7 8 9,1,120,,157280,9,0,5 10 9,1,100,,157281,9,0,5 10 9,1,95,,157282,9,0,5 10 9,1,105,,157283,9,0,5 10 9,1,100,,157284,9,0,57 8 9,1,77,,157285,9,0,34 10 9,1,30,,157286,9,0,57 8 9,1,70,,157287,9,0,57 8 9,1,33,,157288,9,0,57 8 9,1,75,,157289,9,0,57 8 9,1,30,,157290,9,0,57 8 9,1,75,,157291,9,0,7 8 9,1,30,,157292,9,0,7 8 9,1,75,,157293,9,0,5 10 9,1,100,,157294,9,0,5 10 9,1,100,,157295,9,0,5 10 9,1,100,,157296,9,0,5 10 9,1,198,,157297,9,0,5 10 9,1
2701,'20260901',535,,157298,9,0,7 8 9,1,102,,157299,9,0,57 8 9,1,20,,157300,9,0,57 8 9,1,60,,157301,9,0,34 10 9,1,10,,157302,9,0,57 8 9,1,10,,157303,9,0,34 10 9,1,10,,157304,9,0,57 8 9,1,55,,157305,9,0,34 10 9,1,15,,157306,9,0,57 8 9,1,90,,157307,9,0,7 8 9,1,120,,157308,9,0,5 10 9,1,100,,157309,9,0,5 10 9,1,95,,157310,9,0,5 10 9,1,105,,157311,9,0,5 10 9,1,100,,157312,9,0,57 8 9,1,77,,157313,9,0,34 10 9,1,30,,157314,9,0,57 8 9,1,70,,157315,9,0,57 8 9,1,33,,157316,9,0,57 8 9,1,75,,157317,9,0,57 8 9,1,30,,157318,9,0,57 8 9,1,75,,157319,9,0,7 8 9,1,30,,157320,9,0,7 8 9,1,75,,157321,9,0,5 10 9,1,100,,157322,9,0,5 10 9,1,100,,157323,9,0,5 10 9,1,100,,157324,9,0,5 10 9,1,198,,157325,9,0,5 10 9,1
2701,'20260902',535,,157326,9,0,7 8 9,1,102,,157327,9,0,57 8 9,1,20,,157328,9,0,57 8 9,1,60,,157329,9,0,34 10 9,1,10,,157330,9,0,57 8 9,1,10,,157331,9,0,34 10 9,1,10,,157332,9,0,57 8 9,1,55,,157333,9,0,34 10 9,1,15,,157334,9,0,57 8 9,1,90,,157335,9,0,7 8 9,1,120,,157336,9,0,5 10 9,1,100,,157337,9,0,5 10 9,1,95,,157338,9,0,5 10 9,1,105,,157339,9,0,5 10 9,1,100,,157340,9,0,57 8 9,1,77,,157341,9,0,34 10 9,1,30,,157342,9,0,57 8 9,1,70,,157343,9,0,57 8 9,1,33,,157344,9,0,57 8 9,1,75,,157345,9,0,57 8 9,1,30,,157346,9,0,57 8 9,1,75,,157347,9,0,7 8 9,1,30,,157348,9,0,7 8 9,1,75,,157349,9,0,5 10 9,1,100,,157350,9,0,5 10 9,1,100,,157351,9,0,5 10 9,1,100,,157352,9,0,5 10 9,1,198,,157353,9,0,5 10 9,1
2701,'20260903',535,,157354,9,0,7 8 9,1,102,,157355,9,0,57 8 9,1,20,,157356,9,0,57 8 9,1,60,,157357,9,0,34 10 9,1,10,,157358,9,0,57 8 9,1,10,,157359,9,0,34 10 9,1,10,,157360,9,0,57 8 9,1,55,,157361,9,0,34 10 9,1,15,,157362,9,0,57 8 9,1,90,,157363,9,0,7 8 9,1,120,,157364,9,0,5 10 9,1,100,,157365,9,0,5 10 9,1,95,,157366,9,0,5 10 9,1,105,,157367,9,0,5 10 9,1,100,,157368,9,0,57 8 9,1,77,,157369,9,0,34 10 9,1,30,,157370,9,0,57 8 9,1,70,,157371,9,0,57 8 9,1,33,,157372,9,0,57 8 9,1,75,,157373,9,0,57 8 9,1,30,,157374,9,0,57 8 9,1,75,,157375,9,0,7 8 9,1,30,,157376,9,0,7 8 9,1,75,,157377,9,0,5 10 9,1,100,,157378,9,0,5 10 9,1,100,,157379,9,0,5 10 9,1,100,,157380,9,0,5 10 9,1,198,,157381,9,0,5 10 9,1
2701,'20260904',535,,157382,9,0,7 8 9,1,102,,157383,9,0,57 8 9,1,20,,157384,9,0,57 8 9,1,60,,157385,9,0,34 10 9,1,10,,157386,9,0,57 8 9,1,10,,157387,9,0,34 10 9,1,10,,157388,9,0,57 8 9,1,55,,157389,9,0,34 10 9,1,15,,157390,9,0,57 8 9,1,90,,157391,9,0,7 8 9,1,120,,157392,9,0,5 10 9,1,100,,157393,9,0,5 10 9,1,95,,157394,9,0,5 10 9,1,105,,157395,9,0,5 10 9,1,100,,157396,9,0,57 8 9,1,77,,157397,9,0,34 10 9,1,30,,157398,9,0,57 8 9,1,70,,157399,9,0,57 8 9,1,33,,157400,9,0,57 8 9,1,75,,157401,9,0,57 8 9,1,30,,157402,9,0,57 8 9,1,75,,157403,9,0,7 8 9,1,30,,157404,9,0,7 8 9,1,75,,157405,9,0,5 10 9,1,100,,157406,9,0,5 10 9,1,100,,157407,9,0,5 10 9,1,100,,157408,9,0,5 10 9,1,198,,157409,9,0,5 10 9,1
6700,'20260722',1517,,203953,9,,,1,205,,203954,9,,,1,205,,203955,9,,,1
6700,'20260723',1517,,203956,9,,,1,205,,203957,9,,,1,205,,203958,9,,,1
6700,'20260724',1517,,203959,9,,,1,205,,203960,9,,,1,205,,203961,9,,,1
6700,'20260727',1517,,203962,9,,,1,205,,203963,9,,,1,205,,203964,9,,,1
6700,'20260728',1517,,203965,9,,,1,205,,203966,9,,,1,205,,203967,9,,,1
6700,'20260729',1517,,203968,9,,,1,205,,203969,9,,,1,205,,203970,9,,,1
6700,'20260730',1517,,203971,9,,,1,205,,203972,9,,,1,205,,203973,9,,,1
6700,'20260731',1517,,203974,9,,,1,205,,203975,9,,,1,205,,203976,9,,,1
6700,'20260804',1517,,203977,9,,,1,205,,203978,9,,,1,205,,203979,9,,,1
6700,'20260805',1517,,203980,9,,,1,205,,203981,9,,,1,205,,203982,9,,,1
6700,'20260806',1517,,203983,9,,,1,205,,203984,9,,,1,205,,203985,9,,,1
6700,'20260807',1517,,203986,9,,,1,205,,203987,9,,,1,205,,203988,9,,,1
6700,'20260810',1517,,203989,9,,,1,205,,203990,9,,,1,205,,203991,9,,,1
6700,'20260811',1517,,203992,9,,,1,205,,203993,9,,,1,205,,203994,9,,,1
6700,'20260812',1517,,203995,9,,,1,205,,203996,9,,,1,205,,203997,9,,,1
6700,'20260813',1517,,203998,9,,,1,205,,203999,9,,,1,205,,204000,9,,,1
6700,'20260814',1517,,204001,9,,,1,205,,204002,9,,,1,205,,204003,9,,,1
6700,'20260817',1517,,204004,9,,,1,205,,204005,9,,,1,205,,204006,9,,,1
6700,'20260818',1517,,204007,9,,,1,205,,204008,9,,,1,205,,204009,9,,,1
6700,'20260819',1517,,204010,9,,,1,205,,204011,9,,,1,205,,204012,9,,,1
6700,'20260820',1517,,204013,9,,,1,205,,204014,9,,,1,205,,204015,9,,,1
6700,'20260821',1517,,204016,9,,,1,205,,204017,9,,,1,205,,204018,9,,,1
6700,'20260824',1517,,204019,9,,,1,205,,204020,9,,,1,205,,204021,9,,,1
6700,'20260825',1517,,204022,9,,,1,205,,204023,9,,,1,205,,204024,9,,,1
6700,'20260826',1517,,204025,9,,,1,205,,204026,9,,,1,205,,204027,9,,,1
6700,'20260827',1517,,204028,9,,,1,205,,204029,9,,,1,205,,204030,9,,,1
6700,'20260828',1517,,204031,9,,,1,205,,204032,9,,,1,205,,204033,9,,,1
6700,'20260831',1517,,204034,9,,,1,205,,204035,9,,,1,205,,204036,9,,,1
6700,'20260901',1517,,204037,9,,,1,205,,204038,9,,,1,205,,204039,9,,,1
6700,'20260902',1517,,204040,9,,,1,205,,204041,9,,,1,205,,204042,9,,,1
6700,'20260903',1517,,204043,9,,,1,205,,204044,9,,,1,205,,204045,9,,,1
6700,'20260904',1517,,204046,9,,,1,205,,204047,9,,,1,205,,204048,9,,,1
9600,'20260722',622,,217789,9,0,5 11 12 9,1,90,,217790,9,0,5 11 12 9,1,95,,217791,9,0,5 11 12 9,1,35,,217792,9,0,5 11 12 9,1,65,,217793,9,0,5 11 12 9,1,110,,217794,9,0,5 11 12 9,1,195,,217795,9,0,5 11 12 9,1,201,,217796,9,0,5 11 12 9,1,105,,217797,9,0,5 11 12 9,1,100,,217798,9,0,5 11 12 9,1,30,,217799,9,0,5 11 12 9,1,70,,217800,9,0,5 11 12 9,1,30,,217801,9,0,5 11 12 9,1,70,,217802,9,0,5 11 12 9,1,99,,217803,9,0,5 11 12 9,1,193,,217804,9,0,5 11 12 9,1
9600,'20260723',622,,217805,9,0,5 11 12 9,1,90,,217806,9,0,5 11 12 9,1,95,,217807,9,0,5 11 12 9,1,35,,217808,9,0,5 11 12 9,1,65,,217809,9,0,5 11 12 9,1,110,,217810,9,0,5 11 12 9,1,195,,217811,9,0,5 11 12 9,1,201,,217812,9,0,5 11 12 9,1,105,,217813,9,0,5 11 12 9,1,100,,217814,9,0,5 11 12 9,1,30,,217815,9,0,5 11 12 9,1,70,,217816,9,0,5 11 12 9,1,30,,217817,9,0,5 11 12 9,1,70,,217818,9,0,5 11 12 9,1,99,,217819,9,0,5 11 12 9,1,193,,217820,9,0,5 11 12 9,1
9600,'20260724',622,,217821,9,0,5 11 12 9,1,90,,217822,9,0,5 11 12 9,1,95,,217823,9,0,5 11 12 9,1,100,,217824,9,0,5 11 12 9,1,110,,217825,9,0,5 11 12 9,1,195,,217826,9,0,5 11 12 9,1,201,,217827,9,0,5 11 12 9,1,105,,217828,9,0,5 11 12 9,1,100,,217829,9,0,5 11 12 9,1,30,,217830,9,0,5 11 12 9,1,70,,217831,9,0,5 11 12 9,1,30,,217832,9,0,5 11 12 9,1,70,,217833,9,0,5 11 12 9,1,99,,217834,9,0,5 11 12 9,1,193,,217835,9,0,5 11 12 9,1
9600,'20260725',815,,217836,9,0,96 11 12 9,1,202,,217837,9,0,96 11 12 9,1,200,,217838,9,0,96 11 12 9,1,100,,217839,9,0,96 11 12 9,1,100,,217840,9,0,96 11 12 9,1,100,,217841,9,0,96 11 12 9,1,100,,217842,9,0,96 11 12 9,1,100,,217843,9,0,96 11 12 9,1,100,,217844,9,0,96 11 12 9,1,200,,217845,9,0,96 11 12 9,1,198,,217846,9,0,5 11 12 9,1
9600,'20260726',815,,217847,9,0,96 11 12 9,1,202,,217848,9,0,96 11 12 9,1,200,,217849,9,0,96 11 12 9,1,100,,217850,9,0,96 11 12 9,1,100,,217851,9,0,96 11 12 9,1,100,,217852,9,0,96 11 12 9,1,100,,217853,9,0,96 11 12 9,1,100,,217854,9,0,96 11 12 9,1,100,,217855,9,0,96 11 12 9,1,200,,217856,9,0,96 11 12 9,1,198,,217857,9,0,5 11 12 9,1
9600,'20260727',622,,217858,9,0,5 11 12 9,1,90,,217859,9,0,5 11 12 9,1,95,,217860,9,0,5 11 12 9,1,35,,217861,9,0,5 11 12 9,1,65,,217862,9,0,5 11 12 9,1,110,,217863,9,0,5 11 12 9,1,195,,217864,9,0,5 11 12 9,1,201,,217865,9,0,5 11 12 9,1,105,,217866,9,0,5 11 12 9,1,100,,217867,9,0,5 11 12 9,1,30,,217868,9,0,5 11 12 9,1,70,,217869,9,0,5 11 12 9,1,30,,217870,9,0,5 11 12 9,1,70,,217871,9,0,5 11 12 9,1,99,,217872,9,0,5 11 12 9,1,193,,217873,9,0,5 11 12 9,1
9600,'20260728',622,,217874,9,0,5 11 12 9,1,90,,217875,9,0,5 11 12 9,1,95,,217876,9,0,5 11 12 9,1,35,,217877,9,0,5 11 12 9,1,65,,217878,9,0,5 11 12 9,1,110,,217879,9,0,5 11 12 9,1,195,,217880,9,0,5 11 12 9,1,201,,217881,9,0,5 11 12 9,1,105,,217882,9,0,5 11 12 9,1,100,,217883,9,0,5 11 12 9,1,30,,217884,9,0,5 11 12 9,1,70,,217885,9,0,5 11 12 9,1,30,,217886,9,0,5 11 12 9,1,70,,217887,9,0,5 11 12 9,1,99,,217888,9,0,5 11 12 9,1,193,,217889,9,0,5 11 12 9,1
9600,'20260729',622,,217890,9,0,5 11 12 9,1,90,,217891,9,0,5 11 12 9,1,95,,217892,9,0,5 11 12 9,1,35,,217893,9,0,5 11 12 9,1,65,,217894,9,0,5 11 12 9,1,110,,217895,9,0,5 11 12 9,1,195,,217896,9,0,5 11 12 9,1,201,,217897,9,0,5 11 12 9,1,105,,217898,9,0,5 11 12 9,1,100,,217899,9,0,5 11 12 9,1,30,,217900,9,0,5 11 12 9,1,70,,217901,9,0,5 11 12 9,1,30,,217902,9,0,5 11 12 9,1,70,,217903,9,0,5 11 12 9,1,99,,217904,9,0,5 11 12 9,1,193,,217905,9,0,5 11 12 9,1
9600,'20260730',622,,217906,9,0,5 11 12 9,1,90,,217907,9,0,5 11 12 9,1,95,,217908,9,0,5 11 12 9,1,35,,217909,9,0,5 11 12 9,1,65,,217910,9,0,5 11 12 9,1,110,,217911,9,0,5 11 12 9,1,195,,217912,9,0,5 11 12 9,1,201,,217913,9,0,5 11 12 9,1,105,,217914,9,0,5 11 12 9,1,100,,217915,9,0,5 11 12 9,1,30,,217916,9,0,5 11 12 9,1,70,,217917,9,0,5 11 12 9,1,30,,217918,9,0,5 11 12 9,1,70,,217919,9,0,5 11 12 9,1,99,,217920,9,0,5 11 12 9,1,193,,217921,9,0,5 11 12 9,1
9600,'20260731',622,,217922,9,0,5 11 12 9,1,90,,217923,9,0,5 11 12 9,1,95,,217924,9,0,5 11 12 9,1,100,,217925,9,0,5 11 12 9,1,110,,217926,9,0,5 11 12 9,1,195,,217927,9,0,5 11 12 9,1,201,,217928,9,0,5 11 12 9,1,105,,217929,9,0,5 11 12 9,1,100,,217930,9,0,5 11 12 9,1,30,,217931,9,0,5 11 12 9,1,70,,217932,9,0,5 11 12 9,1,30,,217933,9,0,5 11 12 9,1,70,,217934,9,0,5 11 12 9,1,99,,217935,9,0,5 11 12 9,1,193,,217936,9,0,5 11 12 9,1
9600,'20260801',815,,217937,9,0,96 11 12 9,1,202,,217938,9,0,96 11 12 9,1,200,,217939,9,0,96 11 12 9,1,100,,217940,9,0,96 11 12 9,1,100,,217941,9,0,96 11 12 9,1,100,,217942,9,0,96 11 12 9,1,100,,217943,9,0,96 11 12 9,1,100,,217944,9,0,96 11 12 9,1,100,,217945,9,0,96 11 12 9,1,200,,217946,9,0,96 11 12 9,1,198,,217947,9,0,5 11 12 9,1
9600,'20260802',815,,217948,9,0,96 11 12 9,1,202,,217949,9,0,96 11 12 9,1,200,,217950,9,0,96 11 12 9,1,100,,217951,9,0,96 11 12 9,1,100,,217952,9,0,96 11 12 9,1,100,,217953,9,0,96 11 12 9,1,100,,217954,9,0,96 11 12 9,1,100,,217955,9,0,96 11 12 9,1,100,,217956,9,0,96 11 12 9,1,200,,217957,9,0,96 11 12 9,1,198,,217958,9,0,5 11 12 9,1
9600,'20260803',815,,217959,9,0,96 11 12 9,1,202,,217960,9,0,96 11 12 9,1,200,,217961,9,0,96 11 12 9,1,100,,217962,9,0,96 11 12 9,1,100,,217963,9,0,96 11 12 9,1,100,,217964,9,0,96 11 12 9,1,100,,217965,9,0,96 11 12 9,1,100,,217966,9,0,96 11 12 9,1,100,,217967,9,0,96 11 12 9,1,200,,217968,9,0,96 11 12 9,1,198,,217969,9,0,5 11 12 9,1
9600,'20260804',622,,217970,9,0,5 11 12 9,1,90,,217971,9,0,5 11 12 9,1,95,,217972,9,0,5 11 12 9,1,35,,217973,9,0,5 11 12 9,1,65,,217974,9,0,5 11 12 9,1,110,,217975,9,0,5 11 12 9,1,195,,217976,9,0,5 11 12 9,1,201,,217977,9,0,5 11 12 9,1,105,,217978,9,0,5 11 12 9,1,100,,217979,9,0,5 11 12 9,1,30,,217980,9,0,5 11 12 9,1,70,,217981,9,0,5 11 12 9,1,30,,217982,9,0,5 11 12 9,1,70,,217983,9,0,5 11 12 9,1,99,,217984,9,0,5 11 12 9,1,193,,217985,9,0,5 11 12 9,1
9600,'20260805',622,,217986,9,0,5 11 12 9,1,90,,217987,9,0,5 11 12 9,1,95,,217988,9,0,5 11 12 9,1,35,,217989,9,0,5 11 12 9,1,65,,217990,9,0,5 11 12 9,1,110,,217991,9,0,5 11 12 9,1,195,,217992,9,0,5 11 12 9,1,201,,217993,9,0,5 11 12 9,1,105,,217994,9,0,5 11 12 9,1,100,,217995,9,0,5 11 12 9,1,30,,217996,9,0,5 11 12 9,1,70,,217997,9,0,5 11 12 9,1,30,,217998,9,0,5 11 12 9,1,70,,217999,9,0,5 11 12 9,1,99,,218000,9,0,5 11 12 9,1,193,,218001,9,0,5 11 12 9,1
9600,'20260806',622,,218002,9,0,5 11 12 9,1,90,,218003,9,0,5 11 12 9,1,95,,218004,9,0,5 11 12 9,1,35,,218005,9,0,5 11 12 9,1,65,,218006,9,0,5 11 12 9,1,110,,218007,9,0,5 11 12 9,1,195,,218008,9,0,5 11 12 9,1,201,,218009,9,0,5 11 12 9,1,105,,218010,9,0,5 11 12 9,1,100,,218011,9,0,5 11 12 9,1,30,,218012,9,0,5 11 12 9,1,70,,218013,9,0,5 11 12 9,1,30,,218014,9,0,5 11 12 9,1,70,,218015,9,0,5 11 12 9,1,99,,218016,9,0,5 11 12 9,1,193,,218017,9,0,5 11 12 9,1
9600,'20260807',622,,218018,9,0,5 11 12 9,1,90,,218019,9,0,5 11 12 9,1,95,,218020,9,0,5 11 12 9,1,100,,218021,9,0,5 11 12 9,1,110,,218022,9,0,5 11 12 9,1,195,,218023,9,0,5 11 12 9,1,201,,218024,9,0,5 11 12 9,1,105,,218025,9,0,5 11 12 9,1,100,,218026,9,0,5 11 12 9,1,30,,218027,9,0,5 11 12 9,1,70,,218028,9,0,5 11 12 9,1,30,,218029,9,0,5 11 12 9,1,70,,218030,9,0,5 11 12 9,1,99,,218031,9,0,5 11 12 9,1,193,,218032,9,0,5 11 12 9,1
9600,'20260808',815,,218033,9,0,96 11 12 9,1,202,,218034,9,0,96 11 12 9,1,200,,218035,9,0,96 11 12 9,1,100,,218036,9,0,96 11 12 9,1,100,,218037,9,0,96 11 12 9,1,100,,218038,9,0,96 11 12 9,1,100,,218039,9,0,96 11 12 9,1,100,,218040,9,0,96 11 12 9,1,100,,218041,9,0,96 11 12 9,1,200,,218042,9,0,96 11 12 9,1,198,,218043,9,0,5 11 12 9,1
9600,'20260809',815,,218044,9,0,96 11 12 9,1,202,,218045,9,0,96 11 12 9,1,200,,218046,9,0,96 11 12 9,1,100,,218047,9,0,96 11 12 9,1,100,,218048,9,0,96 11 12 9,1,100,,218049,9,0,96 11 12 9,1,100,,218050,9,0,96 11 12 9,1,100,,218051,9,0,96 11 12 9,1,100,,218052,9,0,96 11 12 9,1,200,,218053,9,0,96 11 12 9,1,198,,218054,9,0,5 11 12 9,1
9600,'20260810',622,,218055,9,0,5 11 12 9,1,90,,218056,9,0,5 11 12 9,1,95,,218057,9,0,5 11 12 9,1,35,,218058,9,0,5 11 12 9,1,65,,218059,9,0,5 11 12 9,1,110,,218060,9,0,5 11 12 9,1,195,,218061,9,0,5 11 12 9,1,201,,218062,9,0,5 11 12 9,1,105,,218063,9,0,5 11 12 9,1,100,,218064,9,0,5 11 12 9,1,30,,218065,9,0,5 11 12 9,1,70,,218066,9,0,5 11 12 9,1,30,,218067,9,0,5 11 12 9,1,70,,218068,9,0,5 11 12 9,1,99,,218069,9,0,5 11 12 9,1,193,,218070,9,0,5 11 12 9,1
9600,'20260811',622,,218071,9,0,5 11 12 9,1,90,,218072,9,0,5 11 12 9,1,95,,218073,9,0,5 11 12 9,1,35,,218074,9,0,5 11 12 9,1,65,,218075,9,0,5 11 12 9,1,110,,218076,9,0,5 11 12 9,1,195,,218077,9,0,5 11 12 9,1,201,,218078,9,0,5 11 12 9,1,105,,218079,9,0,5 11 12 9,1,100,,218080,9,0,5 11 12 9,1,30,,218081,9,0,5 11 12 9,1,70,,218082,9,0,5 11 12 9,1,30,,218083,9,0,5 11 12 9,1,70,,218084,9,0,5 11 12 9,1,99,,218085,9,0,5 11 12 9,1,193,,218086,9,0,5 11 12 9,1
9600,'20260812',622,,218087,9,0,5 11 12 9,1,90,,218088,9,0,5 11 12 9,1,95,,218089,9,0,5 11 12 9,1,35,,218090,9,0,5 11 12 9,1,65,,218091,9,0,5 11 12 9,1,110,,218092,9,0,5 11 12 9,1,195,,218093,9,0,5 11 12 9,1,201,,218094,9,0,5 11 12 9,1,105,,218095,9,0,5 11 12 9,1,100,,218096,9,0,5 11 12 9,1,30,,218097,9,0,5 11 12 9,1,70,,218098,9,0,5 11 12 9,1,30,,218099,9,0,5 11 12 9,1,70,,218100,9,0,5 11 12 9,1,99,,218101,9,0,5 11 12 9,1,193,,218102,9,0,5 11 12 9,1
9600,'20260813',622,,218103,9,0,5 11 12 9,1,90,,218104,9,0,5 11 12 9,1,95,,218105,9,0,5 11 12 9,1,35,,218106,9,0,5 11 12 9,1,65,,218107,9,0,5 11 12 9,1,110,,218108,9,0,5 11 12 9,1,195,,218109,9,0,5 11 12 9,1,201,,218110,9,0,5 11 12 9,1,105,,218111,9,0,5 11 12 9,1,100,,218112,9,0,5 11 12 9,1,30,,218113,9,0,5 11 12 9,1,70,,218114,9,0,5 11 12 9,1,30,,218115,9,0,5 11 12 9,1,70,,218116,9,0,5 11 12 9,1,99,,218117,9,0,5 11 12 9,1,193,,218118,9,0,5 11 12 9,1
9600,'20260814',622,,218119,9,0,5 11 12 9,1,90,,218120,9,0,5 11 12 9,1,95,,218121,9,0,5 11 12 9,1,100,,218122,9,0,5 11 12 9,1,110,,218123,9,0,5 11 12 9,1,195,,218124,9,0,5 11 12 9,1,201,,218125,9,0,5 11 12 9,1,105,,218126,9,0,5 11 12 9,1,100,,218127,9,0,5 11 12 9,1,30,,218128,9,0,5 11 12 9,1,70,,218129,9,0,5 11 12 9,1,30,,218130,9,0,5 11 12 9,1,70,,218131,9,0,5 11 12 9,1,99,,218132,9,0,5 11 12 9,1,193,,218133,9,0,5 11 12 9,1
9600,'20260815',815,,218134,9,0,96 11 12 9,1,202,,218135,9,0,96 11 12 9,1,200,,218136,9,0,96 11 12 9,1,100,,218137,9,0,96 11 12 9,1,100,,218138,9,0,96 11 12 9,1,100,,218139,9,0,96 11 12 9,1,100,,218140,9,0,96 11 12 9,1,100,,218141,9,0,96 11 12 9,1,100,,218142,9,0,96 11 12 9,1,200,,218143,9,0,96 11 12 9,1,198,,218144,9,0,5 11 12 9,1
9600,'20260816',815,,218145,9,0,96 11 12 9,1,202,,218146,9,0,96 11 12 9,1,200,,218147,9,0,96 11 12 9,1,100,,218148,9,0,96 11 12 9,1,100,,218149,9,0,96 11 12 9,1,100,,218150,9,0,96 11 12 9,1,100,,218151,9,0,96 11 12 9,1,100,,218152,9,0,96 11 12 9,1,100,,218153,9,0,96 11 12 9,1,200,,218154,9,0,96 11 12 9,1,198,,218155,9,0,5 11 12 9,1
9600,'20260817',622,,218156,9,0,5 11 12 9,1,90,,218157,9,0,5 11 12 9,1,95,,218158,9,0,5 11 12 9,1,35,,218159,9,0,5 11 12 9,1,65,,218160,9,0,5 11 12 9,1,110,,218161,9,0,5 11 12 9,1,195,,218162,9,0,5 11 12 9,1,201,,218163,9,0,5 11 12 9,1,105,,218164,9,0,5 11 12 9,1,100,,218165,9,0,5 11 12 9,1,30,,218166,9,0,5 11 12 9,1,70,,218167,9,0,5 11 12 9,1,30,,218168,9,0,5 11 12 9,1,70,,218169,9,0,5 11 12 9,1,99,,218170,9,0,5 11 12 9,1,193,,218171,9,0,5 11 12 9,1
9600,'20260818',622,,218172,9,0,5 11 12 9,1,90,,218173,9,0,5 11 12 9,1,95,,218174,9,0,5 11 12 9,1,35,,218175,9,0,5 11 12 9,1,65,,218176,9,0,5 11 12 9,1,110,,218177,9,0,5 11 12 9,1,195,,218178,9,0,5 11 12 9,1,201,,218179,9,0,5 11 12 9,1,105,,218180,9,0,5 11 12 9,1,100,,218181,9,0,5 11 12 9,1,30,,218182,9,0,5 11 12 9,1,70,,218183,9,0,5 11 12 9,1,30,,218184,9,0,5 11 12 9,1,70,,218185,9,0,5 11 12 9,1,99,,218186,9,0,5 11 12 9,1,193,,218187,9,0,5 11 12 9,1
9600,'20260819',622,,218188,9,0,5 11 12 9,1,90,,218189,9,0,5 11 12 9,1,95,,218190,9,0,5 11 12 9,1,35,,218191,9,0,5 11 12 9,1,65,,218192,9,0,5 11 12 9,1,110,,218193,9,0,5 11 12 9,1,195,,218194,9,0,5 11 12 9,1,201,,218195,9,0,5 11 12 9,1,105,,218196,9,0,5 11 12 9,1,100,,218197,9,0,5 11 12 9,1,30,,218198,9,0,5 11 12 9,1,70,,218199,9,0,5 11 12 9,1,30,,218200,9,0,5 11 12 9,1,70,,218201,9,0,5 11 12 9,1,99,,218202,9,0,5 11 12 9,1,193,,218203,9,0,5 11 12 9,1
9600,'20260820',622,,218204,9,0,5 11 12 9,1,90,,218205,9,0,5 11 12 9,1,95,,218206,9,0,5 11 12 9,1,35,,218207,9,0,5 11 12 9,1,65,,218208,9,0,5 11 12 9,1,110,,218209,9,0,5 11 12 9,1,195,,218210,9,0,5 11 12 9,1,201,,218211,9,0,5 11 12 9,1,105,,218212,9,0,5 11 12 9,1,100,,218213,9,0,5 11 12 9,1,30,,218214,9,0,5 11 12 9,1,70,,218215,9,0,5 11 12 9,1,30,,218216,9,0,5 11 12 9,1,70,,218217,9,0,5 11 12 9,1,99,,218218,9,0,5 11 12 9,1,193,,218219,9,0,5 11 12 9,1
9600,'20260821',622,,218220,9,0,5 11 12 9,1,90,,218221,9,0,5 11 12 9,1,95,,218222,9,0,5 11 12 9,1,100,,218223,9,0,5 11 12 9,1,110,,218224,9,0,5 11 12 9,1,195,,218225,9,0,5 11 12 9,1,201,,218226,9,0,5 11 12 9,1,105,,218227,9,0,5 11 12 9,1,100,,218228,9,0,5 11 12 9,1,30,,218229,9,0,5 11 12 9,1,70,,218230,9,0,5 11 12 9,1,30,,218231,9,0,5 11 12 9,1,70,,218232,9,0,5 11 12 9,1,99,,218233,9,0,5 11 12 9,1,193,,218234,9,0,5 11 12 9,1
9600,'20260822',815,,218235,9,0,96 11 12 9,1,202,,218236,9,0,96 11 12 9,1,200,,218237,9,0,96 11 12 9,1,100,,218238,9,0,96 11 12 9,1,100,,218239,9,0,96 11 12 9,1,100,,218240,9,0,96 11 12 9,1,100,,218241,9,0,96 11 12 9,1,100,,218242,9,0,96 11 12 9,1,100,,218243,9,0,96 11 12 9,1,200,,218244,9,0,96 11 12 9,1,198,,218245,9,0,5 11 12 9,1
9600,'20260823',815,,218246,9,0,96 11 12 9,1,202,,218247,9,0,96 11 12 9,1,200,,218248,9,0,96 11 12 9,1,100,,218249,9,0,96 11 12 9,1,100,,218250,9,0,96 11 12 9,1,100,,218251,9,0,96 11 12 9,1,100,,218252,9,0,96 11 12 9,1,100,,218253,9,0,96 11 12 9,1,100,,218254,9,0,96 11 12 9,1,200,,218255,9,0,96 11 12 9,1,198,,218256,9,0,5 11 12 9,1
9600,'20260824',622,,218257,9,0,5 11 12 9,1,90,,218258,9,0,5 11 12 9,1,95,,218259,9,0,5 11 12 9,1,35,,218260,9,0,5 11 12 9,1,65,,218261,9,0,5 11 12 9,1,110,,218262,9,0,5 11 12 9,1,195,,218263,9,0,5 11 12 9,1,201,,218264,9,0,5 11 12 9,1,105,,218265,9,0,5 11 12 9,1,100,,218266,9,0,5 11 12 9,1,30,,218267,9,0,5 11 12 9,1,70,,218268,9,0,5 11 12 9,1,30,,218269,9,0,5 11 12 9,1,70,,218270,9,0,5 11 12 9,1,99,,218271,9,0,5 11 12 9,1,193,,218272,9,0,5 11 12 9,1
9600,'20260825',622,,218273,9,0,5 11 12 9,1,90,,218274,9,0,5 11 12 9,1,95,,218275,9,0,5 11 12 9,1,35,,218276,9,0,5 11 12 9,1,65,,218277,9,0,5 11 12 9,1,110,,218278,9,0,5 11 12 9,1,195,,218279,9,0,5 11 12 9,1,201,,218280,9,0,5 11 12 9,1,105,,218281,9,0,5 11 12 9,1,100,,218282,9,0,5 11 12 9,1,30,,218283,9,0,5 11 12 9,1,70,,218284,9,0,5 11 12 9,1,30,,218285,9,0,5 11 12 9,1,70,,218286,9,0,5 11 12 9,1,99,,218287,9,0,5 11 12 9,1,193,,218288,9,0,5 11 12 9,1
9600,'20260826',622,,218289,9,0,5 11 12 9,1,90,,218290,9,0,5 11 12 9,1,95,,218291,9,0,5 11 12 9,1,35,,218292,9,0,5 11 12 9,1,65,,218293,9,0,5 11 12 9,1,110,,218294,9,0,5 11 12 9,1,195,,218295,9,0,5 11 12 9,1,201,,218296,9,0,5 11 12 9,1,105,,218297,9,0,5 11 12 9,1,100,,218298,9,0,5 11 12 9,1,30,,218299,9,0,5 11 12 9,1,70,,218300,9,0,5 11 12 9,1,30,,218301,9,0,5 11 12 9,1,70,,218302,9,0,5 11 12 9,1,99,,218303,9,0,5 11 12 9,1,193,,218304,9,0,5 11 12 9,1
9600,'20260827',622,,218305,9,0,5 11 12 9,1,90,,218306,9,0,5 11 12 9,1,95,,218307,9,0,5 11 12 9,1,35,,218308,9,0,5 11 12 9,1,65,,218309,9,0,5 11 12 9,1,110,,218310,9,0,5 11 12 9,1,195,,218311,9,0,5 11 12 9,1,201,,218312,9,0,5 11 12 9,1,105,,218313,9,0,5 11 12 9,1,100,,218314,9,0,5 11 12 9,1,30,,218315,9,0,5 11 12 9,1,70,,218316,9,0,5 11 12 9,1,30,,218317,9,0,5 11 12 9,1,70,,218318,9,0,5 11 12 9,1,99,,218319,9,0,5 11 12 9,1,193,,218320,9,0,5 11 12 9,1
9600,'20260828',622,,218321,9,0,5 11 12 9,1,90,,218322,9,0,5 11 12 9,1,95,,218323,9,0,5 11 12 9,1,100,,218324,9,0,5 11 12 9,1,110,,218325,9,0,5 11 12 9,1,195,,218326,9,0,5 11 12 9,1,201,,218327,9,0,5 11 12 9,1,105,,218328,9,0,5 11 12 9,1,100,,218329,9,0,5 11 12 9,1,30,,218330,9,0,5 11 12 9,1,70,,218331,9,0,5 11 12 9,1,30,,218332,9,0,5 11 12 9,1,70,,218333,9,0,5 11 12 9,1,99,,218334,9,0,5 11 12 9,1,193,,218335,9,0,5 11 12 9,1
9600,'20260829',815,,218336,9,0,96 11 12 9,1,202,,218337,9,0,96 11 12 9,1,200,,218338,9,0,96 11 12 9,1,100,,218339,9,0,96 11 12 9,1,100,,218340,9,0,96 11 12 9,1,100,,218341,9,0,96 11 12 9,1,100,,218342,9,0,96 11 12 9,1,100,,218343,9,0,96 11 12 9,1,100,,218344,9,0,96 11 12 9,1,200,,218345,9,0,96 11 12 9,1,198,,218346,9,0,5 11 12 9,1
9600,'20260830',815,,218347,9,0,96 11 12 9,1,202,,218348,9,0,96 11 12 9,1,200,,218349,9,0,96 11 12 9,1,100,,218350,9,0,96 11 12 9,1,100,,218351,9,0,96 11 12 9,1,100,,218352,9,0,96 11 12 9,1,100,,218353,9,0,96 11 12 9,1,100,,218354,9,0,96 11 12 9,1,100,,218355,9,0,96 11 12 9,1,200,,218356,9,0,96 11 12 9,1,198,,218357,9,0,5 11 12 9,1
9600,'20260831',622,,218358,9,0,5 11 12 9,1,90,,218359,9,0,5 11 12 9,1,95,,218360,9,0,5 11 12 9,1,35,,218361,9,0,5 11 12 9,1,65,,218362,9,0,5 11 12 9,1,110,,218363,9,0,5 11 12 9,1,195,,218364,9,0,5 11 12 9,1,201,,218365,9,0,5 11 12 9,1,105,,218366,9,0,5 11 12 9,1,100,,218367,9,0,5 11 12 9,1,30,,218368,9,0,5 11 12 9,1,70,,218369,9,0,5 11 12 9,1,30,,218370,9,0,5 11 12 9,1,70,,218371,9,0,5 11 12 9,1,99,,218372,9,0,5 11 12 9,1,193,,218373,9,0,5 11 12 9,1
9600,'20260901',622,,218374,9,0,5 11 12 9,1,90,,218375,9,0,5 11 12 9,1,95,,218376,9,0,5 11 12 9,1,35,,218377,9,0,5 11 12 9,1,65,,218378,9,0,5 11 12 9,1,110,,218379,9,0,5 11 12 9,1,195,,218380,9,0,5 11 12 9,1,201,,218381,9,0,5 11 12 9,1,105,,218382,9,0,5 11 12 9,1,100,,218383,9,0,5 11 12 9,1,30,,218384,9,0,5 11 12 9,1,70,,218385,9,0,5 11 12 9,1,30,,218386,9,0,5 11 12 9,1,70,,218387,9,0,5 11 12 9,1,99,,218388,9,0,5 11 12 9,1,193,,218389,9,0,5 11 12 9,1
9600,'20260902',622,,218390,9,0,5 11 12 9,1,90,,218391,9,0,5 11 12 9,1,95,,218392,9,0,5 11 12 9,1,35,,218393,9,0,5 11 12 9,1,65,,218394,9,0,5 11 12 9,1,110,,218395,9,0,5 11 12 9,1,195,,218396,9,0,5 11 12 9,1,201,,218397,9,0,5 11 12 9,1,105,,218398,9,0,5 11 12 9,1,100,,218399,9,0,5 11 12 9,1,30,,218400,9,0,5 11 12 9,1,70,,218401,9,0,5 11 12 9,1,30,,218402,9,0,5 11 12 9,1,70,,218403,9,0,5 11 12 9,1,99,,218404,9,0,5 11 12 9,1,193,,218405,9,0,5 11 12 9,1
9600,'20260903',622,,218406,9,0,5 11 12 9,1,90,,218407,9,0,5 11 12 9,1,95,,218408,9,0,5 11 12 9,1,35,,218409,9,0,5 11 12 9,1,65,,218410,9,0,5 11 12 9,1,110,,218411,9,0,5 11 12 9,1,195,,218412,9,0,5 11 12 9,1,201,,218413,9,0,5 11 12 9,1,105,,218414,9,0,5 11 12 9,1,100,,218415,9,0,5 11 12 9,1,30,,218416,9,0,5 11 12 9,1,70,,218417,9,0,5 11 12 9,1,30,,218418,9,0,5 11 12 9,1,70,,218419,9,0,5 11 12 9,1,99,,218420,9,0,5 11 12 9,1,193,,218421,9,0,5 11 12 9,1
9600,'20260904',622,,218422,9,0,5 11 12 9,1,90,,218423,9,0,5 11 12 9,1,95,,218424,9,0,5 11 12 9,1,100,,218425,9,0,5 11 12 9,1,110,,218426,9,0,5 11 12 9,1,195,,218427,9,0,5 11 12 9,1,201,,218428,9,0,5 11 12 9,1,105,,218429,9,0,5 11 12 9,1,100,,218430,9,0,5 11 12 9,1,30,,218431,9,0,5 11 12 9,1,70,,218432,9,0,5 11 12 9,1,30,,218433,9,0,5 11 12 9,1,70,,218434,9,0,5 11 12 9,1,99,,218435,9,0,5 11 12 9,1,193,,218436,9,0,5 11 12 9,1
