6101,'20260409',529,,49918,19,,,1,415,,49919,19,,,1,102,,49920,19,,,1,100,,49921,19,,,1,100,,49922,19,,,1,100,,49923,19,,,1
6101,'20260410',529,,49924,19,,,1,415,,49925,19,,,1,102,,49926,19,,,1,100,,49927,19,,,1,100,,49928,19,,,1,100,,49929,19,,,1
6101,'20260413',529,,49930,19,,,1,415,,49931,19,,,1,102,,49932,19,,,1,100,,49933,19,,,1,100,,49934,19,,,1,100,,49935,19,,,1
6101,'20260414',529,,49936,19,,,1,415,,49937,19,,,1,102,,49938,19,,,1,100,,49939,19,,,1,100,,49940,19,,,1,100,,49941,19,,,1
6101,'20260415',529,,49942,19,,,1,415,,49943,19,,,1,102,,49944,19,,,1,100,,49945,19,,,1,100,,49946,19,,,1,100,,49947,19,,,1
6101,'20260416',529,,49948,19,,,1,415,,49949,19,,,1,102,,49950,19,,,1,100,,49951,19,,,1,100,,49952,19,,,1,100,,49953,19,,,1
6101,'20260417',529,,49954,19,,,1,415,,49955,19,,,1,102,,49956,19,,,1,100,,49957,19,,,1,100,,49958,19,,,1,100,,49959,19,,,1
6101,'20260420',529,,49960,19,,,1,415,,49961,19,,,1,102,,49962,19,,,1,100,,49963,19,,,1,100,,49964,19,,,1,100,,49965,19,,,1
6101,'20260421',529,,49966,19,,,1,415,,49967,19,,,1,102,,49968,19,,,1,100,,49969,19,,,1,100,,49970,19,,,1,100,,49971,19,,,1
6101,'20260422',529,,49972,19,,,1,415,,49973,19,,,1,102,,49974,19,,,1,100,,49975,19,,,1,100,,49976,19,,,1,100,,49977,19,,,1
6101,'20260423',529,,49978,19,,,1,415,,49979,19,,,1,102,,49980,19,,,1,100,,49981,19,,,1,100,,49982,19,,,1,100,,49983,19,,,1
6101,'20260424',529,,49984,19,,,1,415,,49985,19,,,1,102,,49986,19,,,1,100,,49987,19,,,1,100,,49988,19,,,1,100,,49989,19,,,1
